# unix_time, cycles_done, cur_path, paths_total, pending_total, pending_favs, map_size, unique_crashes, unique_hangs, max_depth, execs_per_sec
1747817516, 0, 0, 1, 1, 1, 3.78%, 0, 0, 1, 54.79
1747817521, 0, 0, 20, 20, 1, 4.95%, 0, 0, 2, 51.29
1747817526, 0, 0, 39, 39, 1, 4.96%, 0, 0, 2, 48.45
1747817531, 0, 0, 56, 56, 1, 4.97%, 0, 0, 2, 47.69
1747817537, 0, 0, 71, 71, 1, 4.97%, 0, 0, 2, 48.27
1747817542, 0, 0, 83, 83, 1, 4.97%, 0, 0, 2, 48.78
1747817547, 0, 0, 91, 91, 1, 4.97%, 0, 0, 2, 49.83
1747817552, 0, 0, 99, 99, 1, 4.97%, 0, 0, 2, 49.88
1747817557, 0, 0, 109, 109, 1, 4.97%, 0, 0, 2, 48.80
1747817562, 0, 0, 117, 117, 1, 4.97%, 0, 0, 2, 49.90
1747817567, 0, 0, 126, 126, 1, 4.98%, 0, 0, 2, 49.01
1747817572, 0, 0, 135, 135, 1, 4.98%, 0, 0, 2, 48.12
1747817577, 0, 0, 140, 140, 1, 4.98%, 0, 0, 2, 50.79
1747817582, 0, 0, 146, 146, 1, 4.98%, 0, 0, 2, 50.80
1747817588, 0, 0, 150, 150, 1, 4.99%, 0, 0, 2, 51.02
1747817593, 0, 0, 156, 156, 1, 4.99%, 0, 0, 2, 50.72
1747817598, 0, 0, 161, 161, 1, 4.99%, 0, 0, 2, 50.61
1747817603, 0, 0, 165, 165, 1, 4.99%, 0, 0, 2, 50.96
1747817608, 0, 0, 167, 167, 1, 4.99%, 0, 0, 2, 52.47
1747817613, 0, 0, 168, 168, 1, 4.99%, 0, 0, 2, 54.17
1747817618, 0, 0, 169, 169, 1, 4.99%, 0, 0, 2, 53.39
1747817623, 0, 0, 175, 175, 1, 4.99%, 0, 0, 2, 50.69
1747817628, 0, 0, 181, 181, 1, 4.99%, 0, 0, 2, 50.69
1747817633, 0, 0, 186, 186, 1, 4.99%, 0, 0, 2, 51.97
1747817638, 0, 0, 187, 187, 1, 4.99%, 0, 0, 2, 53.49
1747817649, 0, 0, 189, 189, 1, 4.99%, 0, 0, 2, 53.25
1747817654, 0, 0, 192, 192, 1, 4.99%, 0, 0, 2, 52.48
1747817659, 0, 0, 196, 196, 1, 4.99%, 0, 0, 2, 51.79
1747817664, 0, 0, 198, 198, 1, 4.99%, 0, 0, 2, 52.73
1747817669, 0, 0, 200, 200, 1, 4.99%, 0, 0, 2, 53.61
1747817674, 0, 0, 203, 203, 1, 4.99%, 0, 0, 2, 51.28
1747817679, 0, 0, 204, 204, 1, 4.99%, 0, 0, 2, 53.54
1747817684, 0, 0, 206, 206, 1, 4.99%, 0, 0, 2, 53.51
1747817689, 0, 0, 208, 208, 1, 4.99%, 0, 0, 2, 52.64
1747817694, 0, 0, 210, 210, 1, 4.99%, 0, 0, 2, 53.23
1747817699, 0, 0, 212, 212, 1, 4.99%, 0, 0, 2, 53.06
1747817704, 0, 0, 213, 213, 1, 4.99%, 0, 0, 2, 53.00
1747817709, 0, 0, 217, 217, 1, 5.00%, 0, 0, 2, 52.04
1747817724, 0, 0, 218, 218, 1, 5.00%, 0, 0, 2, 53.61
1747817729, 0, 0, 219, 219, 1, 5.00%, 0, 0, 2, 53.98
1747817734, 0, 0, 220, 220, 1, 5.00%, 0, 0, 2, 53.63
1747817745, 0, 0, 221, 221, 1, 5.00%, 0, 0, 2, 53.94
1747817750, 0, 0, 222, 222, 1, 5.00%, 0, 0, 2, 53.62
1747817760, 0, 0, 225, 225, 1, 5.00%, 0, 0, 2, 53.20
1747817765, 0, 0, 226, 226, 1, 5.00%, 0, 0, 2, 53.87
1747817775, 0, 0, 227, 227, 1, 5.00%, 0, 0, 2, 53.79
1747817780, 0, 0, 228, 228, 1, 5.00%, 0, 0, 2, 53.59
1747817790, 0, 0, 229, 229, 1, 5.00%, 0, 0, 2, 53.24
1747817805, 0, 0, 230, 230, 1, 5.00%, 0, 0, 2, 53.11
1747817816, 0, 0, 231, 231, 1, 5.00%, 0, 0, 2, 52.95
1747817831, 0, 0, 232, 232, 1, 5.00%, 0, 0, 2, 52.61
1747817851, 0, 0, 233, 233, 1, 5.00%, 0, 0, 2, 53.20
1747817867, 0, 1, 238, 237, 14, 5.00%, 0, 0, 2, 48.18
1747817872, 0, 1, 252, 251, 14, 5.04%, 0, 0, 2, 37.87
1747817877, 0, 1, 262, 261, 14, 5.04%, 0, 0, 2, 36.10
1747817882, 0, 1, 271, 270, 14, 5.06%, 0, 0, 2, 35.35
1747817887, 0, 1, 278, 277, 14, 5.06%, 0, 0, 2, 35.54
1747817893, 0, 1, 287, 286, 14, 5.06%, 0, 0, 2, 34.51
1747817898, 0, 1, 291, 290, 14, 5.06%, 0, 0, 2, 35.73
1747817903, 0, 1, 296, 295, 14, 5.06%, 0, 0, 2, 36.31
1747817908, 0, 1, 299, 298, 14, 5.06%, 0, 0, 2, 36.13
1747817913, 0, 1, 303, 302, 14, 5.06%, 0, 0, 2, 44.78
1747817918, 0, 1, 308, 307, 14, 5.06%, 0, 0, 2, 59.21
1747817923, 0, 1, 309, 308, 14, 5.06%, 0, 0, 2, 62.57
1747817929, 0, 1, 314, 313, 14, 5.06%, 0, 0, 2, 61.93
1747817939, 0, 1, 316, 315, 14, 5.06%, 0, 0, 2, 63.10
1747817944, 0, 1, 317, 316, 14, 5.06%, 0, 0, 2, 62.85
1747817949, 0, 1, 319, 318, 14, 5.06%, 0, 0, 2, 62.82
1747817954, 0, 1, 323, 322, 14, 5.06%, 0, 0, 2, 61.90
1747817960, 0, 1, 324, 323, 14, 5.06%, 0, 0, 2, 62.11
1747817965, 0, 2, 334, 333, 12, 5.07%, 0, 0, 2, 56.01
1747817970, 0, 2, 349, 348, 12, 5.08%, 0, 0, 2, 49.25
1747817975, 0, 2, 364, 363, 12, 5.08%, 0, 0, 2, 47.16
1747817980, 0, 2, 377, 376, 12, 5.08%, 0, 0, 2, 46.86
1747817985, 0, 2, 388, 387, 12, 5.08%, 0, 0, 2, 47.50
1747817990, 0, 2, 395, 394, 12, 5.08%, 0, 0, 2, 47.17
1747817995, 0, 2, 402, 401, 12, 5.08%, 0, 0, 2, 48.64
1747818000, 0, 2, 406, 405, 12, 5.08%, 0, 0, 2, 48.72
1747818005, 0, 2, 411, 410, 12, 5.11%, 0, 0, 2, 48.45
1747818011, 0, 2, 417, 416, 12, 5.11%, 0, 0, 2, 48.54
1747818016, 0, 2, 421, 420, 12, 5.11%, 0, 0, 2, 48.53
1747818021, 0, 2, 424, 423, 12, 5.11%, 0, 0, 2, 48.28
1747818026, 0, 2, 428, 427, 12, 5.11%, 0, 0, 2, 48.06
1747818031, 0, 2, 430, 429, 12, 5.11%, 0, 0, 2, 48.88
1747818036, 0, 2, 433, 432, 12, 5.11%, 0, 0, 2, 48.80
1747818041, 0, 2, 436, 435, 12, 5.11%, 0, 0, 2, 47.97
1747818046, 0, 2, 439, 438, 12, 5.11%, 0, 0, 2, 48.19
1747818051, 0, 2, 442, 441, 12, 5.11%, 0, 0, 2, 47.86
1747818062, 0, 2, 445, 444, 12, 5.11%, 0, 0, 2, 48.30
1747818067, 0, 2, 447, 446, 12, 5.11%, 0, 0, 2, 48.84
1747818072, 0, 3, 462, 461, 12, 5.12%, 0, 0, 2, 41.36
1747818077, 0, 3, 480, 479, 12, 5.13%, 0, 0, 2, 37.53
1747818082, 0, 3, 497, 496, 12, 5.21%, 0, 0, 2, 36.26
1747818087, 0, 3, 514, 513, 12, 5.76%, 0, 0, 2, 36.39
1747818092, 0, 3, 526, 525, 12, 6.56%, 0, 0, 2, 36.58
1747818097, 0, 3, 537, 536, 12, 6.58%, 0, 0, 2, 35.98
1747818103, 0, 3, 547, 546, 12, 6.58%, 0, 0, 2, 36.54
1747818108, 0, 3, 555, 554, 12, 6.60%, 0, 0, 2, 36.57
1747818113, 0, 3, 564, 563, 12, 6.61%, 0, 0, 2, 37.00
1747818118, 0, 3, 567, 566, 12, 6.63%, 0, 0, 2, 36.46
1747818123, 0, 3, 569, 568, 12, 6.63%, 0, 0, 2, 36.64
1747818129, 0, 3, 575, 574, 12, 6.63%, 0, 0, 2, 36.75
1747818134, 0, 3, 580, 579, 12, 6.63%, 0, 0, 2, 36.67
1747818139, 0, 3, 587, 586, 12, 6.63%, 0, 0, 2, 36.50
1747818144, 0, 3, 592, 591, 12, 6.63%, 0, 0, 2, 35.86
1747818149, 0, 3, 596, 595, 12, 6.65%, 0, 0, 2, 36.26
1747818154, 0, 3, 600, 599, 12, 6.65%, 0, 0, 2, 36.86
1747818159, 0, 3, 602, 601, 12, 6.76%, 0, 0, 2, 36.92
1747818164, 0, 3, 606, 605, 12, 6.76%, 0, 0, 2, 36.06
1747818170, 0, 3, 609, 608, 12, 6.76%, 0, 0, 2, 35.96
1747818175, 0, 3, 612, 611, 12, 6.76%, 0, 0, 2, 36.97
1747818180, 0, 3, 613, 612, 12, 6.76%, 0, 0, 2, 37.08
1747818185, 0, 3, 614, 613, 12, 6.76%, 0, 0, 2, 37.26
1747818190, 0, 3, 618, 617, 12, 6.77%, 0, 0, 2, 36.69
1747818195, 0, 3, 621, 620, 12, 6.77%, 0, 0, 2, 37.04
1747818200, 0, 3, 623, 622, 12, 6.77%, 0, 0, 2, 36.23
1747818211, 0, 3, 626, 625, 12, 6.77%, 0, 0, 2, 36.41
1747818216, 0, 3, 628, 627, 12, 6.77%, 0, 0, 2, 36.96
1747818221, 0, 5, 633, 632, 15, 6.85%, 0, 0, 2, 34.99
1747818226, 0, 5, 647, 646, 15, 6.85%, 0, 0, 2, 32.01
1747818231, 0, 5, 658, 657, 15, 6.93%, 0, 0, 2, 30.91
1747818236, 0, 5, 666, 665, 15, 6.94%, 0, 0, 2, 30.82
1747818241, 0, 5, 674, 673, 15, 6.94%, 0, 0, 2, 31.43
1747818247, 0, 5, 683, 682, 15, 6.94%, 0, 0, 2, 31.05
1747818252, 0, 5, 688, 687, 15, 6.94%, 0, 0, 2, 31.42
1747818257, 0, 5, 697, 696, 15, 6.94%, 0, 0, 2, 31.43
1747818262, 0, 5, 704, 703, 15, 6.94%, 0, 0, 2, 30.73
1747818267, 0, 5, 712, 711, 15, 6.94%, 0, 0, 2, 30.86
1747818272, 0, 5, 718, 717, 15, 6.95%, 0, 0, 2, 30.77
1747818277, 0, 5, 725, 724, 15, 6.95%, 0, 0, 2, 30.98
1747818282, 0, 5, 730, 729, 15, 6.95%, 0, 0, 2, 31.48
1747818287, 0, 5, 734, 733, 15, 6.95%, 0, 0, 2, 29.58
1747818292, 0, 5, 737, 736, 15, 6.95%, 0, 0, 2, 30.95
1747818297, 0, 5, 741, 740, 15, 6.95%, 0, 0, 2, 31.44
1747818302, 0, 5, 745, 744, 15, 6.95%, 0, 0, 2, 30.92
1747818307, 0, 5, 749, 748, 15, 6.95%, 0, 0, 2, 30.57
1747818313, 0, 5, 752, 751, 15, 6.96%, 0, 0, 2, 30.99
1747818318, 0, 5, 757, 756, 15, 6.96%, 0, 0, 2, 30.66
1747818323, 0, 5, 762, 761, 15, 6.99%, 0, 0, 2, 30.77
1747818328, 0, 5, 766, 765, 15, 6.99%, 0, 0, 2, 30.44
1747818333, 0, 5, 767, 766, 15, 6.99%, 0, 0, 2, 30.64
1747818338, 0, 5, 768, 767, 15, 6.99%, 0, 0, 2, 30.81
1747818343, 0, 5, 769, 768, 15, 6.99%, 0, 0, 2, 31.12
1747818348, 0, 5, 770, 769, 15, 6.99%, 0, 0, 2, 31.27
1747818353, 0, 5, 771, 770, 15, 6.99%, 0, 0, 2, 30.88
1747818359, 0, 5, 773, 772, 15, 6.99%, 0, 0, 2, 31.00
1747818364, 0, 5, 774, 773, 15, 6.99%, 0, 0, 2, 31.23
1747818369, 0, 5, 775, 774, 15, 6.99%, 0, 0, 2, 30.82
1747818374, 0, 5, 776, 775, 15, 6.99%, 0, 0, 2, 31.39
1747818379, 0, 5, 777, 776, 15, 6.99%, 0, 0, 2, 31.02
1747818384, 0, 5, 780, 779, 15, 6.99%, 0, 0, 2, 31.47
1747818394, 0, 6, 781, 780, 15, 6.99%, 0, 0, 2, 31.50
1747818399, 0, 7, 789, 788, 15, 7.00%, 0, 0, 2, 30.04
1747818404, 0, 7, 795, 794, 15, 7.20%, 0, 0, 2, 29.47
1747818410, 0, 7, 798, 797, 15, 7.20%, 0, 0, 2, 29.70
1747818415, 0, 7, 800, 799, 15, 7.20%, 0, 0, 2, 29.76
1747818420, 0, 7, 802, 801, 15, 7.20%, 0, 0, 2, 29.80
1747818425, 0, 7, 803, 802, 15, 7.20%, 0, 0, 2, 29.97
1747818430, 0, 7, 804, 803, 15, 7.20%, 0, 0, 2, 29.89
1747818435, 0, 7, 805, 804, 15, 7.20%, 0, 0, 2, 29.75
1747818445, 0, 7, 806, 805, 15, 7.20%, 0, 0, 2, 29.76
1747818461, 0, 7, 807, 806, 15, 7.20%, 0, 0, 2, 29.73
1747818466, 0, 7, 809, 808, 15, 7.20%, 0, 0, 2, 29.72
1747818471, 0, 7, 811, 810, 15, 7.20%, 0, 0, 2, 29.73
1747818476, 0, 7, 812, 811, 15, 7.20%, 0, 0, 2, 30.26
1747818481, 0, 7, 814, 813, 15, 7.20%, 0, 0, 2, 29.72
1747818491, 0, 7, 816, 815, 15, 7.20%, 0, 0, 2, 29.61
1747818501, 0, 7, 817, 816, 15, 7.20%, 0, 0, 2, 29.75
1747818506, 0, 7, 819, 818, 15, 7.20%, 0, 0, 2, 29.97
1747818512, 0, 7, 820, 819, 15, 7.20%, 0, 0, 2, 29.82
1747818517, 0, 7, 821, 820, 15, 7.20%, 0, 0, 2, 30.14
1747818522, 0, 7, 822, 821, 15, 7.20%, 0, 0, 2, 29.76
1747818527, 0, 7, 824, 823, 15, 7.24%, 0, 0, 2, 29.47
1747818532, 0, 7, 826, 825, 15, 7.24%, 0, 0, 2, 29.51
1747818537, 0, 7, 827, 826, 15, 7.24%, 0, 0, 2, 29.55
1747818543, 0, 7, 828, 827, 15, 7.24%, 0, 0, 2, 29.90
1747818548, 0, 8, 833, 832, 16, 7.24%, 0, 0, 2, 29.25
1747818553, 0, 8, 839, 838, 16, 7.27%, 0, 0, 2, 28.93
1747818558, 0, 8, 844, 843, 16, 7.27%, 0, 0, 2, 28.54
1747818563, 0, 8, 845, 844, 16, 7.28%, 0, 0, 2, 28.34
1747818568, 0, 8, 847, 846, 16, 7.28%, 0, 0, 2, 28.40
1747818573, 0, 8, 848, 847, 16, 7.28%, 0, 0, 2, 29.02
1747818578, 0, 8, 849, 848, 16, 7.28%, 0, 0, 2, 28.96
1747818583, 0, 8, 851, 850, 16, 7.28%, 0, 0, 2, 28.87
1747818588, 0, 8, 853, 852, 16, 7.28%, 0, 0, 2, 28.86
1747818593, 0, 8, 855, 854, 16, 7.28%, 0, 0, 2, 29.06
1747818598, 0, 8, 856, 855, 16, 7.28%, 0, 0, 2, 29.18
1747818603, 0, 8, 858, 857, 16, 7.28%, 0, 0, 2, 28.80
1747818614, 0, 8, 859, 858, 16, 7.28%, 0, 0, 2, 28.98
1747818619, 0, 8, 861, 860, 16, 7.28%, 0, 0, 2, 28.50
1747818629, 0, 8, 864, 863, 16, 7.28%, 0, 0, 2, 28.39
1747818644, 0, 8, 865, 864, 16, 7.28%, 0, 0, 2, 29.27
1747818660, 0, 8, 868, 867, 16, 7.28%, 0, 0, 2, 28.32
1747818665, 0, 8, 869, 868, 16, 7.28%, 0, 0, 2, 28.26
1747818670, 0, 8, 870, 869, 16, 7.28%, 0, 0, 2, 28.53
1747818675, 0, 8, 871, 870, 16, 7.28%, 0, 0, 2, 28.82
1747818680, 0, 8, 872, 871, 16, 7.28%, 0, 0, 2, 28.60
1747818690, 0, 8, 873, 872, 16, 7.28%, 0, 0, 2, 28.79
1747818705, 0, 9, 877, 876, 19, 7.28%, 0, 0, 2, 28.06
1747818710, 0, 9, 878, 877, 19, 7.29%, 0, 0, 2, 27.92
1747818721, 0, 9, 879, 878, 19, 7.29%, 0, 0, 2, 28.25
1747818731, 0, 9, 880, 879, 19, 7.29%, 0, 0, 2, 28.23
1747818736, 0, 9, 881, 880, 19, 7.29%, 0, 0, 2, 28.03
1747818741, 0, 9, 883, 882, 19, 7.29%, 0, 0, 2, 27.99
1747818746, 0, 9, 884, 883, 19, 7.29%, 0, 0, 2, 27.96
1747818756, 0, 9, 885, 884, 19, 7.29%, 0, 0, 2, 28.45
1747818767, 0, 9, 886, 885, 19, 7.29%, 0, 0, 2, 28.00
1747818772, 0, 9, 887, 886, 19, 7.29%, 0, 0, 2, 28.08
1747818787, 0, 9, 888, 887, 19, 7.29%, 0, 0, 2, 28.38
1747818803, 0, 9, 889, 888, 19, 7.29%, 0, 0, 2, 28.22
1747818808, 0, 9, 890, 889, 19, 7.29%, 0, 0, 2, 28.19
1747818854, 0, 10, 891, 890, 19, 7.29%, 0, 0, 2, 27.87
1747818859, 0, 10, 893, 892, 19, 7.29%, 0, 0, 2, 27.46
1747818869, 0, 10, 894, 893, 19, 7.29%, 0, 0, 2, 27.48
1747818874, 0, 10, 895, 894, 19, 7.29%, 0, 0, 2, 27.72
1747818880, 0, 10, 896, 895, 19, 7.29%, 0, 0, 2, 27.38
1747818910, 0, 10, 897, 896, 19, 7.29%, 0, 0, 2, 27.87
1747818915, 0, 10, 898, 897, 19, 7.29%, 0, 0, 2, 27.68
1747818926, 0, 10, 900, 899, 19, 7.29%, 0, 0, 2, 27.61
1747818971, 0, 10, 901, 900, 19, 7.29%, 0, 0, 2, 27.79
1747818982, 0, 10, 902, 901, 19, 7.29%, 0, 0, 2, 27.77
1747818987, 0, 10, 903, 902, 19, 7.30%, 0, 0, 2, 28.02
1747819002, 0, 11, 903, 902, 19, 7.30%, 0, 0, 2, 28.14
1747819008, 0, 12, 903, 902, 19, 7.30%, 0, 0, 2, 29.49
1747819013, 0, 13, 903, 902, 19, 7.30%, 0, 0, 2, 58.50
1747819084, 0, 14, 903, 901, 19, 7.30%, 0, 0, 2, 47.46
1747819089, 0, 18, 903, 901, 19, 7.30%, 0, 0, 2, 34.77
1747819094, 0, 18, 905, 903, 19, 7.30%, 0, 0, 3, 28.60
1747819109, 0, 20, 905, 903, 18, 7.30%, 0, 0, 3, 28.24
1747819114, 0, 22, 905, 903, 18, 7.30%, 0, 0, 3, 29.30
1747819119, 0, 23, 905, 903, 18, 7.30%, 0, 0, 3, 28.06
1747819124, 0, 23, 907, 905, 18, 7.30%, 0, 0, 3, 27.25
1747819129, 0, 23, 908, 906, 18, 7.30%, 0, 0, 3, 26.96
1747819134, 0, 23, 909, 907, 18, 7.30%, 0, 0, 3, 26.90
1747819145, 0, 23, 911, 909, 18, 7.30%, 0, 0, 3, 26.57
1747819160, 0, 23, 912, 910, 18, 7.30%, 0, 0, 3, 27.17
1747819165, 0, 23, 913, 911, 18, 7.30%, 0, 0, 3, 26.96
1747819180, 0, 23, 915, 913, 18, 7.33%, 0, 0, 3, 26.72
1747819200, 0, 23, 916, 914, 18, 7.33%, 0, 0, 3, 26.91
1747819206, 0, 23, 917, 915, 18, 7.33%, 0, 0, 3, 27.02
1747819211, 0, 23, 920, 918, 18, 7.33%, 0, 0, 3, 26.83
1747819221, 0, 23, 921, 919, 18, 7.33%, 0, 0, 3, 27.32
1747819236, 0, 23, 922, 920, 18, 7.33%, 0, 0, 3, 26.91
1747819246, 0, 23, 923, 921, 18, 7.33%, 0, 0, 3, 27.25
1747819277, 0, 24, 923, 921, 18, 7.33%, 0, 0, 3, 29.97
1747819282, 0, 26, 923, 921, 18, 7.33%, 0, 0, 3, 31.13
1747819287, 0, 27, 923, 921, 18, 7.33%, 0, 0, 3, 31.20
1747819292, 0, 28, 927, 925, 18, 7.34%, 0, 0, 3, 28.29
1747819312, 0, 28, 928, 926, 18, 7.34%, 0, 0, 3, 26.67
1747819317, 0, 28, 929, 927, 18, 7.35%, 0, 0, 3, 26.57
1747819328, 0, 28, 930, 928, 18, 7.35%, 0, 0, 3, 26.54
1747819373, 0, 28, 931, 929, 18, 7.35%, 0, 0, 3, 15.56
1747819394, 0, 28, 932, 930, 18, 7.35%, 0, 0, 3, 15.71
1747819409, 0, 28, 933, 931, 18, 7.35%, 0, 0, 3, 15.70
1747819414, 0, 28, 934, 932, 18, 7.35%, 0, 0, 3, 15.36
1747819430, 0, 28, 935, 933, 18, 7.35%, 0, 0, 3, 15.64
1747819445, 0, 28, 936, 934, 18, 7.35%, 0, 0, 3, 15.49
1747819471, 0, 28, 937, 935, 18, 7.35%, 0, 0, 3, 15.62
1747819476, 0, 28, 938, 936, 18, 7.35%, 0, 0, 3, 15.71
1747819481, 0, 28, 939, 937, 18, 7.35%, 0, 0, 3, 15.47
1747819491, 0, 28, 940, 938, 18, 7.35%, 0, 0, 3, 15.77
1747819507, 0, 28, 941, 939, 18, 7.35%, 0, 0, 3, 15.64
1747819517, 0, 28, 942, 940, 18, 7.35%, 0, 0, 3, 15.55
1747819522, 0, 28, 943, 941, 18, 7.35%, 0, 0, 3, 15.82
1747819527, 0, 29, 943, 941, 20, 7.35%, 0, 0, 3, 18.04
1747819533, 0, 30, 943, 941, 20, 7.35%, 0, 0, 3, 17.61
1747819538, 0, 32, 943, 941, 20, 7.35%, 0, 0, 3, 17.51
1747819543, 0, 32, 944, 942, 20, 7.35%, 0, 0, 3, 18.02
1747819553, 0, 33, 944, 942, 20, 7.35%, 0, 0, 3, 17.72
1747819563, 0, 34, 944, 942, 20, 7.35%, 0, 0, 3, 18.18
1747819568, 0, 35, 944, 942, 20, 7.35%, 0, 0, 3, 18.22
1747819573, 0, 36, 944, 942, 20, 7.35%, 0, 0, 3, 17.80
1747819578, 0, 36, 945, 943, 20, 7.35%, 0, 0, 3, 15.94
1747819589, 0, 36, 947, 945, 20, 7.35%, 0, 0, 3, 15.54
1747819594, 0, 36, 948, 946, 20, 7.36%, 0, 0, 3, 15.52
1747819599, 0, 36, 949, 947, 20, 7.36%, 0, 0, 3, 15.37
1747819604, 0, 36, 950, 948, 20, 7.36%, 0, 0, 3, 15.51
1747819619, 0, 36, 951, 949, 20, 7.36%, 0, 0, 3, 15.31
1747819630, 0, 36, 952, 950, 20, 7.36%, 0, 0, 3, 15.43
1747819665, 0, 36, 953, 951, 20, 7.36%, 0, 0, 3, 15.54
1747819670, 0, 36, 954, 952, 20, 7.37%, 0, 0, 3, 15.38
1747819681, 0, 36, 955, 953, 20, 7.37%, 0, 0, 3, 15.30
1747819701, 0, 36, 956, 954, 20, 7.37%, 0, 0, 3, 15.52
1747819706, 0, 36, 957, 955, 20, 7.37%, 0, 0, 3, 15.37
1747819717, 0, 36, 958, 956, 20, 7.44%, 0, 0, 3, 15.24
1747819722, 0, 36, 959, 957, 20, 7.44%, 0, 0, 3, 15.33
1747819789, 0, 36, 960, 958, 20, 7.44%, 0, 0, 3, 15.49
1747819845, 0, 38, 960, 958, 21, 7.44%, 0, 0, 3, 15.78
1747819850, 0, 38, 961, 959, 21, 7.45%, 0, 0, 3, 20.53
1747819855, 0, 38, 962, 960, 21, 7.45%, 0, 0, 3, 24.37
1747819860, 0, 38, 964, 962, 21, 7.50%, 0, 0, 3, 24.91
1747819870, 0, 38, 965, 963, 21, 7.50%, 0, 0, 3, 25.67
1747819891, 0, 38, 966, 964, 21, 7.50%, 0, 0, 3, 25.83
1747819896, 0, 38, 967, 965, 21, 7.51%, 0, 0, 3, 25.49
1747819911, 0, 38, 969, 967, 21, 7.51%, 0, 0, 3, 25.71
1747819916, 0, 38, 971, 969, 21, 7.51%, 0, 0, 3, 25.72
1747819926, 0, 38, 972, 970, 21, 7.51%, 0, 0, 3, 25.95
1747819936, 0, 38, 973, 971, 21, 7.51%, 0, 0, 3, 25.74
1747819967, 0, 38, 974, 972, 21, 7.51%, 0, 0, 3, 26.72
1747819998, 0, 38, 975, 973, 21, 7.51%, 0, 0, 3, 25.96
1747820008, 0, 39, 976, 974, 25, 7.51%, 0, 0, 3, 25.93
1747820013, 0, 39, 979, 977, 25, 7.51%, 0, 0, 3, 25.09
1747820023, 0, 39, 980, 978, 25, 7.51%, 0, 0, 3, 25.65
1747820028, 0, 39, 982, 980, 25, 7.51%, 0, 0, 3, 24.95
1747820043, 0, 39, 983, 981, 25, 7.53%, 0, 0, 3, 25.63
1747820054, 0, 39, 984, 982, 25, 7.53%, 0, 0, 3, 25.63
1747820059, 0, 39, 987, 985, 25, 7.53%, 0, 0, 3, 25.36
1747820064, 0, 39, 988, 986, 25, 7.53%, 0, 0, 3, 25.22
1747820069, 0, 39, 989, 987, 25, 7.53%, 0, 0, 3, 25.84
1747820074, 0, 39, 990, 988, 25, 7.53%, 0, 0, 3, 25.67
1747820079, 0, 39, 991, 989, 25, 7.53%, 0, 0, 3, 25.85
1747820084, 0, 39, 992, 990, 25, 7.53%, 0, 0, 3, 25.89
1747820095, 0, 39, 993, 991, 25, 7.53%, 0, 0, 3, 25.76
1747820176, 0, 40, 995, 993, 24, 7.53%, 0, 0, 3, 25.52
1747820181, 0, 40, 996, 994, 24, 7.53%, 0, 0, 3, 25.15
1747820186, 0, 40, 997, 995, 24, 7.53%, 0, 0, 3, 25.09
1747820197, 0, 40, 998, 996, 24, 7.53%, 0, 0, 3, 25.25
1747820207, 0, 40, 1000, 998, 24, 7.53%, 0, 0, 3, 24.72
1747820217, 0, 40, 1001, 999, 24, 7.53%, 0, 0, 3, 25.07
1747820222, 0, 40, 1002, 1000, 24, 7.54%, 0, 0, 3, 24.63
1747820227, 0, 40, 1004, 1002, 24, 7.54%, 0, 0, 3, 24.68
1747820232, 0, 40, 1005, 1003, 24, 7.54%, 0, 0, 3, 24.88
1747820273, 0, 40, 1006, 1004, 24, 7.54%, 0, 0, 3, 25.26
1747820304, 0, 40, 1007, 1005, 24, 7.54%, 0, 0, 3, 24.92
1747820309, 0, 40, 1008, 1006, 24, 7.54%, 0, 0, 3, 24.68
1747820319, 0, 40, 1009, 1007, 24, 7.54%, 0, 0, 3, 25.12
1747820329, 0, 40, 1010, 1008, 24, 7.54%, 0, 0, 3, 24.57
1747820339, 0, 40, 1011, 1009, 24, 7.54%, 0, 0, 3, 25.07
1747820344, 0, 42, 1012, 1010, 24, 7.54%, 0, 0, 3, 25.63
1747820349, 0, 42, 1013, 1011, 24, 7.54%, 0, 0, 3, 25.41
1747820365, 0, 43, 1013, 1011, 24, 7.54%, 0, 0, 3, 25.04
1747820370, 0, 44, 1014, 1012, 24, 7.54%, 0, 0, 3, 24.23
1747820375, 0, 44, 1016, 1014, 24, 7.55%, 0, 0, 3, 24.02
1747820380, 0, 44, 1017, 1015, 24, 7.55%, 0, 0, 3, 23.84
1747820385, 0, 44, 1020, 1018, 24, 7.55%, 0, 0, 3, 23.52
1747820395, 0, 44, 1023, 1021, 24, 7.55%, 0, 0, 3, 23.72
1747820411, 0, 44, 1024, 1022, 24, 7.55%, 0, 0, 3, 24.36
1747820416, 0, 44, 1025, 1023, 24, 7.55%, 0, 0, 3, 24.22
1747820421, 0, 44, 1026, 1024, 24, 7.55%, 0, 0, 3, 24.41
1747820426, 0, 44, 1029, 1027, 24, 7.55%, 0, 0, 3, 23.23
1747820431, 0, 44, 1030, 1028, 24, 7.55%, 0, 0, 3, 24.12
1747820436, 0, 44, 1031, 1029, 24, 7.55%, 0, 0, 3, 24.62
1747820457, 0, 44, 1032, 1030, 24, 7.55%, 0, 0, 3, 23.82
1747820462, 0, 44, 1033, 1031, 24, 7.55%, 0, 0, 3, 23.81
1747820467, 0, 44, 1034, 1032, 24, 7.59%, 0, 0, 3, 24.20
1747820477, 0, 44, 1035, 1033, 24, 7.59%, 0, 0, 3, 24.09
1747820482, 0, 44, 1036, 1034, 24, 7.59%, 0, 0, 3, 24.34
1747820543, 0, 46, 1036, 1034, 24, 7.59%, 0, 0, 3, 24.62
1747820548, 0, 46, 1037, 1035, 24, 7.59%, 0, 0, 3, 24.33
1747820553, 0, 46, 1038, 1036, 24, 7.59%, 0, 0, 3, 24.48
1747820568, 0, 47, 1038, 1036, 24, 7.59%, 0, 0, 3, 24.92
1747820574, 0, 48, 1040, 1038, 24, 7.60%, 0, 0, 3, 23.35
1747820579, 0, 48, 1041, 1039, 24, 7.60%, 0, 0, 3, 23.54
1747820584, 0, 48, 1043, 1041, 24, 7.60%, 0, 0, 3, 24.00
1747820589, 0, 48, 1044, 1042, 24, 7.60%, 0, 0, 3, 23.66
1747820594, 0, 48, 1046, 1044, 24, 7.60%, 0, 0, 3, 24.51
1747820614, 0, 48, 1047, 1045, 24, 7.60%, 0, 0, 3, 24.42
1747820625, 0, 48, 1048, 1046, 24, 7.60%, 0, 0, 3, 24.10
1747820630, 0, 48, 1049, 1047, 24, 7.60%, 0, 0, 3, 24.37
1747820650, 0, 48, 1050, 1048, 24, 7.60%, 0, 0, 3, 24.18
1747820671, 0, 48, 1051, 1049, 24, 7.60%, 0, 0, 3, 23.48
1747820681, 0, 48, 1052, 1050, 24, 7.60%, 0, 0, 3, 23.90
1747820712, 0, 48, 1053, 1051, 24, 7.60%, 0, 0, 3, 24.50
1747820722, 0, 48, 1055, 1053, 24, 7.60%, 0, 0, 3, 24.57
1747820727, 0, 48, 1056, 1054, 24, 7.60%, 0, 0, 3, 23.03
1747820743, 0, 48, 1057, 1055, 24, 7.60%, 0, 0, 3, 14.29
1747820758, 0, 49, 1057, 1055, 25, 7.60%, 0, 0, 3, 13.99
1747820768, 0, 51, 1057, 1055, 25, 7.60%, 0, 0, 3, 14.54
1747820778, 0, 52, 1057, 1055, 25, 7.60%, 0, 0, 3, 14.36
1747820789, 0, 54, 1059, 1057, 25, 7.60%, 0, 0, 3, 13.44
1747820794, 0, 54, 1060, 1058, 25, 7.60%, 0, 0, 3, 13.70
1747820799, 0, 54, 1061, 1059, 25, 7.60%, 0, 0, 3, 13.59
1747820804, 0, 54, 1063, 1061, 25, 7.60%, 0, 0, 3, 13.11
1747820809, 0, 54, 1064, 1062, 25, 7.60%, 0, 0, 3, 13.54
1747820814, 0, 54, 1066, 1064, 25, 7.61%, 0, 0, 3, 12.95
1747820819, 0, 54, 1068, 1066, 25, 7.61%, 0, 0, 3, 13.22
1747820824, 0, 54, 1069, 1067, 25, 7.61%, 0, 0, 3, 13.56
1747820830, 0, 54, 1071, 1069, 25, 7.61%, 0, 0, 3, 13.16
1747820835, 0, 54, 1074, 1072, 25, 7.61%, 0, 0, 3, 12.94
1747820845, 0, 54, 1076, 1074, 25, 7.61%, 0, 0, 3, 13.47
1747820850, 0, 54, 1077, 1075, 25, 7.61%, 0, 0, 3, 13.42
1747820860, 0, 54, 1078, 1076, 25, 7.61%, 0, 0, 3, 13.24
1747820866, 0, 54, 1079, 1077, 25, 7.61%, 0, 0, 3, 13.11
1747820871, 0, 54, 1080, 1078, 25, 7.61%, 0, 0, 3, 12.96
1747820891, 0, 54, 1081, 1079, 25, 7.61%, 0, 0, 3, 13.31
1747820906, 0, 54, 1082, 1080, 25, 7.61%, 0, 0, 3, 13.82
1747820942, 0, 54, 1083, 1081, 25, 7.61%, 0, 0, 3, 13.63
1747820952, 0, 54, 1084, 1082, 25, 7.61%, 0, 0, 3, 13.36
1747820963, 0, 54, 1085, 1083, 25, 7.61%, 0, 0, 3, 13.71
1747820973, 0, 54, 1087, 1085, 25, 7.61%, 0, 0, 3, 13.59
1747821003, 0, 54, 1088, 1086, 25, 7.61%, 0, 0, 3, 13.64
1747821039, 0, 54, 1089, 1087, 25, 7.61%, 0, 0, 3, 13.55
1747821080, 0, 54, 1090, 1088, 25, 7.61%, 0, 0, 3, 13.43
1747821106, 0, 55, 1090, 1088, 26, 7.61%, 0, 0, 3, 13.89
1747821116, 0, 56, 1090, 1088, 26, 7.61%, 0, 0, 3, 14.49
1747821121, 0, 56, 1091, 1089, 26, 7.61%, 0, 0, 3, 13.73
1747821126, 0, 56, 1092, 1090, 26, 7.61%, 0, 0, 3, 14.02
1747821152, 0, 56, 1093, 1091, 26, 7.61%, 0, 0, 3, 14.17
1747821167, 0, 56, 1094, 1092, 26, 7.61%, 0, 0, 3, 14.56
1747821203, 0, 56, 1095, 1093, 26, 7.61%, 0, 0, 3, 14.06
1747821239, 0, 56, 1096, 1094, 26, 7.61%, 0, 0, 3, 13.76
1747821254, 0, 56, 1097, 1095, 26, 7.61%, 0, 0, 3, 13.82
1747821326, 0, 56, 1098, 1096, 26, 7.61%, 0, 0, 3, 13.57
1747821361, 0, 56, 1099, 1097, 26, 7.61%, 0, 0, 3, 14.03
1747821407, 0, 57, 1099, 1097, 28, 7.61%, 0, 0, 3, 14.27
1747821413, 0, 57, 1100, 1098, 28, 7.61%, 0, 0, 3, 14.07
1747821418, 0, 57, 1101, 1099, 28, 7.61%, 0, 0, 3, 13.82
1747821423, 0, 57, 1103, 1101, 28, 7.61%, 0, 0, 3, 13.99
1747821428, 0, 57, 1104, 1102, 28, 7.61%, 0, 0, 3, 13.77
1747821459, 0, 57, 1105, 1103, 28, 7.61%, 0, 0, 3, 13.91
1747821469, 0, 57, 1107, 1105, 28, 7.61%, 0, 0, 3, 13.38
1747821484, 0, 57, 1108, 1106, 28, 7.61%, 0, 0, 3, 14.01
1747821525, 0, 57, 1109, 1107, 28, 7.61%, 0, 0, 3, 13.99
1747821571, 0, 57, 1110, 1108, 28, 7.61%, 0, 0, 3, 14.16
1747821601, 0, 57, 1111, 1109, 28, 7.61%, 0, 0, 3, 14.06
1747821611, 0, 57, 1112, 1110, 28, 7.61%, 0, 0, 3, 13.89
1747821617, 0, 57, 1113, 1111, 28, 7.61%, 0, 0, 3, 13.70
1747821632, 0, 57, 1114, 1112, 28, 7.61%, 0, 0, 3, 13.98
1747821637, 0, 57, 1115, 1113, 28, 7.61%, 0, 0, 3, 13.74
1747821652, 0, 57, 1116, 1114, 28, 7.61%, 0, 0, 3, 13.55
1747821709, 0, 58, 1117, 1115, 28, 7.61%, 0, 0, 3, 13.99
1747821724, 0, 59, 1117, 1115, 28, 7.61%, 0, 0, 3, 14.73
1747821729, 0, 59, 1119, 1117, 28, 7.61%, 0, 0, 3, 13.58
1747821740, 0, 59, 1120, 1118, 28, 7.63%, 0, 0, 3, 13.07
1747821755, 0, 59, 1122, 1120, 28, 7.63%, 0, 0, 3, 13.20
1747821786, 0, 59, 1123, 1121, 28, 7.63%, 0, 0, 3, 13.42
1747821806, 0, 59, 1124, 1122, 28, 7.63%, 0, 0, 3, 13.31
1747821821, 0, 59, 1125, 1123, 28, 7.63%, 0, 0, 3, 13.46
1747821842, 0, 59, 1126, 1124, 28, 7.63%, 0, 0, 3, 13.33
1747821867, 0, 59, 1127, 1125, 28, 7.63%, 0, 0, 3, 13.31
1747821883, 0, 59, 1128, 1126, 28, 7.63%, 0, 0, 3, 13.74
1747821888, 0, 59, 1129, 1127, 28, 7.63%, 0, 0, 3, 13.54
1747821913, 0, 59, 1130, 1128, 28, 7.63%, 0, 0, 3, 13.55
1747821918, 0, 59, 1132, 1130, 28, 7.63%, 0, 0, 3, 12.67
1747821929, 0, 59, 1133, 1131, 28, 7.63%, 0, 0, 3, 13.12
1747821939, 0, 59, 1135, 1133, 28, 7.63%, 0, 0, 3, 12.67
1747821960, 0, 59, 1136, 1134, 28, 7.63%, 0, 0, 3, 12.68
1747821965, 0, 59, 1137, 1135, 28, 7.63%, 0, 0, 3, 12.81
1747822006, 0, 59, 1138, 1136, 28, 7.63%, 0, 0, 3, 13.65
1747822016, 0, 59, 1139, 1137, 28, 7.63%, 0, 0, 3, 13.71
1747822026, 0, 59, 1141, 1139, 28, 7.63%, 0, 0, 3, 12.92
1747822047, 0, 60, 1141, 1139, 29, 7.63%, 0, 0, 3, 13.67
1747822052, 0, 60, 1142, 1140, 29, 7.63%, 0, 0, 3, 13.92
1747822067, 0, 60, 1143, 1141, 29, 7.63%, 0, 0, 3, 13.49
1747822072, 0, 60, 1144, 1142, 29, 7.63%, 0, 0, 3, 13.81
1747822118, 0, 60, 1145, 1143, 29, 7.63%, 0, 0, 3, 13.48
1747822159, 0, 60, 1146, 1144, 29, 7.63%, 0, 0, 3, 14.09
1747822246, 0, 60, 1147, 1145, 29, 7.63%, 0, 0, 3, 13.97
1747822251, 0, 60, 1148, 1146, 29, 7.63%, 0, 0, 3, 14.08
1747822343, 0, 61, 1148, 1146, 29, 7.63%, 0, 0, 3, 13.49
1747822348, 0, 63, 1148, 1146, 29, 7.63%, 0, 0, 3, 13.34
1747822358, 0, 64, 1148, 1146, 29, 7.63%, 0, 0, 3, 14.07
1747822369, 0, 65, 1148, 1146, 29, 7.63%, 0, 0, 3, 13.86
1747822379, 0, 68, 1148, 1146, 29, 7.63%, 0, 0, 3, 14.25
1747822384, 0, 69, 1148, 1146, 29, 7.63%, 0, 0, 3, 14.17
1747822389, 0, 69, 1149, 1147, 29, 7.63%, 0, 0, 3, 13.33
1747822394, 0, 69, 1150, 1148, 29, 7.67%, 0, 0, 3, 13.08
1747822405, 0, 69, 1151, 1149, 29, 7.67%, 0, 0, 3, 13.36
1747822410, 0, 69, 1153, 1151, 29, 7.67%, 0, 0, 3, 12.93
1747822420, 0, 69, 1154, 1152, 29, 7.67%, 0, 0, 3, 12.77
1747822446, 0, 69, 1155, 1153, 29, 7.67%, 0, 0, 3, 13.38
1747822466, 0, 69, 1156, 1154, 29, 7.67%, 0, 0, 3, 13.95
1747822492, 0, 69, 1157, 1155, 29, 7.67%, 0, 0, 3, 13.50
1747822553, 0, 69, 1158, 1156, 29, 7.67%, 0, 0, 3, 13.26
1747822609, 0, 69, 1159, 1157, 29, 7.67%, 0, 0, 3, 13.20
1747822635, 0, 69, 1160, 1158, 29, 7.67%, 0, 0, 3, 13.37
1747822661, 0, 69, 1161, 1159, 29, 7.67%, 0, 0, 3, 13.16
1747822676, 0, 69, 1162, 1160, 29, 7.67%, 0, 0, 3, 13.14
1747822696, 0, 70, 1162, 1160, 31, 7.67%, 0, 0, 3, 13.96
1747822706, 0, 71, 1162, 1160, 31, 7.67%, 0, 0, 3, 14.16
1747822717, 0, 72, 1162, 1160, 31, 7.67%, 0, 0, 3, 14.92
1747822722, 0, 74, 1162, 1160, 31, 7.67%, 0, 0, 3, 14.71
1747822727, 0, 74, 1163, 1161, 31, 7.67%, 0, 0, 3, 13.28
1747822742, 0, 75, 1164, 1162, 31, 7.67%, 0, 0, 3, 13.22
1747822747, 0, 75, 1167, 1165, 31, 7.67%, 0, 0, 3, 12.40
1747822753, 0, 75, 1169, 1167, 31, 7.67%, 0, 0, 3, 12.11
1747822758, 0, 75, 1171, 1169, 31, 7.68%, 0, 0, 3, 12.26
1747822763, 0, 75, 1172, 1170, 31, 7.68%, 0, 0, 3, 12.16
1747822768, 0, 75, 1173, 1171, 31, 7.68%, 0, 0, 3, 12.58
1747822773, 0, 75, 1175, 1173, 31, 7.69%, 0, 0, 3, 12.81
1747822778, 0, 75, 1176, 1174, 31, 7.69%, 0, 0, 3, 12.59
1747822788, 0, 75, 1177, 1175, 31, 7.69%, 0, 0, 3, 13.03
1747822794, 0, 75, 1178, 1176, 31, 7.70%, 0, 0, 3, 13.26
1747822799, 0, 75, 1180, 1178, 31, 7.70%, 0, 0, 3, 12.57
1747822809, 0, 75, 1181, 1179, 31, 7.70%, 0, 0, 3, 13.19
1747822814, 0, 75, 1182, 1180, 31, 7.71%, 0, 0, 3, 13.13
1747822824, 0, 75, 1183, 1181, 31, 7.71%, 0, 0, 3, 12.96
1747822830, 0, 75, 1184, 1182, 31, 7.71%, 0, 0, 3, 13.02
1747822835, 0, 75, 1185, 1183, 31, 7.71%, 0, 0, 3, 12.91
1747822840, 0, 75, 1186, 1184, 31, 7.71%, 0, 0, 3, 12.93
1747822855, 0, 75, 1187, 1185, 31, 7.71%, 0, 0, 3, 12.71
1747822932, 0, 75, 1188, 1186, 31, 7.71%, 0, 0, 3, 12.37
1747822937, 0, 75, 1189, 1187, 31, 7.71%, 0, 0, 3, 12.27
1747822952, 0, 75, 1190, 1188, 31, 7.71%, 0, 0, 3, 13.36
1747822978, 0, 75, 1191, 1189, 31, 7.71%, 0, 0, 3, 12.84
1747822993, 0, 75, 1192, 1190, 31, 7.71%, 0, 0, 3, 12.93
1747823003, 0, 75, 1193, 1191, 31, 7.71%, 0, 0, 3, 13.05
1747823029, 0, 75, 1194, 1192, 31, 7.71%, 0, 0, 3, 13.34
1747823034, 0, 75, 1195, 1193, 31, 7.71%, 0, 0, 3, 12.63
1747823039, 0, 75, 1196, 1194, 31, 7.71%, 0, 0, 3, 12.29
1747823045, 0, 75, 1197, 1195, 31, 7.71%, 0, 0, 3, 12.30
1747823080, 0, 76, 1197, 1195, 32, 7.71%, 0, 0, 3, 13.64
1747823086, 0, 77, 1197, 1195, 32, 7.71%, 0, 0, 3, 13.77
1747823096, 0, 78, 1197, 1195, 32, 7.71%, 0, 0, 3, 13.77
1747823106, 0, 79, 1197, 1195, 32, 7.71%, 0, 0, 3, 13.87
1747823116, 0, 80, 1197, 1195, 32, 7.71%, 0, 0, 3, 13.44
1747823126, 0, 81, 1199, 1197, 32, 7.74%, 0, 0, 3, 12.16
1747823131, 0, 81, 1200, 1198, 32, 7.74%, 0, 0, 3, 12.54
1747823137, 0, 81, 1201, 1199, 32, 7.75%, 0, 0, 3, 12.45
1747823142, 0, 81, 1202, 1200, 32, 7.75%, 0, 0, 3, 12.68
1747823147, 0, 81, 1203, 1201, 32, 7.75%, 0, 0, 3, 13.03
1747823152, 0, 81, 1206, 1204, 32, 7.75%, 0, 0, 3, 12.44
1747823157, 0, 81, 1207, 1205, 32, 7.75%, 0, 0, 3, 12.38
1747823162, 0, 81, 1209, 1207, 32, 7.75%, 0, 0, 3, 11.72
1747823168, 0, 81, 1211, 1209, 32, 7.75%, 0, 0, 3, 11.86
1747823173, 0, 81, 1214, 1212, 32, 7.75%, 0, 0, 3, 12.25
1747823178, 0, 81, 1215, 1213, 32, 7.75%, 0, 0, 3, 12.17
1747823183, 0, 81, 1216, 1214, 32, 7.75%, 0, 0, 3, 12.68
1747823188, 0, 81, 1217, 1215, 32, 7.75%, 0, 0, 3, 12.64
1747823193, 0, 81, 1218, 1216, 32, 7.75%, 0, 0, 3, 12.36
1747823209, 0, 81, 1220, 1218, 32, 7.75%, 0, 0, 3, 12.04
1747823214, 0, 81, 1221, 1219, 32, 7.75%, 0, 0, 3, 12.06
1747823235, 0, 81, 1222, 1220, 32, 7.75%, 0, 0, 3, 12.99
1747823250, 0, 81, 1223, 1221, 32, 7.75%, 0, 0, 3, 12.91
1747823265, 0, 81, 1225, 1223, 32, 7.75%, 0, 0, 3, 12.84
1747823281, 0, 81, 1226, 1224, 32, 7.75%, 0, 0, 3, 12.96
1747823291, 0, 81, 1228, 1226, 32, 7.75%, 0, 0, 3, 11.95
1747823301, 0, 81, 1229, 1227, 32, 7.75%, 0, 0, 3, 12.76
1747823327, 0, 81, 1230, 1228, 32, 7.75%, 0, 0, 3, 13.13
1747823368, 0, 81, 1231, 1229, 32, 7.75%, 0, 0, 3, 13.11
1747823373, 0, 81, 1232, 1230, 32, 7.75%, 0, 0, 3, 12.68
1747823460, 0, 82, 1232, 1230, 33, 7.75%, 0, 0, 3, 13.36
1747823470, 0, 83, 1232, 1230, 33, 7.75%, 0, 0, 3, 14.19
1747823481, 0, 84, 1232, 1230, 33, 7.75%, 0, 0, 3, 13.34
1747823491, 0, 85, 1233, 1231, 33, 7.75%, 0, 0, 3, 12.22
1747823496, 0, 85, 1234, 1232, 33, 7.75%, 0, 0, 3, 11.83
1747823501, 0, 85, 1235, 1233, 33, 7.75%, 0, 0, 3, 11.95
1747823511, 0, 85, 1237, 1235, 33, 7.75%, 0, 0, 3, 12.16
1747823522, 0, 85, 1238, 1236, 33, 7.75%, 0, 0, 3, 12.50
1747823552, 0, 85, 1240, 1238, 33, 7.75%, 0, 0, 3, 12.10
1747823563, 0, 85, 1241, 1239, 33, 7.75%, 0, 0, 3, 12.52
1747823568, 0, 85, 1242, 1240, 33, 7.75%, 0, 0, 3, 11.31
1747823583, 0, 85, 1243, 1241, 33, 7.75%, 0, 0, 3, 11.71
1747823594, 0, 85, 1246, 1244, 33, 7.76%, 0, 0, 3, 10.59
1747823599, 0, 85, 1247, 1245, 33, 7.76%, 0, 0, 3, 11.17
1747823609, 0, 85, 1248, 1246, 33, 7.76%, 0, 0, 3, 11.16
1747823639, 0, 85, 1249, 1247, 33, 7.76%, 0, 0, 3, 12.06
1747823650, 0, 85, 1251, 1249, 33, 7.76%, 0, 0, 3, 12.20
1747823655, 0, 85, 1252, 1250, 33, 7.76%, 0, 0, 3, 10.88
1747823660, 0, 85, 1253, 1251, 33, 7.76%, 0, 0, 3, 11.33
1747823686, 0, 85, 1254, 1252, 33, 7.76%, 0, 0, 3, 11.13
1747823697, 0, 85, 1255, 1253, 33, 7.76%, 0, 0, 3, 12.56
1747823727, 0, 85, 1256, 1254, 33, 7.76%, 0, 0, 3, 12.22
1747823737, 0, 85, 1257, 1255, 33, 7.76%, 0, 0, 3, 11.50
1747823747, 0, 85, 1258, 1256, 33, 7.76%, 0, 0, 3, 12.59
1747823758, 0, 85, 1259, 1257, 33, 7.76%, 0, 0, 3, 11.43
1747823763, 0, 85, 1260, 1258, 33, 7.76%, 0, 0, 3, 11.23
1747823778, 0, 85, 1261, 1259, 33, 7.76%, 0, 0, 3, 11.37
1747823814, 0, 85, 1262, 1260, 33, 7.76%, 0, 0, 3, 12.29
1747823819, 0, 85, 1264, 1262, 33, 7.76%, 0, 0, 3, 11.07
1747823840, 0, 85, 1265, 1263, 33, 7.76%, 0, 0, 3, 11.60
1747823850, 0, 86, 1265, 1263, 35, 7.76%, 0, 0, 3, 11.91
1747823855, 0, 86, 1266, 1264, 35, 7.76%, 0, 0, 3, 11.09
1747823861, 0, 86, 1267, 1265, 35, 7.76%, 0, 0, 3, 14.00
1747823881, 0, 87, 1267, 1265, 35, 7.76%, 0, 0, 3, 21.96
1747823886, 0, 87, 1268, 1266, 35, 7.76%, 0, 0, 3, 23.85
1747823891, 0, 88, 1268, 1266, 35, 7.76%, 0, 0, 3, 23.62
1747823896, 0, 89, 1268, 1266, 35, 7.76%, 0, 0, 3, 21.20
1747823906, 0, 90, 1268, 1266, 35, 7.76%, 0, 0, 3, 21.28
1747823912, 0, 91, 1268, 1266, 35, 7.76%, 0, 0, 3, 21.10
1747823917, 0, 92, 1268, 1266, 35, 7.76%, 0, 0, 3, 22.10
1747823922, 0, 93, 1268, 1266, 35, 7.76%, 0, 0, 3, 23.24
1747823927, 0, 93, 1269, 1267, 35, 7.76%, 0, 0, 3, 24.47
1747823932, 0, 94, 1269, 1267, 35, 7.76%, 0, 0, 3, 23.31
1747823937, 0, 97, 1269, 1267, 35, 7.76%, 0, 0, 3, 27.87
1747824085, 0, 98, 1269, 1266, 35, 7.76%, 0, 0, 3, 56.10
1747824090, 0, 99, 1269, 1266, 35, 7.76%, 0, 0, 3, 30.87
1747824100, 0, 100, 1270, 1267, 35, 7.79%, 0, 0, 3, 24.71
1747824110, 0, 101, 1270, 1267, 35, 7.79%, 0, 0, 3, 24.60
1747824116, 0, 102, 1270, 1267, 35, 7.79%, 0, 0, 3, 23.09
1747824121, 0, 103, 1270, 1267, 35, 7.79%, 0, 0, 3, 23.93
1747824126, 0, 104, 1270, 1267, 35, 7.79%, 0, 0, 3, 23.32
1747824131, 0, 105, 1270, 1267, 35, 7.79%, 0, 0, 3, 22.08
1747824136, 0, 106, 1270, 1267, 35, 7.79%, 0, 0, 3, 21.03
1747824141, 0, 107, 1270, 1267, 35, 7.79%, 0, 0, 3, 20.96
1747824146, 0, 109, 1270, 1267, 35, 7.79%, 0, 0, 3, 21.75
1747824156, 0, 111, 1270, 1267, 35, 7.79%, 0, 0, 3, 21.39
1747824161, 0, 112, 1270, 1267, 35, 7.79%, 0, 0, 3, 21.91
1747824166, 0, 114, 1270, 1267, 35, 7.79%, 0, 0, 3, 21.66
1747824172, 0, 115, 1270, 1267, 35, 7.79%, 0, 0, 3, 20.96
1747824177, 0, 116, 1270, 1267, 35, 7.79%, 0, 0, 3, 21.15
1747824182, 0, 117, 1270, 1267, 35, 7.79%, 0, 0, 3, 22.79
1747824192, 0, 118, 1270, 1267, 35, 7.79%, 0, 0, 3, 14.98
1747824202, 0, 119, 1270, 1267, 35, 7.79%, 0, 0, 3, 13.32
1747824212, 0, 121, 1270, 1267, 35, 7.79%, 0, 0, 3, 13.74
1747824222, 0, 122, 1270, 1267, 35, 7.79%, 0, 0, 3, 13.32
1747824233, 0, 123, 1270, 1267, 35, 7.79%, 0, 0, 3, 13.52
1747824243, 0, 124, 1270, 1267, 35, 7.79%, 0, 0, 3, 13.01
1747824253, 0, 125, 1270, 1267, 35, 7.79%, 0, 0, 3, 12.15
1747824263, 0, 126, 1270, 1267, 35, 7.79%, 0, 0, 3, 11.67
1747824269, 0, 126, 1271, 1268, 35, 7.79%, 0, 0, 3, 11.87
1747824284, 0, 127, 1271, 1268, 35, 7.79%, 0, 0, 3, 13.51
1747824295, 0, 128, 1271, 1268, 35, 7.79%, 0, 0, 3, 12.49
1747824305, 0, 129, 1271, 1268, 35, 7.79%, 0, 0, 3, 13.35
1747824315, 0, 131, 1271, 1268, 35, 7.79%, 0, 0, 3, 13.54
1747824320, 0, 132, 1271, 1268, 35, 7.79%, 0, 0, 3, 12.92
1747824330, 0, 133, 1271, 1268, 35, 7.79%, 0, 0, 3, 12.42
1747824346, 0, 135, 1271, 1268, 35, 7.79%, 0, 0, 3, 12.73
1747824351, 0, 136, 1271, 1268, 35, 7.79%, 0, 0, 3, 13.18
1747824361, 0, 137, 1271, 1268, 35, 7.79%, 0, 0, 3, 12.91
1747824371, 0, 138, 1271, 1268, 35, 7.79%, 0, 0, 3, 13.18
1747824382, 0, 140, 1271, 1268, 35, 7.79%, 0, 0, 3, 13.93
1747824392, 0, 142, 1272, 1269, 35, 7.79%, 0, 0, 3, 13.24
1747824412, 0, 143, 1272, 1269, 35, 7.79%, 0, 0, 3, 13.23
1747824423, 0, 144, 1272, 1269, 35, 7.79%, 0, 0, 3, 12.85
1747824433, 0, 145, 1273, 1270, 35, 7.79%, 0, 0, 3, 12.02
1747824448, 0, 145, 1274, 1271, 35, 7.79%, 0, 0, 3, 11.21
1747824474, 0, 146, 1274, 1271, 35, 7.79%, 0, 0, 3, 12.62
1747824484, 0, 147, 1274, 1271, 35, 7.79%, 0, 0, 3, 13.08
1747824494, 0, 148, 1274, 1271, 35, 7.79%, 0, 0, 3, 12.49
1747824505, 0, 149, 1274, 1271, 35, 7.79%, 0, 0, 3, 13.39
1747824515, 0, 150, 1274, 1271, 35, 7.79%, 0, 0, 3, 12.89
1747824525, 0, 151, 1274, 1271, 35, 7.79%, 0, 0, 3, 12.79
1747824535, 0, 152, 1274, 1271, 35, 7.79%, 0, 0, 3, 13.46
1747824545, 0, 153, 1274, 1271, 35, 7.79%, 0, 0, 3, 12.73
1747824551, 0, 153, 1275, 1272, 35, 7.79%, 0, 0, 3, 11.32
1747824566, 0, 155, 1275, 1272, 35, 7.79%, 0, 0, 3, 13.23
1747824576, 0, 156, 1275, 1272, 35, 7.79%, 0, 0, 3, 14.23
1747824587, 0, 158, 1276, 1273, 35, 7.79%, 0, 0, 3, 12.99
1747824592, 0, 158, 1277, 1274, 35, 7.79%, 0, 0, 3, 12.86
1747824623, 0, 159, 1277, 1274, 35, 7.79%, 0, 0, 3, 13.12
1747824633, 0, 160, 1277, 1274, 35, 7.79%, 0, 0, 3, 13.13
1747824643, 0, 160, 1278, 1275, 35, 7.79%, 0, 0, 3, 14.40
1747824653, 0, 161, 1278, 1275, 35, 7.79%, 0, 0, 3, 14.48
1747824664, 0, 162, 1278, 1275, 35, 7.79%, 0, 0, 3, 12.45
1747824674, 0, 162, 1279, 1276, 35, 7.79%, 0, 0, 3, 12.26
1747824684, 0, 163, 1279, 1276, 35, 7.79%, 0, 0, 3, 12.36
1747824694, 0, 164, 1279, 1276, 35, 7.79%, 0, 0, 3, 12.88
1747824700, 0, 164, 1280, 1277, 35, 7.79%, 0, 0, 3, 12.49
1747824715, 0, 165, 1280, 1277, 35, 7.79%, 0, 0, 3, 12.75
1747824725, 0, 169, 1280, 1277, 35, 7.79%, 0, 0, 3, 12.48
1747824736, 0, 170, 1280, 1277, 35, 7.79%, 0, 0, 3, 13.23
1747824746, 0, 173, 1280, 1277, 35, 7.79%, 0, 0, 3, 12.45
1747824756, 0, 174, 1280, 1277, 35, 7.79%, 0, 0, 3, 12.61
1747824766, 0, 174, 1281, 1278, 35, 7.79%, 0, 0, 3, 11.87
1747824777, 0, 178, 1281, 1278, 35, 7.79%, 0, 0, 3, 11.88
1747824787, 0, 179, 1281, 1278, 35, 7.79%, 0, 0, 3, 12.75
1747824797, 0, 180, 1281, 1278, 35, 7.79%, 0, 0, 3, 11.88
1747824813, 0, 181, 1281, 1278, 35, 7.79%, 0, 0, 3, 13.86
1747824818, 0, 182, 1281, 1278, 35, 7.79%, 0, 0, 3, 14.11
1747824828, 0, 183, 1281, 1278, 35, 7.79%, 0, 0, 3, 14.35
1747824838, 0, 186, 1281, 1278, 35, 7.79%, 0, 0, 3, 14.57
1747824843, 0, 187, 1281, 1278, 35, 7.79%, 0, 0, 3, 14.87
1747824854, 0, 188, 1281, 1278, 35, 7.79%, 0, 0, 3, 13.45
1747824864, 0, 190, 1281, 1278, 35, 7.79%, 0, 0, 3, 13.42
1747824874, 0, 191, 1281, 1278, 35, 7.79%, 0, 0, 3, 12.85
1747824884, 0, 192, 1281, 1278, 35, 7.79%, 0, 0, 3, 13.69
1747824895, 0, 193, 1282, 1279, 35, 7.79%, 0, 0, 3, 11.43
1747824915, 0, 194, 1282, 1279, 35, 7.79%, 0, 0, 3, 12.79
1747824926, 0, 196, 1282, 1279, 35, 7.79%, 0, 0, 3, 12.97
1747824936, 0, 200, 1282, 1279, 35, 7.79%, 0, 0, 3, 13.82
1747824946, 0, 201, 1282, 1279, 35, 7.79%, 0, 0, 3, 12.65
1747824956, 0, 202, 1282, 1279, 35, 7.79%, 0, 0, 3, 13.26
1747824966, 0, 204, 1282, 1279, 35, 7.79%, 0, 0, 3, 13.07
1747824976, 0, 205, 1282, 1279, 35, 7.79%, 0, 0, 3, 13.03
1747824981, 0, 206, 1282, 1279, 35, 7.79%, 0, 0, 3, 13.55
1747824986, 0, 206, 1283, 1280, 35, 7.79%, 0, 0, 3, 12.30
1747825007, 0, 208, 1283, 1280, 35, 7.79%, 0, 0, 3, 13.77
1747825012, 0, 209, 1283, 1280, 35, 7.79%, 0, 0, 3, 12.94
1747825022, 0, 209, 1284, 1281, 35, 7.79%, 0, 0, 3, 12.03
1747825038, 0, 210, 1284, 1281, 35, 7.79%, 0, 0, 3, 14.09
1747825043, 0, 210, 1285, 1282, 35, 7.79%, 0, 0, 3, 13.72
1747825053, 0, 211, 1286, 1283, 35, 7.79%, 0, 0, 3, 14.62
1747825073, 0, 212, 1286, 1283, 35, 7.79%, 0, 0, 3, 14.90
1747825079, 0, 213, 1286, 1283, 35, 7.79%, 0, 0, 3, 14.47
1747825089, 0, 214, 1286, 1283, 35, 7.79%, 0, 0, 3, 13.68
1747825099, 0, 216, 1286, 1283, 35, 7.79%, 0, 0, 3, 12.44
1747825109, 0, 217, 1286, 1283, 35, 7.79%, 0, 0, 3, 11.78
1747825119, 0, 218, 1286, 1283, 35, 7.79%, 0, 0, 3, 13.22
1747825130, 0, 219, 1286, 1283, 35, 7.79%, 0, 0, 3, 12.77
1747825140, 0, 222, 1286, 1283, 35, 7.79%, 0, 0, 3, 13.02
1747825150, 0, 223, 1286, 1283, 35, 7.79%, 0, 0, 3, 13.61
1747825155, 0, 223, 1287, 1284, 35, 7.79%, 0, 0, 3, 12.56
1747825165, 0, 223, 1288, 1285, 35, 7.79%, 0, 0, 3, 12.49
1747825181, 0, 223, 1289, 1286, 35, 7.79%, 0, 0, 3, 11.06
1747825237, 0, 225, 1289, 1286, 35, 7.79%, 0, 0, 3, 12.43
1747825247, 0, 226, 1289, 1286, 35, 7.79%, 0, 0, 3, 12.80
1747825258, 0, 227, 1289, 1286, 35, 7.79%, 0, 0, 3, 13.35
1747825268, 0, 228, 1289, 1286, 35, 7.79%, 0, 0, 3, 13.84
1747825273, 0, 230, 1289, 1286, 35, 7.79%, 0, 0, 3, 14.73
1747825283, 0, 232, 1289, 1286, 35, 7.79%, 0, 0, 3, 13.87
1747825294, 0, 233, 1289, 1286, 35, 7.79%, 0, 0, 3, 13.48
1747825304, 0, 234, 1289, 1286, 35, 7.79%, 0, 0, 3, 13.54
1747825309, 0, 234, 1290, 1287, 35, 7.79%, 0, 0, 3, 11.38
1747825324, 0, 235, 1290, 1287, 35, 7.79%, 0, 0, 3, 13.12
1747825335, 0, 236, 1290, 1287, 35, 7.79%, 0, 0, 3, 13.84
1747825345, 0, 239, 1290, 1287, 35, 7.79%, 0, 0, 3, 13.62
1747825350, 0, 240, 1290, 1287, 35, 7.79%, 0, 0, 3, 13.26
1747825360, 0, 242, 1290, 1287, 35, 7.79%, 0, 0, 3, 12.67
1747825370, 0, 244, 1290, 1287, 35, 7.79%, 0, 0, 3, 13.15
1747825381, 0, 246, 1290, 1287, 35, 7.79%, 0, 0, 3, 12.08
1747825386, 0, 246, 1291, 1288, 35, 7.79%, 0, 0, 3, 11.75
1747825401, 0, 247, 1291, 1288, 35, 7.79%, 0, 0, 3, 13.74
1747825411, 0, 248, 1291, 1288, 35, 7.79%, 0, 0, 3, 13.14
1747825421, 0, 250, 1291, 1288, 35, 7.79%, 0, 0, 3, 12.71
1747825431, 0, 250, 1292, 1289, 35, 7.79%, 0, 0, 3, 11.79
1747825442, 0, 251, 1292, 1289, 35, 7.79%, 0, 0, 3, 12.55
1747825452, 0, 253, 1292, 1289, 35, 7.79%, 0, 0, 3, 12.44
1747825462, 0, 254, 1292, 1289, 35, 7.79%, 0, 0, 3, 13.39
1747825472, 0, 255, 1292, 1289, 35, 7.79%, 0, 0, 3, 13.99
1747825483, 0, 256, 1292, 1289, 35, 7.79%, 0, 0, 3, 12.94
1747825493, 0, 257, 1293, 1290, 35, 7.79%, 0, 0, 3, 11.79
1747825514, 0, 258, 1293, 1290, 35, 7.79%, 0, 0, 3, 13.03
1747825524, 0, 259, 1293, 1290, 35, 7.79%, 0, 0, 3, 13.69
1747825535, 0, 260, 1293, 1290, 35, 7.79%, 0, 0, 3, 13.39
1747825545, 0, 261, 1293, 1290, 35, 7.79%, 0, 0, 3, 13.47
1747825550, 0, 262, 1293, 1290, 35, 7.79%, 0, 0, 3, 13.94
1747825560, 0, 263, 1293, 1290, 35, 7.79%, 0, 0, 3, 12.05
1747825570, 0, 265, 1293, 1290, 35, 7.79%, 0, 0, 3, 14.26
1747825576, 0, 265, 1294, 1291, 35, 7.79%, 0, 0, 3, 13.39
1747825591, 0, 266, 1294, 1291, 35, 7.79%, 0, 0, 3, 12.68
1747825601, 0, 266, 1295, 1292, 35, 7.79%, 0, 0, 3, 12.39
1747825612, 0, 267, 1295, 1292, 35, 7.79%, 0, 0, 3, 12.39
1747825622, 0, 268, 1295, 1292, 35, 7.79%, 0, 0, 3, 21.44
1747826359, 0, 269, 1295, 1291, 35, 7.79%, 0, 0, 3, 19.56
1747826369, 0, 270, 1295, 1291, 35, 7.79%, 0, 0, 3, 14.26
1747826380, 0, 271, 1295, 1291, 35, 7.79%, 0, 0, 3, 12.98
1747826390, 0, 272, 1295, 1291, 35, 7.79%, 0, 0, 3, 12.71
1747826400, 0, 273, 1295, 1291, 35, 7.79%, 0, 0, 3, 12.59
1747826410, 0, 274, 1295, 1291, 35, 7.79%, 0, 0, 3, 12.96
1747826415, 0, 275, 1295, 1291, 35, 7.79%, 0, 0, 3, 13.25
1747826426, 0, 276, 1295, 1291, 35, 7.79%, 0, 0, 3, 14.01
1747826436, 0, 277, 1295, 1291, 35, 7.79%, 0, 0, 3, 12.82
1747826446, 0, 277, 1296, 1292, 35, 7.79%, 0, 0, 3, 13.17
1747826456, 0, 278, 1296, 1292, 35, 7.79%, 0, 0, 3, 13.82
1747826467, 0, 279, 1296, 1292, 35, 7.79%, 0, 0, 3, 12.36
1747826477, 0, 280, 1296, 1292, 35, 7.79%, 0, 0, 3, 12.92
1747826487, 0, 281, 1296, 1292, 35, 7.79%, 0, 0, 3, 13.39
1747826498, 0, 282, 1296, 1292, 35, 7.79%, 0, 0, 3, 13.38
1747826503, 0, 283, 1296, 1292, 35, 7.79%, 0, 0, 3, 15.89
1747826513, 0, 284, 1296, 1292, 35, 7.79%, 0, 0, 3, 19.63
1747826518, 0, 285, 1296, 1292, 35, 7.79%, 0, 0, 3, 19.96
1747826523, 0, 286, 1296, 1292, 35, 7.79%, 0, 0, 3, 20.85
1747826528, 0, 287, 1296, 1292, 35, 7.79%, 0, 0, 3, 23.14
1747826533, 0, 288, 1296, 1292, 35, 7.79%, 0, 0, 3, 22.91
1747826543, 0, 289, 1296, 1292, 35, 7.79%, 0, 0, 3, 48.37
1747827118, 0, 291, 1296, 1291, 35, 7.79%, 0, 0, 3, 17.10
1747827123, 0, 291, 1297, 1292, 35, 7.79%, 0, 0, 3, 13.12
1747827129, 0, 291, 1298, 1293, 35, 7.79%, 0, 0, 3, 12.10
1747827159, 0, 292, 1298, 1293, 35, 7.79%, 0, 0, 3, 11.77
1747827170, 0, 292, 1299, 1294, 35, 7.79%, 0, 0, 3, 11.56
1747827180, 0, 294, 1299, 1294, 35, 7.79%, 0, 0, 3, 11.81
1747827190, 0, 295, 1299, 1294, 35, 7.79%, 0, 0, 3, 12.86
1747827200, 0, 296, 1299, 1294, 35, 7.79%, 0, 0, 3, 12.69
1747827211, 0, 297, 1299, 1294, 35, 7.79%, 0, 0, 3, 12.70
1747827221, 0, 299, 1299, 1294, 35, 7.79%, 0, 0, 3, 12.92
1747827226, 0, 299, 1300, 1295, 35, 8.00%, 0, 0, 3, 13.40
1747827241, 0, 300, 1300, 1295, 35, 8.00%, 0, 0, 3, 13.21
1747827252, 0, 302, 1300, 1295, 35, 8.00%, 0, 0, 3, 12.54
1747827262, 0, 303, 1300, 1295, 35, 8.00%, 0, 0, 3, 12.41
1747827272, 0, 304, 1300, 1295, 35, 8.00%, 0, 0, 3, 13.14
1747827282, 0, 305, 1300, 1295, 35, 8.00%, 0, 0, 3, 12.53
1747827292, 0, 306, 1300, 1295, 35, 8.00%, 0, 0, 3, 13.27
1747827303, 0, 308, 1300, 1295, 35, 8.00%, 0, 0, 3, 12.72
1747827313, 0, 310, 1300, 1295, 35, 8.00%, 0, 0, 3, 12.13
1747827323, 0, 312, 1300, 1295, 35, 8.00%, 0, 0, 3, 12.07
1747827333, 0, 313, 1300, 1295, 35, 8.00%, 0, 0, 3, 12.24
1747827338, 0, 313, 1301, 1296, 35, 8.00%, 0, 0, 3, 12.03
1747827354, 0, 314, 1301, 1296, 35, 8.00%, 0, 0, 3, 13.46
1747827364, 0, 315, 1301, 1296, 35, 8.00%, 0, 0, 3, 12.60
1747827369, 0, 315, 1302, 1297, 35, 8.00%, 0, 0, 3, 13.69
1747827385, 0, 316, 1302, 1297, 35, 8.00%, 0, 0, 3, 13.66
1747827395, 0, 317, 1302, 1297, 35, 8.00%, 0, 0, 3, 12.94
1747827405, 0, 318, 1302, 1297, 35, 8.00%, 0, 0, 3, 12.02
1747827415, 0, 318, 1303, 1298, 35, 8.00%, 0, 0, 3, 11.84
1747827426, 0, 319, 1303, 1298, 35, 8.00%, 0, 0, 3, 13.82
1747827436, 0, 320, 1303, 1298, 35, 8.00%, 0, 0, 3, 14.47
1747827441, 0, 321, 1303, 1298, 35, 8.00%, 0, 0, 3, 14.12
1747827456, 0, 322, 1303, 1298, 35, 8.00%, 0, 0, 3, 13.46
1747827467, 0, 323, 1303, 1298, 35, 8.00%, 0, 0, 3, 12.82
1747827477, 0, 327, 1303, 1298, 35, 8.00%, 0, 0, 3, 12.42
1747827487, 0, 329, 1303, 1298, 35, 8.00%, 0, 0, 3, 13.34
1747827492, 0, 330, 1303, 1298, 35, 8.00%, 0, 0, 3, 13.06
1747827503, 0, 331, 1303, 1298, 35, 8.00%, 0, 0, 3, 13.13
1747827513, 0, 332, 1304, 1299, 35, 8.00%, 0, 0, 3, 12.07
1747827533, 0, 332, 1305, 1300, 35, 8.00%, 0, 0, 3, 12.48
1747827544, 0, 332, 1306, 1301, 35, 8.00%, 0, 0, 3, 10.98
1747827559, 0, 332, 1308, 1303, 35, 8.00%, 0, 0, 3, 11.25
1747827584, 0, 332, 1309, 1304, 35, 8.00%, 0, 0, 3, 11.06
1747827861, 0, 333, 1309, 1304, 35, 8.00%, 0, 0, 3, 12.08
1747827871, 0, 334, 1309, 1304, 35, 8.00%, 0, 0, 3, 13.30
1747827882, 0, 335, 1309, 1304, 35, 8.00%, 0, 0, 3, 13.21
1747827892, 0, 335, 1310, 1305, 35, 8.00%, 0, 0, 3, 12.10
1747827907, 0, 338, 1310, 1305, 35, 8.00%, 0, 0, 3, 12.14
1747827912, 0, 338, 1311, 1306, 35, 8.00%, 0, 0, 3, 11.13
1747827928, 0, 339, 1311, 1306, 35, 8.00%, 0, 0, 3, 12.03
1747827938, 0, 339, 1312, 1307, 35, 8.00%, 0, 0, 3, 11.23
1747827948, 0, 339, 1313, 1308, 35, 8.00%, 0, 0, 3, 11.00
1747827969, 0, 340, 1313, 1308, 33, 8.00%, 0, 0, 3, 11.94
1747827984, 0, 341, 1313, 1308, 33, 8.00%, 0, 0, 3, 12.20
1747827995, 0, 342, 1313, 1308, 33, 8.00%, 0, 0, 3, 12.44
1747828005, 0, 343, 1314, 1309, 33, 8.00%, 0, 0, 3, 11.06
1747828025, 0, 344, 1314, 1309, 33, 8.00%, 0, 0, 3, 11.32
1747828041, 0, 346, 1315, 1310, 33, 8.01%, 0, 0, 3, 13.02
1747828056, 0, 347, 1315, 1310, 34, 8.01%, 0, 0, 3, 13.74
1747828066, 0, 348, 1315, 1310, 34, 8.01%, 0, 0, 3, 12.07
1747828077, 0, 349, 1315, 1310, 34, 8.01%, 0, 0, 3, 13.45
1747828087, 0, 351, 1315, 1310, 34, 8.01%, 0, 0, 3, 13.49
1747828097, 0, 353, 1315, 1310, 34, 8.01%, 0, 0, 3, 13.39
1747828107, 0, 354, 1315, 1310, 34, 8.01%, 0, 0, 3, 12.27
1747828118, 0, 355, 1316, 1311, 34, 8.01%, 0, 0, 3, 10.57
1747828138, 0, 356, 1316, 1311, 34, 8.01%, 0, 0, 3, 11.86
1747828153, 0, 358, 1316, 1311, 34, 8.01%, 0, 0, 3, 12.22
1747828164, 0, 360, 1316, 1311, 34, 8.01%, 0, 0, 3, 10.43
1747828174, 0, 362, 1317, 1312, 34, 8.01%, 0, 0, 3, 10.38
1747828200, 0, 363, 1317, 1312, 34, 8.01%, 0, 0, 3, 11.85
1747828210, 0, 364, 1317, 1312, 34, 8.01%, 0, 0, 3, 11.62
1747828220, 0, 366, 1317, 1312, 34, 8.01%, 0, 0, 3, 10.49
1747828231, 0, 367, 1317, 1312, 34, 8.01%, 0, 0, 3, 12.29
1747828241, 0, 368, 1317, 1312, 34, 8.01%, 0, 0, 3, 12.66
1747828251, 0, 368, 1318, 1313, 34, 8.01%, 0, 0, 3, 10.52
1747828267, 0, 369, 1318, 1313, 34, 8.01%, 0, 0, 3, 10.85
1747828277, 0, 370, 1318, 1313, 34, 8.01%, 0, 0, 3, 10.77
1747828292, 0, 371, 1318, 1313, 34, 8.01%, 0, 0, 3, 10.49
1747828303, 0, 373, 1318, 1313, 34, 8.01%, 0, 0, 3, 11.39
1747828313, 0, 375, 1318, 1313, 34, 8.01%, 0, 0, 3, 10.97
1747828329, 0, 376, 1318, 1313, 34, 8.01%, 0, 0, 3, 12.58
1747828334, 0, 377, 1318, 1313, 34, 8.01%, 0, 0, 3, 13.42
1747828349, 0, 379, 1318, 1313, 34, 8.01%, 0, 0, 3, 11.39
1747828354, 0, 379, 1319, 1314, 34, 8.01%, 0, 0, 3, 10.22
1747828375, 0, 382, 1319, 1314, 34, 8.01%, 0, 0, 3, 11.48
1747828385, 0, 383, 1319, 1314, 34, 8.01%, 0, 0, 3, 10.82
1747828395, 0, 384, 1319, 1314, 34, 8.01%, 0, 0, 3, 11.13
1747828405, 0, 385, 1319, 1314, 34, 8.01%, 0, 0, 3, 11.21
1747828421, 0, 386, 1319, 1314, 34, 8.01%, 0, 0, 3, 10.83
1747828431, 0, 387, 1319, 1314, 34, 8.01%, 0, 0, 3, 10.80
1747828441, 0, 389, 1319, 1314, 34, 8.01%, 0, 0, 3, 11.19
1747828451, 0, 391, 1319, 1314, 34, 8.01%, 0, 0, 3, 11.08
1747828462, 0, 392, 1319, 1314, 34, 8.01%, 0, 0, 3, 12.18
1747828472, 0, 393, 1319, 1314, 34, 8.01%, 0, 0, 3, 13.24
1747828487, 0, 394, 1319, 1314, 34, 8.01%, 0, 0, 3, 10.57
1747828497, 0, 395, 1319, 1314, 34, 8.01%, 0, 0, 3, 13.14
1747828508, 0, 396, 1319, 1314, 34, 8.01%, 0, 0, 3, 12.08
1747828518, 0, 397, 1319, 1314, 34, 8.01%, 0, 0, 3, 10.39
1747828523, 0, 397, 1320, 1315, 34, 8.01%, 0, 0, 3, 10.45
1747828544, 0, 398, 1320, 1315, 34, 8.01%, 0, 0, 3, 11.30
1747828554, 0, 399, 1320, 1315, 34, 8.01%, 0, 0, 3, 10.46
1747828564, 0, 400, 1320, 1315, 34, 8.01%, 0, 0, 3, 10.17
1747828574, 0, 401, 1320, 1315, 34, 8.01%, 0, 0, 3, 12.61
1747828585, 0, 402, 1320, 1315, 34, 8.01%, 0, 0, 3, 12.78
1747828595, 0, 403, 1320, 1315, 34, 8.01%, 0, 0, 3, 11.86
1747828610, 0, 404, 1320, 1315, 34, 8.01%, 0, 0, 3, 11.29
1747828620, 0, 405, 1320, 1315, 34, 8.01%, 0, 0, 3, 11.24
1747828630, 0, 405, 1321, 1316, 34, 8.01%, 0, 0, 3, 10.81
1747828645, 0, 407, 1321, 1316, 34, 8.01%, 0, 0, 3, 11.41
1747828656, 0, 408, 1321, 1316, 34, 8.01%, 0, 0, 3, 10.82
1747828666, 0, 409, 1321, 1316, 34, 8.01%, 0, 0, 3, 11.72
1747828676, 0, 410, 1321, 1316, 34, 8.01%, 0, 0, 3, 11.53
1747828681, 0, 410, 1322, 1317, 34, 8.01%, 0, 0, 3, 10.08
1747828692, 0, 410, 1323, 1318, 34, 8.01%, 0, 0, 3, 10.37
1747828697, 0, 410, 1324, 1319, 34, 8.01%, 0, 0, 3, 9.85
1747828702, 0, 410, 1325, 1320, 34, 8.01%, 0, 0, 3, 9.90
1747828743, 0, 410, 1326, 1321, 34, 8.01%, 0, 0, 3, 10.04
1747828749, 0, 410, 1327, 1322, 34, 8.01%, 0, 0, 3, 9.22
1747828831, 0, 410, 1328, 1323, 34, 8.01%, 0, 0, 3, 10.09
1747828841, 0, 410, 1329, 1324, 34, 8.01%, 0, 0, 3, 10.22
1747828862, 0, 410, 1330, 1325, 34, 8.01%, 0, 0, 3, 10.38
1747828872, 0, 410, 1331, 1326, 34, 8.01%, 0, 0, 3, 10.10
1747828892, 0, 410, 1332, 1327, 34, 8.01%, 0, 0, 3, 9.82
1747828928, 0, 410, 1333, 1328, 34, 8.01%, 0, 0, 3, 10.91
1747829000, 0, 410, 1334, 1329, 34, 8.01%, 0, 0, 3, 10.58
1747829015, 0, 410, 1335, 1330, 34, 8.01%, 0, 0, 3, 9.93
1747829020, 0, 410, 1336, 1331, 34, 8.01%, 0, 0, 3, 9.95
1747829071, 0, 413, 1337, 1332, 34, 8.01%, 0, 0, 3, 10.15
1747829097, 0, 414, 1337, 1332, 34, 8.01%, 0, 0, 3, 10.93
1747829107, 0, 415, 1337, 1332, 34, 8.01%, 0, 0, 3, 11.46
1747829122, 0, 416, 1337, 1332, 34, 8.01%, 0, 0, 3, 12.97
1747829128, 0, 417, 1337, 1332, 34, 8.01%, 0, 0, 3, 13.36
1747829143, 0, 419, 1337, 1332, 34, 8.01%, 0, 0, 3, 10.99
1747829153, 0, 421, 1337, 1332, 34, 8.01%, 0, 0, 3, 10.84
1747829163, 0, 422, 1337, 1332, 34, 8.01%, 0, 0, 3, 11.17
1747829168, 0, 422, 1338, 1333, 34, 8.01%, 0, 0, 3, 9.84
1747829179, 0, 422, 1339, 1334, 34, 8.03%, 0, 0, 3, 9.95
1747829215, 0, 424, 1339, 1334, 32, 8.03%, 0, 0, 3, 10.91
1747829225, 0, 425, 1339, 1334, 32, 8.03%, 0, 0, 3, 11.17
1747829235, 0, 426, 1339, 1334, 32, 8.03%, 0, 0, 3, 10.36
1747829251, 0, 427, 1339, 1334, 32, 8.03%, 0, 0, 3, 11.42
1747829256, 0, 427, 1340, 1335, 32, 8.03%, 0, 0, 3, 11.35
1747829271, 0, 427, 1341, 1336, 32, 8.03%, 0, 0, 3, 10.83
1747829297, 0, 428, 1342, 1337, 32, 8.04%, 0, 0, 3, 10.31
1747829312, 0, 428, 1343, 1338, 32, 8.04%, 0, 0, 3, 10.90
1747829344, 0, 429, 1343, 1338, 32, 8.04%, 0, 0, 3, 10.67
1747829359, 0, 430, 1343, 1338, 32, 8.04%, 0, 0, 3, 11.08
1747829369, 0, 431, 1343, 1338, 32, 8.04%, 0, 0, 3, 11.13
1747829379, 0, 433, 1343, 1338, 32, 8.04%, 0, 0, 3, 12.67
1747829390, 0, 435, 1343, 1338, 32, 8.04%, 0, 0, 3, 12.57
1747829400, 0, 436, 1343, 1338, 32, 8.04%, 0, 0, 3, 10.92
1747829415, 0, 437, 1343, 1338, 32, 8.04%, 0, 0, 3, 10.46
1747829425, 0, 438, 1343, 1338, 32, 8.04%, 0, 0, 3, 12.31
1747829435, 0, 439, 1343, 1338, 32, 8.04%, 0, 0, 3, 12.26
1747829446, 0, 440, 1343, 1338, 32, 8.04%, 0, 0, 3, 10.99
1747829456, 0, 441, 1343, 1338, 32, 8.04%, 0, 0, 3, 11.01
1747829466, 0, 441, 1344, 1339, 32, 8.04%, 0, 0, 3, 10.34
1747829481, 0, 442, 1344, 1339, 32, 8.04%, 0, 0, 3, 12.29
1747829492, 0, 444, 1344, 1339, 32, 8.04%, 0, 0, 3, 12.28
1747829502, 0, 445, 1344, 1339, 32, 8.04%, 0, 0, 3, 11.20
1747829512, 0, 446, 1344, 1339, 32, 8.04%, 0, 0, 3, 12.06
1747829523, 0, 447, 1344, 1339, 32, 8.04%, 0, 0, 3, 12.28
1747829528, 0, 447, 1345, 1340, 32, 8.04%, 0, 0, 3, 10.55
1747829533, 0, 447, 1346, 1341, 32, 8.04%, 0, 0, 3, 10.85
1747829574, 0, 449, 1346, 1341, 32, 8.04%, 0, 0, 3, 12.99
1747829579, 0, 450, 1346, 1341, 32, 8.04%, 0, 0, 3, 13.96
1747829589, 0, 450, 1347, 1342, 32, 8.04%, 0, 0, 3, 10.64
1747829605, 0, 453, 1347, 1342, 32, 8.04%, 0, 0, 3, 11.38
1747829620, 0, 454, 1347, 1342, 32, 8.04%, 0, 0, 3, 11.33
1747829626, 0, 454, 1348, 1343, 32, 8.04%, 0, 0, 3, 10.54
1747829641, 0, 455, 1348, 1343, 32, 8.04%, 0, 0, 3, 10.90
1747829651, 0, 456, 1348, 1343, 32, 8.04%, 0, 0, 3, 10.64
1747829666, 0, 457, 1348, 1343, 32, 8.04%, 0, 0, 3, 11.30
1747829677, 0, 458, 1348, 1343, 32, 8.04%, 0, 0, 3, 10.85
1747829687, 0, 459, 1348, 1343, 32, 8.04%, 0, 0, 3, 11.06
1747829702, 0, 460, 1348, 1343, 32, 8.04%, 0, 0, 3, 11.70
1747829712, 0, 461, 1348, 1343, 32, 8.04%, 0, 0, 3, 10.86
1747829723, 0, 462, 1348, 1343, 32, 8.04%, 0, 0, 3, 10.69
1747829733, 0, 464, 1348, 1343, 32, 8.04%, 0, 0, 3, 11.00
1747829749, 0, 465, 1348, 1343, 32, 8.04%, 0, 0, 3, 11.13
1747829759, 0, 466, 1348, 1343, 32, 8.04%, 0, 0, 3, 10.44
1747829769, 0, 467, 1348, 1343, 32, 8.04%, 0, 0, 3, 11.00
1747829780, 0, 469, 1348, 1343, 32, 8.04%, 0, 0, 3, 11.02
1747829795, 0, 470, 1348, 1343, 32, 8.04%, 0, 0, 3, 10.66
1747829805, 0, 473, 1348, 1343, 32, 8.04%, 0, 0, 3, 11.37
1747829816, 0, 474, 1348, 1343, 32, 8.04%, 0, 0, 3, 10.63
1747829831, 0, 475, 1348, 1343, 32, 8.04%, 0, 0, 3, 11.84
1747829841, 0, 476, 1348, 1343, 32, 8.04%, 0, 0, 3, 11.61
1747829851, 0, 478, 1348, 1343, 32, 8.04%, 0, 0, 3, 10.59
1747829862, 0, 479, 1348, 1343, 32, 8.04%, 0, 0, 3, 10.73
1747829877, 0, 480, 1348, 1343, 32, 8.04%, 0, 0, 3, 11.48
1747829887, 0, 481, 1348, 1343, 32, 8.04%, 0, 0, 3, 11.27
1747829897, 0, 482, 1348, 1343, 32, 8.04%, 0, 0, 3, 10.52
1747829913, 0, 484, 1348, 1343, 32, 8.04%, 0, 0, 3, 10.87
1747829923, 0, 485, 1348, 1343, 32, 8.04%, 0, 0, 3, 11.05
1747829934, 0, 486, 1348, 1343, 32, 8.04%, 0, 0, 3, 11.38
1747829944, 0, 488, 1348, 1343, 32, 8.04%, 0, 0, 3, 11.51
1747829955, 0, 489, 1348, 1343, 32, 8.04%, 0, 0, 3, 11.32
1747829965, 0, 490, 1348, 1343, 32, 8.04%, 0, 0, 3, 12.19
1747829975, 0, 490, 1349, 1344, 32, 8.04%, 0, 0, 3, 10.41
1747829990, 0, 491, 1349, 1344, 32, 8.04%, 0, 0, 3, 11.75
1747830000, 0, 492, 1349, 1344, 32, 8.04%, 0, 0, 3, 11.92
1747830016, 0, 493, 1349, 1344, 32, 8.04%, 0, 0, 3, 11.48
1747830026, 0, 494, 1349, 1344, 32, 8.04%, 0, 0, 3, 11.94
1747830036, 0, 495, 1349, 1344, 32, 8.04%, 0, 0, 3, 11.86
1747830046, 0, 496, 1349, 1344, 32, 8.04%, 0, 0, 3, 11.11
1747830057, 0, 497, 1349, 1344, 32, 8.04%, 0, 0, 3, 11.84
1747830072, 0, 498, 1349, 1344, 32, 8.04%, 0, 0, 3, 11.59
1747830082, 0, 499, 1349, 1344, 32, 8.04%, 0, 0, 3, 13.39
1747830088, 0, 500, 1349, 1344, 32, 8.04%, 0, 0, 3, 13.60
1747830103, 0, 502, 1349, 1344, 32, 8.04%, 0, 0, 3, 11.80
1747830113, 0, 503, 1349, 1344, 32, 8.04%, 0, 0, 3, 11.27
1747830123, 0, 504, 1349, 1344, 32, 8.04%, 0, 0, 3, 13.23
1747830134, 0, 505, 1349, 1344, 32, 8.04%, 0, 0, 3, 12.39
1747830144, 0, 506, 1349, 1344, 32, 8.04%, 0, 0, 3, 11.10
1747830154, 0, 508, 1349, 1344, 32, 8.04%, 0, 0, 3, 12.07
1747830164, 0, 509, 1349, 1344, 32, 8.04%, 0, 0, 3, 12.67
1747830175, 0, 511, 1349, 1344, 32, 8.04%, 0, 0, 3, 10.91
1747830190, 0, 512, 1349, 1344, 32, 8.04%, 0, 0, 3, 10.87
1747830200, 0, 513, 1349, 1344, 32, 8.04%, 0, 0, 3, 10.95
1747830210, 0, 514, 1349, 1344, 32, 8.04%, 0, 0, 3, 10.96
1747830220, 0, 515, 1349, 1344, 32, 8.04%, 0, 0, 3, 10.91
1747830231, 0, 516, 1349, 1344, 32, 8.04%, 0, 0, 3, 13.10
1747830241, 0, 517, 1349, 1344, 32, 8.04%, 0, 0, 3, 11.25
1747830256, 0, 518, 1349, 1344, 32, 8.04%, 0, 0, 3, 11.43
1747830266, 0, 519, 1349, 1344, 32, 8.04%, 0, 0, 3, 11.61
1747830276, 0, 520, 1349, 1344, 32, 8.04%, 0, 0, 3, 12.45
1747830287, 0, 521, 1349, 1344, 32, 8.04%, 0, 0, 3, 12.41
1747830297, 0, 522, 1349, 1344, 32, 8.04%, 0, 0, 3, 11.88
1747830307, 0, 523, 1349, 1344, 32, 8.04%, 0, 0, 3, 11.11
1747830323, 0, 525, 1349, 1344, 32, 8.04%, 0, 0, 3, 12.29
1747830333, 0, 526, 1349, 1344, 32, 8.04%, 0, 0, 3, 10.73
1747830343, 0, 527, 1349, 1344, 32, 8.04%, 0, 0, 3, 11.75
1747830353, 0, 528, 1349, 1344, 32, 8.04%, 0, 0, 3, 11.67
1747830364, 0, 528, 1350, 1345, 32, 8.04%, 0, 0, 3, 10.00
1747830379, 0, 529, 1350, 1345, 32, 8.04%, 0, 0, 3, 12.23
1747830390, 0, 530, 1350, 1345, 32, 8.04%, 0, 0, 3, 11.18
1747830395, 0, 530, 1351, 1346, 32, 8.04%, 0, 0, 3, 10.90
1747830415, 0, 531, 1351, 1346, 32, 8.04%, 0, 0, 3, 10.58
1747830425, 0, 532, 1351, 1346, 32, 8.04%, 0, 0, 3, 12.13
1747830435, 0, 534, 1351, 1346, 32, 8.04%, 0, 0, 3, 11.34
1747830441, 0, 534, 1352, 1347, 32, 8.04%, 0, 0, 3, 10.28
1747830461, 0, 536, 1352, 1347, 32, 8.04%, 0, 0, 3, 11.38
1747830472, 0, 537, 1352, 1347, 32, 8.04%, 0, 0, 3, 11.61
1747830482, 0, 538, 1352, 1347, 32, 8.04%, 0, 0, 3, 11.64
1747830492, 0, 539, 1352, 1347, 32, 8.04%, 0, 0, 3, 11.73
1747830507, 0, 540, 1352, 1347, 32, 8.04%, 0, 0, 3, 11.45
1747830517, 0, 541, 1352, 1347, 32, 8.04%, 0, 0, 3, 11.55
1747830523, 0, 541, 1353, 1348, 32, 8.04%, 0, 0, 3, 11.37
1747830538, 0, 542, 1353, 1348, 32, 8.04%, 0, 0, 3, 11.45
1747830553, 0, 543, 1353, 1348, 32, 8.04%, 0, 0, 3, 10.99
1747830564, 0, 544, 1353, 1348, 32, 8.04%, 0, 0, 3, 11.16
1747830574, 0, 545, 1353, 1348, 32, 8.04%, 0, 0, 3, 10.92
1747830584, 0, 545, 1354, 1349, 32, 8.11%, 0, 0, 3, 10.86
1747830599, 0, 546, 1354, 1349, 33, 8.11%, 0, 0, 3, 11.81
1747830610, 0, 547, 1354, 1349, 33, 8.11%, 0, 0, 3, 11.14
1747830620, 0, 548, 1354, 1349, 33, 8.11%, 0, 0, 3, 11.42
1747830635, 0, 549, 1354, 1349, 33, 8.11%, 0, 0, 3, 11.22
1747830645, 0, 550, 1354, 1349, 33, 8.11%, 0, 0, 3, 10.85
1747830656, 0, 552, 1354, 1349, 33, 8.11%, 0, 0, 3, 10.78
1747830666, 0, 558, 1354, 1349, 33, 8.11%, 0, 0, 3, 11.75
1747830676, 0, 558, 1355, 1350, 33, 8.11%, 0, 0, 3, 10.65
1747830681, 0, 558, 1356, 1351, 33, 8.11%, 0, 0, 3, 10.36
1747830717, 0, 559, 1356, 1351, 33, 8.11%, 0, 0, 3, 18.84
1747832448, 0, 561, 1356, 1350, 32, 8.11%, 0, 0, 3, 17.08
1747832458, 0, 561, 1357, 1351, 32, 8.19%, 0, 0, 3, 10.96
1747832473, 0, 562, 1357, 1351, 32, 8.19%, 0, 0, 3, 11.42
1747832484, 0, 564, 1357, 1351, 32, 8.19%, 0, 0, 3, 10.79
1747832494, 0, 565, 1357, 1351, 32, 8.19%, 0, 0, 3, 10.56
1747832504, 0, 566, 1357, 1351, 32, 8.19%, 0, 0, 3, 11.01
1747832520, 0, 567, 1357, 1351, 32, 8.19%, 0, 0, 3, 10.72
1747832530, 0, 569, 1357, 1351, 32, 8.19%, 0, 0, 3, 11.01
1747832540, 0, 571, 1357, 1351, 32, 8.19%, 0, 0, 3, 11.71
1747832550, 0, 572, 1357, 1351, 32, 8.19%, 0, 0, 3, 13.44
1747832560, 0, 572, 1358, 1352, 32, 8.19%, 0, 0, 3, 11.07
1747832576, 0, 573, 1358, 1352, 32, 8.19%, 0, 0, 3, 12.80
1747832586, 0, 574, 1358, 1352, 32, 8.19%, 0, 0, 3, 12.50
1747832597, 0, 575, 1358, 1352, 32, 8.19%, 0, 0, 3, 11.85
1747832607, 0, 576, 1358, 1352, 32, 8.19%, 0, 0, 3, 10.84
1747832617, 0, 578, 1358, 1352, 32, 8.19%, 0, 0, 3, 11.05
1747832627, 0, 579, 1358, 1352, 32, 8.19%, 0, 0, 3, 10.73
1747832643, 0, 580, 1358, 1352, 32, 8.19%, 0, 0, 3, 10.92
1747832653, 0, 581, 1358, 1352, 32, 8.19%, 0, 0, 3, 10.69
1747832664, 0, 582, 1358, 1352, 32, 8.19%, 0, 0, 3, 11.78
1747832674, 0, 583, 1358, 1352, 32, 8.19%, 0, 0, 3, 11.20
1747832684, 0, 584, 1358, 1352, 32, 8.19%, 0, 0, 3, 12.75
1747832700, 0, 585, 1358, 1352, 32, 8.19%, 0, 0, 3, 10.53
1747832710, 0, 586, 1358, 1352, 32, 8.19%, 0, 0, 3, 10.90
1747832720, 0, 587, 1358, 1352, 32, 8.19%, 0, 0, 3, 10.91
1747832730, 0, 588, 1358, 1352, 32, 8.19%, 0, 0, 3, 10.86
1747832746, 0, 590, 1358, 1352, 32, 8.19%, 0, 0, 3, 18.23
1747833893, 0, 591, 1359, 1352, 32, 8.19%, 0, 0, 3, 25.59
1747833908, 0, 592, 1359, 1352, 32, 8.19%, 0, 0, 3, 18.76
1747833913, 0, 593, 1359, 1352, 32, 8.19%, 0, 0, 3, 17.90
1747833918, 0, 593, 1360, 1353, 32, 8.20%, 0, 0, 3, 17.75
1747833929, 0, 594, 1360, 1353, 33, 8.20%, 0, 0, 3, 19.52
1747833934, 0, 595, 1360, 1353, 33, 8.20%, 0, 0, 3, 18.74
1747833944, 0, 596, 1360, 1353, 33, 8.20%, 0, 0, 3, 19.15
1747833949, 0, 597, 1360, 1353, 33, 8.20%, 0, 0, 3, 19.02
1747833954, 0, 598, 1360, 1353, 33, 8.20%, 0, 0, 3, 18.50
1747833959, 0, 599, 1360, 1353, 33, 8.20%, 0, 0, 3, 20.22
1747833970, 0, 600, 1360, 1353, 33, 8.20%, 0, 0, 3, 20.30
1747833975, 0, 601, 1360, 1353, 33, 8.20%, 0, 0, 3, 23.05
1747833980, 0, 602, 1360, 1353, 33, 8.20%, 0, 0, 3, 20.05
1747833985, 0, 603, 1360, 1353, 33, 8.20%, 0, 0, 3, 18.98
1747833995, 0, 604, 1360, 1353, 33, 8.20%, 0, 0, 3, 19.36
1747834000, 0, 606, 1360, 1353, 33, 8.20%, 0, 0, 3, 20.62
1747834005, 0, 607, 1360, 1353, 33, 8.20%, 0, 0, 3, 18.38
1747834011, 0, 608, 1360, 1353, 33, 8.20%, 0, 0, 3, 19.36
1747834021, 0, 609, 1360, 1353, 33, 8.20%, 0, 0, 3, 19.92
1747834026, 0, 610, 1360, 1353, 33, 8.20%, 0, 0, 3, 18.19
1747834031, 0, 611, 1360, 1353, 33, 8.20%, 0, 0, 3, 18.23
1747834041, 0, 612, 1360, 1353, 33, 8.20%, 0, 0, 3, 13.23
1747834052, 0, 615, 1360, 1353, 33, 8.20%, 0, 0, 3, 11.07
1747834057, 0, 615, 1361, 1354, 33, 8.21%, 0, 0, 3, 11.17
1747834078, 0, 616, 1361, 1354, 34, 8.21%, 0, 0, 3, 10.52
1747834088, 0, 617, 1361, 1354, 34, 8.21%, 0, 0, 3, 16.80
1747834098, 0, 618, 1361, 1354, 34, 8.21%, 0, 0, 3, 10.81
1747834108, 0, 619, 1361, 1354, 34, 8.21%, 0, 0, 3, 10.54
1747834118, 0, 620, 1361, 1354, 34, 8.21%, 0, 0, 3, 10.76
1747834134, 0, 621, 1361, 1354, 34, 8.21%, 0, 0, 3, 11.06
1747834144, 0, 622, 1361, 1354, 34, 8.21%, 0, 0, 3, 11.49
1747834154, 0, 623, 1361, 1354, 34, 8.21%, 0, 0, 3, 11.33
1747834165, 0, 623, 1362, 1355, 34, 8.21%, 0, 0, 3, 11.58
1747834180, 0, 624, 1362, 1355, 34, 8.21%, 0, 0, 3, 11.63
1747834191, 0, 625, 1362, 1355, 34, 8.21%, 0, 0, 3, 10.52
1747834201, 0, 627, 1362, 1355, 34, 8.21%, 0, 0, 3, 11.37
1747834211, 0, 628, 1362, 1355, 34, 8.21%, 0, 0, 3, 13.08
1747834222, 0, 631, 1362, 1355, 34, 8.21%, 0, 0, 3, 11.52
1747834237, 0, 632, 1362, 1355, 34, 8.21%, 0, 0, 3, 11.45
1747834247, 0, 634, 1362, 1355, 34, 8.21%, 0, 0, 3, 11.09
1747834258, 0, 635, 1362, 1355, 34, 8.21%, 0, 0, 3, 10.81
1747834268, 0, 636, 1362, 1355, 34, 8.21%, 0, 0, 3, 11.21
1747834283, 0, 637, 1362, 1355, 34, 8.21%, 0, 0, 3, 12.95
1747834288, 0, 638, 1362, 1355, 34, 8.21%, 0, 0, 3, 13.68
1747834303, 0, 639, 1362, 1355, 34, 8.21%, 0, 0, 3, 12.41
1747834314, 0, 640, 1362, 1355, 34, 8.21%, 0, 0, 3, 11.45
1747834324, 0, 641, 1362, 1355, 34, 8.21%, 0, 0, 3, 11.66
1747834334, 0, 643, 1362, 1355, 34, 8.21%, 0, 0, 3, 12.21
1747834344, 0, 644, 1362, 1355, 34, 8.21%, 0, 0, 3, 12.16
1747834355, 0, 645, 1362, 1355, 34, 8.21%, 0, 0, 3, 12.23
1747834365, 0, 646, 1362, 1355, 34, 8.21%, 0, 0, 3, 13.03
1747834375, 0, 647, 1362, 1355, 34, 8.21%, 0, 0, 3, 11.28
1747834390, 0, 648, 1362, 1355, 34, 8.21%, 0, 0, 3, 11.89
1747834400, 0, 649, 1362, 1355, 34, 8.21%, 0, 0, 3, 11.02
1747834411, 0, 650, 1362, 1355, 34, 8.21%, 0, 0, 3, 10.92
1747834421, 0, 651, 1362, 1355, 34, 8.21%, 0, 0, 3, 11.41
1747834431, 0, 652, 1362, 1355, 34, 8.21%, 0, 0, 3, 11.01
1747834441, 0, 654, 1362, 1355, 34, 8.21%, 0, 0, 3, 12.02
1747834457, 0, 655, 1362, 1355, 34, 8.21%, 0, 0, 3, 11.14
1747834467, 0, 657, 1362, 1355, 34, 8.21%, 0, 0, 3, 10.87
1747834477, 0, 658, 1362, 1355, 34, 8.21%, 0, 0, 3, 10.79
1747834493, 0, 659, 1362, 1355, 34, 8.21%, 0, 0, 3, 11.82
1747834503, 0, 660, 1362, 1355, 34, 8.21%, 0, 0, 3, 11.01
1747834513, 0, 661, 1362, 1355, 34, 8.21%, 0, 0, 3, 10.66
1747834524, 0, 662, 1362, 1355, 34, 8.21%, 0, 0, 3, 11.08
1747834534, 0, 663, 1362, 1355, 34, 8.21%, 0, 0, 3, 12.47
1747834549, 0, 664, 1362, 1355, 34, 8.21%, 0, 0, 3, 10.84
1747834559, 0, 666, 1362, 1355, 34, 8.21%, 0, 0, 3, 11.03
1747834575, 0, 670, 1362, 1355, 34, 8.21%, 0, 0, 3, 11.34
1747834585, 0, 671, 1362, 1355, 34, 8.21%, 0, 0, 3, 13.40
1747834590, 0, 672, 1362, 1355, 34, 8.21%, 0, 0, 3, 13.82
1747834600, 0, 675, 1362, 1355, 34, 8.21%, 0, 0, 3, 12.08
1747834616, 0, 676, 1362, 1355, 34, 8.21%, 0, 0, 3, 10.95
1747834626, 0, 678, 1362, 1355, 34, 8.21%, 0, 0, 3, 10.98
1747834636, 0, 679, 1362, 1355, 34, 8.21%, 0, 0, 3, 11.02
1747834647, 0, 680, 1362, 1355, 34, 8.21%, 0, 0, 3, 11.16
1747834662, 0, 680, 1363, 1356, 34, 8.21%, 0, 0, 3, 10.87
1747834672, 0, 681, 1363, 1356, 34, 8.21%, 0, 0, 3, 10.87
1747834682, 0, 683, 1363, 1356, 34, 8.21%, 0, 0, 3, 11.18
1747834698, 0, 684, 1363, 1356, 34, 8.21%, 0, 0, 3, 11.13
1747834708, 0, 686, 1363, 1356, 34, 8.21%, 0, 0, 3, 11.24
1747834718, 0, 687, 1363, 1356, 34, 8.21%, 0, 0, 3, 10.34
1747834733, 0, 689, 1363, 1356, 34, 8.21%, 0, 0, 3, 11.43
1747834744, 0, 690, 1363, 1356, 34, 8.21%, 0, 0, 3, 11.88
1747834754, 0, 692, 1363, 1356, 34, 8.21%, 0, 0, 3, 10.80
1747834764, 0, 694, 1363, 1356, 34, 8.21%, 0, 0, 3, 10.80
1747834769, 0, 694, 1364, 1357, 34, 8.21%, 0, 0, 3, 9.73
1747834790, 0, 695, 1364, 1357, 34, 8.21%, 0, 0, 3, 10.89
1747834805, 0, 696, 1364, 1357, 34, 8.21%, 0, 0, 3, 11.87
1747834815, 0, 697, 1364, 1357, 34, 8.21%, 0, 0, 3, 10.61
1747834826, 0, 698, 1364, 1357, 34, 8.21%, 0, 0, 3, 10.99
1747834831, 0, 698, 1365, 1358, 34, 8.21%, 0, 0, 3, 10.50
1747834851, 0, 699, 1365, 1358, 34, 8.21%, 0, 0, 3, 10.67
1747834861, 0, 701, 1365, 1358, 34, 8.21%, 0, 0, 3, 10.77
1747834872, 0, 701, 1366, 1359, 34, 8.21%, 0, 0, 3, 10.22
1747834887, 0, 702, 1366, 1359, 34, 8.21%, 0, 0, 3, 10.90
1747834892, 0, 702, 1367, 1360, 34, 8.22%, 0, 0, 3, 10.12
1747834913, 0, 703, 1367, 1360, 35, 8.22%, 0, 0, 3, 12.95
1747834923, 0, 704, 1367, 1360, 35, 8.22%, 0, 0, 3, 12.75
1747834933, 0, 705, 1367, 1360, 35, 8.22%, 0, 0, 3, 12.08
1747834943, 0, 707, 1367, 1360, 35, 8.22%, 0, 0, 3, 10.70
1747834959, 0, 708, 1367, 1360, 35, 8.22%, 0, 0, 3, 10.52
1747834969, 0, 709, 1367, 1360, 35, 8.22%, 0, 0, 3, 10.59
1747834979, 0, 710, 1367, 1360, 35, 8.22%, 0, 0, 3, 11.67
1747834989, 0, 711, 1367, 1360, 35, 8.22%, 0, 0, 3, 12.10
1747835004, 0, 712, 1367, 1360, 35, 8.22%, 0, 0, 3, 11.12
1747835015, 0, 715, 1367, 1360, 35, 8.22%, 0, 0, 3, 11.05
1747835025, 0, 716, 1367, 1360, 35, 8.22%, 0, 0, 3, 11.39
1747835035, 0, 717, 1367, 1360, 35, 8.22%, 0, 0, 3, 17.10
1747835066, 0, 717, 1368, 1361, 35, 8.22%, 0, 0, 3, 19.37
1747837416, 0, 718, 1368, 1360, 34, 8.22%, 0, 0, 3, 16.75
1747837426, 0, 719, 1368, 1360, 34, 8.22%, 0, 0, 3, 12.19
1747837442, 0, 720, 1368, 1360, 34, 8.22%, 0, 0, 3, 13.17
1747837447, 0, 721, 1368, 1360, 34, 8.22%, 0, 0, 3, 13.10
1747837452, 0, 721, 1369, 1361, 34, 8.22%, 0, 0, 3, 10.99
1747837473, 0, 722, 1369, 1361, 34, 8.22%, 0, 0, 3, 11.15
1747837488, 0, 723, 1369, 1361, 34, 8.22%, 0, 0, 3, 11.33
1747837498, 0, 724, 1369, 1361, 34, 8.22%, 0, 0, 3, 11.60
1747837508, 0, 726, 1369, 1361, 34, 8.22%, 0, 0, 3, 10.95
1747837519, 0, 727, 1369, 1361, 34, 8.22%, 0, 0, 3, 10.97
1747837534, 0, 728, 1369, 1361, 34, 8.22%, 0, 0, 3, 10.86
1747837544, 0, 729, 1369, 1361, 34, 8.22%, 0, 0, 3, 10.80
1747837554, 0, 730, 1369, 1361, 34, 8.22%, 0, 0, 3, 11.26
1747837570, 0, 731, 1370, 1362, 34, 8.22%, 0, 0, 3, 10.08
1747837590, 0, 732, 1370, 1362, 34, 8.22%, 0, 0, 3, 10.79
1747837606, 0, 733, 1370, 1362, 34, 8.22%, 0, 0, 3, 13.12
1747837611, 0, 734, 1370, 1362, 34, 8.22%, 0, 0, 3, 13.69
1747837626, 0, 736, 1370, 1362, 34, 8.22%, 0, 0, 3, 10.99
1747837637, 0, 737, 1370, 1362, 34, 8.22%, 0, 0, 3, 11.16
1747837647, 0, 739, 1370, 1362, 34, 8.22%, 0, 0, 3, 11.11
1747837657, 0, 740, 1370, 1362, 34, 8.22%, 0, 0, 3, 11.39
1747837673, 0, 741, 1370, 1362, 34, 8.22%, 0, 0, 3, 11.86
1747837683, 0, 742, 1370, 1362, 34, 8.22%, 0, 0, 3, 11.20
1747837693, 0, 743, 1370, 1362, 34, 8.22%, 0, 0, 3, 11.87
1747837703, 0, 744, 1370, 1362, 34, 8.22%, 0, 0, 3, 10.90
1747837719, 0, 745, 1370, 1362, 34, 8.22%, 0, 0, 3, 11.18
1747837729, 0, 747, 1370, 1362, 34, 8.22%, 0, 0, 3, 10.20
1747837739, 0, 748, 1370, 1362, 34, 8.22%, 0, 0, 3, 11.20
1747837755, 0, 750, 1370, 1362, 34, 8.22%, 0, 0, 3, 10.82
1747837765, 0, 751, 1370, 1362, 34, 8.22%, 0, 0, 3, 10.77
1747837776, 0, 752, 1370, 1362, 34, 8.22%, 0, 0, 3, 11.25
1747837791, 0, 753, 1370, 1362, 34, 8.22%, 0, 0, 3, 10.98
1747837801, 0, 755, 1370, 1362, 34, 8.22%, 0, 0, 3, 11.64
1747837812, 0, 756, 1370, 1362, 34, 8.22%, 0, 0, 3, 10.78
1747837817, 0, 756, 1371, 1363, 34, 8.22%, 0, 0, 3, 10.82
1747837837, 0, 757, 1371, 1363, 34, 8.22%, 0, 0, 3, 10.92
1747837848, 0, 759, 1371, 1363, 34, 8.22%, 0, 0, 3, 11.14
1747837858, 0, 760, 1371, 1363, 34, 8.22%, 0, 0, 3, 12.98
1747837868, 0, 761, 1371, 1363, 34, 8.22%, 0, 0, 3, 12.37
1747837878, 0, 762, 1371, 1363, 34, 8.22%, 0, 0, 3, 11.74
1747837889, 0, 763, 1371, 1363, 34, 8.22%, 0, 0, 3, 10.76
1747837904, 0, 764, 1371, 1363, 34, 8.22%, 0, 0, 3, 10.95
1747837914, 0, 765, 1371, 1363, 34, 8.22%, 0, 0, 3, 10.84
1747837924, 0, 766, 1371, 1363, 34, 8.22%, 0, 0, 3, 10.80
1747837934, 0, 767, 1372, 1364, 34, 8.22%, 0, 0, 3, 10.82
1747837960, 0, 768, 1372, 1364, 34, 8.22%, 0, 0, 3, 11.67
1747837976, 0, 769, 1372, 1364, 34, 8.22%, 0, 0, 3, 10.82
1747837986, 0, 770, 1373, 1365, 34, 8.22%, 0, 0, 3, 10.21
1747838011, 0, 772, 1373, 1365, 34, 8.22%, 0, 0, 3, 10.73
1747838021, 0, 773, 1373, 1365, 34, 8.22%, 0, 0, 3, 11.42
1747838032, 0, 774, 1373, 1365, 34, 8.22%, 0, 0, 3, 11.10
1747838047, 0, 775, 1373, 1365, 34, 8.22%, 0, 0, 3, 10.61
1747838057, 0, 776, 1373, 1365, 34, 8.22%, 0, 0, 3, 10.62
1747838067, 0, 784, 1373, 1365, 34, 8.22%, 0, 0, 3, 10.76
1747838083, 0, 785, 1373, 1365, 34, 8.22%, 0, 0, 3, 10.81
1747838093, 0, 786, 1373, 1365, 34, 8.22%, 0, 0, 3, 10.57
1747838103, 0, 787, 1373, 1365, 34, 8.22%, 0, 0, 3, 10.97
1747838119, 0, 788, 1373, 1365, 34, 8.22%, 0, 0, 3, 11.18
1747838129, 0, 789, 1373, 1365, 34, 8.22%, 0, 0, 3, 10.97
1747838139, 0, 790, 1373, 1365, 34, 8.22%, 0, 0, 3, 11.17
1747838149, 0, 791, 1373, 1365, 34, 8.22%, 0, 0, 3, 10.43
1747838165, 0, 793, 1373, 1365, 34, 8.22%, 0, 0, 3, 12.15
1747838175, 0, 794, 1374, 1366, 34, 8.22%, 0, 0, 3, 10.59
1747838180, 0, 794, 1375, 1367, 34, 8.22%, 0, 0, 3, 9.18
1747838185, 0, 794, 1377, 1369, 34, 8.22%, 0, 0, 3, 9.49
1747838190, 0, 794, 1378, 1370, 34, 8.22%, 0, 0, 3, 9.30
1747838386, 0, 794, 1379, 1371, 34, 8.22%, 0, 0, 3, 10.05
1747838401, 0, 794, 1380, 1372, 34, 8.22%, 0, 0, 3, 10.14
1747838442, 0, 794, 1381, 1373, 34, 8.22%, 0, 0, 3, 10.31
1747838489, 0, 794, 1382, 1374, 34, 8.22%, 0, 0, 3, 10.05
1747838504, 0, 794, 1383, 1375, 34, 8.24%, 0, 0, 3, 10.96
1747838561, 0, 794, 1384, 1376, 34, 8.24%, 0, 0, 3, 9.84
1747838571, 0, 795, 1384, 1376, 34, 8.24%, 0, 0, 3, 10.94
1747838581, 0, 796, 1385, 1377, 34, 8.24%, 0, 0, 3, 10.88
1747838607, 0, 800, 1385, 1377, 34, 8.24%, 0, 0, 3, 11.16
1747838617, 0, 802, 1385, 1377, 34, 8.24%, 0, 0, 3, 10.33
1747838628, 0, 803, 1385, 1377, 34, 8.24%, 0, 0, 3, 11.43
1747838643, 0, 803, 1386, 1378, 34, 8.24%, 0, 0, 3, 9.87
1747838653, 0, 804, 1386, 1378, 34, 8.24%, 0, 0, 3, 10.77
1747838668, 0, 805, 1387, 1379, 34, 8.24%, 0, 0, 3, 9.75
1747838694, 0, 806, 1387, 1379, 34, 8.24%, 0, 0, 3, 11.72
1747838704, 0, 807, 1387, 1379, 34, 8.24%, 0, 0, 3, 11.51
1747838709, 0, 807, 1388, 1380, 34, 8.24%, 0, 0, 3, 11.26
1747838725, 0, 810, 1388, 1380, 34, 8.24%, 0, 0, 3, 10.72
1747838740, 0, 811, 1388, 1380, 34, 8.24%, 0, 0, 3, 11.51
1747838750, 0, 812, 1388, 1380, 34, 8.24%, 0, 0, 3, 11.66
1747838760, 0, 813, 1388, 1380, 34, 8.24%, 0, 0, 3, 11.55
1747838770, 0, 814, 1388, 1380, 34, 8.24%, 0, 0, 3, 10.92
1747838786, 0, 815, 1388, 1380, 34, 8.24%, 0, 0, 3, 10.45
1747838796, 0, 816, 1389, 1381, 34, 8.24%, 0, 0, 3, 10.59
1747838822, 0, 820, 1389, 1381, 34, 8.24%, 0, 0, 3, 10.95
1747838832, 0, 822, 1389, 1381, 34, 8.24%, 0, 0, 3, 15.01
1747841638, 0, 824, 1389, 1380, 33, 8.24%, 0, 0, 3, 26.34
1747841643, 0, 825, 1389, 1380, 33, 8.24%, 0, 0, 3, 21.70
1747841648, 0, 826, 1389, 1380, 33, 8.24%, 0, 0, 3, 18.77
1747841658, 0, 827, 1389, 1380, 33, 8.24%, 0, 0, 3, 18.95
1747841663, 0, 828, 1389, 1380, 33, 8.24%, 0, 0, 3, 19.27
1747841669, 0, 829, 1389, 1380, 33, 8.24%, 0, 0, 3, 18.13
1747841679, 0, 830, 1389, 1380, 33, 8.24%, 0, 0, 3, 19.17
1747841684, 0, 831, 1389, 1380, 33, 8.24%, 0, 0, 3, 17.88
1747841694, 0, 832, 1389, 1380, 33, 8.24%, 0, 0, 3, 17.50
1747841699, 0, 833, 1389, 1380, 33, 8.24%, 0, 0, 3, 17.35
1747841704, 0, 834, 1389, 1380, 33, 8.24%, 0, 0, 3, 18.13
1747841715, 0, 835, 1389, 1380, 33, 8.24%, 0, 0, 3, 18.45
1747841720, 0, 836, 1389, 1380, 33, 8.24%, 0, 0, 3, 18.56
1747841725, 0, 837, 1389, 1380, 33, 8.24%, 0, 0, 3, 19.25
1747841735, 0, 841, 1389, 1380, 33, 8.24%, 0, 0, 3, 18.83
1747841740, 0, 842, 1389, 1380, 33, 8.24%, 0, 0, 3, 24.34
1747844496, 0, 844, 1389, 1379, 32, 8.24%, 0, 0, 3, 14.90
1747844511, 0, 846, 1390, 1380, 32, 8.24%, 0, 0, 3, 9.84
1747844537, 0, 847, 1390, 1380, 32, 8.24%, 0, 0, 3, 11.04
1747844547, 0, 849, 1390, 1380, 32, 8.24%, 0, 0, 3, 11.13
1747844557, 0, 850, 1390, 1380, 32, 8.24%, 0, 0, 3, 11.38
1747844568, 0, 851, 1390, 1380, 32, 8.24%, 0, 0, 3, 11.70
1747844578, 0, 852, 1390, 1380, 32, 8.24%, 0, 0, 3, 12.19
1747844593, 0, 854, 1390, 1380, 32, 8.24%, 0, 0, 3, 10.94
1747844603, 0, 854, 1391, 1381, 32, 8.24%, 0, 0, 3, 10.51
1747844614, 0, 855, 1391, 1381, 32, 8.24%, 0, 0, 3, 10.41
1747844629, 0, 857, 1391, 1381, 32, 8.24%, 0, 0, 3, 11.36
1747844639, 0, 858, 1391, 1381, 32, 8.24%, 0, 0, 3, 12.03
1747844649, 0, 859, 1391, 1381, 32, 8.24%, 0, 0, 3, 11.11
1747844654, 0, 859, 1392, 1382, 32, 8.24%, 0, 0, 3, 10.37
1747844675, 0, 860, 1392, 1382, 32, 8.24%, 0, 0, 3, 10.52
1747844685, 0, 861, 1392, 1382, 32, 8.24%, 0, 0, 3, 10.71
1747844690, 0, 861, 1393, 1383, 32, 8.24%, 0, 0, 3, 10.80
1747844711, 0, 862, 1393, 1383, 32, 8.24%, 0, 0, 3, 10.91
1747844726, 0, 863, 1393, 1383, 32, 8.24%, 0, 0, 3, 11.27
1747844737, 0, 864, 1393, 1383, 32, 8.24%, 0, 0, 3, 11.39
1747844747, 0, 865, 1393, 1383, 32, 8.24%, 0, 0, 3, 12.51
1747844757, 0, 866, 1393, 1383, 32, 8.24%, 0, 0, 3, 11.74
1747844762, 0, 866, 1394, 1384, 32, 8.24%, 0, 0, 3, 10.23
1747844782, 0, 866, 1395, 1385, 32, 8.24%, 0, 0, 3, 9.73
1747844793, 0, 866, 1396, 1386, 32, 8.24%, 0, 0, 3, 10.54
1747844855, 0, 867, 1396, 1386, 32, 8.24%, 0, 0, 3, 11.01
1747844865, 0, 868, 1396, 1386, 32, 8.24%, 0, 0, 3, 11.40
1747844875, 0, 868, 1397, 1387, 32, 8.24%, 0, 0, 3, 11.64
1747844890, 0, 869, 1397, 1387, 32, 8.24%, 0, 0, 3, 10.53
1747844901, 0, 869, 1398, 1388, 32, 8.24%, 0, 0, 3, 9.81
1747844906, 0, 869, 1399, 1389, 32, 8.24%, 0, 0, 3, 9.73
1747844921, 0, 869, 1400, 1390, 32, 8.24%, 0, 0, 3, 10.56
1747844957, 0, 869, 1401, 1391, 32, 8.24%, 0, 0, 3, 9.66
1747844998, 0, 869, 1402, 1392, 32, 8.24%, 0, 0, 3, 9.68
1747845024, 0, 869, 1403, 1393, 32, 8.24%, 0, 0, 3, 10.13
1747845034, 0, 869, 1404, 1394, 32, 8.24%, 0, 0, 3, 9.84
1747845091, 0, 869, 1405, 1395, 32, 8.24%, 0, 0, 3, 10.12
1747845163, 0, 869, 1406, 1396, 32, 8.24%, 0, 0, 3, 10.10
1747845292, 0, 871, 1406, 1396, 32, 8.24%, 0, 0, 3, 11.16
1747845302, 0, 872, 1406, 1396, 32, 8.24%, 0, 0, 3, 11.53
1747845312, 0, 873, 1406, 1396, 32, 8.24%, 0, 0, 3, 11.36
1747845322, 0, 873, 1407, 1397, 32, 8.24%, 0, 0, 3, 9.65
1747845338, 0, 874, 1407, 1397, 32, 8.24%, 0, 0, 3, 10.49
1747845348, 0, 876, 1407, 1397, 32, 8.24%, 0, 0, 3, 11.14
1747845364, 0, 877, 1407, 1397, 32, 8.24%, 0, 0, 3, 10.95
1747845374, 0, 878, 1407, 1397, 32, 8.24%, 0, 0, 3, 9.84
1747845389, 0, 879, 1407, 1397, 32, 8.24%, 0, 0, 3, 10.88
1747845400, 0, 880, 1407, 1397, 32, 8.24%, 0, 0, 3, 9.88
1747845410, 0, 881, 1407, 1397, 32, 8.24%, 0, 0, 3, 11.48
1747845415, 0, 881, 1408, 1398, 32, 8.24%, 0, 0, 3, 10.54
1747845420, 0, 881, 1409, 1399, 32, 8.25%, 0, 0, 3, 10.42
1747845430, 0, 881, 1410, 1400, 32, 8.25%, 0, 0, 3, 10.55
1747845441, 0, 881, 1411, 1401, 32, 8.25%, 0, 0, 3, 9.70
1747845446, 0, 881, 1412, 1402, 32, 8.25%, 0, 0, 3, 9.22
1747845466, 0, 881, 1413, 1403, 32, 8.25%, 0, 0, 3, 10.38
1747845513, 0, 881, 1414, 1404, 32, 8.25%, 0, 0, 3, 10.19
1747845667, 0, 881, 1415, 1405, 32, 8.25%, 0, 0, 3, 9.15
1747845805, 0, 882, 1415, 1405, 33, 8.25%, 0, 0, 3, 11.15
1747845821, 0, 883, 1415, 1405, 33, 8.25%, 0, 0, 3, 10.54
1747845831, 0, 884, 1415, 1405, 33, 8.25%, 0, 0, 3, 11.00
1747845846, 0, 885, 1415, 1405, 33, 8.25%, 0, 0, 3, 11.03
1747845856, 0, 886, 1415, 1405, 33, 8.25%, 0, 0, 3, 10.46
1747845867, 0, 886, 1416, 1406, 33, 8.25%, 0, 0, 3, 10.01
1747845882, 0, 886, 1417, 1407, 33, 8.25%, 0, 0, 3, 9.73
1747845903, 0, 886, 1418, 1408, 33, 8.25%, 0, 0, 3, 10.35
1747845908, 0, 886, 1419, 1409, 33, 8.25%, 0, 0, 3, 9.53
1747845939, 0, 886, 1420, 1410, 33, 8.25%, 0, 0, 3, 10.55
1747845954, 0, 886, 1421, 1411, 33, 8.25%, 0, 0, 3, 10.96
1747846021, 0, 886, 1422, 1412, 33, 8.25%, 0, 0, 3, 10.81
1747846072, 0, 886, 1423, 1413, 33, 8.25%, 0, 0, 3, 9.69
1747846251, 0, 886, 1424, 1414, 33, 8.25%, 0, 0, 3, 10.42
1747846256, 0, 887, 1424, 1414, 33, 8.25%, 0, 0, 3, 11.19
1747846266, 0, 888, 1424, 1414, 33, 8.25%, 0, 0, 3, 10.87
1747846276, 0, 889, 1424, 1414, 33, 8.25%, 0, 0, 3, 11.17
1747846292, 0, 891, 1424, 1414, 33, 8.25%, 0, 0, 3, 11.48
1747846302, 0, 894, 1424, 1414, 33, 8.25%, 0, 0, 3, 11.76
1747846312, 0, 896, 1424, 1414, 33, 8.25%, 0, 0, 3, 11.16
1747846317, 0, 896, 1425, 1415, 33, 8.25%, 0, 0, 3, 10.32
1747846323, 0, 896, 1426, 1416, 33, 8.25%, 0, 0, 3, 9.73
1747846348, 0, 896, 1427, 1417, 33, 8.25%, 0, 0, 3, 10.06
1747846414, 0, 897, 1427, 1417, 33, 8.25%, 0, 0, 3, 11.49
1747846425, 0, 898, 1427, 1417, 33, 8.25%, 0, 0, 3, 11.62
1747846435, 0, 899, 1427, 1417, 33, 8.25%, 0, 0, 3, 11.16
1747846450, 0, 900, 1427, 1417, 33, 8.25%, 0, 0, 3, 9.97
1747846460, 0, 902, 1427, 1417, 33, 8.25%, 0, 0, 3, 10.17
1747846476, 0, 904, 1427, 1417, 33, 8.25%, 0, 0, 3, 10.30
1747846486, 0, 904, 1428, 1418, 33, 8.25%, 0, 0, 3, 10.15
1747846491, 0, 904, 1429, 1419, 33, 8.25%, 0, 0, 3, 9.71
1747846527, 0, 905, 1429, 1419, 34, 8.25%, 0, 0, 3, 10.59
1747846537, 0, 906, 1429, 1419, 34, 8.25%, 0, 0, 3, 11.37
1747846547, 0, 907, 1429, 1419, 34, 8.25%, 0, 0, 3, 12.05
1747846557, 0, 908, 1429, 1419, 34, 8.25%, 0, 0, 3, 11.81
1747846572, 0, 909, 1430, 1420, 34, 8.25%, 0, 0, 3, 10.37
1747846593, 0, 909, 1431, 1421, 34, 8.25%, 0, 0, 3, 10.03
1747846609, 0, 909, 1432, 1422, 34, 8.26%, 0, 0, 3, 9.26
1747846619, 0, 909, 1433, 1423, 34, 8.26%, 0, 0, 3, 9.32
1747846716, 0, 909, 1434, 1424, 34, 8.26%, 0, 0, 3, 10.06
1747846727, 0, 909, 1435, 1425, 34, 8.26%, 0, 0, 3, 10.43
1747846742, 0, 909, 1436, 1426, 34, 8.26%, 0, 0, 3, 9.78
1747846870, 0, 909, 1437, 1427, 34, 8.26%, 0, 0, 3, 10.11
1747846896, 0, 909, 1438, 1428, 34, 8.26%, 0, 0, 3, 8.96
1747846978, 0, 910, 1439, 1429, 36, 8.26%, 0, 0, 3, 10.66
1747846983, 0, 910, 1440, 1430, 36, 8.26%, 0, 0, 3, 9.82
1747846998, 0, 910, 1441, 1431, 36, 8.26%, 0, 0, 3, 10.13
1747847034, 0, 911, 1441, 1431, 36, 8.26%, 0, 0, 3, 9.87
1747847044, 0, 912, 1442, 1432, 36, 8.26%, 0, 0, 3, 9.84
1747847069, 0, 913, 1443, 1433, 36, 8.26%, 0, 0, 3, 10.10
1747847095, 0, 914, 1443, 1433, 36, 8.26%, 0, 0, 3, 10.06
1747847111, 0, 915, 1443, 1433, 36, 8.26%, 0, 0, 3, 10.17
1747847121, 0, 916, 1443, 1433, 36, 8.26%, 0, 0, 3, 10.87
1747847131, 0, 917, 1443, 1433, 36, 8.26%, 0, 0, 3, 11.33
1747847142, 0, 919, 1443, 1433, 36, 8.26%, 0, 0, 3, 11.20
1747847157, 0, 920, 1444, 1434, 36, 8.26%, 0, 0, 3, 9.98
1747847182, 0, 921, 1444, 1434, 36, 8.26%, 0, 0, 3, 11.03
1747847193, 0, 924, 1444, 1434, 36, 8.26%, 0, 0, 3, 11.31
1747847203, 0, 925, 1444, 1434, 36, 8.26%, 0, 0, 3, 10.48
1747847218, 0, 926, 1444, 1434, 36, 8.26%, 0, 0, 3, 10.58
1747847228, 0, 927, 1444, 1434, 36, 8.26%, 0, 0, 3, 10.32
1747847239, 0, 927, 1445, 1435, 36, 8.26%, 0, 0, 3, 10.53
1747847254, 0, 928, 1445, 1435, 37, 8.26%, 0, 0, 3, 11.04
1747847269, 0, 929, 1445, 1435, 37, 8.26%, 0, 0, 3, 10.49
1747847280, 0, 931, 1445, 1435, 37, 8.26%, 0, 0, 3, 9.99
1747847295, 0, 933, 1445, 1435, 37, 8.26%, 0, 0, 3, 10.88
1747847305, 0, 934, 1445, 1435, 37, 8.26%, 0, 0, 3, 11.25
1747847315, 0, 936, 1445, 1435, 37, 8.26%, 0, 0, 3, 10.16
1747847330, 0, 937, 1445, 1435, 37, 8.26%, 0, 0, 3, 10.87
1747847341, 0, 938, 1445, 1435, 37, 8.26%, 0, 0, 3, 10.40
1747847351, 0, 938, 1446, 1436, 37, 8.26%, 0, 0, 3, 9.24
1747847366, 0, 938, 1447, 1437, 37, 8.26%, 0, 0, 3, 9.05
1747847377, 0, 938, 1448, 1438, 37, 8.27%, 0, 0, 3, 9.70
1747847417, 0, 938, 1449, 1439, 37, 8.27%, 0, 0, 3, 9.57
1747847448, 0, 938, 1450, 1440, 37, 8.27%, 0, 0, 3, 10.11
1747847489, 0, 938, 1451, 1441, 37, 8.27%, 0, 0, 3, 10.07
1747847550, 0, 938, 1452, 1442, 37, 8.27%, 0, 0, 3, 9.87
1747847607, 0, 938, 1453, 1443, 37, 8.27%, 0, 0, 3, 9.62
1747847622, 0, 938, 1454, 1444, 37, 8.27%, 0, 0, 3, 10.08
1747847694, 0, 938, 1455, 1445, 37, 8.27%, 0, 0, 3, 9.91
1747847730, 0, 938, 1456, 1446, 37, 8.27%, 0, 0, 3, 9.57
1747847755, 0, 939, 1456, 1446, 35, 8.27%, 0, 0, 3, 9.19
1747847761, 0, 939, 1457, 1447, 35, 8.27%, 0, 0, 3, 9.36
1747847781, 0, 941, 1457, 1447, 35, 8.27%, 0, 0, 3, 10.59
1747847791, 0, 942, 1457, 1447, 35, 8.27%, 0, 0, 3, 10.75
1747847807, 0, 943, 1457, 1447, 35, 8.27%, 0, 0, 3, 11.14
1747847817, 0, 944, 1457, 1447, 35, 8.27%, 0, 0, 3, 10.43
1747847827, 0, 946, 1457, 1447, 35, 8.27%, 0, 0, 3, 11.00
1747847842, 0, 947, 1457, 1447, 35, 8.27%, 0, 0, 3, 11.92
1747847853, 0, 948, 1457, 1447, 35, 8.27%, 0, 0, 3, 10.85
1747847863, 0, 950, 1457, 1447, 35, 8.27%, 0, 0, 3, 9.98
1747847878, 0, 953, 1457, 1447, 35, 8.27%, 0, 0, 3, 10.51
1747847888, 0, 954, 1457, 1447, 35, 8.27%, 0, 0, 3, 10.50
1747847903, 0, 956, 1458, 1448, 35, 8.27%, 0, 0, 3, 10.46
1747847909, 0, 956, 1460, 1450, 35, 8.27%, 0, 0, 3, 8.94
1747848001, 0, 957, 1460, 1450, 35, 8.27%, 0, 0, 3, 10.93
1747848012, 0, 957, 1461, 1451, 35, 8.27%, 0, 0, 3, 9.61
1747848027, 0, 958, 1461, 1451, 35, 8.27%, 0, 0, 3, 10.44
1747848032, 0, 958, 1462, 1452, 35, 8.27%, 0, 0, 3, 9.87
1747848042, 0, 958, 1463, 1453, 35, 8.27%, 0, 0, 3, 9.95
1747848078, 0, 958, 1464, 1454, 35, 8.27%, 0, 0, 3, 9.07
1747848129, 0, 958, 1465, 1455, 35, 8.27%, 0, 0, 3, 9.60
1747848180, 0, 958, 1467, 1457, 35, 8.27%, 0, 0, 3, 9.49
1747848191, 0, 958, 1468, 1458, 35, 8.27%, 0, 0, 3, 10.27
1747848232, 0, 958, 1469, 1459, 35, 8.27%, 0, 0, 3, 8.77
1747848422, 0, 958, 1470, 1460, 35, 8.27%, 0, 0, 3, 9.90
1747848432, 0, 960, 1470, 1460, 36, 8.27%, 0, 0, 3, 11.10
1747848443, 0, 960, 1472, 1462, 36, 8.27%, 0, 0, 3, 9.77
1747848448, 0, 960, 1473, 1463, 36, 8.27%, 0, 0, 3, 8.80
1747848474, 0, 960, 1474, 1464, 36, 8.27%, 0, 0, 3, 9.70
1747848535, 0, 960, 1475, 1465, 36, 8.27%, 0, 0, 3, 9.82
1747848550, 0, 960, 1476, 1466, 36, 8.27%, 0, 0, 3, 10.20
1747848571, 0, 960, 1477, 1467, 36, 8.27%, 0, 0, 3, 9.47
1747848576, 0, 960, 1478, 1468, 36, 8.29%, 0, 0, 3, 8.87
1747848597, 0, 960, 1479, 1469, 36, 8.29%, 0, 0, 3, 9.40
1747848694, 0, 960, 1480, 1470, 36, 8.29%, 0, 0, 3, 9.37
1747848771, 0, 960, 1481, 1471, 36, 8.29%, 0, 0, 3, 10.53
1747848842, 0, 961, 1481, 1471, 37, 8.29%, 0, 0, 3, 10.71
1747848853, 0, 962, 1481, 1471, 37, 8.29%, 0, 0, 3, 11.49
1747848868, 0, 963, 1481, 1471, 37, 8.29%, 0, 0, 3, 10.59
1747848878, 0, 964, 1481, 1471, 37, 8.29%, 0, 0, 3, 11.21
1747848888, 0, 965, 1481, 1471, 37, 8.29%, 0, 0, 3, 11.20
1747848894, 0, 965, 1482, 1472, 37, 8.29%, 0, 0, 3, 9.33
1747848919, 0, 966, 1482, 1472, 37, 8.29%, 0, 0, 3, 9.93
1747848929, 0, 967, 1482, 1472, 37, 8.29%, 0, 0, 3, 10.34
1747848940, 0, 968, 1482, 1472, 37, 8.29%, 0, 0, 3, 10.69
1747848950, 0, 968, 1483, 1473, 37, 8.29%, 0, 0, 3, 9.66
1747848965, 0, 969, 1483, 1473, 37, 8.29%, 0, 0, 3, 10.56
1747848981, 0, 970, 1483, 1473, 37, 8.29%, 0, 0, 3, 11.04
1747848991, 0, 971, 1483, 1473, 37, 8.29%, 0, 0, 3, 10.43
1747849001, 0, 972, 1483, 1473, 37, 8.29%, 0, 0, 3, 11.08
1747849012, 0, 973, 1483, 1473, 37, 8.29%, 0, 0, 3, 10.96
1747849027, 0, 974, 1483, 1473, 37, 8.29%, 0, 0, 3, 11.07
1747849037, 0, 976, 1483, 1473, 37, 8.29%, 0, 0, 3, 9.85
1747849042, 0, 976, 1484, 1474, 37, 8.29%, 0, 0, 3, 9.38
1747849068, 0, 978, 1484, 1474, 37, 8.29%, 0, 0, 3, 10.38
1747849078, 0, 979, 1484, 1474, 37, 8.29%, 0, 0, 3, 10.43
1747849089, 0, 981, 1484, 1474, 37, 8.29%, 0, 0, 3, 10.20
1747849104, 0, 982, 1484, 1474, 37, 8.29%, 0, 0, 3, 13.39
1747852736, 0, 983, 1484, 1473, 36, 8.29%, 0, 0, 3, 11.53
1747852747, 0, 983, 1485, 1474, 36, 8.29%, 0, 0, 4, 9.60
1747852762, 0, 984, 1485, 1474, 36, 8.29%, 0, 0, 4, 10.37
1747852777, 0, 986, 1486, 1475, 36, 8.29%, 0, 0, 4, 9.21
1747852802, 0, 987, 1486, 1475, 36, 8.29%, 0, 0, 4, 10.73
1747852813, 0, 988, 1486, 1475, 36, 8.29%, 0, 0, 4, 10.55
1747852828, 0, 989, 1486, 1475, 36, 8.29%, 0, 0, 4, 9.79
1747852838, 0, 990, 1486, 1475, 36, 8.29%, 0, 0, 4, 10.84
1747852849, 0, 990, 1487, 1476, 36, 8.29%, 0, 0, 4, 9.54
1747852864, 0, 992, 1487, 1476, 36, 8.29%, 0, 0, 4, 10.24
1747852875, 0, 993, 1487, 1476, 36, 8.29%, 0, 0, 4, 11.03
1747852890, 0, 994, 1487, 1476, 36, 8.29%, 0, 0, 4, 11.21
1747852900, 0, 995, 1487, 1476, 36, 8.29%, 0, 0, 4, 10.47
1747852915, 0, 998, 1487, 1476, 36, 8.29%, 0, 0, 4, 9.38
1747852926, 0, 998, 1489, 1478, 36, 8.29%, 0, 0, 4, 8.62
1747852941, 0, 998, 1490, 1479, 36, 8.29%, 0, 0, 4, 10.03
1747853007, 0, 998, 1491, 1480, 36, 8.29%, 0, 0, 4, 9.42
1747853022, 0, 998, 1492, 1481, 36, 8.29%, 0, 0, 4, 8.96
1747853084, 0, 998, 1493, 1482, 36, 8.29%, 0, 0, 4, 9.87
1747853315, 0, 998, 1494, 1483, 36, 8.29%, 0, 0, 4, 9.27
1747853336, 0, 1000, 1494, 1483, 36, 8.29%, 0, 0, 4, 9.66
1747853346, 0, 1001, 1494, 1483, 36, 8.29%, 0, 0, 4, 9.73
1747853362, 0, 1002, 1494, 1483, 36, 8.29%, 0, 0, 4, 11.01
1747853372, 0, 1003, 1494, 1483, 36, 8.29%, 0, 0, 4, 10.31
1747853387, 0, 1004, 1494, 1483, 36, 8.29%, 0, 0, 4, 11.73
1747853398, 0, 1005, 1494, 1483, 36, 8.29%, 0, 0, 4, 10.10
1747853408, 0, 1006, 1494, 1483, 36, 8.29%, 0, 0, 4, 9.44
1747853423, 0, 1007, 1494, 1483, 36, 8.29%, 0, 0, 4, 10.59
1747853433, 0, 1008, 1494, 1483, 36, 8.29%, 0, 0, 4, 11.15
1747853444, 0, 1009, 1494, 1483, 36, 8.29%, 0, 0, 4, 10.84
1747853459, 0, 1010, 1494, 1483, 36, 8.29%, 0, 0, 4, 11.03
1747853469, 0, 1011, 1494, 1483, 36, 8.29%, 0, 0, 4, 10.03
1747853485, 0, 1012, 1494, 1483, 36, 8.29%, 0, 0, 4, 10.23
1747853495, 0, 1013, 1494, 1483, 36, 8.29%, 0, 0, 4, 10.03
1747853506, 0, 1013, 1495, 1484, 36, 8.29%, 0, 0, 4, 9.47
1747853516, 0, 1013, 1496, 1485, 36, 8.29%, 0, 0, 4, 9.60
1747853552, 0, 1014, 1496, 1485, 36, 8.29%, 0, 0, 4, 11.08
1747853562, 0, 1015, 1496, 1485, 36, 8.29%, 0, 0, 4, 10.60
1747853572, 0, 1016, 1497, 1486, 36, 8.29%, 0, 0, 4, 10.14
1747853598, 0, 1017, 1497, 1486, 36, 8.29%, 0, 0, 4, 11.06
1747853613, 0, 1018, 1497, 1486, 36, 8.29%, 0, 0, 4, 10.85
1747853624, 0, 1019, 1497, 1486, 36, 8.29%, 0, 0, 4, 10.88
1747853634, 0, 1019, 1498, 1487, 36, 8.29%, 0, 0, 4, 9.18
1747853649, 0, 1020, 1498, 1487, 36, 8.29%, 0, 0, 4, 10.71
1747853664, 0, 1021, 1499, 1488, 36, 8.29%, 0, 0, 4, 9.22
1747853690, 0, 1022, 1499, 1488, 36, 8.29%, 0, 0, 4, 10.53
1747853701, 0, 1025, 1499, 1488, 36, 8.29%, 0, 0, 4, 10.86
1747853711, 0, 1026, 1499, 1488, 36, 8.29%, 0, 0, 4, 10.84
1747858162, 0, 1027, 1499, 1487, 35, 8.29%, 0, 0, 4, 14.64
1747858177, 0, 1028, 1499, 1487, 35, 8.29%, 0, 0, 4, 9.73
1747858187, 0, 1029, 1499, 1487, 35, 8.29%, 0, 0, 4, 11.34
1747858202, 0, 1030, 1499, 1487, 35, 8.29%, 0, 0, 4, 10.68
1747858212, 0, 1032, 1499, 1487, 35, 8.29%, 0, 0, 4, 11.20
1747858222, 0, 1034, 1500, 1488, 35, 8.29%, 0, 0, 4, 10.89
1747858253, 0, 1036, 1500, 1488, 35, 8.29%, 0, 0, 4, 10.50
1747858264, 0, 1037, 1500, 1488, 35, 8.29%, 0, 0, 4, 11.14
1747858274, 0, 1038, 1500, 1488, 35, 8.29%, 0, 0, 4, 10.80
1747858289, 0, 1039, 1500, 1488, 35, 8.29%, 0, 0, 4, 11.36
1747858299, 0, 1040, 1500, 1488, 35, 8.29%, 0, 0, 4, 10.24
1747858310, 0, 1041, 1500, 1488, 35, 8.29%, 0, 0, 4, 10.78
1747858325, 0, 1042, 1500, 1488, 35, 8.29%, 0, 0, 4, 9.30
1747858340, 0, 1044, 1500, 1488, 35, 8.29%, 0, 0, 4, 9.96
1747858351, 0, 1045, 1500, 1488, 35, 8.29%, 0, 0, 4, 9.80
1747858366, 0, 1047, 1500, 1488, 35, 8.29%, 0, 0, 4, 11.28
1747858376, 0, 1048, 1500, 1488, 35, 8.29%, 0, 0, 4, 10.38
1747858386, 0, 1049, 1500, 1488, 35, 8.29%, 0, 0, 4, 9.83
1747858402, 0, 1050, 1500, 1488, 35, 8.29%, 0, 0, 4, 9.66
1747858412, 0, 1052, 1500, 1488, 35, 8.29%, 0, 0, 4, 10.45
1747858427, 0, 1053, 1500, 1488, 35, 8.29%, 0, 0, 4, 10.14
1747858438, 0, 1054, 1500, 1488, 35, 8.29%, 0, 0, 4, 10.48
1747858453, 0, 1056, 1500, 1488, 35, 8.29%, 0, 0, 4, 10.41
1747858463, 0, 1057, 1500, 1488, 35, 8.29%, 0, 0, 4, 9.58
1747858479, 0, 1058, 1500, 1488, 35, 8.29%, 0, 0, 4, 10.18
1747858489, 0, 1059, 1500, 1488, 35, 8.29%, 0, 0, 4, 10.82
1747858504, 0, 1060, 1500, 1488, 35, 8.29%, 0, 0, 4, 10.64
1747858514, 0, 1061, 1500, 1488, 35, 8.29%, 0, 0, 4, 9.08
1747858530, 0, 1062, 1500, 1488, 35, 8.29%, 0, 0, 4, 11.15
1747858540, 0, 1063, 1500, 1488, 35, 8.29%, 0, 0, 4, 11.25
1747858551, 0, 1064, 1500, 1488, 35, 8.29%, 0, 0, 4, 11.67
1747858561, 0, 1066, 1500, 1488, 35, 8.29%, 0, 0, 4, 10.84
1747858576, 0, 1068, 1500, 1488, 35, 8.29%, 0, 0, 4, 10.12
1747858586, 0, 1069, 1500, 1488, 35, 8.29%, 0, 0, 4, 10.24
1747858602, 0, 1070, 1500, 1488, 35, 8.29%, 0, 0, 4, 9.80
1747858612, 0, 1071, 1500, 1488, 35, 8.29%, 0, 0, 4, 10.45
1747858623, 0, 1072, 1500, 1488, 35, 8.29%, 0, 0, 4, 11.11
1747858638, 0, 1072, 1501, 1489, 35, 8.29%, 0, 0, 4, 9.11
1747858653, 0, 1073, 1501, 1489, 35, 8.29%, 0, 0, 4, 10.00
1747858664, 0, 1074, 1501, 1489, 35, 8.29%, 0, 0, 4, 11.01
1747858674, 0, 1075, 1501, 1489, 35, 8.29%, 0, 0, 4, 10.96
1747858689, 0, 1077, 1501, 1489, 35, 8.29%, 0, 0, 4, 10.70
1747858699, 0, 1078, 1501, 1489, 35, 8.29%, 0, 0, 4, 11.54
1747858715, 0, 1079, 1501, 1489, 35, 8.29%, 0, 0, 4, 9.75
1747858725, 0, 1082, 1501, 1489, 35, 8.29%, 0, 0, 4, 9.47
1747858740, 0, 1084, 1501, 1489, 35, 8.29%, 0, 0, 4, 10.40
1747858750, 0, 1085, 1501, 1489, 35, 8.29%, 0, 0, 4, 9.49
1747858761, 0, 1085, 1502, 1490, 35, 8.29%, 0, 0, 4, 9.13
1747858781, 0, 1086, 1502, 1490, 35, 8.29%, 0, 0, 4, 10.10
1747858791, 0, 1087, 1502, 1490, 35, 8.29%, 0, 0, 4, 10.96
1747858802, 0, 1088, 1502, 1490, 35, 8.29%, 0, 0, 4, 10.58
1747858817, 0, 1089, 1502, 1490, 35, 8.29%, 0, 0, 4, 10.95
1747858828, 0, 1090, 1502, 1490, 35, 8.29%, 0, 0, 4, 11.33
1747858843, 0, 1091, 1502, 1490, 35, 8.29%, 0, 0, 4, 10.43
1747858853, 0, 1092, 1502, 1490, 35, 8.29%, 0, 0, 4, 9.58
1747858869, 0, 1094, 1502, 1490, 35, 8.29%, 0, 0, 4, 10.80
1747858879, 0, 1095, 1502, 1490, 35, 8.29%, 0, 0, 4, 10.77
1747858889, 0, 1096, 1502, 1490, 35, 8.29%, 0, 0, 4, 10.78
1747858899, 0, 1097, 1502, 1490, 35, 8.29%, 0, 0, 4, 12.05
1747859032, 0, 1097, 1503, 1491, 35, 8.29%, 0, 0, 4, 12.08
