# unix_time, cycles_done, cur_path, paths_total, pending_total, pending_favs, map_size, unique_crashes, unique_hangs, max_depth, execs_per_sec
1747817456, 0, 0, 1, 1, 1, 3.78%, 0, 0, 1, 31.50
1747817461, 0, 0, 21, 21, 1, 4.88%, 0, 0, 2, 46.61
1747817466, 0, 0, 41, 41, 1, 4.91%, 0, 0, 2, 47.13
1747817471, 0, 0, 55, 55, 1, 4.91%, 0, 0, 2, 48.23
1747817476, 0, 0, 69, 69, 1, 4.94%, 0, 0, 2, 47.11
1747817481, 0, 0, 82, 82, 1, 4.94%, 0, 0, 2, 45.70
1747817486, 0, 0, 95, 95, 1, 4.94%, 0, 0, 2, 63.52
1747817491, 0, 0, 110, 110, 1, 4.94%, 0, 0, 2, 81.09
1747817496, 0, 0, 123, 123, 1, 4.95%, 0, 0, 2, 85.69
1747817502, 0, 0, 131, 131, 1, 4.95%, 0, 0, 2, 87.59
1747817507, 0, 0, 143, 143, 1, 4.95%, 0, 0, 2, 88.34
1747817512, 0, 0, 148, 148, 1, 4.95%, 0, 0, 2, 90.80
1747817517, 0, 0, 157, 157, 1, 4.95%, 0, 0, 2, 85.87
1747817522, 0, 0, 162, 162, 1, 4.95%, 0, 0, 2, 87.89
1747817527, 0, 0, 170, 170, 1, 4.95%, 0, 0, 2, 62.88
1747817532, 0, 0, 176, 176, 1, 4.95%, 0, 0, 2, 54.40
1747817537, 0, 0, 180, 180, 1, 4.95%, 0, 0, 2, 52.81
1747817542, 0, 0, 184, 184, 1, 4.95%, 0, 0, 2, 51.50
1747817547, 0, 0, 189, 189, 1, 4.95%, 0, 0, 2, 52.19
1747817552, 0, 0, 194, 194, 1, 4.95%, 0, 0, 2, 52.44
1747817558, 0, 0, 196, 196, 1, 4.95%, 0, 0, 2, 53.93
1747817563, 0, 0, 199, 199, 1, 4.95%, 0, 0, 2, 53.05
1747817568, 0, 0, 204, 204, 1, 4.95%, 0, 0, 2, 52.32
1747817573, 0, 0, 205, 205, 1, 5.01%, 0, 0, 2, 53.71
1747817578, 0, 0, 206, 206, 1, 5.01%, 0, 0, 2, 54.14
1747817583, 0, 0, 208, 208, 1, 5.01%, 0, 0, 2, 53.26
1747817588, 0, 0, 210, 210, 1, 5.01%, 0, 0, 2, 53.56
1747817593, 0, 1, 224, 223, 11, 5.04%, 0, 0, 2, 39.54
1747817598, 0, 1, 241, 240, 11, 5.05%, 0, 0, 2, 35.50
1747817603, 0, 1, 255, 254, 11, 5.05%, 0, 0, 2, 34.01
1747817609, 0, 1, 268, 267, 11, 5.09%, 0, 0, 2, 33.36
1747817614, 0, 1, 280, 279, 11, 5.10%, 0, 0, 2, 33.80
1747817619, 0, 1, 294, 293, 11, 5.10%, 0, 0, 2, 50.02
1747817624, 0, 1, 303, 302, 11, 5.10%, 0, 0, 2, 57.34
1747817629, 0, 1, 318, 317, 11, 5.11%, 0, 0, 2, 57.09
1747817634, 0, 1, 328, 327, 11, 5.13%, 0, 0, 2, 58.08
1747817639, 0, 1, 337, 336, 11, 5.13%, 0, 0, 2, 57.78
1747817644, 0, 1, 345, 344, 11, 5.13%, 0, 0, 2, 57.23
1747817650, 0, 3, 360, 359, 14, 5.14%, 0, 0, 2, 48.36
1747817655, 0, 3, 381, 380, 14, 5.14%, 0, 0, 2, 43.43
1747817660, 0, 3, 400, 399, 14, 5.16%, 0, 0, 2, 41.90
1747817665, 0, 3, 416, 415, 14, 5.16%, 0, 0, 2, 42.06
1747817670, 0, 3, 428, 427, 14, 5.16%, 0, 0, 2, 40.52
1747817675, 0, 3, 440, 439, 14, 5.17%, 0, 0, 2, 40.80
1747817680, 0, 3, 448, 447, 14, 5.17%, 0, 0, 2, 42.20
1747817685, 0, 3, 456, 455, 14, 5.18%, 0, 0, 2, 42.10
1747817690, 0, 3, 465, 464, 14, 5.19%, 0, 0, 2, 41.89
1747817695, 0, 3, 474, 473, 14, 5.19%, 0, 0, 2, 41.46
1747817700, 0, 3, 483, 482, 14, 5.19%, 0, 0, 2, 41.47
1747817705, 0, 3, 489, 488, 14, 5.19%, 0, 0, 2, 41.06
1747817711, 0, 3, 492, 491, 14, 5.20%, 0, 0, 2, 42.38
1747817716, 0, 3, 500, 499, 14, 5.27%, 0, 0, 2, 41.09
1747817721, 0, 4, 516, 515, 14, 5.28%, 0, 0, 2, 37.83
1747817726, 0, 4, 532, 531, 14, 5.38%, 0, 0, 2, 36.56
1747817731, 0, 4, 544, 543, 14, 5.38%, 0, 0, 2, 36.32
1747817736, 0, 4, 554, 553, 14, 5.38%, 0, 0, 2, 36.80
1747817741, 0, 4, 559, 558, 14, 5.38%, 0, 0, 2, 37.36
1747817746, 0, 4, 565, 564, 14, 5.38%, 0, 0, 2, 37.06
1747817751, 0, 4, 571, 570, 14, 5.38%, 0, 0, 2, 36.92
1747817756, 0, 4, 579, 578, 14, 5.38%, 0, 0, 2, 36.87
1747817762, 0, 4, 582, 581, 14, 5.38%, 0, 0, 2, 36.97
1747817767, 0, 4, 588, 587, 14, 5.58%, 0, 0, 2, 36.78
1747817772, 0, 4, 591, 590, 14, 5.58%, 0, 0, 2, 37.30
1747817777, 0, 4, 596, 595, 14, 5.58%, 0, 0, 2, 37.40
1747817782, 0, 4, 601, 600, 14, 5.58%, 0, 0, 2, 37.34
1747817787, 0, 7, 611, 610, 11, 5.58%, 0, 0, 2, 34.60
1747817792, 0, 7, 623, 622, 11, 5.58%, 0, 0, 2, 33.75
1747817797, 0, 7, 630, 629, 11, 5.58%, 0, 0, 2, 33.69
1747817802, 0, 7, 639, 638, 11, 5.58%, 0, 0, 2, 33.42
1747817807, 0, 7, 646, 645, 11, 5.58%, 0, 0, 2, 33.76
1747817812, 0, 7, 653, 652, 11, 5.58%, 0, 0, 2, 33.76
1747817817, 0, 7, 660, 659, 11, 5.58%, 0, 0, 2, 33.62
1747817822, 0, 7, 663, 662, 11, 5.58%, 0, 0, 2, 33.89
1747817828, 0, 7, 665, 664, 11, 5.58%, 0, 0, 2, 34.60
1747817833, 0, 7, 668, 667, 11, 5.64%, 0, 0, 2, 34.18
1747817838, 0, 7, 671, 670, 11, 5.64%, 0, 0, 2, 33.80
1747817843, 0, 7, 672, 671, 11, 5.64%, 0, 0, 2, 32.66
1747817848, 0, 7, 673, 672, 11, 5.64%, 0, 0, 2, 22.56
1747817853, 0, 7, 676, 675, 11, 5.64%, 0, 0, 2, 20.34
1747817858, 0, 9, 681, 680, 11, 5.65%, 0, 0, 2, 19.10
1747817863, 0, 9, 690, 689, 11, 5.65%, 0, 0, 2, 18.02
1747817868, 0, 9, 695, 694, 11, 5.65%, 0, 0, 2, 18.03
1747817874, 0, 9, 699, 698, 11, 5.65%, 0, 0, 2, 18.25
1747817879, 0, 9, 703, 702, 11, 5.65%, 0, 0, 2, 18.07
1747817884, 0, 9, 706, 705, 11, 5.65%, 0, 0, 2, 17.95
1747817889, 0, 9, 709, 708, 11, 5.65%, 0, 0, 2, 18.24
1747817894, 0, 9, 713, 712, 11, 5.65%, 0, 0, 2, 18.47
1747817899, 0, 9, 716, 715, 11, 5.65%, 0, 0, 2, 18.17
1747817910, 0, 9, 717, 716, 11, 5.65%, 0, 0, 2, 18.55
1747817915, 0, 9, 718, 717, 11, 5.65%, 0, 0, 2, 18.48
1747817920, 0, 9, 719, 718, 11, 5.65%, 0, 0, 2, 18.52
1747817925, 0, 9, 721, 720, 11, 5.65%, 0, 0, 2, 18.28
1747817945, 0, 9, 723, 722, 11, 5.65%, 0, 0, 2, 18.91
1747817951, 0, 9, 724, 723, 11, 5.65%, 0, 0, 2, 18.88
1747817956, 0, 9, 725, 724, 11, 5.65%, 0, 0, 2, 18.78
1747817966, 0, 10, 726, 725, 12, 5.65%, 0, 0, 2, 18.71
1747817971, 0, 11, 729, 728, 12, 5.65%, 0, 0, 2, 18.48
1747817976, 0, 11, 733, 732, 12, 5.65%, 0, 0, 2, 17.89
1747817981, 0, 11, 735, 734, 12, 5.65%, 0, 0, 2, 17.98
1747817987, 0, 11, 737, 736, 12, 5.65%, 0, 0, 2, 17.95
1747817992, 0, 11, 739, 738, 12, 5.65%, 0, 0, 2, 17.47
1747817997, 0, 11, 743, 742, 12, 5.65%, 0, 0, 2, 17.69
1747818002, 0, 11, 746, 745, 12, 5.65%, 0, 0, 2, 17.64
1747818007, 0, 11, 747, 746, 12, 5.65%, 0, 0, 2, 17.51
1747818012, 0, 11, 748, 747, 12, 5.65%, 0, 0, 2, 18.08
1747818017, 0, 11, 749, 748, 12, 5.65%, 0, 0, 2, 18.10
1747818023, 0, 11, 750, 749, 12, 5.65%, 0, 0, 2, 17.99
1747818028, 0, 11, 751, 750, 12, 5.65%, 0, 0, 2, 17.92
1747818053, 0, 11, 752, 751, 12, 5.65%, 0, 0, 2, 17.97
1747818058, 0, 11, 753, 752, 12, 5.65%, 0, 0, 2, 17.88
1747818063, 0, 11, 756, 755, 12, 5.65%, 0, 0, 2, 17.28
1747818074, 0, 14, 758, 757, 13, 5.65%, 0, 0, 2, 17.87
1747818079, 0, 14, 759, 758, 13, 5.65%, 0, 0, 2, 17.84
1747818084, 0, 14, 762, 761, 13, 5.65%, 0, 0, 2, 17.42
1747818094, 0, 14, 763, 762, 13, 5.65%, 0, 0, 2, 18.12
1747818099, 0, 14, 764, 763, 13, 5.65%, 0, 0, 2, 17.68
1747818105, 0, 14, 765, 764, 13, 5.65%, 0, 0, 2, 18.01
1747818110, 0, 14, 767, 766, 13, 5.65%, 0, 0, 2, 17.97
1747818115, 0, 14, 769, 768, 13, 5.65%, 0, 0, 2, 17.76
1747818120, 0, 14, 772, 771, 13, 5.65%, 0, 0, 2, 17.58
1747818125, 0, 14, 773, 772, 13, 5.65%, 0, 0, 2, 17.64
1747818156, 0, 14, 774, 773, 13, 5.65%, 0, 0, 2, 18.10
1747818166, 0, 14, 775, 774, 13, 6.00%, 0, 0, 2, 18.15
1747818171, 0, 14, 776, 775, 13, 6.00%, 0, 0, 2, 17.97
1747818176, 0, 16, 776, 775, 15, 6.00%, 0, 0, 2, 18.13
1747818182, 0, 19, 776, 775, 15, 6.00%, 0, 0, 2, 18.27
1747818187, 0, 22, 776, 775, 15, 6.00%, 0, 0, 2, 17.83
1747818192, 0, 23, 776, 775, 15, 6.00%, 0, 0, 2, 17.75
1747818197, 0, 27, 776, 775, 15, 6.00%, 0, 0, 2, 17.98
1747818202, 0, 28, 777, 776, 15, 6.00%, 0, 0, 2, 18.32
1747818207, 0, 30, 777, 776, 15, 6.00%, 0, 0, 2, 17.97
1747818213, 0, 30, 778, 777, 15, 6.00%, 0, 0, 2, 18.32
1747818218, 0, 31, 781, 780, 15, 6.00%, 0, 0, 2, 17.55
1747818223, 0, 31, 782, 781, 15, 6.00%, 0, 0, 2, 17.82
1747818228, 0, 31, 783, 782, 15, 6.00%, 0, 0, 2, 17.52
1747818233, 0, 31, 785, 784, 15, 6.00%, 0, 0, 2, 17.19
1747818238, 0, 31, 787, 786, 15, 6.00%, 0, 0, 2, 17.58
1747818243, 0, 31, 788, 787, 15, 6.00%, 0, 0, 2, 17.97
1747818249, 0, 31, 789, 788, 15, 6.00%, 0, 0, 2, 17.71
1747818254, 0, 31, 791, 790, 15, 6.21%, 0, 0, 2, 17.11
1747818259, 0, 31, 793, 792, 15, 6.21%, 0, 0, 2, 15.65
1747818290, 0, 31, 794, 793, 15, 6.21%, 0, 0, 2, 17.56
1747818295, 0, 31, 795, 794, 15, 6.21%, 0, 0, 2, 17.29
1747818310, 0, 31, 796, 795, 15, 6.21%, 0, 0, 2, 17.62
1747818315, 0, 32, 797, 796, 14, 6.21%, 0, 0, 2, 17.21
1747818321, 0, 32, 799, 798, 14, 6.23%, 0, 0, 2, 16.68
1747818326, 0, 32, 801, 800, 14, 6.23%, 0, 0, 2, 16.78
1747818331, 0, 32, 802, 801, 14, 6.23%, 0, 0, 2, 16.68
1747818336, 0, 32, 803, 802, 14, 6.23%, 0, 0, 2, 16.79
1747818341, 0, 32, 804, 803, 14, 6.23%, 0, 0, 2, 16.80
1747818346, 0, 32, 805, 804, 14, 6.23%, 0, 0, 2, 16.91
1747818356, 0, 32, 806, 805, 14, 6.23%, 0, 0, 2, 17.01
1747818367, 0, 32, 808, 807, 14, 6.23%, 0, 0, 2, 16.54
1747818418, 0, 33, 808, 807, 14, 6.23%, 0, 0, 2, 17.03
1747818423, 0, 33, 809, 808, 14, 6.23%, 0, 0, 2, 16.11
1747818428, 0, 37, 810, 809, 14, 6.23%, 0, 0, 2, 15.76
1747818434, 0, 37, 811, 810, 14, 6.23%, 0, 0, 2, 15.26
1747818439, 0, 37, 813, 812, 14, 6.23%, 0, 0, 2, 16.08
1747818444, 0, 37, 814, 813, 14, 6.23%, 0, 0, 2, 16.69
1747818454, 0, 37, 816, 815, 14, 6.23%, 0, 0, 2, 16.28
1747818480, 0, 37, 817, 816, 14, 6.23%, 0, 0, 2, 16.42
1747818490, 0, 37, 818, 817, 14, 6.23%, 0, 0, 2, 16.98
1747818495, 0, 37, 819, 818, 14, 6.23%, 0, 0, 2, 16.37
1747818505, 0, 37, 820, 819, 14, 6.23%, 0, 0, 2, 16.34
1747818525, 0, 37, 821, 820, 14, 6.23%, 0, 0, 2, 16.56
1747818536, 0, 39, 821, 820, 14, 6.23%, 0, 0, 2, 17.22
1747818541, 0, 41, 821, 820, 14, 6.23%, 0, 0, 2, 17.02
1747818546, 0, 42, 821, 820, 14, 6.23%, 0, 0, 2, 17.23
1747818551, 0, 45, 821, 820, 14, 6.23%, 0, 0, 2, 17.36
1747818556, 0, 45, 822, 821, 14, 6.23%, 0, 0, 2, 16.69
1747818561, 0, 48, 823, 822, 14, 6.23%, 0, 0, 2, 16.31
1747818566, 0, 50, 823, 822, 14, 6.23%, 0, 0, 2, 16.64
1747818571, 0, 51, 824, 823, 14, 6.23%, 0, 0, 2, 16.79
1747818576, 0, 51, 825, 824, 14, 6.23%, 0, 0, 2, 16.43
1747818586, 0, 53, 826, 825, 14, 6.23%, 0, 0, 2, 16.79
1747818592, 0, 54, 827, 826, 14, 6.23%, 0, 0, 2, 16.60
1747818597, 0, 54, 829, 828, 14, 6.23%, 0, 0, 2, 15.94
1747818617, 0, 55, 829, 828, 14, 6.23%, 0, 0, 2, 17.05
1747818622, 0, 56, 831, 830, 14, 6.23%, 0, 0, 2, 16.20
1747818627, 0, 56, 834, 833, 14, 6.23%, 0, 0, 2, 16.14
1747818658, 0, 56, 835, 834, 14, 6.23%, 0, 0, 2, 16.31
1747818663, 0, 56, 836, 835, 14, 6.23%, 0, 0, 2, 16.45
1747818678, 0, 56, 837, 836, 14, 6.23%, 0, 0, 2, 16.62
1747818693, 0, 56, 838, 837, 14, 6.23%, 0, 0, 2, 16.81
1747818719, 0, 57, 838, 837, 14, 6.23%, 0, 0, 2, 16.95
1747818724, 0, 58, 838, 837, 14, 6.23%, 0, 0, 2, 16.83
1747818729, 0, 62, 838, 837, 14, 6.23%, 0, 0, 2, 16.91
1747818734, 0, 65, 838, 837, 14, 6.23%, 0, 0, 2, 16.84
1747818740, 0, 65, 840, 839, 14, 6.23%, 0, 0, 2, 15.94
1747818745, 0, 65, 841, 840, 14, 6.23%, 0, 0, 2, 16.69
1747818760, 0, 65, 843, 842, 14, 6.23%, 0, 0, 2, 16.39
1747818796, 0, 65, 845, 844, 14, 6.48%, 0, 0, 2, 16.62
1747818816, 0, 65, 846, 845, 14, 6.48%, 0, 0, 2, 16.48
1747818821, 0, 65, 848, 847, 14, 6.48%, 0, 0, 2, 15.94
1747818837, 0, 66, 848, 847, 17, 6.48%, 0, 0, 2, 16.96
1747818842, 0, 67, 848, 847, 17, 6.48%, 0, 0, 2, 17.12
1747818847, 0, 70, 848, 847, 17, 6.48%, 0, 0, 2, 17.14
1747818852, 0, 72, 848, 847, 17, 6.48%, 0, 0, 2, 16.34
1747818857, 0, 74, 848, 847, 17, 6.48%, 0, 0, 2, 16.95
1747818862, 0, 75, 849, 848, 17, 6.48%, 0, 0, 2, 16.55
1747818867, 0, 76, 849, 848, 17, 6.48%, 0, 0, 2, 16.71
1747818872, 0, 77, 850, 849, 17, 6.49%, 0, 0, 2, 16.50
1747818877, 0, 78, 851, 850, 17, 6.49%, 0, 0, 2, 16.36
1747818882, 0, 78, 852, 851, 17, 6.49%, 0, 0, 2, 16.52
1747818892, 0, 80, 853, 852, 17, 6.49%, 0, 0, 2, 16.76
1747818898, 0, 81, 853, 852, 17, 6.49%, 0, 0, 2, 16.70
1747818903, 0, 82, 853, 852, 17, 6.49%, 0, 0, 2, 16.60
1747818908, 0, 83, 854, 853, 17, 6.49%, 0, 0, 2, 16.62
1747818913, 0, 85, 854, 853, 17, 6.49%, 0, 0, 2, 16.74
1747818918, 0, 87, 854, 853, 17, 6.49%, 0, 0, 2, 17.10
1747818923, 0, 89, 854, 853, 17, 6.49%, 0, 0, 2, 17.26
1747818928, 0, 91, 854, 853, 17, 6.49%, 0, 0, 2, 16.66
1747818933, 0, 91, 855, 854, 17, 6.49%, 0, 0, 2, 16.48
1747818938, 0, 93, 855, 854, 17, 6.49%, 0, 0, 2, 16.88
1747818943, 0, 94, 855, 854, 17, 6.49%, 0, 0, 2, 16.66
1747818948, 0, 97, 856, 855, 17, 6.49%, 0, 0, 2, 16.24
1747818954, 0, 97, 858, 857, 17, 6.49%, 0, 0, 2, 15.71
1747818964, 0, 97, 859, 858, 17, 6.49%, 0, 0, 2, 16.18
1747818985, 0, 97, 860, 859, 17, 6.49%, 0, 0, 2, 16.26
1747818995, 0, 97, 861, 860, 17, 6.49%, 0, 0, 2, 16.12
1747819005, 0, 97, 862, 861, 17, 6.49%, 0, 0, 2, 16.30
1747819010, 0, 97, 863, 862, 17, 6.49%, 0, 0, 2, 15.82
1747819015, 0, 97, 864, 863, 17, 6.49%, 0, 0, 2, 16.21
1747819030, 0, 97, 865, 864, 17, 6.49%, 0, 0, 2, 16.48
1747819035, 0, 97, 866, 865, 17, 6.49%, 0, 0, 2, 16.40
1747819041, 0, 97, 867, 866, 17, 6.49%, 0, 0, 2, 15.88
1747819051, 0, 97, 868, 867, 17, 6.49%, 0, 0, 2, 15.75
1747819056, 0, 98, 869, 868, 16, 6.54%, 0, 0, 2, 16.18
1747819061, 0, 101, 869, 868, 16, 6.54%, 0, 0, 2, 16.94
1747819066, 0, 102, 871, 870, 16, 6.54%, 0, 0, 2, 16.06
1747819071, 0, 102, 872, 871, 16, 6.54%, 0, 0, 2, 16.08
1747819076, 0, 102, 873, 872, 16, 6.54%, 0, 0, 2, 15.98
1747819081, 0, 102, 875, 874, 16, 6.54%, 0, 0, 2, 15.92
1747819092, 0, 102, 877, 876, 16, 6.54%, 0, 0, 2, 15.37
1747819107, 0, 102, 878, 877, 16, 6.54%, 0, 0, 2, 16.02
1747819127, 0, 102, 879, 878, 16, 6.54%, 0, 0, 2, 16.03
1747819148, 0, 102, 880, 879, 16, 6.54%, 0, 0, 2, 15.57
1747819163, 0, 102, 881, 880, 16, 6.54%, 0, 0, 2, 16.13
1747819173, 0, 103, 881, 880, 16, 6.54%, 0, 0, 2, 16.44
1747819178, 0, 104, 881, 880, 16, 6.54%, 0, 0, 2, 32.45
1747819372, 0, 106, 881, 879, 15, 6.54%, 0, 0, 2, 46.75
1747819377, 0, 110, 881, 879, 15, 6.54%, 0, 0, 2, 32.78
1747819382, 0, 114, 881, 879, 15, 6.54%, 0, 0, 2, 30.01
1747819387, 0, 117, 881, 879, 15, 6.54%, 0, 0, 2, 28.97
1747819392, 0, 120, 881, 879, 15, 6.54%, 0, 0, 2, 28.34
1747819398, 0, 123, 881, 879, 15, 6.54%, 0, 0, 2, 29.29
1747819403, 0, 127, 881, 879, 15, 6.54%, 0, 0, 2, 28.61
1747819408, 0, 130, 881, 879, 15, 6.54%, 0, 0, 2, 29.01
1747819413, 0, 132, 881, 879, 15, 6.54%, 0, 0, 2, 28.97
1747819418, 0, 135, 881, 879, 15, 6.54%, 0, 0, 2, 29.14
1747819423, 0, 138, 881, 879, 15, 6.54%, 0, 0, 2, 28.50
1747819428, 0, 141, 881, 879, 15, 6.54%, 0, 0, 2, 28.54
1747819433, 0, 144, 881, 879, 15, 6.54%, 0, 0, 2, 27.35
1747819438, 0, 148, 881, 879, 15, 6.54%, 0, 0, 2, 29.49
1747819443, 0, 151, 881, 879, 15, 6.54%, 0, 0, 2, 29.51
1747819448, 0, 155, 881, 879, 15, 6.54%, 0, 0, 2, 28.44
1747819453, 0, 157, 881, 879, 15, 6.54%, 0, 0, 2, 29.60
1747819459, 0, 160, 882, 880, 15, 6.54%, 0, 0, 3, 29.54
1747819464, 0, 162, 882, 880, 15, 6.54%, 0, 0, 3, 29.63
1747819469, 0, 166, 882, 880, 15, 6.54%, 0, 0, 3, 28.33
1747819474, 0, 168, 885, 883, 15, 6.54%, 0, 0, 3, 26.86
1747819489, 0, 168, 886, 884, 15, 6.54%, 0, 0, 3, 27.83
1747819504, 0, 170, 886, 884, 14, 6.54%, 0, 0, 3, 28.17
1747819509, 0, 174, 886, 884, 14, 6.54%, 0, 0, 3, 29.04
1747819514, 0, 174, 888, 886, 14, 6.54%, 0, 0, 3, 27.08
1747819520, 0, 174, 890, 888, 14, 6.54%, 0, 0, 3, 26.29
1747819525, 0, 174, 892, 890, 14, 6.54%, 0, 0, 3, 25.55
1747819545, 0, 174, 894, 892, 14, 6.54%, 0, 0, 3, 26.70
1747819550, 0, 174, 895, 893, 14, 6.54%, 0, 0, 3, 27.18
1747819555, 0, 174, 896, 894, 14, 6.54%, 0, 0, 3, 27.55
1747819565, 0, 174, 898, 896, 14, 6.54%, 0, 0, 3, 26.72
1747819575, 0, 176, 898, 896, 15, 6.54%, 0, 0, 3, 27.36
1747819580, 0, 178, 899, 897, 15, 6.54%, 0, 0, 3, 28.34
1747819585, 0, 180, 900, 898, 15, 6.54%, 0, 0, 3, 27.21
1747819590, 0, 183, 900, 898, 15, 6.54%, 0, 0, 3, 27.61
1747819595, 0, 184, 901, 899, 15, 6.54%, 0, 0, 3, 27.79
1747819601, 0, 186, 902, 900, 15, 6.54%, 0, 0, 3, 27.17
1747819606, 0, 188, 902, 900, 15, 6.54%, 0, 0, 3, 28.08
1747819611, 0, 189, 905, 903, 15, 6.54%, 0, 0, 3, 26.44
1747819626, 0, 192, 905, 903, 15, 6.54%, 0, 0, 3, 28.19
1747819631, 0, 195, 905, 903, 15, 6.54%, 0, 0, 3, 28.63
1747819636, 0, 198, 906, 904, 15, 6.54%, 0, 0, 3, 27.17
1747819641, 0, 198, 907, 905, 15, 6.54%, 0, 0, 3, 25.30
1747819647, 0, 201, 907, 905, 15, 6.54%, 0, 0, 3, 26.88
1747819652, 0, 204, 907, 905, 15, 6.54%, 0, 0, 3, 26.87
1747819657, 0, 206, 909, 907, 15, 6.54%, 0, 0, 3, 26.48
1747819667, 0, 206, 910, 908, 15, 6.54%, 0, 0, 3, 26.90
1747819672, 0, 208, 910, 908, 16, 6.54%, 0, 0, 3, 27.96
1747819677, 0, 212, 910, 908, 16, 6.54%, 0, 0, 3, 28.68
1747819682, 0, 215, 910, 908, 16, 6.54%, 0, 0, 3, 28.49
1747819687, 0, 218, 910, 908, 16, 6.54%, 0, 0, 3, 27.95
1747819692, 0, 223, 910, 908, 16, 6.54%, 0, 0, 3, 28.09
1747819698, 0, 226, 910, 908, 16, 6.54%, 0, 0, 3, 28.55
1747819703, 0, 226, 912, 910, 16, 6.54%, 0, 0, 3, 27.59
1747819708, 0, 228, 912, 910, 16, 6.54%, 0, 0, 3, 27.62
1747819713, 0, 231, 912, 910, 16, 6.54%, 0, 0, 3, 27.72
1747819718, 0, 233, 912, 910, 16, 6.54%, 0, 0, 3, 28.64
1747819723, 0, 236, 912, 910, 16, 6.54%, 0, 0, 3, 28.49
1747819728, 0, 238, 914, 912, 16, 6.54%, 0, 0, 3, 26.18
1747819733, 0, 238, 915, 913, 16, 6.54%, 0, 0, 3, 26.91
1747819738, 0, 238, 916, 914, 16, 6.54%, 0, 0, 3, 27.50
1747819743, 0, 238, 917, 915, 16, 6.54%, 0, 0, 3, 27.11
1747819753, 0, 238, 918, 916, 16, 6.54%, 0, 0, 3, 26.96
1747819759, 0, 238, 919, 917, 16, 6.54%, 0, 0, 3, 27.64
1747819779, 0, 238, 920, 918, 16, 6.54%, 0, 0, 3, 27.28
1747819789, 0, 239, 920, 918, 16, 6.54%, 0, 0, 3, 24.81
1747819794, 0, 242, 920, 918, 16, 6.54%, 0, 0, 3, 27.04
1747819799, 0, 244, 921, 919, 16, 6.54%, 0, 0, 3, 26.30
1747819804, 0, 246, 921, 919, 16, 6.54%, 0, 0, 3, 27.76
1747819810, 0, 251, 921, 919, 16, 6.54%, 0, 0, 3, 28.73
1747819815, 0, 254, 921, 919, 16, 6.54%, 0, 0, 3, 28.75
1747819820, 0, 257, 921, 919, 16, 6.54%, 0, 0, 3, 28.39
1747819825, 0, 257, 924, 922, 16, 6.54%, 0, 0, 3, 26.24
1747819830, 0, 257, 927, 925, 16, 6.54%, 0, 0, 3, 24.87
1747819835, 0, 257, 928, 926, 16, 6.54%, 0, 0, 3, 25.68
1747819840, 0, 257, 929, 927, 16, 6.54%, 0, 0, 3, 25.68
1747819850, 0, 257, 930, 928, 16, 6.54%, 0, 0, 3, 27.64
1747819855, 0, 257, 931, 929, 16, 6.54%, 0, 0, 3, 26.44
1747819865, 0, 257, 933, 931, 16, 6.54%, 0, 0, 3, 24.69
1747819871, 0, 257, 934, 932, 16, 6.54%, 0, 0, 3, 25.30
1747819891, 0, 262, 934, 932, 16, 6.54%, 0, 0, 3, 26.82
1747819896, 0, 264, 935, 933, 16, 6.54%, 0, 0, 3, 25.86
1747819901, 0, 267, 935, 933, 16, 6.54%, 0, 0, 3, 28.07
1747819907, 0, 271, 935, 933, 16, 6.54%, 0, 0, 3, 27.89
1747819912, 0, 278, 935, 933, 16, 6.54%, 0, 0, 3, 29.11
1747819917, 0, 281, 935, 933, 16, 6.54%, 0, 0, 3, 28.07
1747819922, 0, 283, 935, 933, 16, 6.54%, 0, 0, 3, 28.24
1747819927, 0, 287, 936, 934, 16, 6.54%, 0, 0, 3, 26.85
1747819932, 0, 289, 936, 934, 16, 6.54%, 0, 0, 3, 26.83
1747819937, 0, 290, 937, 935, 16, 6.54%, 0, 0, 3, 27.61
1747819942, 0, 293, 937, 935, 15, 6.54%, 0, 0, 3, 28.60
1747819948, 0, 298, 937, 935, 15, 6.54%, 0, 0, 3, 26.60
1747819953, 0, 299, 938, 936, 15, 6.54%, 0, 0, 3, 25.66
1747819958, 0, 303, 938, 936, 15, 6.54%, 0, 0, 3, 27.80
1747819963, 0, 305, 939, 937, 15, 6.54%, 0, 0, 3, 25.98
1747819968, 0, 308, 939, 937, 15, 6.54%, 0, 0, 3, 26.32
1747819973, 0, 312, 939, 937, 15, 6.54%, 0, 0, 3, 28.39
1747819978, 0, 317, 939, 937, 15, 6.54%, 0, 0, 3, 28.07
1747819983, 0, 322, 939, 937, 15, 6.54%, 0, 0, 3, 27.40
1747819989, 0, 325, 939, 937, 15, 6.54%, 0, 0, 3, 39.66
1747819994, 0, 325, 943, 941, 15, 6.54%, 0, 0, 3, 49.89
1747819999, 0, 325, 946, 944, 15, 6.54%, 0, 0, 3, 51.67
1747820004, 0, 325, 947, 945, 15, 6.54%, 0, 0, 3, 52.61
1747820307, 0, 325, 948, 946, 15, 6.54%, 0, 0, 3, 52.73
1747820358, 0, 325, 950, 948, 15, 6.54%, 0, 0, 3, 50.13
1747820374, 0, 328, 950, 947, 14, 6.54%, 0, 0, 3, 33.46
1747820379, 0, 332, 950, 947, 14, 6.54%, 0, 0, 3, 29.00
1747820384, 0, 333, 952, 949, 14, 6.54%, 0, 0, 3, 25.57
1747820389, 0, 333, 954, 951, 14, 6.54%, 0, 0, 3, 25.01
1747820399, 0, 333, 955, 952, 14, 6.54%, 0, 0, 3, 25.36
1747820404, 0, 333, 956, 953, 14, 6.54%, 0, 0, 3, 25.95
1747820430, 0, 333, 957, 954, 14, 6.54%, 0, 0, 3, 26.85
1747820435, 0, 333, 960, 957, 14, 6.54%, 0, 0, 3, 22.25
1747820445, 0, 333, 961, 958, 14, 6.54%, 0, 0, 3, 16.05
1747820460, 0, 337, 961, 958, 14, 6.54%, 0, 0, 3, 16.42
1747820465, 0, 338, 961, 958, 14, 6.54%, 0, 0, 3, 16.96
1747820471, 0, 341, 961, 958, 14, 6.54%, 0, 0, 3, 16.65
1747820476, 0, 344, 961, 958, 14, 6.54%, 0, 0, 3, 17.03
1747820481, 0, 348, 961, 958, 14, 6.54%, 0, 0, 3, 16.81
1747820486, 0, 349, 961, 958, 14, 6.54%, 0, 0, 3, 17.07
1747820491, 0, 350, 964, 961, 14, 6.54%, 0, 0, 3, 14.47
1747820496, 0, 350, 965, 962, 14, 6.54%, 0, 0, 3, 14.79
1747820501, 0, 350, 967, 964, 14, 6.54%, 0, 0, 3, 14.40
1747820558, 0, 350, 968, 965, 14, 6.54%, 0, 0, 3, 14.90
1747820568, 0, 350, 969, 966, 14, 6.54%, 0, 0, 3, 15.02
1747820603, 0, 352, 969, 966, 14, 6.54%, 0, 0, 3, 16.23
1747820608, 0, 353, 969, 966, 14, 6.54%, 0, 0, 3, 15.62
1747820613, 0, 355, 969, 966, 14, 6.54%, 0, 0, 3, 16.55
1747820618, 0, 357, 970, 967, 14, 6.54%, 0, 0, 3, 15.50
1747820624, 0, 357, 973, 970, 14, 6.58%, 0, 0, 3, 14.54
1747820639, 0, 357, 974, 971, 14, 6.58%, 0, 0, 3, 14.19
1747820644, 0, 357, 975, 972, 14, 6.58%, 0, 0, 3, 14.96
1747820680, 0, 357, 976, 973, 14, 6.58%, 0, 0, 3, 14.43
1747820685, 0, 357, 977, 974, 14, 6.58%, 0, 0, 3, 14.09
1747820706, 0, 357, 978, 975, 14, 6.58%, 0, 0, 3, 15.08
1747820731, 0, 358, 979, 976, 16, 6.58%, 0, 0, 3, 15.17
1747820736, 0, 359, 979, 976, 16, 6.58%, 0, 0, 3, 14.59
1747820741, 0, 360, 979, 976, 16, 6.58%, 0, 0, 3, 15.86
1747820746, 0, 362, 979, 976, 16, 6.58%, 0, 0, 3, 16.94
1747820752, 0, 363, 980, 977, 16, 6.58%, 0, 0, 3, 15.58
1747820757, 0, 364, 980, 977, 16, 6.58%, 0, 0, 3, 16.28
1747820762, 0, 366, 980, 977, 16, 6.58%, 0, 0, 3, 17.42
1747821873, 0, 369, 980, 976, 16, 6.58%, 0, 0, 3, 19.30
1747821878, 0, 370, 980, 976, 16, 6.58%, 0, 0, 3, 17.02
1747821883, 0, 372, 980, 976, 16, 6.58%, 0, 0, 3, 15.68
1747821888, 0, 372, 981, 977, 16, 6.58%, 0, 0, 3, 14.84
1747821893, 0, 376, 981, 977, 16, 6.58%, 0, 0, 3, 15.85
1747821898, 0, 376, 982, 978, 16, 6.58%, 0, 0, 3, 15.63
1747821903, 0, 376, 983, 979, 16, 6.58%, 0, 0, 3, 14.36
1747821908, 0, 377, 983, 979, 16, 6.58%, 0, 0, 3, 14.10
1747821913, 0, 378, 983, 979, 16, 6.58%, 0, 0, 3, 16.09
1747821918, 0, 379, 986, 982, 16, 6.58%, 0, 0, 3, 13.06
1747821924, 0, 379, 988, 984, 16, 6.58%, 0, 0, 3, 12.96
1747821929, 0, 379, 989, 985, 16, 6.58%, 0, 0, 3, 13.52
1747821949, 0, 379, 991, 987, 16, 6.58%, 0, 0, 3, 13.48
1747821991, 0, 379, 992, 988, 16, 6.58%, 0, 0, 3, 12.86
1747822011, 0, 379, 993, 989, 16, 6.58%, 0, 0, 3, 14.85
1747822037, 0, 382, 993, 989, 16, 6.58%, 0, 0, 3, 15.74
1747822042, 0, 383, 993, 989, 16, 6.58%, 0, 0, 3, 15.90
1747822047, 0, 386, 993, 989, 16, 6.58%, 0, 0, 3, 16.56
1747822052, 0, 389, 993, 989, 16, 6.58%, 0, 0, 3, 17.08
1747822057, 0, 390, 993, 989, 16, 6.58%, 0, 0, 3, 17.54
1747822062, 0, 394, 993, 989, 16, 6.58%, 0, 0, 3, 17.15
1747822068, 0, 396, 993, 989, 16, 6.58%, 0, 0, 3, 16.38
1747822073, 0, 397, 993, 989, 16, 6.58%, 0, 0, 3, 15.72
1747822078, 0, 402, 993, 989, 16, 6.58%, 0, 0, 3, 16.55
1747822083, 0, 404, 993, 989, 16, 6.58%, 0, 0, 3, 16.20
1747822088, 0, 405, 993, 989, 16, 6.58%, 0, 0, 3, 16.67
1747822093, 0, 408, 993, 989, 16, 6.58%, 0, 0, 3, 16.21
1747822099, 0, 410, 993, 989, 16, 6.58%, 0, 0, 3, 16.90
1747822104, 0, 411, 993, 989, 16, 6.58%, 0, 0, 3, 16.86
1747822109, 0, 413, 993, 989, 16, 6.58%, 0, 0, 3, 15.76
1747822114, 0, 415, 993, 989, 16, 6.58%, 0, 0, 3, 16.35
1747822119, 0, 416, 993, 989, 16, 6.58%, 0, 0, 3, 15.47
1747822124, 0, 419, 993, 989, 16, 6.58%, 0, 0, 3, 16.04
1747822129, 0, 420, 993, 989, 16, 6.58%, 0, 0, 3, 16.15
1747822134, 0, 422, 993, 989, 16, 6.58%, 0, 0, 3, 15.96
1747822139, 0, 424, 993, 989, 16, 6.58%, 0, 0, 3, 16.35
1747822145, 0, 424, 994, 990, 16, 6.58%, 0, 0, 3, 15.17
1747822150, 0, 426, 994, 990, 16, 6.58%, 0, 0, 3, 16.19
1747822155, 0, 427, 994, 990, 16, 6.58%, 0, 0, 3, 16.19
1747822160, 0, 431, 994, 990, 16, 6.58%, 0, 0, 3, 16.66
1747822165, 0, 433, 994, 990, 16, 6.58%, 0, 0, 3, 16.72
1747822170, 0, 435, 994, 990, 16, 6.58%, 0, 0, 3, 16.53
1747822175, 0, 437, 994, 990, 16, 6.58%, 0, 0, 3, 16.48
1747822180, 0, 438, 994, 990, 16, 6.58%, 0, 0, 3, 16.74
1747822186, 0, 440, 995, 991, 16, 6.58%, 0, 0, 3, 15.27
1747822196, 0, 442, 995, 991, 16, 6.58%, 0, 0, 3, 16.03
1747822201, 0, 445, 995, 991, 16, 6.58%, 0, 0, 3, 17.08
1747822206, 0, 446, 995, 991, 16, 6.58%, 0, 0, 3, 15.48
1747822211, 0, 451, 995, 991, 16, 6.58%, 0, 0, 3, 15.22
1747822216, 0, 451, 996, 992, 16, 6.58%, 0, 0, 3, 16.60
1747822221, 0, 454, 997, 993, 16, 6.58%, 0, 0, 3, 15.31
1747822232, 0, 455, 998, 994, 16, 6.58%, 0, 0, 3, 15.88
1747822237, 0, 456, 998, 994, 16, 6.58%, 0, 0, 3, 16.19
1747822242, 0, 459, 998, 994, 16, 6.58%, 0, 0, 3, 16.59
1747822247, 0, 460, 998, 994, 16, 6.58%, 0, 0, 3, 16.69
1747822252, 0, 462, 999, 995, 16, 6.58%, 0, 0, 3, 14.86
1747822263, 0, 462, 1000, 996, 16, 6.58%, 0, 0, 3, 13.80
1747822268, 0, 463, 1000, 996, 16, 6.58%, 0, 0, 3, 13.99
1747822273, 0, 464, 1001, 997, 16, 6.59%, 0, 0, 3, 15.54
1747822278, 0, 465, 1001, 997, 17, 6.59%, 0, 0, 3, 16.73
1747822283, 0, 467, 1001, 997, 17, 6.59%, 0, 0, 3, 16.96
1747822288, 0, 468, 1001, 997, 17, 6.59%, 0, 0, 3, 15.97
1747822293, 0, 470, 1001, 997, 17, 6.59%, 0, 0, 3, 15.65
1747822298, 0, 472, 1001, 997, 17, 6.59%, 0, 0, 3, 17.10
1747822303, 0, 473, 1003, 999, 17, 6.59%, 0, 0, 3, 14.21
1747822318, 0, 475, 1003, 999, 17, 6.59%, 0, 0, 3, 16.24
1747822323, 0, 476, 1004, 1000, 17, 6.59%, 0, 0, 3, 13.92
1747822328, 0, 477, 1004, 1000, 17, 6.59%, 0, 0, 3, 14.71
1747822334, 0, 479, 1004, 1000, 17, 6.59%, 0, 0, 3, 16.55
1747822339, 0, 481, 1005, 1001, 17, 6.59%, 0, 0, 3, 14.99
1747822344, 0, 482, 1005, 1001, 17, 6.59%, 0, 0, 3, 16.24
1747822349, 0, 484, 1005, 1001, 17, 6.59%, 0, 0, 3, 15.79
1747822354, 0, 487, 1005, 1001, 17, 6.59%, 0, 0, 3, 16.66
1747822359, 0, 488, 1005, 1001, 17, 6.59%, 0, 0, 3, 16.82
1747822364, 0, 490, 1005, 1001, 17, 6.59%, 0, 0, 3, 17.25
1747822369, 0, 493, 1005, 1001, 17, 6.59%, 0, 0, 3, 16.94
1747822374, 0, 493, 1006, 1002, 17, 6.59%, 0, 0, 3, 15.23
1747822380, 0, 494, 1006, 1002, 17, 6.59%, 0, 0, 3, 14.78
1747822385, 0, 495, 1007, 1003, 17, 6.59%, 0, 0, 3, 16.20
1747822390, 0, 496, 1007, 1003, 17, 6.59%, 0, 0, 3, 14.59
1747822395, 0, 498, 1007, 1003, 17, 6.59%, 0, 0, 3, 16.51
1747822400, 0, 501, 1007, 1003, 17, 6.59%, 0, 0, 3, 15.35
1747822405, 0, 502, 1008, 1004, 17, 6.59%, 0, 0, 3, 15.57
1747822415, 0, 505, 1008, 1004, 17, 6.59%, 0, 0, 3, 16.54
1747822421, 0, 509, 1008, 1004, 17, 6.59%, 0, 0, 3, 16.98
1747822426, 0, 510, 1008, 1004, 17, 6.59%, 0, 0, 3, 16.83
1747822431, 0, 512, 1008, 1004, 17, 6.59%, 0, 0, 3, 17.04
1747822436, 0, 515, 1008, 1004, 17, 6.59%, 0, 0, 3, 15.71
1747822441, 0, 516, 1008, 1004, 17, 6.59%, 0, 0, 3, 15.07
1747822446, 0, 518, 1008, 1004, 17, 6.59%, 0, 0, 3, 16.38
1747822452, 0, 520, 1008, 1004, 17, 6.59%, 0, 0, 3, 16.80
1747822457, 0, 521, 1008, 1004, 17, 6.59%, 0, 0, 3, 15.16
1747822462, 0, 525, 1008, 1004, 17, 6.59%, 0, 0, 3, 15.84
1747822467, 0, 526, 1008, 1004, 17, 6.59%, 0, 0, 3, 16.18
1747822472, 0, 528, 1008, 1004, 17, 6.59%, 0, 0, 3, 16.44
1747822477, 0, 529, 1008, 1004, 17, 6.59%, 0, 0, 3, 15.36
1747822482, 0, 531, 1009, 1005, 17, 6.59%, 0, 0, 3, 16.25
1747822487, 0, 533, 1009, 1005, 17, 6.59%, 0, 0, 3, 16.55
1747822492, 0, 534, 1009, 1005, 17, 6.59%, 0, 0, 3, 17.05
1747822497, 0, 536, 1009, 1005, 17, 6.59%, 0, 0, 3, 17.53
1747822503, 0, 538, 1009, 1005, 17, 6.59%, 0, 0, 3, 15.69
1747822508, 0, 540, 1009, 1005, 17, 6.59%, 0, 0, 3, 16.42
1747822513, 0, 542, 1009, 1005, 17, 6.59%, 0, 0, 3, 16.82
1747822518, 0, 544, 1009, 1005, 17, 6.59%, 0, 0, 3, 16.81
1747822523, 0, 546, 1009, 1005, 17, 6.59%, 0, 0, 3, 15.86
1747822528, 0, 548, 1009, 1005, 17, 6.59%, 0, 0, 3, 16.77
1747822533, 0, 550, 1009, 1005, 17, 6.59%, 0, 0, 3, 17.12
1747822538, 0, 551, 1009, 1005, 17, 6.59%, 0, 0, 3, 17.22
1747822544, 0, 552, 1009, 1005, 17, 6.59%, 0, 0, 3, 21.69
1747824119, 0, 554, 1009, 1004, 17, 6.59%, 0, 0, 3, 19.08
1747824124, 0, 555, 1009, 1004, 17, 6.59%, 0, 0, 3, 17.44
1747824129, 0, 557, 1009, 1004, 17, 6.59%, 0, 0, 3, 17.34
1747824134, 0, 560, 1009, 1004, 17, 6.59%, 0, 0, 3, 16.97
1747824139, 0, 561, 1009, 1004, 17, 6.59%, 0, 0, 3, 16.29
1747824144, 0, 563, 1009, 1004, 17, 6.59%, 0, 0, 3, 15.26
1747824149, 0, 566, 1009, 1004, 17, 6.59%, 0, 0, 3, 17.14
1747824154, 0, 568, 1009, 1004, 17, 6.59%, 0, 0, 3, 16.77
1747824160, 0, 570, 1009, 1004, 17, 6.59%, 0, 0, 3, 16.81
1747824165, 0, 572, 1009, 1004, 17, 6.59%, 0, 0, 3, 16.88
1747824170, 0, 573, 1009, 1004, 17, 6.59%, 0, 0, 3, 16.74
1747824175, 0, 577, 1009, 1004, 17, 6.59%, 0, 0, 3, 16.96
1747824180, 0, 579, 1009, 1004, 17, 6.59%, 0, 0, 3, 15.84
1747824185, 0, 581, 1009, 1004, 17, 6.59%, 0, 0, 3, 16.84
1747824190, 0, 584, 1009, 1004, 17, 6.59%, 0, 0, 3, 16.83
1747824195, 0, 586, 1009, 1004, 17, 6.59%, 0, 0, 3, 15.80
1747824200, 0, 587, 1009, 1004, 17, 6.59%, 0, 0, 3, 16.29
1747824206, 0, 589, 1009, 1004, 17, 6.59%, 0, 0, 3, 16.67
1747824211, 0, 591, 1009, 1004, 17, 6.59%, 0, 0, 3, 16.98
1747824216, 0, 592, 1009, 1004, 17, 6.59%, 0, 0, 3, 17.05
1747824221, 0, 595, 1009, 1004, 17, 6.59%, 0, 0, 3, 16.50
1747824226, 0, 598, 1009, 1004, 17, 6.59%, 0, 0, 3, 16.73
1747824231, 0, 599, 1009, 1004, 17, 6.59%, 0, 0, 3, 16.43
1747824236, 0, 601, 1009, 1004, 17, 6.59%, 0, 0, 3, 15.82
1747824241, 0, 603, 1009, 1004, 17, 6.59%, 0, 0, 3, 15.97
1747824246, 0, 606, 1009, 1004, 17, 6.59%, 0, 0, 3, 15.72
1747824251, 0, 608, 1009, 1004, 17, 6.59%, 0, 0, 3, 16.53
1747824256, 0, 609, 1009, 1004, 17, 6.59%, 0, 0, 3, 15.45
1747824262, 0, 611, 1009, 1004, 17, 6.59%, 0, 0, 3, 15.48
1747824267, 0, 612, 1009, 1004, 17, 6.59%, 0, 0, 3, 16.64
1747824272, 0, 615, 1009, 1004, 17, 6.59%, 0, 0, 3, 15.68
1747824277, 0, 616, 1009, 1004, 17, 6.59%, 0, 0, 3, 14.54
1747824282, 0, 618, 1009, 1004, 17, 6.59%, 0, 0, 3, 15.14
1747824287, 0, 622, 1009, 1004, 17, 6.59%, 0, 0, 3, 16.15
1747824293, 0, 623, 1009, 1004, 17, 6.59%, 0, 0, 3, 16.81
1747824298, 0, 625, 1009, 1004, 17, 6.59%, 0, 0, 3, 14.85
1747824303, 0, 627, 1009, 1004, 17, 6.59%, 0, 0, 3, 15.58
1747824308, 0, 629, 1009, 1004, 17, 6.59%, 0, 0, 3, 15.00
1747824313, 0, 630, 1009, 1004, 17, 6.59%, 0, 0, 3, 16.28
1747824318, 0, 632, 1009, 1004, 17, 6.59%, 0, 0, 3, 15.70
1747824323, 0, 634, 1009, 1004, 17, 6.59%, 0, 0, 3, 15.16
1747824329, 0, 635, 1009, 1004, 17, 6.59%, 0, 0, 3, 13.90
1747824334, 0, 637, 1009, 1004, 17, 6.59%, 0, 0, 3, 14.87
1747824339, 0, 638, 1009, 1004, 17, 6.59%, 0, 0, 3, 17.08
1747824344, 0, 640, 1009, 1004, 17, 6.59%, 0, 0, 3, 16.02
1747824349, 0, 642, 1009, 1004, 17, 6.59%, 0, 0, 3, 14.26
1747824354, 0, 644, 1009, 1004, 17, 6.59%, 0, 0, 3, 15.72
1747824359, 0, 647, 1009, 1004, 17, 6.59%, 0, 0, 3, 16.72
1747824364, 0, 648, 1009, 1004, 17, 6.59%, 0, 0, 3, 16.01
1747824370, 0, 650, 1009, 1004, 17, 6.59%, 0, 0, 3, 17.09
1747824375, 0, 653, 1009, 1004, 17, 6.59%, 0, 0, 3, 15.76
1747824380, 0, 654, 1009, 1004, 17, 6.59%, 0, 0, 3, 16.84
1747824385, 0, 656, 1009, 1004, 17, 6.59%, 0, 0, 3, 16.17
1747824390, 0, 657, 1009, 1004, 17, 6.59%, 0, 0, 3, 15.14
1747824395, 0, 659, 1009, 1004, 17, 6.59%, 0, 0, 3, 14.30
1747824400, 0, 661, 1009, 1004, 17, 6.59%, 0, 0, 3, 15.58
1747824405, 0, 663, 1009, 1004, 17, 6.59%, 0, 0, 3, 17.26
1747824410, 0, 665, 1009, 1004, 17, 6.59%, 0, 0, 3, 15.81
1747824415, 0, 666, 1009, 1004, 17, 6.59%, 0, 0, 3, 15.97
1747824420, 0, 668, 1009, 1004, 17, 6.59%, 0, 0, 3, 15.90
1747824426, 0, 669, 1009, 1004, 17, 6.59%, 0, 0, 3, 16.26
1747824431, 0, 672, 1009, 1004, 17, 6.59%, 0, 0, 3, 16.35
1747824436, 0, 676, 1009, 1004, 17, 6.59%, 0, 0, 3, 16.75
1747824441, 0, 677, 1009, 1004, 17, 6.59%, 0, 0, 3, 17.00
1747824446, 0, 679, 1009, 1004, 17, 6.59%, 0, 0, 3, 17.09
1747824451, 0, 682, 1009, 1004, 17, 6.59%, 0, 0, 3, 15.97
1747824456, 0, 683, 1009, 1004, 17, 6.59%, 0, 0, 3, 17.20
1747824461, 0, 685, 1009, 1004, 17, 6.59%, 0, 0, 3, 16.83
1747824466, 0, 687, 1009, 1004, 17, 6.59%, 0, 0, 3, 16.34
1747824472, 0, 688, 1009, 1004, 17, 6.59%, 0, 0, 3, 16.71
1747824477, 0, 691, 1009, 1004, 17, 6.59%, 0, 0, 3, 16.62
1747824482, 0, 693, 1009, 1004, 17, 6.59%, 0, 0, 3, 15.57
1747824487, 0, 695, 1009, 1004, 17, 6.59%, 0, 0, 3, 15.94
1747824492, 0, 697, 1009, 1004, 17, 6.59%, 0, 0, 3, 16.66
1747824497, 0, 698, 1009, 1004, 17, 6.59%, 0, 0, 3, 15.35
1747824502, 0, 700, 1009, 1004, 17, 6.59%, 0, 0, 3, 16.39
1747824507, 0, 702, 1009, 1004, 17, 6.59%, 0, 0, 3, 15.38
1747824513, 0, 704, 1009, 1004, 17, 6.59%, 0, 0, 3, 15.71
1747824518, 0, 706, 1009, 1004, 17, 6.59%, 0, 0, 3, 17.08
1747824523, 0, 708, 1009, 1004, 17, 6.59%, 0, 0, 3, 17.11
1747824528, 0, 709, 1009, 1004, 17, 6.59%, 0, 0, 3, 17.16
1747824533, 0, 711, 1009, 1004, 17, 6.59%, 0, 0, 3, 16.47
1747824538, 0, 716, 1009, 1004, 17, 6.59%, 0, 0, 3, 16.81
1747824543, 0, 718, 1009, 1004, 17, 6.59%, 0, 0, 3, 16.35
1747824548, 0, 718, 1010, 1005, 17, 6.59%, 0, 0, 3, 13.94
1747824553, 0, 720, 1010, 1005, 17, 6.59%, 0, 0, 3, 14.24
1747824558, 0, 721, 1010, 1005, 17, 6.59%, 0, 0, 3, 14.64
1747824563, 0, 726, 1010, 1005, 17, 6.59%, 0, 0, 3, 16.29
1747824569, 0, 728, 1010, 1005, 17, 6.59%, 0, 0, 3, 16.90
1747824574, 0, 730, 1010, 1005, 17, 6.59%, 0, 0, 3, 17.00
1747824579, 0, 734, 1010, 1005, 17, 6.59%, 0, 0, 3, 16.73
1747824584, 0, 736, 1010, 1005, 17, 6.59%, 0, 0, 3, 15.10
1747824589, 0, 738, 1010, 1005, 17, 6.59%, 0, 0, 3, 15.59
1747824594, 0, 741, 1010, 1005, 17, 6.59%, 0, 0, 3, 16.44
1747824600, 0, 742, 1010, 1005, 17, 6.59%, 0, 0, 3, 16.99
1747824605, 0, 744, 1010, 1005, 17, 6.59%, 0, 0, 3, 17.06
1747824610, 0, 747, 1010, 1005, 17, 6.59%, 0, 0, 3, 16.18
1747824615, 0, 749, 1010, 1005, 17, 6.59%, 0, 0, 3, 16.50
1747824620, 0, 750, 1011, 1006, 17, 6.59%, 0, 0, 3, 14.11
1747824625, 0, 750, 1012, 1007, 17, 6.59%, 0, 0, 3, 13.43
1747824636, 0, 751, 1012, 1007, 17, 6.59%, 0, 0, 3, 13.54
1747824641, 0, 753, 1012, 1007, 17, 6.59%, 0, 0, 3, 15.90
1747824646, 0, 755, 1012, 1007, 17, 6.59%, 0, 0, 3, 16.85
1747824651, 0, 760, 1012, 1007, 17, 6.59%, 0, 0, 3, 17.13
1747824656, 0, 761, 1012, 1007, 17, 6.59%, 0, 0, 3, 17.30
1747824661, 0, 764, 1012, 1007, 17, 6.59%, 0, 0, 3, 17.61
1747824666, 0, 765, 1013, 1008, 17, 6.59%, 0, 0, 3, 14.11
1747824671, 0, 765, 1015, 1010, 17, 6.59%, 0, 0, 3, 12.71
1747824697, 0, 767, 1015, 1010, 17, 6.59%, 0, 0, 3, 13.78
1747824702, 0, 772, 1015, 1010, 17, 6.59%, 0, 0, 3, 15.05
1747824707, 0, 775, 1015, 1010, 17, 6.59%, 0, 0, 3, 16.20
1747824712, 0, 778, 1015, 1010, 17, 6.59%, 0, 0, 3, 16.69
1747824717, 0, 779, 1015, 1010, 17, 6.59%, 0, 0, 3, 14.25
1747824722, 0, 782, 1015, 1010, 17, 6.59%, 0, 0, 3, 15.26
1747824728, 0, 784, 1015, 1010, 17, 6.59%, 0, 0, 3, 16.44
1747824733, 0, 786, 1015, 1010, 17, 6.59%, 0, 0, 3, 17.01
1747824738, 0, 788, 1015, 1010, 17, 6.59%, 0, 0, 3, 16.90
1747824743, 0, 791, 1015, 1010, 17, 6.59%, 0, 0, 3, 17.03
1747824748, 0, 793, 1015, 1010, 17, 6.59%, 0, 0, 3, 17.14
1747824753, 0, 794, 1015, 1010, 17, 6.59%, 0, 0, 3, 15.73
1747824758, 0, 797, 1015, 1010, 17, 6.59%, 0, 0, 3, 17.04
1747824763, 0, 798, 1015, 1010, 17, 6.59%, 0, 0, 3, 17.03
1747824769, 0, 800, 1015, 1010, 17, 6.59%, 0, 0, 3, 17.19
1747824774, 0, 802, 1015, 1010, 17, 6.59%, 0, 0, 3, 16.98
1747824779, 0, 804, 1015, 1010, 17, 6.59%, 0, 0, 3, 16.95
1747824784, 0, 806, 1015, 1010, 17, 6.59%, 0, 0, 3, 16.23
1747824789, 0, 808, 1015, 1010, 17, 6.59%, 0, 0, 3, 15.68
1747824794, 0, 809, 1015, 1010, 17, 6.59%, 0, 0, 3, 16.78
1747824799, 0, 813, 1015, 1010, 17, 6.59%, 0, 0, 3, 16.59
1747824804, 0, 815, 1015, 1010, 17, 6.59%, 0, 0, 3, 15.82
1747824810, 0, 817, 1015, 1010, 17, 6.59%, 0, 0, 3, 14.63
1747824815, 0, 819, 1016, 1011, 17, 6.59%, 0, 0, 3, 14.17
1747824825, 0, 821, 1017, 1012, 17, 6.59%, 0, 0, 3, 13.25
1747824830, 0, 821, 1018, 1013, 17, 6.59%, 0, 0, 3, 12.92
1747824840, 0, 822, 1018, 1013, 17, 6.59%, 0, 0, 3, 15.86
1747824845, 0, 825, 1018, 1013, 17, 6.59%, 0, 0, 3, 16.75
1747824851, 0, 827, 1018, 1013, 17, 6.59%, 0, 0, 3, 17.16
1747824856, 0, 828, 1018, 1013, 17, 6.59%, 0, 0, 3, 17.11
1747824861, 0, 831, 1018, 1013, 17, 6.59%, 0, 0, 3, 16.34
1747824866, 0, 832, 1018, 1013, 17, 6.59%, 0, 0, 3, 14.59
1747824871, 0, 834, 1018, 1013, 17, 6.59%, 0, 0, 3, 16.36
1747824876, 0, 837, 1018, 1013, 17, 6.59%, 0, 0, 3, 16.54
1747824881, 0, 838, 1018, 1013, 17, 6.59%, 0, 0, 3, 16.10
1747824886, 0, 840, 1018, 1013, 17, 6.59%, 0, 0, 3, 16.47
1747824892, 0, 842, 1018, 1013, 17, 6.59%, 0, 0, 3, 16.95
1747824897, 0, 843, 1018, 1013, 17, 6.59%, 0, 0, 3, 16.61
1747824902, 0, 845, 1018, 1013, 17, 6.59%, 0, 0, 3, 16.76
1747824907, 0, 849, 1018, 1013, 17, 6.59%, 0, 0, 3, 16.99
1747824912, 0, 851, 1018, 1013, 17, 6.59%, 0, 0, 3, 15.18
1747824917, 0, 855, 1018, 1013, 17, 6.59%, 0, 0, 3, 16.22
1747824922, 0, 857, 1018, 1013, 17, 6.59%, 0, 0, 3, 16.61
1747824928, 0, 858, 1018, 1013, 17, 6.59%, 0, 0, 3, 15.19
1747824933, 0, 860, 1018, 1013, 17, 6.59%, 0, 0, 3, 14.96
1747824938, 0, 863, 1018, 1013, 17, 6.59%, 0, 0, 3, 16.72
1747824943, 0, 865, 1018, 1013, 17, 6.59%, 0, 0, 3, 16.83
1747824948, 0, 867, 1018, 1013, 17, 6.59%, 0, 0, 3, 17.21
1747824953, 0, 868, 1018, 1013, 17, 6.59%, 0, 0, 3, 16.16
1747824958, 0, 870, 1018, 1013, 17, 6.59%, 0, 0, 3, 16.72
1747824963, 0, 872, 1018, 1013, 17, 6.59%, 0, 0, 3, 17.15
1747824968, 0, 873, 1018, 1013, 17, 6.59%, 0, 0, 3, 16.86
1747824974, 0, 875, 1018, 1013, 17, 6.59%, 0, 0, 3, 16.43
1747824979, 0, 877, 1018, 1013, 17, 6.59%, 0, 0, 3, 16.40
1747824984, 0, 879, 1018, 1013, 17, 6.59%, 0, 0, 3, 16.30
1747824989, 0, 881, 1018, 1013, 17, 6.59%, 0, 0, 3, 16.28
1747824994, 0, 883, 1018, 1013, 17, 6.59%, 0, 0, 3, 14.11
1747824999, 0, 885, 1018, 1013, 17, 6.59%, 0, 0, 3, 15.61
1747825030, 0, 885, 1020, 1015, 17, 6.59%, 0, 0, 4, 12.84
1747825091, 0, 885, 1021, 1016, 17, 6.59%, 0, 0, 4, 12.91
1747825167, 0, 885, 1022, 1017, 17, 6.59%, 0, 0, 4, 12.77
1747825202, 0, 885, 1024, 1019, 17, 6.59%, 0, 0, 4, 12.51
1747825222, 0, 885, 1025, 1020, 17, 6.59%, 0, 0, 4, 12.52
1747825629, 0, 885, 1026, 1021, 17, 6.59%, 0, 0, 4, 12.92
1747828974, 0, 885, 1026, 1021, 17, 6.59%, 0, 1, 4, 12.51
1747830087, 0, 885, 1027, 1022, 17, 6.59%, 0, 1, 4, 21.26
1747830221, 0, 885, 1028, 1023, 17, 6.59%, 0, 1, 4, 26.67
1747830231, 0, 889, 1028, 1022, 16, 6.59%, 0, 1, 4, 25.29
1747830236, 0, 896, 1028, 1022, 16, 6.59%, 0, 1, 4, 27.47
1747830242, 0, 899, 1028, 1022, 16, 6.59%, 0, 1, 4, 26.51
1747830247, 0, 901, 1028, 1022, 16, 6.59%, 0, 1, 4, 27.54
1747830252, 0, 904, 1028, 1022, 16, 6.59%, 0, 1, 4, 28.43
1747830257, 0, 906, 1029, 1023, 15, 6.59%, 0, 1, 4, 25.69
1747830262, 0, 908, 1029, 1023, 15, 6.59%, 0, 1, 4, 24.63
1747830267, 0, 911, 1029, 1023, 15, 6.59%, 0, 1, 4, 25.47
1747830272, 0, 914, 1029, 1023, 15, 6.59%, 0, 1, 4, 25.01
1747830277, 0, 918, 1029, 1023, 15, 6.59%, 0, 1, 4, 27.58
1747830282, 0, 921, 1029, 1023, 15, 6.59%, 0, 1, 4, 28.51
1747830287, 0, 923, 1029, 1023, 15, 6.59%, 0, 1, 4, 28.40
1747830293, 0, 927, 1029, 1023, 15, 6.59%, 0, 1, 4, 25.02
1747830298, 0, 929, 1029, 1023, 15, 6.59%, 0, 1, 4, 25.06
1747830303, 0, 932, 1029, 1023, 15, 6.59%, 0, 1, 4, 26.15
1747830308, 0, 935, 1029, 1023, 15, 6.59%, 0, 1, 4, 27.55
1747830313, 0, 936, 1030, 1024, 15, 6.59%, 0, 1, 4, 23.22
1747830318, 0, 939, 1031, 1025, 15, 6.59%, 0, 1, 4, 25.04
1747830323, 0, 941, 1031, 1025, 15, 6.59%, 0, 1, 4, 25.55
1747830328, 0, 943, 1031, 1025, 15, 6.59%, 0, 1, 4, 26.83
1747830333, 0, 946, 1032, 1026, 15, 6.59%, 0, 1, 4, 24.24
1747830339, 0, 948, 1032, 1026, 15, 6.59%, 0, 1, 4, 25.37
1747830344, 0, 951, 1032, 1026, 15, 6.59%, 0, 1, 4, 25.79
1747830349, 0, 957, 1032, 1026, 15, 6.59%, 0, 1, 4, 28.64
1747830354, 0, 960, 1032, 1026, 15, 6.59%, 0, 1, 4, 28.84
1747830359, 0, 963, 1032, 1026, 15, 6.59%, 0, 1, 4, 27.52
1747830364, 0, 968, 1032, 1026, 15, 6.59%, 0, 1, 4, 27.92
1747830369, 0, 973, 1032, 1026, 15, 6.59%, 0, 1, 4, 27.29
1747830374, 0, 976, 1032, 1026, 15, 6.59%, 0, 1, 4, 28.41
1747830379, 0, 979, 1032, 1026, 15, 6.59%, 0, 1, 4, 28.13
1747830384, 0, 982, 1032, 1026, 15, 6.59%, 0, 1, 4, 29.19
1747830389, 0, 987, 1032, 1026, 15, 6.59%, 0, 1, 4, 29.29
1747830395, 0, 994, 1032, 1026, 15, 6.59%, 0, 1, 4, 26.28
1747830400, 0, 997, 1032, 1026, 15, 6.59%, 0, 1, 4, 25.62
1747830405, 0, 1000, 1032, 1026, 15, 6.59%, 0, 1, 4, 28.32
1747830420, 0, 1000, 1034, 1028, 15, 6.59%, 0, 1, 4, 25.18
1747830497, 0, 1000, 1035, 1029, 15, 6.59%, 0, 1, 4, 25.17
1747830713, 0, 1000, 1036, 1030, 15, 6.59%, 0, 1, 4, 25.63
1747832732, 0, 1001, 1036, 1029, 14, 6.59%, 0, 1, 4, 26.52
1747832737, 0, 1007, 1036, 1029, 14, 6.59%, 0, 1, 4, 26.31
1747832742, 0, 1009, 1037, 1030, 14, 6.59%, 0, 1, 4, 27.02
1747832747, 0, 1013, 1038, 1031, 14, 6.59%, 0, 1, 4, 26.31
1747832752, 0, 1013, 1039, 1032, 14, 6.59%, 0, 1, 4, 23.27
1747832758, 0, 1014, 1039, 1032, 15, 6.59%, 0, 1, 4, 24.01
1747832763, 0, 1015, 1040, 1033, 15, 6.59%, 0, 1, 4, 24.15
1747832768, 0, 1019, 1040, 1033, 15, 6.59%, 0, 1, 4, 27.75
1747832773, 0, 1024, 1040, 1033, 15, 6.59%, 0, 1, 4, 28.70
1747832778, 0, 1025, 1042, 1035, 15, 6.60%, 0, 1, 4, 23.89
1747832783, 0, 1026, 1042, 1035, 13, 6.60%, 0, 1, 4, 24.15
1747832788, 0, 1028, 1042, 1035, 13, 6.60%, 0, 1, 4, 23.75
1747832793, 0, 1028, 1044, 1037, 13, 6.60%, 0, 1, 4, 21.81
1747832799, 0, 1029, 1045, 1038, 13, 6.60%, 0, 1, 4, 22.41
1747832804, 0, 1030, 1045, 1038, 13, 6.60%, 0, 1, 4, 25.36
1747832809, 0, 1033, 1046, 1039, 13, 6.60%, 0, 1, 4, 23.66
1747832814, 0, 1035, 1046, 1039, 13, 6.60%, 0, 1, 4, 27.80
1747832819, 0, 1040, 1046, 1039, 13, 6.60%, 0, 1, 4, 26.89
1747832824, 0, 1041, 1046, 1039, 13, 6.60%, 0, 1, 4, 23.95
1747842488, 0, 1043, 1046, 1038, 12, 6.60%, 0, 1, 4, 24.21
1747842493, 1, 1, 1047, 1039, 12, 6.60%, 0, 1, 4, 61.92
1747842498, 1, 1, 1049, 1041, 12, 6.60%, 0, 1, 4, 80.52
1747842504, 1, 1, 1050, 1042, 12, 6.60%, 0, 1, 4, 81.85
1747842514, 1, 1, 1051, 1043, 12, 6.60%, 0, 1, 4, 85.98
1747842550, 1, 1, 1052, 1044, 12, 6.60%, 0, 1, 4, 80.53
1747842555, 1, 3, 1053, 1044, 12, 6.60%, 0, 1, 4, 42.33
1747842560, 1, 3, 1054, 1045, 12, 6.60%, 0, 1, 4, 27.08
1747842565, 1, 6, 1054, 1045, 12, 6.60%, 0, 1, 4, 26.86
1747842570, 1, 9, 1054, 1045, 12, 6.60%, 0, 1, 4, 27.80
1747842575, 1, 13, 1054, 1045, 12, 6.60%, 0, 1, 4, 28.57
1747842580, 1, 15, 1054, 1045, 12, 6.60%, 0, 1, 4, 25.12
1747842586, 1, 19, 1054, 1045, 12, 6.60%, 0, 1, 4, 26.60
1747842591, 1, 22, 1054, 1045, 12, 6.60%, 0, 1, 4, 28.66
1747842596, 1, 24, 1054, 1045, 12, 6.60%, 0, 1, 4, 26.19
1747842601, 1, 26, 1055, 1046, 12, 6.60%, 0, 1, 4, 26.53
1747842606, 1, 27, 1056, 1047, 12, 6.60%, 0, 1, 4, 27.45
1747842611, 1, 31, 1056, 1047, 12, 6.60%, 0, 1, 4, 25.80
1747842616, 1, 35, 1056, 1047, 12, 6.60%, 0, 1, 4, 27.46
1747842621, 1, 38, 1056, 1047, 12, 6.60%, 0, 1, 4, 26.89
1747842626, 1, 42, 1056, 1047, 12, 6.60%, 0, 1, 4, 27.27
1747842631, 1, 45, 1056, 1047, 12, 6.60%, 0, 1, 4, 26.18
1747842636, 1, 47, 1056, 1047, 12, 6.60%, 0, 1, 4, 27.06
1747842641, 1, 50, 1056, 1047, 12, 6.60%, 0, 1, 4, 25.60
1747842646, 1, 52, 1056, 1047, 12, 6.60%, 0, 1, 4, 27.16
1747842652, 1, 57, 1056, 1047, 12, 6.60%, 0, 1, 4, 26.72
1747842657, 1, 60, 1056, 1047, 12, 6.60%, 0, 1, 4, 27.13
1747842662, 1, 63, 1056, 1047, 12, 6.60%, 0, 1, 4, 27.49
1747842667, 1, 65, 1056, 1047, 12, 6.60%, 0, 1, 4, 27.60
1747842672, 1, 69, 1056, 1047, 12, 6.60%, 0, 1, 4, 26.95
1747842677, 1, 73, 1056, 1047, 12, 6.60%, 0, 1, 4, 28.38
1747842682, 1, 77, 1056, 1047, 12, 6.60%, 0, 1, 4, 28.28
1747842688, 1, 79, 1057, 1048, 12, 6.60%, 0, 1, 4, 28.43
1747842693, 1, 85, 1057, 1048, 12, 6.60%, 0, 1, 4, 28.52
1747842698, 1, 89, 1057, 1048, 12, 6.60%, 0, 1, 4, 24.84
1747842703, 1, 91, 1058, 1049, 13, 6.60%, 0, 1, 4, 28.32
1747842708, 1, 94, 1058, 1049, 13, 6.60%, 0, 1, 4, 26.73
1747842713, 1, 97, 1058, 1049, 13, 6.60%, 0, 1, 4, 25.68
1747842718, 1, 99, 1059, 1050, 14, 6.61%, 0, 1, 4, 23.79
1747842724, 1, 103, 1059, 1050, 14, 6.61%, 0, 1, 4, 26.76
1747842729, 1, 106, 1059, 1050, 14, 6.61%, 0, 1, 4, 26.13
1747842734, 1, 110, 1059, 1050, 14, 6.61%, 0, 1, 4, 26.17
1747842739, 1, 111, 1060, 1051, 14, 6.61%, 0, 1, 4, 23.83
1747842744, 1, 113, 1060, 1051, 14, 6.61%, 0, 1, 4, 24.52
1747842749, 1, 117, 1060, 1051, 14, 6.61%, 0, 1, 4, 24.82
1747842754, 1, 121, 1060, 1051, 14, 6.61%, 0, 1, 4, 28.09
1747842759, 1, 126, 1060, 1051, 14, 6.61%, 0, 1, 4, 28.11
1747842764, 1, 128, 1061, 1052, 14, 6.61%, 0, 1, 4, 24.87
1747842769, 1, 129, 1062, 1053, 14, 6.61%, 0, 1, 4, 27.40
1747842774, 1, 131, 1063, 1054, 14, 6.61%, 0, 1, 4, 26.71
1747842779, 1, 131, 1064, 1055, 14, 6.61%, 0, 1, 4, 27.78
1747842784, 1, 135, 1064, 1055, 14, 6.61%, 0, 1, 4, 27.48
1747842790, 1, 138, 1065, 1056, 14, 6.61%, 0, 1, 4, 25.23
1747842795, 1, 141, 1066, 1057, 14, 6.61%, 0, 1, 4, 24.60
1747842800, 1, 141, 1067, 1058, 14, 6.61%, 0, 1, 4, 23.12
1747842805, 1, 143, 1067, 1058, 14, 6.61%, 0, 1, 4, 25.52
1747842810, 1, 146, 1067, 1058, 14, 6.61%, 0, 1, 4, 25.97
1747842815, 1, 149, 1067, 1058, 14, 6.61%, 0, 1, 4, 24.49
1747842820, 1, 150, 1068, 1059, 14, 6.61%, 0, 1, 4, 24.85
1747842825, 1, 152, 1069, 1060, 14, 6.61%, 0, 1, 4, 24.27
1747842831, 1, 153, 1069, 1060, 14, 6.61%, 0, 1, 4, 22.45
1747842836, 1, 159, 1070, 1061, 14, 6.61%, 0, 1, 4, 22.78
1747842841, 1, 159, 1072, 1063, 14, 6.61%, 0, 1, 4, 20.88
1747842851, 1, 159, 1073, 1064, 14, 6.61%, 0, 1, 4, 23.76
1747842877, 1, 162, 1073, 1064, 14, 6.61%, 0, 1, 4, 25.85
1747842882, 1, 168, 1073, 1064, 14, 6.61%, 0, 1, 4, 24.46
1747842887, 1, 169, 1074, 1065, 14, 6.61%, 0, 1, 4, 22.46
1747842892, 1, 173, 1074, 1065, 14, 6.61%, 0, 1, 4, 24.71
1747842897, 1, 176, 1074, 1065, 14, 6.61%, 0, 1, 4, 26.34
1747842902, 1, 178, 1074, 1065, 14, 6.61%, 0, 1, 4, 25.77
1747842907, 1, 183, 1074, 1065, 14, 6.61%, 0, 1, 4, 24.93
1747842912, 1, 184, 1075, 1066, 14, 6.61%, 0, 1, 4, 27.09
1747842917, 1, 187, 1075, 1066, 14, 6.61%, 0, 1, 4, 25.25
1747842923, 1, 194, 1075, 1066, 14, 6.61%, 0, 1, 4, 26.51
1747842928, 1, 197, 1075, 1066, 14, 6.61%, 0, 1, 4, 25.78
1747842933, 1, 199, 1075, 1066, 14, 6.61%, 0, 1, 4, 24.82
1747842938, 1, 202, 1075, 1066, 14, 6.61%, 0, 1, 4, 25.71
1747842943, 1, 205, 1076, 1067, 14, 6.61%, 0, 1, 4, 23.53
1747842948, 1, 206, 1076, 1067, 14, 6.61%, 0, 1, 4, 24.44
1747842953, 1, 210, 1076, 1067, 14, 6.61%, 0, 1, 4, 24.48
1747842958, 1, 212, 1076, 1067, 14, 6.61%, 0, 1, 4, 25.34
1747842963, 1, 216, 1076, 1067, 14, 6.61%, 0, 1, 4, 24.70
1747842968, 1, 217, 1077, 1068, 14, 6.61%, 0, 1, 4, 24.75
1747842973, 1, 220, 1077, 1068, 14, 6.61%, 0, 1, 4, 25.40
1747842978, 1, 222, 1077, 1068, 14, 6.61%, 0, 1, 4, 24.50
1747842984, 1, 225, 1077, 1068, 14, 6.61%, 0, 1, 4, 25.31
1747842989, 1, 227, 1077, 1068, 14, 6.61%, 0, 1, 4, 26.74
1747842994, 1, 230, 1077, 1068, 14, 6.61%, 0, 1, 4, 25.73
1747842999, 1, 234, 1077, 1068, 14, 6.61%, 0, 1, 4, 26.35
1747843004, 1, 237, 1078, 1069, 14, 6.61%, 0, 1, 4, 24.28
1747843009, 1, 237, 1079, 1070, 14, 6.61%, 0, 1, 4, 22.82
1747843014, 1, 237, 1080, 1071, 14, 6.61%, 0, 1, 4, 21.67
1747843025, 1, 239, 1080, 1071, 14, 6.61%, 0, 1, 4, 23.25
1747843030, 1, 242, 1080, 1071, 14, 6.61%, 0, 1, 4, 23.93
1747843035, 1, 245, 1080, 1071, 14, 6.61%, 0, 1, 4, 26.28
1747843040, 1, 247, 1080, 1071, 14, 6.61%, 0, 1, 4, 24.72
1747843045, 1, 250, 1080, 1071, 14, 6.61%, 0, 1, 4, 25.59
1747843050, 1, 252, 1080, 1071, 14, 6.61%, 0, 1, 4, 26.63
1747843055, 1, 259, 1080, 1071, 14, 6.61%, 0, 1, 4, 24.15
1747843061, 1, 261, 1080, 1071, 14, 6.61%, 0, 1, 4, 26.39
1747843066, 1, 266, 1080, 1071, 14, 6.61%, 0, 1, 4, 26.02
1747843071, 1, 271, 1080, 1071, 14, 6.61%, 0, 1, 4, 27.09
1747843076, 1, 274, 1080, 1071, 14, 6.61%, 0, 1, 4, 24.49
1747843081, 1, 277, 1080, 1071, 14, 6.61%, 0, 1, 4, 25.46
1747843086, 1, 280, 1080, 1071, 14, 6.61%, 0, 1, 4, 23.54
1747843091, 1, 281, 1081, 1072, 14, 6.61%, 0, 1, 4, 23.11
1747843096, 1, 283, 1081, 1072, 14, 6.61%, 0, 1, 4, 26.47
1747843101, 1, 287, 1081, 1072, 14, 6.61%, 0, 1, 4, 23.54
1747843106, 1, 290, 1081, 1072, 14, 6.61%, 0, 1, 4, 24.45
1747843111, 1, 295, 1081, 1072, 14, 6.61%, 0, 1, 4, 26.06
1747843117, 1, 297, 1081, 1072, 14, 6.61%, 0, 1, 4, 25.63
1747843122, 1, 301, 1081, 1072, 14, 6.61%, 0, 1, 4, 23.79
1747843127, 1, 305, 1081, 1072, 14, 6.61%, 0, 1, 4, 24.19
1747843132, 1, 310, 1081, 1072, 14, 6.61%, 0, 1, 4, 23.38
1747843137, 1, 312, 1081, 1072, 14, 6.61%, 0, 1, 4, 23.89
1747843142, 1, 316, 1081, 1072, 14, 6.61%, 0, 1, 4, 26.79
1747843147, 1, 320, 1081, 1072, 14, 6.61%, 0, 1, 4, 24.11
1747843152, 1, 323, 1081, 1072, 14, 6.61%, 0, 1, 4, 24.12
1747843157, 1, 327, 1081, 1072, 14, 6.61%, 0, 1, 4, 26.86
1747843163, 1, 329, 1082, 1073, 14, 6.61%, 0, 1, 4, 23.79
1747843168, 1, 331, 1082, 1073, 14, 6.61%, 0, 1, 4, 25.78
1747843173, 1, 334, 1082, 1073, 14, 6.61%, 0, 1, 4, 23.43
1747843178, 1, 337, 1082, 1073, 14, 6.61%, 0, 1, 4, 23.79
1747843183, 1, 338, 1083, 1074, 14, 6.61%, 0, 1, 4, 21.00
1747843188, 1, 338, 1085, 1076, 14, 6.61%, 0, 1, 4, 19.47
1747843203, 1, 341, 1085, 1076, 15, 6.61%, 0, 1, 4, 23.66
1747843208, 1, 344, 1085, 1076, 15, 6.61%, 0, 1, 4, 24.47
1747843213, 1, 348, 1085, 1076, 15, 6.61%, 0, 1, 4, 25.14
1747843219, 1, 349, 1086, 1077, 15, 6.61%, 0, 1, 4, 25.31
1747843224, 1, 353, 1086, 1077, 15, 6.61%, 0, 1, 4, 25.62
1747843229, 1, 354, 1087, 1078, 15, 6.61%, 0, 1, 4, 23.14
1747843234, 1, 356, 1087, 1078, 15, 6.61%, 0, 1, 4, 24.25
1747843239, 1, 360, 1087, 1078, 15, 6.61%, 0, 1, 4, 24.89
1747843244, 1, 363, 1087, 1078, 15, 6.61%, 0, 1, 4, 23.22
1747843250, 1, 367, 1087, 1078, 15, 6.61%, 0, 1, 4, 24.06
1747843255, 1, 370, 1087, 1078, 15, 6.61%, 0, 1, 4, 24.06
1747843260, 1, 373, 1087, 1078, 15, 6.61%, 0, 1, 4, 24.21
1747843265, 1, 376, 1087, 1078, 15, 6.61%, 0, 1, 4, 24.98
1747843270, 1, 378, 1087, 1078, 15, 6.61%, 0, 1, 4, 23.93
1747843275, 1, 381, 1087, 1078, 15, 6.61%, 0, 1, 4, 24.99
1747843280, 1, 383, 1087, 1078, 15, 6.61%, 0, 1, 4, 24.71
1747843285, 1, 385, 1087, 1078, 15, 6.61%, 0, 1, 4, 23.23
1747843291, 1, 391, 1087, 1078, 15, 6.61%, 0, 1, 4, 23.31
1747843296, 1, 393, 1087, 1078, 15, 6.61%, 0, 1, 4, 23.81
1747843301, 1, 397, 1087, 1078, 15, 6.61%, 0, 1, 4, 24.66
1747843306, 1, 401, 1087, 1078, 15, 6.61%, 0, 1, 4, 23.74
1747843311, 1, 406, 1087, 1078, 15, 6.61%, 0, 1, 4, 23.62
1747843316, 1, 409, 1087, 1078, 15, 6.61%, 0, 1, 4, 23.90
1747843321, 1, 411, 1087, 1078, 15, 6.61%, 0, 1, 4, 23.38
1747843326, 1, 418, 1087, 1078, 15, 6.61%, 0, 1, 4, 25.17
1747843331, 1, 420, 1087, 1078, 15, 6.61%, 0, 1, 4, 25.57
1747843337, 1, 425, 1087, 1078, 15, 6.61%, 0, 1, 4, 25.36
1747843342, 1, 427, 1087, 1078, 15, 6.61%, 0, 1, 4, 22.91
1747843347, 1, 430, 1087, 1078, 15, 6.61%, 0, 1, 4, 23.18
1747843352, 1, 433, 1087, 1078, 15, 6.61%, 0, 1, 4, 22.92
1747843357, 1, 435, 1087, 1078, 15, 6.61%, 0, 1, 4, 23.64
1747843362, 1, 438, 1087, 1078, 15, 6.61%, 0, 1, 4, 23.18
1747843368, 1, 441, 1087, 1078, 15, 6.61%, 0, 1, 4, 23.44
1747843373, 1, 444, 1087, 1078, 15, 6.61%, 0, 1, 4, 24.71
1747843378, 1, 447, 1087, 1078, 15, 6.61%, 0, 1, 4, 22.07
1747843383, 1, 450, 1087, 1078, 15, 6.61%, 0, 1, 4, 23.38
1747843388, 1, 452, 1087, 1078, 15, 6.61%, 0, 1, 4, 24.15
1747843393, 1, 455, 1087, 1078, 15, 6.61%, 0, 1, 4, 24.59
1747843398, 1, 458, 1087, 1078, 15, 6.61%, 0, 1, 4, 25.55
1747843403, 1, 460, 1087, 1078, 15, 6.61%, 0, 1, 4, 24.48
1747843408, 1, 463, 1087, 1078, 15, 6.61%, 0, 1, 4, 25.09
1747843413, 1, 465, 1087, 1078, 15, 6.61%, 0, 1, 4, 17.68
1747843418, 1, 466, 1087, 1078, 15, 6.61%, 0, 1, 4, 15.90
1747843424, 1, 470, 1087, 1078, 15, 6.61%, 0, 1, 4, 13.83
1747843429, 1, 471, 1087, 1078, 15, 6.61%, 0, 1, 4, 12.94
1747843434, 1, 472, 1087, 1078, 15, 6.61%, 0, 1, 4, 13.11
1747843439, 1, 476, 1087, 1078, 15, 6.61%, 0, 1, 4, 15.82
1747843444, 1, 477, 1087, 1078, 15, 6.61%, 0, 1, 4, 15.63
1747843449, 1, 479, 1087, 1078, 15, 6.61%, 0, 1, 4, 14.75
1747843455, 1, 480, 1087, 1078, 15, 6.61%, 0, 1, 4, 14.93
1747843460, 1, 483, 1087, 1078, 15, 6.61%, 0, 1, 4, 14.33
1747843465, 1, 484, 1087, 1078, 15, 6.61%, 0, 1, 4, 13.69
1747843470, 1, 485, 1087, 1078, 15, 6.61%, 0, 1, 4, 12.94
1747843475, 1, 487, 1087, 1078, 15, 6.61%, 0, 1, 4, 14.06
1747843480, 1, 488, 1087, 1078, 15, 6.61%, 0, 1, 4, 13.92
1747843485, 1, 491, 1087, 1078, 15, 6.61%, 0, 1, 4, 14.43
1747843491, 1, 492, 1087, 1078, 15, 6.61%, 0, 1, 4, 14.92
1747843496, 1, 492, 1088, 1079, 15, 6.61%, 0, 1, 4, 13.38
1747843501, 1, 494, 1088, 1079, 15, 6.61%, 0, 1, 4, 13.23
1747843506, 1, 494, 1090, 1081, 15, 6.61%, 0, 1, 4, 13.01
1747843516, 1, 496, 1090, 1081, 15, 6.61%, 0, 1, 4, 24.55
1747843521, 1, 499, 1091, 1082, 15, 6.61%, 0, 1, 4, 24.40
1747843526, 1, 501, 1091, 1082, 15, 6.61%, 0, 1, 4, 23.16
1747843531, 1, 503, 1091, 1082, 15, 6.61%, 0, 1, 4, 24.42
1747843536, 1, 507, 1091, 1082, 15, 6.61%, 0, 1, 4, 25.35
1747843542, 1, 509, 1091, 1082, 15, 6.61%, 0, 1, 4, 24.71
1747843547, 1, 512, 1091, 1082, 15, 6.61%, 0, 1, 4, 23.20
1747843552, 1, 514, 1092, 1083, 15, 6.61%, 0, 1, 4, 26.17
1747843557, 1, 516, 1092, 1083, 15, 6.61%, 0, 1, 4, 23.75
1747843562, 1, 520, 1092, 1083, 15, 6.61%, 0, 1, 4, 26.27
1747843567, 1, 524, 1092, 1083, 15, 6.61%, 0, 1, 4, 27.58
1747843572, 1, 527, 1092, 1083, 15, 6.61%, 0, 1, 4, 23.62
1747843577, 1, 531, 1092, 1083, 15, 6.61%, 0, 1, 4, 27.21
1747843582, 1, 534, 1092, 1083, 15, 6.61%, 0, 1, 4, 23.62
1747843588, 1, 536, 1092, 1083, 15, 6.61%, 0, 1, 4, 23.06
1747843593, 1, 541, 1093, 1084, 15, 6.61%, 0, 1, 4, 23.24
1747843598, 1, 547, 1093, 1084, 15, 6.61%, 0, 1, 4, 23.71
1747843603, 1, 549, 1093, 1084, 15, 6.61%, 0, 1, 4, 25.29
1747843608, 1, 554, 1093, 1084, 15, 6.61%, 0, 1, 4, 23.81
1747843613, 1, 556, 1093, 1084, 15, 6.61%, 0, 1, 4, 24.45
1747843618, 1, 561, 1093, 1084, 15, 6.61%, 0, 1, 4, 24.84
1747843623, 1, 565, 1093, 1084, 15, 6.61%, 0, 1, 4, 25.96
1747843629, 1, 567, 1094, 1085, 15, 6.61%, 0, 1, 4, 21.98
1747843634, 1, 567, 1095, 1086, 15, 6.61%, 0, 1, 4, 21.41
1747843639, 1, 568, 1095, 1086, 15, 6.61%, 0, 1, 4, 21.65
1747843644, 1, 569, 1097, 1088, 15, 6.61%, 0, 1, 4, 20.17
1747843654, 1, 572, 1098, 1089, 16, 6.80%, 0, 1, 4, 21.04
1747843659, 1, 572, 1100, 1091, 16, 6.80%, 0, 1, 4, 20.21
1747843675, 1, 572, 1101, 1092, 16, 6.80%, 0, 1, 4, 22.17
1747843695, 1, 574, 1101, 1092, 16, 6.80%, 0, 1, 4, 23.58
1747843700, 1, 579, 1101, 1092, 16, 6.80%, 0, 1, 4, 23.29
1747843705, 1, 581, 1101, 1092, 16, 6.80%, 0, 1, 4, 24.95
1747843710, 1, 583, 1102, 1093, 16, 6.80%, 0, 1, 4, 22.41
1747843716, 1, 584, 1102, 1093, 16, 6.80%, 0, 1, 4, 21.73
1747843721, 1, 586, 1103, 1094, 16, 6.80%, 0, 1, 4, 20.77
1747843726, 1, 589, 1103, 1094, 16, 6.80%, 0, 1, 4, 23.81
1747843731, 1, 591, 1103, 1094, 16, 6.80%, 0, 1, 4, 24.99
1747843736, 1, 594, 1103, 1094, 16, 6.80%, 0, 1, 4, 25.84
1747843741, 1, 594, 1107, 1098, 16, 6.85%, 0, 1, 4, 18.85
1747843751, 1, 594, 1109, 1100, 16, 6.85%, 0, 1, 4, 19.15
1747843757, 1, 594, 1113, 1104, 16, 6.85%, 0, 1, 4, 17.36
1747843777, 1, 594, 1114, 1105, 16, 6.85%, 0, 1, 4, 22.09
1747843782, 1, 594, 1115, 1106, 16, 6.85%, 0, 1, 4, 19.51
1747843808, 1, 594, 1116, 1107, 16, 6.85%, 0, 1, 4, 20.82
1747843813, 1, 594, 1117, 1108, 16, 6.85%, 0, 1, 4, 20.53
1747843823, 1, 595, 1117, 1108, 16, 6.85%, 0, 1, 4, 24.35
1747843828, 1, 599, 1117, 1108, 16, 6.85%, 0, 1, 4, 24.16
1747843833, 1, 601, 1118, 1109, 16, 6.85%, 0, 1, 4, 23.36
1747843838, 1, 601, 1121, 1112, 16, 6.89%, 0, 1, 4, 18.51
1747843843, 1, 601, 1123, 1114, 16, 6.89%, 0, 1, 4, 17.27
1747843853, 1, 601, 1124, 1115, 16, 6.89%, 0, 1, 4, 19.39
1747843869, 1, 601, 1125, 1116, 16, 6.89%, 0, 1, 4, 19.87
1747843874, 1, 601, 1126, 1117, 16, 6.89%, 0, 1, 4, 19.87
1747843879, 1, 601, 1127, 1118, 16, 6.89%, 0, 1, 4, 19.51
1747843884, 1, 601, 1128, 1119, 16, 6.89%, 0, 1, 4, 19.75
1747843894, 1, 601, 1129, 1120, 16, 6.89%, 0, 1, 4, 20.26
1747843910, 1, 601, 1131, 1122, 16, 6.90%, 0, 1, 4, 18.57
1747843920, 1, 601, 1133, 1124, 16, 6.90%, 0, 1, 4, 19.49
1747843925, 1, 603, 1136, 1127, 19, 6.90%, 0, 1, 4, 17.73
1747843930, 1, 603, 1137, 1128, 19, 6.90%, 0, 1, 4, 17.24
1747843935, 1, 603, 1139, 1130, 19, 6.90%, 0, 1, 4, 17.46
1747843961, 1, 603, 1140, 1131, 19, 6.90%, 0, 1, 4, 21.03
1747843976, 1, 603, 1142, 1133, 19, 6.90%, 0, 1, 4, 19.79
1747843987, 1, 603, 1144, 1135, 19, 6.90%, 0, 1, 4, 18.51
1747843997, 1, 603, 1145, 1136, 19, 6.90%, 0, 1, 4, 20.74
1747844002, 1, 603, 1146, 1137, 19, 6.90%, 0, 1, 4, 20.21
1747844007, 1, 603, 1148, 1139, 19, 6.90%, 0, 1, 4, 18.16
1747844012, 1, 604, 1150, 1141, 18, 6.90%, 0, 1, 4, 18.00
1747844022, 1, 605, 1150, 1141, 18, 6.90%, 0, 1, 4, 21.20
1747844028, 1, 607, 1151, 1142, 18, 6.91%, 0, 1, 4, 20.53
1747844033, 1, 607, 1152, 1143, 18, 6.91%, 0, 1, 4, 19.74
1747844038, 1, 607, 1153, 1144, 18, 6.91%, 0, 1, 4, 19.56
1747844043, 1, 607, 1154, 1145, 18, 6.91%, 0, 1, 4, 20.49
1747844048, 1, 607, 1155, 1146, 18, 6.91%, 0, 1, 4, 17.91
1747844053, 1, 607, 1157, 1148, 18, 6.91%, 0, 1, 4, 17.44
1747844058, 1, 607, 1159, 1150, 18, 6.91%, 0, 1, 4, 16.39
1747844069, 1, 607, 1160, 1151, 18, 6.91%, 0, 1, 4, 19.54
1747844079, 1, 607, 1161, 1152, 18, 6.91%, 0, 1, 4, 20.68
1747844084, 1, 607, 1162, 1153, 18, 6.91%, 0, 1, 4, 20.59
1747844095, 1, 607, 1163, 1154, 18, 6.91%, 0, 1, 4, 20.19
1747844115, 1, 608, 1164, 1155, 20, 6.91%, 0, 1, 4, 20.13
1747844120, 1, 611, 1164, 1155, 20, 6.91%, 0, 1, 4, 22.64
1747844125, 1, 615, 1165, 1156, 20, 6.94%, 0, 1, 4, 18.84
1747844131, 1, 616, 1165, 1156, 19, 6.94%, 0, 1, 4, 19.47
1747844136, 1, 618, 1165, 1156, 19, 6.94%, 0, 1, 4, 19.77
1747844141, 1, 620, 1165, 1156, 19, 6.94%, 0, 1, 4, 21.99
1747844146, 1, 623, 1165, 1156, 19, 6.94%, 0, 1, 4, 22.22
1747844151, 1, 624, 1166, 1157, 19, 6.94%, 0, 1, 4, 19.25
1747844156, 1, 626, 1166, 1157, 19, 6.94%, 0, 1, 4, 22.13
1747844161, 1, 628, 1167, 1158, 19, 6.94%, 0, 1, 4, 20.84
1747844167, 1, 631, 1167, 1158, 19, 6.94%, 0, 1, 4, 22.57
1747844172, 1, 635, 1167, 1158, 19, 6.94%, 0, 1, 4, 22.50
1747844177, 1, 636, 1168, 1159, 19, 6.94%, 0, 1, 4, 19.27
1747844182, 1, 638, 1168, 1159, 19, 6.94%, 0, 1, 4, 22.78
1747844187, 1, 640, 1168, 1159, 19, 6.94%, 0, 1, 4, 23.90
1747844192, 1, 644, 1168, 1159, 19, 6.94%, 0, 1, 4, 25.62
1747844197, 1, 646, 1168, 1159, 19, 6.94%, 0, 1, 4, 23.12
1747844202, 1, 648, 1168, 1159, 19, 6.94%, 0, 1, 4, 21.24
1747844208, 1, 649, 1169, 1160, 19, 6.94%, 0, 1, 4, 18.75
1747844213, 1, 649, 1171, 1162, 19, 6.94%, 0, 1, 4, 18.50
1747844228, 1, 651, 1172, 1163, 19, 6.94%, 0, 1, 4, 16.99
1747844233, 1, 651, 1174, 1165, 19, 6.94%, 0, 1, 4, 17.52
1747844238, 1, 651, 1176, 1167, 19, 6.94%, 0, 1, 4, 19.41
1747844243, 1, 651, 1177, 1168, 19, 6.94%, 0, 1, 4, 20.00
1747844248, 1, 651, 1178, 1169, 19, 6.94%, 0, 1, 4, 17.34
1747844264, 1, 651, 1180, 1171, 19, 6.94%, 0, 1, 4, 19.71
1747844269, 1, 651, 1181, 1172, 19, 6.94%, 0, 1, 4, 18.07
1747844310, 1, 651, 1182, 1173, 19, 7.15%, 0, 1, 4, 10.24
1747844320, 1, 651, 1183, 1174, 19, 7.15%, 0, 1, 4, 11.56
1747844325, 1, 651, 1184, 1175, 19, 7.15%, 0, 1, 4, 9.83
1747844341, 1, 653, 1185, 1176, 20, 7.15%, 0, 1, 4, 13.86
1747844346, 1, 656, 1185, 1176, 20, 7.15%, 0, 1, 4, 13.38
1747844351, 1, 657, 1185, 1176, 20, 7.15%, 0, 1, 4, 14.10
1747844356, 1, 659, 1185, 1176, 20, 7.15%, 0, 1, 4, 14.61
1747844361, 1, 660, 1186, 1177, 20, 7.15%, 0, 1, 4, 13.19
1747844371, 1, 661, 1186, 1177, 20, 7.15%, 0, 1, 4, 12.83
1747844376, 1, 661, 1187, 1178, 20, 7.15%, 0, 1, 4, 12.46
1747844382, 1, 663, 1187, 1178, 20, 7.15%, 0, 1, 4, 12.56
1747844387, 1, 665, 1187, 1178, 20, 7.15%, 0, 1, 4, 12.65
1747844392, 1, 666, 1187, 1178, 20, 7.15%, 0, 1, 4, 13.20
1747844397, 1, 667, 1187, 1178, 20, 7.15%, 0, 1, 4, 12.93
1747844402, 1, 670, 1187, 1178, 20, 7.15%, 0, 1, 4, 14.84
1747844407, 1, 672, 1187, 1178, 20, 7.15%, 0, 1, 4, 14.29
1747844413, 1, 674, 1187, 1178, 20, 7.15%, 0, 1, 4, 14.41
1747844418, 1, 676, 1188, 1179, 20, 7.15%, 0, 1, 4, 13.03
1747844428, 1, 677, 1188, 1179, 20, 7.15%, 0, 1, 4, 16.16
1747847106, 1, 678, 1188, 1178, 19, 7.15%, 0, 1, 4, 13.67
1747847111, 1, 681, 1188, 1178, 19, 7.15%, 0, 1, 4, 13.90
1747847116, 1, 683, 1188, 1178, 19, 7.15%, 0, 1, 4, 12.96
1747847121, 1, 684, 1188, 1178, 19, 7.15%, 0, 1, 4, 13.66
1747847126, 1, 686, 1188, 1178, 19, 7.15%, 0, 1, 4, 11.92
1747847132, 1, 688, 1188, 1178, 19, 7.15%, 0, 1, 4, 13.01
1747847137, 1, 689, 1188, 1178, 19, 7.15%, 0, 1, 4, 13.15
1747847142, 1, 690, 1188, 1178, 19, 7.15%, 0, 1, 4, 13.08
1747847147, 1, 692, 1188, 1178, 19, 7.15%, 0, 1, 4, 12.44
1747847152, 1, 694, 1188, 1178, 19, 7.15%, 0, 1, 4, 12.55
1747847157, 1, 695, 1188, 1178, 19, 7.15%, 0, 1, 4, 14.02
1747847162, 1, 698, 1188, 1178, 19, 7.15%, 0, 1, 4, 12.99
1747847167, 1, 699, 1188, 1178, 19, 7.15%, 0, 1, 4, 12.39
1747847173, 1, 699, 1190, 1180, 19, 7.15%, 0, 1, 4, 10.05
1747847188, 1, 700, 1190, 1180, 19, 7.15%, 0, 1, 4, 12.30
1747847193, 1, 701, 1190, 1180, 19, 7.15%, 0, 1, 4, 11.83
1747847198, 1, 702, 1190, 1180, 19, 7.15%, 0, 1, 4, 11.01
1747847204, 1, 706, 1190, 1180, 19, 7.15%, 0, 1, 4, 13.56
1747847209, 1, 707, 1190, 1180, 19, 7.15%, 0, 1, 4, 13.99
1747847214, 1, 709, 1190, 1180, 19, 7.15%, 0, 1, 4, 11.56
1747847219, 1, 710, 1190, 1180, 19, 7.15%, 0, 1, 4, 12.92
1747847224, 1, 712, 1190, 1180, 19, 7.15%, 0, 1, 4, 12.14
1747847230, 1, 713, 1191, 1181, 19, 7.15%, 0, 1, 4, 11.83
1747847240, 1, 714, 1191, 1181, 19, 7.15%, 0, 1, 4, 12.55
1747847245, 1, 715, 1191, 1181, 19, 7.15%, 0, 1, 4, 12.60
1747847250, 1, 716, 1191, 1181, 19, 7.15%, 0, 1, 4, 12.23
1747847255, 1, 718, 1191, 1181, 19, 7.15%, 0, 1, 4, 12.55
1747847260, 1, 719, 1191, 1181, 19, 7.15%, 0, 1, 4, 11.84
1747847265, 1, 721, 1191, 1181, 19, 7.15%, 0, 1, 4, 11.63
1747847270, 1, 723, 1191, 1181, 19, 7.15%, 0, 1, 4, 11.28
1747847276, 1, 724, 1191, 1181, 19, 7.15%, 0, 1, 4, 12.92
1747847281, 1, 727, 1191, 1181, 19, 7.15%, 0, 1, 4, 13.45
1747847286, 1, 728, 1191, 1181, 19, 7.15%, 0, 1, 4, 14.52
1747847291, 1, 729, 1191, 1181, 19, 7.15%, 0, 1, 4, 14.25
1747847296, 1, 733, 1191, 1181, 19, 7.15%, 0, 1, 4, 13.74
1747847301, 1, 734, 1191, 1181, 19, 7.15%, 0, 1, 4, 13.13
1747847307, 1, 736, 1191, 1181, 19, 7.15%, 0, 1, 4, 13.11
1747847312, 1, 737, 1191, 1181, 19, 7.15%, 0, 1, 4, 13.85
1747847317, 1, 738, 1191, 1181, 19, 7.15%, 0, 1, 4, 11.87
1747847322, 1, 742, 1191, 1181, 19, 7.15%, 0, 1, 4, 13.07
1747847327, 1, 744, 1191, 1181, 19, 7.15%, 0, 1, 4, 12.88
1747847332, 1, 745, 1191, 1181, 19, 7.15%, 0, 1, 4, 12.52
1747847337, 1, 746, 1191, 1181, 19, 7.15%, 0, 1, 4, 12.82
1747847342, 1, 748, 1191, 1181, 19, 7.15%, 0, 1, 4, 13.47
1747847347, 1, 750, 1191, 1181, 19, 7.15%, 0, 1, 4, 11.60
1747847352, 1, 751, 1191, 1181, 19, 7.15%, 0, 1, 4, 12.42
1747847357, 1, 753, 1191, 1181, 19, 7.15%, 0, 1, 4, 11.72
1747847363, 1, 755, 1191, 1181, 19, 7.15%, 0, 1, 4, 11.63
1747847368, 1, 757, 1191, 1181, 19, 7.15%, 0, 1, 4, 12.72
1747847373, 1, 759, 1191, 1181, 19, 7.15%, 0, 1, 4, 12.19
1747847379, 1, 760, 1191, 1181, 19, 7.15%, 0, 1, 4, 11.56
1747847384, 1, 761, 1191, 1181, 19, 7.15%, 0, 1, 4, 13.60
1747847389, 1, 763, 1191, 1181, 19, 7.15%, 0, 1, 4, 14.02
1747847394, 1, 764, 1191, 1181, 19, 7.15%, 0, 1, 4, 12.96
1747847399, 1, 765, 1191, 1181, 19, 7.15%, 0, 1, 4, 13.03
1747847404, 1, 766, 1191, 1181, 19, 7.15%, 0, 1, 4, 13.28
1747847409, 1, 768, 1191, 1181, 19, 7.15%, 0, 1, 4, 13.59
1747847414, 1, 770, 1191, 1181, 19, 7.15%, 0, 1, 4, 13.10
1747847419, 1, 771, 1191, 1181, 19, 7.15%, 0, 1, 4, 12.74
1747847424, 1, 773, 1191, 1181, 19, 7.15%, 0, 1, 4, 13.23
1747847429, 1, 774, 1191, 1181, 19, 7.15%, 0, 1, 4, 11.60
1747847435, 1, 776, 1191, 1181, 19, 7.15%, 0, 1, 4, 11.53
1747847440, 1, 777, 1191, 1181, 19, 7.15%, 0, 1, 4, 12.56
1747847445, 1, 778, 1191, 1181, 19, 7.15%, 0, 1, 4, 12.53
1747847450, 1, 778, 1192, 1182, 19, 7.15%, 0, 1, 4, 11.76
1747847455, 1, 780, 1192, 1182, 19, 7.15%, 0, 1, 4, 13.67
1747847460, 1, 781, 1192, 1182, 19, 7.15%, 0, 1, 4, 15.08
1747847466, 1, 784, 1192, 1182, 19, 7.15%, 0, 1, 4, 14.61
1747847471, 1, 785, 1192, 1182, 19, 7.15%, 0, 1, 4, 13.95
1747847476, 1, 786, 1192, 1182, 19, 7.15%, 0, 1, 4, 13.69
1747847481, 1, 787, 1193, 1183, 19, 7.15%, 0, 1, 4, 14.04
1747847486, 1, 788, 1193, 1183, 19, 7.15%, 0, 1, 4, 13.01
1747847491, 1, 789, 1193, 1183, 19, 7.15%, 0, 1, 4, 12.33
1747847496, 1, 791, 1193, 1183, 19, 7.15%, 0, 1, 4, 14.61
1747847501, 1, 792, 1193, 1183, 19, 7.15%, 0, 1, 4, 12.43
1747847506, 1, 794, 1193, 1183, 19, 7.15%, 0, 1, 4, 13.74
1747847512, 1, 795, 1194, 1184, 19, 7.15%, 0, 1, 4, 12.32
1747847522, 1, 796, 1194, 1184, 19, 7.15%, 0, 1, 4, 11.33
1747847527, 1, 798, 1194, 1184, 19, 7.15%, 0, 1, 4, 12.05
1747847532, 1, 799, 1194, 1184, 19, 7.15%, 0, 1, 4, 14.33
1747847537, 1, 802, 1194, 1184, 19, 7.15%, 0, 1, 4, 18.02
1747847543, 1, 804, 1194, 1184, 19, 7.15%, 0, 1, 4, 20.19
1747847548, 1, 807, 1194, 1184, 19, 7.15%, 0, 1, 4, 20.10
1747847553, 1, 809, 1194, 1184, 19, 7.15%, 0, 1, 4, 20.18
1747847558, 1, 813, 1194, 1184, 19, 7.15%, 0, 1, 4, 22.22
1747847563, 1, 815, 1194, 1184, 19, 7.15%, 0, 1, 4, 22.55
1747847568, 1, 817, 1194, 1184, 19, 7.15%, 0, 1, 4, 22.63
1747847573, 1, 820, 1194, 1184, 19, 7.15%, 0, 1, 4, 22.40
1747847579, 1, 821, 1195, 1185, 19, 7.15%, 0, 1, 4, 19.80
1747847584, 1, 823, 1195, 1185, 19, 7.15%, 0, 1, 4, 20.62
1747847589, 1, 825, 1195, 1185, 19, 7.15%, 0, 1, 4, 21.33
1747847594, 1, 829, 1195, 1185, 19, 7.15%, 0, 1, 4, 21.70
1747847599, 1, 830, 1196, 1186, 19, 7.15%, 0, 1, 4, 22.68
1747847604, 1, 833, 1196, 1186, 19, 7.15%, 0, 1, 4, 23.11
1747847610, 1, 835, 1196, 1186, 19, 7.15%, 0, 1, 4, 22.33
1747847615, 1, 837, 1196, 1186, 19, 7.15%, 0, 1, 4, 21.64
1747847620, 1, 840, 1196, 1186, 19, 7.15%, 0, 1, 4, 22.27
1747847625, 1, 841, 1197, 1187, 19, 7.15%, 0, 1, 4, 19.94
1747847630, 1, 843, 1197, 1187, 19, 7.15%, 0, 1, 4, 21.11
1747847635, 1, 844, 1198, 1188, 19, 7.15%, 0, 1, 4, 20.74
1747847640, 1, 845, 1198, 1188, 19, 7.15%, 0, 1, 4, 19.20
1747847645, 1, 848, 1198, 1188, 19, 7.15%, 0, 1, 4, 21.38
1747847651, 1, 848, 1199, 1189, 19, 7.15%, 0, 1, 4, 17.28
1747847656, 1, 851, 1199, 1189, 19, 7.15%, 0, 1, 4, 20.90
1747847661, 1, 854, 1199, 1189, 19, 7.15%, 0, 1, 4, 22.12
1747847666, 1, 856, 1199, 1189, 19, 7.15%, 0, 1, 4, 21.63
1747847671, 1, 858, 1199, 1189, 19, 7.15%, 0, 1, 4, 21.27
1747847676, 1, 860, 1199, 1189, 19, 7.15%, 0, 1, 4, 20.44
1747847681, 1, 864, 1199, 1189, 19, 7.15%, 0, 1, 4, 19.99
1747847686, 1, 867, 1199, 1189, 19, 7.15%, 0, 1, 4, 21.03
1747847691, 1, 870, 1199, 1189, 19, 7.15%, 0, 1, 4, 20.29
1747847697, 1, 872, 1199, 1189, 19, 7.15%, 0, 1, 4, 21.16
1747847702, 1, 874, 1200, 1190, 19, 7.15%, 0, 1, 4, 17.47
1747847707, 1, 876, 1200, 1190, 19, 7.15%, 0, 1, 4, 18.51
1747847712, 1, 878, 1200, 1190, 19, 7.15%, 0, 1, 4, 19.75
1747847717, 1, 881, 1200, 1190, 19, 7.15%, 0, 1, 4, 20.44
1747847722, 1, 885, 1200, 1190, 19, 7.15%, 0, 1, 4, 21.09
1747847727, 1, 888, 1200, 1190, 19, 7.15%, 0, 1, 4, 20.97
1747847732, 1, 891, 1200, 1190, 19, 7.15%, 0, 1, 4, 22.23
1747847737, 1, 893, 1200, 1190, 19, 7.15%, 0, 1, 4, 23.06
1747847742, 1, 897, 1200, 1190, 19, 7.15%, 0, 1, 4, 22.37
1747847748, 1, 898, 1200, 1190, 19, 7.15%, 0, 1, 4, 28.21
1747850716, 1, 899, 1200, 1189, 19, 7.15%, 0, 1, 4, 14.01
1747850722, 1, 903, 1200, 1189, 19, 7.15%, 0, 1, 4, 11.77
1747850727, 1, 904, 1200, 1189, 19, 7.15%, 0, 1, 4, 11.85
1747850732, 1, 905, 1200, 1189, 19, 7.15%, 0, 1, 4, 13.60
1747850737, 1, 906, 1200, 1189, 19, 7.15%, 0, 1, 4, 11.52
1747850742, 1, 907, 1201, 1190, 19, 7.15%, 0, 1, 4, 9.94
1747850753, 1, 908, 1201, 1190, 19, 7.15%, 0, 1, 4, 10.96
1747850758, 1, 910, 1201, 1190, 19, 7.15%, 0, 1, 4, 13.07
1747850763, 1, 911, 1202, 1191, 19, 7.15%, 0, 1, 4, 10.96
1747850768, 1, 911, 1203, 1192, 19, 7.15%, 0, 1, 4, 10.89
1747850773, 1, 911, 1204, 1193, 19, 7.15%, 0, 1, 4, 9.07
1747850784, 1, 911, 1205, 1194, 19, 7.15%, 0, 1, 4, 11.13
1747850845, 1, 912, 1206, 1195, 19, 7.15%, 0, 1, 4, 12.95
1747850850, 1, 913, 1206, 1195, 19, 7.15%, 0, 1, 4, 12.11
1747850855, 1, 914, 1206, 1195, 19, 7.15%, 0, 1, 4, 12.46
1747850860, 1, 915, 1206, 1195, 19, 7.15%, 0, 1, 4, 12.34
1747850865, 1, 917, 1206, 1195, 19, 7.15%, 0, 1, 4, 13.68
1747850871, 1, 918, 1206, 1195, 19, 7.15%, 0, 1, 4, 13.46
1747850876, 1, 920, 1207, 1196, 19, 7.41%, 0, 1, 4, 14.80
1747850881, 1, 920, 1208, 1197, 19, 7.41%, 0, 1, 4, 12.52
1747850891, 1, 920, 1209, 1198, 19, 7.41%, 0, 1, 4, 10.89
1747850912, 1, 920, 1210, 1199, 19, 7.41%, 0, 1, 4, 10.63
1747850938, 1, 920, 1211, 1200, 19, 7.68%, 0, 1, 4, 10.40
1747850943, 1, 920, 1212, 1201, 19, 7.68%, 0, 1, 4, 10.45
1747850973, 1, 920, 1213, 1202, 19, 7.68%, 0, 1, 4, 10.24
1747850984, 1, 920, 1214, 1203, 19, 7.68%, 0, 1, 4, 11.52
1747850994, 1, 920, 1215, 1204, 19, 7.68%, 0, 1, 4, 11.76
1747851015, 1, 920, 1216, 1205, 19, 7.68%, 0, 1, 4, 10.85
1747851030, 1, 921, 1216, 1205, 18, 7.68%, 0, 1, 4, 12.09
1747851036, 1, 922, 1216, 1205, 18, 7.68%, 0, 1, 4, 11.78
1747851041, 1, 922, 1217, 1206, 18, 7.68%, 0, 1, 4, 12.14
1747851046, 1, 923, 1217, 1206, 18, 7.68%, 0, 1, 4, 12.26
1747851051, 1, 924, 1217, 1206, 18, 7.68%, 0, 1, 4, 13.57
1747851056, 1, 925, 1217, 1206, 18, 7.68%, 0, 1, 4, 11.85
1747851061, 1, 927, 1217, 1206, 18, 7.68%, 0, 1, 4, 12.27
1747851066, 1, 928, 1217, 1206, 18, 7.68%, 0, 1, 4, 13.06
1747851071, 1, 929, 1217, 1206, 18, 7.68%, 0, 1, 4, 12.76
1747851077, 1, 931, 1217, 1206, 18, 7.68%, 0, 1, 4, 12.50
1747851082, 1, 931, 1218, 1207, 18, 7.68%, 0, 1, 4, 11.02
1747851092, 1, 933, 1218, 1207, 18, 7.68%, 0, 1, 4, 13.50
1747851097, 1, 934, 1218, 1207, 18, 7.68%, 0, 1, 4, 12.24
1747851102, 1, 935, 1218, 1207, 18, 7.68%, 0, 1, 4, 11.42
1747851107, 1, 940, 1218, 1207, 18, 7.68%, 0, 1, 4, 11.31
1747851112, 1, 943, 1218, 1207, 18, 7.68%, 0, 1, 4, 14.00
1747851117, 1, 943, 1219, 1208, 18, 7.68%, 0, 1, 4, 10.43
1747851127, 1, 944, 1220, 1209, 18, 7.68%, 0, 1, 4, 12.16
1747851133, 1, 944, 1221, 1210, 18, 7.68%, 0, 1, 4, 10.34
1747851138, 1, 944, 1222, 1211, 18, 7.68%, 0, 1, 4, 10.21
1747851143, 1, 944, 1223, 1212, 18, 7.68%, 0, 1, 4, 10.00
1747851163, 1, 944, 1225, 1214, 18, 7.68%, 0, 1, 4, 9.31
1747851174, 1, 944, 1226, 1215, 18, 7.68%, 0, 1, 4, 9.27
1747851194, 1, 944, 1227, 1216, 18, 7.68%, 0, 1, 4, 10.83
1747851204, 1, 944, 1228, 1217, 18, 7.68%, 0, 1, 4, 10.97
1747851210, 1, 944, 1229, 1218, 18, 7.68%, 0, 1, 4, 11.06
1747851230, 1, 944, 1231, 1220, 18, 7.69%, 0, 1, 4, 8.97
1747851256, 1, 944, 1232, 1221, 18, 7.70%, 0, 1, 4, 10.26
1747851287, 1, 946, 1232, 1221, 19, 7.70%, 0, 1, 4, 11.63
1747851292, 1, 949, 1232, 1221, 19, 7.70%, 0, 1, 4, 12.15
1747851297, 1, 950, 1233, 1222, 19, 7.70%, 0, 1, 4, 11.26
1747851308, 1, 952, 1233, 1222, 19, 7.70%, 0, 1, 4, 11.38
1747851313, 1, 953, 1233, 1222, 19, 7.70%, 0, 1, 4, 11.61
1747851318, 1, 954, 1233, 1222, 19, 7.70%, 0, 1, 4, 11.13
1747851323, 1, 957, 1233, 1222, 19, 7.70%, 0, 1, 4, 12.37
1747851328, 1, 958, 1234, 1223, 19, 7.70%, 0, 1, 4, 11.02
1747851338, 1, 960, 1234, 1223, 19, 7.70%, 0, 1, 4, 12.40
1747851344, 1, 962, 1234, 1223, 19, 7.70%, 0, 1, 4, 12.54
1747851349, 1, 962, 1235, 1224, 19, 7.70%, 0, 1, 4, 11.66
1747851354, 1, 964, 1235, 1224, 19, 7.70%, 0, 1, 4, 13.36
1747856847, 1, 965, 1235, 1223, 19, 7.70%, 0, 1, 4, 14.76
1747856852, 1, 966, 1235, 1223, 19, 7.70%, 0, 1, 4, 14.41
1747856857, 1, 967, 1235, 1223, 19, 7.70%, 0, 1, 4, 12.67
1747856863, 1, 971, 1235, 1223, 19, 7.70%, 0, 1, 4, 13.23
1747856868, 1, 972, 1235, 1223, 19, 7.70%, 0, 1, 4, 14.14
1747856873, 1, 973, 1235, 1223, 19, 7.70%, 0, 1, 4, 12.39
1747856878, 1, 973, 1236, 1224, 19, 7.70%, 0, 1, 4, 10.78
1747856883, 1, 975, 1236, 1224, 19, 7.70%, 0, 1, 4, 14.69
1747856888, 1, 977, 1236, 1224, 19, 7.70%, 0, 1, 4, 13.27
1747856893, 1, 978, 1236, 1224, 19, 7.70%, 0, 1, 4, 13.04
1747856898, 1, 979, 1237, 1225, 19, 7.70%, 0, 1, 4, 13.37
1747856904, 1, 980, 1237, 1225, 19, 7.70%, 0, 1, 4, 13.87
1747856909, 1, 981, 1237, 1225, 19, 7.70%, 0, 1, 4, 12.10
1747856914, 1, 983, 1238, 1226, 19, 7.70%, 0, 1, 4, 10.99
1747856924, 1, 983, 1239, 1227, 19, 7.70%, 0, 1, 4, 10.63
1747856934, 1, 985, 1239, 1227, 19, 7.70%, 0, 1, 4, 11.35
1747856939, 1, 986, 1239, 1227, 19, 7.70%, 0, 1, 4, 11.91
1747856945, 1, 989, 1239, 1227, 19, 7.70%, 0, 1, 4, 14.02
1747856950, 1, 990, 1239, 1227, 19, 7.70%, 0, 1, 4, 12.53
1747856955, 1, 991, 1240, 1228, 19, 7.70%, 0, 1, 4, 10.91
1747856965, 1, 995, 1240, 1228, 19, 7.70%, 0, 1, 4, 12.92
1747856970, 1, 996, 1240, 1228, 19, 7.70%, 0, 1, 4, 12.69
1747856975, 1, 998, 1240, 1228, 19, 7.70%, 0, 1, 4, 13.60
1747856981, 1, 1000, 1240, 1228, 19, 7.70%, 0, 1, 4, 13.05
1747856986, 1, 1002, 1240, 1228, 19, 7.70%, 0, 1, 4, 12.19
1747856991, 1, 1005, 1240, 1228, 19, 7.70%, 0, 1, 4, 12.77
1747856996, 1, 1006, 1241, 1229, 19, 7.70%, 0, 1, 4, 10.99
1747857006, 1, 1007, 1241, 1229, 19, 7.70%, 0, 1, 4, 11.29
1747857011, 1, 1008, 1241, 1229, 19, 7.70%, 0, 1, 4, 11.99
1747857016, 1, 1011, 1241, 1229, 19, 7.70%, 0, 1, 4, 12.87
1747857022, 1, 1012, 1241, 1229, 19, 7.70%, 0, 1, 4, 13.51
1747857027, 1, 1014, 1242, 1230, 19, 7.70%, 0, 1, 4, 11.07
1747857032, 1, 1014, 1243, 1231, 19, 7.70%, 0, 1, 4, 11.24
1747857037, 1, 1014, 1244, 1232, 19, 7.70%, 0, 1, 4, 10.73
1747857042, 1, 1014, 1245, 1233, 19, 7.70%, 0, 1, 4, 9.91
1747857068, 1, 1014, 1246, 1234, 19, 7.70%, 0, 1, 4, 11.07
1747857140, 1, 1014, 1248, 1236, 19, 7.70%, 0, 1, 4, 11.45
1747857171, 1, 1014, 1249, 1237, 19, 7.70%, 0, 1, 4, 10.07
1747857176, 1, 1014, 1250, 1238, 19, 7.70%, 0, 1, 4, 8.62
1747857181, 1, 1015, 1250, 1238, 19, 7.70%, 0, 1, 4, 10.25
1747857186, 1, 1016, 1250, 1238, 19, 7.70%, 0, 1, 4, 11.94
1747857191, 1, 1017, 1250, 1238, 19, 7.70%, 0, 1, 4, 12.93
1747857196, 1, 1019, 1250, 1238, 19, 7.70%, 0, 1, 4, 13.71
1747857201, 1, 1020, 1250, 1238, 19, 7.70%, 0, 1, 4, 12.38
1747857206, 1, 1021, 1250, 1238, 19, 7.70%, 0, 1, 4, 12.40
1747857212, 1, 1022, 1250, 1238, 19, 7.70%, 0, 1, 4, 12.77
1747857217, 1, 1024, 1250, 1238, 19, 7.70%, 0, 1, 4, 13.96
1747860537, 1, 1024, 1251, 1239, 19, 7.70%, 0, 1, 5, 24.83
1747860542, 1, 1024, 1252, 1240, 19, 7.70%, 0, 1, 5, 26.41
1747860547, 1, 1024, 1253, 1241, 19, 7.70%, 0, 1, 5, 26.58
1747860588, 1, 1024, 1254, 1242, 19, 7.70%, 0, 1, 5, 26.74
1747860598, 1, 1024, 1255, 1243, 19, 7.70%, 0, 1, 5, 27.13
1747860603, 1, 1024, 1256, 1244, 19, 7.70%, 0, 1, 5, 27.07
1747860619, 1, 1024, 1257, 1245, 19, 7.70%, 0, 1, 5, 27.28
1747860629, 1, 1024, 1258, 1246, 19, 7.70%, 0, 1, 5, 27.78
1747860639, 1, 1024, 1259, 1247, 19, 7.70%, 0, 1, 5, 26.94
1747860654, 1, 1024, 1260, 1248, 19, 7.70%, 0, 1, 5, 27.54
