# unix_time, cycles_done, cur_path, paths_total, pending_total, pending_favs, map_size, unique_crashes, unique_hangs, max_depth, execs_per_sec
1747817486, 0, 0, 1, 1, 1, 3.78%, 0, 0, 1, 55.94
1747817491, 0, 0, 34, 34, 1, 4.89%, 0, 0, 2, 77.83
1747817496, 0, 0, 60, 60, 1, 4.90%, 0, 0, 2, 82.50
1747817501, 0, 0, 83, 83, 1, 4.91%, 0, 0, 2, 83.48
1747817507, 0, 0, 97, 97, 1, 4.91%, 0, 0, 2, 85.64
1747817512, 0, 0, 113, 113, 1, 4.93%, 0, 0, 2, 83.55
1747817517, 0, 0, 127, 127, 1, 4.93%, 0, 0, 2, 84.94
1747817522, 0, 0, 138, 138, 1, 4.94%, 0, 0, 2, 86.54
1747817527, 0, 0, 148, 148, 1, 4.94%, 0, 0, 2, 88.79
1747817532, 0, 0, 155, 155, 1, 4.94%, 0, 0, 2, 90.00
1747817537, 0, 0, 163, 163, 1, 4.95%, 0, 0, 2, 87.76
1747817542, 0, 0, 168, 168, 1, 4.95%, 0, 0, 2, 91.21
1747817548, 0, 0, 175, 175, 1, 4.95%, 0, 0, 2, 90.11
1747817553, 0, 0, 178, 178, 1, 4.95%, 0, 0, 2, 91.16
1747817558, 0, 0, 183, 183, 1, 4.95%, 0, 0, 2, 92.16
1747817563, 0, 0, 190, 190, 1, 4.95%, 0, 0, 2, 88.86
1747817568, 0, 0, 197, 197, 1, 4.95%, 0, 0, 2, 88.50
1747817573, 0, 0, 202, 202, 1, 4.95%, 0, 0, 2, 90.71
1747817578, 0, 0, 206, 206, 1, 5.01%, 0, 0, 2, 90.91
1747817583, 0, 0, 211, 211, 1, 5.02%, 0, 0, 2, 89.25
1747817588, 0, 0, 213, 213, 1, 5.02%, 0, 0, 2, 91.79
1747817594, 0, 0, 214, 214, 1, 5.02%, 0, 0, 2, 68.42
1747817599, 0, 0, 217, 217, 1, 5.02%, 0, 0, 2, 56.01
1747817604, 0, 0, 221, 221, 1, 5.02%, 0, 0, 2, 52.88
1747817609, 0, 0, 222, 222, 1, 5.02%, 0, 0, 2, 53.05
1747817614, 0, 0, 223, 223, 1, 5.02%, 0, 0, 2, 53.28
1747817619, 0, 0, 225, 225, 1, 5.02%, 0, 0, 2, 51.68
1747817624, 0, 0, 228, 228, 1, 5.02%, 0, 0, 2, 51.09
1747817629, 0, 0, 229, 229, 1, 5.02%, 0, 0, 2, 52.66
1747817634, 0, 0, 230, 230, 1, 5.02%, 0, 0, 2, 53.47
1747817645, 0, 0, 232, 232, 1, 5.02%, 0, 0, 2, 53.11
1747817650, 0, 0, 233, 233, 1, 5.02%, 0, 0, 2, 53.72
1747817655, 0, 0, 237, 237, 1, 5.02%, 0, 0, 2, 52.21
1747817660, 0, 0, 241, 241, 1, 5.02%, 0, 0, 2, 51.31
1747817670, 0, 0, 243, 243, 1, 5.02%, 0, 0, 2, 53.03
1747817680, 0, 0, 245, 245, 1, 5.02%, 0, 0, 2, 52.95
1747817685, 0, 0, 246, 246, 1, 5.02%, 0, 0, 2, 53.69
1747817690, 0, 0, 249, 249, 1, 5.02%, 0, 0, 2, 52.19
1747817701, 0, 0, 250, 250, 1, 5.02%, 0, 0, 2, 53.70
1747817716, 0, 0, 251, 251, 1, 5.02%, 0, 0, 2, 53.76
1747817721, 0, 0, 252, 252, 1, 5.02%, 0, 0, 2, 53.85
1747817741, 0, 0, 254, 254, 1, 5.02%, 0, 0, 2, 52.08
1747817751, 0, 0, 255, 255, 1, 5.02%, 0, 0, 2, 53.97
1747817761, 0, 0, 256, 256, 1, 5.02%, 0, 0, 2, 53.35
1747817766, 0, 1, 258, 257, 9, 5.02%, 0, 0, 2, 51.13
1747817771, 0, 1, 271, 270, 9, 5.03%, 0, 0, 2, 38.21
1747817776, 0, 1, 282, 281, 9, 5.03%, 0, 0, 2, 35.50
1747817782, 0, 1, 294, 293, 9, 5.08%, 0, 0, 2, 35.16
1747817787, 0, 1, 303, 302, 9, 5.08%, 0, 0, 2, 35.23
1747817792, 0, 1, 307, 306, 9, 5.09%, 0, 0, 2, 35.73
1747817797, 0, 1, 314, 313, 9, 5.09%, 0, 0, 2, 35.74
1747817802, 0, 1, 317, 316, 9, 5.09%, 0, 0, 2, 35.65
1747817807, 0, 1, 321, 320, 9, 5.09%, 0, 0, 2, 35.54
1747817812, 0, 1, 325, 324, 9, 5.09%, 0, 0, 2, 36.04
1747817817, 0, 1, 330, 329, 9, 5.09%, 0, 0, 2, 36.28
1747817823, 0, 1, 331, 330, 9, 5.09%, 0, 0, 2, 36.26
1747817828, 0, 1, 336, 335, 9, 5.09%, 0, 0, 2, 35.96
1747817833, 0, 1, 339, 338, 9, 5.09%, 0, 0, 2, 36.31
1747817838, 0, 1, 340, 339, 9, 5.09%, 0, 0, 2, 36.58
1747817843, 0, 1, 342, 341, 9, 5.09%, 0, 0, 2, 36.39
1747817848, 0, 1, 346, 345, 9, 5.09%, 0, 0, 2, 35.75
1747817859, 0, 1, 348, 347, 9, 5.09%, 0, 0, 2, 36.01
1747817864, 0, 1, 349, 348, 9, 5.09%, 0, 0, 2, 36.95
1747817869, 0, 1, 354, 353, 9, 5.09%, 0, 0, 2, 36.07
1747817874, 0, 1, 355, 354, 9, 5.09%, 0, 0, 2, 36.28
1747817879, 0, 1, 356, 355, 9, 5.09%, 0, 0, 2, 36.69
1747817885, 0, 1, 357, 356, 9, 5.09%, 0, 0, 2, 36.67
1747817905, 0, 3, 360, 359, 13, 5.11%, 0, 0, 2, 42.27
1747817910, 0, 3, 373, 372, 13, 5.13%, 0, 0, 2, 30.36
1747817915, 0, 3, 381, 380, 13, 5.13%, 0, 0, 2, 28.38
1747817920, 0, 3, 391, 390, 13, 5.14%, 0, 0, 2, 27.45
1747817925, 0, 3, 402, 401, 13, 5.14%, 0, 0, 2, 27.25
1747817930, 0, 3, 410, 409, 13, 5.14%, 0, 0, 2, 27.31
1747817935, 0, 3, 417, 416, 13, 5.15%, 0, 0, 2, 28.07
1747817941, 0, 3, 423, 422, 13, 5.15%, 0, 0, 2, 27.42
1747817946, 0, 3, 426, 425, 13, 5.15%, 0, 0, 2, 28.24
1747817951, 0, 3, 430, 429, 13, 5.15%, 0, 0, 2, 28.27
1747817956, 0, 3, 435, 434, 13, 5.15%, 0, 0, 2, 27.90
1747817961, 0, 3, 437, 436, 13, 5.15%, 0, 0, 2, 28.57
1747817966, 0, 3, 441, 440, 13, 5.15%, 0, 0, 2, 28.68
1747817971, 0, 3, 443, 442, 13, 5.15%, 0, 0, 2, 28.88
1747817976, 0, 3, 446, 445, 13, 5.15%, 0, 0, 2, 28.59
1747817981, 0, 3, 448, 447, 13, 5.15%, 0, 0, 2, 28.80
1747817991, 0, 3, 451, 450, 13, 5.15%, 0, 0, 2, 28.65
1747818002, 0, 3, 454, 453, 13, 5.16%, 0, 0, 2, 29.09
1747818007, 0, 3, 455, 454, 13, 5.16%, 0, 0, 2, 28.71
1747818012, 0, 3, 458, 457, 13, 5.16%, 0, 0, 2, 28.96
1747818017, 0, 3, 461, 460, 13, 5.16%, 0, 0, 2, 28.40
1747818022, 0, 3, 463, 462, 13, 5.16%, 0, 0, 2, 28.70
1747818033, 0, 3, 465, 464, 13, 5.16%, 0, 0, 2, 28.42
1747818048, 0, 3, 467, 466, 13, 5.16%, 0, 0, 2, 28.75
1747818058, 0, 3, 468, 467, 13, 5.16%, 0, 0, 2, 28.68
1747818069, 0, 3, 470, 469, 13, 5.16%, 0, 0, 2, 28.54
1747818074, 0, 3, 472, 471, 13, 5.16%, 0, 0, 2, 28.50
1747818079, 0, 3, 474, 473, 13, 5.16%, 0, 0, 2, 28.41
1747818084, 0, 4, 481, 480, 14, 5.17%, 0, 0, 2, 25.19
1747818089, 0, 4, 492, 491, 14, 5.26%, 0, 0, 2, 22.74
1747818094, 0, 4, 503, 502, 14, 5.26%, 0, 0, 2, 21.76
1747818099, 0, 4, 512, 511, 14, 5.26%, 0, 0, 2, 21.42
1747818104, 0, 4, 522, 521, 14, 5.26%, 0, 0, 2, 21.60
1747818109, 0, 4, 531, 530, 14, 5.26%, 0, 0, 2, 21.36
1747818114, 0, 4, 538, 537, 14, 5.26%, 0, 0, 2, 21.70
1747818120, 0, 4, 546, 545, 14, 5.26%, 0, 0, 2, 21.37
1747818125, 0, 4, 554, 553, 14, 5.26%, 0, 0, 2, 21.15
1747818130, 0, 4, 560, 559, 14, 5.26%, 0, 0, 2, 21.55
1747818135, 0, 4, 566, 565, 14, 5.37%, 0, 0, 2, 21.61
1747818140, 0, 4, 574, 573, 14, 5.37%, 0, 0, 2, 21.62
1747818145, 0, 4, 579, 578, 14, 5.37%, 0, 0, 2, 21.48
1747818150, 0, 4, 582, 581, 14, 5.37%, 0, 0, 2, 21.82
1747818155, 0, 4, 584, 583, 14, 5.37%, 0, 0, 2, 21.79
1747818160, 0, 4, 588, 587, 14, 5.37%, 0, 0, 2, 21.55
1747818166, 0, 4, 589, 588, 14, 5.37%, 0, 0, 2, 21.98
1747818171, 0, 4, 593, 592, 14, 5.37%, 0, 0, 2, 21.78
1747818176, 0, 4, 594, 593, 14, 5.37%, 0, 0, 2, 22.15
1747818181, 0, 4, 595, 594, 14, 5.37%, 0, 0, 2, 22.30
1747818186, 0, 4, 598, 597, 14, 5.37%, 0, 0, 2, 21.52
1747818191, 0, 4, 599, 598, 14, 5.37%, 0, 0, 2, 21.78
1747818196, 0, 4, 603, 602, 14, 5.37%, 0, 0, 2, 21.90
1747818202, 0, 4, 606, 605, 14, 5.37%, 0, 0, 2, 21.43
1747818207, 0, 4, 611, 610, 14, 5.37%, 0, 0, 2, 21.60
1747818212, 0, 4, 613, 612, 14, 5.37%, 0, 0, 2, 21.53
1747818217, 0, 4, 615, 614, 14, 5.37%, 0, 0, 2, 21.65
1747818227, 0, 4, 616, 615, 14, 5.37%, 0, 0, 2, 22.14
1747818238, 0, 4, 619, 618, 14, 5.37%, 0, 0, 2, 21.93
1747818248, 0, 4, 621, 620, 14, 5.37%, 0, 0, 2, 21.94
1747818253, 0, 4, 623, 622, 14, 5.37%, 0, 0, 2, 21.99
1747818258, 0, 4, 624, 623, 14, 5.37%, 0, 0, 2, 22.07
1747818284, 0, 4, 625, 624, 14, 5.37%, 0, 0, 2, 21.77
1747818289, 0, 4, 626, 625, 14, 5.37%, 0, 0, 2, 23.41
1747818295, 0, 4, 627, 626, 14, 5.37%, 0, 0, 2, 22.32
1747818320, 0, 4, 629, 628, 14, 5.37%, 0, 0, 2, 22.18
1747818325, 0, 4, 630, 629, 14, 5.37%, 0, 0, 2, 21.83
1747818331, 0, 5, 637, 636, 11, 5.55%, 0, 0, 2, 19.26
1747818336, 0, 5, 644, 643, 11, 5.57%, 0, 0, 2, 18.24
1747818341, 0, 5, 649, 648, 11, 5.57%, 0, 0, 2, 18.77
1747818346, 0, 5, 653, 652, 11, 5.57%, 0, 0, 2, 18.57
1747818351, 0, 5, 654, 653, 11, 5.57%, 0, 0, 2, 18.85
1747818356, 0, 5, 660, 659, 11, 5.57%, 0, 0, 2, 17.97
1747818361, 0, 5, 663, 662, 11, 5.57%, 0, 0, 2, 18.36
1747818366, 0, 5, 667, 666, 11, 5.57%, 0, 0, 2, 18.30
1747818372, 0, 5, 669, 668, 11, 5.57%, 0, 0, 2, 18.75
1747818377, 0, 5, 672, 671, 11, 5.57%, 0, 0, 2, 18.94
1747818382, 0, 5, 674, 673, 11, 5.63%, 0, 0, 2, 19.19
1747818387, 0, 5, 676, 675, 11, 5.63%, 0, 0, 2, 19.15
1747818392, 0, 5, 677, 676, 11, 5.63%, 0, 0, 2, 19.10
1747818402, 0, 5, 678, 677, 11, 5.63%, 0, 0, 2, 18.91
1747818413, 0, 5, 679, 678, 11, 5.63%, 0, 0, 2, 18.79
1747818423, 0, 5, 680, 679, 11, 5.63%, 0, 0, 2, 18.89
1747818428, 0, 5, 681, 680, 11, 5.63%, 0, 0, 2, 18.52
1747818433, 0, 5, 683, 682, 11, 5.63%, 0, 0, 2, 18.92
1747818438, 0, 5, 684, 683, 11, 5.63%, 0, 0, 2, 18.81
1747818443, 0, 5, 686, 685, 11, 5.63%, 0, 0, 2, 18.50
1747818448, 0, 5, 687, 686, 11, 5.63%, 0, 0, 2, 18.65
1747818459, 0, 5, 688, 687, 11, 5.63%, 0, 0, 2, 18.74
1747818464, 0, 5, 689, 688, 11, 5.63%, 0, 0, 2, 18.63
1747818469, 0, 5, 690, 689, 11, 5.63%, 0, 0, 2, 18.65
1747818474, 0, 5, 691, 690, 11, 5.63%, 0, 0, 2, 18.76
1747818479, 0, 5, 692, 691, 11, 5.63%, 0, 0, 2, 18.77
1747818484, 0, 5, 693, 692, 11, 5.63%, 0, 0, 2, 18.76
1747818495, 0, 5, 694, 693, 11, 5.63%, 0, 0, 2, 18.54
1747818500, 0, 5, 696, 695, 11, 5.63%, 0, 0, 2, 18.37
1747818505, 0, 5, 699, 698, 11, 5.63%, 0, 0, 2, 17.63
1747818510, 0, 5, 701, 700, 11, 5.63%, 0, 0, 2, 18.47
1747818520, 0, 5, 702, 701, 11, 5.63%, 0, 0, 2, 18.79
1747818525, 0, 5, 703, 702, 11, 5.63%, 0, 0, 2, 18.79
1747818530, 0, 5, 704, 703, 11, 5.63%, 0, 0, 2, 18.82
1747818536, 0, 5, 706, 705, 11, 5.63%, 0, 0, 2, 18.39
1747818541, 0, 5, 708, 707, 11, 5.63%, 0, 0, 2, 18.44
1747818546, 0, 5, 709, 708, 11, 5.63%, 0, 0, 2, 18.70
1747818551, 0, 5, 711, 710, 11, 5.63%, 0, 0, 2, 18.75
1747818556, 0, 5, 712, 711, 11, 5.63%, 0, 0, 2, 18.66
1747818561, 0, 5, 717, 716, 11, 5.64%, 0, 0, 2, 18.82
1747818566, 0, 5, 722, 721, 11, 5.64%, 0, 0, 2, 18.46
1747818572, 0, 5, 724, 723, 11, 5.64%, 0, 0, 2, 18.82
1747818577, 0, 5, 727, 726, 11, 5.64%, 0, 0, 2, 18.85
1747818582, 0, 5, 730, 729, 11, 5.64%, 0, 0, 2, 18.50
1747818587, 0, 5, 731, 730, 11, 5.64%, 0, 0, 2, 18.72
1747818592, 0, 6, 731, 730, 13, 5.64%, 0, 0, 2, 19.06
1747818597, 0, 7, 731, 730, 13, 5.64%, 0, 0, 2, 19.05
1747818602, 0, 7, 732, 731, 13, 5.64%, 0, 0, 2, 18.52
1747818607, 0, 7, 734, 733, 13, 5.64%, 0, 0, 2, 18.91
1747818612, 0, 7, 736, 735, 13, 5.64%, 0, 0, 2, 18.70
1747818617, 0, 7, 737, 736, 13, 5.64%, 0, 0, 2, 18.76
1747818622, 0, 7, 738, 737, 13, 5.64%, 0, 0, 2, 18.93
1747818643, 0, 7, 740, 739, 13, 5.64%, 0, 0, 2, 19.01
1747818648, 0, 7, 742, 741, 13, 5.64%, 0, 0, 2, 18.81
1747818653, 0, 7, 745, 744, 13, 5.64%, 0, 0, 2, 18.89
1747818658, 0, 7, 746, 745, 13, 5.64%, 0, 0, 2, 18.71
1747818673, 0, 7, 747, 746, 13, 5.64%, 0, 0, 2, 18.98
1747818679, 0, 7, 748, 747, 13, 5.64%, 0, 0, 2, 19.04
1747818684, 0, 7, 749, 748, 13, 5.64%, 0, 0, 2, 18.89
1747818689, 0, 7, 750, 749, 13, 5.64%, 0, 0, 2, 18.94
1747818694, 0, 7, 751, 750, 13, 5.64%, 0, 0, 2, 18.99
1747818699, 0, 7, 752, 751, 13, 5.64%, 0, 0, 2, 18.88
1747818709, 0, 7, 753, 752, 13, 5.64%, 0, 0, 2, 19.04
1747818714, 0, 7, 754, 753, 13, 5.64%, 0, 0, 2, 18.89
1747818725, 0, 7, 755, 754, 13, 5.64%, 0, 0, 2, 19.17
1747818730, 0, 7, 756, 755, 13, 5.64%, 0, 0, 2, 18.74
1747818766, 0, 7, 757, 756, 13, 5.64%, 0, 0, 2, 18.72
1747818771, 0, 7, 758, 757, 13, 5.64%, 0, 0, 2, 18.37
1747818781, 0, 7, 759, 758, 13, 5.64%, 0, 0, 2, 18.89
1747818797, 0, 7, 760, 759, 13, 5.64%, 0, 0, 2, 19.08
1747818807, 0, 7, 761, 760, 13, 5.64%, 0, 0, 2, 18.66
1747818812, 0, 7, 762, 761, 13, 5.64%, 0, 0, 2, 18.95
1747818822, 0, 7, 763, 762, 13, 5.64%, 0, 0, 2, 18.89
1747818827, 0, 9, 763, 762, 13, 5.64%, 0, 0, 2, 21.18
1747818832, 0, 10, 763, 762, 13, 5.64%, 0, 0, 2, 21.16
1747818837, 0, 10, 765, 764, 13, 5.64%, 0, 0, 2, 18.69
1747818842, 0, 10, 768, 767, 13, 5.64%, 0, 0, 2, 18.04
1747818848, 0, 10, 770, 769, 13, 5.64%, 0, 0, 2, 18.30
1747818853, 0, 10, 772, 771, 13, 5.64%, 0, 0, 2, 17.72
1747818858, 0, 10, 773, 772, 13, 5.64%, 0, 0, 2, 18.27
1747818868, 0, 10, 774, 773, 13, 5.64%, 0, 0, 2, 18.44
1747818873, 0, 10, 775, 774, 13, 5.64%, 0, 0, 2, 18.46
1747818878, 0, 10, 776, 775, 13, 6.02%, 0, 0, 2, 18.45
1747818883, 0, 10, 777, 776, 13, 6.02%, 0, 0, 2, 18.25
1747818888, 0, 10, 780, 779, 13, 6.02%, 0, 0, 2, 17.66
1747818894, 0, 10, 781, 780, 13, 6.02%, 0, 0, 2, 18.26
1747818899, 0, 10, 783, 782, 13, 6.02%, 0, 0, 2, 17.95
1747818904, 0, 10, 784, 783, 13, 6.02%, 0, 0, 2, 18.19
1747818909, 0, 10, 785, 784, 13, 6.02%, 0, 0, 2, 18.08
1747818914, 0, 10, 786, 785, 13, 6.02%, 0, 0, 2, 18.45
1747818919, 0, 10, 787, 786, 13, 6.02%, 0, 0, 2, 17.97
1747818924, 0, 10, 789, 788, 13, 6.02%, 0, 0, 2, 17.98
1747818960, 0, 10, 792, 791, 13, 6.02%, 0, 0, 2, 17.87
1747818975, 0, 10, 793, 792, 13, 6.02%, 0, 0, 2, 18.20
1747819001, 0, 10, 794, 793, 13, 6.02%, 0, 0, 2, 18.33
1747819006, 0, 10, 795, 794, 13, 6.02%, 0, 0, 2, 18.41
1747819027, 0, 10, 796, 795, 13, 6.02%, 0, 0, 2, 18.33
1747819052, 0, 10, 797, 796, 13, 6.20%, 0, 0, 2, 17.97
1747819062, 0, 10, 798, 797, 13, 6.20%, 0, 0, 2, 18.18
1747819068, 0, 10, 799, 798, 13, 6.20%, 0, 0, 2, 18.27
1747819073, 0, 11, 800, 799, 14, 6.20%, 0, 0, 2, 17.74
1747819078, 0, 11, 803, 802, 14, 6.20%, 0, 0, 2, 17.63
1747819083, 0, 11, 804, 803, 14, 6.20%, 0, 0, 2, 18.03
1747819088, 0, 11, 805, 804, 14, 6.20%, 0, 0, 2, 17.84
1747819093, 0, 11, 807, 806, 14, 6.20%, 0, 0, 2, 17.48
1747819103, 0, 11, 808, 807, 14, 6.20%, 0, 0, 2, 17.94
1747819108, 0, 11, 809, 808, 14, 6.20%, 0, 0, 2, 18.37
1747819144, 0, 11, 810, 809, 14, 6.20%, 0, 0, 2, 18.07
1747819149, 0, 11, 811, 810, 14, 6.20%, 0, 0, 2, 18.09
1747819170, 0, 11, 812, 811, 14, 6.20%, 0, 0, 2, 18.05
1747819180, 0, 11, 815, 814, 14, 6.20%, 0, 0, 2, 17.70
1747819185, 0, 11, 816, 815, 14, 6.20%, 0, 0, 2, 17.97
1747819201, 0, 11, 817, 816, 14, 6.20%, 0, 0, 2, 18.12
1747819236, 0, 11, 818, 817, 14, 6.20%, 0, 0, 2, 18.26
1747819298, 0, 11, 819, 818, 14, 6.20%, 0, 0, 2, 18.19
1747819308, 0, 15, 820, 819, 15, 6.20%, 0, 0, 2, 18.05
1747819323, 0, 16, 820, 819, 15, 6.20%, 0, 0, 2, 17.92
1747819328, 0, 16, 823, 822, 15, 6.20%, 0, 0, 2, 17.22
1747819338, 0, 16, 824, 823, 15, 6.20%, 0, 0, 2, 17.77
1747819379, 0, 16, 825, 824, 15, 6.20%, 0, 0, 2, 17.70
1747819389, 0, 16, 826, 825, 15, 6.20%, 0, 0, 2, 17.73
1747819394, 0, 16, 827, 826, 15, 6.22%, 0, 0, 2, 17.53
1747819502, 0, 16, 828, 827, 15, 6.22%, 0, 0, 2, 17.65
1747819507, 0, 16, 831, 830, 15, 6.22%, 0, 0, 2, 17.15
1747819522, 0, 16, 832, 831, 15, 6.22%, 0, 0, 2, 17.34
1747819558, 0, 17, 832, 831, 18, 6.22%, 0, 0, 2, 17.88
1747819563, 0, 18, 832, 831, 18, 6.22%, 0, 0, 2, 17.69
1747819573, 0, 19, 832, 831, 18, 6.22%, 0, 0, 2, 17.43
1747819578, 0, 20, 832, 831, 18, 6.22%, 0, 0, 2, 17.41
1747819589, 0, 21, 832, 831, 18, 6.22%, 0, 0, 2, 17.73
1747819594, 0, 24, 833, 832, 18, 6.22%, 0, 0, 2, 17.11
1747819609, 0, 25, 833, 832, 18, 6.22%, 0, 0, 2, 18.07
1747819614, 0, 26, 833, 832, 18, 6.22%, 0, 0, 2, 17.82
1747819624, 0, 26, 834, 833, 18, 6.22%, 0, 0, 2, 17.72
1747819629, 0, 26, 836, 835, 18, 6.22%, 0, 0, 2, 17.13
1747819665, 0, 26, 837, 836, 18, 6.22%, 0, 0, 2, 17.79
1747819670, 0, 26, 838, 837, 18, 6.22%, 0, 0, 2, 17.77
1747819686, 0, 26, 839, 838, 18, 6.22%, 0, 0, 2, 17.65
1747819696, 0, 26, 840, 839, 18, 6.22%, 0, 0, 2, 17.61
1747819701, 0, 26, 842, 841, 18, 6.22%, 0, 0, 2, 17.29
1747819788, 0, 26, 843, 842, 18, 6.22%, 0, 0, 2, 18.16
1747819809, 0, 26, 844, 843, 18, 6.22%, 0, 0, 2, 17.18
1747819845, 0, 26, 845, 844, 18, 6.22%, 0, 0, 2, 17.55
1747819855, 0, 29, 846, 845, 18, 6.22%, 0, 0, 2, 17.43
1747819865, 0, 29, 847, 846, 18, 6.22%, 0, 0, 2, 17.52
1747819880, 0, 29, 848, 847, 18, 6.22%, 0, 0, 2, 16.90
1747819891, 0, 29, 849, 848, 18, 6.22%, 0, 0, 2, 16.69
1747819916, 0, 29, 850, 849, 18, 6.22%, 0, 0, 2, 16.78
1747819952, 0, 29, 851, 850, 18, 6.22%, 0, 0, 2, 17.08
1747819957, 0, 29, 852, 851, 18, 6.22%, 0, 0, 2, 16.99
1747820090, 0, 30, 852, 851, 20, 6.22%, 0, 0, 2, 17.75
1747820100, 0, 30, 853, 852, 20, 6.22%, 0, 0, 2, 17.59
1747820105, 0, 31, 853, 852, 20, 6.22%, 0, 0, 2, 17.73
1747820115, 0, 32, 853, 852, 20, 6.22%, 0, 0, 2, 17.54
1747820120, 0, 33, 853, 852, 20, 6.22%, 0, 0, 2, 18.21
1747820130, 0, 35, 853, 852, 20, 6.22%, 0, 0, 2, 17.66
1747820135, 0, 37, 854, 853, 20, 6.22%, 0, 0, 2, 16.77
1747820141, 0, 37, 856, 855, 20, 6.22%, 0, 0, 2, 15.27
1747820146, 0, 37, 860, 859, 20, 6.22%, 0, 0, 2, 14.13
1747820156, 0, 37, 861, 860, 20, 6.22%, 0, 0, 2, 14.90
1747820166, 0, 37, 862, 861, 20, 6.22%, 0, 0, 2, 15.54
1747820197, 0, 37, 863, 862, 20, 6.22%, 0, 0, 2, 15.58
1747820253, 0, 37, 865, 864, 20, 6.22%, 0, 0, 2, 15.19
1747820258, 0, 37, 866, 865, 20, 6.22%, 0, 0, 2, 15.38
1747820263, 0, 37, 867, 866, 20, 6.22%, 0, 0, 2, 15.21
1747820319, 0, 37, 868, 867, 20, 6.22%, 0, 0, 2, 15.54
1747820329, 0, 37, 869, 868, 20, 6.22%, 0, 0, 2, 15.65
1747820350, 0, 37, 870, 869, 20, 6.22%, 0, 0, 2, 15.47
1747820370, 0, 37, 871, 870, 20, 6.22%, 0, 0, 2, 15.40
1747820411, 0, 38, 872, 871, 20, 6.22%, 0, 0, 2, 16.51
1747820416, 0, 40, 872, 871, 20, 6.22%, 0, 0, 2, 17.02
1747820427, 0, 41, 872, 871, 20, 6.22%, 0, 0, 2, 18.12
1747820432, 0, 43, 872, 871, 20, 6.22%, 0, 0, 2, 17.98
1747820437, 0, 44, 872, 871, 20, 6.22%, 0, 0, 2, 17.86
1747820448, 0, 45, 872, 871, 20, 6.22%, 0, 0, 2, 17.88
1747820453, 0, 46, 872, 871, 20, 6.22%, 0, 0, 2, 17.54
1747820463, 0, 47, 872, 871, 20, 6.22%, 0, 0, 2, 17.37
1747820468, 0, 48, 872, 871, 20, 6.22%, 0, 0, 2, 17.48
1747820478, 0, 49, 872, 871, 20, 6.22%, 0, 0, 2, 17.85
1747820483, 0, 51, 872, 871, 20, 6.22%, 0, 0, 2, 16.21
1747820493, 0, 52, 872, 871, 20, 6.22%, 0, 0, 2, 17.40
1747820499, 0, 53, 872, 871, 20, 6.22%, 0, 0, 2, 17.75
1747820504, 0, 54, 872, 871, 20, 6.22%, 0, 0, 2, 18.21
1747820509, 0, 54, 873, 872, 20, 6.22%, 0, 0, 2, 17.55
1747820519, 0, 55, 873, 872, 20, 6.22%, 0, 0, 2, 17.43
1747820530, 0, 56, 873, 872, 20, 6.22%, 0, 0, 2, 17.58
1747820535, 0, 59, 873, 872, 20, 6.22%, 0, 0, 2, 17.51
1747820545, 0, 60, 873, 872, 20, 6.22%, 0, 0, 2, 17.91
1747820550, 0, 61, 873, 872, 20, 6.22%, 0, 0, 2, 18.02
1747820555, 0, 62, 873, 872, 20, 6.22%, 0, 0, 2, 17.61
1747820565, 0, 64, 873, 872, 20, 6.22%, 0, 0, 2, 17.87
1747820571, 0, 65, 873, 872, 20, 6.22%, 0, 0, 2, 18.21
1747820581, 0, 66, 873, 872, 20, 6.22%, 0, 0, 2, 17.88
1747820586, 0, 67, 873, 872, 20, 6.22%, 0, 0, 2, 17.72
1747820591, 0, 69, 873, 872, 20, 6.22%, 0, 0, 2, 17.86
1747820601, 0, 70, 873, 872, 20, 6.22%, 0, 0, 2, 17.96
1747820607, 0, 72, 873, 872, 20, 6.22%, 0, 0, 2, 18.32
1747820617, 0, 74, 874, 873, 20, 6.22%, 0, 0, 2, 18.16
1747820632, 0, 75, 874, 873, 20, 6.22%, 0, 0, 2, 17.54
1747820637, 0, 76, 874, 873, 20, 6.22%, 0, 0, 2, 16.34
1747820647, 0, 77, 874, 873, 20, 6.22%, 0, 0, 2, 17.05
1747820652, 0, 78, 874, 873, 20, 6.22%, 0, 0, 2, 17.33
1747820658, 0, 79, 874, 873, 20, 6.22%, 0, 0, 2, 17.32
1747820668, 0, 80, 874, 873, 20, 6.22%, 0, 0, 2, 17.67
1747820673, 0, 81, 874, 873, 20, 6.22%, 0, 0, 2, 17.74
1747820678, 0, 81, 875, 874, 20, 6.22%, 0, 0, 2, 17.56
1747820688, 0, 82, 875, 874, 20, 6.22%, 0, 0, 2, 17.96
1747820699, 0, 83, 875, 874, 20, 6.22%, 0, 0, 2, 16.95
1747820704, 0, 84, 875, 874, 20, 6.22%, 0, 0, 2, 17.72
1747820709, 0, 85, 875, 874, 20, 6.22%, 0, 0, 2, 17.40
1747820719, 0, 89, 875, 874, 20, 6.22%, 0, 0, 2, 17.63
1747820724, 0, 91, 875, 874, 20, 6.22%, 0, 0, 2, 17.50
1747820734, 0, 92, 875, 874, 20, 6.22%, 0, 0, 2, 17.62
1747820739, 0, 93, 875, 874, 20, 6.22%, 0, 0, 2, 17.62
1747820750, 0, 94, 875, 874, 20, 6.22%, 0, 0, 2, 17.82
1747820755, 0, 95, 875, 874, 20, 6.22%, 0, 0, 2, 18.22
1747820760, 0, 96, 875, 874, 20, 6.22%, 0, 0, 2, 17.43
1747820770, 0, 98, 875, 874, 20, 6.22%, 0, 0, 2, 17.88
1747820775, 0, 99, 875, 874, 20, 6.22%, 0, 0, 2, 17.83
1747820786, 0, 100, 875, 874, 20, 6.22%, 0, 0, 2, 18.18
1747820791, 0, 101, 875, 874, 20, 6.22%, 0, 0, 2, 17.62
1747820801, 0, 103, 875, 874, 20, 6.22%, 0, 0, 2, 17.99
1747820806, 0, 104, 875, 874, 20, 6.22%, 0, 0, 2, 17.63
1747820811, 0, 105, 875, 874, 20, 6.22%, 0, 0, 2, 18.04
1747820821, 0, 106, 875, 874, 20, 6.22%, 0, 0, 2, 17.39
1747820826, 0, 107, 875, 874, 20, 6.22%, 0, 0, 2, 17.73
1747820831, 0, 107, 876, 875, 20, 6.22%, 0, 0, 2, 18.03
1747820841, 0, 110, 876, 875, 20, 6.22%, 0, 0, 2, 17.73
1747820852, 0, 111, 876, 875, 20, 6.22%, 0, 0, 2, 17.75
1747820857, 0, 113, 876, 875, 20, 6.22%, 0, 0, 2, 17.76
1747820862, 0, 115, 876, 875, 20, 6.22%, 0, 0, 2, 17.41
1747820872, 0, 116, 876, 875, 20, 6.22%, 0, 0, 2, 17.48
1747820877, 0, 117, 876, 875, 20, 6.22%, 0, 0, 2, 17.42
1747820887, 0, 118, 876, 875, 20, 6.22%, 0, 0, 2, 17.48
1747820892, 0, 119, 876, 875, 20, 6.22%, 0, 0, 2, 17.45
1747820903, 0, 120, 876, 875, 20, 6.22%, 0, 0, 2, 17.80
1747820908, 0, 121, 876, 875, 20, 6.22%, 0, 0, 2, 17.56
1747820918, 0, 123, 876, 875, 20, 6.22%, 0, 0, 2, 15.76
1747820923, 0, 124, 876, 875, 20, 6.22%, 0, 0, 2, 16.70
1747820928, 0, 124, 877, 876, 20, 6.22%, 0, 0, 2, 16.78
1747820933, 0, 124, 878, 877, 20, 6.25%, 0, 0, 2, 17.09
1747820954, 0, 125, 878, 877, 18, 6.25%, 0, 0, 2, 16.17
1747820964, 0, 126, 878, 877, 18, 6.25%, 0, 0, 2, 16.72
1747820969, 0, 130, 878, 877, 18, 6.25%, 0, 0, 2, 16.68
1747820979, 0, 131, 879, 878, 18, 6.26%, 0, 0, 2, 16.90
1747820984, 0, 131, 880, 879, 18, 6.28%, 0, 0, 2, 17.03
1747820994, 0, 131, 882, 881, 18, 6.28%, 0, 0, 2, 16.87
1747820999, 0, 131, 883, 882, 18, 6.28%, 0, 0, 2, 17.02
1747821004, 0, 131, 884, 883, 18, 6.28%, 0, 0, 2, 16.85
1747821009, 0, 131, 885, 884, 18, 6.28%, 0, 0, 2, 17.44
1747821030, 0, 131, 886, 885, 18, 6.28%, 0, 0, 2, 16.76
1747821061, 0, 131, 887, 886, 18, 6.28%, 0, 0, 2, 17.12
1747821112, 0, 131, 888, 887, 18, 6.28%, 0, 0, 2, 16.76
1747821132, 0, 131, 889, 888, 18, 6.28%, 0, 0, 2, 17.05
1747821183, 0, 131, 890, 889, 18, 6.28%, 0, 0, 2, 16.87
1747821214, 0, 131, 891, 890, 18, 6.28%, 0, 0, 2, 16.90
1747821224, 0, 133, 891, 890, 18, 6.28%, 0, 0, 2, 17.67
1747821229, 0, 134, 891, 890, 18, 6.28%, 0, 0, 2, 17.39
1747821239, 0, 135, 891, 890, 18, 6.28%, 0, 0, 2, 17.18
1747821245, 0, 136, 891, 890, 18, 6.28%, 0, 0, 2, 17.56
1747821250, 0, 137, 891, 890, 18, 6.28%, 0, 0, 2, 17.77
1747821260, 0, 137, 892, 891, 18, 6.28%, 0, 0, 2, 16.85
1747821265, 0, 138, 892, 891, 18, 6.28%, 0, 0, 2, 16.91
1747821275, 0, 138, 893, 892, 18, 6.28%, 0, 0, 2, 15.34
1747821286, 0, 139, 893, 892, 18, 6.28%, 0, 0, 2, 16.32
1747821291, 0, 139, 895, 894, 18, 6.28%, 0, 0, 2, 16.71
1747821317, 0, 140, 895, 894, 19, 6.28%, 0, 0, 2, 17.18
1747821322, 0, 141, 895, 894, 19, 6.28%, 0, 0, 2, 17.46
1747821332, 0, 142, 895, 894, 19, 6.28%, 0, 0, 2, 17.17
1747821337, 0, 144, 895, 894, 19, 6.28%, 0, 0, 2, 16.94
1747821347, 0, 147, 895, 894, 19, 6.28%, 0, 0, 2, 17.70
1747821352, 0, 148, 895, 894, 19, 6.28%, 0, 0, 2, 17.27
1747821363, 0, 149, 895, 894, 19, 6.28%, 0, 0, 2, 17.37
1747821368, 0, 151, 896, 895, 19, 6.52%, 0, 0, 2, 17.08
1747821383, 0, 152, 896, 895, 16, 6.52%, 0, 0, 2, 17.25
1747821388, 0, 153, 896, 895, 16, 6.52%, 0, 0, 2, 17.21
1747821398, 0, 154, 896, 895, 16, 6.52%, 0, 0, 2, 17.50
1747821404, 0, 155, 896, 895, 16, 6.52%, 0, 0, 2, 17.90
1747821414, 0, 156, 896, 895, 16, 6.52%, 0, 0, 2, 17.97
1747821419, 0, 158, 896, 895, 16, 6.52%, 0, 0, 2, 17.45
1747821429, 0, 159, 896, 895, 16, 6.52%, 0, 0, 2, 16.86
1747821434, 0, 160, 896, 895, 16, 6.52%, 0, 0, 2, 17.41
1747821439, 0, 160, 897, 896, 16, 6.52%, 0, 0, 2, 17.65
1747821449, 0, 161, 897, 896, 16, 6.52%, 0, 0, 2, 16.91
1747821459, 0, 163, 899, 898, 16, 6.52%, 0, 0, 2, 16.21
1747821464, 0, 163, 902, 901, 16, 6.52%, 0, 0, 2, 15.67
1747821470, 0, 163, 903, 902, 16, 6.52%, 0, 0, 2, 16.58
1747821475, 0, 163, 904, 903, 16, 6.52%, 0, 0, 2, 16.69
1747821480, 0, 163, 905, 904, 16, 6.52%, 0, 0, 2, 17.04
1747821505, 0, 163, 906, 905, 16, 6.52%, 0, 0, 2, 16.68
1747821515, 0, 163, 907, 906, 16, 6.52%, 0, 0, 2, 16.95
1747821520, 0, 163, 909, 908, 16, 6.52%, 0, 0, 2, 16.87
1747821536, 0, 163, 910, 909, 16, 6.52%, 0, 0, 2, 17.05
1747821546, 0, 163, 911, 910, 16, 6.52%, 0, 0, 2, 16.92
1747821644, 0, 163, 912, 911, 16, 6.52%, 0, 0, 2, 16.67
1747821705, 0, 164, 912, 911, 16, 6.52%, 0, 0, 2, 17.51
1747821715, 0, 164, 913, 912, 16, 6.52%, 0, 0, 2, 16.90
1747821720, 0, 165, 913, 912, 16, 6.52%, 0, 0, 2, 17.48
1747821725, 0, 165, 914, 913, 16, 6.52%, 0, 0, 2, 17.23
1747821735, 0, 165, 915, 914, 16, 6.52%, 0, 0, 2, 16.61
1747821746, 0, 165, 916, 915, 16, 6.52%, 0, 0, 2, 16.47
1747821771, 0, 165, 917, 916, 16, 6.52%, 0, 0, 2, 17.00
1747821797, 0, 165, 918, 917, 16, 6.52%, 0, 0, 2, 17.14
1747821807, 0, 165, 919, 918, 16, 6.53%, 0, 0, 2, 17.21
1747821889, 0, 165, 920, 919, 16, 6.53%, 0, 0, 2, 16.46
1747821899, 0, 165, 921, 920, 16, 6.53%, 0, 0, 2, 16.42
1747821935, 0, 165, 922, 921, 16, 6.53%, 0, 0, 2, 16.51
1747821966, 0, 166, 922, 921, 17, 6.53%, 0, 0, 2, 17.40
1747821976, 0, 167, 922, 921, 17, 6.53%, 0, 0, 2, 17.55
1747821981, 0, 168, 922, 921, 17, 6.53%, 0, 0, 2, 17.30
1747821991, 0, 169, 922, 921, 17, 6.53%, 0, 0, 2, 16.77
1747821996, 0, 170, 922, 921, 17, 6.53%, 0, 0, 2, 16.79
1747822002, 0, 170, 923, 922, 17, 6.53%, 0, 0, 2, 16.23
1747822012, 0, 171, 923, 922, 17, 6.53%, 0, 0, 2, 16.97
1747822022, 0, 172, 923, 922, 17, 6.53%, 0, 0, 2, 17.89
1747822027, 0, 173, 923, 922, 17, 6.53%, 0, 0, 2, 17.66
1747822032, 0, 174, 923, 922, 17, 6.53%, 0, 0, 2, 17.70
1747822042, 0, 175, 923, 922, 17, 6.53%, 0, 0, 2, 17.16
1747822047, 0, 176, 923, 922, 17, 6.53%, 0, 0, 2, 16.98
1747822053, 0, 176, 924, 923, 17, 6.53%, 0, 0, 2, 16.59
1747822063, 0, 177, 924, 923, 17, 6.53%, 0, 0, 2, 17.47
1747822073, 0, 178, 924, 923, 17, 6.53%, 0, 0, 2, 17.46
1747822078, 0, 179, 924, 923, 17, 6.53%, 0, 0, 2, 16.91
1747822083, 0, 179, 925, 924, 17, 6.53%, 0, 0, 2, 16.39
1747822094, 0, 180, 925, 924, 17, 6.53%, 0, 0, 2, 17.58
1747822104, 0, 181, 926, 925, 17, 6.53%, 0, 0, 2, 16.48
1747822119, 0, 182, 926, 925, 17, 6.53%, 0, 0, 2, 17.10
1747822124, 0, 183, 926, 925, 17, 6.53%, 0, 0, 2, 16.91
1747822134, 0, 183, 927, 926, 17, 6.53%, 0, 0, 2, 16.87
1747822139, 0, 184, 927, 926, 17, 6.53%, 0, 0, 2, 17.30
1747822150, 0, 185, 928, 927, 17, 6.53%, 0, 0, 2, 17.19
1747822165, 0, 186, 928, 927, 17, 6.53%, 0, 0, 2, 17.66
1747822170, 0, 187, 928, 927, 17, 6.53%, 0, 0, 2, 17.46
1747822181, 0, 188, 928, 927, 17, 6.53%, 0, 0, 2, 17.52
1747822186, 0, 189, 928, 927, 17, 6.53%, 0, 0, 2, 17.03
1747822196, 0, 190, 928, 927, 17, 6.53%, 0, 0, 2, 17.57
1747822201, 0, 191, 928, 927, 17, 6.53%, 0, 0, 2, 17.73
1747822211, 0, 192, 929, 928, 17, 6.53%, 0, 0, 2, 16.48
1747822226, 0, 193, 930, 929, 17, 6.53%, 0, 0, 2, 16.49
1747822241, 0, 194, 930, 929, 17, 6.53%, 0, 0, 2, 16.87
1747822246, 0, 195, 930, 929, 17, 6.53%, 0, 0, 2, 17.33
1747822256, 0, 196, 932, 931, 17, 6.53%, 0, 0, 2, 15.89
1747822287, 0, 197, 932, 931, 17, 6.53%, 0, 0, 2, 17.41
1747822292, 0, 198, 932, 931, 17, 6.53%, 0, 0, 2, 17.86
1747822302, 0, 199, 932, 931, 17, 6.53%, 0, 0, 2, 17.73
1747822307, 0, 202, 932, 931, 17, 6.53%, 0, 0, 2, 16.88
1747822318, 0, 203, 932, 931, 17, 6.53%, 0, 0, 2, 17.10
1747822323, 0, 204, 932, 931, 17, 6.53%, 0, 0, 2, 17.14
1747822333, 0, 205, 932, 931, 17, 6.53%, 0, 0, 2, 17.67
1747822338, 0, 206, 932, 931, 17, 6.53%, 0, 0, 2, 17.80
1747822348, 0, 207, 932, 931, 17, 6.53%, 0, 0, 2, 18.10
1747822353, 0, 208, 932, 931, 17, 6.53%, 0, 0, 2, 17.92
1747822358, 0, 208, 935, 934, 17, 6.53%, 0, 0, 2, 15.44
1747822394, 0, 208, 936, 935, 17, 6.53%, 0, 0, 2, 16.52
1747822410, 0, 208, 937, 936, 17, 6.53%, 0, 0, 2, 16.59
1747822415, 0, 208, 939, 938, 17, 6.53%, 0, 0, 2, 16.25
1747822430, 0, 208, 940, 939, 17, 6.53%, 0, 0, 2, 16.53
1747822440, 0, 208, 941, 940, 17, 6.53%, 0, 0, 2, 15.94
1747822450, 0, 208, 942, 941, 17, 6.53%, 0, 0, 2, 15.93
1747822476, 0, 208, 943, 942, 17, 6.53%, 0, 0, 2, 16.00
1747822588, 0, 208, 944, 943, 17, 6.53%, 0, 0, 2, 16.64
1747822609, 0, 209, 944, 943, 17, 6.53%, 0, 0, 2, 16.76
1747822614, 0, 211, 945, 944, 17, 6.53%, 0, 0, 2, 16.28
1747822624, 0, 211, 946, 945, 17, 6.53%, 0, 0, 2, 16.34
1747822639, 0, 211, 947, 946, 17, 6.53%, 0, 0, 2, 16.16
1747822650, 0, 211, 948, 947, 17, 6.53%, 0, 0, 2, 16.08
1747822670, 0, 211, 949, 948, 17, 6.53%, 0, 0, 2, 17.11
1747822701, 0, 211, 950, 949, 17, 6.53%, 0, 0, 2, 16.70
1747822799, 0, 211, 951, 950, 17, 6.53%, 0, 0, 2, 16.50
1747822860, 0, 213, 951, 950, 17, 6.53%, 0, 0, 2, 29.32
1747822865, 0, 215, 951, 950, 17, 6.53%, 0, 0, 2, 28.93
1747822870, 0, 217, 951, 950, 17, 6.53%, 0, 0, 2, 29.77
1747822876, 0, 218, 952, 951, 17, 6.53%, 0, 0, 2, 27.56
1747822881, 0, 218, 953, 952, 17, 6.53%, 0, 0, 2, 27.35
1747822896, 0, 221, 953, 952, 16, 6.53%, 0, 0, 2, 30.50
1747822901, 0, 224, 953, 952, 16, 6.53%, 0, 0, 2, 29.12
1747822906, 0, 225, 953, 952, 16, 6.53%, 0, 0, 2, 30.25
1747822912, 0, 226, 953, 952, 16, 6.53%, 0, 0, 2, 30.07
1747822917, 0, 227, 953, 952, 16, 6.53%, 0, 0, 2, 29.41
1747822922, 0, 229, 953, 952, 16, 6.53%, 0, 0, 2, 28.78
1747822927, 0, 232, 953, 952, 16, 6.53%, 0, 0, 2, 28.76
1747822932, 0, 232, 954, 953, 16, 6.53%, 0, 0, 2, 27.76
1747822937, 0, 233, 954, 953, 16, 6.53%, 0, 0, 2, 26.68
1747822942, 0, 233, 956, 955, 16, 6.53%, 0, 0, 2, 26.24
1747822952, 0, 233, 958, 957, 16, 6.56%, 0, 0, 2, 27.39
1747822957, 0, 233, 959, 958, 16, 6.56%, 0, 0, 2, 27.65
1747822962, 0, 233, 960, 959, 16, 6.56%, 0, 0, 2, 24.53
1747822968, 0, 233, 961, 960, 16, 6.56%, 0, 0, 2, 17.32
1747822993, 0, 233, 963, 962, 16, 6.56%, 0, 0, 2, 16.01
1747823008, 0, 233, 964, 963, 16, 6.56%, 0, 0, 2, 15.44
1747823013, 0, 233, 965, 964, 16, 6.56%, 0, 0, 2, 15.80
1747823024, 0, 233, 966, 965, 16, 6.56%, 0, 0, 2, 16.36
1747823039, 0, 233, 968, 967, 16, 6.56%, 0, 0, 2, 15.10
1747823055, 0, 233, 969, 968, 16, 6.56%, 0, 0, 2, 15.49
1747823085, 0, 233, 970, 969, 16, 6.56%, 0, 0, 2, 16.85
1747823121, 0, 233, 971, 970, 16, 6.56%, 0, 0, 2, 15.95
1747823167, 0, 233, 972, 971, 16, 6.56%, 0, 0, 2, 16.14
1747823182, 0, 235, 972, 971, 17, 6.56%, 0, 0, 2, 16.34
1747823187, 0, 236, 972, 971, 17, 6.56%, 0, 0, 2, 16.07
1747823198, 0, 237, 972, 971, 17, 6.56%, 0, 0, 2, 17.38
1747823203, 0, 238, 972, 971, 17, 6.56%, 0, 0, 2, 16.99
1747823213, 0, 239, 972, 971, 17, 6.56%, 0, 0, 2, 16.40
1747823218, 0, 241, 972, 971, 17, 6.56%, 0, 0, 2, 17.15
1747823228, 0, 242, 972, 971, 17, 6.56%, 0, 0, 2, 16.59
1747823233, 0, 244, 972, 971, 17, 6.56%, 0, 0, 2, 17.51
1747823239, 0, 245, 972, 971, 17, 6.56%, 0, 0, 2, 17.53
1747823249, 0, 246, 972, 971, 17, 6.56%, 0, 0, 2, 16.66
1747823254, 0, 248, 972, 971, 17, 6.56%, 0, 0, 2, 16.66
1747823264, 0, 249, 973, 972, 17, 6.56%, 0, 0, 2, 16.29
1747823274, 0, 249, 974, 973, 17, 6.57%, 0, 0, 2, 16.10
1747823280, 0, 249, 975, 974, 17, 6.57%, 0, 0, 2, 15.74
1747823300, 0, 249, 976, 975, 17, 6.57%, 0, 0, 2, 16.34
1747823372, 0, 249, 977, 976, 17, 6.57%, 0, 0, 2, 15.67
1747823383, 0, 249, 978, 977, 17, 6.57%, 0, 0, 2, 15.21
1747823393, 0, 249, 979, 978, 17, 6.57%, 0, 0, 2, 15.86
1747823398, 0, 249, 980, 979, 17, 6.57%, 0, 0, 2, 15.10
1747823418, 0, 249, 981, 980, 17, 6.57%, 0, 0, 2, 25.95
1747823424, 0, 249, 982, 981, 17, 6.57%, 0, 0, 2, 20.39
1747823506, 0, 250, 982, 981, 19, 6.57%, 0, 0, 2, 16.98
1747823516, 0, 251, 982, 981, 19, 6.57%, 0, 0, 2, 16.10
1747823526, 0, 252, 982, 981, 19, 6.57%, 0, 0, 2, 17.07
1747823531, 0, 253, 982, 981, 19, 6.57%, 0, 0, 2, 17.95
1747823536, 0, 254, 983, 982, 19, 6.57%, 0, 0, 2, 17.90
1747823557, 0, 255, 983, 982, 19, 6.57%, 0, 0, 2, 17.58
1747823562, 0, 256, 983, 982, 19, 6.57%, 0, 0, 2, 17.37
1747823567, 0, 257, 983, 982, 19, 6.57%, 0, 0, 2, 17.44
1747823577, 0, 258, 983, 982, 19, 6.57%, 0, 0, 2, 17.05
1747823582, 0, 259, 983, 982, 19, 6.57%, 0, 0, 2, 17.33
1747823592, 0, 260, 983, 982, 19, 6.57%, 0, 0, 2, 17.36
1747823598, 0, 261, 983, 982, 19, 6.57%, 0, 0, 2, 16.89
1747823603, 0, 261, 984, 983, 19, 6.57%, 0, 0, 2, 15.73
1747823608, 0, 261, 985, 984, 19, 6.57%, 0, 0, 2, 15.49
1747823618, 0, 261, 986, 985, 19, 6.57%, 0, 0, 2, 16.22
1747823638, 0, 261, 987, 986, 19, 6.57%, 0, 0, 2, 15.64
1747823654, 0, 261, 988, 987, 19, 6.57%, 0, 0, 2, 14.93
1747823680, 0, 261, 989, 988, 19, 6.57%, 0, 0, 2, 15.60
1747823690, 0, 261, 990, 989, 19, 6.57%, 0, 0, 2, 15.72
1747823793, 0, 261, 991, 990, 19, 6.57%, 0, 0, 2, 15.61
1747823824, 0, 261, 992, 991, 19, 6.57%, 0, 0, 2, 15.04
1747823860, 0, 262, 992, 991, 19, 6.57%, 0, 0, 2, 17.01
1747823870, 0, 264, 992, 991, 19, 6.57%, 0, 0, 2, 16.73
1747823875, 0, 265, 992, 991, 19, 6.57%, 0, 0, 2, 15.92
1747823885, 0, 266, 992, 991, 19, 6.57%, 0, 0, 2, 15.26
1747823890, 0, 267, 992, 991, 19, 6.57%, 0, 0, 2, 16.91
1747823900, 0, 269, 992, 991, 19, 6.57%, 0, 0, 2, 17.02
1747823906, 0, 270, 992, 991, 19, 6.57%, 0, 0, 2, 17.77
1747823916, 0, 271, 992, 991, 19, 6.57%, 0, 0, 2, 17.61
1747823921, 0, 272, 992, 991, 19, 6.57%, 0, 0, 2, 18.09
1747823926, 0, 273, 992, 991, 19, 6.57%, 0, 0, 2, 23.11
1747824478, 0, 275, 992, 990, 19, 6.57%, 0, 0, 2, 23.63
1747824483, 0, 276, 992, 990, 19, 6.57%, 0, 0, 2, 18.68
1747824493, 0, 276, 993, 991, 19, 6.57%, 0, 0, 3, 15.32
1747824504, 0, 277, 993, 991, 19, 6.57%, 0, 0, 3, 17.21
1747824509, 0, 278, 993, 991, 19, 6.57%, 0, 0, 3, 18.00
1747824519, 0, 280, 993, 991, 19, 6.57%, 0, 0, 3, 15.94
1747824524, 0, 281, 993, 991, 19, 6.57%, 0, 0, 3, 16.37
1747824534, 0, 283, 993, 991, 19, 6.57%, 0, 0, 3, 18.04
1747824540, 0, 284, 993, 991, 19, 6.57%, 0, 0, 3, 17.94
1747824545, 0, 285, 993, 991, 19, 6.57%, 0, 0, 3, 17.98
1747824550, 0, 285, 995, 993, 19, 6.57%, 0, 0, 3, 15.44
1747824581, 0, 287, 995, 993, 19, 6.57%, 0, 0, 3, 17.24
1747824586, 0, 290, 995, 993, 19, 6.57%, 0, 0, 3, 16.91
1747824596, 0, 291, 995, 993, 19, 6.57%, 0, 0, 3, 16.91
1747824601, 0, 292, 995, 993, 19, 6.57%, 0, 0, 3, 16.78
1747824606, 0, 292, 996, 994, 19, 6.57%, 0, 0, 3, 15.25
1747824622, 0, 293, 996, 994, 19, 6.57%, 0, 0, 3, 17.34
1747824627, 0, 295, 996, 994, 19, 6.57%, 0, 0, 3, 16.48
1747824632, 0, 296, 996, 994, 19, 6.57%, 0, 0, 3, 16.95
1747824642, 0, 297, 996, 994, 19, 6.57%, 0, 0, 3, 16.95
1747824647, 0, 299, 996, 994, 19, 6.57%, 0, 0, 3, 17.00
1747824658, 0, 301, 996, 994, 19, 6.57%, 0, 0, 3, 18.01
1747824663, 0, 302, 996, 994, 19, 6.57%, 0, 0, 3, 17.59
1747824668, 0, 302, 998, 996, 19, 6.57%, 0, 0, 3, 15.39
1747824698, 0, 303, 998, 996, 19, 6.57%, 0, 0, 3, 17.48
1747824703, 0, 304, 998, 996, 19, 6.57%, 0, 0, 3, 17.92
1747824714, 0, 305, 998, 996, 19, 6.57%, 0, 0, 3, 17.90
1747824719, 0, 306, 998, 996, 19, 6.57%, 0, 0, 3, 17.65
1747824724, 0, 307, 998, 996, 19, 6.57%, 0, 0, 3, 17.35
1747824734, 0, 309, 998, 996, 19, 6.57%, 0, 0, 3, 18.03
1747824739, 0, 310, 998, 996, 19, 6.57%, 0, 0, 3, 17.53
1747824749, 0, 311, 998, 996, 19, 6.57%, 0, 0, 3, 16.92
1747824754, 0, 312, 998, 996, 19, 6.57%, 0, 0, 3, 16.55
1747824764, 0, 315, 998, 996, 19, 6.57%, 0, 0, 3, 16.23
1747824770, 0, 317, 998, 996, 19, 6.57%, 0, 0, 3, 16.71
1747824780, 0, 318, 999, 997, 19, 6.57%, 0, 0, 3, 15.42
1747824795, 0, 321, 999, 997, 19, 6.57%, 0, 0, 3, 16.28
1747824805, 0, 322, 999, 997, 19, 6.57%, 0, 0, 3, 17.23
1747824810, 0, 323, 999, 997, 19, 6.57%, 0, 0, 3, 17.68
1747824821, 0, 324, 999, 997, 19, 6.57%, 0, 0, 3, 16.39
1747824826, 0, 325, 999, 997, 19, 6.57%, 0, 0, 3, 16.44
1747824836, 0, 326, 999, 997, 19, 6.57%, 0, 0, 3, 16.03
1747824841, 0, 327, 999, 997, 19, 6.57%, 0, 0, 3, 16.61
1747824851, 0, 328, 999, 997, 19, 6.57%, 0, 0, 3, 17.72
1747824857, 0, 329, 999, 997, 19, 6.57%, 0, 0, 3, 17.57
1747824862, 0, 330, 999, 997, 19, 6.57%, 0, 0, 3, 17.60
1747824872, 0, 331, 999, 997, 19, 6.57%, 0, 0, 3, 16.72
1747824877, 0, 331, 1000, 998, 19, 6.57%, 0, 0, 3, 16.20
1747824887, 0, 332, 1000, 998, 19, 6.57%, 0, 0, 3, 16.95
1747824892, 0, 333, 1000, 998, 19, 6.57%, 0, 0, 3, 17.85
1747824903, 0, 334, 1000, 998, 19, 6.57%, 0, 0, 3, 17.73
1747824908, 0, 335, 1000, 998, 19, 6.57%, 0, 0, 3, 17.79
1747824918, 0, 336, 1000, 998, 19, 6.57%, 0, 0, 3, 16.80
1747824923, 0, 338, 1000, 998, 19, 6.57%, 0, 0, 3, 16.74
1747824933, 0, 339, 1000, 998, 19, 6.57%, 0, 0, 3, 17.59
1747824938, 0, 341, 1000, 998, 19, 6.57%, 0, 0, 3, 17.60
1747824948, 0, 342, 1000, 998, 19, 6.57%, 0, 0, 3, 15.59
1747824953, 0, 343, 1000, 998, 19, 6.57%, 0, 0, 3, 16.98
1747824964, 0, 344, 1000, 998, 19, 6.57%, 0, 0, 3, 17.73
1747824969, 0, 345, 1000, 998, 19, 6.57%, 0, 0, 3, 17.44
1747824974, 0, 346, 1000, 998, 19, 6.57%, 0, 0, 3, 17.56
1747824979, 0, 346, 1001, 999, 19, 6.57%, 0, 0, 3, 15.61
1747824994, 0, 347, 1001, 999, 20, 6.57%, 0, 0, 3, 16.41
1747824999, 0, 348, 1001, 999, 20, 6.57%, 0, 0, 3, 17.60
1747825009, 0, 349, 1002, 1000, 20, 6.57%, 0, 0, 3, 15.17
1747825015, 0, 349, 1003, 1001, 20, 6.57%, 0, 0, 3, 14.87
1747825035, 0, 349, 1005, 1003, 20, 6.57%, 0, 0, 3, 13.96
1747825040, 0, 349, 1006, 1004, 20, 6.57%, 0, 0, 3, 14.60
1747825066, 0, 349, 1007, 1005, 20, 6.57%, 0, 0, 3, 14.09
1747825071, 0, 349, 1008, 1006, 20, 6.57%, 0, 0, 3, 15.05
1747825076, 0, 349, 1009, 1007, 20, 6.57%, 0, 0, 3, 14.49
1747825112, 0, 349, 1010, 1008, 20, 6.57%, 0, 0, 3, 14.73
1747825158, 0, 349, 1011, 1009, 20, 6.57%, 0, 0, 3, 15.43
1747825194, 0, 349, 1012, 1010, 20, 6.58%, 0, 0, 3, 15.04
1747825280, 0, 350, 1012, 1010, 21, 6.58%, 0, 0, 3, 15.95
1747825290, 0, 351, 1012, 1010, 21, 6.58%, 0, 0, 3, 15.81
1747825296, 0, 352, 1012, 1010, 21, 6.58%, 0, 0, 3, 15.68
1747825306, 0, 353, 1012, 1010, 21, 6.58%, 0, 0, 3, 18.12
1747825311, 0, 356, 1012, 1010, 21, 6.58%, 0, 0, 3, 17.27
1747825316, 0, 356, 1014, 1012, 21, 6.58%, 0, 0, 3, 14.88
1747825326, 0, 356, 1015, 1013, 21, 6.58%, 0, 0, 3, 14.61
1747825341, 0, 356, 1016, 1014, 21, 6.58%, 0, 0, 3, 14.72
1747825434, 0, 356, 1017, 1015, 21, 6.58%, 0, 0, 3, 14.20
1747825454, 0, 356, 1019, 1017, 21, 6.58%, 0, 0, 3, 14.88
1747825485, 0, 356, 1020, 1018, 21, 6.58%, 0, 0, 3, 14.34
1747825561, 0, 356, 1021, 1019, 21, 6.58%, 0, 0, 3, 14.57
1747825592, 0, 357, 1021, 1019, 21, 6.58%, 0, 0, 3, 17.13
1747825597, 0, 358, 1021, 1019, 21, 6.58%, 0, 0, 3, 18.25
1747825602, 0, 359, 1021, 1019, 21, 6.58%, 0, 0, 3, 17.72
1747825613, 0, 360, 1021, 1019, 21, 6.58%, 0, 0, 3, 17.72
1747825618, 0, 361, 1022, 1020, 21, 6.58%, 0, 0, 3, 17.11
1747825623, 0, 361, 1023, 1021, 21, 6.58%, 0, 0, 3, 14.76
1747825654, 0, 362, 1023, 1021, 21, 6.58%, 0, 0, 3, 16.20
1747825664, 0, 363, 1023, 1021, 21, 6.58%, 0, 0, 3, 17.14
1747825669, 0, 364, 1023, 1021, 21, 6.58%, 0, 0, 3, 17.11
1747825679, 0, 365, 1023, 1021, 21, 6.58%, 0, 0, 3, 16.82
1747825684, 0, 366, 1023, 1021, 21, 6.58%, 0, 0, 3, 17.00
1747825695, 0, 367, 1023, 1021, 21, 6.58%, 0, 0, 3, 17.57
1747825700, 0, 368, 1023, 1021, 21, 6.58%, 0, 0, 3, 17.71
1747825705, 0, 371, 1023, 1021, 21, 6.58%, 0, 0, 3, 17.29
1747825710, 0, 371, 1024, 1022, 21, 6.58%, 0, 0, 3, 15.09
1747825725, 0, 372, 1024, 1022, 21, 6.58%, 0, 0, 3, 16.58
1747825730, 0, 373, 1024, 1022, 21, 6.58%, 0, 0, 3, 17.26
1747825741, 0, 375, 1024, 1022, 21, 6.58%, 0, 0, 3, 24.39
1747825746, 0, 378, 1024, 1022, 21, 6.58%, 0, 0, 3, 28.27
1747825751, 0, 379, 1024, 1022, 21, 6.58%, 0, 0, 3, 28.93
1747825756, 0, 381, 1025, 1023, 21, 6.58%, 0, 0, 3, 27.49
1747825761, 0, 381, 1026, 1024, 21, 6.58%, 0, 0, 3, 24.53
1747825776, 0, 382, 1026, 1024, 21, 6.58%, 0, 0, 3, 26.54
1747825782, 0, 383, 1026, 1024, 21, 6.58%, 0, 0, 3, 28.69
1747825787, 0, 384, 1026, 1024, 21, 6.58%, 0, 0, 3, 27.85
1747825792, 0, 386, 1026, 1024, 21, 6.58%, 0, 0, 3, 28.02
1747825797, 0, 387, 1026, 1024, 21, 6.58%, 0, 0, 3, 23.84
1747825802, 0, 388, 1026, 1024, 21, 6.58%, 0, 0, 3, 17.85
1747825812, 0, 389, 1026, 1024, 21, 6.58%, 0, 0, 3, 17.73
1747825817, 0, 390, 1026, 1024, 21, 6.58%, 0, 0, 3, 17.52
1747825827, 0, 392, 1026, 1024, 21, 6.58%, 0, 0, 3, 17.11
1747825832, 0, 394, 1026, 1024, 21, 6.58%, 0, 0, 3, 25.82
1747825837, 0, 395, 1026, 1024, 21, 6.58%, 0, 0, 3, 26.14
1747825842, 0, 396, 1026, 1024, 21, 6.58%, 0, 0, 3, 25.89
1747825847, 0, 397, 1026, 1024, 21, 6.58%, 0, 0, 3, 27.85
1747825853, 0, 399, 1026, 1024, 21, 6.58%, 0, 0, 3, 28.77
1747825858, 0, 400, 1026, 1024, 21, 6.58%, 0, 0, 3, 27.61
1747825863, 0, 402, 1026, 1024, 21, 6.58%, 0, 0, 3, 29.09
1747825868, 0, 403, 1026, 1024, 21, 6.58%, 0, 0, 3, 28.37
1747825873, 0, 405, 1026, 1024, 21, 6.58%, 0, 0, 3, 29.77
1747825878, 0, 408, 1026, 1024, 21, 6.58%, 0, 0, 3, 30.94
1747825884, 0, 410, 1026, 1024, 21, 6.58%, 0, 0, 3, 29.69
1747825889, 0, 411, 1026, 1024, 21, 6.58%, 0, 0, 3, 30.22
1747825894, 0, 412, 1026, 1024, 21, 6.58%, 0, 0, 3, 29.66
1747825899, 0, 413, 1026, 1024, 21, 6.58%, 0, 0, 3, 26.00
1747825904, 0, 414, 1026, 1024, 21, 6.58%, 0, 0, 3, 28.11
1747825909, 0, 415, 1026, 1024, 21, 6.58%, 0, 0, 3, 30.03
1747825914, 0, 417, 1026, 1024, 21, 6.58%, 0, 0, 3, 29.39
1747825919, 0, 418, 1026, 1024, 21, 6.58%, 0, 0, 3, 28.75
1747825924, 0, 419, 1026, 1024, 21, 6.58%, 0, 0, 3, 29.77
1747825929, 0, 420, 1026, 1024, 21, 6.58%, 0, 0, 3, 28.01
1747825935, 0, 421, 1026, 1024, 21, 6.58%, 0, 0, 3, 28.31
1747825940, 0, 423, 1027, 1025, 21, 6.58%, 0, 0, 3, 24.84
1747825950, 0, 424, 1028, 1026, 21, 6.58%, 0, 0, 3, 27.06
1747825960, 0, 425, 1030, 1028, 21, 6.58%, 0, 0, 3, 24.77
1747825965, 0, 425, 1032, 1030, 21, 6.58%, 0, 0, 3, 23.28
1747825986, 0, 425, 1033, 1031, 21, 6.58%, 0, 0, 3, 24.37
1747826021, 0, 425, 1034, 1032, 21, 6.58%, 0, 0, 3, 24.20
1747826062, 0, 425, 1035, 1033, 21, 6.58%, 0, 0, 3, 23.44
1747826077, 0, 425, 1036, 1034, 21, 6.59%, 0, 0, 3, 24.49
1747826088, 0, 425, 1037, 1035, 21, 6.59%, 0, 0, 3, 23.95
1747826128, 0, 426, 1038, 1036, 22, 6.59%, 0, 0, 3, 24.06
1747826134, 0, 426, 1039, 1037, 22, 6.59%, 0, 0, 3, 23.48
1747826139, 0, 426, 1040, 1038, 22, 6.59%, 0, 0, 3, 22.89
1747826159, 0, 426, 1041, 1039, 22, 6.59%, 0, 0, 3, 24.92
1747826180, 0, 426, 1042, 1040, 22, 6.59%, 0, 0, 3, 23.60
1747826195, 0, 426, 1043, 1041, 22, 6.59%, 0, 0, 3, 25.42
1747826297, 0, 428, 1043, 1041, 22, 6.59%, 0, 0, 3, 29.46
1747826303, 0, 432, 1043, 1041, 22, 6.59%, 0, 0, 3, 29.34
1747826308, 0, 433, 1043, 1041, 22, 6.59%, 0, 0, 3, 30.18
1747826313, 0, 434, 1043, 1041, 22, 6.59%, 0, 0, 3, 29.63
1747826318, 0, 435, 1044, 1042, 22, 6.59%, 0, 0, 3, 26.28
1747826328, 0, 436, 1044, 1042, 22, 6.59%, 0, 0, 3, 28.56
1747826333, 0, 437, 1044, 1042, 22, 6.59%, 0, 0, 3, 26.25
1747826338, 0, 439, 1044, 1042, 22, 6.59%, 0, 0, 3, 28.67
1747826344, 0, 442, 1044, 1042, 22, 6.59%, 0, 0, 3, 27.44
1747826349, 0, 444, 1044, 1042, 22, 6.59%, 0, 0, 3, 30.05
1747826354, 0, 445, 1044, 1042, 22, 6.59%, 0, 0, 3, 28.30
1747826359, 0, 446, 1044, 1042, 22, 6.59%, 0, 0, 3, 27.47
1747826364, 0, 447, 1044, 1042, 22, 6.59%, 0, 0, 3, 29.06
1747826369, 0, 448, 1044, 1042, 22, 6.59%, 0, 0, 3, 27.40
1747826374, 0, 449, 1044, 1042, 22, 6.59%, 0, 0, 3, 28.26
1747826379, 0, 450, 1044, 1042, 22, 6.59%, 0, 0, 3, 28.82
1747826384, 0, 452, 1044, 1042, 22, 6.59%, 0, 0, 3, 29.05
1747826390, 0, 453, 1044, 1042, 22, 6.59%, 0, 0, 3, 27.17
1747826395, 0, 454, 1044, 1042, 22, 6.59%, 0, 0, 3, 26.86
1747826400, 0, 454, 1045, 1043, 22, 6.59%, 0, 0, 3, 24.95
1747826405, 0, 455, 1045, 1043, 22, 6.59%, 0, 0, 3, 27.06
1747826410, 0, 456, 1045, 1043, 22, 6.59%, 0, 0, 3, 30.38
1747826415, 0, 457, 1045, 1043, 22, 6.59%, 0, 0, 3, 27.65
1747826420, 0, 458, 1045, 1043, 22, 6.59%, 0, 0, 3, 25.59
1747826425, 0, 460, 1045, 1043, 22, 6.59%, 0, 0, 3, 23.85
1747826430, 0, 461, 1045, 1043, 22, 6.59%, 0, 0, 3, 27.75
1747826435, 0, 462, 1045, 1043, 22, 6.59%, 0, 0, 3, 26.70
1747826441, 0, 463, 1045, 1043, 22, 6.59%, 0, 0, 3, 29.16
1747826446, 0, 465, 1046, 1044, 22, 6.59%, 0, 0, 3, 24.87
1747826451, 0, 465, 1047, 1045, 22, 6.59%, 0, 0, 3, 22.83
1747826466, 0, 466, 1047, 1045, 22, 6.59%, 0, 0, 3, 28.17
1747826471, 0, 467, 1047, 1045, 22, 6.59%, 0, 0, 3, 28.97
1747826477, 0, 469, 1047, 1045, 22, 6.59%, 0, 0, 3, 29.99
1747826482, 0, 470, 1047, 1045, 22, 6.59%, 0, 0, 3, 26.98
1747826487, 0, 471, 1047, 1045, 22, 6.59%, 0, 0, 3, 24.77
1747826492, 0, 473, 1047, 1045, 22, 6.59%, 0, 0, 3, 28.57
1747826497, 0, 474, 1047, 1045, 22, 6.59%, 0, 0, 3, 27.83
1747826502, 0, 475, 1047, 1045, 22, 6.59%, 0, 0, 3, 27.17
1747826507, 0, 476, 1047, 1045, 22, 6.59%, 0, 0, 3, 26.96
1747826512, 0, 477, 1047, 1045, 22, 6.59%, 0, 0, 3, 28.07
1747826517, 0, 478, 1047, 1045, 22, 6.59%, 0, 0, 3, 29.98
1747826522, 0, 479, 1048, 1046, 22, 6.59%, 0, 0, 3, 25.94
1747826532, 0, 480, 1048, 1046, 22, 6.59%, 0, 0, 3, 27.77
1747826537, 0, 481, 1048, 1046, 22, 6.59%, 0, 0, 3, 29.18
1747826543, 0, 483, 1048, 1046, 22, 6.59%, 0, 0, 3, 26.34
1747826548, 0, 484, 1049, 1047, 22, 6.59%, 0, 0, 3, 24.65
1747826558, 0, 485, 1049, 1047, 22, 6.59%, 0, 0, 3, 27.13
1747826563, 0, 488, 1049, 1047, 22, 6.59%, 0, 0, 3, 29.75
1747826568, 0, 489, 1049, 1047, 22, 6.59%, 0, 0, 3, 30.18
1747826573, 0, 491, 1049, 1047, 22, 6.59%, 0, 0, 3, 27.32
1747826578, 0, 492, 1050, 1048, 22, 6.59%, 0, 0, 3, 24.25
1747826589, 0, 493, 1050, 1048, 22, 6.59%, 0, 0, 3, 27.26
1747826594, 0, 495, 1050, 1048, 22, 6.59%, 0, 0, 3, 25.22
1747826599, 0, 496, 1050, 1048, 22, 6.59%, 0, 0, 3, 26.39
1747826604, 0, 497, 1050, 1048, 22, 6.59%, 0, 0, 3, 25.58
1747826609, 0, 498, 1051, 1049, 22, 6.59%, 0, 0, 3, 26.77
1747826619, 0, 499, 1051, 1049, 22, 6.59%, 0, 0, 3, 26.85
1747826624, 0, 504, 1051, 1049, 22, 6.59%, 0, 0, 3, 29.90
1747826629, 0, 506, 1051, 1049, 22, 6.59%, 0, 0, 3, 27.31
1747826634, 0, 507, 1051, 1049, 22, 6.59%, 0, 0, 3, 29.44
1747826639, 0, 511, 1051, 1049, 22, 6.59%, 0, 0, 3, 28.03
1747826645, 0, 512, 1051, 1049, 22, 6.59%, 0, 0, 3, 28.50
1747826650, 0, 513, 1051, 1049, 22, 6.59%, 0, 0, 3, 26.26
1747826655, 0, 514, 1051, 1049, 22, 6.59%, 0, 0, 3, 28.26
1747826660, 0, 516, 1051, 1049, 22, 6.59%, 0, 0, 3, 26.01
1747826665, 0, 517, 1052, 1050, 22, 6.59%, 0, 0, 3, 23.71
1747826670, 0, 517, 1053, 1051, 22, 6.59%, 0, 0, 3, 22.86
1747826686, 0, 518, 1053, 1051, 22, 6.59%, 0, 0, 3, 24.01
1747826691, 0, 520, 1054, 1052, 22, 6.59%, 0, 0, 3, 23.06
1747826701, 0, 522, 1054, 1052, 22, 6.59%, 0, 0, 3, 24.25
1747826706, 0, 522, 1056, 1054, 22, 6.59%, 0, 0, 3, 23.20
1747826726, 0, 523, 1056, 1054, 22, 6.59%, 0, 0, 3, 27.71
1747826731, 0, 525, 1056, 1054, 22, 6.59%, 0, 0, 3, 29.10
1747826737, 0, 527, 1056, 1054, 22, 6.59%, 0, 0, 3, 30.18
1747826742, 0, 528, 1056, 1054, 22, 6.59%, 0, 0, 3, 26.09
1747826747, 0, 530, 1056, 1054, 22, 6.59%, 0, 0, 3, 26.15
1747826752, 0, 531, 1056, 1054, 22, 6.59%, 0, 0, 3, 28.14
1747826757, 0, 532, 1056, 1054, 22, 6.59%, 0, 0, 3, 29.74
1747826762, 0, 533, 1056, 1054, 22, 6.59%, 0, 0, 3, 29.82
1747826767, 0, 535, 1056, 1054, 22, 6.59%, 0, 0, 3, 28.36
1747826773, 0, 536, 1056, 1054, 22, 6.59%, 0, 0, 3, 29.57
1747826778, 0, 537, 1056, 1054, 22, 6.59%, 0, 0, 3, 30.19
1747826783, 0, 538, 1056, 1054, 22, 6.59%, 0, 0, 3, 27.30
1747826788, 0, 541, 1056, 1054, 22, 6.59%, 0, 0, 3, 26.47
1747826793, 0, 543, 1056, 1054, 22, 6.59%, 0, 0, 3, 25.18
1747826798, 0, 544, 1056, 1054, 22, 6.59%, 0, 0, 3, 27.67
1747826803, 0, 545, 1056, 1054, 22, 6.59%, 0, 0, 3, 28.87
1747826809, 0, 547, 1056, 1054, 22, 6.59%, 0, 0, 3, 30.63
1747826814, 0, 548, 1056, 1054, 22, 6.59%, 0, 0, 3, 29.99
1747826819, 0, 550, 1056, 1054, 22, 6.59%, 0, 0, 3, 29.39
1747826824, 0, 551, 1056, 1054, 22, 6.59%, 0, 0, 3, 25.53
1747826829, 0, 552, 1056, 1054, 22, 6.59%, 0, 0, 3, 24.60
1747826834, 0, 553, 1056, 1054, 22, 6.59%, 0, 0, 3, 25.07
1747826839, 0, 554, 1056, 1054, 22, 6.59%, 0, 0, 3, 31.52
1747828494, 0, 555, 1056, 1053, 21, 6.59%, 0, 0, 3, 15.68
1747828500, 0, 555, 1057, 1054, 21, 6.59%, 0, 0, 3, 13.58
1747828505, 0, 555, 1058, 1055, 21, 6.59%, 0, 0, 3, 13.46
1747828530, 0, 556, 1058, 1055, 21, 6.59%, 0, 0, 3, 15.48
1747828540, 0, 557, 1058, 1055, 21, 6.59%, 0, 0, 3, 17.01
1747828546, 0, 558, 1058, 1055, 21, 6.59%, 0, 0, 3, 15.80
1747828556, 0, 561, 1058, 1055, 21, 6.59%, 0, 0, 3, 16.46
1747828561, 0, 562, 1058, 1055, 21, 6.59%, 0, 0, 3, 17.46
1747828571, 0, 563, 1058, 1055, 21, 6.59%, 0, 0, 3, 17.32
1747828576, 0, 564, 1058, 1055, 21, 6.59%, 0, 0, 3, 17.52
1747828587, 0, 565, 1058, 1055, 21, 6.59%, 0, 0, 3, 17.24
1747828592, 0, 566, 1058, 1055, 21, 6.59%, 0, 0, 3, 18.10
1747828597, 0, 567, 1058, 1055, 21, 6.59%, 0, 0, 3, 17.13
1747828602, 0, 567, 1059, 1056, 21, 6.59%, 0, 0, 3, 13.25
1747828617, 0, 568, 1059, 1056, 21, 6.59%, 0, 0, 3, 15.29
1747828628, 0, 569, 1059, 1056, 21, 6.59%, 0, 0, 3, 17.39
1747828633, 0, 570, 1059, 1056, 21, 6.59%, 0, 0, 3, 15.66
1747828638, 0, 570, 1060, 1057, 21, 6.59%, 0, 0, 3, 13.24
1747828654, 0, 574, 1060, 1057, 21, 6.59%, 0, 0, 3, 16.84
1747828659, 0, 575, 1060, 1057, 21, 6.59%, 0, 0, 3, 17.37
1747828669, 0, 576, 1060, 1057, 21, 6.59%, 0, 0, 3, 17.64
1747828674, 0, 577, 1060, 1057, 21, 6.59%, 0, 0, 3, 17.69
1747828679, 0, 578, 1060, 1057, 21, 6.59%, 0, 0, 3, 17.74
1747828689, 0, 579, 1060, 1057, 21, 6.59%, 0, 0, 3, 14.51
1747828700, 0, 579, 1061, 1058, 21, 6.59%, 0, 0, 3, 13.51
1747828705, 0, 579, 1062, 1059, 21, 6.59%, 0, 0, 3, 13.56
1747828720, 0, 579, 1063, 1060, 21, 6.59%, 0, 0, 3, 13.14
1747828766, 0, 580, 1063, 1060, 21, 6.59%, 0, 0, 3, 14.20
1747828776, 0, 581, 1063, 1060, 21, 6.59%, 0, 0, 3, 14.84
1747828781, 0, 582, 1063, 1060, 21, 6.59%, 0, 0, 3, 14.92
1747828791, 0, 583, 1063, 1060, 21, 6.59%, 0, 0, 3, 17.77
1747828797, 0, 584, 1063, 1060, 21, 6.59%, 0, 0, 3, 17.18
1747828807, 0, 585, 1063, 1060, 21, 6.59%, 0, 0, 3, 14.15
1747828812, 0, 585, 1064, 1061, 21, 6.59%, 0, 0, 3, 11.95
1747828827, 0, 586, 1064, 1061, 22, 6.59%, 0, 0, 3, 16.21
1747828832, 0, 587, 1064, 1061, 22, 6.59%, 0, 0, 3, 16.85
1747828843, 0, 588, 1064, 1061, 22, 6.59%, 0, 0, 3, 14.78
1747828853, 0, 589, 1064, 1061, 22, 6.59%, 0, 0, 3, 17.38
1747828858, 0, 591, 1064, 1061, 22, 6.59%, 0, 0, 3, 17.65
1747828863, 0, 592, 1064, 1061, 22, 6.59%, 0, 0, 3, 17.55
1747828873, 0, 593, 1064, 1061, 22, 6.59%, 0, 0, 3, 17.86
1747828878, 0, 595, 1064, 1061, 22, 6.59%, 0, 0, 3, 16.33
1747828884, 0, 595, 1066, 1063, 22, 6.59%, 0, 0, 3, 13.12
1747828909, 0, 595, 1067, 1064, 22, 6.59%, 0, 0, 3, 13.62
1747828925, 0, 595, 1068, 1065, 22, 6.59%, 0, 0, 3, 13.04
1747828935, 0, 595, 1069, 1066, 22, 6.59%, 0, 0, 3, 12.66
1747829006, 0, 595, 1070, 1067, 22, 6.59%, 0, 0, 3, 12.96
1747829191, 0, 596, 1070, 1067, 21, 6.59%, 0, 0, 3, 16.76
1747829196, 0, 597, 1071, 1068, 21, 6.59%, 0, 0, 3, 14.97
1747829217, 0, 598, 1071, 1068, 21, 6.59%, 0, 0, 3, 14.35
1747829227, 0, 599, 1071, 1068, 21, 6.59%, 0, 0, 3, 17.13
1747829232, 0, 600, 1071, 1068, 21, 6.59%, 0, 0, 3, 15.76
1747829242, 0, 601, 1071, 1068, 21, 6.59%, 0, 0, 3, 15.45
1747829247, 0, 604, 1071, 1068, 21, 6.59%, 0, 0, 3, 16.43
1747829258, 0, 605, 1071, 1068, 21, 6.59%, 0, 0, 3, 15.54
1747829268, 0, 606, 1072, 1069, 21, 6.59%, 0, 0, 3, 13.60
1747829283, 0, 607, 1072, 1069, 21, 6.59%, 0, 0, 3, 15.47
1747829293, 0, 610, 1072, 1069, 21, 6.59%, 0, 0, 3, 17.71
1747829299, 0, 611, 1072, 1069, 21, 6.59%, 0, 0, 3, 17.51
1747829309, 0, 612, 1072, 1069, 21, 6.59%, 0, 0, 3, 17.48
1747829314, 0, 613, 1072, 1069, 21, 6.59%, 0, 0, 3, 16.50
1747829324, 0, 614, 1072, 1069, 21, 6.59%, 0, 0, 3, 17.54
1747829329, 0, 615, 1072, 1069, 21, 6.59%, 0, 0, 3, 15.83
1747829334, 0, 615, 1073, 1070, 21, 6.59%, 0, 0, 3, 12.65
1747829350, 0, 616, 1073, 1070, 21, 6.59%, 0, 0, 3, 13.65
1747829360, 0, 617, 1073, 1070, 21, 6.59%, 0, 0, 3, 17.00
1747829365, 0, 618, 1073, 1070, 21, 6.59%, 0, 0, 3, 17.70
1747829370, 0, 619, 1073, 1070, 21, 6.59%, 0, 0, 3, 17.57
1747829381, 0, 620, 1073, 1070, 21, 6.59%, 0, 0, 3, 14.43
1747829391, 0, 621, 1073, 1070, 21, 6.59%, 0, 0, 3, 15.82
1747829396, 0, 622, 1073, 1070, 21, 6.59%, 0, 0, 3, 17.13
1747829406, 0, 623, 1073, 1070, 21, 6.59%, 0, 0, 3, 14.16
1747829416, 0, 624, 1073, 1070, 21, 6.59%, 0, 0, 3, 14.07
1747829426, 0, 625, 1073, 1070, 21, 6.59%, 0, 0, 3, 14.64
1747829436, 0, 626, 1073, 1070, 21, 6.59%, 0, 0, 3, 17.07
1747829442, 0, 627, 1073, 1070, 21, 6.59%, 0, 0, 3, 16.18
1747829452, 0, 628, 1073, 1070, 21, 6.59%, 0, 0, 3, 14.47
1747829462, 0, 629, 1073, 1070, 21, 6.59%, 0, 0, 3, 14.77
1747829467, 0, 630, 1073, 1070, 21, 6.59%, 0, 0, 3, 15.46
1747829478, 0, 631, 1073, 1070, 21, 6.59%, 0, 0, 3, 17.73
1747829483, 0, 631, 1074, 1071, 21, 6.59%, 0, 0, 3, 17.84
1747829493, 0, 632, 1074, 1071, 21, 6.59%, 0, 0, 3, 15.10
1747829498, 0, 634, 1074, 1071, 21, 6.59%, 0, 0, 3, 14.41
1747829509, 0, 637, 1074, 1071, 21, 6.59%, 0, 0, 3, 14.90
1747829519, 0, 638, 1074, 1071, 21, 6.59%, 0, 0, 3, 17.78
1747829524, 0, 639, 1074, 1071, 21, 6.59%, 0, 0, 3, 15.83
1747829534, 0, 640, 1074, 1071, 21, 6.59%, 0, 0, 3, 16.52
1747829540, 0, 641, 1074, 1071, 21, 6.59%, 0, 0, 3, 15.72
1747829550, 0, 642, 1074, 1071, 21, 6.59%, 0, 0, 3, 14.41
1747829560, 0, 643, 1074, 1071, 21, 6.59%, 0, 0, 3, 14.09
1747829565, 0, 645, 1074, 1071, 21, 6.59%, 0, 0, 3, 14.53
1747829576, 0, 646, 1074, 1071, 21, 6.59%, 0, 0, 3, 14.91
1747829586, 0, 647, 1074, 1071, 21, 6.59%, 0, 0, 3, 14.22
1747829591, 0, 647, 1075, 1072, 21, 6.59%, 0, 0, 3, 12.95
1747829601, 0, 649, 1075, 1072, 21, 6.59%, 0, 0, 3, 13.88
1747829612, 0, 650, 1075, 1072, 21, 6.59%, 0, 0, 3, 12.77
1747829622, 0, 651, 1075, 1072, 21, 6.59%, 0, 0, 3, 16.12
1747829627, 0, 652, 1075, 1072, 21, 6.59%, 0, 0, 3, 18.16
1747829637, 0, 654, 1075, 1072, 21, 6.59%, 0, 0, 3, 14.19
1747829648, 0, 656, 1075, 1072, 21, 6.59%, 0, 0, 3, 16.00
1747829658, 0, 657, 1075, 1072, 21, 6.59%, 0, 0, 3, 14.21
1747829663, 0, 658, 1075, 1072, 21, 6.59%, 0, 0, 3, 13.77
1747829673, 0, 659, 1075, 1072, 21, 6.59%, 0, 0, 3, 15.54
1747829684, 0, 660, 1076, 1073, 21, 6.59%, 0, 0, 3, 16.86
1747829699, 0, 661, 1076, 1073, 21, 6.59%, 0, 0, 3, 17.68
1747829704, 0, 665, 1076, 1073, 21, 6.59%, 0, 0, 3, 16.45
1747829714, 0, 666, 1076, 1073, 21, 6.59%, 0, 0, 3, 13.71
1747829725, 0, 667, 1076, 1073, 21, 6.59%, 0, 0, 3, 16.89
1747829730, 0, 670, 1076, 1073, 21, 6.59%, 0, 0, 3, 14.56
1747829740, 0, 672, 1076, 1073, 21, 6.59%, 0, 0, 3, 13.88
1747829750, 0, 673, 1076, 1073, 21, 6.59%, 0, 0, 3, 16.48
1747829755, 0, 674, 1076, 1073, 21, 6.59%, 0, 0, 3, 17.54
1747829761, 0, 675, 1076, 1073, 21, 6.59%, 0, 0, 3, 17.89
1747829771, 0, 676, 1076, 1073, 21, 6.59%, 0, 0, 3, 18.03
1747829776, 0, 677, 1076, 1073, 21, 6.59%, 0, 0, 3, 17.15
1747829786, 0, 678, 1076, 1073, 21, 6.59%, 0, 0, 3, 14.55
1747829796, 0, 679, 1076, 1073, 21, 6.59%, 0, 0, 3, 13.78
1747829806, 0, 680, 1076, 1073, 21, 6.59%, 0, 0, 3, 13.25
1747829812, 0, 681, 1076, 1073, 21, 6.59%, 0, 0, 3, 14.86
1747829822, 0, 682, 1076, 1073, 21, 6.59%, 0, 0, 3, 17.52
1747829827, 0, 683, 1076, 1073, 21, 6.59%, 0, 0, 3, 18.05
1747829837, 0, 684, 1076, 1073, 21, 6.59%, 0, 0, 3, 14.57
1747829847, 0, 686, 1076, 1073, 21, 6.59%, 0, 0, 3, 16.60
1747829852, 0, 688, 1076, 1073, 21, 6.59%, 0, 0, 3, 17.25
1747829857, 0, 690, 1076, 1073, 21, 6.59%, 0, 0, 3, 17.28
1747829868, 0, 692, 1077, 1074, 21, 6.59%, 0, 0, 3, 13.14
1747829888, 0, 693, 1077, 1074, 21, 6.59%, 0, 0, 3, 14.80
1747829898, 0, 694, 1077, 1074, 21, 6.59%, 0, 0, 3, 16.76
1747829903, 0, 695, 1077, 1074, 21, 6.59%, 0, 0, 3, 15.04
1747829914, 0, 696, 1077, 1074, 21, 6.59%, 0, 0, 3, 13.41
1747829924, 0, 697, 1077, 1074, 21, 6.59%, 0, 0, 3, 12.89
1747829934, 0, 698, 1077, 1074, 21, 6.59%, 0, 0, 3, 16.41
1747829939, 0, 699, 1077, 1074, 21, 6.59%, 0, 0, 3, 15.97
1747829949, 0, 700, 1077, 1074, 21, 6.59%, 0, 0, 3, 12.66
1747829960, 0, 701, 1077, 1074, 21, 6.59%, 0, 0, 3, 13.08
1747829970, 0, 702, 1077, 1074, 21, 6.59%, 0, 0, 3, 14.68
1747829980, 0, 703, 1077, 1074, 21, 6.59%, 0, 0, 3, 14.60
1747829985, 0, 704, 1077, 1074, 21, 6.59%, 0, 0, 3, 13.51
1747829995, 0, 705, 1077, 1074, 21, 6.59%, 0, 0, 3, 14.83
1747830006, 0, 706, 1077, 1074, 21, 6.59%, 0, 0, 3, 13.15
1747830016, 0, 708, 1077, 1074, 21, 6.59%, 0, 0, 3, 13.87
1747830021, 0, 710, 1077, 1074, 21, 6.59%, 0, 0, 3, 13.83
1747830031, 0, 711, 1077, 1074, 21, 6.59%, 0, 0, 3, 14.89
1747830042, 0, 712, 1077, 1074, 21, 6.59%, 0, 0, 3, 13.57
1747830052, 0, 714, 1077, 1074, 21, 6.59%, 0, 0, 3, 17.68
1747832178, 0, 717, 1077, 1073, 19, 6.59%, 0, 0, 3, 16.55
1747832188, 0, 718, 1077, 1073, 19, 6.59%, 0, 0, 3, 17.62
1747834117, 0, 719, 1077, 1072, 19, 6.59%, 0, 0, 3, 25.21
1747834122, 0, 721, 1077, 1072, 19, 6.59%, 0, 0, 3, 28.52
1747834127, 0, 722, 1077, 1072, 19, 6.59%, 0, 0, 3, 22.76
1747834132, 0, 723, 1077, 1072, 19, 6.59%, 0, 0, 3, 28.04
1747834137, 0, 726, 1077, 1072, 19, 6.59%, 0, 0, 3, 30.37
1747834143, 0, 727, 1077, 1072, 19, 6.59%, 0, 0, 3, 28.38
1747834148, 0, 728, 1077, 1072, 19, 6.59%, 0, 0, 3, 23.19
1747834153, 0, 729, 1077, 1072, 19, 6.59%, 0, 0, 3, 26.10
1747834158, 0, 730, 1077, 1072, 19, 6.59%, 0, 0, 3, 29.84
1747834163, 0, 731, 1077, 1072, 19, 6.59%, 0, 0, 3, 28.77
1747838147, 0, 732, 1077, 1071, 19, 6.59%, 0, 0, 3, 15.66
1747838158, 0, 733, 1077, 1071, 19, 6.59%, 0, 0, 3, 15.43
1747838168, 0, 734, 1077, 1071, 19, 6.59%, 0, 0, 3, 14.92
1747838173, 0, 736, 1077, 1071, 19, 6.59%, 0, 0, 3, 14.76
1747838183, 0, 738, 1077, 1071, 19, 6.59%, 0, 0, 3, 14.27
1747838193, 0, 739, 1077, 1071, 19, 6.59%, 0, 0, 3, 13.40
1747838204, 0, 740, 1077, 1071, 19, 6.59%, 0, 0, 3, 16.70
1747838209, 0, 742, 1077, 1071, 19, 6.59%, 0, 0, 3, 17.36
1747838214, 0, 743, 1077, 1071, 19, 6.59%, 0, 0, 3, 17.54
1747838224, 0, 744, 1077, 1071, 19, 6.59%, 0, 0, 3, 14.82
1747838234, 0, 745, 1077, 1071, 19, 6.59%, 0, 0, 3, 17.77
1747838240, 0, 746, 1077, 1071, 19, 6.59%, 0, 0, 3, 16.47
1747838250, 0, 747, 1077, 1071, 19, 6.59%, 0, 0, 3, 15.67
1747838255, 0, 748, 1077, 1071, 19, 6.59%, 0, 0, 3, 16.98
1747838265, 0, 749, 1077, 1071, 19, 6.59%, 0, 0, 3, 15.18
1747838275, 0, 750, 1077, 1071, 19, 6.59%, 0, 0, 3, 14.00
1747838285, 0, 752, 1077, 1071, 19, 6.59%, 0, 0, 3, 16.03
1747838290, 0, 753, 1077, 1071, 19, 6.59%, 0, 0, 3, 15.87
1747838301, 0, 754, 1077, 1071, 19, 6.59%, 0, 0, 3, 18.17
1747840540, 0, 755, 1077, 1070, 18, 6.59%, 0, 0, 3, 31.46
1747840545, 0, 757, 1077, 1070, 18, 6.59%, 0, 0, 3, 26.41
1747840550, 0, 758, 1077, 1070, 18, 6.59%, 0, 0, 3, 24.44
1747840560, 0, 759, 1077, 1070, 18, 6.59%, 0, 0, 3, 22.84
1747840565, 0, 760, 1077, 1070, 18, 6.59%, 0, 0, 3, 23.01
1747840571, 0, 763, 1077, 1070, 18, 6.59%, 0, 0, 3, 23.99
1747840576, 0, 764, 1077, 1070, 18, 6.59%, 0, 0, 3, 25.97
1747840581, 0, 767, 1077, 1070, 18, 6.59%, 0, 0, 3, 29.62
1747840591, 0, 768, 1077, 1070, 18, 6.59%, 0, 0, 3, 23.51
1747840596, 0, 769, 1077, 1070, 18, 6.59%, 0, 0, 3, 22.20
1747840601, 0, 770, 1077, 1070, 18, 6.59%, 0, 0, 3, 26.95
1747840606, 0, 771, 1077, 1070, 18, 6.59%, 0, 0, 3, 25.03
1747840611, 0, 773, 1077, 1070, 18, 6.59%, 0, 0, 3, 23.38
1747840616, 0, 774, 1077, 1070, 18, 6.59%, 0, 0, 3, 27.55
1747840621, 0, 776, 1077, 1070, 18, 6.59%, 0, 0, 3, 28.93
1747840627, 0, 778, 1077, 1070, 18, 6.59%, 0, 0, 3, 29.23
1747840632, 0, 778, 1078, 1071, 18, 6.59%, 0, 0, 3, 23.49
1747840642, 0, 779, 1078, 1071, 18, 6.59%, 0, 0, 3, 26.46
1747840647, 0, 780, 1078, 1071, 18, 6.59%, 0, 0, 3, 24.08
1747840652, 0, 782, 1078, 1071, 18, 6.59%, 0, 0, 3, 23.31
1747840657, 0, 784, 1078, 1071, 18, 6.59%, 0, 0, 3, 23.00
1747840663, 0, 785, 1078, 1071, 18, 6.59%, 0, 0, 3, 27.72
1747840668, 0, 789, 1078, 1071, 18, 6.59%, 0, 0, 3, 28.47
1747840673, 0, 789, 1079, 1072, 18, 6.59%, 0, 0, 3, 25.80
1747840683, 0, 793, 1079, 1072, 18, 6.59%, 0, 0, 3, 27.16
1747840688, 0, 794, 1079, 1072, 18, 6.59%, 0, 0, 3, 25.00
1747840698, 0, 796, 1079, 1072, 18, 6.59%, 0, 0, 3, 24.23
1747840704, 0, 798, 1079, 1072, 18, 6.59%, 0, 0, 3, 27.81
1747840709, 0, 801, 1079, 1072, 18, 6.59%, 0, 0, 3, 25.34
1747840714, 0, 802, 1079, 1072, 18, 6.59%, 0, 0, 3, 26.24
1747840719, 0, 803, 1079, 1072, 18, 6.59%, 0, 0, 3, 26.70
1747840724, 0, 804, 1079, 1072, 18, 6.59%, 0, 0, 3, 26.85
1747840729, 0, 805, 1079, 1072, 18, 6.59%, 0, 0, 3, 29.92
1747840735, 0, 807, 1079, 1072, 18, 6.59%, 0, 0, 3, 26.02
1747840740, 0, 808, 1079, 1072, 18, 6.59%, 0, 0, 3, 27.59
1747840745, 0, 810, 1079, 1072, 18, 6.59%, 0, 0, 3, 25.30
1747840750, 0, 811, 1079, 1072, 18, 6.59%, 0, 0, 3, 27.14
1747840755, 0, 812, 1079, 1072, 18, 6.59%, 0, 0, 3, 22.97
1747840760, 0, 814, 1079, 1072, 18, 6.59%, 0, 0, 3, 25.11
1747840765, 0, 815, 1079, 1072, 18, 6.59%, 0, 0, 3, 26.60
1747840770, 0, 816, 1079, 1072, 18, 6.59%, 0, 0, 3, 28.76
1747840776, 0, 820, 1080, 1073, 18, 6.59%, 0, 0, 3, 27.64
1747840781, 0, 820, 1081, 1074, 18, 6.59%, 0, 0, 3, 23.77
1747840801, 0, 821, 1081, 1074, 19, 6.59%, 0, 0, 3, 23.45
1747840807, 0, 822, 1082, 1075, 19, 6.59%, 0, 0, 3, 22.87
1747840812, 0, 822, 1083, 1076, 19, 6.59%, 0, 0, 3, 22.89
1747840832, 0, 823, 1083, 1076, 19, 6.59%, 0, 0, 3, 26.77
1747840837, 0, 824, 1084, 1077, 19, 6.59%, 0, 0, 3, 23.08
1747840842, 0, 824, 1085, 1078, 19, 6.59%, 0, 0, 3, 22.72
1747840858, 0, 825, 1085, 1078, 19, 6.59%, 0, 0, 3, 27.46
1747840863, 0, 826, 1085, 1078, 19, 6.59%, 0, 0, 3, 27.77
1747840868, 0, 827, 1085, 1078, 19, 6.59%, 0, 0, 3, 29.10
1747840873, 0, 829, 1085, 1078, 19, 6.59%, 0, 0, 3, 24.59
1747840878, 0, 830, 1086, 1079, 19, 6.59%, 0, 0, 3, 22.67
1747840889, 0, 832, 1086, 1079, 19, 6.59%, 0, 0, 3, 29.15
1747840894, 0, 834, 1086, 1079, 19, 6.59%, 0, 0, 3, 29.42
1747840899, 0, 835, 1086, 1079, 19, 6.59%, 0, 0, 3, 26.19
1747840909, 0, 839, 1086, 1079, 19, 6.59%, 0, 0, 3, 27.02
1747840919, 0, 841, 1086, 1079, 19, 6.59%, 0, 0, 3, 28.93
1747840925, 0, 843, 1086, 1079, 19, 6.59%, 0, 0, 3, 27.27
1747840930, 0, 844, 1086, 1079, 19, 6.59%, 0, 0, 3, 27.01
1747840935, 0, 845, 1086, 1079, 19, 6.59%, 0, 0, 3, 27.03
1747840940, 0, 845, 1087, 1080, 19, 6.59%, 0, 0, 3, 22.82
1747840945, 0, 846, 1087, 1080, 19, 6.59%, 0, 0, 3, 22.71
1747840950, 0, 847, 1087, 1080, 19, 6.59%, 0, 0, 3, 25.83
1747840955, 0, 848, 1087, 1080, 19, 6.59%, 0, 0, 3, 24.94
1747840960, 0, 849, 1087, 1080, 19, 6.59%, 0, 0, 3, 28.64
1747840965, 0, 850, 1087, 1080, 19, 6.59%, 0, 0, 3, 29.06
1747844614, 0, 851, 1087, 1079, 18, 6.59%, 0, 0, 3, 15.82
1747844624, 0, 852, 1087, 1079, 18, 6.59%, 0, 0, 3, 15.48
1747844629, 0, 853, 1087, 1079, 18, 6.59%, 0, 0, 3, 17.07
1747844640, 0, 854, 1087, 1079, 18, 6.59%, 0, 0, 3, 13.14
1747844650, 0, 857, 1087, 1079, 18, 6.59%, 0, 0, 3, 14.52
1747844660, 0, 858, 1087, 1079, 18, 6.59%, 0, 0, 3, 14.08
1747844670, 0, 859, 1087, 1079, 18, 6.59%, 0, 0, 3, 13.05
1747844681, 0, 861, 1087, 1079, 18, 6.59%, 0, 0, 3, 15.38
1747844686, 0, 863, 1087, 1079, 18, 6.59%, 0, 0, 3, 16.75
1747844696, 0, 866, 1087, 1079, 18, 6.59%, 0, 0, 3, 15.03
1747844701, 0, 867, 1087, 1079, 18, 6.59%, 0, 0, 3, 14.46
1747844716, 0, 868, 1087, 1079, 18, 6.59%, 0, 0, 3, 16.68
1747844722, 0, 870, 1087, 1079, 18, 6.59%, 0, 0, 3, 17.07
1747844727, 0, 871, 1087, 1079, 18, 6.59%, 0, 0, 3, 16.47
1747844737, 0, 871, 1088, 1080, 18, 6.59%, 0, 0, 3, 12.39
1747844748, 0, 873, 1088, 1080, 18, 6.59%, 0, 0, 3, 12.68
1747844758, 0, 873, 1089, 1081, 18, 6.59%, 0, 0, 3, 11.99
1747844768, 0, 874, 1089, 1081, 18, 6.59%, 0, 0, 3, 14.31
1747844778, 0, 875, 1089, 1081, 18, 6.59%, 0, 0, 3, 17.56
1747844783, 0, 877, 1089, 1081, 18, 6.59%, 0, 0, 3, 16.84
1747844794, 0, 879, 1089, 1081, 18, 6.59%, 0, 0, 3, 13.91
1747844804, 0, 881, 1089, 1081, 18, 6.59%, 0, 0, 3, 15.69
1747844809, 0, 883, 1089, 1081, 18, 6.59%, 0, 0, 3, 17.45
1747844819, 0, 884, 1090, 1082, 18, 6.59%, 0, 0, 3, 14.88
1747844840, 0, 886, 1090, 1082, 18, 6.59%, 0, 0, 3, 15.45
1747844845, 0, 887, 1090, 1082, 18, 6.59%, 0, 0, 3, 15.87
1747844855, 0, 890, 1090, 1082, 18, 6.59%, 0, 0, 3, 14.30
1747844865, 0, 892, 1090, 1082, 18, 6.59%, 0, 0, 3, 13.17
1747844875, 0, 894, 1090, 1082, 18, 6.59%, 0, 0, 3, 14.52
1747844885, 0, 895, 1090, 1082, 18, 6.59%, 0, 0, 3, 15.24
1747844890, 0, 896, 1090, 1082, 18, 6.59%, 0, 0, 3, 15.12
1747844901, 0, 897, 1090, 1082, 18, 6.59%, 0, 0, 3, 14.92
1747844911, 0, 900, 1090, 1082, 18, 6.59%, 0, 0, 3, 13.25
1747844921, 0, 901, 1090, 1082, 18, 6.59%, 0, 0, 3, 16.11
1747844926, 0, 902, 1090, 1082, 18, 6.59%, 0, 0, 3, 17.09
1747844932, 0, 903, 1090, 1082, 18, 6.59%, 0, 0, 3, 17.39
1747849256, 0, 904, 1090, 1081, 18, 6.59%, 0, 0, 3, 15.56
1747849266, 0, 905, 1090, 1081, 18, 6.59%, 0, 0, 3, 16.35
1747849271, 0, 906, 1090, 1081, 18, 6.59%, 0, 0, 3, 15.73
1747849281, 0, 908, 1090, 1081, 18, 6.59%, 0, 0, 3, 13.79
1747849292, 0, 909, 1090, 1081, 18, 6.59%, 0, 0, 3, 15.17
1747849302, 0, 911, 1090, 1081, 18, 6.59%, 0, 0, 3, 17.83
1747849307, 0, 913, 1090, 1081, 18, 6.59%, 0, 0, 3, 16.25
1747849317, 0, 915, 1090, 1081, 18, 6.59%, 0, 0, 3, 16.95
1747849322, 0, 916, 1090, 1081, 18, 6.59%, 0, 0, 3, 15.97
1747849333, 0, 919, 1090, 1081, 18, 6.59%, 0, 0, 3, 16.09
1747849338, 0, 920, 1090, 1081, 18, 6.59%, 0, 0, 3, 17.40
1747849348, 0, 922, 1090, 1081, 18, 6.59%, 0, 0, 3, 15.65
1747849353, 0, 924, 1090, 1081, 18, 6.59%, 0, 0, 3, 15.61
1747849363, 0, 925, 1090, 1081, 18, 6.59%, 0, 0, 3, 14.54
1747849374, 0, 926, 1090, 1081, 18, 6.59%, 0, 0, 3, 15.03
1747849379, 0, 927, 1090, 1081, 18, 6.59%, 0, 0, 3, 15.40
1747849384, 0, 927, 1091, 1082, 18, 6.59%, 0, 0, 3, 13.03
1747849399, 0, 928, 1091, 1082, 18, 6.59%, 0, 0, 3, 15.67
1747849405, 0, 929, 1091, 1082, 18, 6.59%, 0, 0, 3, 16.83
1747849415, 0, 930, 1091, 1082, 18, 6.59%, 0, 0, 3, 14.03
1747849425, 0, 932, 1091, 1082, 18, 6.59%, 0, 0, 3, 14.56
1747849436, 0, 933, 1091, 1082, 18, 6.59%, 0, 0, 3, 13.24
1747849446, 0, 935, 1091, 1082, 18, 6.59%, 0, 0, 3, 16.74
1747849451, 0, 936, 1091, 1082, 18, 6.59%, 0, 0, 3, 16.18
1747849461, 0, 939, 1091, 1082, 18, 6.59%, 0, 0, 3, 16.10
1747849466, 0, 941, 1091, 1082, 18, 6.59%, 0, 0, 3, 15.70
1747849477, 0, 942, 1091, 1082, 18, 6.59%, 0, 0, 3, 16.58
1747849482, 0, 943, 1091, 1082, 18, 6.59%, 0, 0, 3, 17.50
1747849492, 0, 944, 1091, 1082, 18, 6.59%, 0, 0, 3, 17.66
1747849497, 0, 945, 1091, 1082, 18, 6.59%, 0, 0, 3, 17.83
1747849507, 0, 946, 1091, 1082, 18, 6.59%, 0, 0, 3, 15.95
1747849512, 0, 947, 1091, 1082, 18, 6.59%, 0, 0, 3, 14.45
1747849523, 0, 948, 1091, 1082, 18, 6.59%, 0, 0, 3, 13.74
1747849533, 0, 949, 1091, 1082, 18, 6.59%, 0, 0, 3, 16.44
1747849538, 0, 950, 1091, 1082, 18, 6.59%, 0, 0, 3, 17.16
1747849548, 0, 951, 1091, 1082, 18, 6.59%, 0, 0, 3, 16.35
1747854642, 0, 953, 1091, 1081, 17, 6.59%, 0, 0, 3, 23.99
1747854647, 0, 954, 1091, 1081, 17, 6.59%, 0, 0, 3, 21.44
1747854652, 0, 955, 1091, 1081, 17, 6.59%, 0, 0, 3, 24.57
1747854657, 0, 956, 1091, 1081, 17, 6.59%, 0, 0, 3, 25.54
1747854663, 0, 957, 1091, 1081, 17, 6.59%, 0, 0, 3, 25.24
1747854668, 0, 958, 1091, 1081, 17, 6.59%, 0, 0, 3, 28.24
1747854673, 0, 959, 1091, 1081, 17, 6.59%, 0, 0, 3, 27.21
1747854678, 0, 960, 1091, 1081, 17, 6.59%, 0, 0, 3, 23.47
1747854683, 0, 961, 1091, 1081, 17, 6.59%, 0, 0, 3, 25.00
1747854688, 0, 962, 1091, 1081, 17, 6.59%, 0, 0, 3, 24.23
1747854693, 0, 963, 1091, 1081, 17, 6.59%, 0, 0, 3, 24.95
1747854698, 0, 964, 1092, 1082, 17, 6.59%, 0, 0, 3, 23.70
1747854708, 0, 966, 1092, 1082, 17, 6.59%, 0, 0, 3, 22.80
1747854714, 0, 967, 1092, 1082, 17, 6.59%, 0, 0, 3, 28.42
1747854719, 0, 968, 1092, 1082, 17, 6.59%, 0, 0, 3, 29.62
1747854724, 0, 969, 1092, 1082, 17, 6.59%, 0, 0, 3, 29.96
1747854729, 0, 970, 1092, 1082, 17, 6.59%, 0, 0, 3, 25.60
1747854734, 0, 971, 1092, 1082, 17, 6.59%, 0, 0, 3, 23.00
1747854739, 0, 972, 1092, 1082, 17, 6.59%, 0, 0, 3, 27.28
1747854744, 0, 973, 1092, 1082, 17, 6.59%, 0, 0, 3, 29.73
1747854749, 0, 978, 1092, 1082, 17, 6.59%, 0, 0, 3, 31.08
1747854754, 0, 979, 1093, 1083, 17, 6.59%, 0, 0, 3, 26.35
1747854765, 0, 979, 1094, 1084, 17, 6.59%, 0, 0, 3, 23.14
1747854780, 0, 981, 1094, 1084, 17, 6.59%, 0, 0, 3, 21.47
1747854785, 0, 983, 1094, 1084, 17, 6.59%, 0, 0, 3, 26.75
1747854790, 0, 984, 1094, 1084, 17, 6.59%, 0, 0, 3, 25.28
1747854795, 0, 985, 1094, 1084, 17, 6.59%, 0, 0, 3, 26.79
1747854800, 0, 986, 1094, 1084, 17, 6.59%, 0, 0, 3, 28.50
1747854805, 0, 987, 1094, 1084, 17, 6.59%, 0, 0, 3, 22.62
1747854810, 0, 988, 1094, 1084, 17, 6.59%, 0, 0, 3, 26.53
1747854816, 0, 989, 1094, 1084, 17, 6.59%, 0, 0, 3, 23.38
1747854821, 0, 990, 1094, 1084, 17, 6.59%, 0, 0, 3, 26.91
1747854826, 0, 992, 1094, 1084, 17, 6.59%, 0, 0, 3, 24.74
1747854831, 0, 993, 1094, 1084, 17, 6.59%, 0, 0, 3, 26.23
1747854836, 0, 995, 1094, 1084, 17, 6.59%, 0, 0, 3, 24.71
1747854841, 0, 996, 1094, 1084, 17, 6.59%, 0, 0, 3, 25.76
1747854846, 0, 998, 1094, 1084, 17, 6.59%, 0, 0, 3, 24.17
1747854851, 0, 999, 1094, 1084, 17, 6.59%, 0, 0, 3, 24.08
1747854856, 0, 1000, 1094, 1084, 17, 6.59%, 0, 0, 3, 26.21
1747854861, 0, 1001, 1094, 1084, 17, 6.59%, 0, 0, 3, 24.99
1747854866, 0, 1002, 1094, 1084, 17, 6.59%, 0, 0, 3, 24.69
1747854872, 0, 1004, 1095, 1085, 17, 6.59%, 0, 0, 3, 23.59
1747854882, 0, 1005, 1095, 1085, 16, 6.59%, 0, 0, 3, 28.26
1747854887, 0, 1008, 1095, 1085, 16, 6.59%, 0, 0, 3, 24.63
1747854892, 0, 1009, 1095, 1085, 16, 6.59%, 0, 0, 3, 25.51
1747854897, 0, 1010, 1095, 1085, 16, 6.59%, 0, 0, 3, 26.95
1747854902, 0, 1011, 1095, 1085, 16, 6.59%, 0, 0, 3, 28.23
1747854907, 0, 1012, 1095, 1085, 16, 6.59%, 0, 0, 3, 24.82
1747854913, 0, 1015, 1096, 1086, 16, 6.59%, 0, 0, 3, 21.30
1747854923, 0, 1017, 1096, 1086, 16, 6.59%, 0, 0, 3, 23.59
1747854928, 0, 1018, 1096, 1086, 16, 6.59%, 0, 0, 3, 25.19
1747854933, 0, 1019, 1096, 1086, 16, 6.59%, 0, 0, 3, 23.12
1747854938, 0, 1020, 1096, 1086, 16, 6.59%, 0, 0, 3, 23.68
1747854943, 0, 1022, 1096, 1086, 16, 6.59%, 0, 0, 3, 22.04
1747854953, 0, 1024, 1096, 1086, 16, 6.59%, 0, 0, 3, 26.79
1747854964, 0, 1025, 1096, 1086, 16, 6.59%, 0, 0, 3, 23.19
1747854969, 0, 1026, 1096, 1086, 16, 6.59%, 0, 0, 3, 24.45
1747854974, 0, 1027, 1096, 1086, 16, 6.59%, 0, 0, 3, 28.06
1747854979, 0, 1031, 1096, 1086, 16, 6.59%, 0, 0, 3, 29.22
1747854984, 0, 1032, 1096, 1086, 16, 6.59%, 0, 0, 3, 28.07
1747854989, 0, 1033, 1096, 1086, 16, 6.59%, 0, 0, 3, 26.01
1747854994, 0, 1034, 1096, 1086, 16, 6.59%, 0, 0, 3, 26.07
1747854999, 0, 1035, 1096, 1086, 16, 6.59%, 0, 0, 3, 24.53
