# unix_time, cycles_done, cur_path, paths_total, pending_total, pending_favs, map_size, unique_crashes, unique_hangs, max_depth, execs_per_sec
1747817516, 0, 0, 1, 1, 1, 3.78%, 0, 0, 1, 55.56
1747817521, 0, 0, 34, 34, 1, 4.95%, 0, 0, 2, 77.29
1747817526, 0, 0, 60, 60, 1, 4.97%, 0, 0, 2, 80.38
1747817532, 0, 0, 81, 81, 1, 4.99%, 0, 0, 2, 80.68
1747817537, 0, 0, 100, 100, 1, 5.00%, 0, 0, 2, 81.91
1747817542, 0, 0, 115, 115, 1, 5.00%, 0, 0, 2, 82.36
1747817547, 0, 0, 128, 128, 1, 5.00%, 0, 0, 2, 81.86
1747817552, 0, 0, 141, 141, 1, 5.00%, 0, 0, 2, 84.01
1747817557, 0, 0, 148, 148, 1, 5.01%, 0, 0, 2, 86.20
1747817562, 0, 0, 157, 157, 1, 5.01%, 0, 0, 2, 84.19
1747817568, 0, 0, 163, 163, 1, 5.01%, 0, 0, 2, 84.04
1747817573, 0, 0, 173, 173, 1, 5.01%, 0, 0, 2, 84.48
1747817578, 0, 0, 177, 177, 1, 5.02%, 0, 0, 2, 85.92
1747817583, 0, 0, 186, 186, 1, 5.02%, 0, 0, 2, 85.57
1747817588, 0, 0, 191, 191, 1, 5.02%, 0, 0, 2, 88.42
1747817593, 0, 0, 196, 196, 1, 5.02%, 0, 0, 2, 88.46
1747817598, 0, 0, 200, 200, 1, 5.02%, 0, 0, 2, 88.19
1747817604, 0, 0, 201, 201, 1, 5.02%, 0, 0, 2, 90.37
1747817609, 0, 0, 205, 205, 1, 5.02%, 0, 0, 2, 88.94
1747817614, 0, 0, 210, 210, 1, 5.02%, 0, 0, 2, 88.93
1747817619, 0, 0, 211, 211, 1, 5.02%, 0, 0, 2, 90.22
1747817624, 0, 0, 213, 213, 1, 5.02%, 0, 0, 2, 90.35
1747817629, 0, 0, 218, 218, 1, 5.02%, 0, 0, 2, 88.96
1747817634, 0, 0, 221, 221, 1, 5.02%, 0, 0, 2, 90.23
1747817639, 0, 0, 225, 225, 1, 5.02%, 0, 0, 2, 87.93
1747817645, 0, 0, 228, 228, 1, 5.02%, 0, 0, 2, 68.07
1747817650, 0, 0, 231, 231, 1, 5.02%, 0, 0, 2, 55.52
1747817655, 0, 0, 233, 233, 1, 5.02%, 0, 0, 2, 53.32
1747817665, 0, 0, 234, 234, 1, 5.02%, 0, 0, 2, 52.74
1747817675, 0, 0, 236, 236, 1, 5.02%, 0, 0, 2, 51.99
1747817680, 0, 0, 237, 237, 1, 5.02%, 0, 0, 2, 52.62
1747817685, 0, 0, 241, 241, 1, 5.02%, 0, 0, 2, 51.23
1747817706, 0, 0, 242, 242, 1, 5.02%, 0, 0, 2, 53.38
1747817711, 0, 0, 243, 243, 1, 5.02%, 0, 0, 2, 53.15
1747817726, 0, 0, 245, 245, 1, 5.02%, 0, 0, 2, 52.55
1747817731, 0, 0, 248, 248, 1, 5.02%, 0, 0, 2, 51.57
1747817736, 0, 0, 249, 249, 1, 5.02%, 0, 0, 2, 59.88
1747817747, 0, 0, 250, 250, 1, 5.02%, 0, 0, 2, 89.68
1747817752, 0, 0, 251, 251, 1, 5.02%, 0, 0, 2, 90.25
1747817757, 0, 0, 253, 253, 1, 5.02%, 0, 0, 2, 90.28
1747817762, 0, 0, 254, 254, 1, 5.02%, 0, 0, 2, 91.36
1747817767, 0, 1, 267, 266, 15, 5.02%, 0, 0, 2, 68.96
1747817772, 0, 1, 282, 281, 15, 5.05%, 0, 0, 2, 41.20
1747817778, 0, 1, 292, 291, 15, 5.06%, 0, 0, 2, 35.52
1747817783, 0, 1, 302, 301, 15, 5.06%, 0, 0, 2, 33.77
1747817788, 0, 1, 309, 308, 15, 5.06%, 0, 0, 2, 34.11
1747817793, 0, 1, 319, 318, 15, 5.08%, 0, 0, 2, 34.28
1747817798, 0, 1, 327, 326, 15, 5.20%, 0, 0, 2, 33.53
1747817804, 0, 1, 332, 331, 15, 5.20%, 0, 0, 2, 34.53
1747817809, 0, 1, 334, 333, 15, 5.20%, 0, 0, 2, 35.34
1747817814, 0, 1, 336, 335, 15, 5.20%, 0, 0, 2, 34.34
1747817819, 0, 1, 338, 337, 15, 5.20%, 0, 0, 2, 34.67
1747817824, 0, 1, 340, 339, 15, 5.20%, 0, 0, 2, 34.76
1747817829, 0, 1, 344, 343, 15, 5.20%, 0, 0, 2, 34.87
1747817834, 0, 1, 347, 346, 15, 5.22%, 0, 0, 2, 34.41
1747817839, 0, 1, 348, 347, 15, 5.22%, 0, 0, 2, 35.17
1747817844, 0, 1, 351, 350, 15, 5.22%, 0, 0, 2, 34.29
1747817850, 0, 1, 353, 352, 15, 5.22%, 0, 0, 2, 34.66
1747817855, 0, 1, 356, 355, 15, 5.22%, 0, 0, 2, 34.46
1747817860, 0, 1, 360, 359, 15, 5.23%, 0, 0, 2, 34.00
1747817865, 0, 1, 362, 361, 15, 5.23%, 0, 0, 2, 34.35
1747817870, 0, 1, 368, 367, 15, 5.24%, 0, 0, 2, 33.50
1747817880, 0, 1, 369, 368, 15, 5.24%, 0, 0, 2, 34.78
1747817885, 0, 1, 371, 370, 15, 5.24%, 0, 0, 2, 34.97
1747817891, 0, 1, 374, 373, 15, 5.24%, 0, 0, 2, 34.54
1747817901, 0, 1, 375, 374, 15, 5.24%, 0, 0, 2, 34.54
1747817906, 0, 1, 376, 375, 15, 5.24%, 0, 0, 2, 35.14
1747817911, 0, 1, 380, 379, 15, 5.30%, 0, 0, 2, 34.20
1747817916, 0, 2, 391, 390, 14, 5.31%, 0, 0, 2, 28.60
1747817921, 0, 2, 404, 403, 14, 5.31%, 0, 0, 2, 26.42
1747817926, 0, 2, 416, 415, 14, 5.33%, 0, 0, 2, 26.19
1747817931, 0, 2, 424, 423, 14, 5.93%, 0, 0, 2, 26.22
1747817937, 0, 2, 434, 433, 14, 5.95%, 0, 0, 2, 25.79
1747817942, 0, 2, 442, 441, 14, 5.95%, 0, 0, 2, 26.17
1747817947, 0, 2, 448, 447, 14, 5.98%, 0, 0, 2, 26.31
1747817952, 0, 2, 455, 454, 14, 5.99%, 0, 0, 2, 26.39
1747817957, 0, 2, 464, 463, 14, 6.00%, 0, 0, 2, 25.59
1747817962, 0, 2, 468, 467, 14, 6.03%, 0, 0, 2, 25.97
1747817967, 0, 2, 476, 475, 14, 6.03%, 0, 0, 2, 25.82
1747817972, 0, 2, 479, 478, 14, 6.06%, 0, 0, 2, 26.12
1747817977, 0, 2, 485, 484, 14, 6.08%, 0, 0, 2, 25.79
1747817982, 0, 2, 492, 491, 14, 6.11%, 0, 0, 2, 25.98
1747817987, 0, 2, 497, 496, 14, 6.11%, 0, 0, 2, 26.33
1747817992, 0, 2, 501, 500, 14, 6.11%, 0, 0, 2, 25.73
1747817998, 0, 2, 506, 505, 14, 6.11%, 0, 0, 2, 26.53
1747818003, 0, 2, 511, 510, 14, 6.23%, 0, 0, 2, 25.89
1747818008, 0, 2, 514, 513, 14, 6.23%, 0, 0, 2, 25.75
1747818013, 0, 2, 517, 516, 14, 6.23%, 0, 0, 2, 26.24
1747818018, 0, 2, 519, 518, 14, 6.23%, 0, 0, 2, 26.64
1747818023, 0, 2, 520, 519, 14, 6.23%, 0, 0, 2, 26.74
1747818028, 0, 2, 524, 523, 14, 6.23%, 0, 0, 2, 26.69
1747818033, 0, 2, 526, 525, 14, 6.23%, 0, 0, 2, 26.95
1747818038, 0, 2, 527, 526, 14, 6.23%, 0, 0, 2, 26.87
1747818044, 0, 2, 529, 528, 14, 6.23%, 0, 0, 2, 26.81
1747818049, 0, 2, 532, 531, 14, 6.23%, 0, 0, 2, 26.22
1747818054, 0, 2, 535, 534, 14, 6.23%, 0, 0, 2, 26.46
1747818064, 0, 2, 537, 536, 14, 6.23%, 0, 0, 2, 26.81
1747818069, 0, 2, 540, 539, 14, 6.23%, 0, 0, 2, 26.41
1747818074, 0, 2, 541, 540, 14, 6.23%, 0, 0, 2, 26.16
1747818090, 0, 2, 544, 543, 14, 6.23%, 0, 0, 2, 26.45
1747818095, 0, 2, 548, 547, 14, 6.23%, 0, 0, 2, 25.96
1747818100, 0, 2, 550, 549, 14, 6.23%, 0, 0, 2, 25.91
1747818105, 0, 2, 552, 551, 14, 6.23%, 0, 0, 2, 26.16
1747818110, 0, 2, 553, 552, 14, 6.23%, 0, 0, 2, 26.41
1747818115, 0, 2, 554, 553, 14, 6.23%, 0, 0, 2, 26.35
1747818120, 0, 5, 555, 554, 20, 6.23%, 0, 0, 2, 26.70
1747818126, 0, 5, 564, 563, 20, 6.23%, 0, 0, 2, 23.22
1747818131, 0, 5, 572, 571, 20, 6.46%, 0, 0, 2, 22.25
1747818136, 0, 5, 578, 577, 20, 6.46%, 0, 0, 2, 22.81
1747818141, 0, 5, 585, 584, 20, 6.46%, 0, 0, 2, 22.29
1747818146, 0, 5, 591, 590, 20, 6.47%, 0, 0, 2, 22.52
1747818151, 0, 5, 597, 596, 20, 6.47%, 0, 0, 2, 22.63
1747818156, 0, 5, 603, 602, 20, 6.47%, 0, 0, 2, 22.34
1747818161, 0, 5, 608, 607, 20, 6.47%, 0, 0, 2, 22.78
1747818166, 0, 5, 612, 611, 20, 6.48%, 0, 0, 2, 22.69
1747818172, 0, 5, 617, 616, 20, 6.48%, 0, 0, 2, 22.46
1747818177, 0, 5, 622, 621, 20, 6.48%, 0, 0, 2, 22.39
1747818182, 0, 5, 627, 626, 20, 6.48%, 0, 0, 2, 22.53
1747818187, 0, 5, 631, 630, 20, 6.49%, 0, 0, 2, 22.61
1747818192, 0, 5, 635, 634, 20, 6.49%, 0, 0, 2, 22.46
1747818197, 0, 5, 637, 636, 20, 6.50%, 0, 0, 2, 22.79
1747818202, 0, 5, 639, 638, 20, 6.50%, 0, 0, 2, 22.80
1747818207, 0, 5, 642, 641, 20, 6.50%, 0, 0, 2, 22.72
1747818212, 0, 5, 645, 644, 20, 6.50%, 0, 0, 2, 22.20
1747818217, 0, 5, 650, 649, 20, 6.50%, 0, 0, 2, 22.65
1747818222, 0, 5, 651, 650, 20, 6.50%, 0, 0, 2, 23.35
1747818227, 0, 5, 653, 652, 20, 6.50%, 0, 0, 2, 22.94
1747818232, 0, 5, 655, 654, 20, 6.50%, 0, 0, 2, 22.75
1747818237, 0, 5, 659, 658, 20, 6.50%, 0, 0, 2, 22.32
1747818242, 0, 5, 664, 663, 20, 6.50%, 0, 0, 2, 21.78
1747818248, 0, 5, 665, 664, 20, 6.50%, 0, 0, 2, 22.74
1747818253, 0, 5, 668, 667, 20, 6.50%, 0, 0, 2, 22.53
1747818258, 0, 5, 672, 671, 20, 6.50%, 0, 0, 2, 21.98
1747818263, 0, 5, 675, 674, 20, 6.51%, 0, 0, 2, 22.55
1747818268, 0, 5, 679, 678, 20, 6.51%, 0, 0, 2, 22.70
1747818273, 0, 5, 681, 680, 20, 6.51%, 0, 0, 2, 22.89
1747818278, 0, 5, 683, 682, 20, 6.51%, 0, 0, 2, 22.52
1747818283, 0, 5, 686, 685, 20, 6.51%, 0, 0, 2, 22.14
1747818288, 0, 5, 691, 690, 20, 6.52%, 0, 0, 2, 14.04
1747818294, 0, 5, 693, 692, 20, 6.52%, 0, 0, 2, 20.75
1747818299, 0, 5, 696, 695, 20, 6.52%, 0, 0, 2, 22.21
1747818304, 0, 5, 697, 696, 20, 6.52%, 0, 0, 2, 22.95
1747818314, 0, 5, 699, 698, 20, 6.53%, 0, 0, 2, 22.32
1747818319, 0, 5, 701, 700, 20, 6.53%, 0, 0, 2, 22.61
1747818324, 0, 5, 704, 703, 20, 6.53%, 0, 0, 2, 22.54
1747818340, 0, 5, 705, 704, 20, 6.53%, 0, 0, 2, 23.12
1747818350, 0, 5, 707, 706, 20, 6.53%, 0, 0, 2, 23.00
1747818355, 0, 5, 709, 708, 20, 6.58%, 0, 0, 2, 22.87
1747818360, 0, 6, 714, 713, 26, 6.58%, 0, 0, 2, 20.65
1747818365, 0, 6, 722, 721, 26, 6.58%, 0, 0, 2, 19.59
1747818370, 0, 6, 729, 728, 26, 6.58%, 0, 0, 2, 19.19
1747818375, 0, 6, 736, 735, 26, 6.61%, 0, 0, 2, 19.11
1747818380, 0, 6, 742, 741, 26, 6.61%, 0, 0, 2, 19.77
1747818385, 0, 6, 748, 747, 26, 6.61%, 0, 0, 2, 19.40
1747818390, 0, 6, 751, 750, 26, 6.61%, 0, 0, 2, 20.31
1747818396, 0, 6, 757, 756, 26, 6.61%, 0, 0, 2, 19.61
1747818401, 0, 6, 764, 763, 26, 6.61%, 0, 0, 2, 19.40
1747818406, 0, 6, 771, 770, 26, 6.61%, 0, 0, 2, 18.42
1747818411, 0, 6, 774, 773, 26, 6.61%, 0, 0, 2, 19.52
1747818416, 0, 6, 775, 774, 26, 6.61%, 0, 0, 2, 20.09
1747818421, 0, 6, 780, 779, 26, 6.61%, 0, 0, 2, 19.76
1747818426, 0, 6, 782, 781, 26, 6.61%, 0, 0, 2, 19.99
1747818431, 0, 6, 785, 784, 26, 6.61%, 0, 0, 2, 20.07
1747818436, 0, 6, 789, 788, 26, 6.61%, 0, 0, 2, 19.84
1747818442, 0, 6, 793, 792, 26, 6.65%, 0, 0, 2, 19.83
1747818447, 0, 6, 798, 797, 26, 6.65%, 0, 0, 2, 19.57
1747818452, 0, 6, 800, 799, 26, 6.65%, 0, 0, 2, 20.01
1747818462, 0, 6, 803, 802, 26, 6.65%, 0, 0, 2, 20.46
1747818467, 0, 6, 805, 804, 26, 6.65%, 0, 0, 2, 19.70
1747818472, 0, 6, 808, 807, 26, 6.65%, 0, 0, 2, 20.26
1747818477, 0, 6, 811, 810, 26, 6.65%, 0, 0, 2, 20.43
1747818483, 0, 6, 812, 811, 26, 6.67%, 0, 0, 2, 20.02
1747818493, 0, 6, 814, 813, 26, 6.67%, 0, 0, 2, 19.91
1747818498, 0, 6, 817, 816, 26, 6.67%, 0, 0, 2, 20.74
1747818503, 0, 6, 821, 820, 26, 6.68%, 0, 0, 2, 19.59
1747818508, 0, 6, 823, 822, 26, 6.68%, 0, 0, 2, 19.61
1747818513, 0, 6, 827, 826, 26, 6.68%, 0, 0, 2, 19.19
1747818518, 0, 6, 829, 828, 26, 6.68%, 0, 0, 2, 19.76
1747818523, 0, 6, 830, 829, 26, 6.68%, 0, 0, 2, 20.87
1747818529, 0, 6, 831, 830, 26, 6.68%, 0, 0, 2, 20.63
1747818534, 0, 6, 832, 831, 26, 6.68%, 0, 0, 2, 20.70
1747818539, 0, 6, 833, 832, 26, 6.68%, 0, 0, 2, 20.37
1747818544, 0, 6, 834, 833, 26, 6.68%, 0, 0, 2, 20.18
1747818549, 0, 6, 836, 835, 26, 6.68%, 0, 0, 2, 20.22
1747818554, 0, 6, 837, 836, 26, 6.68%, 0, 0, 2, 20.79
1747818560, 0, 6, 839, 838, 26, 6.68%, 0, 0, 2, 20.27
1747818570, 0, 6, 840, 839, 26, 6.68%, 0, 0, 2, 20.64
1747818575, 0, 6, 841, 840, 26, 6.68%, 0, 0, 2, 20.45
1747818580, 0, 6, 842, 841, 26, 6.68%, 0, 0, 2, 20.51
1747818600, 0, 6, 844, 843, 26, 6.68%, 0, 0, 2, 20.68
1747818606, 0, 6, 845, 844, 26, 6.68%, 0, 0, 2, 20.14
1747818616, 0, 7, 846, 845, 33, 6.68%, 0, 0, 2, 20.88
1747818626, 0, 7, 848, 847, 33, 6.69%, 0, 0, 2, 22.20
1747818642, 0, 7, 849, 848, 33, 6.69%, 0, 0, 2, 22.17
1747818662, 0, 7, 850, 849, 33, 6.69%, 0, 0, 2, 21.87
1747818672, 0, 7, 851, 850, 33, 6.69%, 0, 0, 2, 22.35
1747818677, 0, 7, 852, 851, 33, 6.69%, 0, 0, 2, 22.44
1747818683, 0, 7, 853, 852, 33, 6.69%, 0, 0, 2, 22.71
1747818708, 0, 7, 854, 853, 33, 6.69%, 0, 0, 2, 22.38
1747818719, 0, 7, 855, 854, 33, 6.69%, 0, 0, 2, 22.25
1747818724, 0, 7, 856, 855, 33, 6.69%, 0, 0, 2, 22.44
1747818739, 0, 7, 857, 856, 33, 6.69%, 0, 0, 2, 22.25
1747818755, 0, 7, 858, 857, 33, 6.69%, 0, 0, 2, 22.19
1747818770, 0, 7, 859, 858, 33, 6.69%, 0, 0, 2, 22.14
1747818775, 0, 7, 860, 859, 33, 6.69%, 0, 0, 2, 21.69
1747818786, 0, 7, 861, 860, 33, 6.69%, 0, 0, 2, 22.16
1747818791, 0, 7, 862, 861, 33, 6.69%, 0, 0, 2, 21.69
1747818806, 0, 9, 862, 861, 33, 6.69%, 0, 0, 2, 21.63
1747818811, 0, 9, 864, 863, 33, 6.69%, 0, 0, 2, 19.49
1747818816, 0, 9, 866, 865, 33, 6.69%, 0, 0, 2, 19.26
1747818821, 0, 9, 867, 866, 33, 6.69%, 0, 0, 2, 19.51
1747818826, 0, 9, 869, 868, 33, 6.69%, 0, 0, 2, 19.32
1747818832, 0, 9, 870, 869, 33, 6.69%, 0, 0, 2, 19.13
1747818837, 0, 9, 871, 870, 33, 6.69%, 0, 0, 2, 19.44
1747818842, 0, 9, 873, 872, 33, 6.69%, 0, 0, 2, 19.65
1747818852, 0, 9, 874, 873, 33, 6.69%, 0, 0, 2, 19.65
1747818862, 0, 9, 875, 874, 33, 6.69%, 0, 0, 2, 19.86
1747818883, 0, 9, 876, 875, 33, 6.69%, 0, 0, 2, 19.87
1747818898, 0, 9, 877, 876, 33, 6.69%, 0, 0, 2, 19.64
1747818903, 0, 9, 878, 877, 33, 6.69%, 0, 0, 2, 19.67
1747818918, 0, 9, 879, 878, 33, 6.69%, 0, 0, 2, 19.54
1747818944, 0, 9, 880, 879, 33, 6.69%, 0, 0, 2, 19.69
1747818974, 0, 9, 881, 880, 33, 6.69%, 0, 0, 2, 19.34
1747818984, 0, 9, 882, 881, 33, 6.69%, 0, 0, 2, 19.74
1747818990, 0, 9, 883, 882, 33, 6.69%, 0, 0, 2, 19.48
1747819000, 0, 9, 884, 883, 33, 6.69%, 0, 0, 2, 19.52
1747819005, 0, 9, 885, 884, 33, 6.69%, 0, 0, 2, 18.90
1747819015, 0, 9, 886, 885, 33, 6.69%, 0, 0, 2, 19.44
1747819020, 0, 9, 887, 886, 33, 6.69%, 0, 0, 2, 19.83
1747819025, 0, 10, 888, 887, 33, 6.69%, 0, 0, 2, 19.94
1747819030, 0, 11, 888, 887, 33, 6.69%, 0, 0, 2, 19.82
1747819036, 0, 11, 891, 890, 33, 6.70%, 0, 0, 2, 18.52
1747819051, 0, 11, 892, 891, 33, 6.70%, 0, 0, 2, 19.18
1747819056, 0, 11, 893, 892, 33, 6.70%, 0, 0, 2, 19.76
1747819061, 0, 11, 894, 893, 33, 6.70%, 0, 0, 2, 19.89
1747819076, 0, 11, 895, 894, 33, 6.70%, 0, 0, 2, 19.87
1747819097, 0, 11, 897, 896, 33, 6.70%, 0, 0, 2, 19.45
1747819107, 0, 11, 898, 897, 33, 6.70%, 0, 0, 2, 19.84
1747819112, 0, 11, 899, 898, 33, 6.70%, 0, 0, 2, 19.75
1747819128, 0, 11, 900, 899, 33, 6.70%, 0, 0, 2, 19.52
1747819133, 0, 11, 901, 900, 33, 6.70%, 0, 0, 2, 19.57
1747819138, 0, 11, 903, 902, 33, 6.70%, 0, 0, 2, 19.36
1747819173, 0, 11, 904, 903, 33, 6.70%, 0, 0, 2, 19.56
1747819184, 0, 11, 906, 905, 33, 6.70%, 0, 0, 2, 19.61
1747819194, 0, 11, 908, 907, 33, 6.70%, 0, 0, 2, 19.07
1747819204, 0, 11, 909, 908, 33, 6.70%, 0, 0, 2, 19.78
1747819229, 0, 11, 910, 909, 33, 6.70%, 0, 0, 2, 19.74
1747819250, 0, 13, 910, 909, 32, 6.70%, 0, 0, 2, 19.86
1747819255, 0, 13, 911, 910, 32, 6.70%, 0, 0, 2, 19.98
1747819260, 0, 14, 911, 910, 32, 6.70%, 0, 0, 2, 20.40
1747819265, 0, 14, 912, 911, 32, 6.70%, 0, 0, 2, 22.06
1747819275, 0, 16, 912, 911, 32, 6.70%, 0, 0, 2, 20.56
1747819280, 0, 17, 916, 915, 32, 6.70%, 0, 0, 2, 18.32
1747819286, 0, 17, 921, 920, 32, 6.70%, 0, 0, 2, 16.70
1747819291, 0, 17, 924, 923, 32, 6.70%, 0, 0, 2, 16.83
1747819296, 0, 17, 926, 925, 32, 6.70%, 0, 0, 2, 16.74
1747819301, 0, 17, 929, 928, 32, 6.70%, 0, 0, 2, 16.94
1747819306, 0, 17, 931, 930, 32, 6.70%, 0, 0, 2, 16.76
1747819311, 0, 17, 935, 934, 32, 6.70%, 0, 0, 2, 15.91
1747819316, 0, 17, 937, 936, 32, 6.70%, 0, 0, 2, 16.80
1747819321, 0, 17, 941, 940, 32, 6.70%, 0, 0, 2, 16.65
1747819327, 0, 17, 944, 943, 32, 6.70%, 0, 0, 2, 16.55
1747819332, 0, 17, 945, 944, 32, 6.70%, 0, 0, 2, 17.46
1747819337, 0, 17, 948, 947, 32, 6.70%, 0, 0, 2, 16.45
1747819342, 0, 17, 950, 949, 32, 6.70%, 0, 0, 2, 16.55
1747819347, 0, 17, 951, 950, 32, 6.70%, 0, 0, 2, 17.20
1747819352, 0, 17, 953, 952, 32, 6.70%, 0, 0, 2, 25.67
1747819357, 0, 17, 956, 955, 32, 6.70%, 0, 0, 2, 27.10
1747819362, 0, 17, 957, 956, 32, 6.70%, 0, 0, 2, 28.16
1747819368, 0, 17, 959, 958, 32, 6.70%, 0, 0, 2, 28.54
1747819373, 0, 17, 962, 961, 32, 6.70%, 0, 0, 2, 28.68
1747819378, 0, 17, 964, 963, 32, 6.70%, 0, 0, 2, 29.07
1747819383, 0, 17, 966, 965, 32, 6.70%, 0, 0, 2, 28.99
1747819388, 0, 17, 969, 968, 32, 6.70%, 0, 0, 2, 28.66
1747819393, 0, 17, 971, 970, 32, 6.70%, 0, 0, 2, 29.24
1747819404, 0, 17, 974, 973, 32, 6.70%, 0, 0, 2, 28.12
1747819414, 0, 17, 975, 974, 32, 6.70%, 0, 0, 2, 27.97
1747819419, 0, 17, 976, 975, 32, 6.70%, 0, 0, 2, 28.59
1747819424, 0, 17, 980, 979, 32, 6.70%, 0, 0, 2, 27.80
1747819429, 0, 17, 982, 981, 32, 6.70%, 0, 0, 2, 28.26
1747819434, 0, 17, 983, 982, 32, 6.70%, 0, 0, 2, 28.42
1747819445, 0, 17, 984, 983, 32, 6.70%, 0, 0, 2, 28.30
1747819450, 0, 17, 985, 984, 32, 6.70%, 0, 0, 2, 27.71
1747819455, 0, 17, 987, 986, 32, 6.70%, 0, 0, 2, 28.08
1747819475, 0, 18, 989, 988, 31, 6.70%, 0, 0, 2, 29.37
1747819480, 0, 19, 990, 989, 31, 6.70%, 0, 0, 2, 32.47
1747819485, 0, 21, 990, 989, 30, 6.70%, 0, 0, 2, 32.61
1747819491, 0, 21, 993, 992, 30, 6.70%, 0, 0, 2, 29.03
1747819496, 0, 21, 996, 995, 30, 6.71%, 0, 0, 2, 27.64
1747819511, 0, 21, 997, 996, 30, 6.71%, 0, 0, 2, 27.83
1747819516, 0, 21, 998, 997, 30, 6.71%, 0, 0, 2, 27.91
1747819521, 0, 21, 999, 998, 30, 6.71%, 0, 0, 2, 27.12
1747819541, 0, 21, 1000, 999, 30, 6.71%, 0, 0, 2, 27.76
1747819547, 0, 21, 1001, 1000, 30, 6.71%, 0, 0, 2, 28.38
1747819557, 0, 21, 1002, 1001, 30, 6.71%, 0, 0, 2, 27.44
1747819562, 0, 21, 1003, 1002, 30, 6.71%, 0, 0, 2, 27.69
1747819567, 0, 21, 1004, 1003, 30, 6.71%, 0, 0, 2, 27.63
1747819577, 0, 21, 1006, 1005, 30, 6.71%, 0, 0, 2, 27.76
1747819582, 0, 21, 1007, 1006, 30, 6.71%, 0, 0, 2, 27.99
1747819592, 0, 21, 1009, 1008, 30, 6.71%, 0, 0, 2, 27.26
1747819602, 0, 21, 1010, 1009, 30, 6.71%, 0, 0, 2, 21.71
1747819607, 0, 21, 1011, 1010, 30, 6.71%, 0, 0, 2, 17.55
1747819633, 0, 21, 1012, 1011, 30, 6.71%, 0, 0, 2, 16.61
1747819649, 0, 21, 1013, 1012, 30, 6.71%, 0, 0, 2, 16.69
1747819669, 0, 22, 1013, 1012, 30, 6.71%, 0, 0, 2, 17.15
1747819674, 0, 23, 1013, 1012, 30, 6.71%, 0, 0, 2, 17.43
1747819684, 0, 24, 1015, 1014, 30, 6.71%, 0, 0, 2, 16.10
1747819689, 0, 24, 1018, 1017, 30, 6.71%, 0, 0, 2, 14.76
1747819699, 0, 24, 1020, 1019, 30, 6.71%, 0, 0, 2, 14.37
1747819705, 0, 24, 1022, 1021, 30, 6.71%, 0, 0, 2, 14.76
1747819710, 0, 24, 1023, 1022, 30, 6.71%, 0, 0, 2, 14.45
1747819715, 0, 24, 1025, 1024, 30, 6.71%, 0, 0, 2, 14.65
1747819720, 0, 24, 1028, 1027, 30, 6.71%, 0, 0, 2, 14.27
1747819735, 0, 24, 1031, 1030, 30, 6.71%, 0, 0, 2, 14.28
1747819740, 0, 24, 1033, 1032, 30, 6.71%, 0, 0, 2, 14.47
1747819746, 0, 24, 1035, 1034, 30, 6.71%, 0, 0, 2, 14.93
1747819751, 0, 24, 1036, 1035, 30, 6.72%, 0, 0, 2, 14.30
1747819756, 0, 24, 1037, 1036, 30, 6.72%, 0, 0, 2, 14.72
1747819761, 0, 24, 1038, 1037, 30, 6.72%, 0, 0, 2, 14.72
1747819766, 0, 24, 1039, 1038, 30, 6.72%, 0, 0, 2, 14.70
1747819776, 0, 24, 1042, 1041, 30, 6.72%, 0, 0, 2, 14.99
1747819781, 0, 24, 1043, 1042, 30, 6.72%, 0, 0, 2, 14.89
1747819786, 0, 24, 1045, 1044, 30, 6.72%, 0, 0, 2, 14.85
1747819791, 0, 24, 1046, 1045, 30, 6.72%, 0, 0, 2, 14.69
1747819796, 0, 24, 1047, 1046, 30, 6.72%, 0, 0, 2, 14.80
1747819801, 0, 24, 1051, 1050, 30, 6.72%, 0, 0, 2, 14.46
1747819806, 0, 24, 1054, 1053, 30, 6.72%, 0, 0, 2, 14.41
1747819811, 0, 24, 1055, 1054, 30, 6.72%, 0, 0, 2, 14.69
1747819816, 0, 24, 1056, 1055, 30, 6.72%, 0, 0, 2, 14.58
1747819822, 0, 24, 1057, 1056, 30, 6.72%, 0, 0, 2, 14.86
1747819832, 0, 24, 1058, 1057, 30, 6.72%, 0, 0, 2, 14.46
1747819837, 0, 24, 1059, 1058, 30, 6.74%, 0, 0, 2, 14.61
1747819842, 0, 24, 1060, 1059, 30, 6.74%, 0, 0, 2, 15.22
1747819863, 0, 24, 1061, 1060, 30, 6.74%, 0, 0, 2, 15.15
1747819868, 0, 24, 1062, 1061, 30, 6.74%, 0, 0, 2, 14.79
1747819873, 0, 24, 1063, 1062, 30, 6.74%, 0, 0, 2, 14.46
1747819888, 0, 24, 1064, 1063, 30, 6.74%, 0, 0, 2, 14.70
1747819893, 0, 24, 1065, 1064, 30, 6.74%, 0, 0, 2, 14.61
1747819898, 0, 24, 1066, 1065, 30, 6.74%, 0, 0, 2, 14.84
1747819904, 0, 24, 1067, 1066, 30, 6.74%, 0, 0, 2, 14.73
1747819909, 0, 24, 1068, 1067, 30, 6.74%, 0, 0, 2, 14.45
1747819919, 0, 24, 1069, 1068, 30, 6.74%, 0, 0, 2, 14.90
1747819939, 0, 24, 1070, 1069, 30, 6.74%, 0, 0, 2, 14.82
1747819955, 0, 24, 1071, 1070, 30, 6.74%, 0, 0, 2, 14.40
1747819970, 0, 24, 1072, 1071, 30, 6.86%, 0, 0, 2, 14.55
1747819996, 0, 25, 1072, 1071, 31, 6.86%, 0, 0, 2, 15.08
1747820001, 0, 25, 1073, 1072, 31, 6.86%, 0, 0, 2, 14.31
1747820006, 0, 25, 1076, 1075, 31, 6.86%, 0, 0, 2, 13.90
1747820016, 0, 25, 1078, 1077, 31, 6.86%, 0, 0, 2, 14.13
1747820026, 0, 25, 1079, 1078, 31, 6.86%, 0, 0, 2, 14.51
1747820042, 0, 25, 1080, 1079, 31, 6.86%, 0, 0, 2, 14.51
1747820072, 0, 25, 1081, 1080, 31, 6.86%, 0, 0, 2, 14.17
1747820087, 0, 25, 1082, 1081, 31, 6.86%, 0, 0, 2, 14.22
1747820093, 0, 25, 1083, 1082, 31, 6.86%, 0, 0, 2, 14.01
1747820103, 0, 25, 1084, 1083, 31, 6.86%, 0, 0, 2, 14.23
1747820108, 0, 25, 1085, 1084, 31, 6.86%, 0, 0, 2, 14.60
1747820154, 0, 25, 1086, 1085, 31, 6.86%, 0, 0, 2, 14.54
1747820164, 0, 25, 1087, 1086, 31, 6.86%, 0, 0, 2, 14.49
1747820180, 0, 25, 1088, 1087, 31, 6.86%, 0, 0, 2, 14.40
1747820190, 0, 25, 1089, 1088, 31, 6.86%, 0, 0, 2, 14.63
1747820195, 0, 25, 1090, 1089, 31, 6.86%, 0, 0, 2, 14.41
1747820246, 0, 25, 1091, 1090, 31, 6.86%, 0, 0, 2, 14.23
1747820277, 0, 27, 1091, 1090, 31, 6.86%, 0, 0, 2, 28.40
1747820282, 0, 28, 1091, 1090, 31, 6.86%, 0, 0, 2, 28.29
1747820287, 0, 28, 1092, 1091, 31, 6.86%, 0, 0, 2, 24.52
1747820292, 0, 29, 1093, 1092, 31, 6.86%, 0, 0, 2, 23.46
1747820302, 0, 30, 1093, 1092, 31, 6.86%, 0, 0, 2, 23.85
1747820307, 0, 30, 1094, 1093, 31, 6.86%, 0, 0, 2, 23.12
1747820313, 0, 30, 1095, 1094, 31, 6.86%, 0, 0, 2, 23.69
1747820328, 0, 32, 1095, 1094, 31, 6.86%, 0, 0, 2, 30.98
1747820333, 0, 33, 1095, 1094, 31, 6.86%, 0, 0, 2, 28.88
1747820338, 0, 34, 1095, 1094, 31, 6.86%, 0, 0, 2, 29.61
1747820343, 0, 35, 1095, 1094, 31, 6.86%, 0, 0, 2, 33.15
1747820348, 0, 36, 1095, 1094, 31, 6.86%, 0, 0, 2, 26.60
1747820353, 0, 36, 1096, 1095, 31, 6.86%, 0, 0, 2, 24.10
1747820358, 0, 37, 1096, 1095, 31, 6.86%, 0, 0, 2, 29.18
1747820363, 0, 38, 1096, 1095, 31, 6.86%, 0, 0, 2, 25.19
1747820369, 0, 39, 1096, 1095, 31, 6.86%, 0, 0, 2, 23.98
1747820374, 0, 41, 1096, 1095, 31, 6.86%, 0, 0, 2, 32.96
1747820379, 0, 42, 1097, 1096, 31, 6.86%, 0, 0, 2, 29.77
1747820389, 0, 43, 1097, 1096, 31, 6.86%, 0, 0, 2, 24.91
1747820394, 0, 44, 1097, 1096, 31, 6.86%, 0, 0, 2, 25.07
1747820399, 0, 45, 1097, 1096, 31, 6.86%, 0, 0, 2, 27.63
1747820404, 0, 45, 1099, 1098, 31, 6.86%, 0, 0, 2, 24.09
1747820414, 0, 45, 1101, 1100, 31, 6.86%, 0, 0, 2, 21.98
1747820420, 0, 45, 1103, 1102, 31, 6.87%, 0, 0, 2, 22.32
1747820445, 0, 45, 1105, 1104, 31, 6.87%, 0, 0, 2, 22.64
1747820481, 0, 45, 1107, 1106, 31, 6.87%, 0, 0, 2, 23.15
1747820486, 0, 45, 1108, 1107, 31, 6.87%, 0, 0, 2, 23.69
1747820491, 0, 45, 1109, 1108, 31, 6.87%, 0, 0, 2, 23.37
1747820512, 0, 45, 1110, 1109, 31, 6.87%, 0, 0, 2, 22.91
1747820522, 0, 45, 1111, 1110, 31, 6.87%, 0, 0, 2, 24.39
1747820527, 0, 45, 1112, 1111, 31, 6.87%, 0, 0, 2, 23.83
1747820538, 0, 45, 1114, 1113, 31, 6.87%, 0, 0, 2, 23.12
1747820563, 0, 45, 1116, 1115, 31, 6.87%, 0, 0, 2, 13.41
1747820568, 0, 45, 1117, 1116, 31, 6.87%, 0, 0, 2, 13.12
1747820598, 0, 45, 1118, 1117, 31, 6.87%, 0, 0, 2, 13.56
1747820614, 0, 47, 1118, 1117, 28, 6.87%, 0, 0, 2, 18.09
1747820619, 0, 48, 1118, 1117, 28, 6.87%, 0, 0, 2, 19.33
1747820624, 0, 50, 1120, 1119, 28, 6.87%, 0, 0, 2, 16.69
1747820629, 0, 50, 1121, 1120, 28, 6.87%, 0, 0, 2, 14.13
1747820634, 0, 50, 1122, 1121, 28, 6.87%, 0, 0, 2, 14.38
1747820711, 0, 50, 1123, 1122, 28, 6.87%, 0, 0, 2, 14.07
1747820732, 0, 50, 1124, 1123, 28, 6.87%, 0, 0, 2, 13.65
1747820737, 0, 50, 1125, 1124, 28, 6.87%, 0, 0, 2, 13.25
1747820752, 0, 50, 1126, 1125, 28, 6.87%, 0, 0, 2, 14.30
1747820921, 0, 52, 1127, 1126, 28, 6.87%, 0, 0, 2, 13.45
1747820931, 0, 52, 1128, 1127, 28, 6.87%, 0, 0, 2, 13.42
1747820947, 0, 52, 1129, 1128, 28, 6.87%, 0, 0, 2, 13.97
1747820972, 0, 52, 1131, 1130, 28, 6.87%, 0, 0, 2, 13.50
1747820983, 0, 52, 1132, 1131, 28, 6.87%, 0, 0, 2, 13.02
1747821014, 0, 52, 1134, 1133, 28, 6.87%, 0, 0, 2, 12.51
1747821024, 0, 52, 1136, 1135, 28, 6.87%, 0, 0, 2, 12.51
1747821040, 0, 52, 1137, 1136, 28, 6.87%, 0, 0, 2, 12.49
1747821121, 0, 52, 1138, 1137, 28, 6.87%, 0, 0, 2, 13.14
1747821132, 0, 52, 1139, 1138, 28, 6.87%, 0, 0, 2, 13.17
1747821239, 0, 54, 1139, 1138, 28, 6.87%, 0, 0, 2, 13.22
1747821249, 0, 55, 1139, 1138, 28, 6.87%, 0, 0, 2, 14.38
1747821259, 0, 56, 1139, 1138, 28, 6.87%, 0, 0, 2, 14.83
1747821264, 0, 58, 1139, 1138, 28, 6.87%, 0, 0, 2, 14.11
1747821275, 0, 59, 1139, 1138, 28, 6.87%, 0, 0, 2, 19.01
1747821280, 0, 60, 1139, 1138, 28, 6.87%, 0, 0, 2, 18.00
1747821285, 0, 61, 1139, 1138, 28, 6.87%, 0, 0, 2, 17.44
1747821295, 0, 62, 1140, 1139, 28, 6.87%, 0, 0, 2, 15.08
1747821300, 0, 62, 1141, 1140, 28, 6.87%, 0, 0, 2, 13.75
1747821306, 0, 62, 1142, 1141, 28, 6.87%, 0, 0, 2, 12.51
1747821341, 0, 62, 1143, 1142, 28, 6.87%, 0, 0, 2, 12.50
1747821367, 0, 62, 1145, 1144, 28, 6.87%, 0, 0, 2, 12.85
1747821392, 0, 62, 1146, 1145, 28, 6.87%, 0, 0, 2, 12.43
1747821449, 0, 62, 1147, 1146, 28, 6.87%, 0, 0, 2, 12.47
1747821459, 0, 62, 1148, 1147, 28, 6.87%, 0, 0, 2, 11.98
1747821475, 0, 62, 1149, 1148, 28, 6.87%, 0, 0, 2, 12.33
1747821490, 0, 62, 1150, 1149, 28, 6.87%, 0, 0, 2, 12.63
1747821532, 0, 62, 1151, 1150, 28, 6.87%, 0, 0, 2, 12.22
1747821547, 0, 62, 1152, 1151, 28, 6.87%, 0, 0, 2, 12.33
1747821573, 0, 62, 1153, 1152, 28, 6.87%, 0, 0, 2, 12.53
1747821598, 0, 62, 1155, 1154, 28, 6.87%, 0, 0, 2, 12.91
1747821634, 0, 63, 1155, 1154, 28, 6.87%, 0, 0, 2, 15.77
1747821639, 0, 64, 1155, 1154, 28, 6.87%, 0, 0, 2, 16.08
1747821649, 0, 66, 1155, 1154, 28, 6.87%, 0, 0, 2, 12.69
1747821660, 0, 67, 1155, 1154, 28, 6.87%, 0, 0, 2, 15.48
1747821665, 0, 68, 1155, 1154, 28, 6.87%, 0, 0, 2, 20.85
1747821670, 0, 69, 1155, 1154, 28, 6.87%, 0, 0, 2, 22.35
1747821680, 0, 71, 1155, 1154, 28, 6.87%, 0, 0, 2, 20.60
1747821685, 0, 72, 1155, 1154, 28, 6.87%, 0, 0, 2, 15.76
1747821696, 0, 77, 1155, 1154, 28, 6.87%, 0, 0, 2, 12.51
1747821706, 0, 78, 1155, 1154, 28, 6.87%, 0, 0, 2, 12.52
1747821711, 0, 78, 1157, 1156, 28, 6.87%, 0, 0, 2, 11.89
1747821716, 0, 78, 1158, 1157, 28, 6.87%, 0, 0, 2, 12.43
1747821726, 0, 78, 1159, 1158, 28, 6.87%, 0, 0, 2, 12.74
1747821731, 0, 78, 1160, 1159, 28, 6.87%, 0, 0, 2, 12.12
1747821741, 0, 78, 1161, 1160, 28, 6.87%, 0, 0, 2, 12.18
1747821808, 0, 78, 1162, 1161, 28, 6.87%, 0, 0, 2, 12.26
1747821813, 0, 78, 1163, 1162, 28, 6.87%, 0, 0, 2, 11.84
1747821875, 0, 78, 1164, 1163, 28, 6.87%, 0, 0, 2, 12.31
1747821921, 0, 78, 1165, 1164, 28, 6.87%, 0, 0, 2, 12.20
1747821952, 0, 78, 1166, 1165, 28, 6.88%, 0, 0, 2, 12.21
1747821982, 0, 78, 1167, 1166, 28, 6.88%, 0, 0, 2, 11.97
1747822049, 0, 79, 1167, 1166, 30, 6.88%, 0, 0, 2, 18.02
1747822054, 0, 80, 1169, 1168, 30, 6.88%, 0, 0, 2, 16.30
1747822080, 0, 80, 1170, 1169, 30, 6.88%, 0, 0, 2, 12.06
1747822096, 0, 80, 1171, 1170, 30, 6.88%, 0, 0, 2, 12.34
1747822106, 0, 80, 1172, 1171, 30, 6.88%, 0, 0, 2, 12.66
1747822301, 0, 80, 1173, 1172, 30, 6.88%, 0, 0, 2, 11.85
1747822398, 0, 81, 1173, 1172, 30, 6.88%, 0, 0, 2, 13.81
1747822409, 0, 82, 1173, 1172, 30, 6.88%, 0, 0, 2, 17.63
1747822414, 0, 83, 1173, 1172, 30, 6.88%, 0, 0, 2, 15.13
1747822424, 0, 83, 1174, 1173, 30, 6.88%, 0, 0, 2, 11.84
1747822435, 0, 84, 1174, 1173, 30, 6.88%, 0, 0, 2, 12.63
1747822445, 0, 85, 1175, 1174, 30, 6.88%, 0, 0, 2, 13.93
1747822450, 0, 85, 1176, 1175, 30, 6.88%, 0, 0, 2, 12.06
1747822460, 0, 85, 1177, 1176, 30, 6.88%, 0, 0, 2, 11.78
1747822465, 0, 85, 1178, 1177, 30, 6.88%, 0, 0, 2, 11.27
1747822471, 0, 85, 1179, 1178, 30, 6.88%, 0, 0, 2, 11.00
1747822496, 0, 85, 1180, 1179, 30, 6.88%, 0, 0, 2, 11.37
1747822506, 0, 85, 1181, 1180, 30, 6.88%, 0, 0, 2, 11.33
1747822635, 0, 85, 1182, 1181, 30, 6.88%, 0, 0, 2, 11.31
1747822645, 0, 85, 1183, 1182, 30, 6.88%, 0, 0, 2, 11.39
1747822686, 0, 85, 1184, 1183, 30, 6.88%, 0, 0, 2, 11.13
1747822809, 0, 87, 1184, 1183, 30, 6.88%, 0, 0, 2, 18.11
1747822814, 0, 88, 1184, 1183, 30, 6.88%, 0, 0, 2, 15.65
1747822824, 0, 89, 1184, 1183, 30, 6.88%, 0, 0, 2, 14.92
1747822835, 0, 90, 1184, 1183, 30, 6.88%, 0, 0, 2, 13.69
1747822845, 0, 94, 1184, 1183, 30, 6.88%, 0, 0, 2, 12.53
1747822855, 0, 95, 1185, 1184, 30, 6.88%, 0, 0, 2, 10.95
1747822860, 0, 95, 1186, 1185, 30, 6.88%, 0, 0, 2, 11.13
1747822870, 0, 95, 1187, 1186, 30, 6.88%, 0, 0, 2, 11.34
1747822876, 0, 95, 1189, 1188, 30, 6.88%, 0, 0, 2, 10.37
1747822886, 0, 95, 1190, 1189, 30, 6.88%, 0, 0, 2, 10.90
1747822947, 0, 95, 1191, 1190, 30, 6.88%, 0, 0, 2, 11.67
1747822968, 0, 95, 1192, 1191, 30, 6.88%, 0, 0, 2, 10.44
1747823096, 0, 95, 1193, 1192, 30, 6.88%, 0, 0, 2, 11.26
1747823131, 0, 95, 1194, 1193, 30, 6.88%, 0, 0, 2, 10.48
1747823178, 0, 95, 1195, 1194, 30, 6.88%, 0, 0, 2, 11.21
1747823219, 0, 96, 1195, 1194, 30, 6.88%, 0, 0, 2, 13.94
1747823229, 0, 97, 1195, 1194, 30, 6.88%, 0, 0, 2, 12.92
1747823234, 0, 97, 1196, 1195, 30, 6.88%, 0, 0, 2, 11.13
1747823250, 0, 98, 1197, 1196, 30, 6.88%, 0, 0, 2, 11.01
1747823255, 0, 98, 1198, 1197, 30, 6.88%, 0, 0, 2, 10.34
1747823270, 0, 98, 1199, 1198, 30, 6.88%, 0, 0, 2, 10.88
1747823296, 0, 98, 1200, 1199, 30, 6.88%, 0, 0, 2, 11.15
1747823316, 0, 98, 1201, 1200, 30, 6.88%, 0, 0, 2, 10.73
1747823332, 0, 98, 1202, 1201, 30, 6.88%, 0, 0, 2, 11.29
1747823388, 0, 98, 1203, 1202, 30, 6.88%, 0, 0, 2, 18.48
1747823454, 0, 98, 1204, 1203, 30, 6.88%, 0, 0, 2, 18.97
1747823480, 0, 98, 1205, 1204, 30, 6.88%, 0, 0, 2, 19.02
1747823490, 0, 98, 1206, 1205, 30, 6.88%, 0, 0, 2, 17.94
1747823526, 0, 99, 1206, 1205, 31, 6.88%, 0, 0, 2, 18.52
1747823531, 0, 99, 1207, 1206, 31, 6.88%, 0, 0, 2, 17.48
1747823541, 0, 100, 1207, 1206, 31, 6.88%, 0, 0, 2, 18.21
1747823546, 0, 100, 1208, 1207, 31, 6.88%, 0, 0, 2, 17.39
1747823551, 0, 100, 1209, 1208, 31, 6.88%, 0, 0, 2, 17.00
1747823556, 0, 100, 1210, 1209, 31, 6.88%, 0, 0, 2, 17.72
1747823562, 0, 100, 1211, 1210, 31, 6.88%, 0, 0, 2, 17.65
1747823582, 0, 100, 1212, 1211, 31, 6.88%, 0, 0, 2, 18.07
1747823602, 0, 100, 1213, 1212, 31, 6.88%, 0, 0, 2, 18.70
1747823628, 0, 100, 1214, 1213, 31, 6.88%, 0, 0, 2, 18.08
1747823679, 0, 100, 1215, 1214, 31, 6.88%, 0, 0, 2, 17.42
1747823710, 0, 100, 1216, 1215, 31, 6.88%, 0, 0, 2, 18.77
1747823771, 0, 101, 1217, 1216, 31, 6.88%, 0, 0, 2, 17.14
1747823786, 0, 102, 1217, 1216, 31, 6.88%, 0, 0, 2, 17.22
1747823791, 0, 103, 1217, 1216, 31, 6.88%, 0, 0, 2, 18.13
1747823801, 0, 104, 1217, 1216, 31, 6.88%, 0, 0, 2, 18.82
1747823807, 0, 105, 1217, 1216, 31, 6.88%, 0, 0, 2, 18.65
1747823812, 0, 107, 1217, 1216, 31, 6.88%, 0, 0, 2, 18.40
1747823822, 0, 108, 1217, 1216, 31, 6.88%, 0, 0, 2, 19.21
1747823827, 0, 109, 1217, 1216, 31, 6.88%, 0, 0, 2, 20.66
1747823832, 0, 110, 1217, 1216, 31, 6.88%, 0, 0, 2, 19.47
1747823842, 0, 111, 1217, 1216, 31, 6.88%, 0, 0, 2, 20.25
1747823847, 0, 112, 1217, 1216, 31, 6.88%, 0, 0, 2, 18.41
1747823852, 0, 113, 1217, 1216, 31, 6.88%, 0, 0, 2, 17.66
1747823863, 0, 114, 1217, 1216, 31, 6.88%, 0, 0, 2, 18.34
1747823868, 0, 115, 1218, 1217, 31, 6.88%, 0, 0, 2, 19.29
1747823878, 0, 116, 1218, 1217, 32, 6.88%, 0, 0, 2, 19.77
1747823883, 0, 116, 1219, 1218, 32, 6.88%, 0, 0, 2, 18.83
1747823893, 0, 117, 1219, 1218, 32, 6.88%, 0, 0, 2, 19.17
1747823903, 0, 119, 1219, 1218, 32, 6.88%, 0, 0, 2, 18.21
1747823909, 0, 120, 1219, 1218, 32, 6.88%, 0, 0, 2, 19.51
1747823914, 0, 120, 1220, 1219, 32, 6.88%, 0, 0, 2, 19.45
1747823924, 0, 121, 1220, 1219, 32, 6.88%, 0, 0, 2, 19.82
1747823929, 0, 122, 1220, 1219, 32, 6.88%, 0, 0, 2, 18.42
1747823934, 0, 124, 1220, 1219, 32, 6.88%, 0, 0, 2, 18.86
1747823939, 0, 125, 1220, 1219, 32, 6.88%, 0, 0, 2, 20.13
1747823949, 0, 126, 1220, 1219, 32, 6.88%, 0, 0, 2, 17.88
1747823954, 0, 129, 1220, 1219, 32, 6.88%, 0, 0, 2, 17.63
1747823965, 0, 130, 1221, 1220, 32, 6.88%, 0, 0, 2, 17.87
1747823970, 0, 130, 1222, 1221, 32, 6.88%, 0, 0, 2, 17.14
1747823996, 0, 131, 1222, 1221, 32, 6.88%, 0, 0, 2, 17.96
1747824001, 0, 132, 1222, 1221, 32, 6.88%, 0, 0, 2, 17.84
1747824006, 0, 134, 1222, 1221, 32, 6.88%, 0, 0, 2, 17.64
1747824016, 0, 136, 1222, 1221, 32, 6.88%, 0, 0, 2, 17.06
1747824021, 0, 138, 1222, 1221, 32, 6.88%, 0, 0, 2, 18.58
1747824031, 0, 140, 1223, 1222, 32, 6.88%, 0, 0, 2, 17.45
1747824047, 0, 141, 1223, 1222, 32, 6.88%, 0, 0, 2, 17.55
1747824052, 0, 142, 1223, 1222, 32, 6.88%, 0, 0, 2, 18.76
1747824057, 0, 143, 1223, 1222, 32, 6.88%, 0, 0, 2, 18.17
1747824062, 0, 143, 1224, 1223, 32, 6.88%, 0, 0, 2, 18.20
1747824072, 0, 144, 1224, 1223, 32, 6.88%, 0, 0, 2, 18.73
1747824082, 0, 145, 1224, 1223, 32, 6.88%, 0, 0, 2, 17.73
1747824088, 0, 146, 1224, 1223, 32, 6.88%, 0, 0, 2, 18.12
1747824093, 0, 147, 1224, 1223, 32, 6.88%, 0, 0, 2, 18.41
1747824103, 0, 149, 1224, 1223, 32, 6.88%, 0, 0, 2, 17.69
1747824108, 0, 150, 1224, 1223, 32, 6.88%, 0, 0, 2, 17.00
1747824113, 0, 150, 1225, 1224, 32, 6.88%, 0, 0, 2, 17.90
1747824118, 0, 150, 1226, 1225, 32, 6.88%, 0, 0, 2, 17.37
1747824139, 0, 152, 1226, 1225, 32, 6.88%, 0, 0, 2, 17.87
1747824144, 0, 152, 1227, 1226, 32, 6.88%, 0, 0, 2, 17.01
1747824154, 0, 153, 1227, 1226, 32, 6.88%, 0, 0, 2, 17.34
1747824159, 0, 154, 1227, 1226, 32, 6.88%, 0, 0, 2, 17.45
1747824169, 0, 155, 1227, 1226, 32, 6.88%, 0, 0, 2, 19.08
1747824175, 0, 156, 1227, 1226, 32, 6.88%, 0, 0, 2, 18.04
1747824180, 0, 157, 1227, 1226, 32, 6.88%, 0, 0, 2, 17.84
1747824190, 0, 158, 1227, 1226, 32, 6.88%, 0, 0, 2, 18.46
1747824195, 0, 159, 1227, 1226, 32, 6.88%, 0, 0, 2, 17.84
1747824205, 0, 160, 1227, 1226, 32, 6.88%, 0, 0, 2, 18.16
1747824210, 0, 161, 1227, 1226, 32, 6.88%, 0, 0, 2, 19.07
1747824215, 0, 161, 1229, 1228, 32, 6.88%, 0, 0, 2, 20.01
1747824236, 0, 162, 1229, 1228, 32, 6.88%, 0, 0, 2, 19.76
1747824246, 0, 165, 1229, 1228, 32, 6.88%, 0, 0, 2, 18.39
1747824251, 0, 166, 1229, 1228, 32, 6.88%, 0, 0, 2, 18.51
1747824256, 0, 167, 1229, 1228, 32, 6.88%, 0, 0, 2, 18.02
1747824266, 0, 168, 1229, 1228, 32, 6.88%, 0, 0, 2, 17.75
1747824272, 0, 169, 1229, 1228, 32, 6.88%, 0, 0, 2, 17.96
1747824277, 0, 170, 1229, 1228, 32, 6.88%, 0, 0, 2, 18.63
1747824287, 0, 171, 1229, 1228, 32, 6.88%, 0, 0, 2, 19.14
1747824292, 0, 172, 1229, 1228, 32, 6.88%, 0, 0, 2, 18.18
1747824297, 0, 173, 1229, 1228, 32, 6.88%, 0, 0, 2, 18.56
1747824308, 0, 174, 1229, 1228, 32, 6.88%, 0, 0, 2, 18.41
1747824313, 0, 175, 1229, 1228, 32, 6.88%, 0, 0, 2, 18.22
1747824323, 0, 178, 1229, 1228, 32, 6.88%, 0, 0, 2, 18.29
1747824328, 0, 180, 1229, 1228, 32, 6.88%, 0, 0, 2, 18.62
1747824333, 0, 181, 1229, 1228, 32, 6.88%, 0, 0, 2, 19.04
1747824344, 0, 182, 1229, 1228, 32, 6.88%, 0, 0, 2, 18.37
1747824349, 0, 183, 1229, 1228, 32, 6.88%, 0, 0, 2, 18.06
1747824354, 0, 184, 1229, 1228, 32, 6.88%, 0, 0, 2, 18.02
1747824364, 0, 185, 1229, 1228, 32, 6.88%, 0, 0, 2, 18.03
1747824369, 0, 186, 1229, 1228, 32, 6.88%, 0, 0, 2, 18.43
1747824374, 0, 187, 1229, 1228, 32, 6.88%, 0, 0, 2, 18.92
1747824384, 0, 189, 1229, 1228, 32, 6.88%, 0, 0, 2, 19.26
1747824389, 0, 190, 1229, 1228, 32, 6.88%, 0, 0, 2, 18.25
1747824395, 0, 191, 1229, 1228, 32, 6.88%, 0, 0, 2, 18.66
1747824405, 0, 192, 1229, 1228, 32, 6.88%, 0, 0, 2, 17.73
1747824410, 0, 193, 1229, 1228, 32, 6.88%, 0, 0, 2, 18.63
1747824415, 0, 194, 1229, 1228, 32, 6.88%, 0, 0, 2, 19.46
1747824425, 0, 195, 1229, 1228, 32, 6.88%, 0, 0, 2, 18.17
1747824431, 0, 196, 1230, 1229, 32, 6.88%, 0, 0, 2, 18.52
1747824446, 0, 197, 1230, 1229, 32, 6.88%, 0, 0, 2, 19.00
1747824451, 0, 197, 1231, 1230, 32, 6.88%, 0, 0, 2, 18.88
1747824461, 0, 198, 1231, 1230, 32, 6.88%, 0, 0, 2, 60.70
1747824562, 0, 199, 1231, 1229, 32, 6.88%, 0, 0, 2, 61.69
1747824573, 0, 200, 1232, 1230, 32, 6.88%, 0, 0, 3, 19.96
1747824588, 0, 201, 1232, 1230, 32, 6.88%, 0, 0, 3, 18.18
1747824593, 0, 202, 1232, 1230, 32, 6.88%, 0, 0, 3, 18.08
1747824603, 0, 203, 1232, 1230, 32, 6.88%, 0, 0, 3, 16.62
1747824608, 0, 204, 1232, 1230, 32, 6.88%, 0, 0, 3, 17.59
1747824619, 0, 206, 1232, 1230, 32, 6.88%, 0, 0, 3, 17.39
1747824624, 0, 207, 1232, 1230, 32, 6.88%, 0, 0, 3, 18.17
1747824629, 0, 208, 1232, 1230, 32, 6.88%, 0, 0, 3, 17.95
1747824639, 0, 209, 1232, 1230, 32, 6.88%, 0, 0, 3, 18.00
1747824644, 0, 211, 1232, 1230, 32, 6.88%, 0, 0, 3, 12.93
1747824660, 0, 212, 1232, 1230, 32, 6.88%, 0, 0, 3, 10.41
1747824670, 0, 213, 1232, 1230, 32, 6.88%, 0, 0, 3, 10.43
1747824680, 0, 215, 1232, 1230, 32, 6.88%, 0, 0, 3, 10.32
1747824696, 0, 216, 1232, 1230, 32, 6.88%, 0, 0, 3, 10.32
1747824701, 0, 216, 1233, 1231, 32, 6.88%, 0, 0, 3, 10.31
1747824721, 0, 217, 1233, 1231, 32, 6.88%, 0, 0, 3, 10.66
1747824732, 0, 218, 1233, 1231, 32, 6.88%, 0, 0, 3, 10.33
1747824742, 0, 219, 1233, 1231, 32, 6.88%, 0, 0, 3, 10.18
1747824747, 0, 219, 1234, 1232, 32, 6.88%, 0, 0, 3, 10.18
1747824767, 0, 220, 1234, 1232, 32, 6.88%, 0, 0, 3, 10.64
1747824783, 0, 221, 1235, 1233, 32, 6.88%, 0, 0, 3, 10.37
1747824803, 0, 222, 1235, 1233, 32, 6.88%, 0, 0, 3, 11.10
1747824819, 0, 223, 1235, 1233, 32, 6.88%, 0, 0, 3, 10.65
1747824829, 0, 224, 1235, 1233, 32, 6.88%, 0, 0, 3, 10.29
1747824840, 0, 225, 1235, 1233, 32, 6.88%, 0, 0, 3, 10.69
1747824855, 0, 226, 1235, 1233, 32, 6.88%, 0, 0, 3, 10.67
1747824865, 0, 227, 1235, 1233, 32, 6.88%, 0, 0, 3, 11.29
1747824875, 0, 228, 1235, 1233, 32, 6.88%, 0, 0, 3, 10.87
1747824891, 0, 229, 1235, 1233, 32, 6.88%, 0, 0, 3, 11.37
1747824896, 0, 229, 1236, 1234, 32, 6.88%, 0, 0, 3, 10.59
1747824916, 0, 230, 1236, 1234, 32, 6.88%, 0, 0, 3, 11.06
1747824927, 0, 231, 1236, 1234, 32, 6.88%, 0, 0, 3, 10.66
1747824937, 0, 232, 1236, 1234, 32, 6.88%, 0, 0, 3, 11.32
1747824952, 0, 233, 1236, 1234, 32, 6.88%, 0, 0, 3, 11.03
1747824962, 0, 234, 1236, 1234, 32, 6.88%, 0, 0, 3, 11.20
1747824973, 0, 235, 1236, 1234, 32, 6.88%, 0, 0, 3, 10.38
1747824988, 0, 236, 1236, 1234, 32, 6.88%, 0, 0, 3, 10.87
1747824999, 0, 237, 1236, 1234, 32, 6.88%, 0, 0, 3, 10.54
1747825009, 0, 238, 1236, 1234, 32, 6.88%, 0, 0, 3, 10.68
1747825024, 0, 239, 1236, 1234, 32, 6.88%, 0, 0, 3, 10.47
1747825035, 0, 240, 1236, 1234, 32, 6.88%, 0, 0, 3, 10.56
1747825045, 0, 242, 1236, 1234, 32, 6.88%, 0, 0, 3, 10.53
1747825060, 0, 243, 1236, 1234, 32, 6.88%, 0, 0, 3, 10.64
1747825070, 0, 245, 1236, 1234, 32, 6.88%, 0, 0, 3, 10.27
1747825086, 0, 247, 1236, 1234, 32, 6.88%, 0, 0, 3, 10.13
1747825096, 0, 248, 1236, 1234, 32, 6.88%, 0, 0, 3, 10.25
1747825106, 0, 249, 1236, 1234, 32, 6.88%, 0, 0, 3, 11.09
1747825121, 0, 251, 1236, 1234, 32, 6.88%, 0, 0, 3, 10.36
1747825131, 0, 252, 1236, 1234, 32, 6.88%, 0, 0, 3, 10.79
1747825142, 0, 252, 1237, 1235, 32, 6.88%, 0, 0, 3, 9.59
1747825157, 0, 254, 1237, 1235, 32, 6.88%, 0, 0, 3, 9.92
1747825167, 0, 255, 1237, 1235, 32, 6.88%, 0, 0, 3, 10.26
1747825182, 0, 256, 1237, 1235, 32, 6.88%, 0, 0, 3, 10.65
1747825193, 0, 258, 1237, 1235, 32, 6.88%, 0, 0, 3, 10.56
1747825203, 0, 259, 1237, 1235, 32, 6.88%, 0, 0, 3, 10.85
1747825219, 0, 260, 1237, 1235, 32, 6.88%, 0, 0, 3, 10.83
1747825229, 0, 261, 1237, 1235, 32, 6.88%, 0, 0, 3, 10.41
1747825244, 0, 262, 1237, 1235, 32, 6.88%, 0, 0, 3, 10.28
1747825249, 0, 262, 1238, 1236, 32, 6.88%, 0, 0, 3, 10.23
1747825270, 0, 264, 1238, 1236, 32, 6.88%, 0, 0, 3, 10.41
1747825280, 0, 265, 1238, 1236, 32, 6.88%, 0, 0, 3, 10.31
1747825291, 0, 267, 1238, 1236, 32, 6.88%, 0, 0, 3, 11.04
1747825306, 0, 268, 1238, 1236, 32, 6.88%, 0, 0, 3, 10.54
1747825316, 0, 269, 1238, 1236, 32, 6.88%, 0, 0, 3, 10.61
1747825326, 0, 270, 1238, 1236, 32, 6.88%, 0, 0, 3, 10.69
1747825342, 0, 271, 1238, 1236, 32, 6.88%, 0, 0, 3, 10.25
1747825352, 0, 272, 1238, 1236, 32, 6.88%, 0, 0, 3, 10.75
1747825362, 0, 273, 1238, 1236, 32, 6.88%, 0, 0, 3, 11.26
1747825378, 0, 274, 1239, 1237, 32, 6.88%, 0, 0, 3, 9.64
1747825403, 0, 275, 1240, 1238, 32, 6.88%, 0, 0, 3, 9.74
1747825429, 0, 276, 1240, 1238, 32, 6.88%, 0, 0, 3, 10.23
1747825439, 0, 277, 1240, 1238, 32, 6.88%, 0, 0, 3, 10.71
1747825454, 0, 278, 1241, 1239, 32, 6.88%, 0, 0, 3, 9.86
1747825480, 0, 279, 1241, 1239, 32, 6.88%, 0, 0, 3, 10.41
1747825490, 0, 280, 1241, 1239, 32, 6.88%, 0, 0, 3, 10.55
1747825505, 0, 281, 1241, 1239, 32, 6.88%, 0, 0, 3, 11.10
1747825516, 0, 282, 1241, 1239, 32, 6.88%, 0, 0, 3, 10.53
1747825526, 0, 283, 1241, 1239, 32, 6.88%, 0, 0, 3, 11.29
1747825541, 0, 284, 1241, 1239, 32, 6.88%, 0, 0, 3, 9.85
1747825552, 0, 285, 1241, 1239, 32, 6.88%, 0, 0, 3, 10.38
1747825557, 0, 285, 1243, 1241, 32, 6.88%, 0, 0, 3, 9.71
1747825567, 0, 285, 1244, 1242, 32, 6.88%, 0, 0, 3, 9.54
1747825633, 0, 285, 1245, 1243, 32, 6.89%, 0, 0, 3, 9.51
1747825761, 0, 286, 1245, 1243, 31, 6.89%, 0, 0, 3, 10.87
1747825771, 0, 288, 1245, 1243, 31, 6.89%, 0, 0, 3, 10.03
1747825787, 0, 289, 1245, 1243, 31, 6.89%, 0, 0, 3, 10.04
1747825797, 0, 290, 1245, 1243, 31, 6.89%, 0, 0, 3, 10.31
1747825812, 0, 291, 1245, 1243, 31, 6.89%, 0, 0, 3, 9.64
1747825822, 0, 292, 1245, 1243, 31, 6.89%, 0, 0, 3, 10.09
1747825833, 0, 293, 1245, 1243, 31, 6.89%, 0, 0, 3, 10.43
1747825848, 0, 294, 1245, 1243, 31, 6.89%, 0, 0, 3, 10.16
1747825858, 0, 295, 1245, 1243, 31, 6.89%, 0, 0, 3, 9.71
1747825874, 0, 297, 1246, 1244, 31, 6.89%, 0, 0, 3, 9.98
1747825899, 0, 297, 1247, 1245, 31, 6.89%, 0, 0, 3, 9.85
1747825914, 0, 297, 1248, 1246, 31, 6.89%, 0, 0, 3, 9.56
1747825976, 0, 297, 1249, 1247, 31, 6.89%, 0, 0, 3, 9.35
1747826048, 0, 297, 1250, 1248, 31, 6.89%, 0, 0, 3, 9.27
1747826170, 0, 297, 1251, 1249, 31, 6.89%, 0, 0, 3, 9.81
1747826293, 0, 298, 1251, 1249, 31, 6.89%, 0, 0, 3, 10.17
1747826304, 0, 299, 1251, 1249, 31, 6.89%, 0, 0, 3, 10.35
1747826319, 0, 301, 1251, 1249, 31, 6.89%, 0, 0, 3, 10.08
1747826329, 0, 303, 1251, 1249, 31, 6.89%, 0, 0, 3, 10.06
1747826345, 0, 304, 1251, 1249, 31, 6.89%, 0, 0, 3, 9.90
1747826355, 0, 307, 1251, 1249, 31, 6.89%, 0, 0, 3, 10.71
1747826365, 0, 308, 1251, 1249, 31, 6.89%, 0, 0, 3, 10.60
1747826381, 0, 310, 1251, 1249, 31, 6.89%, 0, 0, 3, 9.90
1747826391, 0, 310, 1252, 1250, 31, 6.89%, 0, 0, 3, 9.50
1747826406, 0, 311, 1252, 1250, 31, 6.89%, 0, 0, 3, 10.28
1747826422, 0, 312, 1253, 1251, 31, 6.89%, 0, 0, 3, 9.91
1747826437, 0, 312, 1254, 1252, 31, 6.89%, 0, 0, 3, 9.71
1747826442, 0, 312, 1255, 1253, 31, 6.89%, 0, 0, 3, 9.48
1747826483, 0, 312, 1256, 1254, 31, 6.89%, 0, 0, 3, 9.86
1747826524, 0, 312, 1257, 1255, 31, 6.89%, 0, 0, 3, 9.89
1747826565, 0, 312, 1258, 1256, 31, 6.89%, 0, 0, 3, 9.57
1747826621, 0, 312, 1259, 1257, 31, 6.89%, 0, 0, 3, 9.85
1747826637, 0, 312, 1260, 1258, 31, 6.89%, 0, 0, 3, 9.97
1747826831, 0, 313, 1260, 1258, 31, 6.89%, 0, 0, 3, 10.73
1747826841, 0, 314, 1260, 1258, 31, 6.89%, 0, 0, 3, 10.40
1747826851, 0, 314, 1261, 1259, 31, 6.89%, 0, 0, 3, 10.64
1747826867, 0, 315, 1261, 1259, 31, 6.89%, 0, 0, 3, 10.80
1747826882, 0, 316, 1261, 1259, 31, 6.89%, 0, 0, 3, 10.00
1747826893, 0, 317, 1261, 1259, 31, 6.89%, 0, 0, 3, 10.43
1747826903, 0, 318, 1261, 1259, 31, 6.89%, 0, 0, 3, 10.56
1747826918, 0, 320, 1261, 1259, 31, 6.89%, 0, 0, 3, 10.52
1747826928, 0, 321, 1261, 1259, 31, 6.89%, 0, 0, 3, 11.03
1747826939, 0, 323, 1261, 1259, 31, 6.89%, 0, 0, 3, 10.67
1747826954, 0, 324, 1261, 1259, 31, 6.89%, 0, 0, 3, 10.26
1747826965, 0, 325, 1261, 1259, 31, 6.89%, 0, 0, 3, 10.67
1747826975, 0, 326, 1261, 1259, 31, 6.89%, 0, 0, 3, 10.70
1747826990, 0, 328, 1261, 1259, 31, 6.89%, 0, 0, 3, 10.05
1747827000, 0, 329, 1261, 1259, 31, 6.89%, 0, 0, 3, 10.97
1747827016, 0, 330, 1261, 1259, 31, 6.89%, 0, 0, 3, 10.26
1747827026, 0, 331, 1261, 1259, 31, 6.89%, 0, 0, 3, 10.71
1747827036, 0, 332, 1261, 1259, 31, 6.89%, 0, 0, 3, 11.02
1747827051, 0, 333, 1261, 1259, 31, 6.89%, 0, 0, 3, 10.83
1747827062, 0, 334, 1261, 1259, 31, 6.89%, 0, 0, 3, 11.15
1747827072, 0, 335, 1261, 1259, 31, 6.89%, 0, 0, 3, 10.63
1747827087, 0, 336, 1261, 1259, 31, 6.89%, 0, 0, 3, 10.56
1747827097, 0, 337, 1261, 1259, 31, 6.89%, 0, 0, 3, 10.50
1747827113, 0, 338, 1261, 1259, 31, 6.89%, 0, 0, 3, 10.33
1747827123, 0, 339, 1261, 1259, 31, 6.89%, 0, 0, 3, 10.38
1747827133, 0, 340, 1261, 1259, 31, 6.89%, 0, 0, 3, 9.98
1747827149, 0, 342, 1261, 1259, 31, 6.89%, 0, 0, 3, 9.45
1747827159, 0, 342, 1262, 1260, 31, 6.89%, 0, 0, 3, 10.14
1747827174, 0, 343, 1262, 1260, 31, 6.89%, 0, 0, 3, 9.89
1747827185, 0, 344, 1262, 1260, 31, 6.89%, 0, 0, 3, 10.13
1747827200, 0, 345, 1262, 1260, 31, 6.89%, 0, 0, 3, 10.77
1747827210, 0, 346, 1262, 1260, 31, 6.89%, 0, 0, 3, 10.68
1747827220, 0, 346, 1263, 1261, 31, 6.89%, 0, 0, 3, 10.22
1747827236, 0, 347, 1263, 1261, 31, 6.89%, 0, 0, 3, 10.44
1747827251, 0, 348, 1263, 1261, 31, 6.89%, 0, 0, 3, 10.37
1747827261, 0, 349, 1263, 1261, 31, 6.89%, 0, 0, 3, 10.15
1747827271, 0, 351, 1263, 1261, 31, 6.89%, 0, 0, 3, 11.22
1747827276, 0, 351, 1264, 1262, 31, 6.89%, 0, 0, 3, 10.35
1747827287, 0, 351, 1266, 1264, 31, 6.89%, 0, 0, 3, 9.20
1747827307, 0, 351, 1267, 1265, 31, 6.89%, 0, 0, 3, 9.71
1747827487, 0, 351, 1268, 1266, 31, 6.89%, 0, 0, 3, 9.73
1747827620, 0, 351, 1269, 1267, 31, 6.89%, 0, 0, 3, 10.41
1747827702, 0, 352, 1269, 1267, 31, 6.89%, 0, 0, 3, 9.68
1747827713, 0, 353, 1269, 1267, 31, 6.89%, 0, 0, 3, 9.39
1747827723, 0, 353, 1270, 1268, 31, 6.89%, 0, 0, 3, 8.89
1747827744, 0, 354, 1270, 1268, 31, 6.89%, 0, 0, 3, 9.64
1747827754, 0, 355, 1270, 1268, 31, 6.89%, 0, 0, 3, 9.92
1747827769, 0, 356, 1270, 1268, 31, 6.89%, 0, 0, 3, 9.40
1747827784, 0, 357, 1270, 1268, 31, 6.89%, 0, 0, 3, 10.12
1747827794, 0, 358, 1270, 1268, 31, 6.89%, 0, 0, 3, 10.28
1747827810, 0, 359, 1271, 1269, 31, 6.89%, 0, 0, 3, 9.13
1747827815, 0, 359, 1272, 1270, 31, 6.89%, 0, 0, 3, 8.81
1747827825, 0, 359, 1273, 1271, 31, 6.89%, 0, 0, 3, 8.90
1747827922, 0, 360, 1273, 1271, 31, 6.89%, 0, 0, 3, 9.74
1747827932, 0, 361, 1273, 1271, 31, 6.89%, 0, 0, 3, 9.35
1747827948, 0, 363, 1273, 1271, 31, 6.89%, 0, 0, 3, 22.93
1747828837, 0, 364, 1273, 1270, 30, 6.89%, 0, 0, 3, 16.83
1747828847, 0, 365, 1273, 1270, 30, 6.89%, 0, 0, 3, 10.22
1747828862, 0, 367, 1273, 1270, 30, 6.89%, 0, 0, 3, 9.94
1747828878, 0, 369, 1273, 1270, 30, 6.89%, 0, 0, 3, 9.59
1747828888, 0, 370, 1273, 1270, 30, 6.89%, 0, 0, 3, 9.52
1747828893, 0, 370, 1274, 1271, 30, 6.89%, 0, 0, 3, 8.51
1747828903, 0, 370, 1275, 1272, 30, 6.89%, 0, 0, 3, 9.06
1747828944, 0, 370, 1276, 1273, 30, 6.89%, 0, 0, 3, 9.20
1747829000, 0, 371, 1276, 1273, 30, 6.89%, 0, 0, 3, 9.51
1747829010, 0, 372, 1276, 1273, 30, 6.89%, 0, 0, 3, 10.66
1747829026, 0, 373, 1276, 1273, 30, 6.89%, 0, 0, 3, 9.89
1747829042, 0, 374, 1276, 1273, 30, 6.89%, 0, 0, 3, 9.85
1747829052, 0, 375, 1276, 1273, 30, 6.89%, 0, 0, 3, 9.22
1747829067, 0, 375, 1277, 1274, 30, 6.89%, 0, 0, 3, 9.30
1747829083, 0, 376, 1277, 1274, 29, 6.89%, 0, 0, 3, 9.69
1747829093, 0, 378, 1277, 1274, 29, 6.89%, 0, 0, 3, 9.53
1747829108, 0, 379, 1277, 1274, 29, 6.89%, 0, 0, 3, 9.41
1747829119, 0, 381, 1277, 1274, 29, 6.89%, 0, 0, 3, 9.48
1747829134, 0, 382, 1277, 1274, 29, 6.89%, 0, 0, 3, 9.56
1747829149, 0, 383, 1277, 1274, 29, 6.89%, 0, 0, 3, 9.51
1747829165, 0, 384, 1277, 1274, 29, 6.89%, 0, 0, 3, 9.40
1747829175, 0, 386, 1277, 1274, 29, 6.89%, 0, 0, 3, 9.53
1747829185, 0, 386, 1278, 1275, 29, 6.89%, 0, 0, 3, 9.19
1747829205, 0, 387, 1278, 1275, 29, 6.89%, 0, 0, 3, 9.58
1747829216, 0, 388, 1278, 1275, 29, 6.89%, 0, 0, 3, 9.27
1747829231, 0, 390, 1278, 1275, 29, 6.89%, 0, 0, 3, 9.44
1747829246, 0, 391, 1278, 1275, 29, 6.89%, 0, 0, 3, 9.62
1747829256, 0, 392, 1278, 1275, 29, 6.89%, 0, 0, 3, 9.13
1747829272, 0, 393, 1278, 1275, 29, 6.89%, 0, 0, 3, 9.44
1747829287, 0, 395, 1279, 1276, 29, 6.89%, 0, 0, 3, 9.35
1747829312, 0, 396, 1279, 1276, 29, 6.89%, 0, 0, 3, 9.37
1747829328, 0, 397, 1279, 1276, 29, 6.89%, 0, 0, 3, 9.15
1747829338, 0, 397, 1280, 1277, 29, 6.89%, 0, 0, 3, 8.64
1747829359, 0, 398, 1280, 1277, 31, 6.89%, 0, 0, 3, 9.42
1747829369, 0, 399, 1280, 1277, 31, 6.89%, 0, 0, 3, 9.19
1747829385, 0, 400, 1280, 1277, 31, 6.89%, 0, 0, 3, 9.49
1747829400, 0, 401, 1280, 1277, 31, 6.89%, 0, 0, 3, 9.58
1747829410, 0, 402, 1280, 1277, 31, 6.89%, 0, 0, 3, 9.31
1747829425, 0, 403, 1280, 1277, 31, 6.89%, 0, 0, 3, 8.89
1747829441, 0, 404, 1280, 1277, 31, 6.89%, 0, 0, 3, 9.71
1747829456, 0, 405, 1280, 1277, 31, 6.89%, 0, 0, 3, 10.08
1747829466, 0, 407, 1280, 1277, 31, 6.89%, 0, 0, 3, 10.55
1747829482, 0, 410, 1280, 1277, 31, 6.89%, 0, 0, 3, 9.95
1747829492, 0, 411, 1280, 1277, 31, 6.89%, 0, 0, 3, 9.62
1747829507, 0, 412, 1280, 1277, 31, 6.89%, 0, 0, 3, 9.34
1747829518, 0, 413, 1280, 1277, 31, 6.89%, 0, 0, 3, 9.42
1747829533, 0, 414, 1280, 1277, 31, 6.89%, 0, 0, 3, 9.10
1747829549, 0, 415, 1280, 1277, 31, 6.89%, 0, 0, 3, 9.11
1747829559, 0, 415, 1281, 1278, 31, 6.89%, 0, 0, 3, 9.10
1747829575, 0, 416, 1281, 1278, 31, 6.89%, 0, 0, 3, 9.49
1747829590, 0, 417, 1281, 1278, 31, 6.89%, 0, 0, 3, 9.38
1747829600, 0, 418, 1281, 1278, 31, 6.89%, 0, 0, 3, 9.49
1747829616, 0, 419, 1281, 1278, 31, 6.89%, 0, 0, 3, 9.28
1747829631, 0, 420, 1281, 1278, 31, 6.89%, 0, 0, 3, 9.36
1747829647, 0, 421, 1281, 1278, 31, 6.89%, 0, 0, 3, 9.09
1747829657, 0, 422, 1281, 1278, 31, 6.89%, 0, 0, 3, 8.97
1747829672, 0, 423, 1281, 1278, 31, 6.89%, 0, 0, 3, 9.06
1747829688, 0, 424, 1281, 1278, 31, 6.89%, 0, 0, 3, 9.37
1747829698, 0, 426, 1281, 1278, 31, 6.89%, 0, 0, 3, 9.97
1747829714, 0, 428, 1281, 1278, 31, 6.89%, 0, 0, 3, 9.59
1747829724, 0, 429, 1281, 1278, 31, 6.89%, 0, 0, 3, 9.52
1747829739, 0, 430, 1281, 1278, 31, 6.89%, 0, 0, 3, 9.32
1747829755, 0, 431, 1281, 1278, 31, 6.89%, 0, 0, 3, 8.86
1747829765, 0, 432, 1281, 1278, 31, 6.89%, 0, 0, 3, 9.39
1747829780, 0, 433, 1281, 1278, 31, 6.89%, 0, 0, 3, 9.12
1747829796, 0, 434, 1281, 1278, 31, 6.89%, 0, 0, 3, 9.03
1747829811, 0, 436, 1281, 1278, 31, 6.89%, 0, 0, 3, 8.74
1747829822, 0, 437, 1281, 1278, 31, 6.89%, 0, 0, 3, 9.30
1747829837, 0, 440, 1281, 1278, 31, 6.89%, 0, 0, 3, 9.26
1747829852, 0, 442, 1281, 1278, 31, 6.89%, 0, 0, 3, 9.78
1747829862, 0, 443, 1281, 1278, 31, 6.89%, 0, 0, 3, 9.45
1747829878, 0, 444, 1281, 1278, 31, 6.89%, 0, 0, 3, 9.33
1747829893, 0, 446, 1281, 1278, 31, 6.89%, 0, 0, 3, 9.35
1747829903, 0, 447, 1281, 1278, 31, 6.89%, 0, 0, 3, 9.59
1747829919, 0, 447, 1282, 1279, 31, 6.89%, 0, 0, 3, 8.80
1747829934, 0, 448, 1282, 1279, 31, 6.89%, 0, 0, 3, 9.24
1747829950, 0, 449, 1282, 1279, 31, 6.89%, 0, 0, 3, 9.77
1747829960, 0, 450, 1282, 1279, 31, 6.89%, 0, 0, 3, 9.31
1747829975, 0, 451, 1282, 1279, 31, 6.89%, 0, 0, 3, 9.43
1747829986, 0, 452, 1282, 1279, 31, 6.89%, 0, 0, 3, 9.32
1747830001, 0, 453, 1282, 1279, 31, 6.89%, 0, 0, 3, 9.01
1747830016, 0, 454, 1282, 1279, 31, 6.89%, 0, 0, 3, 9.95
1747830032, 0, 455, 1283, 1280, 31, 6.89%, 0, 0, 3, 9.50
1747830058, 0, 456, 1283, 1280, 31, 6.89%, 0, 0, 3, 9.36
1747830073, 0, 457, 1283, 1280, 31, 6.89%, 0, 0, 3, 19.81
1747830083, 0, 457, 1290, 1287, 31, 6.89%, 0, 0, 3, 25.08
1747830088, 0, 457, 1292, 1289, 31, 6.89%, 0, 0, 3, 25.34
1747830094, 0, 457, 1294, 1291, 31, 6.89%, 0, 0, 3, 25.42
1747830228, 0, 457, 1295, 1292, 31, 6.90%, 0, 0, 3, 25.45
1747831090, 0, 457, 1296, 1293, 31, 6.90%, 0, 0, 3, 25.10
1747831105, 0, 457, 1297, 1294, 31, 6.90%, 0, 0, 3, 24.49
1747831115, 0, 457, 1298, 1295, 31, 6.90%, 0, 0, 3, 24.42
1747831136, 0, 457, 1299, 1296, 31, 6.90%, 0, 0, 3, 24.73
1747831176, 0, 457, 1300, 1297, 31, 6.90%, 0, 0, 3, 24.58
1747831223, 0, 457, 1301, 1298, 31, 6.90%, 0, 0, 3, 24.35
1747831426, 0, 457, 1302, 1299, 31, 6.90%, 0, 0, 3, 24.38
1747831758, 0, 458, 1302, 1298, 31, 6.90%, 0, 0, 3, 24.09
1747831773, 0, 460, 1302, 1298, 31, 6.90%, 0, 0, 3, 9.37
1747831788, 0, 461, 1302, 1298, 31, 6.90%, 0, 0, 3, 9.86
1747831798, 0, 462, 1302, 1298, 31, 6.90%, 0, 0, 3, 9.83
1747831804, 0, 462, 1303, 1299, 31, 6.90%, 0, 0, 3, 9.60
1747831829, 0, 463, 1304, 1300, 31, 6.90%, 0, 0, 3, 8.75
1747831860, 0, 465, 1304, 1300, 31, 6.90%, 0, 0, 3, 9.14
1747831870, 0, 466, 1304, 1300, 31, 6.90%, 0, 0, 3, 9.40
1747831880, 0, 466, 1305, 1301, 31, 6.90%, 0, 0, 3, 8.94
1747831901, 0, 467, 1305, 1301, 31, 6.90%, 0, 0, 3, 9.54
1747831916, 0, 468, 1305, 1301, 31, 6.90%, 0, 0, 3, 9.23
1747831926, 0, 470, 1305, 1301, 31, 6.90%, 0, 0, 3, 9.35
1747831942, 0, 471, 1305, 1301, 31, 6.90%, 0, 0, 3, 9.65
1747831957, 0, 472, 1305, 1301, 31, 6.90%, 0, 0, 3, 9.41
1747831967, 0, 474, 1305, 1301, 31, 6.90%, 0, 0, 3, 9.82
1747831983, 0, 475, 1305, 1301, 31, 6.90%, 0, 0, 3, 10.46
1747831993, 0, 476, 1305, 1301, 31, 6.90%, 0, 0, 3, 9.41
1747832008, 0, 477, 1305, 1301, 31, 6.90%, 0, 0, 3, 8.97
1747832024, 0, 479, 1305, 1301, 31, 6.90%, 0, 0, 3, 8.94
1747832039, 0, 480, 1305, 1301, 31, 6.90%, 0, 0, 3, 9.30
1747832049, 0, 481, 1305, 1301, 31, 6.90%, 0, 0, 3, 9.02
1747832065, 0, 482, 1305, 1301, 31, 6.90%, 0, 0, 3, 9.26
1747832080, 0, 483, 1305, 1301, 31, 6.90%, 0, 0, 3, 9.33
1747832085, 0, 483, 1306, 1302, 31, 6.90%, 0, 0, 3, 8.67
1747832106, 0, 483, 1307, 1303, 31, 6.90%, 0, 0, 3, 8.32
1747832136, 0, 483, 1308, 1304, 31, 6.90%, 0, 0, 3, 9.28
1747832157, 0, 483, 1309, 1305, 31, 6.90%, 0, 0, 3, 8.93
1747832193, 0, 483, 1310, 1306, 31, 6.90%, 0, 0, 3, 9.12
1747832305, 0, 483, 1311, 1307, 31, 6.90%, 0, 0, 3, 9.38
1747832526, 0, 484, 1311, 1307, 31, 6.90%, 0, 0, 3, 8.99
1747832532, 0, 484, 1312, 1308, 31, 6.90%, 0, 0, 3, 9.21
1747832537, 0, 484, 1313, 1309, 31, 6.90%, 0, 0, 3, 8.76
1747832588, 0, 485, 1313, 1309, 31, 6.90%, 0, 0, 3, 9.07
1747832604, 0, 486, 1313, 1309, 31, 6.90%, 0, 0, 3, 9.05
1747832614, 0, 487, 1313, 1309, 31, 6.90%, 0, 0, 3, 9.13
1747832624, 0, 487, 1314, 1310, 31, 6.90%, 0, 0, 3, 8.68
1747832645, 0, 490, 1314, 1310, 31, 6.90%, 0, 0, 3, 9.12
1747832655, 0, 491, 1314, 1310, 31, 6.90%, 0, 0, 3, 9.72
1747832671, 0, 492, 1314, 1310, 31, 6.90%, 0, 0, 3, 8.98
1747832686, 0, 493, 1314, 1310, 31, 6.90%, 0, 0, 3, 8.89
1747832696, 0, 495, 1314, 1310, 31, 6.90%, 0, 0, 3, 8.98
1747832711, 0, 496, 1314, 1310, 31, 6.90%, 0, 0, 3, 9.19
1747832727, 0, 497, 1314, 1310, 31, 6.90%, 0, 0, 3, 8.44
1747832742, 0, 498, 1314, 1310, 31, 6.90%, 0, 0, 3, 9.64
1747832757, 0, 499, 1314, 1310, 31, 6.90%, 0, 0, 3, 9.23
1747832767, 0, 500, 1314, 1310, 31, 6.90%, 0, 0, 3, 10.25
1747832783, 0, 501, 1314, 1310, 31, 6.90%, 0, 0, 3, 9.29
1747832798, 0, 502, 1314, 1310, 31, 6.90%, 0, 0, 3, 9.30
1747832809, 0, 503, 1315, 1311, 31, 6.90%, 0, 0, 3, 8.60
1747832814, 0, 503, 1316, 1312, 31, 6.90%, 0, 0, 3, 8.77
1747832824, 0, 503, 1317, 1313, 31, 6.90%, 0, 0, 3, 8.45
1747832845, 0, 503, 1318, 1314, 31, 6.90%, 0, 0, 3, 8.87
1747833039, 0, 504, 1318, 1314, 31, 6.90%, 0, 0, 3, 8.92
1747833055, 0, 505, 1318, 1314, 31, 6.90%, 0, 0, 3, 8.78
1747833070, 0, 506, 1318, 1314, 31, 6.90%, 0, 0, 3, 9.66
1747833086, 0, 508, 1318, 1314, 31, 6.90%, 0, 0, 3, 9.10
1747833096, 0, 509, 1318, 1314, 31, 6.90%, 0, 0, 3, 9.28
1747833111, 0, 510, 1318, 1314, 31, 6.90%, 0, 0, 3, 9.02
1747833126, 0, 512, 1318, 1314, 31, 6.90%, 0, 0, 3, 9.14
1747833142, 0, 513, 1318, 1314, 31, 6.90%, 0, 0, 3, 9.53
1747833157, 0, 514, 1318, 1314, 31, 6.90%, 0, 0, 3, 8.82
1747833167, 0, 515, 1318, 1314, 31, 6.90%, 0, 0, 3, 9.27
1747833183, 0, 517, 1318, 1314, 31, 6.90%, 0, 0, 3, 8.73
1747833198, 0, 518, 1318, 1314, 31, 6.90%, 0, 0, 3, 8.63
1747833214, 0, 519, 1318, 1314, 31, 6.90%, 0, 0, 3, 9.47
1747833229, 0, 520, 1318, 1314, 31, 6.90%, 0, 0, 3, 8.73
1747833239, 0, 522, 1318, 1314, 31, 6.90%, 0, 0, 3, 9.30
1747833249, 0, 522, 1319, 1315, 31, 6.90%, 0, 0, 3, 8.58
1747833269, 0, 523, 1319, 1315, 31, 6.90%, 0, 0, 3, 8.83
1747833285, 0, 523, 1320, 1316, 31, 6.90%, 0, 0, 3, 8.02
1747833300, 0, 525, 1320, 1316, 31, 6.90%, 0, 0, 3, 9.32
1747833316, 0, 526, 1320, 1316, 31, 6.90%, 0, 0, 3, 9.24
1747833331, 0, 527, 1320, 1316, 31, 6.90%, 0, 0, 3, 21.00
1747834362, 0, 528, 1320, 1315, 30, 6.90%, 0, 0, 3, 20.02
1747834373, 0, 528, 1321, 1316, 30, 6.90%, 0, 0, 3, 9.78
1747834393, 0, 529, 1321, 1316, 30, 6.90%, 0, 0, 3, 9.48
1747834409, 0, 531, 1321, 1316, 30, 6.90%, 0, 0, 3, 9.04
1747834424, 0, 534, 1321, 1316, 30, 6.90%, 0, 0, 3, 8.96
1747834434, 0, 536, 1321, 1316, 30, 6.90%, 0, 0, 3, 9.47
1747834444, 0, 536, 1322, 1317, 30, 6.90%, 0, 0, 3, 8.61
1747834465, 0, 537, 1322, 1317, 30, 6.90%, 0, 0, 3, 9.25
1747834480, 0, 538, 1322, 1317, 30, 6.90%, 0, 0, 3, 9.45
1747834490, 0, 539, 1322, 1317, 30, 6.90%, 0, 0, 3, 9.61
1747834506, 0, 540, 1322, 1317, 30, 6.90%, 0, 0, 3, 9.25
1747834521, 0, 541, 1322, 1317, 30, 6.90%, 0, 0, 3, 9.19
1747834531, 0, 542, 1322, 1317, 30, 6.90%, 0, 0, 3, 9.28
1747834546, 0, 543, 1322, 1317, 30, 6.90%, 0, 0, 3, 9.30
1747834562, 0, 544, 1322, 1317, 30, 6.90%, 0, 0, 3, 9.70
1747834572, 0, 545, 1322, 1317, 30, 6.90%, 0, 0, 3, 9.18
1747834588, 0, 546, 1322, 1317, 30, 6.90%, 0, 0, 3, 9.00
1747834603, 0, 547, 1322, 1317, 30, 6.90%, 0, 0, 3, 9.25
1747834613, 0, 548, 1322, 1317, 30, 6.90%, 0, 0, 3, 8.85
1747834629, 0, 549, 1322, 1317, 30, 6.90%, 0, 0, 3, 9.30
1747834644, 0, 550, 1322, 1317, 30, 6.90%, 0, 0, 3, 9.32
1747834655, 0, 554, 1322, 1317, 30, 6.90%, 0, 0, 3, 9.04
1747834670, 0, 555, 1322, 1317, 30, 6.90%, 0, 0, 3, 9.05
1747834686, 0, 556, 1323, 1318, 30, 6.90%, 0, 0, 3, 9.17
1747834711, 0, 558, 1323, 1318, 30, 6.90%, 0, 0, 3, 9.70
1747834716, 0, 558, 1324, 1319, 30, 6.90%, 0, 0, 3, 8.72
1747834742, 0, 559, 1324, 1319, 30, 6.90%, 0, 0, 3, 8.66
1747834757, 0, 560, 1324, 1319, 30, 6.90%, 0, 0, 3, 9.10
1747834773, 0, 563, 1324, 1319, 30, 6.90%, 0, 0, 3, 9.48
1747834783, 0, 564, 1324, 1319, 30, 6.90%, 0, 0, 3, 9.93
1747834798, 0, 565, 1324, 1319, 30, 6.90%, 0, 0, 3, 9.08
1747834814, 0, 566, 1324, 1319, 30, 6.90%, 0, 0, 3, 9.54
1747834824, 0, 567, 1324, 1319, 30, 6.90%, 0, 0, 3, 9.32
1747834839, 0, 569, 1324, 1319, 30, 6.90%, 0, 0, 3, 9.51
1747834855, 0, 570, 1324, 1319, 30, 6.90%, 0, 0, 3, 9.37
1747834865, 0, 571, 1324, 1319, 30, 6.90%, 0, 0, 3, 9.23
1747834880, 0, 573, 1324, 1319, 30, 6.90%, 0, 0, 3, 9.31
1747834896, 0, 574, 1324, 1319, 30, 6.90%, 0, 0, 3, 9.66
1747834906, 0, 576, 1324, 1319, 30, 6.90%, 0, 0, 3, 9.82
1747834922, 0, 577, 1324, 1319, 30, 6.90%, 0, 0, 3, 9.80
1747834932, 0, 578, 1324, 1319, 30, 6.90%, 0, 0, 3, 9.79
1747834947, 0, 580, 1324, 1319, 30, 6.90%, 0, 0, 3, 9.71
1747834963, 0, 581, 1324, 1319, 30, 6.90%, 0, 0, 3, 9.39
1747834973, 0, 582, 1324, 1319, 30, 6.90%, 0, 0, 3, 9.34
1747834988, 0, 583, 1324, 1319, 30, 6.90%, 0, 0, 3, 9.01
1747835004, 0, 584, 1324, 1319, 30, 6.90%, 0, 0, 3, 9.54
1747835014, 0, 585, 1324, 1319, 30, 6.90%, 0, 0, 3, 10.35
1747835029, 0, 586, 1324, 1319, 30, 6.90%, 0, 0, 3, 9.19
1747835040, 0, 587, 1324, 1319, 30, 6.90%, 0, 0, 3, 9.79
1747835055, 0, 589, 1324, 1319, 30, 6.90%, 0, 0, 3, 9.45
1747835070, 0, 590, 1324, 1319, 30, 6.90%, 0, 0, 3, 9.41
1747835081, 0, 591, 1324, 1319, 30, 6.90%, 0, 0, 3, 9.28
1747835096, 0, 593, 1325, 1320, 30, 6.90%, 0, 0, 3, 8.52
1747835101, 0, 593, 1326, 1321, 30, 6.90%, 0, 0, 3, 8.23
1747835112, 0, 593, 1327, 1322, 30, 6.90%, 0, 0, 3, 8.90
1747835117, 0, 593, 1328, 1323, 30, 6.90%, 0, 0, 3, 8.92
1747835235, 0, 593, 1329, 1324, 30, 6.90%, 0, 0, 3, 8.75
1747835240, 0, 593, 1330, 1325, 30, 6.90%, 0, 0, 3, 8.89
1747835317, 0, 593, 1331, 1326, 30, 6.90%, 0, 0, 3, 8.71
1747835399, 0, 593, 1332, 1327, 30, 6.90%, 0, 0, 3, 8.70
1747835496, 0, 593, 1333, 1328, 30, 6.90%, 0, 0, 3, 8.52
1747835501, 0, 593, 1334, 1329, 30, 6.90%, 0, 0, 3, 8.31
1747835573, 0, 594, 1334, 1329, 30, 6.90%, 0, 0, 3, 8.91
1747835588, 0, 595, 1334, 1329, 30, 6.90%, 0, 0, 3, 8.98
1747835599, 0, 596, 1334, 1329, 30, 6.90%, 0, 0, 3, 9.48
1747835614, 0, 597, 1334, 1329, 30, 6.90%, 0, 0, 3, 9.05
1747835629, 0, 598, 1334, 1329, 30, 6.90%, 0, 0, 3, 9.06
1747835639, 0, 598, 1335, 1330, 30, 6.90%, 0, 0, 3, 8.15
1747835660, 0, 599, 1335, 1330, 30, 6.90%, 0, 0, 3, 8.79
1747835670, 0, 599, 1336, 1331, 30, 6.90%, 0, 0, 3, 8.73
1747835690, 0, 600, 1336, 1331, 30, 6.90%, 0, 0, 3, 8.89
1747835705, 0, 602, 1336, 1331, 30, 6.90%, 0, 0, 3, 9.67
1747835716, 0, 603, 1336, 1331, 30, 6.90%, 0, 0, 3, 9.19
1747835731, 0, 604, 1336, 1331, 30, 6.90%, 0, 0, 3, 9.12
1747835747, 0, 605, 1337, 1332, 30, 6.90%, 0, 0, 3, 8.81
1747835772, 0, 606, 1337, 1332, 30, 6.90%, 0, 0, 3, 8.81
1747835788, 0, 607, 1337, 1332, 30, 6.90%, 0, 0, 3, 9.63
1747835803, 0, 608, 1337, 1332, 30, 6.90%, 0, 0, 3, 9.04
1747835808, 0, 608, 1338, 1333, 30, 6.90%, 0, 0, 3, 8.41
1747835819, 0, 608, 1339, 1334, 30, 6.90%, 0, 0, 3, 8.88
1747835860, 0, 609, 1339, 1334, 30, 6.90%, 0, 0, 3, 9.41
1747835875, 0, 611, 1339, 1334, 30, 6.90%, 0, 0, 3, 8.77
1747835886, 0, 613, 1339, 1334, 30, 6.90%, 0, 0, 3, 9.15
1747835901, 0, 614, 1339, 1334, 30, 6.90%, 0, 0, 3, 9.59
1747835911, 0, 614, 1340, 1335, 30, 6.90%, 0, 0, 3, 8.66
1747835932, 0, 615, 1340, 1335, 30, 6.90%, 0, 0, 3, 9.34
1747835947, 0, 616, 1340, 1335, 30, 6.90%, 0, 0, 3, 8.72
1747835957, 0, 618, 1340, 1335, 30, 6.90%, 0, 0, 3, 8.64
1747835973, 0, 619, 1340, 1335, 30, 6.90%, 0, 0, 3, 9.10
1747835988, 0, 620, 1340, 1335, 30, 6.90%, 0, 0, 3, 9.19
1747835998, 0, 622, 1340, 1335, 30, 6.90%, 0, 0, 3, 9.77
1747836003, 0, 622, 1341, 1336, 30, 6.90%, 0, 0, 3, 8.30
1747836009, 0, 622, 1342, 1337, 30, 6.90%, 0, 0, 3, 8.88
1747836060, 0, 624, 1343, 1338, 30, 6.90%, 0, 0, 3, 8.75
1747836081, 0, 624, 1344, 1339, 30, 6.90%, 0, 0, 3, 8.57
1747836086, 0, 624, 1345, 1340, 30, 6.90%, 0, 0, 3, 8.43
1747836158, 0, 624, 1346, 1341, 30, 6.90%, 0, 0, 3, 9.01
1747836245, 0, 624, 1347, 1342, 30, 6.90%, 0, 0, 3, 9.07
1747836250, 0, 624, 1348, 1343, 30, 6.90%, 0, 0, 3, 9.24
1747836409, 0, 624, 1349, 1344, 30, 6.90%, 0, 0, 3, 8.18
1747836429, 0, 624, 1350, 1345, 30, 6.90%, 0, 0, 3, 8.24
1747836517, 0, 625, 1350, 1345, 30, 6.90%, 0, 0, 3, 8.90
1747836522, 0, 625, 1351, 1346, 30, 6.90%, 0, 0, 3, 8.45
1747836542, 0, 625, 1352, 1347, 30, 6.90%, 0, 0, 3, 8.13
1747836578, 0, 627, 1352, 1347, 30, 6.90%, 0, 0, 3, 9.20
1747836594, 0, 629, 1352, 1347, 30, 6.90%, 0, 0, 3, 9.56
1747836609, 0, 630, 1352, 1347, 30, 6.90%, 0, 0, 3, 9.38
1747836619, 0, 632, 1352, 1347, 30, 6.90%, 0, 0, 3, 9.20
1747836630, 0, 632, 1353, 1348, 30, 6.90%, 0, 0, 3, 8.94
1747836635, 0, 632, 1354, 1349, 30, 6.90%, 0, 0, 3, 8.64
1747836661, 0, 632, 1355, 1350, 30, 6.90%, 0, 0, 3, 8.50
1747836671, 0, 632, 1356, 1351, 30, 6.90%, 0, 0, 3, 8.78
1747836681, 0, 632, 1357, 1352, 30, 6.90%, 0, 0, 3, 8.91
1747836857, 0, 632, 1358, 1353, 30, 6.90%, 0, 0, 3, 8.96
1747836949, 0, 632, 1359, 1354, 30, 6.90%, 0, 0, 3, 8.70
1747837082, 0, 633, 1359, 1354, 30, 6.90%, 0, 0, 3, 9.46
1747837092, 0, 634, 1359, 1354, 30, 6.90%, 0, 0, 3, 9.37
1747837108, 0, 635, 1359, 1354, 30, 6.90%, 0, 0, 3, 8.83
1747837123, 0, 636, 1359, 1354, 30, 6.90%, 0, 0, 3, 8.95
1747837138, 0, 637, 1359, 1354, 30, 6.90%, 0, 0, 3, 8.93
1747837149, 0, 638, 1359, 1354, 30, 6.90%, 0, 0, 3, 9.45
1747837164, 0, 639, 1359, 1354, 30, 6.90%, 0, 0, 3, 9.53
1747837180, 0, 640, 1359, 1354, 30, 6.90%, 0, 0, 3, 8.87
1747837195, 0, 643, 1359, 1354, 30, 6.90%, 0, 0, 3, 9.28
1747837210, 0, 644, 1359, 1354, 30, 6.90%, 0, 0, 3, 9.66
1747837221, 0, 645, 1359, 1354, 30, 6.90%, 0, 0, 3, 9.03
1747837236, 0, 646, 1359, 1354, 30, 6.90%, 0, 0, 3, 8.54
1747837251, 0, 647, 1359, 1354, 30, 6.90%, 0, 0, 3, 15.64
1747839244, 0, 648, 1359, 1353, 30, 6.90%, 0, 0, 3, 12.79
1747839260, 0, 649, 1359, 1353, 30, 6.90%, 0, 0, 3, 10.03
1747839270, 0, 652, 1359, 1353, 30, 6.90%, 0, 0, 3, 9.98
1747839285, 0, 653, 1359, 1353, 30, 6.90%, 0, 0, 3, 9.09
1747839296, 0, 655, 1359, 1353, 30, 6.90%, 0, 0, 3, 9.10
1747839311, 0, 656, 1359, 1353, 30, 6.90%, 0, 0, 3, 9.55
1747839327, 0, 657, 1359, 1353, 30, 6.90%, 0, 0, 3, 9.35
1747839342, 0, 658, 1359, 1353, 30, 6.90%, 0, 0, 3, 9.43
1747839347, 0, 658, 1360, 1354, 30, 6.90%, 0, 0, 3, 8.21
1747839373, 0, 660, 1360, 1354, 30, 6.90%, 0, 0, 3, 9.51
1747839383, 0, 661, 1360, 1354, 30, 6.90%, 0, 0, 3, 9.12
1747839398, 0, 663, 1360, 1354, 30, 6.90%, 0, 0, 3, 9.28
1747839409, 0, 664, 1360, 1354, 30, 6.90%, 0, 0, 3, 9.38
1747839424, 0, 665, 1360, 1354, 30, 6.90%, 0, 0, 3, 9.01
1747839440, 0, 667, 1360, 1354, 30, 6.90%, 0, 0, 3, 8.77
1747839455, 0, 669, 1360, 1354, 30, 6.90%, 0, 0, 3, 8.75
1747839471, 0, 670, 1360, 1354, 30, 6.90%, 0, 0, 3, 9.33
1747839486, 0, 671, 1360, 1354, 30, 6.90%, 0, 0, 3, 9.40
1747839496, 0, 672, 1360, 1354, 30, 6.90%, 0, 0, 3, 8.88
1747839512, 0, 674, 1360, 1354, 30, 6.90%, 0, 0, 3, 9.14
1747839527, 0, 675, 1360, 1354, 30, 6.90%, 0, 0, 3, 9.00
1747839537, 0, 676, 1360, 1354, 30, 6.90%, 0, 0, 3, 9.41
1747839553, 0, 676, 1361, 1355, 30, 6.90%, 0, 0, 3, 8.77
1747839568, 0, 677, 1361, 1355, 30, 6.90%, 0, 0, 3, 8.46
1747839584, 0, 678, 1361, 1355, 30, 6.90%, 0, 0, 3, 9.15
1747839599, 0, 679, 1361, 1355, 30, 6.90%, 0, 0, 3, 8.76
1747839614, 0, 680, 1361, 1355, 30, 6.90%, 0, 0, 3, 8.53
1747839630, 0, 681, 1361, 1355, 30, 6.90%, 0, 0, 3, 9.46
1747839640, 0, 682, 1361, 1355, 30, 6.90%, 0, 0, 3, 9.18
1747839656, 0, 683, 1361, 1355, 30, 6.90%, 0, 0, 3, 9.20
1747839671, 0, 685, 1362, 1356, 30, 6.90%, 0, 0, 3, 8.33
1747839701, 0, 686, 1362, 1356, 30, 6.90%, 0, 0, 3, 9.07
1747839712, 0, 688, 1362, 1356, 30, 6.90%, 0, 0, 3, 9.65
1747839727, 0, 689, 1362, 1356, 30, 6.90%, 0, 0, 3, 8.50
1747839743, 0, 690, 1362, 1356, 30, 6.90%, 0, 0, 3, 8.75
1747839753, 0, 691, 1362, 1356, 30, 6.90%, 0, 0, 3, 9.48
1747839768, 0, 692, 1362, 1356, 30, 6.90%, 0, 0, 3, 9.28
1747839783, 0, 693, 1362, 1356, 30, 6.90%, 0, 0, 3, 9.32
1747839798, 0, 694, 1362, 1356, 30, 6.90%, 0, 0, 3, 9.09
1747839809, 0, 695, 1362, 1356, 30, 6.90%, 0, 0, 3, 9.08
1747839824, 0, 696, 1362, 1356, 30, 6.90%, 0, 0, 3, 8.50
1747839840, 0, 697, 1362, 1356, 30, 6.90%, 0, 0, 3, 8.82
1747839855, 0, 699, 1362, 1356, 30, 6.90%, 0, 0, 3, 9.06
1747839871, 0, 700, 1362, 1356, 30, 6.90%, 0, 0, 3, 8.96
1747839881, 0, 700, 1363, 1357, 30, 6.90%, 0, 0, 3, 8.88
1747839902, 0, 702, 1363, 1357, 30, 6.90%, 0, 0, 3, 9.05
1747839912, 0, 703, 1363, 1357, 30, 6.90%, 0, 0, 3, 8.50
1747839928, 0, 704, 1363, 1357, 30, 6.90%, 0, 0, 3, 9.22
1747839943, 0, 705, 1363, 1357, 30, 6.90%, 0, 0, 3, 8.93
1747839959, 0, 706, 1363, 1357, 30, 6.90%, 0, 0, 3, 9.66
1747839969, 0, 708, 1363, 1357, 30, 6.90%, 0, 0, 3, 9.15
1747839985, 0, 709, 1363, 1357, 30, 6.90%, 0, 0, 3, 9.65
1747840000, 0, 710, 1363, 1357, 30, 6.90%, 0, 0, 3, 9.00
1747840015, 0, 711, 1363, 1357, 30, 6.90%, 0, 0, 3, 8.95
1747840026, 0, 712, 1363, 1357, 30, 6.90%, 0, 0, 3, 8.92
1747840041, 0, 713, 1363, 1357, 30, 6.90%, 0, 0, 3, 8.48
1747840056, 0, 716, 1363, 1357, 30, 6.90%, 0, 0, 3, 9.27
1747840072, 0, 717, 1363, 1357, 30, 6.90%, 0, 0, 3, 8.42
1747840077, 0, 717, 1364, 1358, 30, 6.90%, 0, 0, 3, 7.76
1747840103, 0, 719, 1364, 1358, 30, 6.90%, 0, 0, 3, 8.28
1747840118, 0, 720, 1364, 1358, 30, 6.90%, 0, 0, 3, 9.08
1747840134, 0, 721, 1365, 1359, 30, 6.90%, 0, 0, 3, 8.89
1747840165, 0, 722, 1365, 1359, 31, 6.90%, 0, 0, 3, 9.76
1747840175, 0, 724, 1365, 1359, 31, 6.90%, 0, 0, 3, 9.85
1747840190, 0, 725, 1365, 1359, 31, 6.90%, 0, 0, 3, 9.24
1747840206, 0, 727, 1365, 1359, 31, 6.90%, 0, 0, 3, 9.45
1747840216, 0, 728, 1365, 1359, 31, 6.90%, 0, 0, 3, 8.59
1747840231, 0, 729, 1365, 1359, 31, 6.90%, 0, 0, 3, 8.94
1747840247, 0, 730, 1365, 1359, 31, 6.90%, 0, 0, 3, 9.04
1747840262, 0, 731, 1365, 1359, 31, 6.90%, 0, 0, 3, 9.85
1747840273, 0, 732, 1365, 1359, 31, 6.90%, 0, 0, 3, 9.08
1747840283, 0, 732, 1366, 1360, 31, 6.90%, 0, 0, 3, 8.31
1747840303, 0, 734, 1366, 1360, 31, 6.90%, 0, 0, 3, 8.09
1747840314, 0, 734, 1367, 1361, 31, 6.90%, 0, 0, 3, 8.98
1747840334, 0, 735, 1367, 1361, 31, 6.90%, 0, 0, 3, 9.54
1747840349, 0, 736, 1367, 1361, 31, 6.90%, 0, 0, 3, 8.96
1747840365, 0, 737, 1367, 1361, 31, 6.90%, 0, 0, 3, 9.39
1747840375, 0, 738, 1367, 1361, 31, 6.90%, 0, 0, 3, 8.88
1747840390, 0, 740, 1367, 1361, 31, 6.90%, 0, 0, 3, 9.42
1747840406, 0, 741, 1367, 1361, 31, 6.90%, 0, 0, 3, 8.94
1747840421, 0, 743, 1367, 1361, 31, 6.90%, 0, 0, 3, 8.47
1747840437, 0, 744, 1367, 1361, 31, 6.90%, 0, 0, 3, 8.60
1747840452, 0, 745, 1367, 1361, 31, 6.90%, 0, 0, 3, 8.95
1747840462, 0, 746, 1367, 1361, 31, 6.90%, 0, 0, 3, 9.00
1747840478, 0, 747, 1367, 1361, 31, 6.90%, 0, 0, 3, 8.71
1747840493, 0, 748, 1367, 1361, 31, 6.90%, 0, 0, 3, 7.90
1747840509, 0, 749, 1367, 1361, 31, 6.90%, 0, 0, 3, 8.23
1747840524, 0, 750, 1367, 1361, 31, 6.90%, 0, 0, 3, 9.46
1747840540, 0, 752, 1367, 1361, 31, 6.90%, 0, 0, 3, 7.78
1747840555, 0, 753, 1367, 1361, 31, 6.90%, 0, 0, 3, 8.84
1747840571, 0, 756, 1367, 1361, 31, 6.90%, 0, 0, 3, 8.58
1747840586, 0, 757, 1367, 1361, 31, 6.90%, 0, 0, 3, 8.96
1747840601, 0, 758, 1367, 1361, 31, 6.90%, 0, 0, 3, 9.43
1747840611, 0, 759, 1367, 1361, 31, 6.90%, 0, 0, 3, 9.43
1747840627, 0, 760, 1367, 1361, 31, 6.90%, 0, 0, 3, 8.77
1747840637, 0, 760, 1368, 1362, 31, 6.90%, 0, 0, 3, 8.11
1747840663, 0, 762, 1368, 1362, 30, 6.90%, 0, 0, 3, 8.32
1747840673, 0, 763, 1368, 1362, 30, 6.90%, 0, 0, 3, 9.26
1747840688, 0, 764, 1368, 1362, 30, 6.90%, 0, 0, 3, 8.08
1747840698, 0, 764, 1369, 1363, 30, 7.32%, 0, 0, 3, 8.35
1747840719, 0, 765, 1369, 1363, 23, 7.32%, 0, 0, 3, 8.58
1747840734, 0, 767, 1369, 1363, 23, 7.32%, 0, 0, 3, 8.35
1747840750, 0, 770, 1369, 1363, 23, 7.32%, 0, 0, 3, 9.66
1747840765, 0, 771, 1369, 1363, 23, 7.32%, 0, 0, 3, 9.00
1747840781, 0, 772, 1369, 1363, 23, 7.32%, 0, 0, 3, 8.89
1747840791, 0, 776, 1369, 1363, 23, 7.32%, 0, 0, 3, 9.33
1747840807, 0, 779, 1369, 1363, 23, 7.32%, 0, 0, 3, 9.21
1747840822, 0, 780, 1369, 1363, 23, 7.32%, 0, 0, 3, 9.20
1747840832, 0, 782, 1369, 1363, 23, 7.32%, 0, 0, 3, 9.04
1747840843, 0, 784, 1369, 1363, 23, 7.32%, 0, 0, 3, 14.41
1747840853, 0, 786, 1369, 1363, 23, 7.32%, 0, 0, 3, 14.73
1747840863, 0, 787, 1369, 1363, 23, 7.32%, 0, 0, 3, 14.58
1747840868, 0, 788, 1370, 1364, 23, 7.32%, 0, 0, 3, 14.71
1747840889, 0, 789, 1370, 1364, 21, 7.32%, 0, 0, 3, 15.71
1747840894, 0, 790, 1370, 1364, 21, 7.32%, 0, 0, 3, 15.88
1747840904, 0, 791, 1370, 1364, 21, 7.32%, 0, 0, 3, 15.82
1747840915, 0, 792, 1370, 1364, 21, 7.32%, 0, 0, 3, 15.27
1747840920, 0, 793, 1370, 1364, 21, 7.32%, 0, 0, 3, 15.90
1747840925, 0, 793, 1371, 1365, 21, 7.32%, 0, 0, 3, 16.80
1747840935, 0, 794, 1371, 1365, 21, 7.32%, 0, 0, 3, 14.95
1747840946, 0, 795, 1371, 1365, 21, 7.32%, 0, 0, 3, 14.83
1747840956, 0, 796, 1371, 1365, 21, 7.32%, 0, 0, 3, 14.76
1747840961, 0, 798, 1371, 1365, 21, 7.32%, 0, 0, 3, 15.05
1747840971, 0, 799, 1371, 1365, 21, 7.32%, 0, 0, 3, 14.89
1747840982, 0, 800, 1371, 1365, 21, 7.32%, 0, 0, 3, 14.93
1747840987, 0, 801, 1371, 1365, 21, 7.32%, 0, 0, 3, 15.75
1747840997, 0, 803, 1371, 1365, 21, 7.32%, 0, 0, 3, 15.18
1747841008, 0, 804, 1371, 1365, 21, 7.32%, 0, 0, 3, 15.02
1747841013, 0, 805, 1371, 1365, 21, 7.32%, 0, 0, 3, 15.21
1747841023, 0, 807, 1371, 1365, 21, 7.32%, 0, 0, 3, 16.19
1747841033, 0, 812, 1371, 1365, 21, 7.32%, 0, 0, 3, 14.33
1747841038, 0, 813, 1371, 1365, 21, 7.32%, 0, 0, 3, 15.07
1747841048, 0, 814, 1371, 1365, 21, 7.32%, 0, 0, 3, 15.49
1747841059, 0, 815, 1371, 1365, 21, 7.32%, 0, 0, 3, 36.34
1747841846, 0, 816, 1371, 1364, 20, 7.32%, 0, 0, 3, 24.52
1747841862, 0, 817, 1371, 1364, 20, 7.32%, 0, 0, 3, 9.49
1747841877, 0, 820, 1371, 1364, 20, 7.32%, 0, 0, 3, 9.19
1747841892, 0, 821, 1371, 1364, 20, 7.32%, 0, 0, 3, 8.51
1747841908, 0, 822, 1371, 1364, 20, 7.32%, 0, 0, 3, 8.92
1747841923, 0, 823, 1371, 1364, 20, 7.32%, 0, 0, 3, 9.78
1747841933, 0, 826, 1371, 1364, 20, 7.32%, 0, 0, 3, 8.99
1747841949, 0, 829, 1371, 1364, 20, 7.32%, 0, 0, 3, 9.37
1747841964, 0, 830, 1371, 1364, 20, 7.32%, 0, 0, 3, 8.95
1747841974, 0, 831, 1371, 1364, 20, 7.32%, 0, 0, 3, 9.04
1747841990, 0, 833, 1371, 1364, 20, 7.32%, 0, 0, 3, 8.68
1747842005, 0, 834, 1371, 1364, 20, 7.32%, 0, 0, 3, 9.08
1747842021, 0, 835, 1371, 1364, 20, 7.32%, 0, 0, 3, 9.50
1747842036, 0, 837, 1371, 1364, 20, 7.32%, 0, 0, 3, 9.36
1747842046, 0, 838, 1371, 1364, 20, 7.32%, 0, 0, 3, 8.82
1747842062, 0, 839, 1371, 1364, 20, 7.32%, 0, 0, 3, 8.73
1747842077, 0, 841, 1371, 1364, 20, 7.32%, 0, 0, 3, 9.35
1747842082, 0, 841, 1372, 1365, 20, 7.32%, 0, 0, 3, 8.60
1747842098, 0, 841, 1373, 1366, 20, 7.32%, 0, 0, 3, 8.35
1747842124, 0, 841, 1374, 1367, 20, 7.32%, 0, 0, 3, 7.89
1747842129, 0, 841, 1375, 1368, 20, 7.32%, 0, 0, 3, 8.47
1747842160, 0, 841, 1376, 1369, 20, 7.32%, 0, 0, 3, 7.90
1747842442, 0, 841, 1377, 1370, 20, 7.32%, 0, 0, 3, 7.89
1747842493, 0, 841, 1378, 1371, 20, 7.32%, 0, 0, 3, 8.09
1747842503, 0, 841, 1379, 1372, 20, 7.32%, 0, 0, 3, 7.99
1747842570, 0, 842, 1380, 1373, 20, 7.32%, 0, 0, 3, 8.27
1747842601, 0, 844, 1380, 1373, 20, 7.32%, 0, 0, 3, 8.60
1747842616, 0, 846, 1380, 1373, 20, 7.32%, 0, 0, 3, 8.27
1747842631, 0, 847, 1380, 1373, 20, 7.32%, 0, 0, 3, 8.69
1747842646, 0, 848, 1380, 1373, 20, 7.32%, 0, 0, 3, 8.63
1747842662, 0, 849, 1380, 1373, 20, 7.32%, 0, 0, 3, 8.46
1747842677, 0, 850, 1380, 1373, 20, 7.32%, 0, 0, 3, 8.74
1747842688, 0, 850, 1381, 1374, 20, 7.32%, 0, 0, 3, 7.61
1747842709, 0, 851, 1381, 1374, 20, 7.32%, 0, 0, 3, 8.77
1747842724, 0, 852, 1381, 1374, 20, 7.32%, 0, 0, 3, 9.09
1747842729, 0, 852, 1382, 1375, 20, 7.32%, 0, 0, 3, 7.77
1747842750, 0, 852, 1383, 1376, 20, 7.32%, 0, 0, 3, 8.10
1747842776, 0, 852, 1385, 1378, 20, 7.32%, 0, 0, 3, 8.82
1747842781, 0, 852, 1386, 1379, 20, 7.32%, 0, 0, 3, 8.47
1747842786, 0, 852, 1387, 1380, 20, 7.32%, 0, 0, 3, 7.56
1747842791, 0, 852, 1388, 1381, 20, 7.32%, 0, 0, 3, 8.22
1747842806, 0, 852, 1389, 1382, 20, 7.32%, 0, 0, 3, 8.18
1747842883, 0, 852, 1390, 1383, 20, 7.32%, 0, 0, 3, 8.17
1747842919, 0, 852, 1391, 1384, 20, 7.32%, 0, 0, 3, 8.38
1747842929, 0, 852, 1392, 1385, 20, 7.32%, 0, 0, 3, 8.51
1747842945, 0, 852, 1393, 1386, 20, 7.32%, 0, 0, 3, 7.92
1747842970, 0, 852, 1394, 1387, 20, 7.32%, 0, 0, 3, 8.30
1747843058, 0, 852, 1395, 1388, 20, 7.32%, 0, 0, 3, 8.21
1747843182, 0, 852, 1396, 1389, 20, 7.32%, 0, 0, 3, 7.92
1747843218, 0, 852, 1397, 1390, 20, 7.32%, 0, 0, 3, 7.99
1747843228, 0, 853, 1397, 1390, 21, 7.32%, 0, 0, 3, 8.36
1747843243, 0, 854, 1397, 1390, 21, 7.32%, 0, 0, 3, 8.22
1747843259, 0, 855, 1397, 1390, 21, 7.32%, 0, 0, 3, 11.87
1747844667, 0, 856, 1397, 1389, 20, 7.32%, 0, 0, 3, 21.90
1747844672, 0, 857, 1397, 1389, 20, 7.32%, 0, 0, 3, 16.80
1747844683, 0, 858, 1397, 1389, 20, 7.32%, 0, 0, 3, 14.06
1747844693, 0, 859, 1397, 1389, 20, 7.32%, 0, 0, 3, 15.21
1747844698, 0, 863, 1397, 1389, 20, 7.32%, 0, 0, 3, 14.32
1747844708, 0, 864, 1397, 1389, 20, 7.32%, 0, 0, 3, 14.49
1747844713, 0, 864, 1398, 1390, 20, 7.41%, 0, 0, 3, 14.17
1747844728, 0, 866, 1398, 1390, 20, 7.41%, 0, 0, 3, 14.76
1747844733, 0, 866, 1399, 1391, 20, 7.41%, 0, 0, 3, 13.64
1747844744, 0, 869, 1399, 1391, 20, 7.41%, 0, 0, 3, 14.64
1747844754, 0, 870, 1399, 1391, 20, 7.41%, 0, 0, 3, 14.62
1747844764, 0, 871, 1399, 1391, 20, 7.41%, 0, 0, 3, 14.76
1747844774, 0, 874, 1399, 1391, 20, 7.41%, 0, 0, 3, 14.75
1747844780, 0, 877, 1399, 1391, 20, 7.41%, 0, 0, 3, 13.70
1747844790, 0, 878, 1399, 1391, 20, 7.41%, 0, 0, 3, 14.09
1747844800, 0, 879, 1399, 1391, 20, 7.41%, 0, 0, 3, 13.55
1747844805, 0, 879, 1400, 1392, 20, 7.50%, 0, 0, 3, 13.40
1747844810, 0, 879, 1401, 1393, 20, 7.50%, 0, 0, 3, 12.98
1747844841, 0, 881, 1401, 1393, 19, 7.50%, 0, 0, 3, 14.09
1747844846, 0, 882, 1401, 1393, 19, 7.50%, 0, 0, 3, 14.71
1747844857, 0, 883, 1401, 1393, 19, 7.50%, 0, 0, 3, 14.14
1747844867, 0, 884, 1401, 1393, 19, 7.50%, 0, 0, 3, 14.69
1747844872, 0, 888, 1401, 1393, 19, 7.50%, 0, 0, 3, 15.71
1747844877, 0, 888, 1402, 1394, 19, 7.50%, 0, 0, 3, 14.14
1747844892, 0, 889, 1402, 1394, 19, 7.50%, 0, 0, 3, 14.07
1747844902, 0, 890, 1403, 1395, 19, 7.50%, 0, 0, 3, 13.50
1747844907, 0, 890, 1404, 1396, 19, 7.50%, 0, 0, 3, 13.72
1747844938, 0, 891, 1404, 1396, 18, 7.50%, 0, 0, 3, 14.08
1747844949, 0, 893, 1404, 1396, 18, 7.50%, 0, 0, 3, 15.01
1747844954, 0, 893, 1405, 1397, 18, 7.51%, 0, 0, 3, 14.36
1747844969, 0, 895, 1405, 1397, 18, 7.51%, 0, 0, 3, 14.24
1747844974, 0, 896, 1405, 1397, 18, 7.51%, 0, 0, 3, 14.01
1747844984, 0, 897, 1405, 1397, 18, 7.51%, 0, 0, 3, 14.25
1747844994, 0, 899, 1406, 1398, 18, 7.51%, 0, 0, 3, 13.17
1747845015, 0, 900, 1406, 1398, 18, 7.51%, 0, 0, 3, 14.77
1747845020, 0, 901, 1406, 1398, 18, 7.51%, 0, 0, 3, 14.48
1747845030, 0, 902, 1406, 1398, 18, 7.51%, 0, 0, 3, 14.71
1747845041, 0, 904, 1406, 1398, 18, 7.51%, 0, 0, 3, 15.53
1747845046, 0, 905, 1406, 1398, 18, 7.51%, 0, 0, 3, 14.37
1747845056, 0, 906, 1406, 1398, 18, 7.51%, 0, 0, 3, 14.71
1747845066, 0, 907, 1406, 1398, 18, 7.51%, 0, 0, 3, 14.94
1747845076, 0, 908, 1406, 1398, 18, 7.51%, 0, 0, 3, 14.42
1747845082, 0, 909, 1406, 1398, 18, 7.51%, 0, 0, 3, 13.91
1747845092, 0, 910, 1407, 1399, 18, 7.51%, 0, 0, 3, 14.09
1747845097, 0, 910, 1408, 1400, 18, 7.51%, 0, 0, 3, 13.83
1747845132, 0, 911, 1408, 1400, 20, 7.51%, 0, 0, 3, 14.74
1747845137, 0, 912, 1408, 1400, 20, 7.51%, 0, 0, 3, 14.65
1747845148, 0, 913, 1408, 1400, 20, 7.51%, 0, 0, 3, 14.80
1747845158, 0, 914, 1408, 1400, 20, 7.51%, 0, 0, 3, 13.71
1747845168, 0, 916, 1408, 1400, 20, 7.51%, 0, 0, 3, 14.65
1747845173, 0, 918, 1408, 1400, 20, 7.51%, 0, 0, 3, 14.78
1747845183, 0, 920, 1408, 1400, 20, 7.51%, 0, 0, 3, 14.06
1747845194, 0, 921, 1408, 1400, 20, 7.51%, 0, 0, 3, 13.41
1747845204, 0, 922, 1408, 1400, 20, 7.51%, 0, 0, 3, 14.36
1747845214, 0, 923, 1408, 1400, 20, 7.51%, 0, 0, 3, 14.10
1747845219, 0, 926, 1408, 1400, 20, 7.51%, 0, 0, 3, 14.13
1747845229, 0, 927, 1408, 1400, 20, 7.51%, 0, 0, 3, 14.21
1747845240, 0, 929, 1408, 1400, 20, 7.51%, 0, 0, 3, 13.19
1747845250, 0, 930, 1408, 1400, 20, 7.51%, 0, 0, 3, 13.85
1747845260, 0, 932, 1408, 1400, 20, 7.51%, 0, 0, 3, 14.14
1747845265, 0, 933, 1408, 1400, 20, 7.51%, 0, 0, 3, 13.24
1747845275, 0, 935, 1408, 1400, 20, 7.51%, 0, 0, 3, 14.27
1747845286, 0, 937, 1408, 1400, 20, 7.51%, 0, 0, 3, 14.98
1747845296, 0, 938, 1408, 1400, 20, 7.51%, 0, 0, 3, 13.11
1747845301, 0, 939, 1408, 1400, 20, 7.51%, 0, 0, 3, 14.32
1747845311, 0, 940, 1408, 1400, 20, 7.51%, 0, 0, 3, 14.23
1747845322, 0, 941, 1408, 1400, 20, 7.51%, 0, 0, 3, 14.05
1747845332, 0, 943, 1408, 1400, 20, 7.51%, 0, 0, 3, 15.25
1747845337, 0, 944, 1408, 1400, 20, 7.51%, 0, 0, 3, 14.10
1747845347, 0, 945, 1408, 1400, 20, 7.51%, 0, 0, 3, 14.58
1747845357, 0, 946, 1408, 1400, 20, 7.51%, 0, 0, 3, 14.85
1747845367, 0, 947, 1408, 1400, 20, 7.51%, 0, 0, 3, 14.88
1747845372, 0, 947, 1409, 1401, 20, 7.51%, 0, 0, 3, 14.01
1747845383, 0, 948, 1409, 1401, 20, 7.51%, 0, 0, 3, 13.56
1747845393, 0, 950, 1409, 1401, 20, 7.51%, 0, 0, 3, 13.92
1747845403, 0, 951, 1409, 1401, 20, 7.51%, 0, 0, 3, 13.39
1747845414, 0, 952, 1410, 1402, 20, 7.51%, 0, 0, 3, 14.13
1747845424, 0, 952, 1411, 1403, 20, 7.51%, 0, 0, 3, 13.26
1747845434, 0, 952, 1412, 1404, 20, 7.51%, 0, 0, 3, 13.22
1747845486, 0, 953, 1412, 1404, 20, 7.51%, 0, 0, 3, 14.31
1747845496, 0, 955, 1412, 1404, 20, 7.51%, 0, 0, 3, 14.27
1747845506, 0, 956, 1412, 1404, 20, 7.51%, 0, 0, 3, 14.47
1747845511, 0, 957, 1412, 1404, 20, 7.51%, 0, 0, 3, 14.61
1747845522, 0, 959, 1412, 1404, 20, 7.51%, 0, 0, 3, 14.42
1747845532, 0, 960, 1412, 1404, 20, 7.51%, 0, 0, 3, 14.27
1747845542, 0, 961, 1412, 1404, 20, 7.51%, 0, 0, 3, 13.50
1747845547, 0, 966, 1412, 1404, 20, 7.51%, 0, 0, 3, 14.27
1747845557, 0, 967, 1412, 1404, 20, 7.51%, 0, 0, 3, 15.02
1747845568, 0, 968, 1412, 1404, 20, 7.51%, 0, 0, 3, 13.67
1747845578, 0, 969, 1412, 1404, 20, 7.51%, 0, 0, 3, 14.33
1747845583, 0, 970, 1412, 1404, 20, 7.51%, 0, 0, 3, 13.85
1747845593, 0, 971, 1412, 1404, 20, 7.51%, 0, 0, 3, 14.35
1747845604, 0, 973, 1412, 1404, 20, 7.51%, 0, 0, 3, 15.21
1747845614, 0, 974, 1412, 1404, 20, 7.51%, 0, 0, 3, 14.26
1747845619, 0, 975, 1412, 1404, 20, 7.51%, 0, 0, 3, 15.60
1747845629, 0, 976, 1412, 1404, 20, 7.51%, 0, 0, 3, 15.17
1747845639, 0, 977, 1413, 1405, 20, 7.51%, 0, 0, 3, 13.37
1747845655, 0, 978, 1413, 1405, 20, 7.51%, 0, 0, 3, 13.46
1747845665, 0, 979, 1413, 1405, 20, 7.51%, 0, 0, 3, 14.43
1747845675, 0, 980, 1413, 1405, 20, 7.51%, 0, 0, 3, 14.26
1747845686, 0, 981, 1413, 1405, 20, 7.51%, 0, 0, 3, 14.12
1747845691, 0, 982, 1413, 1405, 20, 7.51%, 0, 0, 3, 14.29
1747845701, 0, 983, 1413, 1405, 20, 7.51%, 0, 0, 3, 14.01
1747845711, 0, 984, 1413, 1405, 20, 7.51%, 0, 0, 3, 14.24
1747845721, 0, 985, 1413, 1405, 20, 7.51%, 0, 0, 3, 14.78
1747845726, 0, 986, 1413, 1405, 20, 7.51%, 0, 0, 3, 14.64
1747845737, 0, 986, 1414, 1406, 20, 7.51%, 0, 0, 3, 13.64
1747845747, 0, 989, 1414, 1406, 20, 7.51%, 0, 0, 3, 14.07
1747845757, 0, 990, 1414, 1406, 20, 7.51%, 0, 0, 3, 13.84
1747845767, 0, 991, 1414, 1406, 20, 7.51%, 0, 0, 3, 14.08
1747845772, 0, 992, 1414, 1406, 20, 7.51%, 0, 0, 3, 14.41
1747845782, 0, 993, 1414, 1406, 20, 7.51%, 0, 0, 3, 14.42
1747845792, 0, 994, 1414, 1406, 20, 7.51%, 0, 0, 3, 13.77
1747845803, 0, 995, 1415, 1407, 20, 7.51%, 0, 0, 3, 13.68
1747845808, 0, 995, 1416, 1408, 20, 7.51%, 0, 0, 3, 13.17
1747845838, 0, 996, 1416, 1408, 20, 7.51%, 0, 0, 3, 14.08
1747845849, 0, 998, 1417, 1409, 20, 7.51%, 0, 0, 3, 13.18
1747845869, 0, 999, 1417, 1409, 20, 7.51%, 0, 0, 3, 14.56
1747845874, 0, 1000, 1417, 1409, 20, 7.51%, 0, 0, 3, 14.23
1747845884, 0, 1001, 1417, 1409, 20, 7.51%, 0, 0, 3, 14.24
1747845894, 0, 1003, 1417, 1409, 20, 7.51%, 0, 0, 3, 15.22
1747845905, 0, 1004, 1417, 1409, 20, 7.51%, 0, 0, 3, 14.21
1747845910, 0, 1005, 1417, 1409, 20, 7.51%, 0, 0, 3, 14.53
1747845920, 0, 1006, 1417, 1409, 20, 7.51%, 0, 0, 3, 14.16
1747845930, 0, 1007, 1417, 1409, 20, 7.51%, 0, 0, 3, 14.57
1747845941, 0, 1008, 1418, 1410, 20, 7.51%, 0, 0, 3, 13.65
1747845956, 0, 1009, 1418, 1410, 20, 7.51%, 0, 0, 3, 14.94
1747845966, 0, 1010, 1418, 1410, 20, 7.51%, 0, 0, 3, 14.95
1747845977, 0, 1011, 1418, 1410, 20, 7.51%, 0, 0, 3, 13.35
1747845987, 0, 1012, 1418, 1410, 20, 7.51%, 0, 0, 3, 13.85
1747845992, 0, 1013, 1418, 1410, 20, 7.51%, 0, 0, 3, 14.23
1747846002, 0, 1014, 1418, 1410, 20, 7.51%, 0, 0, 3, 14.58
1747846012, 0, 1015, 1418, 1410, 20, 7.51%, 0, 0, 3, 13.97
1747846022, 0, 1017, 1418, 1410, 20, 7.51%, 0, 0, 3, 14.76
1747846028, 0, 1018, 1418, 1410, 20, 7.51%, 0, 0, 3, 14.82
1747846038, 0, 1020, 1418, 1410, 20, 7.51%, 0, 0, 3, 14.69
1747846048, 0, 1021, 1418, 1410, 20, 7.51%, 0, 0, 3, 13.29
1747846058, 0, 1022, 1418, 1410, 20, 7.51%, 0, 0, 3, 14.52
1747846063, 0, 1023, 1418, 1410, 20, 7.51%, 0, 0, 3, 15.59
1747846074, 0, 1024, 1418, 1410, 20, 7.51%, 0, 0, 3, 14.91
1747846084, 0, 1025, 1418, 1410, 20, 7.51%, 0, 0, 3, 13.97
1747846094, 0, 1026, 1418, 1410, 20, 7.51%, 0, 0, 3, 14.04
1747846099, 0, 1028, 1418, 1410, 20, 7.51%, 0, 0, 3, 15.11
1747846105, 0, 1028, 1419, 1411, 20, 7.51%, 0, 0, 3, 13.94
1747846120, 0, 1029, 1419, 1411, 20, 7.51%, 0, 0, 3, 14.46
1747846130, 0, 1032, 1419, 1411, 20, 7.51%, 0, 0, 3, 14.49
1747846135, 0, 1033, 1419, 1411, 20, 7.51%, 0, 0, 3, 14.91
1747846146, 0, 1034, 1419, 1411, 20, 7.51%, 0, 0, 3, 14.49
1747846156, 0, 1035, 1419, 1411, 20, 7.51%, 0, 0, 3, 14.39
1747846166, 0, 1036, 1419, 1411, 20, 7.51%, 0, 0, 3, 13.70
1747846171, 0, 1038, 1419, 1411, 20, 7.51%, 0, 0, 3, 14.29
1747846181, 0, 1041, 1419, 1411, 20, 7.51%, 0, 0, 3, 19.42
1747849569, 0, 1042, 1419, 1410, 19, 7.51%, 0, 0, 3, 13.74
1747849584, 0, 1044, 1419, 1410, 19, 7.51%, 0, 0, 3, 8.77
1747849600, 0, 1045, 1419, 1410, 19, 7.51%, 0, 0, 3, 8.24
1747849615, 0, 1046, 1419, 1410, 19, 7.51%, 0, 0, 3, 8.52
1747849631, 0, 1047, 1419, 1410, 19, 7.51%, 0, 0, 3, 8.46
1747849646, 0, 1048, 1419, 1410, 19, 7.51%, 0, 0, 3, 8.86
1747849661, 0, 1049, 1419, 1410, 19, 7.51%, 0, 0, 3, 8.68
1747849667, 0, 1049, 1420, 1411, 19, 7.51%, 0, 0, 3, 8.32
1747849692, 0, 1050, 1420, 1411, 19, 7.51%, 0, 0, 3, 8.39
1747849708, 0, 1051, 1421, 1412, 19, 7.51%, 0, 0, 3, 8.06
1747849739, 0, 1052, 1421, 1412, 19, 7.51%, 0, 0, 3, 7.83
1747849754, 0, 1053, 1421, 1412, 19, 7.51%, 0, 0, 3, 8.39
1747849770, 0, 1054, 1421, 1412, 19, 7.51%, 0, 0, 3, 8.34
1747849785, 0, 1055, 1421, 1412, 19, 7.51%, 0, 0, 3, 8.77
1747849801, 0, 1056, 1421, 1412, 19, 7.51%, 0, 0, 3, 8.58
1747849816, 0, 1058, 1421, 1412, 19, 7.51%, 0, 0, 3, 8.36
1747849831, 0, 1059, 1421, 1412, 19, 7.51%, 0, 0, 3, 8.87
1747849847, 0, 1060, 1421, 1412, 19, 7.51%, 0, 0, 3, 9.30
1747849862, 0, 1061, 1421, 1412, 19, 7.51%, 0, 0, 3, 8.52
1747849877, 0, 1061, 1422, 1413, 19, 7.51%, 0, 0, 3, 8.08
1747849893, 0, 1062, 1422, 1413, 19, 7.51%, 0, 0, 3, 8.40
1747849908, 0, 1064, 1422, 1413, 19, 7.51%, 0, 0, 3, 8.07
1747849923, 0, 1067, 1422, 1413, 19, 7.51%, 0, 0, 3, 8.45
1747849939, 0, 1068, 1422, 1413, 19, 7.51%, 0, 0, 3, 8.19
1747849949, 0, 1068, 1423, 1414, 19, 7.51%, 0, 0, 3, 9.12
1747849965, 0, 1068, 1424, 1415, 19, 7.51%, 0, 0, 3, 7.37
1747850006, 0, 1072, 1424, 1415, 19, 7.51%, 0, 0, 3, 8.05
1747850021, 0, 1073, 1424, 1415, 19, 7.51%, 0, 0, 3, 8.39
1747850027, 0, 1073, 1425, 1416, 19, 7.51%, 0, 0, 3, 7.94
1747850052, 0, 1074, 1425, 1416, 19, 7.51%, 0, 0, 3, 8.14
1747850068, 0, 1075, 1425, 1416, 19, 7.51%, 0, 0, 3, 8.70
1747850083, 0, 1076, 1425, 1416, 19, 7.51%, 0, 0, 3, 8.09
1747850098, 0, 1078, 1425, 1416, 19, 7.51%, 0, 0, 3, 8.81
1747850113, 0, 1082, 1425, 1416, 19, 7.51%, 0, 0, 3, 8.20
1747850129, 0, 1083, 1425, 1416, 19, 7.51%, 0, 0, 3, 8.76
1747850144, 0, 1084, 1425, 1416, 19, 7.51%, 0, 0, 3, 8.93
1747850160, 0, 1085, 1425, 1416, 19, 7.51%, 0, 0, 3, 9.10
1747850175, 0, 1087, 1425, 1416, 19, 7.51%, 0, 0, 3, 9.11
1747850191, 0, 1088, 1425, 1416, 19, 7.51%, 0, 0, 3, 8.46
1747850206, 0, 1089, 1425, 1416, 19, 7.51%, 0, 0, 3, 8.02
1747850222, 0, 1091, 1425, 1416, 19, 7.51%, 0, 0, 3, 8.52
1747850227, 0, 1091, 1426, 1417, 19, 7.51%, 0, 0, 3, 8.04
1747850253, 0, 1092, 1426, 1417, 19, 7.51%, 0, 0, 3, 8.82
1747850268, 0, 1094, 1426, 1417, 19, 7.51%, 0, 0, 3, 8.39
1747850284, 0, 1096, 1426, 1417, 19, 7.51%, 0, 0, 3, 8.72
1747850299, 0, 1098, 1426, 1417, 19, 7.51%, 0, 0, 3, 8.55
1747850315, 0, 1099, 1426, 1417, 19, 7.51%, 0, 0, 3, 8.85
1747850330, 0, 1100, 1426, 1417, 19, 7.51%, 0, 0, 3, 8.82
1747850346, 0, 1101, 1426, 1417, 19, 7.51%, 0, 0, 3, 8.66
1747850361, 0, 1101, 1427, 1418, 19, 7.51%, 0, 0, 3, 8.74
1747850377, 0, 1102, 1427, 1418, 19, 7.51%, 0, 0, 3, 8.92
1747850392, 0, 1103, 1427, 1418, 19, 7.51%, 0, 0, 3, 8.37
1747850407, 0, 1104, 1427, 1418, 19, 7.51%, 0, 0, 3, 8.53
1747850423, 0, 1105, 1427, 1418, 19, 7.51%, 0, 0, 3, 8.68
1747850438, 0, 1106, 1427, 1418, 19, 7.51%, 0, 0, 3, 8.31
1747850453, 0, 1107, 1427, 1418, 19, 7.51%, 0, 0, 3, 8.96
1747850469, 0, 1108, 1427, 1418, 19, 7.51%, 0, 0, 3, 8.12
1747850484, 0, 1109, 1427, 1418, 19, 7.51%, 0, 0, 3, 8.67
1747850500, 0, 1110, 1427, 1418, 19, 7.51%, 0, 0, 3, 8.83
1747850510, 0, 1111, 1427, 1418, 19, 7.51%, 0, 0, 3, 8.64
1747850526, 0, 1112, 1427, 1418, 19, 7.51%, 0, 0, 3, 8.60
1747850541, 0, 1114, 1427, 1418, 19, 7.51%, 0, 0, 3, 9.22
1747850551, 0, 1114, 1428, 1419, 19, 7.51%, 0, 0, 3, 8.15
1747850572, 0, 1115, 1428, 1419, 19, 7.51%, 0, 0, 3, 8.69
1747850587, 0, 1116, 1428, 1419, 19, 7.51%, 0, 0, 3, 8.32
1747850603, 0, 1117, 1428, 1419, 19, 7.51%, 0, 0, 3, 8.19
1747850618, 0, 1119, 1428, 1419, 19, 7.51%, 0, 0, 3, 8.92
1747850633, 0, 1120, 1428, 1419, 19, 7.51%, 0, 0, 3, 8.39
1747850649, 0, 1121, 1428, 1419, 19, 7.51%, 0, 0, 3, 8.10
1747850665, 0, 1125, 1428, 1419, 19, 7.51%, 0, 0, 3, 8.53
1747850680, 0, 1127, 1428, 1419, 19, 7.51%, 0, 0, 3, 9.01
1747850695, 0, 1128, 1428, 1419, 19, 7.51%, 0, 0, 3, 8.97
1747850711, 0, 1129, 1428, 1419, 19, 7.51%, 0, 0, 3, 8.18
1747850716, 0, 1129, 1429, 1420, 19, 7.52%, 0, 0, 3, 7.75
1747850736, 0, 1130, 1429, 1420, 20, 7.52%, 0, 0, 3, 14.25
1747850741, 0, 1131, 1429, 1420, 20, 7.52%, 0, 0, 3, 13.21
1747850751, 0, 1131, 1430, 1421, 20, 7.52%, 0, 0, 3, 13.37
1747850762, 0, 1132, 1430, 1421, 20, 7.52%, 0, 0, 3, 14.24
1747850772, 0, 1134, 1430, 1421, 20, 7.52%, 0, 0, 3, 13.96
1747850782, 0, 1135, 1430, 1421, 20, 7.52%, 0, 0, 3, 13.46
1747850792, 0, 1136, 1430, 1421, 20, 7.52%, 0, 0, 3, 14.10
1747850797, 0, 1137, 1430, 1421, 20, 7.52%, 0, 0, 3, 14.03
1747850808, 0, 1138, 1430, 1421, 20, 7.52%, 0, 0, 3, 14.17
1747850818, 0, 1139, 1430, 1421, 20, 7.52%, 0, 0, 3, 14.12
1747850828, 0, 1141, 1430, 1421, 20, 7.52%, 0, 0, 3, 13.46
1747850833, 0, 1142, 1430, 1421, 20, 7.52%, 0, 0, 3, 14.32
1747850844, 0, 1144, 1430, 1421, 20, 7.52%, 0, 0, 3, 14.15
1747850854, 0, 1147, 1430, 1421, 20, 7.52%, 0, 0, 3, 14.96
1747850864, 0, 1148, 1430, 1421, 20, 7.52%, 0, 0, 3, 13.92
1747850870, 0, 1148, 1431, 1422, 20, 7.52%, 0, 0, 3, 14.06
1747850880, 0, 1149, 1431, 1422, 20, 7.52%, 0, 0, 3, 14.25
1747850890, 0, 1150, 1431, 1422, 20, 7.52%, 0, 0, 3, 14.61
1747850900, 0, 1152, 1431, 1422, 20, 7.52%, 0, 0, 3, 13.88
1747850911, 0, 1153, 1431, 1422, 20, 7.52%, 0, 0, 3, 14.26
1747850916, 0, 1154, 1431, 1422, 20, 7.52%, 0, 0, 3, 12.83
1747850926, 0, 1155, 1431, 1422, 20, 7.52%, 0, 0, 3, 13.86
1747850936, 0, 1156, 1431, 1422, 20, 7.52%, 0, 0, 3, 14.82
1747850947, 0, 1157, 1431, 1422, 20, 7.52%, 0, 0, 3, 13.16
1747850952, 0, 1158, 1431, 1422, 20, 7.52%, 0, 0, 3, 14.59
1747850962, 0, 1160, 1431, 1422, 20, 7.52%, 0, 0, 3, 14.28
1747850972, 0, 1162, 1431, 1422, 20, 7.52%, 0, 0, 3, 14.87
1747850982, 0, 1163, 1431, 1422, 20, 7.52%, 0, 0, 3, 14.84
1747850988, 0, 1164, 1431, 1422, 20, 7.52%, 0, 0, 3, 14.33
1747850998, 0, 1165, 1432, 1423, 20, 7.52%, 0, 0, 3, 14.40
1747851003, 0, 1165, 1433, 1424, 20, 7.52%, 0, 0, 3, 13.71
1747851008, 0, 1165, 1434, 1425, 20, 7.52%, 0, 0, 3, 13.35
1747851024, 0, 1165, 1435, 1426, 20, 7.52%, 0, 0, 3, 13.12
1747851147, 0, 1166, 1435, 1426, 20, 7.52%, 0, 0, 3, 14.85
1747851157, 0, 1169, 1435, 1426, 20, 7.52%, 0, 0, 3, 14.07
1747851167, 0, 1170, 1435, 1426, 20, 7.52%, 0, 0, 3, 14.49
1747851172, 0, 1172, 1435, 1426, 20, 7.52%, 0, 0, 3, 13.38
1747851182, 0, 1172, 1436, 1427, 20, 7.52%, 0, 0, 3, 13.02
1747851187, 0, 1172, 1437, 1428, 20, 7.52%, 0, 0, 3, 14.02
1747851213, 0, 1172, 1438, 1429, 20, 7.52%, 0, 0, 3, 13.31
1747851254, 0, 1173, 1438, 1429, 20, 7.52%, 0, 0, 3, 14.46
1747851264, 0, 1174, 1438, 1429, 20, 7.52%, 0, 0, 3, 14.72
1747851269, 0, 1175, 1438, 1429, 20, 7.52%, 0, 0, 3, 15.09
1747851275, 0, 1175, 1439, 1430, 20, 7.52%, 0, 0, 3, 13.66
1747851290, 0, 1176, 1439, 1430, 20, 7.52%, 0, 0, 3, 13.09
1747851300, 0, 1177, 1440, 1431, 20, 7.52%, 0, 0, 3, 13.63
1747851321, 0, 1178, 1440, 1431, 20, 7.52%, 0, 0, 3, 13.98
1747851326, 0, 1179, 1440, 1431, 20, 7.52%, 0, 0, 3, 14.34
1747851336, 0, 1180, 1440, 1431, 20, 7.52%, 0, 0, 3, 14.58
1747851346, 0, 1181, 1440, 1431, 20, 7.52%, 0, 0, 3, 14.16
1747851356, 0, 1182, 1440, 1431, 20, 7.52%, 0, 0, 3, 14.33
1747851362, 0, 1183, 1440, 1431, 20, 7.52%, 0, 0, 3, 14.25
1747851367, 0, 1183, 1441, 1432, 20, 7.52%, 0, 0, 3, 13.83
1747851382, 0, 1184, 1441, 1432, 20, 7.52%, 0, 0, 3, 13.94
1747851392, 0, 1185, 1441, 1432, 20, 7.52%, 0, 0, 3, 14.28
1747851403, 0, 1186, 1441, 1432, 20, 7.52%, 0, 0, 3, 14.28
1747851408, 0, 1187, 1441, 1432, 20, 7.52%, 0, 0, 3, 14.75
1747851418, 0, 1188, 1441, 1432, 20, 7.52%, 0, 0, 3, 14.42
1747851428, 0, 1189, 1442, 1433, 20, 7.52%, 0, 0, 3, 13.14
1747851449, 0, 1191, 1442, 1433, 20, 7.52%, 0, 0, 3, 13.49
1747851454, 0, 1192, 1442, 1433, 20, 7.52%, 0, 0, 3, 15.28
1747851464, 0, 1195, 1442, 1433, 20, 7.52%, 0, 0, 3, 14.20
1747851474, 0, 1196, 1442, 1433, 20, 7.52%, 0, 0, 3, 14.07
1747851485, 0, 1197, 1442, 1433, 20, 7.52%, 0, 0, 3, 13.78
1747851495, 0, 1199, 1442, 1433, 20, 7.52%, 0, 0, 3, 14.56
1747851500, 0, 1200, 1442, 1433, 20, 7.52%, 0, 0, 3, 14.28
1747851510, 0, 1201, 1442, 1433, 20, 7.52%, 0, 0, 3, 14.06
1747851520, 0, 1202, 1442, 1433, 20, 7.52%, 0, 0, 3, 14.03
1747851530, 0, 1203, 1442, 1433, 20, 7.52%, 0, 0, 3, 13.92
1747851541, 0, 1204, 1442, 1433, 20, 7.52%, 0, 0, 3, 12.80
1747851546, 0, 1205, 1442, 1433, 20, 7.52%, 0, 0, 3, 13.91
1747851556, 0, 1207, 1442, 1433, 20, 7.52%, 0, 0, 3, 14.12
1747851566, 0, 1208, 1442, 1433, 20, 7.52%, 0, 0, 3, 13.84
1747851577, 0, 1209, 1442, 1433, 20, 7.52%, 0, 0, 3, 14.13
1747851587, 0, 1210, 1442, 1433, 20, 7.52%, 0, 0, 3, 15.24
1747851592, 0, 1211, 1442, 1433, 20, 7.52%, 0, 0, 3, 13.46
1747851602, 0, 1212, 1442, 1433, 20, 7.52%, 0, 0, 3, 13.36
1747851613, 0, 1213, 1442, 1433, 20, 7.52%, 0, 0, 3, 13.79
1747851623, 0, 1214, 1442, 1433, 20, 7.52%, 0, 0, 3, 14.47
1747851633, 0, 1215, 1442, 1433, 20, 7.52%, 0, 0, 3, 14.76
1747851638, 0, 1216, 1442, 1433, 20, 7.52%, 0, 0, 3, 13.97
1747851648, 0, 1219, 1442, 1433, 20, 7.52%, 0, 0, 3, 14.75
1747851658, 0, 1220, 1442, 1433, 20, 7.52%, 0, 0, 3, 14.34
1747851669, 0, 1221, 1442, 1433, 20, 7.52%, 0, 0, 3, 14.65
1747851674, 0, 1222, 1442, 1433, 20, 7.52%, 0, 0, 3, 14.73
