# unix_time, cycles_done, cur_path, paths_total, pending_total, pending_favs, map_size, unique_crashes, unique_hangs, max_depth, execs_per_sec
1747774284, 0, 0, 1, 1, 1, 5.01%, 0, 0, 1, 52.29
1747774289, 0, 0, 20, 20, 1, 5.73%, 0, 0, 2, 36.90
1747774294, 0, 0, 38, 38, 1, 5.73%, 0, 0, 2, 32.76
1747774300, 0, 0, 56, 56, 1, 5.73%, 0, 0, 2, 32.03
1747774305, 0, 0, 74, 74, 1, 5.73%, 0, 0, 2, 31.60
1747774310, 0, 0, 89, 89, 1, 6.32%, 0, 0, 2, 26.55
1747774315, 0, 0, 94, 94, 1, 7.42%, 0, 0, 2, 9.11
1747774320, 0, 0, 101, 101, 1, 7.46%, 0, 0, 2, 14.12
1747774325, 0, 0, 108, 108, 1, 7.46%, 0, 0, 2, 15.24
1747774330, 0, 0, 112, 112, 1, 7.48%, 0, 0, 2, 8.32
1747774335, 0, 0, 119, 119, 1, 7.48%, 0, 0, 2, 15.37
1747774340, 0, 0, 133, 133, 1, 7.49%, 0, 0, 2, 24.19
1747774345, 0, 0, 142, 142, 1, 7.49%, 0, 0, 2, 18.38
1747774351, 0, 0, 154, 154, 1, 7.50%, 0, 0, 2, 19.27
1747774356, 0, 0, 164, 164, 1, 7.50%, 0, 0, 2, 18.96
1747774361, 0, 0, 175, 175, 1, 7.50%, 0, 0, 2, 21.91
1747774366, 0, 0, 179, 179, 1, 7.79%, 0, 0, 2, 12.58
1747774371, 0, 0, 189, 189, 1, 7.79%, 0, 0, 2, 19.28
1747774376, 0, 0, 197, 197, 1, 7.89%, 0, 0, 2, 16.74
1747774381, 0, 0, 205, 205, 1, 7.89%, 0, 0, 2, 18.70
1747774386, 0, 0, 210, 210, 1, 7.89%, 0, 0, 2, 14.10
1747774391, 0, 0, 221, 221, 1, 7.89%, 0, 0, 2, 19.65
1747774397, 0, 0, 231, 231, 1, 7.89%, 0, 0, 2, 18.80
1747774402, 0, 0, 243, 243, 1, 7.89%, 0, 0, 2, 20.92
1747774407, 0, 0, 252, 252, 1, 7.89%, 0, 0, 2, 19.33
1747774412, 0, 0, 263, 263, 1, 7.90%, 0, 0, 2, 22.31
1747774417, 0, 0, 272, 272, 1, 7.92%, 0, 0, 2, 19.86
1747774422, 0, 0, 278, 278, 1, 7.92%, 0, 0, 2, 14.66
1747774427, 0, 0, 288, 288, 1, 7.92%, 0, 0, 2, 21.11
1747774432, 0, 0, 294, 294, 1, 7.92%, 0, 0, 2, 16.40
1747774438, 0, 0, 302, 302, 1, 7.92%, 0, 0, 2, 16.85
1747774443, 0, 0, 312, 312, 1, 7.92%, 0, 0, 2, 23.94
1747774448, 0, 0, 318, 318, 1, 7.92%, 0, 0, 2, 16.99
1747774453, 0, 0, 325, 325, 1, 7.92%, 0, 0, 2, 15.63
1747774458, 0, 0, 332, 332, 1, 7.92%, 0, 0, 2, 14.60
1747774463, 0, 0, 341, 341, 1, 7.92%, 0, 0, 2, 18.44
1747774468, 0, 0, 348, 348, 1, 7.92%, 0, 0, 2, 15.52
1747774473, 0, 0, 356, 356, 1, 7.92%, 0, 0, 2, 19.47
1747774478, 0, 0, 362, 362, 1, 7.92%, 0, 0, 2, 16.28
1747774483, 0, 0, 370, 370, 1, 7.92%, 0, 0, 2, 18.62
1747774489, 0, 0, 379, 379, 1, 7.92%, 0, 0, 2, 19.95
1747774494, 0, 0, 385, 385, 1, 7.92%, 0, 0, 2, 14.46
1747774499, 0, 0, 393, 393, 1, 7.92%, 0, 0, 2, 13.90
1747774504, 0, 0, 400, 400, 1, 7.92%, 0, 0, 2, 16.08
1747774509, 0, 0, 408, 408, 1, 7.92%, 0, 0, 2, 15.96
1747774514, 0, 0, 412, 412, 1, 7.92%, 0, 0, 2, 12.67
1747774520, 0, 0, 419, 419, 1, 7.92%, 0, 0, 2, 15.18
1747774525, 0, 0, 427, 427, 1, 7.92%, 0, 0, 2, 18.27
1747774530, 0, 0, 432, 432, 1, 7.92%, 0, 0, 2, 14.33
1747774535, 0, 0, 440, 440, 1, 7.93%, 0, 0, 2, 22.12
1747774540, 0, 0, 447, 447, 1, 7.93%, 0, 0, 2, 19.63
1747774545, 0, 0, 453, 453, 1, 7.93%, 0, 0, 2, 13.84
1747774550, 0, 0, 459, 459, 1, 7.93%, 0, 0, 2, 15.46
1747774555, 0, 0, 466, 466, 1, 7.93%, 0, 0, 2, 19.56
1747774561, 0, 0, 472, 472, 1, 7.93%, 0, 0, 2, 17.43
1747774566, 0, 0, 478, 478, 1, 7.93%, 0, 0, 2, 14.63
1747774571, 0, 0, 482, 482, 1, 7.93%, 0, 0, 2, 13.39
1747774576, 0, 0, 491, 491, 1, 7.93%, 0, 0, 2, 16.40
1747774581, 0, 0, 496, 496, 1, 7.93%, 0, 0, 2, 14.94
1747774586, 0, 0, 501, 501, 1, 7.93%, 0, 0, 2, 14.64
1747774591, 0, 0, 503, 503, 1, 7.93%, 0, 0, 2, 4.29
1747774596, 0, 0, 507, 507, 1, 7.93%, 0, 0, 2, 7.94
1747774602, 0, 0, 509, 509, 1, 7.94%, 0, 0, 2, 7.04
1747774607, 0, 0, 511, 511, 1, 7.94%, 0, 0, 2, 6.16
1747774612, 0, 0, 514, 514, 1, 7.94%, 0, 0, 2, 7.28
1747774617, 0, 0, 518, 518, 1, 7.94%, 0, 0, 2, 4.89
1747774622, 0, 0, 522, 522, 1, 7.94%, 0, 0, 2, 4.65
1747774627, 0, 0, 525, 525, 1, 7.94%, 0, 0, 2, 27.60
1747774632, 0, 0, 528, 528, 1, 7.94%, 0, 0, 2, 11.15
1747774638, 0, 0, 531, 531, 1, 7.94%, 0, 0, 2, 10.74
1747774643, 0, 0, 533, 533, 1, 7.94%, 0, 0, 2, 10.62
1747774648, 0, 0, 537, 537, 1, 7.94%, 0, 0, 2, 10.57
1747774653, 0, 0, 540, 540, 1, 7.94%, 0, 0, 2, 7.05
1747774658, 0, 0, 544, 544, 1, 7.94%, 0, 0, 2, 13.84
1747774663, 0, 0, 547, 547, 1, 7.94%, 0, 0, 2, 5.59
1747774668, 0, 0, 550, 550, 1, 7.94%, 0, 0, 2, 6.54
1747774674, 0, 0, 553, 553, 1, 7.94%, 0, 0, 2, 7.46
1747774679, 0, 0, 557, 557, 1, 7.94%, 0, 0, 2, 10.85
1747774684, 0, 0, 560, 560, 1, 7.94%, 0, 0, 2, 8.17
1747774689, 0, 0, 563, 563, 1, 7.94%, 0, 0, 2, 8.52
1747774694, 0, 0, 566, 566, 1, 7.99%, 0, 0, 2, 8.78
1747774699, 0, 0, 567, 567, 1, 7.99%, 0, 0, 2, 12.52
1747774704, 0, 0, 570, 570, 1, 7.99%, 0, 0, 2, 9.77
1747774710, 0, 0, 572, 572, 1, 7.99%, 0, 0, 2, 8.51
1747774715, 0, 0, 574, 574, 1, 7.99%, 0, 0, 2, 6.60
1747774720, 0, 0, 576, 576, 1, 7.99%, 0, 0, 2, 41.12
1747774725, 0, 0, 578, 578, 1, 7.99%, 0, 0, 2, 5.97
1747774730, 0, 0, 580, 580, 1, 7.99%, 0, 0, 2, 7.26
1747774735, 0, 0, 583, 583, 1, 7.99%, 0, 0, 2, 6.44
1747774740, 0, 0, 585, 585, 1, 7.99%, 0, 0, 2, 8.73
1747774746, 0, 0, 587, 587, 1, 7.99%, 0, 0, 2, 12.00
1747774751, 0, 0, 589, 589, 1, 7.99%, 0, 0, 2, 8.96
1747774756, 0, 0, 592, 592, 1, 7.99%, 0, 0, 2, 7.58
1747774761, 0, 0, 595, 595, 1, 7.99%, 0, 0, 2, 8.16
1747774766, 0, 0, 597, 597, 1, 7.99%, 0, 0, 2, 11.50
1747774771, 0, 0, 599, 599, 1, 7.99%, 0, 0, 2, 8.62
1747774776, 0, 0, 602, 602, 1, 7.99%, 0, 0, 2, 11.73
1747774781, 0, 0, 605, 605, 1, 7.99%, 0, 0, 2, 11.57
1747774786, 0, 0, 608, 608, 1, 7.99%, 0, 0, 2, 11.87
1747774791, 0, 0, 611, 611, 1, 7.99%, 0, 0, 2, 9.49
1747774797, 0, 0, 612, 612, 1, 8.00%, 0, 0, 2, 7.79
1747774802, 0, 0, 614, 614, 1, 8.00%, 0, 0, 2, 7.35
1747774807, 0, 0, 616, 616, 1, 8.00%, 0, 0, 2, 9.54
1747774812, 0, 0, 620, 620, 1, 8.00%, 0, 0, 2, 12.77
1747774817, 0, 0, 622, 622, 1, 8.00%, 0, 0, 2, 8.16
1747774822, 0, 0, 624, 624, 1, 8.00%, 0, 0, 2, 8.64
1747774828, 0, 0, 626, 626, 1, 8.00%, 0, 0, 2, 6.94
1747774833, 0, 0, 628, 628, 1, 8.00%, 0, 0, 2, 8.84
1747774838, 0, 0, 630, 630, 1, 8.00%, 0, 0, 2, 12.43
1747774843, 0, 0, 632, 632, 1, 8.00%, 0, 0, 2, 9.07
1747774848, 0, 0, 636, 636, 1, 8.00%, 0, 0, 2, 10.20
1747774853, 0, 0, 638, 638, 1, 8.00%, 0, 0, 2, 10.89
1747774858, 0, 0, 639, 639, 1, 8.00%, 0, 0, 2, 9.21
1747774863, 0, 0, 641, 641, 1, 8.00%, 0, 0, 2, 7.96
1747774874, 0, 0, 642, 642, 1, 8.00%, 0, 0, 2, 12.75
1747774879, 0, 0, 644, 644, 1, 8.00%, 0, 0, 2, 10.36
1747774884, 0, 0, 646, 646, 1, 8.00%, 0, 0, 2, 11.13
1747774889, 0, 0, 648, 648, 1, 8.00%, 0, 0, 2, 8.88
1747774900, 0, 0, 649, 649, 1, 8.00%, 0, 0, 2, 13.70
1747774905, 0, 0, 653, 653, 1, 8.00%, 0, 0, 2, 11.89
1747774910, 0, 0, 654, 654, 1, 8.00%, 0, 0, 2, 6.98
1747774915, 0, 0, 655, 655, 1, 8.00%, 0, 0, 2, 7.25
1747774920, 0, 0, 658, 658, 1, 8.07%, 0, 0, 2, 11.38
1747774926, 0, 0, 659, 659, 1, 8.07%, 0, 0, 2, 9.05
1747774936, 0, 0, 660, 660, 1, 8.07%, 0, 0, 2, 11.60
1747774941, 0, 0, 662, 662, 1, 8.07%, 0, 0, 2, 11.06
1747774952, 0, 0, 664, 664, 1, 8.07%, 0, 0, 2, 13.41
1747774957, 0, 0, 666, 666, 1, 8.07%, 0, 0, 2, 7.41
1747774962, 0, 0, 667, 667, 1, 8.07%, 0, 0, 2, 8.98
1747774967, 0, 0, 668, 668, 1, 8.07%, 0, 0, 2, 9.01
1747774972, 0, 0, 669, 669, 1, 8.07%, 0, 0, 2, 10.79
1747774977, 0, 0, 671, 671, 1, 8.07%, 0, 0, 2, 7.36
1747774982, 0, 0, 673, 673, 1, 8.07%, 0, 0, 2, 7.61
1747774988, 0, 0, 674, 674, 1, 8.07%, 0, 0, 2, 11.00
1747774993, 0, 0, 675, 675, 1, 8.07%, 0, 0, 2, 7.08
1747774998, 0, 0, 676, 676, 1, 8.07%, 0, 0, 2, 9.20
1747775003, 0, 0, 678, 678, 1, 8.07%, 0, 0, 2, 10.25
1747775008, 0, 0, 680, 680, 1, 8.07%, 0, 0, 2, 10.37
1747775013, 0, 0, 681, 681, 1, 8.07%, 0, 0, 2, 9.60
1747775018, 0, 0, 682, 682, 1, 8.07%, 0, 0, 2, 11.22
1747775029, 0, 0, 683, 683, 1, 8.07%, 0, 0, 2, 12.35
1747775045, 0, 0, 684, 684, 1, 8.07%, 0, 0, 2, 9.85
1747775050, 0, 0, 686, 686, 1, 8.07%, 0, 0, 2, 11.28
1747775060, 0, 0, 687, 687, 1, 8.07%, 0, 0, 2, 9.90
1747775066, 0, 0, 689, 689, 1, 8.07%, 0, 0, 2, 9.66
1747775071, 0, 0, 691, 691, 1, 8.07%, 0, 0, 2, 11.10
1747775076, 0, 0, 692, 692, 1, 8.07%, 0, 0, 2, 11.31
1747775081, 0, 0, 693, 693, 1, 8.07%, 0, 0, 2, 10.13
1747775086, 0, 0, 695, 695, 1, 8.07%, 0, 0, 2, 8.26
1747775097, 0, 0, 696, 696, 1, 8.07%, 0, 0, 2, 11.67
1747775102, 0, 0, 698, 698, 1, 8.07%, 0, 0, 2, 7.58
1747775107, 0, 0, 699, 699, 1, 8.07%, 0, 0, 2, 10.18
1747775112, 0, 0, 700, 700, 1, 8.07%, 0, 0, 2, 7.16
1747775117, 0, 0, 702, 702, 1, 8.07%, 0, 0, 2, 12.55
1747775128, 0, 0, 704, 704, 1, 8.07%, 0, 0, 2, 11.69
1747775138, 0, 0, 705, 705, 1, 8.07%, 0, 0, 2, 12.33
1747775149, 0, 0, 706, 706, 1, 8.07%, 0, 0, 2, 9.41
1747775159, 0, 0, 708, 708, 1, 8.07%, 0, 0, 2, 9.38
1747775164, 0, 0, 709, 709, 1, 8.07%, 0, 0, 2, 11.11
1747775180, 0, 0, 710, 710, 1, 8.07%, 0, 0, 2, 11.58
1747775185, 0, 0, 711, 711, 1, 8.07%, 0, 0, 2, 13.05
1747775190, 0, 0, 712, 712, 1, 8.07%, 0, 0, 2, 13.22
1747775195, 0, 0, 714, 714, 1, 8.07%, 0, 0, 2, 12.04
1747775201, 0, 0, 715, 715, 1, 8.10%, 0, 0, 2, 9.68
1747775206, 0, 0, 716, 716, 1, 8.10%, 0, 0, 2, 10.13
1747775211, 0, 0, 718, 718, 1, 8.19%, 0, 0, 2, 9.90
1747775221, 0, 0, 719, 719, 1, 8.19%, 0, 0, 2, 13.39
1747775231, 0, 0, 720, 720, 1, 8.19%, 0, 0, 2, 13.90
1747775241, 0, 0, 722, 722, 1, 8.19%, 0, 0, 2, 13.14
1747775252, 0, 0, 723, 723, 1, 8.19%, 0, 0, 2, 11.97
1747775262, 0, 0, 725, 725, 1, 8.19%, 0, 0, 2, 10.76
1747775267, 0, 0, 727, 727, 1, 8.19%, 0, 0, 2, 9.50
1747775272, 0, 0, 728, 728, 1, 8.19%, 0, 0, 2, 6.07
1747775283, 0, 0, 729, 729, 1, 8.19%, 0, 0, 2, 12.64
1747775288, 0, 0, 730, 730, 1, 8.19%, 0, 0, 2, 10.24
1747775293, 0, 0, 731, 731, 1, 8.19%, 0, 0, 2, 8.03
1747775298, 0, 0, 733, 733, 1, 8.19%, 0, 0, 2, 7.54
1747775308, 0, 0, 734, 734, 1, 8.19%, 0, 0, 2, 11.83
1747775313, 0, 0, 735, 735, 1, 8.19%, 0, 0, 2, 10.33
1747775324, 0, 0, 736, 736, 1, 8.19%, 0, 0, 2, 14.16
1747775339, 0, 0, 737, 737, 1, 8.19%, 0, 0, 2, 12.82
1747775349, 0, 0, 738, 738, 1, 8.19%, 0, 0, 2, 12.89
1747775365, 0, 0, 739, 739, 1, 8.19%, 0, 0, 2, 11.77
1747775375, 0, 0, 740, 740, 1, 8.19%, 0, 0, 2, 8.80
1747775380, 0, 0, 741, 741, 1, 8.19%, 0, 0, 2, 9.58
1747775396, 0, 0, 742, 742, 1, 8.19%, 0, 0, 2, 9.17
1747775406, 0, 0, 743, 743, 1, 8.19%, 0, 0, 2, 11.33
1747775411, 0, 0, 744, 744, 1, 8.19%, 0, 0, 2, 11.03
1747775421, 0, 0, 745, 745, 1, 8.19%, 0, 0, 2, 12.71
1747775426, 0, 0, 746, 746, 1, 8.19%, 0, 0, 2, 13.92
1747775432, 0, 0, 747, 747, 1, 8.19%, 0, 0, 2, 9.36
1747775437, 0, 0, 748, 748, 1, 8.19%, 0, 0, 2, 7.55
1747775442, 0, 0, 749, 749, 1, 8.19%, 0, 0, 2, 9.55
1747775457, 0, 0, 750, 750, 1, 8.19%, 0, 0, 2, 11.26
1747775473, 0, 0, 751, 751, 1, 8.19%, 0, 0, 2, 12.18
1747775478, 0, 0, 752, 752, 1, 8.19%, 0, 0, 2, 13.81
1747775483, 0, 0, 753, 753, 1, 8.19%, 0, 0, 2, 13.62
1747775488, 0, 0, 754, 754, 1, 8.19%, 0, 0, 2, 12.50
1747775493, 0, 0, 755, 755, 1, 8.19%, 0, 0, 2, 12.29
1747775509, 0, 0, 756, 756, 1, 8.19%, 0, 0, 2, 13.50
1747775519, 0, 0, 757, 757, 1, 8.19%, 0, 0, 2, 9.52
1747775524, 0, 0, 758, 758, 1, 8.19%, 0, 0, 2, 10.64
1747775529, 0, 0, 759, 759, 1, 8.19%, 0, 0, 2, 10.40
1747775544, 0, 0, 760, 760, 1, 8.19%, 0, 0, 2, 10.60
1747775549, 0, 0, 761, 761, 1, 8.19%, 0, 0, 2, 10.48
1747775560, 0, 0, 762, 762, 1, 8.19%, 0, 0, 2, 10.37
1747775575, 0, 0, 763, 763, 1, 8.19%, 0, 0, 2, 12.95
1747775580, 0, 0, 764, 764, 1, 8.19%, 0, 0, 2, 10.29
1747775586, 0, 0, 765, 765, 1, 8.19%, 0, 0, 2, 10.36
1747775591, 0, 0, 767, 767, 1, 8.19%, 0, 0, 2, 9.51
1747775617, 0, 0, 768, 768, 1, 8.19%, 0, 0, 2, 13.44
1747775658, 0, 0, 769, 769, 1, 8.19%, 0, 0, 2, 10.24
1747775663, 0, 0, 771, 771, 1, 8.19%, 0, 0, 2, 11.59
1747775668, 0, 0, 772, 772, 1, 8.19%, 0, 0, 2, 9.03
1747775694, 0, 0, 773, 773, 1, 8.19%, 0, 0, 2, 13.31
1747775699, 0, 0, 774, 774, 1, 8.20%, 0, 0, 2, 2.23
1747775714, 0, 0, 775, 775, 1, 8.20%, 0, 0, 2, 12.22
1747775719, 0, 0, 776, 776, 1, 8.21%, 0, 0, 2, 11.88
1747775735, 0, 0, 777, 777, 1, 8.21%, 0, 0, 2, 9.52
1747775765, 0, 0, 778, 778, 1, 8.21%, 0, 0, 2, 12.48
1747775770, 0, 0, 779, 779, 1, 8.21%, 0, 0, 2, 7.85
1747775781, 0, 0, 780, 780, 1, 8.21%, 0, 0, 2, 11.47
1747775796, 0, 0, 781, 781, 1, 8.21%, 0, 0, 2, 11.66
1747775801, 0, 0, 782, 782, 1, 8.21%, 0, 0, 2, 9.52
1747775806, 0, 0, 783, 783, 1, 8.21%, 0, 0, 2, 12.73
1747775843, 0, 0, 784, 784, 1, 8.21%, 0, 0, 2, 11.79
1747775853, 0, 0, 785, 785, 1, 8.21%, 0, 0, 2, 9.87
1747775863, 0, 0, 786, 786, 1, 8.21%, 0, 0, 2, 2.24
1747775884, 0, 0, 787, 787, 1, 8.21%, 0, 0, 2, 10.05
1747775889, 0, 0, 788, 788, 1, 8.21%, 0, 0, 2, 9.13
1747775905, 0, 0, 789, 789, 1, 8.21%, 0, 0, 2, 8.01
1747775931, 0, 0, 790, 790, 1, 8.21%, 0, 0, 2, 2.01
1747775936, 0, 0, 791, 791, 1, 8.21%, 0, 0, 2, 13.56
1747775982, 0, 0, 792, 792, 1, 8.21%, 0, 0, 2, 9.89
1747775998, 0, 0, 793, 793, 1, 8.21%, 0, 0, 2, 12.16
1747776008, 0, 0, 794, 794, 1, 8.22%, 0, 0, 2, 10.94
1747776054, 0, 0, 795, 795, 1, 8.22%, 0, 0, 2, 10.42
1747776085, 0, 0, 796, 796, 1, 8.22%, 0, 0, 2, 11.95
1747776096, 0, 0, 797, 797, 1, 8.22%, 0, 0, 2, 11.25
1747776121, 0, 0, 798, 798, 1, 8.23%, 0, 0, 2, 11.90
1747776219, 0, 1, 799, 798, 29, 8.23%, 0, 0, 2, 2.23
1747776230, 0, 1, 800, 799, 29, 8.23%, 0, 0, 2, 3.74
1747776235, 0, 1, 801, 800, 29, 8.23%, 0, 0, 2, 3.56
1747776240, 0, 1, 802, 801, 29, 8.23%, 0, 0, 2, 3.79
1747776245, 0, 1, 803, 802, 29, 8.23%, 0, 0, 2, 3.28
1747776250, 0, 1, 804, 803, 29, 8.23%, 0, 0, 2, 3.90
1747776261, 0, 1, 805, 804, 29, 8.23%, 0, 0, 2, 3.19
1747776281, 0, 1, 806, 805, 29, 8.23%, 0, 0, 2, 4.68
1747776286, 0, 1, 807, 806, 29, 8.23%, 0, 0, 2, 4.03
1747776297, 0, 1, 808, 807, 29, 8.23%, 0, 0, 2, 3.62
1747776302, 0, 1, 809, 808, 29, 8.23%, 0, 0, 2, 3.11
1747776317, 0, 1, 810, 809, 29, 8.23%, 0, 0, 2, 4.32
1747776327, 0, 1, 811, 810, 29, 8.23%, 0, 0, 2, 4.00
1747776337, 0, 1, 812, 811, 29, 8.23%, 0, 0, 2, 3.31
1747776343, 0, 1, 813, 812, 29, 8.23%, 0, 0, 2, 2.86
1747776348, 0, 1, 814, 813, 29, 8.24%, 0, 0, 2, 3.26
1747776363, 0, 1, 815, 814, 29, 8.24%, 0, 0, 2, 3.88
1747776374, 0, 1, 816, 815, 29, 8.24%, 0, 0, 2, 3.16
1747776384, 0, 1, 817, 816, 29, 8.24%, 0, 0, 2, 4.70
1747776415, 0, 1, 818, 817, 29, 8.24%, 0, 0, 2, 4.41
1747776421, 0, 1, 819, 818, 29, 8.24%, 0, 0, 2, 3.49
1747776431, 0, 1, 820, 819, 29, 8.24%, 0, 0, 2, 4.17
1747776441, 0, 1, 821, 820, 29, 8.24%, 0, 0, 2, 3.67
1747776482, 0, 1, 822, 821, 29, 8.25%, 0, 0, 2, 4.59
1747776487, 0, 1, 823, 822, 29, 8.25%, 0, 0, 2, 3.81
1747776492, 0, 1, 824, 823, 29, 8.25%, 0, 0, 2, 3.29
1747776513, 0, 1, 825, 824, 29, 8.25%, 0, 0, 2, 4.08
1747776518, 0, 1, 826, 825, 29, 8.25%, 0, 0, 2, 4.42
1747776523, 0, 1, 827, 826, 29, 8.25%, 0, 0, 2, 3.57
1747776539, 0, 1, 828, 827, 29, 8.25%, 0, 0, 2, 3.43
1747776544, 0, 1, 829, 828, 29, 8.25%, 0, 0, 2, 2.83
1747776549, 0, 1, 830, 829, 29, 8.25%, 0, 0, 2, 3.38
1747776586, 0, 1, 831, 830, 29, 8.25%, 0, 0, 2, 3.91
1747776611, 0, 1, 832, 831, 29, 8.25%, 0, 0, 2, 3.85
1747776616, 0, 1, 833, 832, 29, 8.25%, 0, 0, 2, 3.88
1747776647, 0, 1, 834, 833, 29, 8.25%, 0, 0, 2, 3.89
1747776663, 0, 1, 835, 834, 29, 8.25%, 0, 0, 2, 3.89
1747776673, 0, 1, 836, 835, 29, 8.25%, 0, 0, 2, 4.31
1747776679, 0, 1, 837, 836, 29, 8.25%, 0, 0, 2, 3.81
1747776694, 0, 1, 838, 837, 29, 8.25%, 0, 0, 2, 3.96
1747776704, 0, 1, 839, 838, 29, 8.25%, 0, 0, 2, 4.01
1747776710, 0, 1, 841, 840, 29, 8.25%, 0, 0, 2, 4.54
1747776741, 0, 1, 842, 841, 29, 8.26%, 0, 0, 2, 3.87
1747776777, 0, 1, 843, 842, 29, 8.26%, 0, 0, 2, 4.06
1747776798, 0, 1, 844, 843, 29, 8.26%, 0, 0, 2, 3.58
1747776809, 0, 1, 845, 844, 29, 8.26%, 0, 0, 2, 3.27
1747776840, 0, 1, 846, 845, 29, 8.26%, 0, 0, 2, 3.94
1747776861, 0, 1, 847, 846, 29, 8.26%, 0, 0, 2, 4.64
1747776928, 0, 1, 848, 847, 29, 8.26%, 0, 0, 2, 3.67
1747776980, 0, 1, 849, 848, 29, 8.26%, 0, 0, 2, 4.31
1747777016, 0, 1, 850, 849, 29, 8.26%, 0, 0, 2, 4.31
1747777042, 0, 1, 851, 850, 29, 8.26%, 0, 0, 2, 4.13
1747777058, 0, 1, 852, 851, 29, 8.26%, 0, 0, 2, 3.24
1747777135, 0, 1, 853, 852, 29, 8.26%, 0, 0, 2, 4.18
1747777208, 0, 1, 854, 853, 29, 8.26%, 0, 0, 2, 3.68
1747777228, 0, 1, 855, 854, 29, 8.26%, 0, 0, 2, 3.81
1747777312, 0, 1, 856, 855, 29, 8.26%, 0, 0, 2, 3.77
1747777332, 0, 1, 857, 856, 29, 8.26%, 0, 0, 2, 3.44
1747777343, 0, 1, 858, 857, 29, 8.26%, 0, 0, 2, 4.54
1747777364, 0, 1, 859, 858, 29, 8.26%, 0, 0, 2, 3.51
1747777369, 0, 1, 860, 859, 29, 8.26%, 0, 0, 2, 3.28
1747777374, 0, 2, 861, 860, 29, 8.26%, 0, 0, 2, 3.65
1747777384, 0, 2, 862, 861, 29, 8.26%, 0, 0, 2, 3.18
1747777400, 0, 2, 863, 862, 29, 8.26%, 0, 0, 2, 3.51
1747777426, 0, 2, 864, 863, 29, 8.26%, 0, 0, 2, 3.98
1747777431, 0, 2, 865, 864, 29, 8.26%, 0, 0, 2, 3.12
1747777437, 0, 2, 866, 865, 29, 8.26%, 0, 0, 2, 2.56
1747777457, 0, 2, 867, 866, 29, 8.26%, 0, 0, 2, 3.97
1747777462, 0, 2, 868, 867, 29, 8.26%, 0, 0, 2, 3.54
1747777473, 0, 2, 869, 868, 29, 8.26%, 0, 0, 2, 3.44
1747777478, 0, 2, 870, 869, 29, 8.26%, 0, 0, 2, 2.85
1747777483, 0, 2, 871, 870, 29, 8.26%, 0, 0, 2, 3.18
1747777494, 0, 2, 872, 871, 29, 8.26%, 0, 0, 2, 3.49
1747777499, 0, 2, 873, 872, 29, 8.26%, 0, 0, 2, 2.80
1747777519, 0, 2, 874, 873, 29, 8.26%, 0, 0, 2, 3.95
1747777524, 0, 2, 875, 874, 29, 8.26%, 0, 0, 2, 3.18
1747777530, 0, 2, 876, 875, 29, 8.26%, 0, 0, 2, 2.68
1747777551, 0, 2, 877, 876, 29, 8.26%, 0, 0, 2, 3.94
1747777582, 0, 2, 878, 877, 29, 8.26%, 0, 0, 2, 4.74
1747777593, 0, 2, 879, 878, 29, 8.26%, 0, 0, 2, 3.79
1747777613, 0, 2, 880, 879, 29, 8.26%, 0, 0, 2, 3.25
1747777618, 0, 2, 881, 880, 29, 8.26%, 0, 0, 2, 4.24
1747777624, 0, 2, 883, 882, 29, 8.26%, 0, 0, 2, 3.97
1747777634, 0, 2, 884, 883, 29, 8.26%, 0, 0, 2, 3.65
1747777649, 0, 2, 885, 884, 29, 8.27%, 0, 0, 2, 3.61
1747777670, 0, 2, 886, 885, 29, 8.27%, 0, 0, 2, 3.92
1747777680, 0, 2, 887, 886, 29, 8.27%, 0, 0, 2, 3.50
1747777691, 0, 2, 888, 887, 29, 8.27%, 0, 0, 2, 3.28
1747777722, 0, 2, 889, 888, 29, 8.27%, 0, 0, 2, 3.26
1747777727, 0, 2, 890, 889, 29, 8.27%, 0, 0, 2, 2.91
1747777742, 0, 2, 891, 890, 29, 8.27%, 0, 0, 2, 4.64
1747777762, 0, 2, 892, 891, 29, 8.27%, 0, 0, 2, 4.25
1747777768, 0, 2, 893, 892, 29, 8.27%, 0, 0, 2, 3.46
1747777783, 0, 2, 894, 893, 29, 8.27%, 0, 0, 2, 4.05
1747777799, 0, 2, 895, 894, 29, 8.27%, 0, 0, 2, 3.53
1747777814, 0, 2, 896, 895, 29, 8.27%, 0, 0, 2, 3.54
1747777967, 0, 2, 897, 896, 29, 8.27%, 0, 0, 2, 3.69
1747778009, 0, 2, 898, 897, 29, 8.27%, 0, 0, 2, 4.45
1747778035, 0, 2, 899, 898, 29, 8.27%, 0, 0, 2, 3.65
1747778056, 0, 2, 900, 899, 29, 8.27%, 0, 0, 2, 3.42
1747778072, 0, 2, 901, 900, 29, 8.27%, 0, 0, 2, 3.90
1747778092, 0, 2, 902, 901, 29, 8.27%, 0, 0, 2, 3.56
1747778134, 0, 2, 903, 902, 29, 8.27%, 0, 0, 2, 3.57
1747778177, 0, 2, 904, 903, 29, 8.27%, 0, 0, 2, 3.54
1747778193, 0, 2, 905, 904, 29, 8.29%, 0, 0, 2, 4.03
1747778208, 0, 2, 906, 905, 29, 8.29%, 0, 0, 2, 3.44
1747778240, 0, 2, 907, 906, 29, 8.29%, 0, 0, 2, 3.77
1747778276, 0, 2, 908, 907, 29, 8.29%, 0, 0, 2, 4.34
1747778313, 0, 2, 909, 908, 29, 8.29%, 0, 0, 2, 4.20
1747778328, 0, 2, 910, 909, 29, 8.30%, 0, 0, 2, 4.45
1747778334, 0, 2, 911, 910, 29, 8.30%, 0, 0, 2, 4.62
1747778494, 0, 2, 912, 911, 29, 8.30%, 0, 0, 2, 3.91
1747778515, 0, 2, 913, 912, 29, 8.30%, 0, 0, 2, 3.70
1747778526, 0, 2, 914, 913, 29, 8.30%, 0, 0, 2, 3.73
1747778531, 0, 2, 915, 914, 29, 8.31%, 0, 0, 2, 3.53
1747778536, 0, 2, 916, 915, 29, 8.31%, 0, 0, 2, 3.63
1747778542, 0, 2, 917, 916, 29, 8.31%, 0, 0, 2, 3.02
1747778557, 0, 2, 918, 917, 29, 8.31%, 0, 0, 2, 3.89
1747778567, 0, 2, 919, 918, 29, 8.31%, 0, 0, 2, 3.28
1747778593, 0, 2, 920, 919, 29, 8.31%, 0, 0, 2, 3.75
1747778599, 0, 2, 922, 921, 29, 8.31%, 0, 0, 2, 3.77
1747778620, 0, 2, 923, 922, 29, 8.31%, 0, 0, 2, 4.50
1747778630, 0, 2, 924, 923, 29, 8.31%, 0, 0, 2, 3.73
1747778640, 0, 3, 924, 923, 30, 8.31%, 0, 0, 2, 4.26
1747778666, 0, 3, 925, 924, 30, 8.31%, 0, 0, 2, 3.69
1747778703, 0, 5, 925, 924, 30, 8.31%, 0, 0, 2, 4.22
1747778740, 0, 6, 926, 925, 30, 8.31%, 0, 0, 2, 3.65
1747778760, 0, 6, 927, 926, 30, 8.31%, 0, 0, 2, 3.93
1747778771, 0, 6, 928, 927, 30, 8.31%, 0, 0, 2, 4.16
1747778781, 0, 6, 929, 928, 30, 8.31%, 0, 0, 2, 3.51
1747778792, 0, 6, 930, 929, 30, 8.31%, 0, 0, 2, 3.50
1747778844, 0, 6, 931, 930, 30, 8.31%, 0, 0, 2, 3.47
1747778932, 0, 6, 932, 931, 30, 8.31%, 0, 0, 2, 3.42
1747778985, 0, 6, 933, 932, 30, 8.31%, 0, 0, 2, 3.90
1747778995, 0, 6, 934, 933, 30, 8.31%, 0, 0, 2, 3.57
1747779005, 0, 6, 935, 934, 30, 8.31%, 0, 0, 2, 3.47
1747779031, 0, 6, 936, 935, 30, 8.31%, 0, 0, 2, 3.79
1747779036, 0, 6, 937, 936, 30, 8.31%, 0, 0, 2, 3.96
1747779134, 0, 6, 938, 937, 30, 8.31%, 0, 0, 2, 3.99
1747779171, 0, 6, 939, 938, 30, 8.31%, 0, 0, 2, 4.21
1747779187, 0, 6, 940, 939, 30, 8.32%, 0, 0, 2, 3.60
1747779233, 0, 6, 941, 940, 30, 8.32%, 0, 0, 2, 4.13
1747779259, 0, 6, 942, 941, 30, 8.32%, 0, 0, 2, 3.83
1747779275, 0, 6, 943, 942, 30, 8.32%, 0, 0, 2, 3.83
1747779430, 0, 6, 944, 943, 30, 8.33%, 0, 0, 2, 4.25
1747779435, 0, 6, 945, 944, 30, 8.33%, 0, 0, 2, 3.37
1747779461, 0, 6, 946, 945, 30, 8.33%, 0, 0, 2, 4.56
1747779477, 0, 6, 947, 946, 30, 8.50%, 0, 0, 2, 3.98
1747779493, 0, 6, 948, 947, 30, 8.50%, 0, 0, 2, 3.75
1747779530, 0, 6, 949, 948, 30, 8.50%, 0, 0, 2, 3.64
1747779540, 0, 6, 950, 949, 30, 8.50%, 0, 0, 2, 3.26
1747779577, 0, 6, 951, 950, 30, 8.50%, 0, 0, 2, 3.85
1747779665, 0, 6, 952, 951, 30, 8.50%, 0, 0, 2, 3.94
1747779686, 0, 6, 953, 952, 30, 8.50%, 0, 0, 2, 3.75
1747779712, 0, 6, 954, 953, 30, 8.50%, 0, 0, 2, 3.46
1747779717, 0, 6, 955, 954, 30, 8.50%, 0, 0, 2, 3.70
1747779790, 0, 6, 956, 955, 30, 8.50%, 0, 0, 2, 3.58
1747779806, 0, 7, 956, 955, 33, 8.50%, 0, 0, 2, 4.61
1747779832, 0, 9, 956, 955, 33, 8.50%, 0, 0, 2, 4.48
1747779862, 0, 10, 956, 955, 33, 8.50%, 0, 0, 2, 4.34
1747779868, 0, 10, 957, 956, 33, 8.50%, 0, 0, 2, 4.12
1747779883, 0, 10, 958, 957, 33, 8.50%, 0, 0, 2, 3.44
1747779888, 0, 10, 959, 958, 33, 8.50%, 0, 0, 2, 2.92
1747779893, 0, 10, 960, 959, 33, 8.50%, 0, 0, 2, 2.84
1747779899, 0, 10, 961, 960, 33, 8.50%, 0, 0, 2, 3.67
1747779909, 0, 10, 962, 961, 33, 8.50%, 0, 0, 2, 3.27
1747779936, 0, 10, 963, 962, 33, 8.50%, 0, 0, 2, 3.74
1747779941, 0, 10, 964, 963, 33, 8.57%, 0, 0, 2, 3.63
1747779947, 0, 10, 965, 964, 33, 8.57%, 0, 0, 2, 2.98
1747779962, 0, 10, 966, 965, 33, 8.57%, 0, 0, 2, 3.42
1747779984, 0, 10, 967, 966, 33, 8.57%, 0, 0, 2, 3.82
1747779989, 0, 10, 968, 967, 33, 8.57%, 0, 0, 2, 3.30
1747780000, 0, 10, 969, 968, 33, 8.57%, 0, 0, 2, 2.35
1747780010, 0, 10, 970, 969, 33, 8.57%, 0, 0, 2, 4.48
1747780041, 0, 10, 971, 970, 33, 8.57%, 0, 0, 2, 3.44
1747780062, 0, 10, 972, 971, 33, 8.57%, 0, 0, 2, 4.15
1747780099, 0, 10, 973, 972, 33, 8.57%, 0, 0, 2, 4.33
1747780105, 0, 10, 974, 973, 33, 8.57%, 0, 0, 2, 3.14
1747780120, 0, 10, 975, 974, 33, 8.74%, 0, 0, 2, 3.50
1747780125, 0, 10, 976, 975, 33, 8.74%, 0, 0, 2, 3.00
1747780188, 0, 10, 977, 976, 33, 8.74%, 0, 0, 2, 3.35
1747780209, 0, 10, 978, 977, 33, 8.74%, 0, 0, 2, 3.22
1747780245, 0, 10, 979, 978, 33, 8.74%, 0, 0, 2, 4.17
1747780251, 0, 10, 980, 979, 33, 8.74%, 0, 0, 2, 3.15
1747780261, 0, 10, 981, 980, 33, 8.74%, 0, 0, 2, 3.22
1747780277, 0, 10, 982, 981, 33, 8.74%, 0, 0, 2, 4.75
1747780313, 0, 10, 983, 982, 33, 8.74%, 0, 0, 2, 3.48
1747780340, 0, 10, 984, 983, 33, 8.74%, 0, 0, 2, 3.59
1747780372, 0, 10, 985, 984, 33, 8.74%, 0, 0, 2, 4.15
1747780387, 0, 10, 986, 985, 33, 8.74%, 0, 0, 2, 3.79
1747780398, 0, 10, 987, 986, 33, 8.74%, 0, 0, 2, 3.33
1747780526, 0, 10, 988, 987, 33, 8.74%, 0, 0, 2, 4.60
1747780594, 0, 10, 989, 988, 33, 8.74%, 0, 0, 2, 3.73
1747780662, 0, 10, 990, 989, 33, 8.74%, 0, 0, 2, 3.81
1747780761, 0, 10, 991, 990, 33, 8.74%, 0, 0, 2, 3.90
1747780792, 0, 10, 992, 991, 33, 8.74%, 0, 0, 2, 3.37
1747780856, 0, 10, 993, 992, 33, 8.74%, 0, 0, 2, 4.10
1747780866, 0, 10, 994, 993, 33, 8.74%, 0, 0, 2, 4.10
1747780877, 0, 10, 995, 994, 33, 8.74%, 0, 0, 2, 3.09
1747780903, 0, 10, 996, 995, 33, 8.74%, 0, 0, 2, 2.97
1747780938, 0, 10, 997, 996, 33, 8.74%, 0, 0, 2, 4.20
1747780981, 0, 10, 998, 997, 33, 8.74%, 0, 0, 2, 4.12
1747780996, 0, 10, 999, 998, 33, 8.74%, 0, 0, 2, 3.38
1747781070, 0, 11, 999, 998, 33, 8.74%, 0, 0, 2, 4.35
1747781080, 0, 11, 1000, 999, 33, 8.78%, 0, 0, 2, 4.08
1747781137, 0, 13, 1001, 1000, 31, 8.78%, 0, 0, 2, 4.16
1747781168, 0, 13, 1002, 1001, 31, 8.78%, 0, 0, 2, 3.65
1747781266, 0, 15, 1002, 1001, 31, 8.78%, 0, 0, 2, 4.70
1747781297, 0, 17, 1002, 1001, 31, 8.78%, 0, 0, 2, 4.48
1747781313, 0, 17, 1003, 1002, 31, 8.78%, 0, 0, 2, 4.65
1747781360, 0, 18, 1003, 1002, 31, 8.78%, 0, 0, 2, 4.60
1747781391, 0, 19, 1003, 1002, 31, 8.78%, 0, 0, 2, 3.93
1747781411, 0, 19, 1004, 1003, 31, 8.78%, 0, 0, 2, 3.63
1747781463, 0, 20, 1004, 1003, 31, 8.78%, 0, 0, 2, 4.80
1747781494, 0, 21, 1004, 1003, 31, 8.78%, 0, 0, 2, 3.81
1747781504, 0, 21, 1005, 1004, 31, 8.78%, 0, 0, 2, 3.80
1747781561, 0, 22, 1005, 1004, 31, 8.78%, 0, 0, 2, 4.75
1747781592, 0, 23, 1005, 1004, 31, 8.78%, 0, 0, 2, 4.21
1747781607, 0, 23, 1006, 1005, 31, 8.78%, 0, 0, 2, 4.54
1747781628, 0, 23, 1007, 1006, 31, 8.78%, 0, 0, 2, 4.79
1747781686, 0, 23, 1008, 1007, 31, 8.78%, 0, 0, 2, 4.52
1747781826, 0, 23, 1009, 1008, 31, 8.78%, 0, 0, 2, 3.78
1747781884, 0, 23, 1010, 1009, 31, 8.78%, 0, 0, 2, 3.33
1747781899, 0, 23, 1011, 1010, 31, 8.78%, 0, 0, 2, 3.72
1747781967, 0, 23, 1012, 1011, 31, 8.78%, 0, 0, 2, 3.32
1747782242, 0, 23, 1013, 1012, 31, 8.78%, 0, 0, 2, 3.06
1747782358, 0, 23, 1014, 1013, 31, 8.78%, 0, 0, 2, 4.15
1747782400, 0, 23, 1015, 1014, 31, 8.78%, 0, 0, 2, 4.45
1747782508, 0, 23, 1016, 1015, 31, 8.78%, 0, 0, 2, 3.90
1747782582, 0, 23, 1017, 1016, 31, 8.78%, 0, 0, 2, 3.56
1747782633, 0, 23, 1017, 1016, 31, 8.78%, 1, 0, 2, 4.34
1747782670, 0, 24, 1017, 1016, 31, 8.78%, 1, 0, 2, 3.73
1747782707, 0, 25, 1017, 1016, 31, 8.78%, 1, 0, 2, 4.33
1747782728, 0, 25, 1018, 1017, 31, 8.78%, 1, 0, 2, 3.89
1747782770, 0, 25, 1019, 1018, 31, 8.78%, 1, 0, 2, 4.29
1747782817, 0, 25, 1020, 1019, 31, 8.78%, 1, 0, 2, 3.57
1747782936, 0, 25, 1021, 1020, 31, 8.78%, 1, 0, 2, 4.36
1747783237, 0, 26, 1022, 1021, 31, 8.79%, 1, 0, 2, 3.53
1747783305, 0, 27, 1022, 1021, 32, 8.79%, 1, 0, 2, 3.92
1747783336, 0, 29, 1022, 1021, 32, 8.79%, 1, 0, 2, 3.98
1747783368, 0, 30, 1022, 1021, 32, 8.79%, 1, 0, 2, 3.82
1747783403, 0, 32, 1022, 1021, 32, 8.79%, 1, 0, 2, 4.37
1747783434, 0, 34, 1022, 1021, 32, 8.79%, 1, 0, 2, 4.20
1747783466, 0, 35, 1022, 1021, 32, 8.79%, 1, 0, 2, 4.43
1747783502, 0, 36, 1022, 1021, 32, 8.79%, 1, 0, 2, 3.91
1747783534, 0, 37, 1022, 1021, 32, 8.79%, 1, 0, 2, 4.37
1747783564, 0, 38, 1022, 1021, 32, 8.79%, 1, 0, 2, 3.89
1747783596, 0, 39, 1022, 1021, 32, 8.79%, 1, 0, 2, 4.29
1747783633, 0, 40, 1022, 1021, 32, 8.79%, 1, 0, 2, 4.66
1747783663, 0, 41, 1022, 1021, 32, 8.79%, 1, 0, 2, 3.79
1747783679, 0, 41, 1023, 1022, 32, 8.79%, 1, 0, 2, 3.52
1747783695, 0, 41, 1023, 1022, 32, 8.79%, 2, 0, 2, 3.89
1747783731, 0, 42, 1023, 1022, 32, 8.79%, 2, 0, 2, 4.32
1747783752, 0, 42, 1024, 1023, 32, 8.79%, 2, 0, 2, 4.05
1747783804, 0, 43, 1024, 1023, 32, 8.79%, 2, 0, 2, 3.98
1747783835, 0, 43, 1025, 1024, 32, 8.79%, 2, 0, 2, 4.01
1747783872, 0, 44, 1025, 1024, 32, 8.79%, 2, 0, 2, 4.68
1747783882, 0, 44, 1026, 1025, 32, 8.79%, 2, 0, 2, 4.00
1747783944, 0, 45, 1026, 1025, 32, 8.79%, 2, 0, 2, 4.13
1747783975, 0, 46, 1026, 1025, 32, 8.79%, 2, 0, 2, 4.49
1747784013, 0, 47, 1026, 1025, 32, 8.79%, 2, 0, 2, 3.97
1747784045, 0, 48, 1026, 1025, 32, 8.79%, 2, 0, 2, 3.70
1747784050, 0, 48, 1026, 1025, 32, 8.79%, 3, 0, 2, 3.53
1747784081, 0, 49, 1026, 1025, 32, 8.79%, 3, 0, 2, 4.13
1747784092, 0, 49, 1027, 1026, 32, 8.79%, 3, 0, 2, 3.40
1747784134, 0, 49, 1028, 1027, 32, 8.79%, 3, 0, 2, 3.89
1747784217, 0, 50, 1028, 1027, 32, 8.79%, 3, 0, 2, 4.47
1747784249, 0, 51, 1028, 1027, 32, 8.79%, 3, 0, 2, 4.03
1747784280, 0, 52, 1028, 1027, 32, 8.79%, 3, 0, 2, 3.87
1747784306, 0, 52, 1029, 1028, 32, 8.79%, 3, 0, 2, 3.52
1747784348, 0, 54, 1029, 1028, 32, 8.79%, 3, 0, 2, 3.75
1747784379, 0, 55, 1029, 1028, 32, 8.79%, 3, 0, 2, 4.78
1747784416, 0, 56, 1029, 1028, 32, 8.79%, 3, 0, 2, 4.12
1747784452, 0, 57, 1029, 1028, 32, 8.79%, 3, 0, 2, 4.40
1747784483, 0, 58, 1029, 1028, 32, 8.79%, 3, 0, 2, 3.69
1747784508, 0, 58, 1029, 1028, 32, 8.79%, 4, 0, 2, 4.17
1747784513, 0, 58, 1030, 1029, 32, 8.79%, 4, 0, 2, 3.45
1747784551, 0, 59, 1030, 1029, 32, 8.79%, 4, 0, 2, 3.67
1747784582, 0, 60, 1030, 1029, 32, 8.79%, 4, 0, 2, 3.97
1747784598, 0, 60, 1031, 1030, 32, 8.79%, 4, 0, 2, 4.10
1747784656, 0, 61, 1031, 1030, 32, 8.79%, 4, 0, 2, 3.67
1747784678, 0, 61, 1032, 1031, 32, 8.79%, 4, 0, 2, 3.82
1747784725, 0, 62, 1032, 1031, 32, 8.79%, 4, 0, 2, 4.43
1747784756, 0, 63, 1032, 1031, 32, 8.79%, 4, 0, 2, 3.91
1747784792, 0, 64, 1032, 1031, 32, 8.79%, 4, 0, 2, 4.02
1747784828, 0, 65, 1032, 1031, 32, 8.79%, 4, 0, 2, 4.79
1747784859, 0, 67, 1032, 1031, 32, 8.79%, 4, 0, 2, 3.83
1747784896, 0, 68, 1032, 1031, 32, 8.79%, 4, 0, 2, 3.78
1747784917, 0, 68, 1033, 1032, 32, 8.79%, 4, 0, 2, 3.48
1747784964, 0, 69, 1033, 1032, 32, 8.79%, 4, 0, 2, 3.67
1747785000, 0, 69, 1034, 1033, 32, 8.79%, 4, 0, 2, 3.51
1747785042, 0, 70, 1034, 1033, 32, 8.79%, 4, 0, 2, 3.88
1747785062, 0, 70, 1035, 1034, 32, 8.79%, 4, 0, 2, 4.81
1747785109, 0, 71, 1035, 1034, 32, 8.79%, 4, 0, 2, 3.87
1747785146, 0, 72, 1035, 1034, 32, 8.79%, 4, 0, 2, 4.06
1747785183, 0, 74, 1035, 1034, 32, 8.79%, 4, 0, 2, 3.55
1747785214, 0, 75, 1035, 1034, 32, 8.79%, 4, 0, 2, 3.97
1747785245, 0, 76, 1035, 1034, 32, 8.79%, 4, 0, 2, 4.18
1747785250, 0, 76, 1036, 1035, 32, 8.79%, 4, 0, 2, 3.63
1747785318, 0, 77, 1036, 1035, 32, 8.79%, 4, 0, 2, 4.01
1747785343, 0, 77, 1037, 1036, 32, 8.79%, 4, 0, 2, 3.45
1747785385, 0, 77, 1038, 1037, 32, 8.79%, 4, 0, 2, 4.20
1747785464, 0, 79, 1038, 1037, 32, 8.79%, 4, 0, 2, 4.09
1747785495, 0, 81, 1038, 1037, 32, 8.79%, 4, 0, 2, 3.98
1747785510, 0, 81, 1038, 1037, 32, 8.79%, 5, 0, 2, 4.02
1747785521, 0, 81, 1039, 1038, 32, 8.79%, 5, 0, 2, 4.29
1747785567, 0, 82, 1039, 1038, 32, 8.79%, 5, 0, 2, 3.97
1747785599, 0, 83, 1039, 1038, 32, 8.79%, 5, 0, 2, 4.71
1747785635, 0, 84, 1039, 1038, 32, 8.79%, 5, 0, 2, 3.83
1747785645, 0, 84, 1040, 1039, 32, 8.79%, 5, 0, 2, 4.29
1747785702, 0, 85, 1040, 1039, 32, 8.79%, 5, 0, 2, 4.92
1747785732, 0, 86, 1040, 1039, 32, 8.79%, 5, 0, 2, 4.30
1747785768, 0, 87, 1040, 1039, 32, 8.79%, 5, 0, 2, 3.83
1747785804, 0, 88, 1040, 1039, 32, 8.79%, 5, 0, 2, 4.64
1747785836, 0, 89, 1040, 1039, 32, 8.79%, 5, 0, 2, 3.91
1747785872, 0, 90, 1040, 1039, 32, 8.79%, 5, 0, 2, 4.17
1747785908, 0, 91, 1041, 1040, 32, 8.80%, 5, 0, 2, 3.47
1747785971, 0, 92, 1041, 1040, 33, 8.80%, 5, 0, 2, 4.44
1747786008, 0, 93, 1041, 1040, 33, 8.80%, 5, 0, 2, 4.28
1747786039, 0, 94, 1041, 1040, 33, 8.80%, 5, 0, 2, 4.33
1747786076, 0, 95, 1042, 1041, 33, 8.80%, 5, 0, 2, 3.59
1747786086, 0, 95, 1043, 1042, 33, 8.80%, 5, 0, 2, 4.16
1747786112, 0, 95, 1044, 1043, 33, 8.80%, 5, 0, 2, 3.43
1747786356, 0, 96, 1044, 1043, 33, 8.80%, 5, 0, 2, 3.84
1747786393, 0, 98, 1044, 1043, 33, 8.80%, 5, 0, 2, 4.25
1747786403, 0, 98, 1044, 1043, 33, 8.80%, 6, 0, 2, 4.07
1747786424, 0, 100, 1044, 1043, 33, 8.80%, 6, 0, 2, 3.86
1747786456, 0, 103, 1044, 1043, 33, 8.80%, 6, 0, 2, 4.19
1747786488, 0, 104, 1044, 1043, 33, 8.80%, 6, 0, 2, 3.95
1747786513, 0, 104, 1044, 1043, 33, 8.80%, 7, 0, 2, 3.83
1747786524, 0, 105, 1044, 1043, 33, 8.80%, 7, 0, 2, 4.35
1747786560, 0, 106, 1044, 1043, 33, 8.80%, 7, 0, 2, 4.28
1747786565, 0, 106, 1044, 1043, 33, 8.80%, 8, 0, 2, 3.82
1747786596, 0, 107, 1044, 1043, 33, 8.80%, 8, 0, 2, 4.16
1747786628, 0, 109, 1044, 1043, 33, 8.80%, 8, 0, 2, 4.60
1747786664, 0, 110, 1044, 1043, 33, 8.80%, 8, 0, 2, 3.95
1747786700, 0, 113, 1044, 1043, 33, 8.80%, 8, 0, 2, 3.94
1747786737, 0, 115, 1044, 1043, 33, 8.80%, 8, 0, 2, 4.26
1747786768, 0, 116, 1044, 1043, 33, 8.80%, 8, 0, 2, 4.55
1747786804, 0, 117, 1044, 1043, 33, 8.80%, 8, 0, 2, 4.35
1747786835, 0, 118, 1044, 1043, 33, 8.80%, 8, 0, 2, 4.10
1747786866, 0, 119, 1044, 1043, 33, 8.80%, 8, 0, 2, 4.14
1747786897, 0, 120, 1044, 1043, 33, 8.80%, 8, 0, 2, 4.49
1747786928, 0, 121, 1044, 1043, 33, 8.80%, 8, 0, 2, 4.69
1747786964, 0, 122, 1044, 1043, 33, 8.80%, 8, 0, 2, 3.99
1747786996, 0, 123, 1044, 1043, 33, 8.80%, 8, 0, 2, 4.86
1747787001, 0, 123, 1045, 1044, 33, 8.80%, 8, 0, 2, 4.63
1747787063, 0, 124, 1045, 1044, 33, 8.80%, 8, 0, 2, 4.41
1747787094, 0, 125, 1045, 1044, 33, 8.80%, 8, 0, 2, 4.19
1747787126, 0, 126, 1045, 1044, 33, 8.80%, 8, 0, 2, 4.25
1747787162, 0, 127, 1045, 1044, 33, 8.80%, 8, 0, 2, 4.20
1747787193, 0, 128, 1045, 1044, 33, 8.80%, 8, 0, 2, 3.84
1747787225, 0, 129, 1045, 1044, 33, 8.80%, 8, 0, 2, 4.63
1747787261, 0, 130, 1045, 1044, 33, 8.80%, 8, 0, 2, 3.93
1747787266, 0, 130, 1046, 1045, 33, 8.80%, 8, 0, 2, 3.43
1747787328, 0, 131, 1046, 1045, 33, 8.80%, 8, 0, 2, 3.97
1747787359, 0, 132, 1046, 1045, 33, 8.80%, 8, 0, 2, 4.42
1747787385, 0, 132, 1046, 1045, 33, 8.80%, 9, 0, 2, 4.25
1747787396, 0, 133, 1046, 1045, 33, 8.80%, 9, 0, 2, 3.88
1747787427, 0, 134, 1046, 1045, 33, 8.80%, 9, 0, 2, 4.41
1747787448, 0, 134, 1047, 1046, 33, 8.80%, 9, 0, 2, 4.41
1747787495, 0, 136, 1047, 1046, 33, 8.80%, 9, 0, 2, 9.06
1747787536, 0, 136, 1048, 1047, 33, 8.80%, 9, 0, 3, 10.11
1747787541, 0, 136, 1049, 1048, 33, 8.80%, 9, 0, 3, 10.96
1747787629, 0, 136, 1050, 1049, 33, 8.80%, 9, 0, 3, 11.45
1747787696, 0, 136, 1051, 1050, 33, 8.80%, 9, 0, 3, 12.35
1747788178, 0, 136, 1052, 1051, 33, 8.80%, 9, 0, 3, 9.21
1747788198, 0, 136, 1053, 1052, 33, 8.80%, 9, 0, 3, 10.86
1747788275, 0, 136, 1054, 1053, 33, 8.80%, 9, 0, 3, 9.95
1747788291, 0, 136, 1055, 1054, 33, 8.80%, 9, 0, 3, 10.72
1747788352, 0, 136, 1056, 1055, 33, 8.80%, 9, 0, 3, 10.73
1747788445, 0, 136, 1057, 1056, 33, 8.80%, 9, 0, 3, 9.12
1747788501, 0, 136, 1058, 1057, 33, 8.80%, 9, 0, 3, 11.81
1747788732, 0, 136, 1059, 1058, 33, 8.80%, 9, 0, 3, 9.73
1747788793, 0, 137, 1059, 1057, 32, 8.80%, 9, 0, 3, 7.97
1747788830, 0, 139, 1059, 1057, 32, 8.80%, 9, 0, 3, 4.31
1747788861, 0, 140, 1059, 1057, 32, 8.80%, 9, 0, 3, 4.26
1747788902, 0, 141, 1059, 1057, 32, 8.80%, 9, 0, 3, 4.80
1747788934, 0, 143, 1059, 1057, 32, 8.80%, 9, 0, 3, 4.16
1747788965, 0, 144, 1059, 1057, 32, 8.80%, 9, 0, 3, 4.39
1747788997, 0, 145, 1059, 1057, 32, 8.80%, 9, 0, 3, 4.98
1747789027, 0, 146, 1059, 1057, 32, 8.80%, 9, 0, 3, 4.49
1747789059, 0, 147, 1059, 1057, 32, 8.80%, 9, 0, 3, 3.82
1747789095, 0, 148, 1059, 1057, 32, 8.80%, 9, 0, 3, 4.31
1747789115, 0, 148, 1059, 1057, 32, 8.80%, 10, 0, 3, 3.87
1747789126, 0, 150, 1059, 1057, 32, 8.80%, 10, 0, 3, 3.95
1747789162, 0, 151, 1059, 1057, 32, 8.80%, 10, 0, 3, 4.59
1747789172, 0, 151, 1060, 1058, 32, 8.80%, 10, 0, 3, 4.37
1747789225, 0, 152, 1060, 1058, 32, 8.80%, 10, 0, 3, 4.00
1747789261, 0, 153, 1060, 1058, 32, 8.80%, 10, 0, 3, 4.15
1747789292, 0, 154, 1060, 1058, 32, 8.80%, 10, 0, 3, 3.83
1747789318, 0, 154, 1060, 1058, 32, 8.80%, 11, 0, 3, 4.42
1747789329, 0, 155, 1060, 1058, 32, 8.80%, 11, 0, 3, 4.46
1747789360, 0, 156, 1060, 1058, 32, 8.80%, 11, 0, 3, 4.24
1747789391, 0, 157, 1060, 1058, 32, 8.80%, 11, 0, 3, 4.54
1747789402, 0, 157, 1060, 1058, 32, 8.80%, 12, 0, 3, 4.40
1747789422, 0, 158, 1060, 1058, 32, 8.80%, 12, 0, 3, 4.52
1747789453, 0, 159, 1060, 1058, 32, 8.80%, 12, 0, 3, 4.24
1747789485, 0, 160, 1060, 1058, 32, 8.80%, 12, 0, 3, 4.06
1747789521, 0, 162, 1060, 1058, 32, 8.80%, 12, 0, 3, 4.10
1747789552, 0, 163, 1060, 1058, 32, 8.80%, 12, 0, 3, 3.51
1747789584, 0, 164, 1060, 1058, 32, 8.80%, 12, 0, 3, 4.03
1747789620, 0, 165, 1060, 1058, 32, 8.80%, 12, 0, 3, 4.26
1747789647, 0, 169, 1060, 1058, 32, 8.80%, 12, 0, 3, 4.40
1747789684, 0, 172, 1060, 1058, 32, 8.80%, 12, 0, 3, 3.76
1747789715, 0, 174, 1060, 1058, 32, 8.80%, 12, 0, 3, 4.42
1747789752, 0, 175, 1060, 1058, 32, 8.80%, 12, 0, 3, 4.35
1747789783, 0, 176, 1060, 1058, 32, 8.80%, 12, 0, 3, 4.20
1747789814, 0, 178, 1060, 1058, 32, 8.80%, 12, 0, 3, 4.12
1747789835, 0, 178, 1060, 1058, 32, 8.80%, 13, 0, 3, 4.23
1747789851, 0, 179, 1060, 1058, 32, 8.80%, 13, 0, 3, 4.92
1747789882, 0, 180, 1060, 1058, 32, 8.80%, 13, 0, 3, 4.36
1747789913, 0, 182, 1060, 1058, 32, 8.80%, 13, 0, 3, 3.94
1747789950, 0, 183, 1060, 1058, 32, 8.80%, 13, 0, 3, 3.64
1747789981, 0, 184, 1060, 1058, 32, 8.80%, 13, 0, 3, 4.28
1747790012, 0, 185, 1060, 1058, 32, 8.80%, 13, 0, 3, 4.77
1747790049, 0, 186, 1060, 1058, 32, 8.80%, 13, 0, 3, 3.72
1747790080, 0, 187, 1060, 1058, 32, 8.80%, 13, 0, 3, 4.34
1747790117, 0, 188, 1060, 1058, 32, 8.80%, 13, 0, 3, 4.09
1747790143, 0, 188, 1061, 1059, 32, 8.80%, 13, 0, 3, 4.31
1747790185, 0, 189, 1061, 1059, 32, 8.80%, 13, 0, 3, 4.04
1747790216, 0, 190, 1061, 1059, 32, 8.80%, 13, 0, 3, 4.68
1747790226, 0, 190, 1062, 1060, 32, 8.80%, 13, 0, 3, 3.35
1747790289, 0, 192, 1062, 1060, 32, 8.80%, 13, 0, 3, 4.35
1747790326, 0, 193, 1062, 1060, 32, 8.80%, 13, 0, 3, 4.03
1747790357, 0, 194, 1062, 1060, 32, 8.80%, 13, 0, 3, 4.20
1747790394, 0, 197, 1062, 1060, 32, 8.80%, 13, 0, 3, 4.45
1747790426, 0, 198, 1062, 1060, 32, 8.80%, 13, 0, 3, 4.28
1747790436, 0, 198, 1062, 1060, 32, 8.80%, 14, 0, 3, 3.74
1747790457, 0, 199, 1062, 1060, 32, 8.80%, 14, 0, 3, 4.86
1747790488, 0, 200, 1062, 1060, 32, 8.80%, 14, 0, 3, 4.24
1747790524, 0, 201, 1062, 1060, 32, 8.80%, 14, 0, 3, 4.74
1747790535, 0, 201, 1062, 1060, 32, 8.80%, 15, 0, 3, 3.97
1747790556, 0, 202, 1062, 1060, 32, 8.80%, 15, 0, 3, 4.47
1747790561, 0, 202, 1062, 1060, 32, 8.80%, 16, 0, 3, 4.03
1747790587, 0, 203, 1062, 1060, 32, 8.80%, 16, 0, 3, 4.24
1747790619, 0, 204, 1062, 1060, 32, 8.80%, 16, 0, 3, 4.27
1747790650, 0, 204, 1063, 1061, 32, 8.80%, 16, 0, 3, 4.78
1747790692, 0, 205, 1063, 1061, 32, 8.80%, 16, 0, 3, 4.00
1747790724, 0, 207, 1063, 1061, 32, 8.80%, 16, 0, 3, 3.96
1747790729, 0, 207, 1064, 1062, 32, 8.80%, 16, 0, 3, 4.64
1747790761, 0, 207, 1064, 1062, 32, 8.80%, 17, 0, 3, 3.95
1747790766, 0, 207, 1064, 1062, 32, 8.80%, 18, 0, 3, 4.34
1747790797, 0, 209, 1064, 1062, 32, 8.80%, 18, 0, 3, 4.34
1747790828, 0, 214, 1065, 1063, 32, 8.80%, 18, 0, 3, 3.75
1747790896, 0, 215, 1065, 1063, 32, 8.80%, 18, 0, 3, 4.21
1747790932, 0, 216, 1065, 1063, 32, 8.80%, 18, 0, 3, 3.77
1747790963, 0, 217, 1065, 1063, 32, 8.80%, 18, 0, 3, 4.42
1747790994, 0, 218, 1065, 1063, 32, 8.80%, 18, 0, 3, 4.24
1747791025, 0, 219, 1065, 1063, 32, 8.80%, 18, 0, 3, 4.19
1747791063, 0, 220, 1065, 1063, 32, 8.80%, 18, 0, 3, 3.82
1747791094, 0, 222, 1065, 1063, 32, 8.80%, 18, 0, 3, 4.59
1747791131, 0, 223, 1065, 1063, 32, 8.80%, 18, 0, 3, 4.12
1747791163, 0, 225, 1065, 1063, 32, 8.80%, 18, 0, 3, 3.68
1747791199, 0, 226, 1065, 1063, 32, 8.80%, 18, 0, 3, 3.99
1747791224, 0, 226, 1065, 1063, 32, 8.80%, 19, 0, 3, 4.25
1747791235, 0, 227, 1065, 1063, 32, 8.80%, 19, 0, 3, 3.43
1747791266, 0, 228, 1065, 1063, 32, 8.80%, 19, 0, 3, 3.97
1747791303, 0, 229, 1065, 1063, 32, 8.80%, 19, 0, 3, 4.05
1747791334, 0, 230, 1065, 1063, 32, 8.80%, 19, 0, 3, 4.33
1747791371, 0, 232, 1065, 1063, 32, 8.80%, 19, 0, 3, 4.49
1747791402, 0, 233, 1065, 1063, 32, 8.80%, 19, 0, 3, 4.37
1747791439, 0, 234, 1065, 1063, 32, 8.80%, 19, 0, 3, 4.28
1747791460, 0, 234, 1066, 1064, 32, 8.80%, 19, 0, 3, 3.67
1747791502, 0, 235, 1066, 1064, 32, 8.80%, 19, 0, 3, 4.33
1747791533, 0, 236, 1066, 1064, 32, 8.80%, 19, 0, 3, 4.12
1747791569, 0, 237, 1066, 1064, 32, 8.80%, 19, 0, 3, 4.24
1747791601, 0, 239, 1066, 1064, 32, 8.80%, 19, 0, 3, 3.81
1747791637, 0, 240, 1066, 1064, 32, 8.80%, 19, 0, 3, 4.57
1747791663, 0, 241, 1066, 1064, 32, 8.80%, 19, 0, 3, 4.38
1747791700, 0, 242, 1066, 1064, 32, 8.80%, 19, 0, 3, 3.85
1747791736, 0, 243, 1066, 1064, 32, 8.80%, 19, 0, 3, 3.89
1747791767, 0, 244, 1066, 1064, 32, 8.80%, 19, 0, 3, 3.86
1747791804, 0, 245, 1066, 1064, 32, 8.80%, 19, 0, 3, 3.98
1747791840, 0, 246, 1066, 1064, 32, 8.80%, 19, 0, 3, 4.27
1747791872, 0, 247, 1066, 1064, 32, 8.80%, 19, 0, 3, 4.74
1747791903, 0, 248, 1066, 1064, 32, 8.80%, 19, 0, 3, 4.00
1747791934, 0, 249, 1066, 1064, 32, 8.80%, 19, 0, 3, 4.09
1747791965, 0, 249, 1066, 1064, 32, 8.80%, 20, 0, 3, 4.43
1747791970, 0, 251, 1066, 1064, 32, 8.80%, 20, 0, 3, 4.41
1747792006, 0, 252, 1066, 1064, 32, 8.80%, 20, 0, 3, 4.54
1747792037, 0, 253, 1066, 1064, 32, 8.80%, 20, 0, 3, 3.73
1747792069, 0, 256, 1066, 1064, 32, 8.80%, 20, 0, 3, 4.74
1747792105, 0, 258, 1066, 1064, 32, 8.80%, 20, 0, 3, 3.99
1747792137, 0, 259, 1066, 1064, 32, 8.80%, 20, 0, 3, 4.02
1747792173, 0, 260, 1066, 1064, 32, 8.80%, 20, 0, 3, 4.23
1747792209, 0, 262, 1066, 1064, 32, 8.80%, 20, 0, 3, 4.11
1747792241, 0, 263, 1066, 1064, 32, 8.80%, 20, 0, 3, 4.45
1747792278, 0, 264, 1066, 1064, 32, 8.80%, 20, 0, 3, 4.05
1747792288, 0, 264, 1066, 1064, 32, 8.80%, 21, 0, 3, 4.31
1747792314, 0, 265, 1066, 1064, 32, 8.80%, 21, 0, 3, 3.64
1747792350, 0, 266, 1066, 1064, 32, 8.80%, 21, 0, 3, 3.77
1747792387, 0, 268, 1066, 1064, 32, 8.80%, 21, 0, 3, 3.90
1747792418, 0, 269, 1066, 1064, 32, 8.80%, 21, 0, 3, 4.20
1747792454, 0, 270, 1066, 1064, 32, 8.80%, 21, 0, 3, 4.27
1747792480, 0, 270, 1067, 1065, 32, 8.80%, 21, 0, 3, 3.91
1747792496, 0, 270, 1068, 1066, 32, 8.80%, 21, 0, 3, 4.21
1747792590, 0, 272, 1068, 1066, 32, 8.80%, 21, 0, 3, 4.50
1747792622, 0, 273, 1068, 1066, 32, 8.80%, 21, 0, 3, 4.23
1747792632, 0, 273, 1068, 1066, 32, 8.80%, 22, 0, 3, 3.71
1747792657, 0, 274, 1068, 1066, 32, 8.80%, 22, 0, 3, 4.60
1747792688, 0, 275, 1068, 1066, 32, 8.80%, 22, 0, 3, 4.04
1747792720, 0, 278, 1068, 1066, 32, 8.80%, 22, 0, 3, 4.77
1747792756, 0, 279, 1068, 1066, 32, 8.80%, 22, 0, 3, 3.95
1747792792, 0, 280, 1068, 1066, 32, 8.80%, 22, 0, 3, 3.70
1747792808, 0, 280, 1068, 1066, 32, 8.80%, 23, 0, 3, 4.06
1747792824, 0, 281, 1068, 1066, 32, 8.80%, 23, 0, 3, 4.06
1747792861, 0, 282, 1068, 1066, 32, 8.80%, 23, 0, 3, 4.71
1747792871, 0, 282, 1069, 1067, 32, 8.80%, 23, 0, 3, 3.60
1747792929, 0, 283, 1069, 1067, 32, 8.80%, 23, 0, 3, 4.13
1747792960, 0, 285, 1069, 1067, 32, 8.80%, 23, 0, 3, 4.35
1747792975, 0, 285, 1070, 1068, 32, 8.80%, 23, 0, 3, 3.50
1747793032, 0, 286, 1070, 1068, 32, 8.80%, 23, 0, 3, 4.18
1747793069, 0, 287, 1070, 1068, 32, 8.80%, 23, 0, 3, 4.62
1747793100, 0, 288, 1070, 1068, 32, 8.80%, 23, 0, 3, 4.40
1747793136, 0, 289, 1070, 1068, 32, 8.80%, 23, 0, 3, 4.60
1747793168, 0, 290, 1070, 1068, 32, 8.80%, 23, 0, 3, 3.81
1747793204, 0, 291, 1070, 1068, 32, 8.80%, 23, 0, 3, 4.21
1747793235, 0, 293, 1070, 1068, 32, 8.80%, 23, 0, 3, 4.12
1747793268, 0, 294, 1070, 1068, 32, 8.80%, 23, 0, 3, 4.60
1747793299, 0, 295, 1070, 1068, 32, 8.80%, 23, 0, 3, 3.83
1747793336, 0, 296, 1070, 1068, 32, 8.80%, 23, 0, 3, 4.61
1747793367, 0, 297, 1070, 1068, 32, 8.80%, 23, 0, 3, 3.82
1747793392, 0, 297, 1071, 1069, 32, 8.80%, 23, 0, 3, 3.69
1747793413, 0, 297, 1072, 1070, 32, 8.80%, 23, 0, 3, 4.98
1747793507, 0, 300, 1072, 1070, 32, 8.80%, 23, 0, 3, 3.91
1747793523, 0, 300, 1072, 1070, 32, 8.80%, 24, 0, 3, 3.79
1747793538, 0, 301, 1072, 1070, 32, 8.80%, 24, 0, 3, 4.37
1747793574, 0, 302, 1072, 1070, 32, 8.80%, 24, 0, 3, 4.02
1747793605, 0, 303, 1072, 1070, 32, 8.80%, 24, 0, 3, 4.26
1747793636, 0, 304, 1072, 1070, 32, 8.80%, 24, 0, 3, 4.38
1747793667, 0, 305, 1072, 1070, 32, 8.80%, 24, 0, 3, 4.16
1747793704, 0, 306, 1072, 1070, 32, 8.80%, 24, 0, 3, 4.44
1747793736, 0, 307, 1072, 1070, 32, 8.80%, 24, 0, 3, 4.40
1747793772, 0, 308, 1072, 1070, 32, 8.80%, 24, 0, 3, 3.95
1747793803, 0, 309, 1072, 1070, 32, 8.80%, 24, 0, 3, 4.04
1747793834, 0, 311, 1072, 1070, 32, 8.80%, 24, 0, 3, 4.23
1747793866, 0, 313, 1072, 1070, 32, 8.80%, 24, 0, 3, 4.11
1747793902, 0, 314, 1072, 1070, 32, 8.80%, 24, 0, 3, 4.02
1747793939, 0, 315, 1072, 1070, 32, 8.80%, 24, 0, 3, 4.23
1747793959, 0, 315, 1073, 1071, 32, 8.80%, 24, 0, 3, 3.38
1747794013, 0, 316, 1073, 1071, 32, 8.80%, 24, 0, 3, 3.91
1747794044, 0, 318, 1073, 1071, 32, 8.80%, 24, 0, 3, 4.08
1747794080, 0, 319, 1073, 1071, 32, 8.80%, 24, 0, 3, 4.47
1747794112, 0, 320, 1074, 1072, 32, 8.80%, 24, 0, 3, 4.52
1747794180, 0, 321, 1074, 1072, 32, 8.80%, 24, 0, 3, 3.75
1747794211, 0, 322, 1074, 1072, 32, 8.80%, 24, 0, 3, 4.02
1747794248, 0, 323, 1074, 1072, 32, 8.80%, 24, 0, 3, 3.98
1747794280, 0, 324, 1074, 1072, 32, 8.80%, 24, 0, 3, 4.21
1747794321, 0, 326, 1074, 1072, 32, 8.80%, 24, 0, 3, 4.28
1747794353, 0, 327, 1074, 1072, 32, 8.80%, 24, 0, 3, 4.07
1747794390, 0, 328, 1074, 1072, 32, 8.80%, 24, 0, 3, 4.05
1747794421, 0, 329, 1074, 1072, 32, 8.80%, 24, 0, 3, 4.18
1747794457, 0, 330, 1074, 1072, 32, 8.80%, 24, 0, 3, 4.50
1747794487, 0, 331, 1074, 1072, 32, 8.80%, 24, 0, 3, 4.06
1747794524, 0, 332, 1074, 1072, 32, 8.80%, 24, 0, 3, 4.78
1747794555, 0, 333, 1074, 1072, 32, 8.80%, 24, 0, 3, 4.85
1747794587, 0, 334, 1074, 1072, 32, 8.80%, 24, 0, 3, 4.07
1747794619, 0, 336, 1074, 1072, 32, 8.80%, 24, 0, 3, 4.59
1747794654, 0, 337, 1074, 1072, 32, 8.80%, 24, 0, 3, 3.72
1747794686, 0, 338, 1074, 1072, 32, 8.80%, 24, 0, 3, 4.24
1747794722, 0, 339, 1074, 1072, 32, 8.80%, 24, 0, 3, 4.03
1747794753, 0, 340, 1074, 1072, 32, 8.80%, 24, 0, 3, 4.12
1747794790, 0, 341, 1074, 1072, 32, 8.80%, 24, 0, 3, 4.18
1747794822, 0, 342, 1074, 1072, 32, 8.80%, 24, 0, 3, 4.41
1747794854, 0, 344, 1074, 1072, 32, 8.80%, 24, 0, 3, 4.53
1747794864, 0, 344, 1075, 1073, 32, 8.80%, 24, 0, 3, 3.60
1747794922, 0, 345, 1075, 1073, 32, 8.80%, 24, 0, 3, 3.64
1747794927, 0, 345, 1075, 1073, 32, 8.80%, 25, 0, 3, 3.97
1747794953, 0, 345, 1075, 1073, 32, 8.80%, 26, 0, 3, 4.03
1747794958, 0, 346, 1075, 1073, 32, 8.80%, 26, 0, 3, 3.84
1747794989, 0, 347, 1075, 1073, 32, 8.80%, 26, 0, 3, 3.93
1747795025, 0, 349, 1075, 1073, 32, 8.80%, 26, 0, 3, 3.91
1747795056, 0, 353, 1075, 1073, 32, 8.80%, 26, 0, 3, 4.22
1747795087, 0, 354, 1075, 1073, 32, 8.80%, 26, 0, 3, 4.21
1747795124, 0, 355, 1075, 1073, 32, 8.80%, 26, 0, 3, 4.05
1747795155, 0, 357, 1075, 1073, 32, 8.80%, 26, 0, 3, 3.95
1747795170, 0, 357, 1075, 1073, 32, 8.80%, 27, 0, 3, 3.74
1747795191, 0, 359, 1075, 1073, 32, 8.80%, 27, 0, 3, 3.76
1747795223, 0, 360, 1075, 1073, 32, 8.80%, 27, 0, 3, 4.18
1747795259, 0, 361, 1075, 1073, 32, 8.80%, 27, 0, 3, 3.96
1747795296, 0, 362, 1075, 1073, 32, 8.80%, 27, 0, 3, 3.89
1747795328, 0, 363, 1075, 1073, 32, 8.80%, 27, 0, 3, 4.19
1747795359, 0, 364, 1075, 1073, 32, 8.80%, 27, 0, 3, 4.43
1747795364, 0, 364, 1075, 1073, 32, 8.80%, 28, 0, 3, 4.30
1747795390, 0, 365, 1075, 1073, 32, 8.80%, 28, 0, 3, 3.90
1747795426, 0, 366, 1075, 1073, 32, 8.80%, 28, 0, 3, 3.90
1747795441, 0, 366, 1075, 1073, 32, 8.80%, 29, 0, 3, 3.91
1747795457, 0, 367, 1075, 1073, 32, 8.80%, 29, 0, 3, 4.29
1747795493, 0, 368, 1075, 1073, 32, 8.80%, 29, 0, 3, 3.76
1747795530, 0, 369, 1075, 1073, 32, 8.80%, 29, 0, 3, 4.26
1747795546, 0, 369, 1076, 1074, 32, 8.80%, 29, 0, 3, 3.83
1747795582, 0, 369, 1077, 1075, 32, 8.80%, 29, 0, 3, 3.81
1747795634, 0, 369, 1078, 1076, 32, 8.80%, 29, 0, 3, 3.56
1747795805, 0, 371, 1078, 1076, 32, 8.80%, 29, 0, 3, 4.19
1747795836, 0, 372, 1078, 1076, 32, 8.80%, 29, 0, 3, 4.17
1747795867, 0, 373, 1078, 1076, 32, 8.80%, 29, 0, 3, 4.41
1747795904, 0, 374, 1078, 1076, 32, 8.80%, 29, 0, 3, 4.28
1747795935, 0, 375, 1078, 1076, 32, 8.80%, 29, 0, 3, 4.27
1747795971, 0, 376, 1078, 1076, 32, 8.80%, 29, 0, 3, 3.77
1747796008, 0, 377, 1078, 1076, 32, 8.80%, 29, 0, 3, 4.29
1747796039, 0, 378, 1078, 1076, 32, 8.80%, 29, 0, 3, 4.49
1747796070, 0, 379, 1078, 1076, 32, 8.80%, 29, 0, 3, 3.96
1747796107, 0, 381, 1078, 1076, 32, 8.80%, 29, 0, 3, 4.31
1747796144, 0, 382, 1078, 1076, 32, 8.80%, 29, 0, 3, 4.15
1747796176, 0, 384, 1078, 1076, 32, 8.80%, 29, 0, 3, 3.99
1747796207, 0, 386, 1078, 1076, 32, 8.80%, 29, 0, 3, 4.37
1747796244, 0, 387, 1078, 1076, 32, 8.80%, 29, 0, 3, 4.10
1747796259, 0, 387, 1078, 1076, 32, 8.80%, 30, 0, 3, 3.86
1747796275, 0, 388, 1078, 1076, 32, 8.80%, 30, 0, 3, 4.22
1747796305, 0, 389, 1078, 1076, 32, 8.80%, 30, 0, 3, 4.16
1747796342, 0, 390, 1078, 1076, 32, 8.80%, 30, 0, 3, 4.07
1747796373, 0, 391, 1078, 1076, 32, 8.80%, 30, 0, 3, 3.98
1747796405, 0, 392, 1078, 1076, 32, 8.80%, 30, 0, 3, 4.47
1747796441, 0, 393, 1078, 1076, 32, 8.80%, 30, 0, 3, 4.36
1747796451, 0, 393, 1079, 1077, 32, 8.80%, 30, 0, 3, 4.51
1747796504, 0, 394, 1079, 1077, 32, 8.80%, 30, 0, 3, 4.11
1747796514, 0, 394, 1080, 1078, 32, 8.80%, 30, 0, 3, 3.19
1747796578, 0, 395, 1080, 1078, 32, 8.80%, 30, 0, 3, 4.53
1747796614, 0, 396, 1080, 1078, 32, 8.80%, 30, 0, 3, 4.25
1747796646, 0, 397, 1080, 1078, 32, 8.80%, 30, 0, 3, 4.08
1747796682, 0, 398, 1080, 1078, 32, 8.80%, 30, 0, 3, 3.93
1747796719, 0, 399, 1080, 1078, 32, 8.80%, 30, 0, 3, 4.22
1747796750, 0, 400, 1080, 1078, 32, 8.80%, 30, 0, 3, 3.69
1747796786, 0, 402, 1080, 1078, 32, 8.80%, 30, 0, 3, 4.14
1747796818, 0, 403, 1080, 1078, 32, 8.80%, 30, 0, 3, 3.86
1747796849, 0, 404, 1080, 1078, 32, 8.80%, 30, 0, 3, 4.31
1747796886, 0, 405, 1080, 1078, 32, 8.80%, 30, 0, 3, 4.15
1747796921, 0, 406, 1080, 1078, 32, 8.80%, 30, 0, 3, 4.00
1747796927, 0, 406, 1080, 1078, 32, 8.80%, 31, 0, 3, 3.91
1747796953, 0, 407, 1080, 1078, 32, 8.80%, 31, 0, 3, 4.60
1747796989, 0, 408, 1080, 1078, 32, 8.80%, 31, 0, 3, 4.11
1747797020, 0, 409, 1080, 1078, 32, 8.80%, 31, 0, 3, 4.59
1747797051, 0, 410, 1080, 1078, 32, 8.80%, 31, 0, 3, 3.80
1747797087, 0, 412, 1080, 1078, 32, 8.80%, 31, 0, 3, 3.97
1747797123, 0, 414, 1080, 1078, 32, 8.80%, 31, 0, 3, 4.25
1747797133, 0, 414, 1080, 1078, 32, 8.80%, 32, 0, 3, 3.65
1747797159, 0, 415, 1080, 1078, 32, 8.80%, 32, 0, 3, 4.02
1747797190, 0, 416, 1080, 1078, 32, 8.80%, 32, 0, 3, 4.15
1747797222, 0, 417, 1080, 1078, 32, 8.80%, 32, 0, 3, 4.24
1747797258, 0, 418, 1080, 1078, 32, 8.80%, 32, 0, 3, 4.37
1747797284, 0, 419, 1080, 1078, 32, 8.80%, 32, 0, 3, 5.20
1747797321, 0, 420, 1080, 1078, 32, 8.80%, 32, 0, 3, 3.58
1747797352, 0, 422, 1080, 1078, 32, 8.80%, 32, 0, 3, 4.58
1747797383, 0, 423, 1080, 1078, 32, 8.80%, 32, 0, 3, 4.63
1747797419, 0, 424, 1080, 1078, 32, 8.80%, 32, 0, 3, 4.15
1747797450, 0, 425, 1080, 1078, 32, 8.80%, 32, 0, 3, 4.36
1747797487, 0, 426, 1080, 1078, 32, 8.80%, 32, 0, 3, 3.79
1747797518, 0, 427, 1080, 1078, 32, 8.80%, 32, 0, 3, 4.15
1747797555, 0, 428, 1080, 1078, 32, 8.80%, 32, 0, 3, 4.59
1747797585, 0, 430, 1080, 1078, 32, 8.80%, 32, 0, 3, 4.59
1747797617, 0, 432, 1080, 1078, 32, 8.80%, 32, 0, 3, 4.15
1747797653, 0, 434, 1080, 1078, 32, 8.80%, 32, 0, 3, 4.60
1747797673, 0, 434, 1081, 1079, 32, 8.80%, 32, 0, 3, 3.47
1747797715, 0, 436, 1081, 1079, 32, 8.80%, 32, 0, 3, 4.54
1747797751, 0, 437, 1081, 1079, 32, 8.80%, 32, 0, 3, 4.25
1747797783, 0, 438, 1081, 1079, 32, 8.80%, 32, 0, 3, 4.39
1747797814, 0, 439, 1081, 1079, 32, 8.80%, 32, 0, 3, 4.03
1747797850, 0, 440, 1081, 1079, 32, 8.80%, 32, 0, 3, 4.00
1747797881, 0, 442, 1081, 1079, 32, 8.80%, 32, 0, 3, 4.54
1747797912, 0, 443, 1081, 1079, 32, 8.80%, 32, 0, 3, 4.39
1747797942, 0, 445, 1081, 1079, 32, 8.80%, 32, 0, 3, 4.48
1747797974, 0, 449, 1081, 1079, 32, 8.80%, 32, 0, 3, 4.52
1747798011, 0, 450, 1081, 1079, 32, 8.80%, 32, 0, 3, 3.69
1747798042, 0, 451, 1081, 1079, 32, 8.80%, 32, 0, 3, 4.41
1747798073, 0, 453, 1081, 1079, 32, 8.80%, 32, 0, 3, 3.83
1747798110, 0, 454, 1081, 1079, 32, 8.80%, 32, 0, 3, 4.23
1747798141, 0, 455, 1081, 1079, 32, 8.80%, 32, 0, 3, 4.28
1747798172, 0, 456, 1081, 1079, 32, 8.80%, 32, 0, 3, 3.96
1747798208, 0, 457, 1081, 1079, 32, 8.80%, 32, 0, 3, 4.39
1747798240, 0, 458, 1081, 1079, 32, 8.80%, 32, 0, 3, 3.95
1747798276, 0, 459, 1081, 1079, 32, 8.80%, 32, 0, 3, 4.07
1747798307, 0, 460, 1081, 1079, 32, 8.80%, 32, 0, 3, 3.96
1747798344, 0, 463, 1081, 1079, 32, 8.80%, 32, 0, 3, 4.01
1747798375, 0, 464, 1081, 1079, 32, 8.80%, 32, 0, 3, 4.09
1747798401, 0, 464, 1082, 1080, 32, 8.80%, 32, 0, 3, 3.56
1747798448, 0, 465, 1082, 1080, 32, 8.80%, 32, 0, 3, 3.97
1747798485, 0, 467, 1082, 1080, 32, 8.80%, 32, 0, 3, 4.08
1747798511, 0, 468, 1082, 1080, 32, 8.80%, 32, 0, 3, 6.14
1747798532, 0, 469, 1082, 1080, 32, 8.80%, 32, 0, 3, 8.00
1747798552, 0, 471, 1082, 1080, 32, 8.80%, 32, 0, 3, 6.07
1747798573, 0, 472, 1082, 1080, 32, 8.80%, 32, 0, 3, 7.17
1747798594, 0, 474, 1082, 1080, 32, 8.80%, 32, 0, 3, 5.65
1747798615, 0, 475, 1082, 1080, 32, 8.80%, 32, 0, 3, 7.25
1747798630, 0, 476, 1082, 1080, 32, 8.80%, 32, 0, 3, 6.66
1747798650, 0, 478, 1082, 1080, 32, 8.80%, 33, 0, 3, 6.67
1747798661, 0, 478, 1082, 1080, 32, 8.80%, 34, 0, 3, 7.26
1747798671, 0, 479, 1082, 1080, 32, 8.80%, 34, 0, 3, 7.35
1747798686, 0, 481, 1082, 1080, 32, 8.80%, 34, 0, 3, 7.36
1747798707, 0, 482, 1082, 1080, 32, 8.80%, 34, 0, 3, 6.29
1747798727, 0, 483, 1082, 1080, 32, 8.80%, 34, 0, 3, 7.49
1747798743, 0, 484, 1082, 1080, 32, 8.80%, 34, 0, 3, 6.42
1747798763, 0, 485, 1082, 1080, 32, 8.80%, 34, 0, 3, 6.55
1747798784, 0, 488, 1082, 1080, 32, 8.80%, 34, 0, 3, 6.51
1747798805, 0, 489, 1082, 1080, 32, 8.80%, 34, 0, 3, 7.00
1747798820, 0, 491, 1082, 1080, 32, 8.80%, 34, 0, 3, 6.52
1747798841, 0, 492, 1082, 1080, 32, 8.80%, 34, 0, 3, 6.71
1747798862, 0, 494, 1082, 1080, 32, 8.80%, 34, 0, 3, 7.05
1747798882, 0, 496, 1082, 1080, 32, 8.80%, 34, 0, 3, 6.99
1747798898, 0, 496, 1082, 1080, 32, 8.80%, 35, 0, 3, 6.48
1747798903, 0, 497, 1082, 1080, 32, 8.80%, 35, 0, 3, 6.87
1747798923, 0, 498, 1082, 1080, 32, 8.80%, 35, 0, 3, 6.42
1747798939, 0, 499, 1082, 1080, 32, 8.80%, 35, 0, 3, 6.96
1747798959, 0, 500, 1082, 1080, 32, 8.80%, 35, 0, 3, 6.81
1747798980, 0, 502, 1082, 1080, 32, 8.80%, 35, 0, 3, 7.84
1747798995, 0, 503, 1082, 1080, 32, 8.80%, 35, 0, 3, 6.79
1747799016, 0, 504, 1082, 1080, 32, 8.80%, 35, 0, 3, 7.12
1747799026, 0, 504, 1082, 1080, 32, 8.80%, 36, 0, 3, 6.30
1747799037, 0, 505, 1082, 1080, 32, 8.80%, 36, 0, 3, 7.10
1747799052, 0, 506, 1082, 1080, 32, 8.80%, 36, 0, 3, 7.35
1747799073, 0, 507, 1082, 1080, 32, 8.80%, 36, 0, 3, 6.74
1747799093, 0, 509, 1082, 1080, 32, 8.80%, 36, 0, 3, 7.48
1747799109, 0, 510, 1082, 1080, 32, 8.80%, 36, 0, 3, 7.09
1747799129, 0, 511, 1082, 1080, 32, 8.80%, 36, 0, 3, 7.30
1747799145, 0, 513, 1082, 1080, 32, 8.80%, 36, 0, 3, 7.10
1747799166, 0, 514, 1082, 1080, 32, 8.80%, 36, 0, 3, 6.28
1747799186, 0, 515, 1082, 1080, 32, 8.80%, 36, 0, 3, 6.37
1747799202, 0, 516, 1082, 1080, 32, 8.80%, 36, 0, 3, 7.22
1747799222, 0, 517, 1082, 1080, 32, 8.80%, 36, 0, 3, 7.05
1747799243, 0, 518, 1082, 1080, 32, 8.80%, 36, 0, 3, 6.30
1747799264, 0, 519, 1082, 1080, 32, 8.80%, 36, 0, 3, 6.05
1747799280, 0, 519, 1082, 1080, 32, 8.80%, 37, 0, 3, 6.45
1747799285, 0, 520, 1082, 1080, 32, 8.80%, 37, 0, 3, 5.49
1747799290, 0, 520, 1082, 1080, 32, 8.80%, 38, 0, 3, 5.53
1747799306, 0, 521, 1082, 1080, 32, 8.80%, 38, 0, 3, 7.50
1747799321, 0, 522, 1082, 1080, 32, 8.80%, 38, 0, 3, 7.86
1747799342, 0, 525, 1082, 1080, 32, 8.80%, 38, 0, 3, 6.95
1747799362, 0, 526, 1082, 1080, 32, 8.80%, 38, 0, 3, 7.22
1747799383, 0, 530, 1082, 1080, 32, 8.80%, 38, 0, 3, 6.39
1747799404, 0, 531, 1082, 1080, 32, 8.80%, 38, 0, 3, 7.01
1747799424, 0, 533, 1082, 1080, 32, 8.80%, 38, 0, 3, 5.89
1747799440, 0, 534, 1082, 1080, 32, 8.80%, 38, 0, 3, 7.11
1747799445, 0, 534, 1083, 1081, 32, 8.80%, 38, 0, 3, 6.60
1747799481, 0, 535, 1083, 1081, 33, 8.80%, 38, 0, 3, 7.18
1747799491, 0, 535, 1084, 1082, 33, 8.80%, 38, 0, 3, 7.35
1747799522, 0, 536, 1084, 1082, 33, 8.80%, 38, 0, 3, 6.43
1747799527, 0, 536, 1084, 1082, 33, 8.80%, 39, 0, 3, 6.62
1747799543, 0, 538, 1084, 1082, 33, 8.80%, 39, 0, 3, 6.57
1747799563, 0, 539, 1084, 1082, 33, 8.80%, 39, 0, 3, 6.20
1747799584, 0, 540, 1084, 1082, 33, 8.80%, 39, 0, 3, 6.50
1747799604, 0, 541, 1084, 1082, 33, 8.80%, 39, 0, 3, 7.06
1747799625, 0, 545, 1084, 1082, 33, 8.80%, 39, 0, 3, 6.42
1747799640, 0, 546, 1084, 1082, 33, 8.80%, 39, 0, 3, 7.38
1747799661, 0, 548, 1084, 1082, 33, 8.80%, 39, 0, 3, 6.44
1747799682, 0, 549, 1084, 1082, 33, 8.80%, 39, 0, 3, 6.27
1747799702, 0, 550, 1084, 1082, 33, 8.80%, 39, 0, 3, 6.80
1747799718, 0, 551, 1084, 1082, 33, 8.80%, 39, 0, 3, 7.17
1747799738, 0, 552, 1084, 1082, 33, 8.80%, 39, 0, 3, 6.35
1747799759, 0, 553, 1084, 1082, 33, 8.80%, 39, 0, 3, 6.45
1747799780, 0, 555, 1084, 1082, 33, 8.80%, 39, 0, 3, 6.81
1747799795, 0, 556, 1084, 1082, 33, 8.80%, 39, 0, 3, 6.91
1747799815, 0, 559, 1084, 1082, 33, 8.80%, 40, 0, 3, 6.25
1747799836, 0, 560, 1084, 1082, 33, 8.80%, 40, 0, 3, 7.56
1747799851, 0, 561, 1084, 1082, 33, 8.80%, 40, 0, 3, 6.67
1747799872, 0, 562, 1084, 1082, 33, 8.80%, 40, 0, 3, 8.02
1747799888, 0, 563, 1084, 1082, 33, 8.80%, 40, 0, 3, 7.06
1747799908, 0, 564, 1084, 1082, 33, 8.80%, 40, 0, 3, 5.98
1747799929, 0, 565, 1084, 1082, 33, 8.80%, 40, 0, 3, 6.51
1747799944, 0, 566, 1084, 1082, 33, 8.80%, 40, 0, 3, 7.16
1747799949, 0, 566, 1084, 1082, 33, 8.80%, 41, 0, 3, 6.87
1747799965, 0, 567, 1084, 1082, 33, 8.80%, 41, 0, 3, 6.84
1747799986, 0, 568, 1084, 1082, 33, 8.80%, 41, 0, 3, 6.77
1747800006, 0, 569, 1084, 1082, 33, 8.80%, 41, 0, 3, 6.33
1747800022, 0, 570, 1084, 1082, 33, 8.80%, 41, 0, 3, 6.70
1747800042, 0, 572, 1084, 1082, 33, 8.80%, 41, 0, 3, 7.92
1747800063, 0, 573, 1084, 1082, 33, 8.80%, 41, 0, 3, 6.66
1747800079, 0, 574, 1084, 1082, 33, 8.80%, 41, 0, 3, 7.78
1747800099, 0, 575, 1084, 1082, 33, 8.80%, 41, 0, 3, 6.75
1747800114, 0, 576, 1084, 1082, 33, 8.80%, 41, 0, 3, 7.64
1747800135, 0, 577, 1084, 1082, 33, 8.80%, 41, 0, 3, 7.49
1747800156, 0, 578, 1084, 1082, 33, 8.80%, 41, 0, 3, 6.70
1747800171, 0, 579, 1084, 1082, 33, 8.80%, 41, 0, 3, 7.47
1747800192, 0, 580, 1084, 1082, 33, 8.80%, 41, 0, 3, 6.24
1747800212, 0, 581, 1084, 1082, 33, 8.80%, 41, 0, 3, 7.03
1747800228, 0, 582, 1084, 1082, 33, 8.80%, 41, 0, 3, 7.19
1747800248, 0, 583, 1084, 1082, 33, 8.80%, 41, 0, 3, 7.94
1747800269, 0, 584, 1084, 1082, 33, 8.80%, 41, 0, 3, 6.37
1747800290, 0, 585, 1084, 1082, 33, 8.80%, 41, 0, 3, 6.73
1747800310, 0, 586, 1084, 1082, 33, 8.80%, 41, 0, 3, 6.61
1747800331, 0, 587, 1084, 1082, 33, 8.80%, 41, 0, 3, 6.84
1747800351, 0, 588, 1084, 1082, 33, 8.80%, 41, 0, 3, 6.43
1747800367, 0, 589, 1084, 1082, 33, 8.80%, 41, 0, 3, 6.95
1747800399, 0, 590, 1084, 1082, 33, 8.80%, 41, 0, 3, 4.39
1747800435, 0, 592, 1084, 1082, 33, 8.80%, 41, 0, 3, 4.17
1747800466, 0, 593, 1084, 1082, 33, 8.80%, 41, 0, 3, 6.82
1747800486, 0, 596, 1084, 1082, 33, 8.80%, 41, 0, 3, 6.55
1747800502, 0, 598, 1084, 1082, 33, 8.80%, 41, 0, 3, 6.69
1747800523, 0, 599, 1084, 1082, 33, 8.80%, 41, 0, 3, 7.13
1747800538, 0, 600, 1084, 1082, 33, 8.80%, 41, 0, 3, 7.65
1747800559, 0, 601, 1084, 1082, 33, 8.80%, 41, 0, 3, 7.53
1747800580, 0, 602, 1084, 1082, 33, 8.80%, 41, 0, 3, 7.01
1747800600, 0, 604, 1084, 1082, 33, 8.80%, 41, 0, 3, 6.67
1747800616, 0, 605, 1084, 1082, 33, 8.80%, 41, 0, 3, 7.19
1747800631, 0, 605, 1085, 1083, 33, 8.80%, 41, 0, 3, 5.91
1747800657, 0, 606, 1085, 1083, 33, 8.80%, 41, 0, 3, 6.51
1747800678, 0, 607, 1085, 1083, 33, 8.80%, 41, 0, 3, 6.32
1747800694, 0, 608, 1085, 1083, 33, 8.80%, 41, 0, 3, 7.49
1747800714, 0, 609, 1085, 1083, 33, 8.80%, 41, 0, 3, 6.38
1747800735, 0, 610, 1085, 1083, 33, 8.80%, 41, 0, 3, 6.66
1747800750, 0, 610, 1086, 1084, 33, 8.80%, 41, 0, 3, 5.46
1747800771, 0, 610, 1087, 1085, 33, 8.80%, 41, 0, 3, 7.31
1747800817, 0, 611, 1087, 1085, 33, 8.80%, 41, 0, 3, 7.35
1747800832, 0, 611, 1087, 1085, 33, 8.80%, 42, 0, 3, 6.62
1747800837, 0, 612, 1087, 1085, 33, 8.80%, 42, 0, 3, 6.34
1747800853, 0, 613, 1087, 1085, 33, 8.80%, 42, 0, 3, 6.67
1747800874, 0, 614, 1087, 1085, 33, 8.80%, 42, 0, 3, 6.35
1747800894, 0, 615, 1087, 1085, 33, 8.80%, 42, 0, 3, 6.28
1747800915, 0, 617, 1087, 1085, 33, 8.80%, 42, 0, 3, 6.91
1747800935, 0, 618, 1087, 1085, 33, 8.80%, 42, 0, 3, 6.46
1747800940, 0, 618, 1087, 1085, 33, 8.80%, 43, 0, 3, 6.08
1747800956, 0, 619, 1087, 1085, 33, 8.80%, 44, 0, 3, 6.24
1747800971, 0, 620, 1087, 1085, 33, 8.80%, 44, 0, 3, 6.98
1747800992, 0, 621, 1087, 1085, 33, 8.80%, 44, 0, 3, 7.07
1747801013, 0, 625, 1087, 1085, 33, 8.80%, 44, 0, 3, 6.02
1747801033, 0, 627, 1087, 1085, 33, 8.80%, 44, 0, 3, 7.24
1747801054, 0, 629, 1087, 1085, 33, 8.80%, 44, 0, 3, 6.86
1747801069, 0, 630, 1087, 1085, 33, 8.80%, 44, 0, 3, 6.54
1747801075, 0, 630, 1087, 1085, 33, 8.80%, 45, 0, 3, 6.39
1747801090, 0, 631, 1087, 1085, 33, 8.80%, 45, 0, 3, 5.99
1747801110, 0, 632, 1087, 1085, 33, 8.80%, 45, 0, 3, 7.83
1747801126, 0, 633, 1087, 1085, 33, 8.80%, 45, 0, 3, 7.44
1747801146, 0, 634, 1087, 1085, 33, 8.80%, 46, 0, 3, 6.41
1747801167, 0, 635, 1087, 1085, 33, 8.80%, 46, 0, 3, 6.38
1747801182, 0, 636, 1087, 1085, 33, 8.80%, 46, 0, 3, 7.36
1747801203, 0, 638, 1087, 1085, 33, 8.80%, 46, 0, 3, 6.60
1747801234, 0, 639, 1087, 1085, 33, 8.80%, 46, 0, 3, 4.56
1747801270, 0, 640, 1087, 1085, 33, 8.80%, 46, 0, 3, 4.64
1747801301, 0, 643, 1087, 1085, 33, 8.80%, 46, 0, 3, 4.19
1747801332, 0, 644, 1087, 1085, 33, 8.80%, 46, 0, 3, 4.15
1747801364, 0, 645, 1087, 1085, 33, 8.80%, 46, 0, 3, 4.03
1747801401, 0, 647, 1087, 1085, 33, 8.80%, 46, 0, 3, 4.12
1747801411, 0, 647, 1087, 1085, 33, 8.80%, 47, 0, 3, 4.01
1747801428, 0, 647, 1088, 1086, 33, 8.80%, 47, 0, 3, 4.51
1747801465, 0, 649, 1088, 1086, 33, 8.80%, 47, 0, 3, 4.46
1747801491, 0, 649, 1089, 1087, 33, 8.80%, 47, 0, 3, 4.14
1747801532, 0, 650, 1089, 1087, 33, 8.80%, 47, 0, 3, 3.51
1747801563, 0, 651, 1089, 1087, 33, 8.80%, 47, 0, 3, 4.35
1747801600, 0, 653, 1089, 1087, 33, 8.80%, 47, 0, 3, 3.86
1747801637, 0, 655, 1089, 1087, 33, 8.80%, 47, 0, 3, 4.21
1747801673, 0, 656, 1089, 1087, 33, 8.80%, 47, 0, 3, 3.57
1747801704, 0, 657, 1089, 1087, 33, 8.80%, 47, 0, 3, 4.21
1747801741, 0, 658, 1089, 1087, 33, 8.80%, 47, 0, 3, 4.15
1747801772, 0, 659, 1089, 1087, 33, 8.80%, 47, 0, 3, 4.08
1747801803, 0, 660, 1089, 1087, 33, 8.80%, 47, 0, 3, 4.39
1747801823, 0, 660, 1089, 1087, 33, 8.80%, 48, 0, 3, 3.86
1747801839, 0, 661, 1089, 1087, 33, 8.80%, 48, 0, 3, 4.22
1747801870, 0, 664, 1089, 1087, 33, 8.80%, 48, 0, 3, 4.09
1747801902, 0, 665, 1089, 1087, 33, 8.80%, 48, 0, 3, 4.23
1747801939, 0, 668, 1089, 1087, 33, 8.80%, 48, 0, 3, 4.14
1747801970, 0, 669, 1089, 1087, 33, 8.80%, 48, 0, 3, 3.73
1747802007, 0, 670, 1089, 1087, 33, 8.80%, 49, 0, 3, 4.40
1747802038, 0, 671, 1089, 1087, 33, 8.80%, 49, 0, 3, 3.82
1747802075, 0, 672, 1089, 1087, 33, 8.80%, 49, 0, 3, 3.67
1747802111, 0, 673, 1089, 1087, 33, 8.80%, 49, 0, 3, 4.38
1747802142, 0, 674, 1089, 1087, 33, 8.80%, 49, 0, 3, 4.91
1747802174, 0, 675, 1089, 1087, 33, 8.80%, 49, 0, 3, 4.14
1747802211, 0, 676, 1089, 1087, 33, 8.80%, 49, 0, 3, 13.64
1747802221, 0, 676, 1091, 1089, 33, 8.80%, 49, 0, 3, 20.63
1747802262, 0, 676, 1092, 1090, 33, 8.80%, 49, 0, 3, 11.19
1747802489, 0, 676, 1093, 1091, 33, 8.80%, 49, 0, 3, 9.82
1747802783, 0, 676, 1094, 1092, 33, 8.80%, 49, 0, 3, 9.98
1747802871, 0, 676, 1095, 1093, 33, 8.80%, 49, 0, 3, 9.95
1747803144, 0, 676, 1096, 1094, 33, 8.80%, 49, 0, 3, 1.92
1747803308, 0, 677, 1096, 1093, 33, 8.80%, 49, 0, 3, 6.81
1747803340, 0, 678, 1096, 1093, 33, 8.80%, 49, 0, 3, 4.41
1747803370, 0, 679, 1096, 1093, 33, 8.80%, 49, 0, 3, 4.29
1747803375, 0, 679, 1097, 1094, 33, 8.80%, 49, 0, 3, 3.57
1747803437, 0, 680, 1097, 1094, 33, 8.80%, 49, 0, 3, 4.68
1747803469, 0, 683, 1097, 1094, 33, 8.80%, 49, 0, 3, 3.90
1747803500, 0, 684, 1097, 1094, 33, 8.80%, 49, 0, 3, 4.55
1747803537, 0, 685, 1097, 1094, 33, 8.80%, 49, 0, 3, 3.86
1747803573, 0, 687, 1097, 1094, 33, 8.80%, 49, 0, 3, 3.75
1747803604, 0, 688, 1097, 1094, 33, 8.80%, 49, 0, 3, 4.31
1747803635, 0, 688, 1098, 1095, 33, 8.80%, 49, 0, 3, 4.41
1747803676, 0, 689, 1098, 1095, 33, 8.80%, 49, 0, 3, 4.10
1747803707, 0, 690, 1098, 1095, 33, 8.80%, 49, 0, 3, 3.84
1747803738, 0, 691, 1098, 1095, 33, 8.80%, 49, 0, 3, 4.15
1747803769, 0, 692, 1098, 1095, 33, 8.80%, 49, 0, 3, 4.33
1747803806, 0, 693, 1098, 1095, 33, 8.80%, 49, 0, 3, 3.99
1747803843, 0, 694, 1098, 1095, 33, 8.80%, 50, 0, 3, 4.28
1747803874, 0, 695, 1098, 1095, 33, 8.80%, 50, 0, 3, 4.15
1747803905, 0, 697, 1098, 1095, 33, 8.80%, 50, 0, 3, 4.26
1747803942, 0, 698, 1098, 1095, 33, 8.80%, 50, 0, 3, 4.41
1747803972, 0, 699, 1098, 1095, 33, 8.80%, 50, 0, 3, 4.30
1747804004, 0, 700, 1098, 1095, 33, 8.80%, 50, 0, 3, 4.36
1747804040, 0, 701, 1098, 1095, 33, 8.80%, 50, 0, 3, 4.57
1747804071, 0, 702, 1098, 1095, 33, 8.80%, 50, 0, 3, 4.97
1747804359, 0, 704, 1098, 1094, 32, 8.80%, 50, 0, 3, 5.21
1747804390, 0, 705, 1098, 1094, 32, 8.80%, 50, 0, 3, 4.48
1747804426, 0, 706, 1098, 1094, 32, 8.80%, 50, 0, 3, 4.34
1747804457, 0, 707, 1098, 1094, 32, 8.80%, 50, 0, 3, 4.38
1747804488, 0, 708, 1098, 1094, 32, 8.80%, 50, 0, 3, 4.12
1747804519, 0, 708, 1099, 1095, 32, 8.80%, 50, 0, 3, 3.95
1747804556, 0, 709, 1099, 1095, 32, 8.80%, 50, 0, 3, 5.80
1747804571, 0, 710, 1099, 1095, 32, 8.80%, 50, 0, 3, 7.28
1747804592, 0, 711, 1099, 1095, 32, 8.80%, 50, 0, 3, 6.70
1747804607, 0, 712, 1099, 1095, 32, 8.80%, 50, 0, 3, 6.56
1747804628, 0, 713, 1099, 1095, 32, 8.80%, 50, 0, 3, 7.50
1747804649, 0, 714, 1099, 1095, 32, 8.80%, 50, 0, 3, 7.61
1747804669, 0, 715, 1099, 1095, 32, 8.80%, 50, 0, 3, 6.82
1747804689, 0, 717, 1099, 1095, 32, 8.80%, 50, 0, 3, 6.46
1747804705, 0, 718, 1099, 1095, 32, 8.80%, 50, 0, 3, 6.72
1747804725, 0, 719, 1099, 1095, 32, 8.80%, 50, 0, 3, 6.80
1747804735, 0, 719, 1100, 1096, 32, 8.80%, 50, 0, 3, 6.55
1747804766, 0, 720, 1100, 1096, 32, 8.80%, 50, 0, 3, 7.02
1747804782, 0, 721, 1100, 1096, 32, 8.80%, 50, 0, 3, 7.04
1747804802, 0, 723, 1100, 1096, 32, 8.80%, 50, 0, 3, 7.02
1747804818, 0, 725, 1100, 1096, 32, 8.80%, 50, 0, 3, 7.73
1747804823, 0, 725, 1101, 1097, 32, 8.80%, 50, 0, 3, 6.11
1747804859, 0, 726, 1101, 1097, 32, 8.80%, 50, 0, 3, 7.13
1747804880, 0, 727, 1101, 1097, 32, 8.80%, 50, 0, 3, 7.43
1747804900, 0, 728, 1101, 1097, 32, 8.80%, 51, 0, 3, 6.93
1747804915, 0, 729, 1101, 1097, 32, 8.80%, 51, 0, 3, 6.10
1747804941, 0, 731, 1101, 1097, 32, 8.80%, 51, 0, 3, 7.45
1747804957, 0, 733, 1101, 1097, 32, 8.80%, 51, 0, 3, 6.50
1747804977, 0, 734, 1101, 1097, 32, 8.80%, 51, 0, 3, 6.82
1747804998, 0, 735, 1101, 1097, 32, 8.80%, 51, 0, 3, 6.64
1747805018, 0, 736, 1101, 1097, 32, 8.80%, 51, 0, 3, 6.59
1747805034, 0, 737, 1101, 1097, 32, 8.80%, 51, 0, 3, 7.29
1747805054, 0, 738, 1101, 1097, 32, 8.80%, 51, 0, 3, 6.92
1747805075, 0, 742, 1101, 1097, 32, 8.80%, 51, 0, 3, 5.71
1747805090, 0, 743, 1101, 1097, 32, 8.80%, 51, 0, 3, 6.96
1747805111, 0, 744, 1101, 1097, 32, 8.80%, 51, 0, 3, 7.10
1747805127, 0, 744, 1102, 1098, 32, 8.80%, 51, 0, 3, 6.02
1747805152, 0, 746, 1102, 1098, 32, 8.80%, 51, 0, 3, 7.52
1747805173, 0, 747, 1102, 1098, 32, 8.80%, 51, 0, 3, 6.35
1747805194, 0, 748, 1102, 1098, 32, 8.80%, 51, 0, 3, 6.53
1747805209, 0, 749, 1102, 1098, 32, 8.80%, 51, 0, 3, 7.00
1747805229, 0, 750, 1102, 1098, 32, 8.80%, 51, 0, 3, 6.83
1747805250, 0, 751, 1102, 1098, 32, 8.80%, 51, 0, 3, 6.99
1747805266, 0, 753, 1102, 1098, 32, 8.80%, 51, 0, 3, 6.37
1747805286, 0, 754, 1102, 1098, 32, 8.80%, 51, 0, 3, 8.35
1747805297, 0, 754, 1102, 1098, 32, 8.80%, 52, 0, 3, 6.91
1747805302, 0, 755, 1102, 1098, 32, 8.80%, 52, 0, 3, 6.55
1747805312, 0, 755, 1103, 1099, 32, 8.80%, 52, 0, 3, 5.76
1747805343, 0, 756, 1103, 1099, 31, 8.80%, 52, 0, 3, 6.71
1747805364, 0, 757, 1103, 1099, 31, 8.80%, 52, 0, 3, 7.30
1747805385, 0, 759, 1103, 1099, 31, 8.80%, 52, 0, 3, 7.33
1747805400, 0, 760, 1103, 1099, 31, 8.80%, 52, 0, 3, 6.97
1747805421, 0, 761, 1103, 1099, 31, 8.80%, 52, 0, 3, 6.75
1747805436, 0, 763, 1103, 1099, 31, 8.80%, 52, 0, 3, 6.81
1747805457, 0, 764, 1103, 1099, 31, 8.80%, 52, 0, 3, 7.48
1747805478, 0, 765, 1103, 1099, 31, 8.80%, 52, 0, 3, 7.43
1747805493, 0, 766, 1103, 1099, 31, 8.80%, 52, 0, 3, 6.84
1747805513, 0, 768, 1103, 1099, 31, 8.80%, 52, 0, 3, 6.39
1747805534, 0, 769, 1103, 1099, 31, 8.80%, 52, 0, 3, 7.79
1747805550, 0, 772, 1103, 1099, 31, 8.80%, 52, 0, 3, 7.14
1747805570, 0, 773, 1103, 1099, 31, 8.80%, 52, 0, 3, 7.23
1747805585, 0, 774, 1103, 1099, 31, 8.80%, 52, 0, 3, 7.09
1747805606, 0, 775, 1103, 1099, 31, 8.80%, 52, 0, 3, 7.16
1747805627, 0, 775, 1104, 1100, 31, 8.80%, 52, 0, 3, 5.60
1747805647, 0, 776, 1104, 1100, 31, 8.80%, 52, 0, 3, 6.94
1747805663, 0, 777, 1104, 1100, 31, 8.80%, 52, 0, 3, 7.28
1747805684, 0, 779, 1104, 1100, 31, 8.80%, 52, 0, 3, 6.35
1747805704, 0, 780, 1104, 1100, 31, 8.80%, 52, 0, 3, 7.14
1747805724, 0, 781, 1104, 1100, 31, 8.80%, 52, 0, 3, 6.04
1747805740, 0, 782, 1104, 1100, 31, 8.80%, 52, 0, 3, 6.66
1747805760, 0, 783, 1104, 1100, 31, 8.80%, 52, 0, 3, 6.55
1747805765, 0, 783, 1105, 1101, 31, 8.80%, 52, 0, 3, 6.87
1747805802, 0, 785, 1105, 1101, 31, 8.80%, 52, 0, 3, 6.93
1747805822, 0, 786, 1105, 1101, 31, 8.80%, 52, 0, 3, 7.30
1747805828, 0, 786, 1106, 1102, 31, 8.80%, 52, 0, 3, 6.07
1747805864, 0, 787, 1106, 1102, 31, 8.80%, 52, 0, 3, 6.72
1747805880, 0, 788, 1106, 1102, 31, 8.80%, 52, 0, 3, 7.35
1747805901, 0, 789, 1106, 1102, 31, 8.80%, 52, 0, 3, 6.57
1747805911, 0, 789, 1106, 1102, 31, 8.80%, 53, 0, 3, 6.96
1747805921, 0, 790, 1106, 1102, 31, 8.80%, 53, 0, 3, 6.81
1747805942, 0, 791, 1106, 1102, 31, 8.80%, 53, 0, 3, 6.65
1747805958, 0, 793, 1106, 1102, 31, 8.80%, 53, 0, 3, 6.53
1747805963, 0, 793, 1106, 1102, 31, 8.80%, 54, 0, 3, 6.95
1747805978, 0, 794, 1106, 1102, 31, 8.80%, 54, 0, 3, 7.09
1747805999, 0, 797, 1106, 1102, 31, 8.80%, 54, 0, 3, 7.58
1747806014, 0, 799, 1106, 1102, 31, 8.80%, 54, 0, 3, 7.59
1747806035, 0, 800, 1106, 1102, 31, 8.80%, 54, 0, 3, 5.96
1747806055, 0, 802, 1106, 1102, 31, 8.80%, 54, 0, 3, 6.20
1747806076, 0, 803, 1106, 1102, 31, 8.80%, 54, 0, 3, 6.71
1747806097, 0, 804, 1106, 1102, 31, 8.80%, 54, 0, 3, 6.60
1747806112, 0, 805, 1106, 1102, 31, 8.80%, 54, 0, 3, 7.30
1747806133, 0, 807, 1106, 1102, 31, 8.80%, 54, 0, 3, 6.45
1747806153, 0, 808, 1106, 1102, 31, 8.80%, 55, 0, 3, 6.44
1747806174, 0, 809, 1106, 1102, 31, 8.80%, 55, 0, 3, 7.10
1747806194, 0, 810, 1106, 1102, 31, 8.80%, 55, 0, 3, 6.57
1747806210, 0, 812, 1106, 1102, 31, 8.80%, 55, 0, 3, 6.61
1747806231, 0, 813, 1106, 1102, 31, 8.80%, 55, 0, 3, 6.42
1747806252, 0, 814, 1106, 1102, 31, 8.80%, 55, 0, 3, 6.72
1747806272, 0, 815, 1106, 1102, 31, 8.80%, 55, 0, 3, 6.65
1747806292, 0, 816, 1106, 1102, 31, 8.80%, 55, 0, 3, 5.77
1747806313, 0, 817, 1106, 1102, 31, 8.80%, 55, 0, 3, 6.65
1747806328, 0, 820, 1106, 1102, 31, 8.80%, 55, 0, 3, 7.88
1747806349, 0, 821, 1106, 1102, 31, 8.80%, 55, 0, 3, 6.80
1747806370, 0, 822, 1106, 1102, 31, 8.80%, 55, 0, 3, 6.69
1747806390, 0, 823, 1106, 1102, 31, 8.80%, 55, 0, 3, 7.41
1747806400, 0, 823, 1107, 1103, 31, 8.80%, 55, 0, 3, 7.11
1747806426, 0, 824, 1107, 1103, 31, 8.80%, 55, 0, 3, 7.33
1747806447, 0, 825, 1107, 1103, 31, 8.80%, 55, 0, 3, 6.18
1747806467, 0, 825, 1108, 1104, 31, 8.80%, 55, 0, 3, 6.68
1747806488, 0, 826, 1108, 1104, 32, 8.80%, 55, 0, 3, 6.94
1747806509, 0, 827, 1108, 1104, 32, 8.80%, 55, 0, 3, 7.09
1747806524, 0, 828, 1108, 1104, 32, 8.80%, 55, 0, 3, 7.46
1747806545, 0, 832, 1108, 1104, 32, 8.80%, 55, 0, 3, 6.82
1747806566, 0, 833, 1108, 1104, 32, 8.80%, 55, 0, 3, 7.50
1747806581, 0, 834, 1108, 1104, 32, 8.80%, 55, 0, 3, 6.61
1747806601, 0, 835, 1108, 1104, 32, 8.80%, 55, 0, 3, 6.47
1747806622, 0, 837, 1108, 1104, 32, 8.80%, 55, 0, 3, 7.46
1747806632, 0, 837, 1108, 1104, 32, 8.80%, 56, 0, 3, 6.91
1747806637, 0, 838, 1108, 1104, 32, 8.80%, 56, 0, 3, 7.22
1747806658, 0, 839, 1108, 1104, 32, 8.80%, 56, 0, 3, 6.62
1747806673, 0, 840, 1108, 1104, 32, 8.80%, 56, 0, 3, 7.46
1747806694, 0, 842, 1108, 1104, 32, 8.80%, 56, 0, 3, 7.08
1747806715, 0, 842, 1109, 1105, 32, 8.80%, 56, 0, 3, 5.70
1747806735, 0, 843, 1109, 1105, 32, 8.80%, 56, 0, 3, 6.41
1747806745, 0, 843, 1110, 1106, 32, 8.80%, 56, 0, 3, 6.03
1747806776, 0, 846, 1110, 1106, 33, 8.80%, 56, 0, 3, 7.16
1747806802, 0, 850, 1110, 1106, 33, 8.80%, 56, 0, 3, 4.63
1747806838, 0, 851, 1110, 1106, 33, 8.80%, 56, 0, 3, 4.01
1747806869, 0, 852, 1110, 1106, 33, 8.80%, 56, 0, 3, 4.50
1747806905, 0, 853, 1110, 1106, 33, 8.80%, 56, 0, 3, 4.44
1747806936, 0, 854, 1110, 1106, 33, 8.80%, 56, 0, 3, 3.92
1747806971, 0, 855, 1110, 1106, 33, 8.80%, 56, 0, 3, 3.88
1747807007, 0, 856, 1110, 1106, 33, 8.80%, 56, 0, 3, 4.02
1747807044, 0, 858, 1110, 1106, 33, 8.80%, 56, 0, 3, 3.75
1747807081, 0, 859, 1110, 1106, 33, 8.80%, 56, 0, 3, 4.40
1747807112, 0, 860, 1110, 1106, 33, 8.80%, 56, 0, 3, 3.86
1747807149, 0, 861, 1110, 1106, 33, 8.80%, 56, 0, 3, 4.20
1747807180, 0, 862, 1110, 1106, 33, 8.80%, 56, 0, 3, 4.58
1747807217, 0, 863, 1110, 1106, 33, 8.80%, 56, 0, 3, 3.67
1747807253, 0, 864, 1110, 1106, 33, 8.80%, 56, 0, 3, 4.35
1747807285, 0, 865, 1110, 1106, 33, 8.80%, 56, 0, 3, 4.38
1747807321, 0, 867, 1110, 1106, 33, 8.80%, 56, 0, 3, 3.89
1747807353, 0, 868, 1110, 1106, 33, 8.80%, 56, 0, 3, 3.98
1747807389, 0, 869, 1110, 1106, 33, 8.80%, 56, 0, 3, 3.48
1747807400, 0, 869, 1110, 1106, 33, 8.80%, 57, 0, 3, 3.70
1747807426, 0, 872, 1110, 1106, 33, 8.80%, 57, 0, 3, 3.94
1747807457, 0, 873, 1110, 1106, 33, 8.80%, 57, 0, 3, 4.07
1747807483, 0, 873, 1111, 1107, 33, 8.80%, 57, 0, 3, 3.86
1747807531, 0, 874, 1111, 1107, 33, 8.80%, 57, 0, 3, 3.97
1747807567, 0, 875, 1111, 1107, 33, 8.80%, 57, 0, 3, 4.06
1747807603, 0, 876, 1111, 1107, 33, 8.80%, 57, 0, 3, 3.48
1747807634, 0, 877, 1111, 1107, 33, 8.80%, 57, 0, 3, 4.01
1747807665, 0, 878, 1111, 1107, 33, 8.80%, 57, 0, 3, 4.36
1747807702, 0, 879, 1111, 1107, 33, 8.80%, 57, 0, 3, 5.00
1747807733, 0, 880, 1111, 1107, 33, 8.80%, 57, 0, 3, 3.96
1747807768, 0, 881, 1111, 1107, 33, 8.80%, 57, 0, 3, 4.22
1747807799, 0, 882, 1111, 1107, 33, 8.80%, 57, 0, 3, 3.91
1747807836, 0, 883, 1111, 1107, 33, 8.80%, 57, 0, 3, 4.07
1747807867, 0, 884, 1111, 1107, 33, 8.80%, 57, 0, 3, 4.56
1747807903, 0, 885, 1111, 1107, 33, 8.80%, 57, 0, 3, 4.09
1747807934, 0, 886, 1111, 1107, 33, 8.80%, 57, 0, 3, 3.98
1747807971, 0, 887, 1111, 1107, 33, 8.80%, 57, 0, 3, 3.60
1747808002, 0, 889, 1111, 1107, 33, 8.80%, 57, 0, 3, 4.22
1747808038, 0, 890, 1111, 1107, 33, 8.80%, 57, 0, 3, 4.09
1747808075, 0, 892, 1111, 1107, 33, 8.80%, 57, 0, 3, 3.60
1747808112, 0, 894, 1111, 1107, 33, 8.80%, 57, 0, 3, 3.99
1747808143, 0, 896, 1111, 1107, 33, 8.80%, 57, 0, 3, 3.88
1747808179, 0, 897, 1111, 1107, 33, 8.80%, 57, 0, 3, 3.87
1747808201, 0, 897, 1111, 1107, 33, 8.80%, 58, 0, 3, 4.55
1747808211, 0, 898, 1111, 1107, 33, 8.80%, 58, 0, 3, 4.17
1747808248, 0, 899, 1111, 1107, 33, 8.80%, 58, 0, 3, 3.64
1747808279, 0, 900, 1111, 1107, 33, 8.80%, 58, 0, 3, 4.01
1747808310, 0, 901, 1111, 1107, 33, 8.80%, 58, 0, 3, 4.44
1747808346, 0, 902, 1111, 1107, 33, 8.80%, 58, 0, 3, 4.18
1747808377, 0, 905, 1111, 1107, 33, 8.80%, 58, 0, 3, 4.32
1747808408, 0, 906, 1111, 1107, 33, 8.80%, 58, 0, 3, 4.10
1747808434, 0, 906, 1112, 1108, 33, 8.80%, 58, 0, 3, 3.59
1747808481, 0, 908, 1112, 1108, 33, 8.80%, 58, 0, 3, 3.98
1747808517, 0, 910, 1112, 1108, 33, 8.80%, 58, 0, 3, 4.43
1747808549, 0, 911, 1112, 1108, 33, 8.80%, 58, 0, 3, 4.02
1747808580, 0, 912, 1112, 1108, 33, 8.80%, 58, 0, 3, 4.44
1747808616, 0, 913, 1112, 1108, 33, 8.80%, 58, 0, 3, 4.06
1747808637, 0, 913, 1113, 1109, 33, 8.80%, 58, 0, 3, 3.64
1747808684, 0, 914, 1113, 1109, 33, 8.80%, 58, 0, 3, 3.97
1747808720, 0, 915, 1113, 1109, 33, 8.80%, 58, 0, 3, 4.24
1747808752, 0, 917, 1113, 1109, 33, 8.80%, 58, 0, 3, 4.36
1747808788, 0, 918, 1113, 1109, 33, 8.80%, 58, 0, 3, 4.03
1747808824, 0, 919, 1113, 1109, 33, 8.80%, 58, 0, 3, 4.57
1747808855, 0, 921, 1113, 1109, 33, 8.80%, 59, 0, 3, 4.38
1747808886, 0, 923, 1113, 1109, 33, 8.80%, 59, 0, 3, 3.92
1747808922, 0, 924, 1113, 1109, 33, 8.80%, 59, 0, 3, 3.73
1747808959, 0, 925, 1113, 1109, 33, 8.80%, 59, 0, 3, 3.68
1747808990, 0, 926, 1113, 1109, 33, 8.80%, 59, 0, 3, 4.29
1747809021, 0, 926, 1113, 1109, 33, 8.80%, 60, 0, 3, 3.60
1747809026, 0, 927, 1113, 1109, 33, 8.80%, 60, 0, 3, 3.97
1747809058, 0, 928, 1113, 1109, 33, 8.80%, 60, 0, 3, 3.88
1747809094, 0, 929, 1113, 1109, 33, 8.80%, 60, 0, 3, 3.88
1747809131, 0, 930, 1113, 1109, 33, 8.80%, 60, 0, 3, 3.59
1747809168, 0, 931, 1113, 1109, 33, 8.80%, 60, 0, 3, 4.15
1747809199, 0, 932, 1113, 1109, 33, 8.80%, 60, 0, 3, 4.75
1747809236, 0, 933, 1113, 1109, 33, 8.80%, 60, 0, 3, 4.68
1747809263, 0, 934, 1113, 1109, 33, 8.80%, 60, 0, 3, 4.15
1747809284, 0, 934, 1113, 1109, 33, 8.80%, 61, 0, 3, 3.83
1747809299, 0, 936, 1113, 1109, 33, 8.80%, 61, 0, 3, 3.64
1747809330, 0, 938, 1113, 1109, 33, 8.80%, 61, 0, 3, 4.87
1747809367, 0, 939, 1113, 1109, 33, 8.80%, 61, 0, 3, 4.24
1747809398, 0, 940, 1113, 1109, 33, 8.80%, 61, 0, 3, 4.28
1747809434, 0, 943, 1113, 1109, 33, 8.80%, 61, 0, 3, 4.43
1747809465, 0, 945, 1113, 1109, 33, 8.80%, 61, 0, 3, 4.31
1747809496, 0, 946, 1113, 1109, 33, 8.80%, 61, 0, 3, 4.22
1747809533, 0, 947, 1113, 1109, 33, 8.80%, 61, 0, 3, 3.93
1747809565, 0, 950, 1113, 1109, 33, 8.80%, 61, 0, 3, 3.97
1747809601, 0, 951, 1113, 1109, 33, 8.80%, 61, 0, 3, 3.90
1747809633, 0, 952, 1113, 1109, 33, 8.80%, 61, 0, 3, 4.29
1747809669, 0, 953, 1113, 1109, 33, 8.80%, 61, 0, 3, 3.59
1747809705, 0, 954, 1113, 1109, 33, 8.80%, 61, 0, 3, 4.19
1747809736, 0, 955, 1113, 1109, 33, 8.80%, 61, 0, 3, 3.81
1747809752, 0, 955, 1113, 1109, 33, 8.80%, 62, 0, 3, 3.81
1747809773, 0, 956, 1113, 1109, 33, 8.80%, 62, 0, 3, 4.23
1747809804, 0, 957, 1113, 1109, 33, 8.80%, 62, 0, 3, 4.17
1747809835, 0, 958, 1113, 1109, 33, 8.80%, 62, 0, 3, 4.41
1747809872, 0, 959, 1113, 1109, 33, 8.80%, 62, 0, 3, 4.23
1747809903, 0, 960, 1113, 1109, 33, 8.80%, 62, 0, 3, 4.42
1747809934, 0, 961, 1113, 1109, 33, 8.80%, 62, 0, 3, 4.00
1747809970, 0, 962, 1113, 1109, 33, 8.80%, 62, 0, 3, 4.30
1747810006, 0, 964, 1113, 1109, 33, 8.80%, 62, 0, 3, 3.94
1747810037, 0, 965, 1113, 1109, 33, 8.80%, 62, 0, 3, 4.23
1747810074, 0, 966, 1113, 1109, 33, 8.80%, 62, 0, 3, 4.56
1747810104, 0, 967, 1113, 1109, 33, 8.80%, 62, 0, 3, 3.98
1747810141, 0, 969, 1113, 1109, 33, 8.80%, 62, 0, 3, 4.40
1747810178, 0, 970, 1113, 1109, 33, 8.80%, 62, 0, 3, 3.98
1747810188, 0, 970, 1113, 1109, 33, 8.80%, 63, 0, 3, 4.03
1747810209, 0, 971, 1113, 1109, 33, 8.80%, 63, 0, 3, 4.13
1747810245, 0, 973, 1113, 1109, 33, 8.80%, 63, 0, 3, 4.12
1747810276, 0, 974, 1113, 1109, 33, 8.80%, 63, 0, 3, 3.85
1747810312, 0, 975, 1113, 1109, 33, 8.80%, 63, 0, 3, 4.40
1747810343, 0, 976, 1113, 1109, 33, 8.80%, 63, 0, 3, 3.78
1747810375, 0, 977, 1113, 1109, 33, 8.80%, 63, 0, 3, 4.04
1747810412, 0, 978, 1113, 1109, 33, 8.80%, 63, 0, 3, 4.15
1747810443, 0, 979, 1113, 1109, 33, 8.80%, 63, 0, 3, 4.03
1747810480, 0, 980, 1113, 1109, 33, 8.80%, 63, 0, 3, 4.56
1747810516, 0, 981, 1113, 1109, 33, 8.80%, 63, 0, 3, 3.69
1747810548, 0, 982, 1113, 1109, 33, 8.80%, 63, 0, 3, 4.14
1747810585, 0, 983, 1113, 1109, 33, 8.80%, 63, 0, 3, 4.06
1747810615, 0, 984, 1113, 1109, 33, 8.80%, 63, 0, 3, 3.90
1747810652, 0, 985, 1113, 1109, 33, 8.80%, 63, 0, 3, 4.08
1747810683, 0, 987, 1113, 1109, 33, 8.80%, 63, 0, 3, 4.14
1747810719, 0, 988, 1113, 1109, 33, 8.80%, 63, 0, 3, 3.64
1747810755, 0, 988, 1114, 1110, 33, 8.80%, 63, 0, 3, 3.71
1747810791, 0, 989, 1114, 1110, 33, 8.80%, 63, 0, 3, 4.09
1747810823, 0, 990, 1114, 1110, 33, 8.80%, 63, 0, 3, 4.19
1747810864, 0, 991, 1114, 1110, 33, 8.80%, 63, 0, 3, 3.77
1747810895, 0, 992, 1114, 1110, 33, 8.80%, 63, 0, 3, 4.00
1747810932, 0, 993, 1114, 1110, 33, 8.80%, 63, 0, 3, 4.12
1747810968, 0, 995, 1114, 1110, 33, 8.80%, 63, 0, 3, 4.03
1747810999, 0, 996, 1114, 1110, 33, 8.80%, 64, 0, 3, 4.37
1747811036, 0, 997, 1114, 1110, 33, 8.80%, 64, 0, 3, 3.90
1747811067, 0, 998, 1114, 1110, 33, 8.80%, 64, 0, 3, 4.56
1747811098, 0, 999, 1114, 1110, 33, 8.80%, 64, 0, 3, 3.94
1747811135, 0, 1000, 1114, 1110, 33, 8.80%, 64, 0, 3, 3.95
1747811172, 0, 1001, 1114, 1110, 33, 8.80%, 64, 0, 3, 4.04
1747811193, 0, 1001, 1114, 1110, 33, 8.80%, 65, 0, 3, 3.80
1747811209, 0, 1003, 1114, 1110, 33, 8.80%, 65, 0, 3, 4.08
1747811235, 0, 1004, 1114, 1110, 33, 8.80%, 65, 0, 3, 4.89
1747811267, 0, 1005, 1114, 1110, 33, 8.80%, 65, 0, 3, 4.44
1747811277, 0, 1005, 1114, 1110, 33, 8.80%, 66, 0, 3, 4.07
1747811304, 0, 1006, 1114, 1110, 33, 8.80%, 66, 0, 3, 4.54
1747811335, 0, 1010, 1114, 1110, 33, 8.80%, 66, 0, 3, 3.84
1747811372, 0, 1012, 1114, 1110, 33, 8.80%, 66, 0, 3, 4.19
1747811404, 0, 1013, 1114, 1110, 33, 8.80%, 66, 0, 3, 4.48
1747811435, 0, 1014, 1114, 1110, 33, 8.80%, 66, 0, 3, 4.12
1747811471, 0, 1016, 1114, 1110, 33, 8.80%, 66, 0, 3, 4.14
1747811507, 0, 1017, 1114, 1110, 33, 8.80%, 66, 0, 3, 4.44
1747811538, 0, 1018, 1114, 1110, 33, 8.80%, 66, 0, 3, 3.95
1747811574, 0, 1019, 1114, 1110, 33, 8.80%, 66, 0, 3, 3.97
1747811605, 0, 1020, 1114, 1110, 33, 8.80%, 66, 0, 3, 4.48
1747811642, 0, 1021, 1114, 1110, 33, 8.80%, 66, 0, 3, 4.09
1747811673, 0, 1022, 1114, 1110, 33, 8.80%, 66, 0, 3, 4.23
1747811709, 0, 1023, 1114, 1110, 33, 8.80%, 66, 0, 3, 4.15
1747811739, 0, 1024, 1114, 1110, 33, 8.80%, 66, 0, 3, 4.01
1747811776, 0, 1025, 1114, 1110, 33, 8.80%, 66, 0, 3, 3.68
1747811801, 0, 1027, 1114, 1110, 33, 8.80%, 66, 0, 3, 4.77
1747811838, 0, 1028, 1114, 1110, 33, 8.80%, 66, 0, 3, 4.12
1747811869, 0, 1029, 1114, 1110, 33, 8.80%, 66, 0, 3, 4.50
1747811906, 0, 1030, 1114, 1110, 33, 8.80%, 66, 0, 3, 3.77
1747811938, 0, 1031, 1114, 1110, 33, 8.80%, 66, 0, 3, 4.02
1747811969, 0, 1033, 1114, 1110, 33, 8.80%, 66, 0, 3, 4.16
1747812006, 0, 1034, 1114, 1110, 33, 8.80%, 66, 0, 3, 3.68
1747812037, 0, 1035, 1114, 1110, 33, 8.80%, 66, 0, 3, 4.58
1747812074, 0, 1036, 1114, 1110, 33, 8.80%, 66, 0, 3, 4.03
1747812105, 0, 1037, 1114, 1110, 33, 8.80%, 66, 0, 3, 3.96
1747812142, 0, 1038, 1114, 1110, 33, 8.80%, 66, 0, 3, 4.02
1747812173, 0, 1039, 1114, 1110, 33, 8.80%, 66, 0, 3, 4.12
1747812204, 0, 1040, 1114, 1110, 33, 8.80%, 66, 0, 3, 4.57
1747812220, 0, 1040, 1114, 1110, 33, 8.80%, 67, 0, 3, 3.64
1747812241, 0, 1041, 1114, 1110, 33, 8.80%, 67, 0, 3, 4.14
1747812272, 0, 1045, 1114, 1110, 33, 8.80%, 67, 0, 3, 4.64
1747812308, 0, 1046, 1114, 1110, 33, 8.80%, 67, 0, 3, 3.76
1747812339, 0, 1047, 1114, 1110, 33, 8.80%, 67, 0, 3, 4.45
1747812375, 0, 1048, 1114, 1110, 33, 8.80%, 67, 0, 3, 4.03
1747812406, 0, 1049, 1114, 1110, 33, 8.80%, 67, 0, 3, 4.05
1747812438, 0, 1050, 1114, 1110, 33, 8.80%, 67, 0, 3, 4.46
1747812475, 0, 1051, 1114, 1110, 33, 8.80%, 67, 0, 3, 4.12
1747812506, 0, 1052, 1114, 1110, 33, 8.80%, 67, 0, 3, 4.16
1747812537, 0, 1053, 1114, 1110, 33, 8.80%, 67, 0, 3, 4.49
1747812574, 0, 1054, 1114, 1110, 33, 8.80%, 67, 0, 3, 3.61
1747812605, 0, 1055, 1114, 1110, 33, 8.80%, 67, 0, 3, 4.35
1747812636, 0, 1057, 1114, 1110, 33, 8.80%, 67, 0, 3, 4.23
1747812672, 0, 1058, 1114, 1110, 33, 8.80%, 67, 0, 3, 4.21
1747812698, 0, 1058, 1114, 1110, 33, 8.80%, 68, 0, 3, 4.16
1747812704, 0, 1059, 1114, 1110, 33, 8.80%, 68, 0, 3, 4.40
1747812725, 0, 1059, 1114, 1110, 33, 8.80%, 69, 0, 3, 3.74
1747812740, 0, 1060, 1114, 1110, 33, 8.80%, 69, 0, 3, 4.17
1747812771, 0, 1061, 1114, 1110, 33, 8.80%, 69, 0, 3, 3.33
1747812808, 0, 1062, 1114, 1110, 33, 8.80%, 69, 0, 3, 4.44
1747812839, 0, 1063, 1114, 1110, 33, 8.80%, 69, 0, 3, 4.08
1747812871, 0, 1064, 1114, 1110, 33, 8.80%, 69, 0, 3, 4.06
1747812907, 0, 1065, 1114, 1110, 33, 8.80%, 69, 0, 3, 3.79
1747812943, 0, 1066, 1114, 1110, 33, 8.80%, 69, 0, 3, 4.02
1747812975, 0, 1067, 1114, 1110, 33, 8.80%, 69, 0, 3, 4.11
1747813011, 0, 1068, 1114, 1110, 33, 8.80%, 69, 0, 3, 3.61
1747813047, 0, 1069, 1114, 1110, 33, 8.80%, 69, 0, 3, 4.30
1747813079, 0, 1070, 1114, 1110, 33, 8.80%, 69, 0, 3, 4.53
1747813115, 0, 1071, 1114, 1110, 33, 8.80%, 69, 0, 3, 4.41
1747813147, 0, 1072, 1114, 1110, 33, 8.80%, 69, 0, 3, 3.47
1747813184, 0, 1073, 1114, 1110, 33, 8.80%, 69, 0, 3, 4.46
1747813214, 0, 1075, 1114, 1110, 33, 8.80%, 69, 0, 3, 3.63
1747813250, 0, 1076, 1114, 1110, 33, 8.80%, 69, 0, 3, 4.54
1747813282, 0, 1077, 1114, 1110, 33, 8.80%, 69, 0, 3, 4.78
1747813314, 0, 1078, 1114, 1110, 33, 8.80%, 69, 0, 3, 4.22
1747813350, 0, 1079, 1114, 1110, 33, 8.80%, 69, 0, 3, 4.65
1747813381, 0, 1082, 1114, 1110, 33, 8.80%, 69, 0, 3, 4.37
1747813413, 0, 1082, 1114, 1110, 33, 8.80%, 70, 0, 3, 3.63
1747813418, 0, 1083, 1114, 1110, 33, 8.80%, 70, 0, 3, 4.07
1747813438, 0, 1083, 1114, 1110, 33, 8.80%, 71, 0, 3, 4.02
1747813449, 0, 1084, 1114, 1110, 33, 8.80%, 71, 0, 3, 4.38
1747813480, 0, 1086, 1114, 1110, 33, 8.80%, 71, 0, 3, 4.47
1747813516, 0, 1087, 1114, 1110, 33, 8.80%, 71, 0, 3, 4.48
1747813548, 0, 1088, 1114, 1110, 33, 8.80%, 71, 0, 3, 3.96
1747813584, 0, 1089, 1114, 1110, 33, 8.80%, 71, 0, 3, 3.71
1747813615, 0, 1090, 1114, 1110, 33, 8.80%, 71, 0, 3, 11.43
1747813687, 0, 1090, 1115, 1111, 33, 8.80%, 71, 0, 4, 11.10
1747813928, 0, 1091, 1115, 1110, 32, 8.80%, 71, 0, 4, 10.81
1747813964, 0, 1092, 1115, 1110, 32, 8.80%, 71, 0, 4, 4.11
1747813996, 0, 1093, 1115, 1110, 32, 8.80%, 71, 0, 4, 4.59
1747814017, 0, 1093, 1116, 1111, 32, 8.80%, 71, 0, 4, 3.97
1747814059, 0, 1093, 1116, 1111, 32, 8.80%, 72, 0, 4, 4.02
1747814069, 0, 1094, 1116, 1111, 32, 8.80%, 72, 0, 4, 3.92
1747814100, 0, 1095, 1116, 1111, 32, 8.80%, 72, 0, 4, 4.31
1747814137, 0, 1096, 1116, 1111, 32, 8.80%, 72, 0, 4, 3.63
1747814174, 0, 1097, 1116, 1111, 32, 8.80%, 72, 0, 4, 3.87
1747814206, 0, 1098, 1116, 1111, 32, 8.80%, 72, 0, 4, 4.27
1747814242, 0, 1099, 1116, 1111, 32, 8.80%, 72, 0, 4, 3.93
1747814274, 0, 1101, 1116, 1111, 32, 8.80%, 72, 0, 4, 4.15
1747814305, 0, 1102, 1116, 1111, 32, 8.80%, 72, 0, 4, 4.52
1747814341, 0, 1103, 1116, 1111, 32, 8.80%, 72, 0, 4, 4.01
1747814373, 0, 1104, 1116, 1111, 32, 8.80%, 72, 0, 4, 4.51
1747814409, 0, 1105, 1116, 1111, 32, 8.80%, 72, 0, 4, 3.44
1747814455, 0, 1105, 1117, 1112, 32, 8.80%, 72, 0, 4, 2.60
1747814641, 0, 1105, 1117, 1112, 32, 8.80%, 75, 0, 4, 1.62
1747814805, 0, 1105, 1118, 1113, 32, 8.80%, 75, 0, 4, 1.76
1747814869, 0, 1105, 1118, 1113, 32, 8.80%, 76, 0, 4, 1.66
1747814875, 0, 1105, 1118, 1113, 32, 8.80%, 78, 0, 4, 1.63
1747814880, 0, 1105, 1118, 1113, 32, 8.80%, 80, 0, 4, 1.63
1747815096, 0, 1105, 1118, 1113, 32, 8.80%, 81, 0, 4, 1.65
1747815101, 0, 1105, 1118, 1113, 32, 8.80%, 86, 0, 4, 1.63
1747815143, 0, 1105, 1118, 1113, 32, 8.80%, 87, 0, 4, 1.81
1747815196, 0, 1105, 1118, 1113, 32, 8.80%, 88, 0, 4, 2.28
1747815445, 0, 1105, 1119, 1114, 32, 8.80%, 88, 0, 4, 2.70
1747815897, 0, 1105, 1120, 1115, 32, 8.82%, 88, 0, 4, 1.77
1747816537, 0, 1105, 1120, 1115, 32, 8.82%, 89, 0, 4, 1.58
1747816603, 0, 1105, 1120, 1115, 32, 8.82%, 90, 0, 4, 1.61
1747816667, 0, 1105, 1120, 1115, 32, 8.82%, 92, 0, 4, 2.73
1747816672, 0, 1105, 1120, 1115, 32, 8.82%, 97, 0, 4, 2.74
1747816677, 0, 1105, 1120, 1115, 32, 8.82%, 102, 0, 4, 2.71
1747816683, 0, 1105, 1120, 1115, 32, 8.82%, 107, 0, 4, 2.69
1747816710, 0, 1105, 1121, 1116, 32, 8.82%, 107, 0, 4, 1.79
