# unix_time, cycles_done, cur_path, paths_total, pending_total, pending_favs, map_size, unique_crashes, unique_hangs, max_depth, execs_per_sec
1747817457, 0, 0, 1, 1, 1, 3.78%, 0, 0, 1, 52.63
1747817462, 0, 0, 19, 19, 1, 4.87%, 0, 0, 2, 50.59
1747817467, 0, 0, 37, 37, 1, 4.91%, 0, 0, 2, 46.45
1747817472, 0, 0, 53, 53, 1, 4.91%, 0, 0, 2, 46.25
1747817477, 0, 0, 66, 66, 1, 4.91%, 0, 0, 2, 47.96
1747817483, 0, 0, 78, 78, 1, 4.91%, 0, 0, 2, 46.35
1747817488, 0, 0, 94, 94, 1, 4.92%, 0, 0, 2, 67.90
1747817493, 0, 0, 111, 111, 1, 4.92%, 0, 0, 2, 81.45
1747817498, 0, 0, 121, 121, 1, 4.94%, 0, 0, 2, 86.37
1747817503, 0, 0, 135, 135, 1, 4.94%, 0, 0, 2, 87.06
1747817508, 0, 0, 143, 143, 1, 4.94%, 0, 0, 2, 87.92
1747817513, 0, 0, 156, 156, 1, 4.95%, 0, 0, 2, 86.42
1747817518, 0, 0, 162, 162, 1, 4.95%, 0, 0, 2, 76.23
1747817524, 0, 0, 172, 172, 1, 4.95%, 0, 0, 2, 85.85
1747817529, 0, 0, 178, 178, 1, 4.95%, 0, 0, 2, 90.64
1747817534, 0, 0, 184, 184, 1, 4.95%, 0, 0, 2, 90.67
1747817539, 0, 0, 191, 191, 1, 4.95%, 0, 0, 2, 89.43
1747817544, 0, 0, 197, 197, 1, 4.95%, 0, 0, 2, 89.92
1747817549, 0, 0, 204, 204, 1, 4.95%, 0, 0, 2, 88.38
1747817554, 0, 0, 208, 208, 1, 5.03%, 0, 0, 2, 91.21
1747817559, 0, 0, 213, 213, 1, 5.03%, 0, 0, 2, 91.41
1747817565, 0, 0, 217, 217, 1, 5.06%, 0, 0, 2, 90.41
1747817570, 0, 0, 219, 219, 1, 5.06%, 0, 0, 2, 92.19
1747817575, 0, 0, 223, 223, 1, 5.06%, 0, 0, 2, 90.45
1747817580, 0, 0, 228, 228, 1, 5.06%, 0, 0, 2, 89.07
1747817585, 0, 0, 230, 230, 1, 5.06%, 0, 0, 2, 91.66
1747817590, 0, 0, 233, 233, 1, 5.06%, 0, 0, 2, 91.33
1747817595, 0, 0, 235, 235, 1, 5.06%, 0, 0, 2, 91.67
1747817600, 0, 0, 238, 238, 1, 5.06%, 0, 0, 2, 89.92
1747817606, 0, 0, 240, 240, 1, 5.06%, 0, 0, 2, 89.90
1747817611, 0, 0, 243, 243, 1, 5.06%, 0, 0, 2, 89.25
1747817616, 0, 0, 246, 246, 1, 5.06%, 0, 0, 2, 88.59
1747817621, 0, 0, 249, 249, 1, 5.06%, 0, 0, 2, 90.86
1747817626, 0, 0, 250, 250, 1, 5.06%, 0, 0, 2, 92.33
1747817631, 0, 0, 254, 254, 1, 5.06%, 0, 0, 2, 91.24
1747817636, 0, 0, 256, 256, 1, 5.06%, 0, 0, 2, 92.85
1747817641, 0, 0, 259, 259, 1, 5.06%, 0, 0, 2, 92.71
1747817647, 0, 0, 260, 260, 1, 5.06%, 0, 0, 2, 93.41
1747817657, 0, 0, 262, 262, 1, 5.06%, 0, 0, 2, 92.26
1747817662, 0, 0, 263, 263, 1, 5.06%, 0, 0, 2, 92.88
1747817672, 0, 0, 266, 266, 1, 5.06%, 0, 0, 2, 91.46
1747817677, 0, 1, 266, 265, 12, 5.06%, 0, 0, 2, 92.52
1747817682, 0, 2, 290, 289, 12, 5.10%, 0, 0, 2, 62.56
1747817688, 0, 2, 314, 313, 12, 5.11%, 0, 0, 2, 54.42
1747817693, 0, 2, 330, 329, 12, 5.11%, 0, 0, 2, 52.40
1747817698, 0, 2, 343, 342, 12, 5.11%, 0, 0, 2, 52.09
1747817703, 0, 2, 352, 351, 12, 5.11%, 0, 0, 2, 52.19
1747817708, 0, 2, 361, 360, 12, 5.11%, 0, 0, 2, 52.98
1747817714, 0, 2, 373, 372, 12, 5.11%, 0, 0, 2, 51.72
1747817719, 0, 2, 379, 378, 12, 5.11%, 0, 0, 2, 51.65
1747817724, 0, 2, 386, 385, 12, 5.11%, 0, 0, 2, 51.78
1747817729, 0, 2, 389, 388, 12, 5.12%, 0, 0, 2, 53.58
1747817734, 0, 2, 396, 395, 12, 5.12%, 0, 0, 2, 52.28
1747817739, 0, 2, 404, 403, 12, 5.13%, 0, 0, 2, 52.69
1747817744, 0, 2, 406, 405, 12, 5.13%, 0, 0, 2, 53.31
1747817749, 0, 2, 409, 408, 12, 5.14%, 0, 0, 2, 53.72
1747817755, 0, 2, 411, 410, 12, 5.14%, 0, 0, 2, 54.14
1747817760, 0, 2, 413, 412, 12, 5.14%, 0, 0, 2, 53.53
1747817765, 0, 2, 416, 415, 12, 5.14%, 0, 0, 2, 53.92
1747817770, 0, 2, 418, 417, 12, 5.14%, 0, 0, 2, 53.85
1747817775, 0, 2, 419, 418, 12, 5.14%, 0, 0, 2, 54.01
1747817780, 0, 3, 427, 426, 17, 5.14%, 0, 0, 2, 48.39
1747817785, 0, 3, 447, 446, 17, 5.17%, 0, 0, 2, 40.15
1747817791, 0, 3, 465, 464, 17, 5.26%, 0, 0, 2, 37.10
1747817796, 0, 3, 481, 480, 17, 5.26%, 0, 0, 2, 36.66
1747817801, 0, 3, 495, 494, 17, 5.26%, 0, 0, 2, 36.68
1747817806, 0, 3, 511, 510, 17, 5.26%, 0, 0, 2, 36.21
1747817811, 0, 3, 523, 522, 17, 5.26%, 0, 0, 2, 36.77
1747817816, 0, 3, 534, 533, 17, 5.27%, 0, 0, 2, 36.14
1747817821, 0, 3, 545, 544, 17, 5.27%, 0, 0, 2, 36.79
1747817827, 0, 3, 552, 551, 17, 5.27%, 0, 0, 2, 36.52
1747817832, 0, 3, 561, 560, 17, 5.37%, 0, 0, 2, 35.80
1747817837, 0, 3, 570, 569, 17, 5.37%, 0, 0, 2, 36.29
1747817842, 0, 3, 577, 576, 17, 5.37%, 0, 0, 2, 36.78
1747817847, 0, 3, 585, 584, 17, 5.57%, 0, 0, 2, 36.63
1747817852, 0, 3, 590, 589, 17, 5.57%, 0, 0, 2, 36.51
1747817858, 0, 3, 593, 592, 17, 5.57%, 0, 0, 2, 36.72
1747817863, 0, 3, 599, 598, 17, 5.57%, 0, 0, 2, 36.72
1747817868, 0, 3, 602, 601, 17, 5.57%, 0, 0, 2, 37.09
1747817873, 0, 3, 604, 603, 17, 5.57%, 0, 0, 2, 37.56
1747817878, 0, 3, 609, 608, 17, 5.57%, 0, 0, 2, 37.36
1747817883, 0, 3, 612, 611, 17, 5.57%, 0, 0, 2, 37.68
1747817888, 0, 3, 614, 613, 17, 5.57%, 0, 0, 2, 37.60
1747817893, 0, 3, 617, 616, 17, 5.57%, 0, 0, 2, 36.76
1747817903, 0, 3, 619, 618, 17, 5.57%, 0, 0, 2, 37.58
1747817909, 0, 3, 621, 620, 17, 5.57%, 0, 0, 2, 37.63
1747817914, 0, 3, 623, 622, 17, 5.57%, 0, 0, 2, 37.64
1747817919, 0, 3, 625, 624, 17, 5.57%, 0, 0, 2, 37.72
1747817924, 0, 3, 626, 625, 17, 5.57%, 0, 0, 2, 37.79
1747817929, 0, 3, 627, 626, 17, 5.57%, 0, 0, 2, 38.03
1747817934, 0, 3, 629, 628, 17, 5.57%, 0, 0, 2, 37.71
1747817939, 0, 4, 632, 631, 12, 5.57%, 0, 0, 2, 36.22
1747817944, 0, 4, 639, 638, 12, 5.57%, 0, 0, 2, 35.98
1747817949, 0, 4, 640, 639, 12, 5.57%, 0, 0, 2, 35.94
1747817954, 0, 4, 644, 643, 12, 5.57%, 0, 0, 2, 36.17
1747817959, 0, 4, 647, 646, 12, 5.57%, 0, 0, 2, 35.26
1747817964, 0, 4, 648, 647, 12, 5.57%, 0, 0, 2, 36.03
1747817969, 0, 4, 649, 648, 12, 5.57%, 0, 0, 2, 36.40
1747817974, 0, 4, 653, 652, 12, 5.57%, 0, 0, 2, 35.25
1747817979, 0, 4, 654, 653, 12, 5.57%, 0, 0, 2, 35.60
1747817984, 0, 4, 656, 655, 12, 5.57%, 0, 0, 2, 36.15
1747817989, 0, 4, 657, 656, 12, 5.57%, 0, 0, 2, 35.66
1747818000, 0, 4, 658, 657, 12, 5.57%, 0, 0, 2, 36.25
1747818005, 0, 4, 661, 660, 12, 5.57%, 0, 0, 2, 35.64
1747818010, 0, 4, 663, 662, 12, 5.57%, 0, 0, 2, 35.86
1747818015, 0, 4, 664, 663, 12, 5.57%, 0, 0, 2, 35.63
1747818020, 0, 4, 665, 664, 12, 5.57%, 0, 0, 2, 35.69
1747818025, 0, 4, 667, 666, 12, 5.57%, 0, 0, 2, 35.84
1747818035, 0, 4, 668, 667, 12, 5.57%, 0, 0, 2, 35.93
1747818040, 0, 4, 669, 668, 12, 5.57%, 0, 0, 2, 35.86
1747818045, 0, 4, 673, 672, 12, 5.57%, 0, 0, 2, 35.64
1747818060, 0, 5, 678, 677, 13, 5.57%, 0, 0, 2, 33.23
1747818065, 0, 5, 692, 691, 13, 5.58%, 0, 0, 2, 30.54
1747818070, 0, 5, 702, 701, 13, 5.63%, 0, 0, 2, 29.92
1747818075, 0, 5, 710, 709, 13, 6.19%, 0, 0, 2, 29.60
1747818081, 0, 5, 719, 718, 13, 6.19%, 0, 0, 2, 29.88
1747818086, 0, 5, 723, 722, 13, 6.20%, 0, 0, 2, 30.39
1747818091, 0, 5, 728, 727, 13, 6.20%, 0, 0, 2, 30.19
1747818096, 0, 5, 732, 731, 13, 6.20%, 0, 0, 2, 30.70
1747818101, 0, 5, 735, 734, 13, 6.20%, 0, 0, 2, 30.55
1747818106, 0, 5, 741, 740, 13, 6.20%, 0, 0, 2, 30.12
1747818111, 0, 5, 743, 742, 13, 6.20%, 0, 0, 2, 30.05
1747818116, 0, 5, 744, 743, 13, 6.20%, 0, 0, 2, 30.89
1747818122, 0, 5, 745, 744, 13, 6.20%, 0, 0, 2, 30.61
1747818127, 0, 5, 747, 746, 13, 6.20%, 0, 0, 2, 30.62
1747818132, 0, 5, 750, 749, 13, 6.20%, 0, 0, 2, 30.34
1747818142, 0, 5, 753, 752, 13, 6.20%, 0, 0, 2, 30.37
1747818147, 0, 5, 756, 755, 13, 6.20%, 0, 0, 2, 29.93
1747818157, 0, 5, 758, 757, 13, 6.20%, 0, 0, 2, 30.55
1747818163, 0, 5, 760, 759, 13, 6.20%, 0, 0, 2, 30.71
1747818168, 0, 5, 761, 760, 13, 6.20%, 0, 0, 2, 30.80
1747818183, 0, 5, 762, 761, 13, 6.20%, 0, 0, 2, 30.64
1747818188, 0, 5, 764, 763, 13, 6.20%, 0, 0, 2, 30.72
1747818198, 0, 5, 765, 764, 13, 6.20%, 0, 0, 2, 30.46
1747818203, 0, 5, 767, 766, 13, 6.20%, 0, 0, 2, 30.01
1747818209, 0, 5, 769, 768, 13, 6.20%, 0, 0, 2, 29.03
1747818214, 0, 5, 770, 769, 13, 6.20%, 0, 0, 2, 30.10
1747818219, 0, 5, 772, 771, 13, 6.20%, 0, 0, 2, 30.37
1747818224, 0, 6, 774, 773, 13, 6.20%, 0, 0, 2, 29.43
1747818229, 0, 6, 775, 774, 13, 6.20%, 0, 0, 2, 30.02
1747818234, 0, 6, 777, 776, 13, 6.20%, 0, 0, 2, 29.74
1747818239, 0, 6, 780, 779, 13, 6.20%, 0, 0, 2, 29.60
1747818250, 0, 6, 782, 781, 13, 6.20%, 0, 0, 2, 29.19
1747818255, 0, 6, 783, 782, 13, 6.20%, 0, 0, 2, 29.53
1747818260, 0, 6, 784, 783, 13, 6.20%, 0, 0, 2, 29.31
1747818265, 0, 6, 786, 785, 13, 6.20%, 0, 0, 2, 30.08
1747818270, 0, 6, 787, 786, 13, 6.20%, 0, 0, 2, 30.03
1747818280, 0, 6, 789, 788, 13, 6.20%, 0, 0, 2, 30.26
1747818285, 0, 6, 791, 790, 13, 6.20%, 0, 0, 2, 29.98
1747818300, 0, 6, 792, 791, 13, 6.20%, 0, 0, 2, 30.09
1747818331, 0, 6, 793, 792, 13, 6.20%, 0, 0, 2, 17.97
1747818336, 0, 6, 794, 793, 13, 6.20%, 0, 0, 2, 17.60
1747818367, 0, 6, 795, 794, 13, 6.20%, 0, 0, 2, 17.55
1747818392, 0, 6, 796, 795, 13, 6.20%, 0, 0, 2, 17.43
1747818397, 0, 8, 798, 797, 14, 6.20%, 0, 0, 2, 16.76
1747818407, 0, 8, 801, 800, 14, 6.21%, 0, 0, 2, 16.63
1747818413, 0, 8, 802, 801, 14, 6.22%, 0, 0, 2, 16.95
1747818423, 0, 8, 804, 803, 14, 6.22%, 0, 0, 2, 16.99
1747818428, 0, 8, 806, 805, 14, 6.22%, 0, 0, 2, 16.94
1747818546, 0, 8, 808, 807, 14, 6.22%, 0, 0, 2, 17.04
1747818576, 0, 8, 809, 808, 14, 6.22%, 0, 0, 2, 17.12
1747818586, 0, 8, 810, 809, 14, 6.22%, 0, 0, 2, 16.80
1747818627, 0, 8, 811, 810, 14, 6.22%, 0, 0, 2, 17.03
1747818642, 0, 10, 814, 813, 15, 6.22%, 0, 0, 2, 16.57
1747818647, 0, 10, 815, 814, 15, 6.22%, 0, 0, 2, 16.71
1747818658, 0, 10, 816, 815, 15, 6.22%, 0, 0, 2, 16.86
1747818663, 0, 10, 819, 818, 15, 6.22%, 0, 0, 2, 16.62
1747818668, 0, 10, 820, 819, 15, 6.22%, 0, 0, 2, 17.02
1747818673, 0, 10, 821, 820, 15, 6.22%, 0, 0, 2, 16.93
1747818678, 0, 10, 823, 822, 15, 6.22%, 0, 0, 2, 16.57
1747818683, 0, 10, 824, 823, 15, 6.22%, 0, 0, 2, 17.05
1747818719, 0, 10, 826, 825, 15, 6.22%, 0, 0, 2, 17.09
1747818724, 0, 10, 828, 827, 15, 6.22%, 0, 0, 2, 16.96
1747818744, 0, 10, 829, 828, 15, 6.22%, 0, 0, 2, 17.14
1747818749, 0, 10, 830, 829, 15, 6.22%, 0, 0, 2, 16.89
1747818755, 0, 10, 831, 830, 15, 6.22%, 0, 0, 2, 17.15
1747818790, 0, 10, 832, 831, 15, 6.22%, 0, 0, 2, 16.45
1747818795, 0, 10, 833, 832, 15, 6.22%, 0, 0, 2, 16.45
1747818816, 0, 10, 834, 833, 15, 6.22%, 0, 0, 2, 16.81
1747818836, 0, 10, 836, 835, 15, 6.22%, 0, 0, 2, 16.87
1747818887, 0, 10, 837, 836, 15, 6.22%, 0, 0, 2, 16.76
1747818892, 0, 11, 837, 836, 17, 6.22%, 0, 0, 2, 17.01
1747818902, 0, 11, 838, 837, 17, 6.22%, 0, 0, 2, 16.76
1747818908, 0, 11, 840, 839, 17, 6.22%, 0, 0, 2, 15.55
1747818913, 0, 11, 841, 840, 17, 6.22%, 0, 0, 2, 16.01
1747818918, 0, 11, 842, 841, 17, 6.22%, 0, 0, 2, 15.70
1747818923, 0, 11, 843, 842, 17, 6.22%, 0, 0, 2, 16.24
1747818959, 0, 11, 844, 843, 17, 6.22%, 0, 0, 2, 16.04
1747818964, 0, 11, 845, 844, 17, 6.22%, 0, 0, 2, 16.21
1747818989, 0, 11, 846, 845, 17, 6.22%, 0, 0, 2, 16.41
1747819035, 0, 11, 847, 846, 17, 6.22%, 0, 0, 2, 16.22
1747819071, 0, 11, 848, 847, 17, 6.22%, 0, 0, 2, 15.70
1747819081, 0, 11, 852, 851, 17, 6.24%, 0, 0, 2, 15.37
1747819097, 0, 11, 854, 853, 17, 6.25%, 0, 0, 2, 15.74
1747819102, 0, 11, 855, 854, 17, 6.25%, 0, 0, 2, 16.05
1747819112, 0, 11, 856, 855, 17, 6.25%, 0, 0, 2, 15.67
1747819122, 0, 11, 857, 856, 17, 6.25%, 0, 0, 2, 16.57
1747819127, 0, 11, 858, 857, 17, 6.25%, 0, 0, 2, 15.87
1747819158, 0, 12, 858, 857, 18, 6.25%, 0, 0, 2, 16.52
1747819163, 0, 13, 858, 857, 18, 6.25%, 0, 0, 2, 16.93
1747819173, 0, 14, 860, 859, 18, 6.25%, 0, 0, 2, 15.74
1747819194, 0, 14, 861, 860, 18, 6.25%, 0, 0, 2, 15.87
1747819204, 0, 14, 862, 861, 18, 6.25%, 0, 0, 2, 15.27
1747819224, 0, 14, 863, 862, 18, 6.25%, 0, 0, 2, 15.76
1747819235, 0, 14, 864, 863, 18, 6.25%, 0, 0, 2, 15.30
1747819311, 0, 14, 865, 864, 18, 6.25%, 0, 0, 2, 15.98
1747819434, 0, 15, 865, 864, 18, 6.25%, 0, 0, 2, 16.13
1747819444, 0, 18, 865, 864, 18, 6.25%, 0, 0, 2, 15.94
1747819449, 0, 18, 866, 865, 18, 6.25%, 0, 0, 2, 15.76
1747819459, 0, 19, 866, 865, 18, 6.25%, 0, 0, 2, 15.99
1747819469, 0, 20, 866, 865, 18, 6.25%, 0, 0, 2, 16.32
1747819475, 0, 21, 866, 865, 18, 6.25%, 0, 0, 2, 16.40
1747819480, 0, 21, 867, 866, 18, 6.25%, 0, 0, 2, 16.17
1747819490, 0, 21, 869, 868, 18, 6.25%, 0, 0, 2, 16.10
1747819495, 0, 21, 870, 869, 18, 6.25%, 0, 0, 2, 16.03
1747819505, 0, 21, 871, 870, 18, 6.25%, 0, 0, 2, 15.76
1747819511, 0, 21, 873, 872, 18, 6.25%, 0, 0, 2, 15.26
1747819516, 0, 21, 874, 873, 18, 6.25%, 0, 0, 2, 15.48
1747819521, 0, 21, 875, 874, 18, 6.25%, 0, 0, 2, 16.46
1747819536, 0, 21, 876, 875, 18, 6.25%, 0, 0, 2, 16.22
1747819552, 0, 21, 877, 876, 18, 6.25%, 0, 0, 2, 16.35
1747819562, 0, 21, 878, 877, 18, 6.25%, 0, 0, 2, 15.99
1747819572, 0, 21, 879, 878, 18, 6.25%, 0, 0, 2, 16.23
1747819583, 0, 21, 880, 879, 18, 6.25%, 0, 0, 2, 15.95
1747819588, 0, 21, 881, 880, 18, 6.25%, 0, 0, 2, 15.56
1747819598, 0, 21, 883, 882, 18, 6.25%, 0, 0, 2, 15.71
1747819639, 0, 21, 884, 883, 18, 6.25%, 0, 0, 2, 16.00
1747819644, 0, 21, 885, 884, 18, 6.25%, 0, 0, 2, 15.45
1747819711, 0, 21, 886, 885, 18, 6.25%, 0, 0, 2, 15.53
1747819721, 0, 21, 887, 886, 18, 6.25%, 0, 0, 2, 15.77
1747819742, 0, 22, 887, 886, 18, 6.25%, 0, 0, 2, 15.86
1747819752, 0, 24, 887, 886, 18, 6.25%, 0, 0, 2, 15.71
1747819758, 0, 25, 887, 886, 18, 6.25%, 0, 0, 2, 16.01
1747819768, 0, 26, 887, 886, 18, 6.25%, 0, 0, 2, 15.40
1747819778, 0, 28, 887, 886, 18, 6.25%, 0, 0, 2, 15.75
1747819783, 0, 28, 889, 888, 18, 6.25%, 0, 0, 2, 15.08
1747819803, 0, 28, 890, 889, 18, 6.25%, 0, 0, 2, 15.78
1747819839, 0, 28, 892, 891, 18, 6.25%, 0, 0, 2, 14.77
1747819890, 0, 28, 893, 892, 18, 6.25%, 0, 0, 2, 15.57
1747819906, 0, 28, 894, 893, 18, 6.25%, 0, 0, 2, 15.63
1747819911, 0, 28, 895, 894, 18, 6.25%, 0, 0, 2, 15.94
1747819952, 0, 28, 896, 895, 18, 6.25%, 0, 0, 2, 15.39
1747819973, 0, 28, 897, 896, 18, 6.25%, 0, 0, 2, 14.91
1747820044, 0, 29, 898, 897, 18, 6.25%, 0, 0, 2, 15.71
1747820060, 0, 31, 898, 897, 18, 6.25%, 0, 0, 2, 15.19
1747820065, 0, 31, 899, 898, 18, 6.25%, 0, 0, 2, 15.21
1747820070, 0, 31, 901, 900, 18, 6.25%, 0, 0, 2, 15.45
1747820095, 0, 31, 903, 902, 18, 6.25%, 0, 0, 2, 15.39
1747820121, 0, 31, 904, 903, 18, 6.25%, 0, 0, 2, 14.93
1747820136, 0, 31, 905, 904, 18, 6.25%, 0, 0, 2, 15.15
1747820141, 0, 31, 906, 905, 18, 6.25%, 0, 0, 2, 14.87
1747820162, 0, 31, 907, 906, 18, 6.25%, 0, 0, 2, 15.15
1747820188, 0, 31, 908, 907, 18, 6.25%, 0, 0, 2, 15.46
1747820223, 0, 31, 909, 908, 18, 6.25%, 0, 0, 2, 15.24
1747820228, 0, 31, 910, 909, 18, 6.25%, 0, 0, 2, 14.99
1747820305, 0, 31, 911, 910, 18, 6.25%, 0, 0, 2, 15.99
1747820315, 0, 31, 912, 911, 18, 6.25%, 0, 0, 2, 15.61
1747820331, 0, 32, 912, 911, 18, 6.25%, 0, 0, 2, 15.35
1747820341, 0, 34, 913, 912, 18, 6.25%, 0, 0, 2, 15.75
1747820356, 0, 35, 914, 913, 18, 6.25%, 0, 0, 2, 15.59
1747820377, 0, 37, 914, 913, 18, 6.25%, 0, 0, 2, 15.98
1747820382, 0, 39, 914, 913, 18, 6.25%, 0, 0, 2, 15.93
1747820393, 0, 40, 914, 913, 18, 6.25%, 0, 0, 2, 15.66
1747820398, 0, 41, 914, 913, 18, 6.25%, 0, 0, 2, 15.56
1747820403, 0, 41, 916, 915, 18, 6.26%, 0, 0, 2, 15.29
1747820408, 0, 41, 918, 917, 18, 6.26%, 0, 0, 2, 14.90
1747820413, 0, 41, 919, 918, 18, 6.40%, 0, 0, 2, 15.38
1747820423, 0, 41, 920, 919, 18, 6.40%, 0, 0, 2, 14.73
1747820428, 0, 41, 921, 920, 18, 6.40%, 0, 0, 2, 15.14
1747820475, 0, 41, 922, 921, 18, 6.50%, 0, 0, 2, 14.82
1747820500, 0, 41, 923, 922, 18, 6.50%, 0, 0, 2, 14.71
1747820557, 0, 41, 924, 923, 18, 6.50%, 0, 0, 2, 15.04
1747820572, 0, 41, 925, 924, 18, 6.50%, 0, 0, 2, 14.59
1747820577, 0, 41, 926, 925, 18, 6.50%, 0, 0, 2, 14.94
1747820598, 0, 41, 927, 926, 18, 6.50%, 0, 0, 2, 14.93
1747820623, 0, 41, 928, 927, 18, 6.50%, 0, 0, 2, 14.66
1747820679, 0, 42, 928, 927, 18, 6.50%, 0, 0, 2, 14.60
1747820689, 0, 43, 928, 927, 18, 6.50%, 0, 0, 2, 15.28
1747820694, 0, 44, 928, 927, 18, 6.50%, 0, 0, 2, 22.09
1747820700, 0, 47, 928, 927, 18, 6.50%, 0, 0, 2, 25.21
1747820705, 0, 48, 928, 927, 18, 6.50%, 0, 0, 2, 26.53
1747820710, 0, 49, 928, 927, 18, 6.50%, 0, 0, 2, 26.52
1747820715, 0, 49, 929, 928, 18, 6.50%, 0, 0, 2, 26.22
1747820720, 0, 51, 929, 928, 18, 6.50%, 0, 0, 2, 26.97
1747820725, 0, 52, 929, 928, 18, 6.50%, 0, 0, 2, 27.01
1747820730, 0, 53, 929, 928, 18, 6.50%, 0, 0, 2, 26.71
1747820735, 0, 54, 930, 929, 18, 6.50%, 0, 0, 2, 26.65
1747820746, 0, 56, 931, 930, 18, 6.50%, 0, 0, 2, 25.68
1747820751, 0, 56, 933, 932, 18, 6.50%, 0, 0, 2, 25.32
1747820766, 0, 56, 934, 933, 18, 6.50%, 0, 0, 2, 25.67
1747820771, 0, 56, 935, 934, 18, 6.50%, 0, 0, 2, 25.40
1747820786, 0, 56, 936, 935, 18, 6.50%, 0, 0, 2, 25.53
1747820791, 0, 56, 937, 936, 18, 6.50%, 0, 0, 2, 25.57
1747820807, 0, 56, 938, 937, 18, 6.50%, 0, 0, 2, 25.87
1747820878, 0, 56, 939, 938, 18, 6.50%, 0, 0, 2, 26.00
1747820909, 0, 58, 940, 939, 17, 6.50%, 0, 0, 2, 26.57
1747820914, 0, 60, 940, 939, 17, 6.50%, 0, 0, 2, 26.09
1747820919, 0, 61, 941, 940, 17, 6.50%, 0, 0, 2, 26.22
1747820929, 0, 64, 941, 940, 17, 6.50%, 0, 0, 2, 27.25
1747820934, 0, 65, 943, 942, 17, 6.50%, 0, 0, 2, 25.61
1747820939, 0, 65, 946, 945, 17, 6.50%, 0, 0, 2, 24.52
1747820945, 0, 65, 947, 946, 17, 6.50%, 0, 0, 2, 24.92
1747820965, 0, 65, 948, 947, 17, 6.50%, 0, 0, 2, 25.25
1747820995, 0, 65, 949, 948, 17, 6.55%, 0, 0, 2, 25.19
1747821001, 0, 65, 950, 949, 17, 6.55%, 0, 0, 2, 24.21
1747821102, 0, 66, 950, 949, 16, 6.55%, 0, 0, 2, 26.63
1747821107, 0, 67, 950, 949, 16, 6.55%, 0, 0, 2, 26.42
1747821112, 0, 68, 950, 949, 16, 6.55%, 0, 0, 2, 26.40
1747821117, 0, 69, 950, 949, 16, 6.55%, 0, 0, 2, 25.94
1747821123, 0, 70, 950, 949, 16, 6.55%, 0, 0, 2, 26.04
1747821128, 0, 71, 950, 949, 16, 6.55%, 0, 0, 2, 25.79
1747821133, 0, 72, 950, 949, 16, 6.55%, 0, 0, 2, 26.93
1747821138, 0, 73, 952, 951, 16, 6.55%, 0, 0, 2, 24.74
1747821153, 0, 73, 954, 953, 16, 6.55%, 0, 0, 2, 25.47
1747821158, 0, 73, 956, 955, 16, 6.55%, 0, 0, 2, 24.97
1747821169, 0, 73, 957, 956, 16, 6.55%, 0, 0, 2, 25.44
1747821179, 0, 73, 958, 957, 16, 6.55%, 0, 0, 2, 25.83
1747821189, 0, 73, 961, 960, 16, 6.55%, 0, 0, 2, 23.62
1747821199, 0, 73, 962, 961, 16, 6.55%, 0, 0, 2, 25.08
1747821209, 0, 73, 963, 962, 16, 6.55%, 0, 0, 2, 24.91
1747821214, 0, 73, 964, 963, 16, 6.55%, 0, 0, 2, 24.56
1747821230, 0, 73, 965, 964, 16, 6.55%, 0, 0, 2, 24.65
1747821276, 0, 73, 966, 965, 16, 6.55%, 0, 0, 2, 25.53
1747821301, 0, 74, 966, 965, 17, 6.55%, 0, 0, 2, 25.53
1747821306, 0, 75, 966, 965, 17, 6.55%, 0, 0, 2, 25.80
1747821312, 0, 76, 966, 965, 17, 6.55%, 0, 0, 2, 27.20
1747821317, 0, 77, 966, 965, 17, 6.55%, 0, 0, 2, 27.29
1747821322, 0, 78, 966, 965, 17, 6.55%, 0, 0, 2, 26.87
1747821327, 0, 79, 966, 965, 17, 6.55%, 0, 0, 2, 26.03
1747821332, 0, 79, 967, 966, 17, 6.55%, 0, 0, 2, 25.90
1747821337, 0, 80, 967, 966, 17, 6.55%, 0, 0, 2, 26.74
1747821342, 0, 81, 969, 968, 17, 6.55%, 0, 0, 2, 25.08
1747821347, 0, 81, 972, 971, 17, 6.55%, 0, 0, 2, 23.51
1747821358, 0, 81, 973, 972, 17, 6.55%, 0, 0, 2, 25.84
1747821378, 0, 81, 974, 973, 17, 6.55%, 0, 0, 2, 25.71
1747821383, 0, 81, 975, 974, 17, 6.55%, 0, 0, 2, 25.42
1747821398, 0, 81, 977, 976, 17, 6.55%, 0, 0, 2, 24.95
1747821403, 0, 81, 979, 978, 17, 6.57%, 0, 0, 2, 24.24
1747821439, 0, 81, 980, 979, 17, 6.57%, 0, 0, 2, 25.39
1747821495, 0, 81, 981, 980, 17, 6.57%, 0, 0, 2, 24.82
1747821510, 0, 83, 981, 980, 17, 6.57%, 0, 0, 2, 26.98
1747821515, 0, 86, 981, 980, 17, 6.57%, 0, 0, 2, 27.31
1747821520, 0, 87, 981, 980, 17, 6.57%, 0, 0, 2, 27.36
1747821525, 0, 88, 981, 980, 17, 6.57%, 0, 0, 2, 27.76
1747821531, 0, 89, 981, 980, 17, 6.57%, 0, 0, 2, 27.13
1747821536, 0, 90, 981, 980, 17, 6.57%, 0, 0, 2, 25.71
1747821541, 0, 91, 981, 980, 17, 6.57%, 0, 0, 2, 26.52
1747821546, 0, 92, 981, 980, 17, 6.57%, 0, 0, 2, 26.90
1747821551, 0, 93, 981, 980, 17, 6.57%, 0, 0, 2, 26.97
1747821556, 0, 94, 981, 980, 17, 6.57%, 0, 0, 2, 27.31
1747821561, 0, 95, 981, 980, 17, 6.57%, 0, 0, 2, 27.28
1747821566, 0, 97, 981, 980, 17, 6.57%, 0, 0, 2, 27.01
1747821571, 0, 98, 981, 980, 17, 6.57%, 0, 0, 2, 26.91
1747821576, 0, 99, 981, 980, 17, 6.57%, 0, 0, 2, 25.26
1747821582, 0, 100, 981, 980, 17, 6.57%, 0, 0, 2, 26.81
1747821587, 0, 102, 981, 980, 17, 6.57%, 0, 0, 2, 27.00
1747821592, 0, 102, 982, 981, 17, 6.57%, 0, 0, 2, 25.25
1747821597, 0, 103, 982, 981, 17, 6.57%, 0, 0, 2, 26.16
1747821602, 0, 103, 983, 982, 17, 6.57%, 0, 0, 2, 25.25
1747821607, 0, 103, 984, 983, 17, 6.57%, 0, 0, 2, 24.87
1747821622, 0, 104, 985, 984, 17, 6.58%, 0, 0, 2, 24.93
1747821627, 0, 104, 986, 985, 17, 6.58%, 0, 0, 2, 24.40
1747821633, 0, 104, 987, 986, 17, 6.58%, 0, 0, 2, 24.08
1747821648, 0, 104, 988, 987, 17, 6.58%, 0, 0, 2, 24.33
1747821658, 0, 104, 989, 988, 17, 6.58%, 0, 0, 2, 25.17
1747821709, 0, 104, 990, 989, 17, 6.58%, 0, 0, 2, 24.66
1747821740, 0, 104, 991, 990, 17, 6.58%, 0, 0, 2, 25.05
1747821775, 0, 104, 992, 991, 17, 6.58%, 0, 0, 2, 25.00
1747821786, 0, 105, 992, 991, 17, 6.58%, 0, 0, 2, 27.03
1747821791, 0, 106, 992, 991, 17, 6.58%, 0, 0, 2, 27.78
1747821796, 0, 108, 992, 991, 17, 6.58%, 0, 0, 2, 25.90
1747821801, 0, 110, 992, 991, 17, 6.58%, 0, 0, 2, 26.29
1747821806, 0, 111, 992, 991, 17, 6.58%, 0, 0, 2, 26.89
1747821811, 0, 112, 992, 991, 17, 6.58%, 0, 0, 2, 26.55
1747821816, 0, 115, 992, 991, 17, 6.58%, 0, 0, 2, 27.16
1747821821, 0, 116, 992, 991, 17, 6.58%, 0, 0, 2, 26.65
1747821826, 0, 117, 992, 991, 17, 6.58%, 0, 0, 2, 26.80
1747821831, 0, 118, 992, 991, 17, 6.58%, 0, 0, 2, 26.46
1747821836, 0, 120, 992, 991, 17, 6.58%, 0, 0, 2, 26.72
1747821841, 0, 121, 993, 992, 17, 6.59%, 0, 0, 2, 24.39
1747821846, 0, 121, 994, 993, 17, 6.59%, 0, 0, 2, 24.48
1747821851, 0, 121, 995, 994, 17, 6.59%, 0, 0, 2, 24.09
1747821857, 0, 121, 996, 995, 17, 6.59%, 0, 0, 2, 24.39
1747821862, 0, 121, 997, 996, 17, 6.59%, 0, 0, 2, 24.77
1747821872, 0, 121, 999, 998, 17, 6.59%, 0, 0, 2, 24.02
1747821917, 0, 121, 1000, 999, 17, 6.59%, 0, 0, 2, 25.00
1747821922, 0, 121, 1002, 1001, 17, 6.59%, 0, 0, 2, 24.03
1747821979, 0, 121, 1003, 1002, 17, 6.59%, 0, 0, 2, 23.87
1747821999, 0, 121, 1004, 1003, 17, 6.59%, 0, 0, 2, 24.66
1747822009, 0, 122, 1004, 1003, 18, 6.59%, 0, 0, 2, 24.73
1747822014, 0, 123, 1004, 1003, 18, 6.59%, 0, 0, 2, 24.15
1747822019, 0, 124, 1004, 1003, 18, 6.59%, 0, 0, 2, 26.43
1747822024, 0, 125, 1004, 1003, 18, 6.59%, 0, 0, 2, 26.18
1747822030, 0, 128, 1004, 1003, 18, 6.59%, 0, 0, 2, 27.42
1747822035, 0, 129, 1004, 1003, 18, 6.59%, 0, 0, 2, 25.94
1747822040, 0, 130, 1004, 1003, 18, 6.59%, 0, 0, 2, 26.26
1747822045, 0, 131, 1004, 1003, 18, 6.59%, 0, 0, 2, 26.53
1747822050, 0, 133, 1006, 1005, 18, 6.59%, 0, 0, 2, 24.27
1747822060, 0, 133, 1007, 1006, 18, 6.59%, 0, 0, 2, 24.57
1747822070, 0, 133, 1009, 1008, 18, 6.59%, 0, 0, 2, 24.50
1747822096, 0, 133, 1010, 1009, 18, 6.59%, 0, 0, 2, 25.34
1747822106, 0, 133, 1011, 1010, 18, 6.59%, 0, 0, 2, 24.47
1747822126, 0, 133, 1012, 1011, 18, 6.59%, 0, 0, 2, 24.65
1747822152, 0, 133, 1013, 1012, 18, 6.59%, 0, 0, 2, 23.99
1747822203, 0, 133, 1014, 1013, 18, 6.59%, 0, 0, 2, 14.00
1747822213, 0, 133, 1015, 1014, 18, 6.59%, 0, 0, 2, 13.77
1747822259, 0, 135, 1016, 1015, 18, 6.59%, 0, 0, 2, 14.35
1747822269, 0, 137, 1016, 1015, 18, 6.59%, 0, 0, 2, 14.32
1747822279, 0, 138, 1016, 1015, 18, 6.59%, 0, 0, 2, 16.16
1747822285, 0, 139, 1016, 1015, 18, 6.59%, 0, 0, 2, 16.03
1747822295, 0, 140, 1016, 1015, 18, 6.59%, 0, 0, 2, 15.19
1747822305, 0, 143, 1016, 1015, 18, 6.59%, 0, 0, 2, 15.95
1747822310, 0, 144, 1016, 1015, 18, 6.59%, 0, 0, 2, 15.66
1747822320, 0, 145, 1016, 1015, 18, 6.59%, 0, 0, 2, 15.07
1747822325, 0, 146, 1016, 1015, 18, 6.59%, 0, 0, 2, 15.08
1747822335, 0, 148, 1016, 1015, 18, 6.59%, 0, 0, 2, 14.93
1747822345, 0, 151, 1017, 1016, 18, 6.59%, 0, 0, 2, 13.78
1747822361, 0, 152, 1017, 1016, 18, 6.59%, 0, 0, 2, 14.43
1747822371, 0, 153, 1017, 1016, 18, 6.59%, 0, 0, 2, 15.67
1747822381, 0, 154, 1017, 1016, 18, 6.59%, 0, 0, 2, 14.10
1747822392, 0, 155, 1017, 1016, 18, 6.59%, 0, 0, 2, 15.25
1747822397, 0, 156, 1018, 1017, 18, 6.59%, 0, 0, 2, 14.47
1747822402, 0, 156, 1019, 1018, 18, 6.59%, 0, 0, 2, 13.41
1747822438, 0, 157, 1019, 1018, 18, 6.59%, 0, 0, 2, 15.21
1747822443, 0, 158, 1019, 1018, 18, 6.59%, 0, 0, 2, 15.67
1747822453, 0, 159, 1019, 1018, 18, 6.59%, 0, 0, 2, 15.74
1747822458, 0, 160, 1019, 1018, 18, 6.59%, 0, 0, 2, 15.20
1747822468, 0, 161, 1019, 1018, 18, 6.59%, 0, 0, 2, 15.35
1747822478, 0, 162, 1019, 1018, 18, 6.59%, 0, 0, 2, 15.67
1747822484, 0, 163, 1019, 1018, 18, 6.59%, 0, 0, 2, 15.41
1747822494, 0, 164, 1019, 1018, 18, 6.59%, 0, 0, 2, 15.18
1747822499, 0, 164, 1020, 1019, 18, 6.59%, 0, 0, 2, 14.26
1747822515, 0, 166, 1020, 1019, 18, 6.59%, 0, 0, 2, 15.25
1747822520, 0, 167, 1020, 1019, 18, 6.59%, 0, 0, 2, 15.53
1747822530, 0, 170, 1020, 1019, 18, 6.59%, 0, 0, 2, 15.65
1747822535, 0, 171, 1020, 1019, 18, 6.59%, 0, 0, 2, 15.39
1747822545, 0, 172, 1020, 1019, 18, 6.59%, 0, 0, 2, 15.78
1747822550, 0, 172, 1021, 1020, 18, 6.59%, 0, 0, 2, 15.55
1747822561, 0, 174, 1021, 1020, 18, 6.59%, 0, 0, 2, 15.63
1747822571, 0, 175, 1021, 1020, 18, 6.59%, 0, 0, 2, 15.68
1747822581, 0, 176, 1021, 1020, 18, 6.59%, 0, 0, 2, 15.59
1747822586, 0, 177, 1021, 1020, 18, 6.59%, 0, 0, 2, 15.50
1747822596, 0, 178, 1021, 1020, 18, 6.59%, 0, 0, 2, 15.58
1747822601, 0, 179, 1021, 1020, 18, 6.59%, 0, 0, 2, 14.98
1747822612, 0, 180, 1021, 1020, 18, 6.59%, 0, 0, 2, 15.46
1747822622, 0, 181, 1021, 1020, 18, 6.59%, 0, 0, 2, 15.69
1747822627, 0, 183, 1021, 1020, 18, 6.59%, 0, 0, 2, 15.77
1747822637, 0, 184, 1021, 1020, 18, 6.59%, 0, 0, 2, 14.76
1747822642, 0, 184, 1022, 1021, 18, 6.59%, 0, 0, 2, 13.70
1747822653, 0, 185, 1022, 1021, 18, 6.59%, 0, 0, 2, 14.14
1747822663, 0, 186, 1022, 1021, 18, 6.59%, 0, 0, 2, 15.10
1747822673, 0, 187, 1022, 1021, 18, 6.59%, 0, 0, 2, 14.53
1747822678, 0, 187, 1023, 1022, 18, 6.59%, 0, 0, 2, 13.77
1747822683, 0, 187, 1024, 1023, 18, 6.59%, 0, 0, 2, 13.09
1747822693, 0, 187, 1025, 1024, 18, 6.59%, 0, 0, 2, 13.06
1747822704, 0, 187, 1026, 1025, 18, 6.59%, 0, 0, 2, 13.92
1747822729, 0, 187, 1027, 1026, 18, 6.59%, 0, 0, 2, 13.79
1747822745, 0, 187, 1028, 1027, 18, 6.59%, 0, 0, 2, 14.12
1747822832, 0, 187, 1029, 1028, 18, 6.59%, 0, 0, 2, 13.64
1747822883, 0, 187, 1030, 1029, 18, 6.59%, 0, 0, 2, 13.55
1747822970, 0, 188, 1030, 1029, 18, 6.59%, 0, 0, 2, 14.45
1747822980, 0, 189, 1030, 1029, 18, 6.59%, 0, 0, 2, 15.29
1747822985, 0, 192, 1030, 1029, 18, 6.59%, 0, 0, 2, 15.33
1747822995, 0, 193, 1030, 1029, 18, 6.59%, 0, 0, 2, 15.62
1747823006, 0, 194, 1030, 1029, 18, 6.59%, 0, 0, 2, 14.58
1747823011, 0, 194, 1031, 1030, 18, 6.59%, 0, 0, 2, 13.52
1747823021, 0, 194, 1032, 1031, 18, 6.59%, 0, 0, 2, 13.35
1747823041, 0, 195, 1032, 1031, 18, 6.59%, 0, 0, 2, 13.68
1747823051, 0, 195, 1033, 1032, 18, 6.59%, 0, 0, 2, 13.70
1747823062, 0, 195, 1035, 1034, 18, 6.59%, 0, 0, 2, 12.16
1747823072, 0, 195, 1036, 1035, 18, 6.59%, 0, 0, 2, 13.08
1747823077, 0, 195, 1037, 1036, 18, 6.59%, 0, 0, 2, 13.64
1747823087, 0, 195, 1038, 1037, 18, 6.59%, 0, 0, 2, 14.04
1747823154, 0, 195, 1039, 1038, 18, 6.59%, 0, 0, 2, 13.62
1747823210, 0, 195, 1040, 1039, 18, 6.59%, 0, 0, 2, 13.53
1747823241, 0, 195, 1041, 1040, 18, 6.59%, 0, 0, 2, 13.16
1747823271, 0, 195, 1042, 1041, 18, 6.59%, 0, 0, 2, 13.24
1747823338, 0, 196, 1042, 1041, 18, 6.59%, 0, 0, 2, 14.16
1747823348, 0, 197, 1042, 1041, 18, 6.59%, 0, 0, 2, 16.07
1747823359, 0, 198, 1042, 1041, 18, 6.59%, 0, 0, 2, 15.51
1747823364, 0, 199, 1042, 1041, 18, 6.59%, 0, 0, 2, 15.49
1747823374, 0, 200, 1042, 1041, 18, 6.59%, 0, 0, 2, 15.58
1747823379, 0, 201, 1042, 1041, 18, 6.59%, 0, 0, 2, 15.99
1747823389, 0, 202, 1042, 1041, 18, 6.59%, 0, 0, 2, 15.87
1747823400, 0, 203, 1042, 1041, 18, 6.59%, 0, 0, 2, 16.06
1747823405, 0, 204, 1042, 1041, 18, 6.59%, 0, 0, 2, 15.38
1747823410, 0, 204, 1043, 1042, 18, 6.59%, 0, 0, 2, 14.40
1747823425, 0, 205, 1043, 1042, 18, 6.59%, 0, 0, 2, 15.44
1747823430, 0, 206, 1043, 1042, 18, 6.59%, 0, 0, 2, 15.83
1747823440, 0, 207, 1043, 1042, 18, 6.59%, 0, 0, 2, 15.13
1747823451, 0, 208, 1043, 1042, 18, 6.59%, 0, 0, 2, 15.69
1747823456, 0, 209, 1043, 1042, 18, 6.59%, 0, 0, 2, 24.32
1747823709, 0, 210, 1043, 1041, 18, 6.59%, 0, 0, 2, 24.88
1747823714, 0, 211, 1043, 1041, 18, 6.59%, 0, 0, 2, 17.91
1747823724, 0, 212, 1044, 1042, 18, 6.59%, 0, 0, 3, 14.00
1747823745, 0, 213, 1044, 1042, 18, 6.59%, 0, 0, 3, 15.15
1747823750, 0, 214, 1044, 1042, 18, 6.59%, 0, 0, 3, 15.32
1747823761, 0, 214, 1045, 1043, 18, 6.59%, 0, 0, 3, 13.71
1747823771, 0, 215, 1045, 1043, 18, 6.59%, 0, 0, 3, 14.02
1747823781, 0, 215, 1046, 1044, 18, 6.59%, 0, 0, 3, 13.98
1747823791, 0, 216, 1046, 1044, 18, 6.59%, 0, 0, 3, 13.94
1747823801, 0, 217, 1046, 1044, 18, 6.59%, 0, 0, 3, 14.55
1747823806, 0, 217, 1047, 1045, 18, 6.59%, 0, 0, 3, 13.32
1747823816, 0, 217, 1049, 1047, 18, 6.59%, 0, 0, 3, 13.47
1747823827, 0, 217, 1050, 1048, 18, 6.59%, 0, 0, 3, 12.70
1747823867, 0, 217, 1051, 1049, 18, 6.59%, 0, 0, 3, 12.50
1747823882, 0, 217, 1052, 1050, 18, 6.59%, 0, 0, 3, 13.17
1747823903, 0, 217, 1053, 1051, 18, 6.59%, 0, 0, 3, 12.85
1747823934, 0, 217, 1054, 1052, 18, 6.59%, 0, 0, 3, 13.30
1747824036, 0, 217, 1055, 1053, 18, 6.59%, 0, 0, 3, 13.27
1747824061, 0, 217, 1056, 1054, 18, 6.59%, 0, 0, 3, 13.04
1747824092, 0, 217, 1057, 1055, 18, 6.59%, 0, 0, 3, 13.93
1747824102, 0, 221, 1057, 1055, 18, 6.59%, 0, 0, 3, 14.78
1747824112, 0, 222, 1057, 1055, 18, 6.59%, 0, 0, 3, 14.64
1747824123, 0, 223, 1057, 1055, 18, 6.59%, 0, 0, 3, 15.05
1747824128, 0, 224, 1057, 1055, 18, 6.59%, 0, 0, 3, 15.81
1747824138, 0, 225, 1058, 1056, 18, 6.59%, 0, 0, 3, 15.26
1747824153, 0, 226, 1058, 1056, 18, 6.59%, 0, 0, 3, 14.68
1747824163, 0, 229, 1058, 1056, 18, 6.59%, 0, 0, 3, 15.93
1747824173, 0, 230, 1058, 1056, 18, 6.59%, 0, 0, 3, 14.52
1747824179, 0, 230, 1059, 1057, 18, 6.59%, 0, 0, 3, 13.33
1747824189, 0, 231, 1059, 1057, 18, 6.59%, 0, 0, 3, 14.85
1747824199, 0, 233, 1059, 1057, 18, 6.59%, 0, 0, 3, 15.95
1747824204, 0, 234, 1059, 1057, 18, 6.59%, 0, 0, 3, 15.89
1747824214, 0, 235, 1059, 1057, 18, 6.59%, 0, 0, 3, 15.69
1747824224, 0, 236, 1059, 1057, 18, 6.59%, 0, 0, 3, 15.76
1747824230, 0, 237, 1059, 1057, 18, 6.59%, 0, 0, 3, 15.86
1747824240, 0, 241, 1059, 1057, 18, 6.59%, 0, 0, 3, 15.68
1747824245, 0, 242, 1059, 1057, 18, 6.59%, 0, 0, 3, 16.14
1747824255, 0, 243, 1059, 1057, 18, 6.59%, 0, 0, 3, 15.69
1747824266, 0, 245, 1059, 1057, 18, 6.59%, 0, 0, 3, 16.00
1747824271, 0, 246, 1059, 1057, 18, 6.59%, 0, 0, 3, 15.65
1747824281, 0, 247, 1059, 1057, 18, 6.59%, 0, 0, 3, 15.22
1747824291, 0, 248, 1059, 1057, 18, 6.59%, 0, 0, 3, 15.23
1747824296, 0, 249, 1059, 1057, 18, 6.59%, 0, 0, 3, 15.60
1747824306, 0, 250, 1059, 1057, 18, 6.59%, 0, 0, 3, 16.23
1747824312, 0, 251, 1059, 1057, 18, 6.59%, 0, 0, 3, 15.41
1747824322, 0, 252, 1059, 1057, 18, 6.59%, 0, 0, 3, 15.54
1747824327, 0, 253, 1059, 1057, 18, 6.59%, 0, 0, 3, 15.56
1747824337, 0, 254, 1059, 1057, 18, 6.59%, 0, 0, 3, 15.67
1747824347, 0, 255, 1059, 1057, 18, 6.59%, 0, 0, 3, 15.56
1747824352, 0, 256, 1059, 1057, 18, 6.59%, 0, 0, 3, 15.85
1747824363, 0, 257, 1059, 1057, 18, 6.59%, 0, 0, 3, 14.91
1747824373, 0, 259, 1059, 1057, 18, 6.59%, 0, 0, 3, 16.03
1747824378, 0, 260, 1059, 1057, 18, 6.59%, 0, 0, 3, 15.07
1747824383, 0, 260, 1060, 1058, 18, 6.59%, 0, 0, 3, 13.43
1747824398, 0, 261, 1060, 1058, 18, 6.59%, 0, 0, 3, 14.44
1747824409, 0, 262, 1060, 1058, 18, 6.59%, 0, 0, 3, 15.70
1747824414, 0, 263, 1060, 1058, 18, 6.59%, 0, 0, 3, 15.23
1747824424, 0, 264, 1060, 1058, 18, 6.59%, 0, 0, 3, 14.15
1747824435, 0, 264, 1061, 1059, 18, 6.59%, 0, 0, 3, 12.94
1747824445, 0, 266, 1061, 1059, 18, 6.59%, 0, 0, 3, 14.78
1747824450, 0, 267, 1061, 1059, 18, 6.59%, 0, 0, 3, 15.81
1747824460, 0, 268, 1061, 1059, 18, 6.59%, 0, 0, 3, 14.60
1747824470, 0, 269, 1061, 1059, 18, 6.59%, 0, 0, 3, 14.68
1747824476, 0, 269, 1062, 1060, 18, 6.59%, 0, 0, 3, 13.89
1747824481, 0, 269, 1063, 1061, 18, 6.59%, 0, 0, 3, 13.21
1747824501, 0, 269, 1064, 1062, 18, 6.59%, 0, 0, 3, 13.37
1747824522, 0, 269, 1065, 1063, 18, 6.59%, 0, 0, 3, 13.01
1747824578, 0, 269, 1066, 1064, 18, 6.61%, 0, 0, 3, 13.23
1747824773, 0, 270, 1066, 1064, 16, 6.61%, 0, 0, 3, 15.17
1747824783, 0, 271, 1066, 1064, 16, 6.61%, 0, 0, 3, 15.69
1747824788, 0, 272, 1066, 1064, 16, 6.61%, 0, 0, 3, 15.98
1747824799, 0, 273, 1066, 1064, 16, 6.61%, 0, 0, 3, 15.43
1747824804, 0, 274, 1066, 1064, 16, 6.61%, 0, 0, 3, 14.87
1747824814, 0, 276, 1066, 1064, 16, 6.61%, 0, 0, 3, 14.85
1747824824, 0, 277, 1066, 1064, 16, 6.61%, 0, 0, 3, 15.85
1747824829, 0, 278, 1066, 1064, 16, 6.61%, 0, 0, 3, 15.67
1747824839, 0, 279, 1066, 1064, 16, 6.61%, 0, 0, 3, 15.71
1747824850, 0, 280, 1066, 1064, 16, 6.61%, 0, 0, 3, 15.78
1747824855, 0, 281, 1066, 1064, 16, 6.61%, 0, 0, 3, 15.48
1747824865, 0, 284, 1066, 1064, 16, 6.61%, 0, 0, 3, 15.70
1747824870, 0, 285, 1066, 1064, 16, 6.61%, 0, 0, 3, 15.76
1747824880, 0, 286, 1066, 1064, 16, 6.61%, 0, 0, 3, 15.52
1747824890, 0, 287, 1066, 1064, 16, 6.61%, 0, 0, 3, 15.00
1747824896, 0, 289, 1066, 1064, 16, 6.61%, 0, 0, 3, 15.57
1747824906, 0, 290, 1066, 1064, 16, 6.61%, 0, 0, 3, 15.69
1747824911, 0, 291, 1066, 1064, 16, 6.61%, 0, 0, 3, 15.18
1747824921, 0, 292, 1066, 1064, 16, 6.61%, 0, 0, 3, 14.78
1747824931, 0, 293, 1066, 1064, 16, 6.61%, 0, 0, 3, 15.78
1747824936, 0, 294, 1066, 1064, 16, 6.61%, 0, 0, 3, 15.45
1747824946, 0, 296, 1066, 1064, 16, 6.61%, 0, 0, 3, 14.62
1747824957, 0, 298, 1066, 1064, 16, 6.61%, 0, 0, 3, 15.57
1747824967, 0, 299, 1066, 1064, 16, 6.61%, 0, 0, 3, 15.63
1747824972, 0, 300, 1066, 1064, 16, 6.61%, 0, 0, 3, 15.17
1747824982, 0, 301, 1066, 1064, 16, 6.61%, 0, 0, 3, 15.81
1747824987, 0, 302, 1066, 1064, 16, 6.61%, 0, 0, 3, 15.44
1747824997, 0, 303, 1066, 1064, 16, 6.61%, 0, 0, 3, 13.69
1747825008, 0, 304, 1066, 1064, 16, 6.61%, 0, 0, 3, 13.49
1747825018, 0, 306, 1066, 1064, 16, 6.61%, 0, 0, 3, 13.47
1747825028, 0, 306, 1067, 1065, 16, 6.61%, 0, 0, 3, 13.17
1747825039, 0, 307, 1067, 1065, 16, 6.61%, 0, 0, 3, 14.50
1747825044, 0, 309, 1067, 1065, 16, 6.61%, 0, 0, 3, 14.28
1747825054, 0, 310, 1067, 1065, 16, 6.61%, 0, 0, 3, 16.06
1747825064, 0, 312, 1067, 1065, 16, 6.61%, 0, 0, 3, 14.22
1747825070, 0, 314, 1067, 1065, 16, 6.61%, 0, 0, 3, 13.99
1747825080, 0, 315, 1067, 1065, 16, 6.61%, 0, 0, 3, 14.64
1747825090, 0, 317, 1067, 1065, 16, 6.61%, 0, 0, 3, 14.55
1747825100, 0, 318, 1067, 1065, 16, 6.61%, 0, 0, 3, 15.76
1747825106, 0, 319, 1067, 1065, 16, 6.61%, 0, 0, 3, 15.29
1747825116, 0, 320, 1067, 1065, 16, 6.61%, 0, 0, 3, 14.07
1747825126, 0, 321, 1067, 1065, 16, 6.61%, 0, 0, 3, 14.88
1747825131, 0, 322, 1067, 1065, 16, 6.61%, 0, 0, 3, 16.81
1747825826, 0, 324, 1067, 1064, 16, 6.61%, 0, 0, 3, 32.39
1747825831, 0, 327, 1067, 1064, 16, 6.61%, 0, 0, 3, 28.77
1747825836, 0, 328, 1067, 1064, 16, 6.61%, 0, 0, 3, 27.62
1747825841, 0, 329, 1067, 1064, 16, 6.61%, 0, 0, 3, 26.80
1747825846, 0, 330, 1067, 1064, 16, 6.61%, 0, 0, 3, 27.17
1747825851, 0, 332, 1067, 1064, 16, 6.61%, 0, 0, 3, 26.21
1747825857, 0, 333, 1067, 1064, 16, 6.61%, 0, 0, 3, 24.03
1747825862, 0, 334, 1067, 1064, 16, 6.61%, 0, 0, 3, 23.83
1747825867, 0, 335, 1067, 1064, 16, 6.61%, 0, 0, 3, 26.46
1747825872, 0, 336, 1067, 1064, 16, 6.61%, 0, 0, 3, 26.87
1747825877, 0, 337, 1067, 1064, 16, 6.61%, 0, 0, 3, 26.87
1747825882, 0, 338, 1067, 1064, 16, 6.61%, 0, 0, 3, 26.81
1747825887, 0, 339, 1067, 1064, 16, 6.61%, 0, 0, 3, 27.01
1747825892, 0, 340, 1067, 1064, 16, 6.61%, 0, 0, 3, 27.62
1747825897, 0, 341, 1067, 1064, 16, 6.61%, 0, 0, 3, 27.52
1747825903, 0, 343, 1067, 1064, 16, 6.61%, 0, 0, 3, 27.25
1747825908, 0, 344, 1067, 1064, 16, 6.61%, 0, 0, 3, 24.00
1747825913, 0, 345, 1067, 1064, 16, 6.61%, 0, 0, 3, 23.02
1747825918, 0, 346, 1067, 1064, 16, 6.61%, 0, 0, 3, 25.28
1747825923, 0, 347, 1067, 1064, 16, 6.61%, 0, 0, 3, 25.78
1747825928, 0, 348, 1067, 1064, 16, 6.61%, 0, 0, 3, 26.65
1747825933, 0, 349, 1067, 1064, 16, 6.61%, 0, 0, 3, 26.14
1747825938, 0, 350, 1067, 1064, 16, 6.61%, 0, 0, 3, 26.74
1747825943, 0, 352, 1067, 1064, 16, 6.61%, 0, 0, 3, 26.71
1747825949, 0, 354, 1067, 1064, 16, 6.61%, 0, 0, 3, 27.41
1747825954, 0, 355, 1067, 1064, 16, 6.61%, 0, 0, 3, 25.94
1747825959, 0, 356, 1067, 1064, 16, 6.61%, 0, 0, 3, 24.83
1747825964, 0, 359, 1067, 1064, 16, 6.61%, 0, 0, 3, 26.44
1747825969, 0, 360, 1067, 1064, 16, 6.61%, 0, 0, 3, 27.52
1747825974, 0, 361, 1067, 1064, 16, 6.61%, 0, 0, 3, 27.74
1747825979, 0, 362, 1067, 1064, 16, 6.61%, 0, 0, 3, 27.22
1747825984, 0, 363, 1067, 1064, 16, 6.61%, 0, 0, 3, 26.95
1747825989, 0, 364, 1067, 1064, 16, 6.61%, 0, 0, 3, 27.26
1747825994, 0, 365, 1067, 1064, 16, 6.61%, 0, 0, 3, 27.26
1747826000, 0, 366, 1067, 1064, 16, 6.61%, 0, 0, 3, 23.65
1747826005, 0, 367, 1067, 1064, 16, 6.61%, 0, 0, 3, 26.25
1747826010, 0, 368, 1067, 1064, 16, 6.61%, 0, 0, 3, 24.85
1747826015, 0, 369, 1067, 1064, 16, 6.61%, 0, 0, 3, 24.08
1747826020, 0, 370, 1067, 1064, 16, 6.61%, 0, 0, 3, 25.91
1747826025, 0, 371, 1067, 1064, 16, 6.61%, 0, 0, 3, 26.80
1747826030, 0, 372, 1067, 1064, 16, 6.61%, 0, 0, 3, 24.01
1747826035, 0, 373, 1067, 1064, 16, 6.61%, 0, 0, 3, 25.95
1747826040, 0, 374, 1067, 1064, 16, 6.61%, 0, 0, 3, 26.94
1747826045, 0, 376, 1067, 1064, 16, 6.61%, 0, 0, 3, 27.24
1747826051, 0, 379, 1067, 1064, 16, 6.61%, 0, 0, 3, 27.63
1747826056, 0, 380, 1067, 1064, 16, 6.61%, 0, 0, 3, 27.50
1747826066, 0, 381, 1067, 1064, 16, 6.61%, 0, 0, 3, 16.21
1747826071, 0, 382, 1067, 1064, 16, 6.61%, 0, 0, 3, 15.66
1747826081, 0, 384, 1067, 1064, 16, 6.61%, 0, 0, 3, 14.78
1747826087, 0, 384, 1068, 1065, 16, 6.61%, 0, 0, 3, 14.62
1747826102, 0, 385, 1068, 1065, 16, 6.61%, 0, 0, 3, 13.46
1747826112, 0, 386, 1068, 1065, 16, 6.61%, 0, 0, 3, 15.33
1747826117, 0, 390, 1068, 1065, 16, 6.61%, 0, 0, 3, 15.88
1747826127, 0, 391, 1068, 1065, 16, 6.61%, 0, 0, 3, 15.58
1747826138, 0, 392, 1068, 1065, 16, 6.61%, 0, 0, 3, 15.14
1747826143, 0, 393, 1068, 1065, 16, 6.61%, 0, 0, 3, 14.84
1747826153, 0, 394, 1068, 1065, 16, 6.61%, 0, 0, 3, 15.79
1747826158, 0, 398, 1068, 1065, 16, 6.61%, 0, 0, 3, 15.72
1747826168, 0, 400, 1068, 1065, 16, 6.61%, 0, 0, 3, 15.67
1747826178, 0, 403, 1068, 1065, 16, 6.61%, 0, 0, 3, 16.08
1747826183, 0, 404, 1068, 1065, 16, 6.61%, 0, 0, 3, 16.07
1747826194, 0, 405, 1068, 1065, 16, 6.61%, 0, 0, 3, 15.88
1747826199, 0, 406, 1068, 1065, 16, 6.61%, 0, 0, 3, 19.02
1747826908, 0, 407, 1068, 1064, 15, 6.61%, 0, 0, 3, 19.18
1747826913, 0, 408, 1068, 1064, 15, 6.61%, 0, 0, 3, 16.06
1747826923, 0, 410, 1068, 1064, 15, 6.61%, 0, 0, 3, 14.83
1747826933, 0, 411, 1068, 1064, 15, 6.61%, 0, 0, 3, 14.09
1747826938, 0, 412, 1068, 1064, 15, 6.61%, 0, 0, 3, 14.68
1747826949, 0, 413, 1068, 1064, 15, 6.61%, 0, 0, 3, 15.81
1747826959, 0, 414, 1068, 1064, 15, 6.61%, 0, 0, 3, 14.36
1747826964, 0, 415, 1068, 1064, 15, 6.61%, 0, 0, 3, 14.49
1747826974, 0, 416, 1068, 1064, 15, 6.61%, 0, 0, 3, 13.91
1747826984, 0, 417, 1068, 1064, 15, 6.61%, 0, 0, 3, 14.70
1747826990, 0, 420, 1068, 1064, 15, 6.61%, 0, 0, 3, 15.56
1747827000, 0, 423, 1068, 1064, 15, 6.61%, 0, 0, 3, 15.40
1747827010, 0, 424, 1068, 1064, 15, 6.61%, 0, 0, 3, 15.73
1747827015, 0, 426, 1068, 1064, 15, 6.61%, 0, 0, 3, 15.77
1747827025, 0, 427, 1068, 1064, 15, 6.61%, 0, 0, 3, 14.37
1747827035, 0, 428, 1068, 1064, 15, 6.61%, 0, 0, 3, 13.79
1747827046, 0, 429, 1068, 1064, 15, 6.61%, 0, 0, 3, 14.92
1747827051, 0, 430, 1068, 1064, 15, 6.61%, 0, 0, 3, 15.37
1747827061, 0, 432, 1068, 1064, 15, 6.61%, 0, 0, 3, 14.57
1747827071, 0, 434, 1068, 1064, 15, 6.61%, 0, 0, 3, 14.97
1747827076, 0, 435, 1068, 1064, 15, 6.61%, 0, 0, 3, 15.23
1747827087, 0, 436, 1068, 1064, 15, 6.61%, 0, 0, 3, 15.74
1747827092, 0, 438, 1068, 1064, 15, 6.61%, 0, 0, 3, 15.73
1747827102, 0, 439, 1068, 1064, 15, 6.61%, 0, 0, 3, 15.83
1747827112, 0, 440, 1068, 1064, 15, 6.61%, 0, 0, 3, 14.80
1747827117, 0, 440, 1069, 1065, 15, 6.61%, 0, 0, 3, 13.24
1747827127, 0, 442, 1069, 1065, 15, 6.61%, 0, 0, 3, 13.55
1747827138, 0, 443, 1069, 1065, 15, 6.61%, 0, 0, 3, 13.54
1747827148, 0, 444, 1069, 1065, 15, 6.61%, 0, 0, 3, 14.67
1747827158, 0, 445, 1069, 1065, 15, 6.61%, 0, 0, 3, 13.17
1747827168, 0, 446, 1069, 1065, 15, 6.61%, 0, 0, 3, 14.68
1747827173, 0, 447, 1069, 1065, 15, 6.61%, 0, 0, 3, 15.02
1747827178, 0, 447, 1070, 1066, 15, 6.61%, 0, 0, 3, 13.27
1747827194, 0, 448, 1070, 1066, 15, 6.61%, 0, 0, 3, 14.70
1747827204, 0, 450, 1070, 1066, 15, 6.61%, 0, 0, 3, 14.75
1747827209, 0, 451, 1070, 1066, 15, 6.61%, 0, 0, 3, 15.34
1747827219, 0, 452, 1070, 1066, 15, 6.61%, 0, 0, 3, 15.90
1747827230, 0, 453, 1070, 1066, 15, 6.61%, 0, 0, 3, 15.93
1747827235, 0, 454, 1070, 1066, 15, 6.61%, 0, 0, 3, 15.91
1747827245, 0, 455, 1070, 1066, 15, 6.61%, 0, 0, 3, 15.91
1747827250, 0, 456, 1070, 1066, 15, 6.61%, 0, 0, 3, 16.04
1747827261, 0, 457, 1070, 1066, 15, 6.61%, 0, 0, 3, 15.07
1747827271, 0, 458, 1071, 1067, 15, 6.61%, 0, 0, 3, 13.29
1747827286, 0, 458, 1072, 1068, 15, 6.61%, 0, 0, 3, 12.21
1747827291, 0, 458, 1073, 1069, 15, 6.61%, 0, 0, 3, 13.15
1747827347, 0, 459, 1073, 1069, 15, 6.61%, 0, 0, 3, 14.99
1747827353, 0, 461, 1073, 1069, 15, 6.61%, 0, 0, 3, 15.39
1747827363, 0, 462, 1073, 1069, 15, 6.61%, 0, 0, 3, 13.84
1747827373, 0, 463, 1073, 1069, 15, 6.61%, 0, 0, 3, 15.06
1747827378, 0, 464, 1073, 1069, 15, 6.61%, 0, 0, 3, 15.23
1747827388, 0, 465, 1073, 1069, 15, 6.61%, 0, 0, 3, 15.05
1747827399, 0, 466, 1074, 1070, 15, 6.61%, 0, 0, 3, 14.04
1747827404, 0, 466, 1075, 1071, 15, 6.61%, 0, 0, 3, 13.63
1747827434, 0, 467, 1075, 1071, 15, 6.61%, 0, 0, 3, 13.06
1747827445, 0, 468, 1075, 1071, 15, 6.61%, 0, 0, 3, 13.61
1747827455, 0, 469, 1075, 1071, 15, 6.61%, 0, 0, 3, 13.45
1747827465, 0, 471, 1075, 1071, 15, 6.61%, 0, 0, 3, 15.68
1747827470, 0, 472, 1075, 1071, 15, 6.61%, 0, 0, 3, 16.41
1747827481, 0, 473, 1075, 1071, 15, 6.61%, 0, 0, 3, 15.59
1747827486, 0, 474, 1075, 1071, 15, 6.61%, 0, 0, 3, 15.58
1747827496, 0, 475, 1075, 1071, 15, 6.61%, 0, 0, 3, 15.74
1747827506, 0, 477, 1075, 1071, 15, 6.61%, 0, 0, 3, 15.79
1747827511, 0, 478, 1075, 1071, 15, 6.61%, 0, 0, 3, 15.76
1747827522, 0, 480, 1075, 1071, 15, 6.61%, 0, 0, 3, 15.77
1747827527, 0, 482, 1075, 1071, 15, 6.61%, 0, 0, 3, 15.82
1747827537, 0, 483, 1075, 1071, 15, 6.61%, 0, 0, 3, 15.51
1747827547, 0, 485, 1075, 1071, 15, 6.61%, 0, 0, 3, 15.73
1747827552, 0, 486, 1075, 1071, 15, 6.61%, 0, 0, 3, 15.34
1747827562, 0, 487, 1075, 1071, 15, 6.61%, 0, 0, 3, 15.95
1747827567, 0, 488, 1075, 1071, 15, 6.61%, 0, 0, 3, 15.90
1747827578, 0, 489, 1075, 1071, 15, 6.61%, 0, 0, 3, 15.04
1747827588, 0, 490, 1075, 1071, 15, 6.61%, 0, 0, 3, 15.13
1747827593, 0, 491, 1075, 1071, 15, 6.61%, 0, 0, 3, 15.28
1747827604, 0, 492, 1075, 1071, 15, 6.61%, 0, 0, 3, 15.85
1747827609, 0, 493, 1075, 1071, 15, 6.61%, 0, 0, 3, 15.72
1747827619, 0, 495, 1075, 1071, 15, 6.61%, 0, 0, 3, 19.25
1747828927, 0, 495, 1075, 1071, 15, 6.61%, 0, 1, 3, 5.27
1747829444, 0, 496, 1075, 1070, 15, 6.61%, 0, 1, 3, 17.49
1747829454, 0, 497, 1075, 1070, 15, 6.61%, 0, 1, 3, 15.86
1747829459, 0, 498, 1075, 1070, 15, 6.61%, 0, 1, 3, 15.98
1747829469, 0, 500, 1075, 1070, 15, 6.61%, 0, 1, 3, 15.10
1747829474, 0, 501, 1075, 1070, 15, 6.61%, 0, 1, 3, 15.28
1747829484, 0, 504, 1075, 1070, 15, 6.61%, 0, 1, 3, 15.62
1747829495, 0, 505, 1075, 1070, 15, 6.61%, 0, 1, 3, 15.41
1747829500, 0, 507, 1075, 1070, 15, 6.61%, 0, 1, 3, 15.55
1747829510, 0, 508, 1075, 1070, 15, 6.61%, 0, 1, 3, 16.03
1747829515, 0, 509, 1075, 1070, 15, 6.61%, 0, 1, 3, 15.35
1747829525, 0, 510, 1075, 1070, 15, 6.61%, 0, 1, 3, 15.58
1747829535, 0, 512, 1075, 1070, 15, 6.61%, 0, 1, 3, 14.84
1747829545, 0, 513, 1075, 1070, 15, 6.61%, 0, 1, 3, 14.40
1747829550, 0, 514, 1075, 1070, 15, 6.61%, 0, 1, 3, 14.60
1747829561, 0, 515, 1075, 1070, 15, 6.61%, 0, 1, 3, 14.77
1747829571, 0, 516, 1075, 1070, 15, 6.61%, 0, 1, 3, 14.21
1747829576, 0, 518, 1075, 1070, 15, 6.61%, 0, 1, 3, 13.73
1747829586, 0, 521, 1075, 1070, 15, 6.61%, 0, 1, 3, 15.56
1747829596, 0, 523, 1075, 1070, 15, 6.61%, 0, 1, 3, 15.72
1747829601, 0, 524, 1075, 1070, 15, 6.61%, 0, 1, 3, 15.73
1747829612, 0, 525, 1075, 1070, 15, 6.61%, 0, 1, 3, 14.36
1747829622, 0, 526, 1075, 1070, 15, 6.61%, 0, 1, 3, 15.10
1747829627, 0, 527, 1075, 1070, 15, 6.61%, 0, 1, 3, 16.01
1747829637, 0, 528, 1075, 1070, 15, 6.61%, 0, 1, 3, 15.95
1747829647, 0, 530, 1075, 1070, 15, 6.61%, 0, 1, 3, 14.82
1747829652, 0, 532, 1075, 1070, 15, 6.61%, 0, 1, 3, 14.50
1747829663, 0, 533, 1075, 1070, 15, 6.61%, 0, 1, 3, 16.08
1747829673, 0, 534, 1075, 1070, 15, 6.61%, 0, 1, 3, 15.81
1747829678, 0, 535, 1075, 1070, 15, 6.61%, 0, 1, 3, 15.87
1747829688, 0, 536, 1075, 1070, 15, 6.61%, 0, 1, 3, 16.01
1747829693, 0, 538, 1075, 1070, 15, 6.61%, 0, 1, 3, 15.90
1747829704, 0, 541, 1075, 1070, 15, 6.61%, 0, 1, 3, 15.12
1747829714, 0, 542, 1075, 1070, 15, 6.61%, 0, 1, 3, 15.56
1747829719, 0, 543, 1075, 1070, 15, 6.61%, 0, 1, 3, 15.26
1747829729, 0, 544, 1075, 1070, 15, 6.61%, 0, 1, 3, 16.35
1747829734, 0, 548, 1075, 1070, 15, 6.61%, 0, 1, 3, 16.51
1747829744, 0, 550, 1075, 1070, 15, 6.61%, 0, 1, 3, 14.82
1747829755, 0, 551, 1075, 1070, 15, 6.61%, 0, 1, 3, 15.55
1747829760, 0, 552, 1075, 1070, 15, 6.61%, 0, 1, 3, 16.04
1747829770, 0, 553, 1075, 1070, 15, 6.61%, 0, 1, 3, 15.81
1747829776, 0, 554, 1075, 1070, 15, 6.61%, 0, 1, 3, 15.81
1747829786, 0, 555, 1075, 1070, 15, 6.61%, 0, 1, 3, 15.76
1747829796, 0, 556, 1075, 1070, 15, 6.61%, 0, 1, 3, 14.77
1747829801, 0, 558, 1075, 1070, 15, 6.61%, 0, 1, 3, 14.22
1747829812, 0, 559, 1075, 1070, 15, 6.61%, 0, 1, 3, 15.91
1747829817, 0, 560, 1075, 1070, 15, 6.61%, 0, 1, 3, 15.81
1747829827, 0, 561, 1075, 1070, 15, 6.61%, 0, 1, 3, 15.56
1747829838, 0, 562, 1075, 1070, 15, 6.61%, 0, 1, 3, 15.37
1747829843, 0, 564, 1075, 1070, 15, 6.61%, 0, 1, 3, 15.57
1747829853, 0, 565, 1076, 1071, 15, 6.61%, 0, 1, 3, 15.82
1747829868, 0, 566, 1076, 1071, 15, 6.61%, 0, 1, 3, 15.08
1747829878, 0, 567, 1076, 1071, 15, 6.61%, 0, 1, 3, 15.47
1747829883, 0, 568, 1076, 1071, 15, 6.61%, 0, 1, 3, 15.76
1747829894, 0, 569, 1076, 1071, 15, 6.61%, 0, 1, 3, 16.05
1747829904, 0, 573, 1076, 1071, 15, 6.61%, 0, 1, 3, 13.91
1747829909, 0, 574, 1076, 1071, 15, 6.61%, 0, 1, 3, 14.23
1747829919, 0, 575, 1076, 1071, 15, 6.61%, 0, 1, 3, 15.41
1747829930, 0, 576, 1076, 1071, 15, 6.61%, 0, 1, 3, 15.31
1747829935, 0, 577, 1076, 1071, 15, 6.61%, 0, 1, 3, 15.24
1747829945, 0, 577, 1077, 1072, 15, 6.61%, 0, 1, 3, 12.55
1747829955, 0, 578, 1077, 1072, 15, 6.61%, 0, 1, 3, 15.15
1747829965, 0, 579, 1077, 1072, 15, 6.61%, 0, 1, 3, 19.21
1747832215, 0, 580, 1077, 1071, 15, 6.61%, 0, 1, 3, 19.65
1747832226, 0, 581, 1077, 1071, 15, 6.61%, 0, 1, 3, 16.09
1747832236, 0, 582, 1077, 1071, 15, 6.61%, 0, 1, 3, 15.85
1747832241, 0, 583, 1077, 1071, 15, 6.61%, 0, 1, 3, 15.57
1747832251, 0, 584, 1077, 1071, 15, 6.61%, 0, 1, 3, 15.81
1747832256, 0, 586, 1077, 1071, 15, 6.61%, 0, 1, 3, 15.95
1747832261, 0, 586, 1078, 1072, 15, 6.61%, 0, 1, 3, 13.27
1747832271, 0, 586, 1079, 1073, 15, 6.61%, 0, 1, 3, 13.59
1747832297, 0, 587, 1079, 1073, 15, 6.61%, 0, 1, 3, 15.23
1747832302, 0, 590, 1079, 1073, 15, 6.61%, 0, 1, 3, 15.67
1747832312, 0, 591, 1079, 1073, 15, 6.61%, 0, 1, 3, 15.33
1747832322, 0, 592, 1079, 1073, 15, 6.61%, 0, 1, 3, 14.88
1747832333, 0, 593, 1079, 1073, 15, 6.61%, 0, 1, 3, 15.37
1747832338, 0, 594, 1079, 1073, 15, 6.61%, 0, 1, 3, 15.48
1747832348, 0, 595, 1079, 1073, 15, 6.61%, 0, 1, 3, 15.61
1747832353, 0, 597, 1079, 1073, 15, 6.61%, 0, 1, 3, 16.01
1747832363, 0, 598, 1079, 1073, 15, 6.61%, 0, 1, 3, 15.92
1747832369, 0, 599, 1079, 1073, 15, 6.61%, 0, 1, 3, 15.64
1747832379, 0, 602, 1079, 1073, 15, 6.61%, 0, 1, 3, 14.67
1747832389, 0, 603, 1079, 1073, 15, 6.61%, 0, 1, 3, 15.39
1747832399, 0, 604, 1079, 1073, 15, 6.61%, 0, 1, 3, 15.49
1747832404, 0, 605, 1079, 1073, 15, 6.61%, 0, 1, 3, 15.35
1747832414, 0, 606, 1079, 1073, 15, 6.61%, 0, 1, 3, 15.44
1747832420, 0, 607, 1079, 1073, 15, 6.61%, 0, 1, 3, 15.20
1747832430, 0, 608, 1079, 1073, 15, 6.61%, 0, 1, 3, 15.06
1747832440, 0, 610, 1079, 1073, 15, 6.61%, 0, 1, 3, 16.29
1747832445, 0, 611, 1079, 1073, 15, 6.61%, 0, 1, 3, 16.12
1747832455, 0, 612, 1079, 1073, 15, 6.61%, 0, 1, 3, 15.92
1747832460, 0, 614, 1079, 1073, 15, 6.61%, 0, 1, 3, 15.81
1747832470, 0, 615, 1079, 1073, 15, 6.61%, 0, 1, 3, 14.56
1747832481, 0, 617, 1079, 1073, 15, 6.61%, 0, 1, 3, 15.04
1747832486, 0, 618, 1079, 1073, 15, 6.61%, 0, 1, 3, 16.18
1747832496, 0, 619, 1079, 1073, 15, 6.61%, 0, 1, 3, 16.23
1747832501, 0, 620, 1079, 1073, 15, 6.61%, 0, 1, 3, 15.98
1747832512, 0, 622, 1079, 1073, 15, 6.61%, 0, 1, 3, 15.94
1747832522, 0, 623, 1079, 1073, 15, 6.61%, 0, 1, 3, 13.12
1747832532, 0, 625, 1079, 1073, 15, 6.61%, 0, 1, 3, 14.29
1747832537, 0, 626, 1079, 1073, 15, 6.61%, 0, 1, 3, 13.91
1747832548, 0, 627, 1079, 1073, 15, 6.61%, 0, 1, 3, 15.91
1747832558, 0, 628, 1079, 1073, 15, 6.61%, 0, 1, 3, 15.69
1747832563, 0, 629, 1079, 1073, 15, 6.61%, 0, 1, 3, 15.78
1747832573, 0, 630, 1079, 1073, 15, 6.61%, 0, 1, 3, 16.24
1747832578, 0, 631, 1079, 1073, 15, 6.61%, 0, 1, 3, 16.03
1747832589, 0, 632, 1079, 1073, 15, 6.61%, 0, 1, 3, 15.68
1747832594, 0, 633, 1079, 1073, 15, 6.61%, 0, 1, 3, 16.24
1747832604, 0, 634, 1079, 1073, 15, 6.61%, 0, 1, 3, 15.71
1747832609, 0, 635, 1079, 1073, 15, 6.61%, 0, 1, 3, 15.88
1747832620, 0, 636, 1079, 1073, 15, 6.61%, 0, 1, 3, 15.75
1747832630, 0, 637, 1079, 1073, 15, 6.61%, 0, 1, 3, 16.17
1747832635, 0, 638, 1079, 1073, 15, 6.61%, 0, 1, 3, 15.60
1747832645, 0, 639, 1079, 1073, 15, 6.61%, 0, 1, 3, 15.70
1747832651, 0, 640, 1079, 1073, 15, 6.61%, 0, 1, 3, 15.99
1747832661, 0, 643, 1079, 1073, 15, 6.61%, 0, 1, 3, 15.70
1747832666, 0, 644, 1079, 1073, 15, 6.61%, 0, 1, 3, 15.88
1747832676, 0, 645, 1079, 1073, 15, 6.61%, 0, 1, 3, 15.64
1747832686, 0, 646, 1079, 1073, 15, 6.61%, 0, 1, 3, 15.89
1747832692, 0, 647, 1079, 1073, 15, 6.61%, 0, 1, 3, 16.00
1747832702, 0, 648, 1079, 1073, 15, 6.61%, 0, 1, 3, 13.93
1747832712, 0, 650, 1079, 1073, 15, 6.61%, 0, 1, 3, 13.43
1747832722, 0, 652, 1079, 1073, 15, 6.61%, 0, 1, 3, 15.83
1747832727, 0, 653, 1079, 1073, 15, 6.61%, 0, 1, 3, 15.42
1747832738, 0, 655, 1079, 1073, 15, 6.61%, 0, 1, 3, 14.30
1747832748, 0, 656, 1080, 1074, 15, 6.61%, 0, 1, 3, 13.21
1747832753, 0, 656, 1081, 1075, 15, 6.61%, 0, 1, 3, 12.02
1747832783, 0, 659, 1081, 1075, 15, 6.61%, 0, 1, 3, 15.28
1747832793, 0, 660, 1081, 1075, 15, 6.61%, 0, 1, 3, 14.70
1747832804, 0, 661, 1081, 1075, 15, 6.61%, 0, 1, 3, 14.79
1747832809, 0, 662, 1081, 1075, 15, 6.61%, 0, 1, 3, 15.45
1747832819, 0, 663, 1081, 1075, 15, 6.61%, 0, 1, 3, 14.61
1747832829, 0, 665, 1081, 1075, 15, 6.61%, 0, 1, 3, 15.63
1747832834, 0, 666, 1081, 1075, 15, 6.61%, 0, 1, 3, 14.88
1747832839, 0, 666, 1082, 1076, 15, 6.61%, 0, 1, 3, 13.11
1747832855, 0, 671, 1082, 1076, 15, 6.61%, 0, 1, 3, 15.35
1747832860, 0, 672, 1082, 1076, 15, 6.61%, 0, 1, 3, 16.15
1747832870, 0, 673, 1082, 1076, 15, 6.61%, 0, 1, 3, 13.78
1747832880, 0, 674, 1082, 1076, 15, 6.61%, 0, 1, 3, 15.49
1747832885, 0, 676, 1082, 1076, 15, 6.61%, 0, 1, 3, 16.18
1747832895, 0, 677, 1082, 1076, 15, 6.61%, 0, 1, 3, 15.78
1747832906, 0, 680, 1082, 1076, 15, 6.61%, 0, 1, 3, 16.30
1747832911, 0, 681, 1082, 1076, 15, 6.61%, 0, 1, 3, 15.60
1747832921, 0, 683, 1082, 1076, 15, 6.61%, 0, 1, 3, 14.69
1747832931, 0, 684, 1082, 1076, 15, 6.61%, 0, 1, 3, 14.98
1747832936, 0, 685, 1082, 1076, 15, 6.61%, 0, 1, 3, 15.68
1747832947, 0, 686, 1082, 1076, 15, 6.61%, 0, 1, 3, 15.97
1747832952, 0, 687, 1082, 1076, 15, 6.61%, 0, 1, 3, 16.28
1747832962, 0, 688, 1082, 1076, 15, 6.61%, 0, 1, 3, 14.67
1747832973, 0, 689, 1082, 1076, 15, 6.61%, 0, 1, 3, 15.32
1747832978, 0, 690, 1082, 1076, 15, 6.61%, 0, 1, 3, 15.83
1747832988, 0, 691, 1082, 1076, 15, 6.61%, 0, 1, 3, 16.32
1747832993, 0, 692, 1083, 1077, 15, 6.61%, 0, 1, 3, 15.05
1747833013, 0, 695, 1083, 1077, 15, 6.61%, 0, 1, 3, 14.07
1747833024, 0, 696, 1083, 1077, 15, 6.61%, 0, 1, 3, 15.71
1747833029, 0, 698, 1083, 1077, 15, 6.61%, 0, 1, 3, 15.78
1747833039, 0, 700, 1083, 1077, 15, 6.61%, 0, 1, 3, 15.29
1747833044, 0, 700, 1084, 1078, 15, 6.61%, 0, 1, 3, 14.18
1747833060, 0, 701, 1084, 1078, 15, 6.61%, 0, 1, 3, 15.30
1747833065, 0, 702, 1084, 1078, 15, 6.61%, 0, 1, 3, 14.61
1747833075, 0, 703, 1084, 1078, 15, 6.61%, 0, 1, 3, 13.85
1747833085, 0, 703, 1085, 1079, 15, 6.61%, 0, 1, 3, 13.75
1747833096, 0, 704, 1085, 1079, 15, 6.61%, 0, 1, 3, 14.34
1747833106, 0, 706, 1085, 1079, 15, 6.61%, 0, 1, 3, 15.55
1747833111, 0, 708, 1085, 1079, 15, 6.61%, 0, 1, 3, 15.38
1747833121, 0, 709, 1085, 1079, 15, 6.61%, 0, 1, 3, 13.47
1747833132, 0, 710, 1085, 1079, 15, 6.61%, 0, 1, 3, 14.51
1747833137, 0, 711, 1085, 1079, 15, 6.61%, 0, 1, 3, 15.95
1747833147, 0, 712, 1085, 1079, 15, 6.61%, 0, 1, 3, 15.45
1747833157, 0, 713, 1085, 1079, 15, 6.61%, 0, 1, 3, 14.13
1747833167, 0, 715, 1085, 1079, 15, 6.61%, 0, 1, 3, 15.46
1747833172, 0, 716, 1085, 1079, 15, 6.61%, 0, 1, 3, 15.77
1747833182, 0, 718, 1085, 1079, 15, 6.61%, 0, 1, 3, 15.22
1747833188, 0, 718, 1086, 1080, 15, 6.61%, 0, 1, 3, 15.40
1747833198, 0, 719, 1086, 1080, 15, 6.61%, 0, 1, 3, 14.91
1747833208, 0, 720, 1086, 1080, 15, 6.61%, 0, 1, 3, 14.03
1747833218, 0, 722, 1086, 1080, 15, 6.61%, 0, 1, 3, 14.94
1747833228, 0, 723, 1086, 1080, 15, 6.61%, 0, 1, 3, 13.57
1747833233, 0, 724, 1086, 1080, 15, 6.61%, 0, 1, 3, 14.96
1747835947, 0, 725, 1086, 1079, 14, 6.61%, 0, 1, 3, 16.24
1747835957, 0, 726, 1086, 1079, 14, 6.61%, 0, 1, 3, 15.03
1747835962, 0, 727, 1086, 1079, 14, 6.61%, 0, 1, 3, 15.12
1747835972, 0, 728, 1086, 1079, 14, 6.61%, 0, 1, 3, 13.71
1747835983, 0, 730, 1086, 1079, 14, 6.61%, 0, 1, 3, 15.28
1747835988, 0, 731, 1086, 1079, 14, 6.61%, 0, 1, 3, 15.37
1747835998, 0, 732, 1086, 1079, 14, 6.61%, 0, 1, 3, 15.42
1747836008, 0, 733, 1086, 1079, 14, 6.61%, 0, 1, 3, 15.18
1747836013, 0, 734, 1086, 1079, 14, 6.61%, 0, 1, 3, 14.52
1747836018, 0, 734, 1087, 1080, 14, 6.61%, 0, 1, 3, 12.41
1747836034, 0, 735, 1087, 1080, 14, 6.61%, 0, 1, 3, 13.30
1747836044, 0, 736, 1087, 1080, 14, 6.61%, 0, 1, 3, 14.57
1747836054, 0, 737, 1087, 1080, 14, 6.61%, 0, 1, 3, 15.39
1747836059, 0, 738, 1087, 1080, 14, 6.61%, 0, 1, 3, 15.57
1747836069, 0, 739, 1087, 1080, 14, 6.61%, 0, 1, 3, 13.78
1747836080, 0, 740, 1087, 1080, 14, 6.61%, 0, 1, 3, 14.06
1747836090, 0, 741, 1087, 1080, 14, 6.61%, 0, 1, 3, 15.41
1747836095, 0, 742, 1087, 1080, 14, 6.61%, 0, 1, 3, 14.18
1747836105, 0, 743, 1087, 1080, 14, 6.61%, 0, 1, 3, 12.98
1747836115, 0, 744, 1087, 1080, 14, 6.61%, 0, 1, 3, 14.44
1747836126, 0, 745, 1087, 1080, 14, 6.61%, 0, 1, 3, 15.20
1747836131, 0, 746, 1087, 1080, 14, 6.61%, 0, 1, 3, 14.45
1747836141, 0, 747, 1087, 1080, 14, 6.61%, 0, 1, 3, 12.67
1747836151, 0, 748, 1087, 1080, 14, 6.61%, 0, 1, 3, 13.10
1747836161, 0, 749, 1088, 1081, 14, 6.61%, 0, 1, 3, 12.65
1747836182, 0, 749, 1090, 1083, 14, 6.62%, 0, 1, 3, 11.02
1747836238, 0, 751, 1090, 1083, 15, 6.62%, 0, 1, 3, 21.54
1747836243, 0, 752, 1090, 1083, 15, 6.62%, 0, 1, 3, 21.73
1747836249, 0, 752, 1091, 1084, 15, 6.62%, 0, 1, 3, 21.98
1747836259, 0, 754, 1091, 1084, 15, 6.62%, 0, 1, 3, 25.60
1747836264, 0, 755, 1091, 1084, 15, 6.62%, 0, 1, 3, 23.73
1747836269, 0, 756, 1091, 1084, 15, 6.62%, 0, 1, 3, 26.57
1747836274, 0, 758, 1091, 1084, 15, 6.62%, 0, 1, 3, 26.67
1747836279, 0, 760, 1091, 1084, 15, 6.62%, 0, 1, 3, 27.22
1747836289, 0, 762, 1091, 1084, 15, 6.62%, 0, 1, 3, 26.18
1747836294, 0, 763, 1091, 1084, 15, 6.62%, 0, 1, 3, 27.40
1747836299, 0, 765, 1091, 1084, 15, 6.62%, 0, 1, 3, 27.43
1747836305, 0, 765, 1092, 1085, 15, 6.62%, 0, 1, 3, 26.96
1747836310, 0, 766, 1092, 1085, 15, 6.62%, 0, 1, 3, 25.98
1747836315, 0, 767, 1092, 1085, 15, 6.62%, 0, 1, 3, 25.99
1747836320, 0, 769, 1092, 1085, 15, 6.62%, 0, 1, 3, 24.88
1747836325, 0, 770, 1092, 1085, 15, 6.62%, 0, 1, 3, 24.70
1747836330, 0, 771, 1092, 1085, 15, 6.62%, 0, 1, 3, 26.73
1747836335, 0, 772, 1092, 1085, 15, 6.62%, 0, 1, 3, 25.70
1747836340, 0, 773, 1092, 1085, 15, 6.62%, 0, 1, 3, 22.37
1747836345, 0, 775, 1092, 1085, 15, 6.62%, 0, 1, 3, 22.80
1747836350, 0, 775, 1093, 1086, 15, 6.62%, 0, 1, 3, 20.74
1747836360, 0, 776, 1093, 1086, 16, 6.62%, 0, 1, 3, 25.28
1747836366, 0, 778, 1093, 1086, 16, 6.62%, 0, 1, 3, 26.79
1747836371, 0, 779, 1093, 1086, 16, 6.62%, 0, 1, 3, 27.23
1747836376, 0, 780, 1093, 1086, 16, 6.62%, 0, 1, 3, 24.79
1747836381, 0, 781, 1093, 1086, 16, 6.62%, 0, 1, 3, 23.24
1747836386, 0, 782, 1093, 1086, 16, 6.62%, 0, 1, 3, 23.20
1747836391, 0, 783, 1093, 1086, 16, 6.62%, 0, 1, 3, 24.76
1747836396, 0, 784, 1093, 1086, 16, 6.62%, 0, 1, 3, 26.72
1747836401, 0, 785, 1093, 1086, 16, 6.62%, 0, 1, 3, 24.03
1747836406, 0, 786, 1093, 1086, 16, 6.62%, 0, 1, 3, 25.29
1747836411, 0, 788, 1093, 1086, 16, 6.62%, 0, 1, 3, 23.78
1747836416, 0, 789, 1093, 1086, 16, 6.62%, 0, 1, 3, 22.92
1747836422, 0, 792, 1094, 1087, 16, 6.62%, 0, 1, 3, 22.35
1747836432, 0, 792, 1095, 1088, 16, 6.62%, 0, 1, 3, 21.16
1747836437, 0, 792, 1096, 1089, 16, 6.62%, 0, 1, 3, 20.84
1747836442, 0, 792, 1097, 1090, 16, 6.62%, 0, 1, 3, 21.19
1747836473, 0, 792, 1098, 1091, 16, 6.62%, 0, 1, 3, 21.15
1747836488, 0, 792, 1099, 1092, 16, 6.62%, 0, 1, 3, 21.67
1747836611, 0, 793, 1099, 1092, 16, 6.62%, 0, 1, 3, 21.01
1747836616, 0, 794, 1099, 1092, 16, 6.62%, 0, 1, 3, 25.34
1747836621, 0, 795, 1099, 1092, 16, 6.62%, 0, 1, 3, 26.47
1747836626, 0, 796, 1099, 1092, 16, 6.62%, 0, 1, 3, 26.20
1747836631, 0, 797, 1099, 1092, 16, 6.62%, 0, 1, 3, 23.28
1747836641, 0, 801, 1099, 1092, 16, 6.62%, 0, 1, 3, 26.15
1747836652, 0, 802, 1099, 1092, 16, 6.62%, 0, 1, 3, 25.80
1747836657, 0, 803, 1099, 1092, 16, 6.62%, 0, 1, 3, 23.17
1747836662, 0, 804, 1099, 1092, 16, 6.62%, 0, 1, 3, 25.49
1747836667, 0, 805, 1101, 1094, 16, 6.63%, 0, 1, 3, 21.22
1747836692, 0, 806, 1101, 1094, 17, 6.63%, 0, 1, 3, 25.49
1747836698, 0, 807, 1102, 1095, 17, 6.63%, 0, 1, 3, 21.47
1747836703, 0, 807, 1104, 1097, 17, 6.63%, 0, 1, 3, 20.80
1747836749, 0, 808, 1104, 1097, 17, 6.63%, 0, 1, 3, 14.75
1747836759, 0, 809, 1104, 1097, 17, 6.63%, 0, 1, 3, 15.68
1747836764, 0, 810, 1104, 1097, 17, 6.63%, 0, 1, 3, 15.79
1747836774, 0, 811, 1104, 1097, 17, 6.63%, 0, 1, 3, 14.53
1747836785, 0, 812, 1105, 1098, 17, 6.63%, 0, 1, 3, 11.80
1747836805, 0, 814, 1106, 1099, 17, 6.63%, 0, 1, 3, 12.09
1747836810, 0, 814, 1107, 1100, 17, 6.63%, 0, 1, 3, 11.47
1747836816, 0, 814, 1108, 1101, 17, 6.63%, 0, 1, 3, 11.72
1747836826, 0, 814, 1109, 1102, 17, 6.63%, 0, 1, 3, 12.39
1747836897, 0, 814, 1110, 1103, 17, 6.63%, 0, 1, 3, 22.33
1747836917, 0, 814, 1111, 1104, 17, 6.63%, 0, 1, 3, 21.09
1747837030, 0, 815, 1111, 1104, 17, 6.63%, 0, 1, 3, 21.35
1747837035, 0, 815, 1112, 1105, 17, 6.63%, 0, 1, 3, 22.06
1747837040, 0, 818, 1112, 1105, 17, 6.63%, 0, 1, 3, 25.34
1747837045, 0, 819, 1112, 1105, 17, 6.63%, 0, 1, 3, 23.95
1747837050, 0, 820, 1112, 1105, 17, 6.63%, 0, 1, 3, 25.82
1747837055, 0, 821, 1112, 1105, 17, 6.63%, 0, 1, 3, 24.75
1747837060, 0, 824, 1112, 1105, 17, 6.63%, 0, 1, 3, 25.55
1747837065, 0, 825, 1112, 1105, 17, 6.63%, 0, 1, 3, 26.83
1747837070, 0, 826, 1112, 1105, 17, 6.63%, 0, 1, 3, 25.50
1747837075, 0, 827, 1112, 1105, 17, 6.63%, 0, 1, 3, 22.46
1747837080, 0, 828, 1112, 1105, 17, 6.63%, 0, 1, 3, 23.03
1747837085, 0, 829, 1112, 1105, 17, 6.63%, 0, 1, 3, 23.87
1747837091, 0, 831, 1112, 1105, 17, 6.63%, 0, 1, 3, 24.53
1747837096, 0, 832, 1112, 1105, 17, 6.63%, 0, 1, 3, 22.77
1747837101, 0, 833, 1112, 1105, 17, 6.63%, 0, 1, 3, 24.10
1747837111, 0, 836, 1112, 1105, 17, 6.63%, 0, 1, 3, 26.30
1747837116, 0, 837, 1112, 1105, 17, 6.63%, 0, 1, 3, 25.94
1747837126, 0, 838, 1112, 1105, 17, 6.63%, 0, 1, 3, 25.19
1747837131, 0, 839, 1112, 1105, 17, 6.63%, 0, 1, 3, 21.30
1747837136, 0, 841, 1112, 1105, 17, 6.63%, 0, 1, 3, 24.88
1747837141, 0, 844, 1112, 1105, 17, 6.63%, 0, 1, 3, 26.62
1747837146, 0, 845, 1112, 1105, 17, 6.63%, 0, 1, 3, 26.98
1747837151, 0, 846, 1113, 1106, 17, 6.63%, 0, 1, 3, 20.78
1747837162, 0, 846, 1114, 1107, 17, 6.63%, 0, 1, 3, 20.86
1747837177, 0, 847, 1114, 1107, 16, 6.63%, 0, 1, 3, 22.34
1747837182, 0, 848, 1114, 1107, 16, 6.63%, 0, 1, 3, 20.84
1747837187, 0, 849, 1114, 1107, 16, 6.63%, 0, 1, 3, 22.16
1747837192, 0, 851, 1114, 1107, 16, 6.63%, 0, 1, 3, 23.79
1747837198, 0, 852, 1114, 1107, 16, 6.63%, 0, 1, 3, 23.49
1747837203, 0, 853, 1114, 1107, 16, 6.63%, 0, 1, 3, 23.86
1747837208, 0, 854, 1114, 1107, 16, 6.63%, 0, 1, 3, 25.48
1747837213, 0, 855, 1114, 1107, 16, 6.63%, 0, 1, 3, 26.06
1747837218, 0, 856, 1114, 1107, 16, 6.63%, 0, 1, 3, 26.39
1747837223, 0, 857, 1114, 1107, 16, 6.63%, 0, 1, 3, 26.92
1747837228, 0, 858, 1114, 1107, 16, 6.63%, 0, 1, 3, 27.09
1747837233, 0, 859, 1114, 1107, 16, 6.63%, 0, 1, 3, 27.29
1747837238, 0, 860, 1114, 1107, 16, 6.63%, 0, 1, 3, 27.53
1747837243, 0, 862, 1114, 1107, 16, 6.63%, 0, 1, 3, 26.80
1747837248, 0, 863, 1114, 1107, 16, 6.63%, 0, 1, 3, 23.13
1747837253, 0, 864, 1114, 1107, 16, 6.63%, 0, 1, 3, 21.65
1747837258, 0, 866, 1114, 1107, 16, 6.63%, 0, 1, 3, 24.35
1747837263, 0, 867, 1114, 1107, 16, 6.63%, 0, 1, 3, 25.25
1747837269, 0, 868, 1114, 1107, 16, 6.63%, 0, 1, 3, 26.19
1747837274, 0, 869, 1114, 1107, 16, 6.63%, 0, 1, 3, 26.58
1747837279, 0, 870, 1114, 1107, 16, 6.63%, 0, 1, 3, 26.89
1747837284, 0, 871, 1114, 1107, 16, 6.63%, 0, 1, 3, 26.68
1747837289, 0, 872, 1115, 1108, 16, 6.63%, 0, 1, 3, 22.10
1747837299, 0, 873, 1115, 1108, 16, 6.63%, 0, 1, 3, 24.08
1747837304, 0, 874, 1115, 1108, 16, 6.63%, 0, 1, 3, 26.28
1747837309, 0, 877, 1115, 1108, 16, 6.63%, 0, 1, 3, 27.27
1747837315, 0, 878, 1115, 1108, 16, 6.63%, 0, 1, 3, 24.53
1747837320, 0, 878, 1116, 1109, 16, 6.63%, 0, 1, 3, 23.00
1747837325, 0, 879, 1116, 1109, 16, 6.63%, 0, 1, 3, 21.90
1747837330, 0, 880, 1116, 1109, 16, 6.63%, 0, 1, 3, 20.99
1747837340, 0, 881, 1117, 1110, 16, 6.63%, 0, 1, 3, 20.75
1747837345, 0, 881, 1118, 1111, 16, 6.63%, 0, 1, 3, 20.00
1747837361, 0, 884, 1118, 1111, 16, 6.63%, 0, 1, 3, 23.33
1747837366, 0, 885, 1118, 1111, 16, 6.63%, 0, 1, 3, 25.32
1747837371, 0, 886, 1118, 1111, 16, 6.63%, 0, 1, 3, 27.19
1747837376, 0, 887, 1118, 1111, 16, 6.63%, 0, 1, 3, 26.64
1747837381, 0, 888, 1118, 1111, 16, 6.63%, 0, 1, 3, 26.74
1747837386, 0, 889, 1118, 1111, 16, 6.63%, 0, 1, 3, 26.88
1747837391, 0, 890, 1118, 1111, 16, 6.63%, 0, 1, 3, 26.59
1747837396, 0, 891, 1118, 1111, 16, 6.63%, 0, 1, 3, 27.00
1747837401, 0, 892, 1118, 1111, 16, 6.63%, 0, 1, 3, 27.27
1747837406, 0, 893, 1118, 1111, 16, 6.63%, 0, 1, 3, 24.73
1747837411, 0, 894, 1118, 1111, 16, 6.63%, 0, 1, 3, 27.07
1747839309, 0, 895, 1118, 1110, 16, 6.63%, 0, 1, 3, 23.64
1747839314, 0, 896, 1118, 1110, 16, 6.63%, 0, 1, 3, 25.99
1747839319, 0, 897, 1118, 1110, 16, 6.63%, 0, 1, 3, 26.64
1747839325, 0, 899, 1118, 1110, 16, 6.63%, 0, 1, 3, 26.74
1747839335, 0, 900, 1118, 1110, 16, 6.63%, 0, 1, 3, 22.68
1747839340, 0, 901, 1118, 1110, 16, 6.63%, 0, 1, 3, 25.72
1747839345, 0, 902, 1118, 1110, 16, 6.63%, 0, 1, 3, 26.61
1747839350, 0, 904, 1118, 1110, 16, 6.63%, 0, 1, 3, 27.42
1747839355, 0, 905, 1118, 1110, 16, 6.63%, 0, 1, 3, 27.07
1747839361, 0, 905, 1119, 1111, 16, 6.63%, 0, 1, 3, 20.67
1747839371, 0, 906, 1119, 1111, 16, 6.63%, 0, 1, 3, 24.81
1747839376, 0, 907, 1119, 1111, 16, 6.63%, 0, 1, 3, 26.65
1747839381, 0, 908, 1119, 1111, 16, 6.63%, 0, 1, 3, 27.05
1747839386, 0, 910, 1119, 1111, 16, 6.63%, 0, 1, 3, 27.62
1747839391, 0, 911, 1119, 1111, 16, 6.63%, 0, 1, 3, 23.52
1747839396, 0, 914, 1119, 1111, 16, 6.63%, 0, 1, 3, 21.75
1747839401, 0, 915, 1119, 1111, 16, 6.63%, 0, 1, 3, 25.43
1747839406, 0, 917, 1119, 1111, 16, 6.63%, 0, 1, 3, 26.73
1747839411, 0, 918, 1119, 1111, 16, 6.63%, 0, 1, 3, 22.70
1747839416, 0, 920, 1119, 1111, 16, 6.63%, 0, 1, 3, 21.65
1747839421, 0, 921, 1119, 1111, 16, 6.63%, 0, 1, 3, 24.85
1747839427, 0, 922, 1119, 1111, 16, 6.63%, 0, 1, 3, 24.47
1747839432, 0, 923, 1119, 1111, 16, 6.63%, 0, 1, 3, 25.43
1747839437, 0, 924, 1119, 1111, 16, 6.63%, 0, 1, 3, 24.37
1747839442, 0, 925, 1119, 1111, 16, 6.63%, 0, 1, 3, 21.73
1747839447, 0, 926, 1119, 1111, 16, 6.63%, 0, 1, 3, 21.04
1747839452, 0, 927, 1119, 1111, 16, 6.63%, 0, 1, 3, 21.62
1747839463, 0, 928, 1119, 1111, 16, 6.63%, 0, 1, 3, 21.65
1747839468, 0, 929, 1119, 1111, 16, 6.63%, 0, 1, 3, 24.70
1747839473, 0, 930, 1119, 1111, 16, 6.63%, 0, 1, 3, 27.87
1747839478, 0, 931, 1119, 1111, 16, 6.63%, 0, 1, 3, 24.00
1747839483, 0, 932, 1119, 1111, 16, 6.63%, 0, 1, 3, 25.33
1747839488, 0, 933, 1119, 1111, 16, 6.63%, 0, 1, 3, 22.42
1747839493, 0, 934, 1119, 1111, 16, 6.63%, 0, 1, 3, 22.11
1747839498, 0, 936, 1119, 1111, 16, 6.63%, 0, 1, 3, 21.83
1747839504, 0, 937, 1119, 1111, 16, 6.63%, 0, 1, 3, 22.55
1747839509, 0, 938, 1119, 1111, 16, 6.63%, 0, 1, 3, 26.28
1747839514, 0, 939, 1120, 1112, 16, 6.63%, 0, 1, 3, 23.20
1747839524, 0, 940, 1120, 1112, 16, 6.63%, 0, 1, 3, 22.58
1747839529, 0, 942, 1120, 1112, 16, 6.63%, 0, 1, 3, 24.97
1747839534, 0, 943, 1120, 1112, 16, 6.63%, 0, 1, 3, 23.70
1747839539, 0, 944, 1120, 1112, 16, 6.63%, 0, 1, 3, 25.21
1747839549, 0, 945, 1120, 1112, 16, 6.63%, 0, 1, 3, 26.29
1747839554, 0, 947, 1120, 1112, 16, 6.63%, 0, 1, 3, 26.95
1747839560, 0, 948, 1120, 1112, 16, 6.63%, 0, 1, 3, 26.19
1747839570, 0, 949, 1120, 1112, 16, 6.63%, 0, 1, 3, 22.33
1747839575, 0, 950, 1120, 1112, 16, 6.63%, 0, 1, 3, 25.76
1747839580, 0, 951, 1120, 1112, 16, 6.63%, 0, 1, 3, 23.45
1747839585, 0, 952, 1120, 1112, 16, 6.63%, 0, 1, 3, 25.30
1747839590, 0, 954, 1121, 1113, 16, 6.63%, 0, 1, 3, 22.76
1747839601, 0, 955, 1121, 1113, 16, 6.63%, 0, 1, 3, 24.25
1747839606, 0, 956, 1121, 1113, 16, 6.63%, 0, 1, 3, 23.79
1747839611, 0, 957, 1121, 1113, 16, 6.63%, 0, 1, 3, 24.50
1747839743, 0, 957, 1123, 1115, 16, 6.63%, 0, 1, 3, 20.20
1747845005, 0, 958, 1124, 1115, 15, 6.63%, 0, 1, 3, 13.92
1747845025, 0, 959, 1124, 1115, 15, 6.63%, 0, 1, 3, 12.17
1747845036, 0, 960, 1124, 1115, 15, 6.63%, 0, 1, 3, 12.88
1747845046, 0, 962, 1124, 1115, 15, 6.63%, 0, 1, 3, 12.27
1747845051, 0, 962, 1125, 1116, 15, 6.63%, 0, 1, 3, 11.29
1747845067, 0, 963, 1125, 1116, 15, 6.63%, 0, 1, 3, 14.34
1747845077, 0, 965, 1125, 1116, 15, 6.63%, 0, 1, 3, 15.78
1747845082, 0, 966, 1125, 1116, 15, 6.63%, 0, 1, 3, 15.66
1747845092, 0, 968, 1125, 1116, 15, 6.63%, 0, 1, 3, 15.32
1747845097, 0, 969, 1125, 1116, 15, 6.63%, 0, 1, 3, 15.42
1747845107, 0, 970, 1125, 1116, 15, 6.63%, 0, 1, 3, 16.29
1747845118, 0, 972, 1125, 1116, 15, 6.63%, 0, 1, 3, 15.66
1747845123, 0, 973, 1125, 1116, 15, 6.63%, 0, 1, 3, 15.53
1747845133, 0, 974, 1125, 1116, 15, 6.63%, 0, 1, 3, 15.33
1747845138, 0, 975, 1125, 1116, 15, 6.63%, 0, 1, 3, 15.67
1747845148, 0, 977, 1125, 1116, 15, 6.63%, 0, 1, 3, 13.29
1747845159, 0, 978, 1125, 1116, 15, 6.63%, 0, 1, 3, 14.42
1747845169, 0, 980, 1125, 1116, 15, 6.63%, 0, 1, 3, 15.90
1747845174, 0, 981, 1125, 1116, 15, 6.63%, 0, 1, 3, 15.33
1747845184, 0, 982, 1125, 1116, 15, 6.63%, 0, 1, 3, 15.68
1747845190, 0, 983, 1125, 1116, 15, 6.63%, 0, 1, 3, 15.35
1747845200, 0, 984, 1125, 1116, 15, 6.63%, 0, 1, 3, 13.14
1747845210, 0, 985, 1125, 1116, 15, 6.63%, 0, 1, 3, 15.40
1747845221, 0, 987, 1125, 1116, 15, 6.63%, 0, 1, 3, 15.95
1747845226, 0, 988, 1125, 1116, 15, 6.63%, 0, 1, 3, 15.63
1747845236, 0, 990, 1125, 1116, 15, 6.63%, 0, 1, 3, 13.43
1747845246, 0, 991, 1125, 1116, 15, 6.63%, 0, 1, 3, 14.49
1747845252, 0, 992, 1125, 1116, 15, 6.63%, 0, 1, 3, 15.35
1747845257, 0, 992, 1126, 1117, 15, 6.63%, 0, 1, 3, 13.15
1747845267, 0, 992, 1127, 1118, 15, 6.63%, 0, 1, 3, 12.92
1747845277, 0, 992, 1128, 1119, 15, 6.63%, 0, 1, 3, 12.38
1747845334, 0, 994, 1128, 1119, 15, 6.63%, 0, 1, 3, 14.60
1747845339, 0, 995, 1128, 1119, 15, 6.63%, 0, 1, 3, 15.78
1747845349, 0, 996, 1128, 1119, 15, 6.63%, 0, 1, 3, 14.65
1747845359, 0, 997, 1128, 1119, 15, 6.63%, 0, 1, 3, 14.16
1747845369, 0, 998, 1128, 1119, 15, 6.63%, 0, 1, 3, 15.24
1747845375, 0, 1001, 1128, 1119, 15, 6.63%, 0, 1, 3, 15.52
1747845385, 0, 1002, 1128, 1119, 15, 6.63%, 0, 1, 3, 15.99
1747845390, 0, 1003, 1128, 1119, 15, 6.63%, 0, 1, 3, 15.61
1747845400, 0, 1004, 1129, 1120, 15, 6.63%, 0, 1, 3, 12.76
1747845405, 0, 1004, 1130, 1121, 15, 6.63%, 0, 1, 3, 11.99
1747845441, 0, 1005, 1130, 1121, 15, 6.63%, 0, 1, 3, 13.44
1747845452, 0, 1006, 1130, 1121, 15, 6.63%, 0, 1, 3, 14.33
1747845462, 0, 1007, 1130, 1121, 15, 6.63%, 0, 1, 3, 13.70
1747845472, 0, 1008, 1130, 1121, 15, 6.63%, 0, 1, 3, 14.91
1747845477, 0, 1009, 1130, 1121, 15, 6.63%, 0, 1, 3, 15.33
1747845487, 0, 1011, 1130, 1121, 15, 6.63%, 0, 1, 3, 15.57
1747845492, 0, 1012, 1130, 1121, 15, 6.63%, 0, 1, 3, 16.17
1747845502, 0, 1013, 1130, 1121, 15, 6.63%, 0, 1, 3, 19.73
1747845508, 0, 1014, 1130, 1121, 15, 6.63%, 0, 1, 3, 25.57
1747845513, 0, 1015, 1130, 1121, 15, 6.63%, 0, 1, 3, 23.34
1747845518, 0, 1017, 1130, 1121, 15, 6.63%, 0, 1, 3, 24.54
1747845523, 0, 1019, 1130, 1121, 15, 6.63%, 0, 1, 3, 25.13
1747845528, 0, 1020, 1130, 1121, 15, 6.63%, 0, 1, 3, 24.43
1747845533, 0, 1021, 1130, 1121, 15, 6.63%, 0, 1, 3, 26.23
1747845538, 0, 1023, 1130, 1121, 15, 6.63%, 0, 1, 3, 26.29
1747845543, 0, 1026, 1130, 1121, 15, 6.63%, 0, 1, 3, 26.96
1747845548, 0, 1028, 1130, 1121, 15, 6.63%, 0, 1, 3, 27.53
1747845553, 0, 1029, 1131, 1122, 15, 6.63%, 0, 1, 3, 25.04
1747845559, 0, 1029, 1132, 1123, 15, 6.63%, 0, 1, 3, 23.02
1747845569, 0, 1029, 1133, 1124, 15, 6.63%, 0, 1, 3, 21.97
1747845599, 0, 1030, 1133, 1124, 15, 6.63%, 0, 1, 3, 24.97
1747845604, 0, 1031, 1133, 1124, 15, 6.63%, 0, 1, 3, 26.93
1747845610, 0, 1032, 1133, 1124, 15, 6.63%, 0, 1, 3, 27.61
1747845615, 0, 1034, 1133, 1124, 15, 6.63%, 0, 1, 3, 28.04
1747845620, 0, 1035, 1133, 1124, 15, 6.63%, 0, 1, 3, 26.94
1747845625, 0, 1036, 1133, 1124, 15, 6.63%, 0, 1, 3, 27.02
1747845630, 0, 1037, 1133, 1124, 15, 6.63%, 0, 1, 3, 26.18
1747845641, 0, 1038, 1133, 1124, 15, 6.63%, 0, 1, 3, 14.23
1747845651, 0, 1039, 1133, 1124, 15, 6.63%, 0, 1, 3, 13.04
1747845661, 0, 1040, 1133, 1124, 15, 6.63%, 0, 1, 3, 14.33
1747845667, 0, 1041, 1133, 1124, 15, 6.63%, 0, 1, 3, 15.13
1747845677, 0, 1042, 1133, 1124, 15, 6.63%, 0, 1, 3, 14.90
1747845687, 0, 1043, 1133, 1124, 15, 6.63%, 0, 1, 3, 14.84
1747845692, 0, 1044, 1133, 1124, 15, 6.63%, 0, 1, 3, 14.88
1747845702, 0, 1044, 1134, 1125, 15, 6.63%, 0, 1, 3, 11.65
1747845718, 0, 1045, 1134, 1125, 15, 6.63%, 0, 1, 3, 14.66
1747845723, 0, 1046, 1134, 1125, 15, 6.63%, 0, 1, 3, 14.24
1747845733, 0, 1047, 1134, 1125, 15, 6.63%, 0, 1, 3, 13.39
1747845744, 0, 1048, 1134, 1125, 15, 6.63%, 0, 1, 3, 13.19
1747845754, 0, 1049, 1134, 1125, 15, 6.63%, 0, 1, 3, 14.40
1747845764, 0, 1050, 1135, 1126, 15, 6.63%, 0, 1, 3, 12.86
1747845769, 0, 1050, 1136, 1127, 15, 6.63%, 0, 1, 3, 12.57
1747845795, 0, 1050, 1137, 1128, 15, 6.63%, 0, 1, 3, 11.00
1747845836, 0, 1050, 1138, 1129, 15, 6.63%, 0, 1, 3, 13.11
1747845867, 0, 1050, 1139, 1130, 15, 6.63%, 0, 1, 3, 12.64
1747845893, 0, 1050, 1140, 1131, 15, 6.63%, 0, 1, 3, 13.58
1747845919, 0, 1050, 1141, 1132, 15, 6.63%, 0, 1, 3, 12.48
1747846088, 0, 1051, 1141, 1132, 16, 6.63%, 0, 1, 3, 13.58
1747846099, 0, 1052, 1141, 1132, 16, 6.63%, 0, 1, 3, 15.43
1747846104, 0, 1053, 1141, 1132, 16, 6.63%, 0, 1, 3, 15.42
1747846114, 0, 1054, 1141, 1132, 16, 6.63%, 0, 1, 3, 13.62
1747846125, 0, 1055, 1142, 1133, 16, 6.80%, 0, 1, 3, 11.62
1747846145, 0, 1056, 1142, 1133, 17, 6.80%, 0, 1, 3, 13.62
1747846156, 0, 1057, 1142, 1133, 17, 6.80%, 0, 1, 3, 15.54
1747846161, 0, 1059, 1142, 1133, 17, 6.80%, 0, 1, 3, 15.62
1747846171, 0, 1060, 1142, 1133, 17, 6.80%, 0, 1, 3, 15.95
1747846176, 0, 1061, 1142, 1133, 17, 6.80%, 0, 1, 3, 15.62
1747846186, 0, 1062, 1142, 1133, 17, 6.80%, 0, 1, 3, 15.68
1747846197, 0, 1063, 1142, 1133, 17, 6.80%, 0, 1, 3, 14.59
1747846207, 0, 1064, 1142, 1133, 17, 6.80%, 0, 1, 3, 14.86
1747846212, 0, 1065, 1142, 1133, 17, 6.80%, 0, 1, 3, 15.20
1747846222, 0, 1066, 1142, 1133, 17, 6.80%, 0, 1, 3, 15.53
1747846227, 0, 1067, 1142, 1133, 17, 6.80%, 0, 1, 3, 15.69
1747846238, 0, 1071, 1142, 1133, 17, 6.80%, 0, 1, 3, 16.02
1747846248, 0, 1072, 1142, 1133, 17, 6.80%, 0, 1, 3, 13.15
1747846258, 0, 1073, 1142, 1133, 17, 6.80%, 0, 1, 3, 13.42
1747846263, 0, 1074, 1142, 1133, 17, 6.80%, 0, 1, 3, 13.36
1747846273, 0, 1076, 1142, 1133, 17, 6.80%, 0, 1, 3, 13.28
1747846279, 0, 1076, 1144, 1135, 17, 6.82%, 0, 1, 3, 11.61
1747846305, 0, 1076, 1145, 1136, 17, 6.82%, 0, 1, 3, 12.18
1747846351, 0, 1076, 1146, 1137, 17, 6.82%, 0, 1, 3, 11.41
1747846356, 0, 1076, 1147, 1138, 17, 6.82%, 0, 1, 3, 12.19
1747846361, 0, 1076, 1148, 1139, 17, 6.82%, 0, 1, 3, 10.97
1747846402, 0, 1076, 1149, 1140, 17, 6.82%, 0, 1, 3, 13.73
1747846571, 0, 1076, 1150, 1141, 17, 6.82%, 0, 1, 3, 12.50
1747846602, 0, 1077, 1150, 1141, 18, 6.82%, 0, 1, 3, 13.48
1747846612, 0, 1078, 1150, 1141, 18, 6.82%, 0, 1, 3, 13.27
1747846622, 0, 1079, 1150, 1141, 18, 6.82%, 0, 1, 3, 16.30
1747846627, 0, 1080, 1150, 1141, 18, 6.82%, 0, 1, 3, 15.68
1747846638, 0, 1081, 1151, 1142, 18, 6.82%, 0, 1, 3, 13.21
1747846659, 0, 1082, 1151, 1142, 18, 6.82%, 0, 1, 3, 13.32
1747846669, 0, 1082, 1152, 1143, 18, 6.82%, 0, 1, 3, 12.07
1747846679, 0, 1083, 1152, 1143, 17, 6.82%, 0, 1, 3, 13.04
1747846690, 0, 1084, 1152, 1143, 17, 6.82%, 0, 1, 3, 15.32
1747846700, 0, 1085, 1152, 1143, 17, 6.82%, 0, 1, 3, 15.47
1747846705, 0, 1086, 1152, 1143, 17, 6.82%, 0, 1, 3, 14.15
1747846715, 0, 1087, 1152, 1143, 17, 6.82%, 0, 1, 3, 14.19
1747846726, 0, 1088, 1152, 1143, 17, 6.82%, 0, 1, 3, 15.24
1747846731, 0, 1089, 1152, 1143, 17, 6.82%, 0, 1, 3, 15.21
1747846741, 0, 1090, 1152, 1143, 17, 6.82%, 0, 1, 3, 15.47
1747846751, 0, 1091, 1152, 1143, 17, 6.82%, 0, 1, 3, 15.31
1747846756, 0, 1092, 1152, 1143, 17, 6.82%, 0, 1, 3, 13.45
1747846767, 0, 1094, 1152, 1143, 17, 6.82%, 0, 1, 3, 11.95
1747846772, 0, 1094, 1153, 1144, 17, 6.82%, 0, 1, 3, 12.00
1747846782, 0, 1094, 1154, 1145, 17, 6.84%, 0, 1, 3, 12.27
1747846813, 0, 1095, 1154, 1145, 19, 6.84%, 0, 1, 3, 14.55
1747846818, 0, 1097, 1154, 1145, 19, 6.84%, 0, 1, 3, 15.06
1747846828, 0, 1098, 1154, 1145, 19, 6.84%, 0, 1, 3, 15.51
1747846833, 0, 1100, 1154, 1145, 19, 6.84%, 0, 1, 3, 15.71
1747846843, 0, 1102, 1154, 1145, 19, 6.84%, 0, 1, 3, 15.57
1747846853, 0, 1103, 1154, 1145, 19, 6.84%, 0, 1, 3, 14.81
1747846858, 0, 1104, 1154, 1145, 19, 6.84%, 0, 1, 3, 14.58
1747846869, 0, 1105, 1154, 1145, 19, 6.84%, 0, 1, 3, 16.34
1747846879, 0, 1107, 1154, 1145, 19, 6.84%, 0, 1, 3, 13.96
1747846889, 0, 1109, 1154, 1145, 19, 6.84%, 0, 1, 3, 12.04
1747846899, 0, 1111, 1154, 1145, 19, 6.84%, 0, 1, 3, 14.28
1747846904, 0, 1112, 1154, 1145, 19, 6.84%, 0, 1, 3, 14.86
1747846914, 0, 1113, 1154, 1145, 19, 6.84%, 0, 1, 3, 15.84
1747846920, 0, 1114, 1154, 1145, 19, 6.84%, 0, 1, 3, 15.96
1747846930, 0, 1115, 1154, 1145, 19, 6.84%, 0, 1, 3, 15.59
1747846940, 0, 1116, 1154, 1145, 19, 6.84%, 0, 1, 3, 13.69
1747846945, 0, 1118, 1154, 1145, 19, 6.84%, 0, 1, 3, 13.63
1747846956, 0, 1119, 1154, 1145, 19, 6.84%, 0, 1, 3, 15.72
1747846966, 0, 1120, 1154, 1145, 19, 6.84%, 0, 1, 3, 14.35
1747846976, 0, 1121, 1154, 1145, 19, 6.84%, 0, 1, 3, 14.44
1747846981, 0, 1122, 1154, 1145, 19, 6.84%, 0, 1, 3, 15.71
1747846992, 0, 1123, 1154, 1145, 19, 6.84%, 0, 1, 3, 15.42
1747846997, 0, 1125, 1154, 1145, 19, 6.84%, 0, 1, 3, 15.61
1747847007, 0, 1126, 1155, 1146, 19, 6.84%, 0, 1, 3, 13.27
1747847012, 0, 1126, 1156, 1147, 19, 6.84%, 0, 1, 3, 12.13
1747847017, 0, 1126, 1157, 1148, 19, 6.84%, 0, 1, 3, 11.04
1747847022, 0, 1126, 1158, 1149, 19, 6.84%, 0, 1, 3, 11.80
1747847038, 0, 1126, 1159, 1150, 19, 6.84%, 0, 1, 3, 10.65
1747847043, 0, 1126, 1160, 1151, 19, 6.84%, 0, 1, 3, 11.20
1747847058, 0, 1126, 1161, 1152, 19, 6.84%, 0, 1, 3, 12.62
1747847063, 0, 1126, 1162, 1153, 19, 6.84%, 0, 1, 3, 11.93
1747847074, 0, 1126, 1163, 1154, 19, 6.84%, 0, 1, 3, 11.58
1747847105, 0, 1126, 1164, 1155, 19, 6.85%, 0, 1, 3, 12.54
1747847259, 0, 1126, 1165, 1156, 19, 6.85%, 0, 1, 3, 12.33
1747847341, 0, 1127, 1165, 1156, 20, 6.85%, 0, 1, 3, 14.14
1747847351, 0, 1128, 1165, 1156, 20, 6.85%, 0, 1, 3, 12.72
1747847357, 0, 1128, 1166, 1157, 20, 6.85%, 0, 1, 3, 11.97
1747847367, 0, 1128, 1167, 1158, 20, 6.85%, 0, 1, 3, 12.70
1747847377, 0, 1128, 1169, 1160, 20, 6.85%, 0, 1, 3, 9.66
1747847398, 0, 1128, 1170, 1161, 20, 6.85%, 0, 1, 3, 11.75
1747847453, 0, 1128, 1171, 1162, 20, 6.85%, 0, 1, 3, 10.71
1747847479, 0, 1128, 1172, 1163, 20, 6.85%, 0, 1, 3, 12.20
1747847510, 0, 1128, 1173, 1164, 20, 6.85%, 0, 1, 3, 10.66
1747847525, 0, 1128, 1174, 1165, 20, 6.85%, 0, 1, 3, 11.51
1747847591, 0, 1128, 1175, 1166, 20, 6.85%, 0, 1, 3, 11.74
1747847648, 0, 1128, 1176, 1167, 20, 6.85%, 0, 1, 3, 11.10
1747847699, 0, 1129, 1176, 1167, 20, 6.85%, 0, 1, 3, 13.26
1747847709, 0, 1131, 1176, 1167, 20, 6.85%, 0, 1, 3, 15.34
1747847714, 0, 1132, 1176, 1167, 20, 6.85%, 0, 1, 3, 15.36
1747847725, 0, 1133, 1176, 1167, 20, 6.85%, 0, 1, 3, 13.26
1747847735, 0, 1134, 1176, 1167, 20, 6.85%, 0, 1, 3, 14.29
1747847745, 0, 1135, 1176, 1167, 20, 6.85%, 0, 1, 3, 15.80
1747847750, 0, 1136, 1176, 1167, 20, 6.85%, 0, 1, 3, 14.87
1747847755, 0, 1136, 1177, 1168, 20, 6.85%, 0, 1, 3, 12.01
1747847766, 0, 1136, 1178, 1169, 20, 6.85%, 0, 1, 3, 11.84
1747847796, 0, 1137, 1178, 1169, 20, 6.85%, 0, 1, 3, 13.37
1747847806, 0, 1138, 1178, 1169, 20, 6.85%, 0, 1, 3, 14.55
1747847812, 0, 1139, 1178, 1169, 20, 6.85%, 0, 1, 3, 14.95
1747847822, 0, 1141, 1178, 1169, 20, 6.85%, 0, 1, 3, 12.09
1747847832, 0, 1142, 1178, 1169, 20, 6.85%, 0, 1, 3, 12.84
1747847842, 0, 1143, 1178, 1169, 20, 6.85%, 0, 1, 3, 13.28
1747847853, 0, 1144, 1178, 1169, 20, 6.85%, 0, 1, 3, 15.31
1747847863, 0, 1146, 1178, 1169, 20, 6.85%, 0, 1, 3, 15.42
1747847868, 0, 1148, 1178, 1169, 20, 6.85%, 0, 1, 3, 15.86
1747847878, 0, 1149, 1178, 1169, 20, 6.85%, 0, 1, 3, 16.32
1747847884, 0, 1150, 1179, 1170, 20, 6.85%, 0, 1, 3, 14.97
1747847904, 0, 1151, 1179, 1170, 20, 6.85%, 0, 1, 3, 12.46
1747859451, 0, 1151, 1180, 1171, 20, 6.85%, 0, 1, 4, 11.47
