# unix_time, cycles_done, cur_path, paths_total, pending_total, pending_favs, map_size, unique_crashes, unique_hangs, max_depth, execs_per_sec
1747817456, 0, 0, 1, 1, 1, 3.78%, 0, 0, 1, 55.17
1747817462, 0, 0, 20, 20, 1, 4.84%, 0, 0, 2, 53.06
1747817467, 0, 0, 36, 36, 1, 4.94%, 0, 0, 2, 51.10
1747817472, 0, 0, 50, 50, 1, 4.94%, 0, 0, 2, 48.63
1747817477, 0, 0, 65, 65, 1, 4.95%, 0, 0, 2, 48.16
1747817482, 0, 0, 78, 78, 1, 4.95%, 0, 0, 2, 46.88
1747817487, 0, 0, 93, 93, 1, 4.96%, 0, 0, 2, 68.31
1747817492, 0, 0, 110, 110, 1, 4.96%, 0, 0, 2, 81.95
1747817497, 0, 0, 123, 123, 1, 4.97%, 0, 0, 2, 86.12
1747817502, 0, 0, 135, 135, 1, 4.98%, 0, 0, 2, 87.96
1747817507, 0, 0, 145, 145, 1, 4.98%, 0, 0, 2, 88.46
1747817513, 0, 0, 154, 154, 1, 4.98%, 0, 0, 2, 88.65
1747817518, 0, 0, 161, 161, 1, 4.98%, 0, 0, 2, 82.47
1747817523, 0, 0, 164, 164, 1, 4.98%, 0, 0, 2, 58.81
1747817528, 0, 0, 170, 170, 1, 4.98%, 0, 0, 2, 52.19
1747817533, 0, 0, 176, 176, 1, 4.98%, 0, 0, 2, 50.75
1747817538, 0, 0, 179, 179, 1, 4.98%, 0, 0, 2, 51.89
1747817543, 0, 0, 181, 181, 1, 4.98%, 0, 0, 2, 53.03
1747817548, 0, 0, 185, 185, 1, 4.98%, 0, 0, 2, 52.10
1747817553, 0, 0, 188, 188, 1, 4.98%, 0, 0, 2, 52.94
1747817558, 0, 0, 192, 192, 1, 4.98%, 0, 0, 2, 51.94
1747817563, 0, 0, 194, 194, 1, 4.98%, 0, 0, 2, 53.42
1747817568, 0, 0, 199, 199, 1, 4.98%, 0, 0, 2, 52.57
1747817573, 0, 0, 202, 202, 1, 4.98%, 0, 0, 2, 52.12
1747817578, 0, 0, 205, 205, 1, 4.98%, 0, 0, 2, 52.70
1747817583, 0, 0, 207, 207, 1, 4.98%, 0, 0, 2, 53.05
1747817588, 0, 0, 210, 210, 1, 4.98%, 0, 0, 2, 53.21
1747817593, 0, 0, 212, 212, 1, 4.98%, 0, 0, 2, 53.08
1747817598, 0, 0, 213, 213, 1, 4.98%, 0, 0, 2, 53.98
1747817603, 0, 0, 216, 216, 1, 4.98%, 0, 0, 2, 52.94
1747817609, 0, 0, 217, 217, 1, 4.98%, 0, 0, 2, 53.05
1747817614, 0, 0, 219, 219, 1, 4.98%, 0, 0, 2, 52.93
1747817624, 0, 0, 220, 220, 1, 4.98%, 0, 0, 2, 53.33
1747817629, 0, 0, 222, 222, 1, 4.98%, 0, 0, 2, 53.62
1747817639, 0, 0, 224, 224, 1, 4.98%, 0, 0, 2, 53.57
1747817644, 0, 0, 226, 226, 1, 4.98%, 0, 0, 2, 53.56
1747817654, 0, 0, 228, 228, 1, 4.98%, 0, 0, 2, 54.53
1747817659, 0, 0, 229, 229, 1, 4.98%, 0, 0, 2, 53.63
1747817664, 0, 0, 231, 231, 1, 4.98%, 0, 0, 2, 53.52
1747817669, 0, 0, 232, 232, 1, 4.98%, 0, 0, 2, 53.84
1747817680, 0, 0, 234, 234, 1, 4.98%, 0, 0, 2, 52.84
1747817685, 0, 0, 235, 235, 1, 4.98%, 0, 0, 2, 54.36
1747817690, 0, 0, 238, 238, 1, 4.98%, 0, 0, 2, 75.59
1747817695, 0, 0, 240, 240, 1, 4.98%, 0, 0, 2, 88.06
1747817700, 0, 0, 245, 245, 1, 4.98%, 0, 0, 2, 88.16
1747817705, 0, 0, 247, 247, 1, 4.98%, 0, 0, 2, 92.12
1747817710, 0, 0, 248, 248, 1, 4.98%, 0, 0, 2, 92.70
1747817715, 0, 0, 249, 249, 1, 4.98%, 0, 0, 2, 91.55
1747817721, 0, 0, 251, 251, 1, 5.00%, 0, 0, 2, 90.61
1747817726, 0, 0, 253, 253, 1, 5.00%, 0, 0, 2, 92.11
1747817731, 0, 0, 256, 256, 1, 5.00%, 0, 0, 2, 90.38
1747817741, 0, 0, 258, 258, 1, 5.00%, 0, 0, 2, 91.80
1747817746, 0, 1, 270, 269, 9, 5.01%, 0, 0, 2, 75.68
1747817751, 0, 1, 293, 292, 9, 5.03%, 0, 0, 2, 57.66
1747817756, 0, 1, 311, 310, 9, 5.03%, 0, 0, 2, 53.32
1747817761, 0, 1, 323, 322, 9, 5.04%, 0, 0, 2, 53.02
1747817767, 0, 1, 333, 332, 9, 5.04%, 0, 0, 2, 52.22
1747817772, 0, 1, 344, 343, 9, 5.04%, 0, 0, 2, 51.19
1747817777, 0, 1, 350, 349, 9, 5.04%, 0, 0, 2, 52.88
1747817782, 0, 1, 356, 355, 9, 5.05%, 0, 0, 2, 53.18
1747817787, 0, 1, 359, 358, 9, 5.06%, 0, 0, 2, 54.00
1747817792, 0, 1, 362, 361, 9, 5.06%, 0, 0, 2, 53.36
1747817797, 0, 1, 368, 367, 9, 5.07%, 0, 0, 2, 53.31
1747817802, 0, 1, 370, 369, 9, 5.07%, 0, 0, 2, 53.60
1747817807, 0, 1, 371, 370, 9, 5.07%, 0, 0, 2, 54.46
1747817812, 0, 1, 375, 374, 9, 5.07%, 0, 0, 2, 54.07
1747817817, 0, 1, 377, 376, 9, 5.07%, 0, 0, 2, 54.87
1747817827, 0, 1, 385, 384, 9, 5.07%, 0, 0, 2, 53.11
1747817833, 0, 1, 389, 388, 9, 5.07%, 0, 0, 2, 53.57
1747817838, 0, 1, 390, 389, 9, 5.07%, 0, 0, 2, 54.82
1747817843, 0, 2, 391, 390, 12, 5.07%, 0, 0, 2, 74.92
1747817848, 0, 3, 396, 394, 11, 5.07%, 0, 0, 3, 75.79
1747817853, 0, 3, 417, 415, 11, 5.90%, 0, 0, 3, 47.94
1747817858, 0, 3, 432, 430, 11, 5.90%, 0, 0, 3, 42.29
1747817863, 0, 3, 445, 443, 11, 5.90%, 0, 0, 3, 40.66
1747817868, 0, 3, 455, 453, 11, 5.91%, 0, 0, 3, 41.15
1747817873, 0, 3, 463, 461, 11, 5.91%, 0, 0, 3, 40.69
1747817879, 0, 3, 477, 475, 11, 5.92%, 0, 0, 3, 41.11
1747817884, 0, 3, 487, 485, 11, 5.92%, 0, 0, 3, 40.38
1747817889, 0, 3, 497, 495, 11, 5.92%, 0, 0, 3, 40.13
1747817894, 0, 3, 506, 504, 11, 5.92%, 0, 0, 3, 40.13
1747817899, 0, 3, 513, 511, 11, 5.92%, 0, 0, 3, 40.90
1747817904, 0, 3, 521, 519, 11, 5.92%, 0, 0, 3, 40.74
1747817909, 0, 3, 531, 529, 11, 6.19%, 0, 0, 3, 39.29
1747817914, 0, 3, 538, 536, 11, 6.19%, 0, 0, 3, 41.32
1747817919, 0, 3, 543, 541, 11, 6.19%, 0, 0, 3, 40.77
1747817925, 0, 3, 548, 546, 11, 6.19%, 0, 0, 3, 41.28
1747817930, 0, 3, 550, 548, 11, 6.19%, 0, 0, 3, 42.04
1747817935, 0, 3, 554, 552, 11, 6.19%, 0, 0, 3, 41.30
1747817940, 0, 3, 558, 556, 11, 6.22%, 0, 0, 3, 40.63
1747817945, 0, 3, 562, 560, 11, 6.23%, 0, 0, 3, 40.98
1747817950, 0, 3, 564, 562, 11, 6.23%, 0, 0, 3, 41.34
1747817955, 0, 3, 568, 566, 11, 6.23%, 0, 0, 3, 41.48
1747817960, 0, 3, 570, 568, 11, 6.23%, 0, 0, 3, 41.94
1747817965, 0, 3, 571, 569, 11, 6.23%, 0, 0, 3, 41.91
1747817970, 0, 3, 572, 570, 11, 6.23%, 0, 0, 3, 42.06
1747817975, 0, 3, 573, 571, 11, 6.23%, 0, 0, 3, 41.73
1747817986, 0, 4, 584, 582, 10, 6.37%, 0, 0, 3, 35.61
1747817991, 0, 4, 599, 597, 10, 6.37%, 0, 0, 3, 32.31
1747817996, 0, 4, 612, 610, 10, 6.47%, 0, 0, 3, 31.66
1747818001, 0, 4, 624, 622, 10, 6.63%, 0, 0, 3, 31.68
1747818006, 0, 4, 636, 634, 10, 6.65%, 0, 0, 3, 31.38
1747818011, 0, 4, 645, 643, 10, 6.89%, 0, 0, 3, 31.53
1747818016, 0, 4, 652, 650, 10, 6.89%, 0, 0, 3, 32.04
1747818021, 0, 4, 661, 659, 10, 6.96%, 0, 0, 3, 30.98
1747818027, 0, 4, 667, 665, 10, 6.96%, 0, 0, 3, 32.11
1747818032, 0, 4, 673, 671, 10, 6.97%, 0, 0, 3, 31.43
1747818037, 0, 4, 679, 677, 10, 6.97%, 0, 0, 3, 31.82
1747818042, 0, 4, 685, 683, 10, 6.97%, 0, 0, 3, 32.42
1747818047, 0, 4, 688, 686, 10, 6.97%, 0, 0, 3, 32.29
1747818052, 0, 4, 692, 690, 10, 6.98%, 0, 0, 3, 32.38
1747818057, 0, 4, 697, 695, 10, 6.98%, 0, 0, 3, 31.55
1747818062, 0, 4, 699, 697, 10, 6.98%, 0, 0, 3, 32.51
1747818067, 0, 4, 701, 699, 10, 6.98%, 0, 0, 3, 32.45
1747818073, 0, 4, 704, 702, 10, 6.98%, 0, 0, 3, 32.44
1747818083, 0, 4, 705, 703, 10, 6.98%, 0, 0, 3, 32.56
1747818088, 0, 4, 708, 706, 10, 6.98%, 0, 0, 3, 32.69
1747818098, 0, 4, 709, 707, 10, 6.98%, 0, 0, 3, 32.07
1747818103, 0, 4, 711, 709, 10, 6.98%, 0, 0, 3, 32.39
1747818108, 0, 4, 712, 710, 10, 6.98%, 0, 0, 3, 32.66
1747818113, 0, 4, 714, 712, 10, 6.98%, 0, 0, 3, 32.72
1747818118, 0, 4, 715, 713, 10, 6.98%, 0, 0, 3, 32.84
1747818129, 0, 4, 716, 714, 10, 6.98%, 0, 0, 3, 32.72
1747818144, 0, 4, 717, 715, 10, 6.99%, 0, 0, 3, 32.83
1747818149, 0, 5, 726, 724, 17, 6.99%, 0, 0, 3, 28.39
1747818154, 0, 5, 735, 733, 17, 7.01%, 0, 0, 3, 26.90
1747818159, 0, 5, 743, 741, 17, 7.03%, 0, 0, 3, 26.66
1747818164, 0, 5, 749, 747, 17, 7.03%, 0, 0, 3, 27.36
1747818170, 0, 5, 756, 754, 17, 7.03%, 0, 0, 3, 27.26
1747818175, 0, 5, 762, 760, 17, 7.03%, 0, 0, 3, 27.60
1747818180, 0, 5, 764, 762, 17, 7.03%, 0, 0, 3, 27.66
1747818185, 0, 5, 769, 767, 17, 7.11%, 0, 0, 3, 27.13
1747818190, 0, 5, 775, 773, 17, 7.11%, 0, 0, 3, 27.29
1747818195, 0, 5, 780, 778, 17, 7.11%, 0, 0, 3, 27.11
1747818200, 0, 5, 784, 782, 17, 7.11%, 0, 0, 3, 27.70
1747818205, 0, 5, 788, 786, 17, 7.15%, 0, 0, 3, 27.90
1747818211, 0, 5, 790, 788, 17, 7.15%, 0, 0, 3, 23.34
1747818216, 0, 5, 791, 789, 17, 7.15%, 0, 0, 3, 17.84
1747818221, 0, 5, 792, 790, 17, 7.15%, 0, 0, 3, 16.41
1747818226, 0, 5, 795, 793, 17, 7.15%, 0, 0, 3, 15.58
1747818231, 0, 5, 798, 796, 17, 7.15%, 0, 0, 3, 15.63
1747818236, 0, 5, 799, 797, 17, 7.15%, 0, 0, 3, 15.76
1747818241, 0, 5, 801, 799, 17, 7.15%, 0, 0, 3, 15.51
1747818247, 0, 5, 802, 800, 17, 7.15%, 0, 0, 3, 15.91
1747818252, 0, 5, 803, 801, 17, 7.15%, 0, 0, 3, 16.06
1747818257, 0, 5, 805, 803, 17, 7.15%, 0, 0, 3, 15.91
1747818262, 0, 5, 806, 804, 17, 7.15%, 0, 0, 3, 15.97
1747818267, 0, 5, 807, 805, 17, 7.15%, 0, 0, 3, 15.87
1747818272, 0, 5, 808, 806, 17, 7.15%, 0, 0, 3, 15.93
1747818277, 0, 5, 810, 808, 17, 7.15%, 0, 0, 3, 15.72
1747818282, 0, 5, 812, 810, 17, 7.15%, 0, 0, 3, 15.82
1747818298, 0, 5, 813, 811, 17, 7.15%, 0, 0, 3, 15.93
1747818303, 0, 5, 814, 812, 17, 7.15%, 0, 0, 3, 15.86
1747818313, 0, 5, 815, 813, 17, 7.15%, 0, 0, 3, 24.51
1747818323, 0, 5, 816, 814, 17, 7.15%, 0, 0, 3, 27.76
1747818334, 0, 5, 817, 815, 17, 7.15%, 0, 0, 3, 27.66
1747818339, 0, 5, 818, 816, 17, 7.15%, 0, 0, 3, 27.74
1747818344, 0, 5, 819, 817, 17, 7.15%, 0, 0, 3, 27.51
1747818349, 0, 5, 820, 818, 17, 7.15%, 0, 0, 3, 27.86
1747818365, 0, 5, 822, 820, 17, 7.15%, 0, 0, 3, 27.72
1747818370, 0, 8, 826, 824, 17, 7.15%, 0, 0, 3, 26.00
1747818375, 0, 8, 834, 832, 17, 7.15%, 0, 0, 3, 24.78
1747818380, 0, 8, 838, 836, 17, 7.15%, 0, 0, 3, 25.59
1747818385, 0, 8, 845, 843, 17, 7.17%, 0, 0, 3, 25.38
1747818390, 0, 8, 850, 848, 17, 7.18%, 0, 0, 3, 25.56
1747818395, 0, 8, 854, 852, 17, 7.18%, 0, 0, 3, 25.93
1747818400, 0, 8, 855, 853, 17, 7.18%, 0, 0, 3, 26.12
1747818405, 0, 8, 858, 856, 17, 7.20%, 0, 0, 3, 25.62
1747818410, 0, 8, 860, 858, 17, 7.20%, 0, 0, 3, 25.57
1747818416, 0, 8, 862, 860, 17, 7.20%, 0, 0, 3, 25.69
1747818421, 0, 8, 864, 862, 17, 7.20%, 0, 0, 3, 25.16
1747818426, 0, 8, 865, 863, 17, 7.20%, 0, 0, 3, 25.65
1747818436, 0, 8, 867, 865, 17, 7.20%, 0, 0, 3, 25.31
1747818441, 0, 8, 869, 867, 17, 7.20%, 0, 0, 3, 24.94
1747818452, 0, 8, 871, 869, 17, 7.20%, 0, 0, 3, 24.82
1747818462, 0, 8, 875, 873, 17, 7.20%, 0, 0, 3, 25.62
1747818467, 0, 8, 877, 875, 17, 7.20%, 0, 0, 3, 25.55
1747818472, 0, 8, 880, 878, 17, 7.39%, 0, 0, 3, 25.15
1747818477, 0, 8, 881, 879, 17, 7.39%, 0, 0, 3, 25.59
1747818487, 0, 8, 884, 882, 17, 7.39%, 0, 0, 3, 25.38
1747818498, 0, 8, 886, 884, 17, 7.39%, 0, 0, 3, 24.61
1747818508, 0, 8, 887, 885, 17, 7.39%, 0, 0, 3, 26.25
1747818518, 0, 8, 889, 887, 17, 7.39%, 0, 0, 3, 25.76
1747818524, 0, 8, 891, 889, 17, 7.39%, 0, 0, 3, 25.26
1747818529, 0, 8, 893, 891, 17, 7.39%, 0, 0, 3, 25.22
1747818544, 0, 8, 895, 893, 17, 7.39%, 0, 0, 3, 25.66
1747818554, 0, 9, 895, 893, 22, 7.39%, 0, 0, 3, 62.47
1747818661, 0, 11, 896, 893, 22, 7.39%, 0, 0, 3, 27.00
1747818666, 0, 11, 897, 894, 22, 7.39%, 0, 0, 3, 17.67
1747818676, 0, 11, 899, 896, 22, 7.39%, 0, 0, 3, 14.85
1747818681, 0, 11, 900, 897, 22, 7.39%, 0, 0, 3, 14.69
1747818702, 0, 11, 902, 899, 22, 7.39%, 0, 0, 3, 14.49
1747818707, 0, 11, 903, 900, 22, 7.39%, 0, 0, 3, 14.64
1747818722, 0, 11, 904, 901, 22, 7.39%, 0, 0, 3, 14.81
1747818727, 0, 11, 905, 902, 22, 7.39%, 0, 0, 3, 14.62
1747818738, 0, 11, 906, 903, 22, 7.39%, 0, 0, 3, 14.77
1747818759, 0, 11, 907, 904, 22, 7.44%, 0, 0, 3, 14.82
1747818774, 0, 11, 908, 905, 22, 7.44%, 0, 0, 3, 14.80
1747818810, 0, 11, 910, 907, 22, 7.44%, 0, 0, 3, 14.84
1747818815, 0, 11, 911, 908, 22, 7.44%, 0, 0, 3, 14.84
1747818825, 0, 11, 912, 909, 22, 7.44%, 0, 0, 3, 14.75
1747818835, 0, 11, 913, 910, 22, 7.44%, 0, 0, 3, 15.14
1747818876, 0, 11, 914, 911, 22, 7.44%, 0, 0, 3, 14.70
1747818892, 0, 11, 915, 912, 22, 7.44%, 0, 0, 3, 14.98
1747818897, 0, 11, 916, 913, 22, 7.44%, 0, 0, 3, 15.02
1747818907, 0, 11, 917, 914, 22, 7.44%, 0, 0, 3, 14.90
1747818927, 0, 11, 919, 916, 22, 7.44%, 0, 0, 3, 14.99
1747818943, 0, 11, 920, 917, 22, 7.44%, 0, 0, 3, 14.95
1747818948, 0, 13, 921, 918, 24, 7.44%, 0, 0, 3, 15.04
1747818958, 0, 13, 922, 919, 24, 7.44%, 0, 0, 3, 14.79
1747818974, 0, 13, 923, 920, 24, 7.44%, 0, 0, 3, 14.93
1747818989, 0, 13, 925, 922, 24, 7.44%, 0, 0, 3, 14.45
1747819010, 0, 13, 926, 923, 24, 7.44%, 0, 0, 3, 14.76
1747819015, 0, 13, 927, 924, 24, 7.44%, 0, 0, 3, 14.76
1747819061, 0, 13, 928, 925, 24, 7.44%, 0, 0, 3, 14.80
1747819076, 0, 13, 929, 926, 24, 7.44%, 0, 0, 3, 14.83
1747819086, 0, 13, 930, 927, 24, 7.44%, 0, 0, 3, 14.94
1747819102, 0, 13, 931, 928, 24, 7.44%, 0, 0, 3, 15.01
1747819112, 0, 13, 932, 929, 24, 7.44%, 0, 0, 3, 14.75
1747819117, 0, 13, 933, 930, 24, 7.44%, 0, 0, 3, 18.77
1747819148, 0, 13, 934, 931, 24, 7.44%, 0, 0, 3, 24.90
1747819163, 0, 13, 935, 932, 24, 7.44%, 0, 0, 3, 24.11
1747819174, 0, 13, 936, 933, 24, 7.44%, 0, 0, 3, 25.11
1747819184, 0, 14, 937, 934, 24, 7.44%, 0, 0, 3, 24.34
1747819189, 0, 16, 938, 935, 24, 7.44%, 0, 0, 3, 23.62
1747819194, 0, 16, 943, 940, 24, 7.48%, 0, 0, 3, 23.50
1747819199, 0, 16, 946, 943, 24, 7.48%, 0, 0, 3, 24.23
1747819205, 0, 16, 949, 946, 24, 7.48%, 0, 0, 3, 24.84
1747819210, 0, 16, 951, 948, 24, 7.49%, 0, 0, 3, 24.59
1747819215, 0, 16, 953, 950, 24, 7.49%, 0, 0, 3, 22.65
1747819220, 0, 16, 955, 952, 24, 7.49%, 0, 0, 3, 23.68
1747819225, 0, 16, 956, 953, 24, 7.49%, 0, 0, 3, 24.13
1747819230, 0, 16, 959, 956, 24, 7.49%, 0, 0, 3, 23.06
1747819251, 0, 16, 963, 960, 24, 7.65%, 0, 0, 3, 23.78
1747819261, 0, 16, 964, 961, 24, 7.65%, 0, 0, 3, 23.98
1747819266, 0, 16, 965, 962, 24, 7.65%, 0, 0, 3, 23.74
1747819271, 0, 16, 966, 963, 24, 7.65%, 0, 0, 3, 24.34
1747819276, 0, 16, 968, 965, 24, 7.65%, 0, 0, 3, 24.21
1747819281, 0, 16, 969, 966, 24, 7.65%, 0, 0, 3, 24.52
1747819286, 0, 16, 970, 967, 24, 7.65%, 0, 0, 3, 24.76
1747819317, 0, 16, 971, 968, 24, 7.65%, 0, 0, 3, 24.76
1747819327, 0, 16, 972, 969, 24, 7.65%, 0, 0, 3, 24.28
1747819337, 0, 16, 974, 971, 24, 7.65%, 0, 0, 3, 24.35
1747819342, 0, 16, 975, 972, 24, 7.65%, 0, 0, 3, 24.08
1747819347, 0, 16, 976, 973, 24, 7.65%, 0, 0, 3, 23.31
1747819373, 0, 18, 977, 974, 25, 7.65%, 0, 0, 3, 23.98
1747819378, 0, 18, 978, 975, 25, 7.65%, 0, 0, 3, 24.15
1747819383, 0, 18, 979, 976, 25, 7.65%, 0, 0, 3, 24.25
1747819398, 0, 18, 980, 977, 25, 7.65%, 0, 0, 3, 24.41
1747819460, 0, 20, 980, 977, 25, 7.65%, 0, 0, 3, 24.85
1747819465, 0, 21, 981, 978, 25, 7.66%, 0, 0, 3, 24.30
1747819470, 0, 21, 982, 979, 25, 7.66%, 0, 0, 3, 23.80
1747819485, 0, 22, 982, 979, 26, 7.66%, 0, 0, 3, 24.23
1747819490, 0, 24, 983, 980, 26, 7.66%, 0, 0, 3, 23.68
1747819495, 0, 24, 987, 984, 26, 7.66%, 0, 0, 3, 22.33
1747819505, 0, 24, 988, 985, 26, 7.66%, 0, 0, 3, 24.60
1747819516, 0, 24, 989, 986, 26, 7.66%, 0, 0, 3, 24.12
1747819531, 0, 24, 990, 987, 26, 7.66%, 0, 0, 3, 23.56
1747819546, 0, 24, 991, 988, 26, 7.66%, 0, 0, 3, 24.18
1747819551, 0, 24, 993, 990, 26, 7.66%, 0, 0, 3, 24.54
1747819561, 0, 24, 994, 991, 26, 7.66%, 0, 0, 3, 24.23
1747819572, 0, 24, 995, 992, 26, 7.66%, 0, 0, 3, 24.03
1747819577, 0, 24, 996, 993, 26, 7.66%, 0, 0, 3, 23.67
1747819582, 0, 24, 997, 994, 26, 7.66%, 0, 0, 3, 24.24
1747819597, 0, 24, 998, 995, 26, 7.66%, 0, 0, 3, 23.53
1747819607, 0, 24, 999, 996, 26, 7.66%, 0, 0, 3, 23.94
1747819643, 0, 24, 1000, 997, 26, 7.66%, 0, 0, 3, 24.58
1747819653, 0, 24, 1001, 998, 26, 7.66%, 0, 0, 3, 22.54
1747819668, 0, 25, 1001, 998, 27, 7.66%, 0, 0, 3, 24.35
1747819673, 0, 26, 1001, 998, 27, 7.66%, 0, 0, 3, 24.28
1747819678, 0, 28, 1001, 998, 27, 7.66%, 0, 0, 3, 24.56
1747819684, 0, 29, 1001, 998, 27, 7.66%, 0, 0, 3, 23.92
1747819689, 0, 30, 1001, 998, 27, 7.66%, 0, 0, 3, 24.43
1747819694, 0, 32, 1001, 998, 27, 7.66%, 0, 0, 3, 24.60
1747819699, 0, 33, 1001, 998, 27, 7.66%, 0, 0, 3, 24.27
1747819704, 0, 34, 1002, 999, 27, 7.66%, 0, 0, 3, 24.61
1747819714, 0, 35, 1002, 999, 27, 7.66%, 0, 0, 3, 22.84
1747819720, 0, 36, 1002, 999, 27, 7.66%, 0, 0, 3, 24.34
1747819725, 0, 36, 1004, 1001, 27, 7.66%, 0, 0, 3, 24.50
1747819740, 0, 37, 1005, 1002, 27, 7.66%, 0, 0, 3, 24.55
1747819750, 0, 38, 1006, 1003, 27, 7.66%, 0, 0, 3, 24.59
1747819761, 0, 39, 1006, 1003, 27, 7.66%, 0, 0, 3, 23.75
1747819771, 0, 40, 1006, 1003, 27, 7.66%, 0, 0, 3, 21.90
1747819776, 0, 41, 1006, 1003, 27, 7.66%, 0, 0, 3, 22.62
1747819781, 0, 42, 1006, 1003, 27, 7.66%, 0, 0, 3, 23.96
1747819786, 0, 43, 1006, 1003, 27, 7.66%, 0, 0, 3, 24.25
1747819791, 0, 45, 1007, 1004, 27, 7.66%, 0, 0, 3, 23.98
1747819796, 0, 45, 1008, 1005, 27, 7.66%, 0, 0, 3, 23.98
1747819802, 0, 45, 1010, 1007, 27, 7.66%, 0, 0, 3, 23.82
1747819812, 0, 45, 1011, 1008, 27, 7.66%, 0, 0, 3, 23.94
1747819837, 0, 45, 1013, 1010, 27, 7.66%, 0, 0, 3, 23.61
1747819852, 0, 45, 1015, 1012, 27, 7.66%, 0, 0, 3, 23.30
1747819873, 0, 45, 1016, 1013, 27, 7.66%, 0, 0, 3, 24.83
1747819883, 0, 45, 1017, 1014, 27, 7.66%, 0, 0, 3, 24.38
1747819898, 0, 45, 1018, 1015, 27, 7.66%, 0, 0, 3, 24.40
1747819904, 0, 45, 1019, 1016, 27, 7.66%, 0, 0, 3, 24.45
1747819909, 0, 45, 1020, 1017, 27, 7.66%, 0, 0, 3, 24.31
1747819919, 0, 45, 1022, 1019, 27, 7.66%, 0, 0, 3, 24.23
1747819939, 0, 45, 1023, 1020, 27, 7.66%, 0, 0, 3, 24.31
1747819944, 0, 45, 1024, 1021, 27, 7.66%, 0, 0, 3, 23.90
1747819965, 0, 46, 1024, 1021, 27, 7.66%, 0, 0, 3, 23.42
1747819970, 0, 47, 1025, 1022, 27, 7.66%, 0, 0, 3, 23.72
1747819980, 0, 48, 1025, 1022, 28, 7.66%, 0, 0, 3, 24.03
1747819985, 0, 49, 1025, 1022, 28, 7.66%, 0, 0, 3, 24.46
1747819990, 0, 50, 1025, 1022, 28, 7.66%, 0, 0, 3, 24.84
1747819995, 0, 51, 1025, 1022, 28, 7.66%, 0, 0, 3, 24.28
1747820000, 0, 53, 1025, 1022, 28, 7.66%, 0, 0, 3, 24.43
1747820006, 0, 54, 1025, 1022, 28, 7.66%, 0, 0, 3, 24.38
1747820011, 0, 54, 1026, 1023, 28, 7.66%, 0, 0, 3, 23.72
1747820021, 0, 57, 1026, 1023, 28, 7.66%, 0, 0, 3, 23.88
1747820026, 0, 58, 1027, 1024, 28, 7.66%, 0, 0, 3, 24.77
1747820036, 0, 59, 1027, 1024, 28, 7.66%, 0, 0, 3, 24.11
1747820041, 0, 59, 1029, 1026, 28, 7.66%, 0, 0, 3, 23.76
1747820046, 0, 59, 1030, 1027, 28, 7.66%, 0, 0, 3, 23.90
1747820052, 0, 59, 1031, 1028, 28, 7.66%, 0, 0, 3, 23.54
1747820057, 0, 59, 1033, 1030, 28, 7.69%, 0, 0, 3, 23.27
1747820062, 0, 59, 1034, 1031, 28, 7.71%, 0, 0, 3, 23.02
1747820072, 0, 59, 1035, 1032, 28, 7.71%, 0, 0, 3, 23.44
1747820077, 0, 59, 1036, 1033, 28, 7.71%, 0, 0, 3, 23.61
1747820082, 0, 59, 1037, 1034, 28, 7.72%, 0, 0, 3, 23.28
1747820097, 0, 59, 1039, 1036, 28, 7.72%, 0, 0, 3, 22.26
1747820112, 0, 59, 1041, 1038, 28, 7.72%, 0, 0, 3, 23.81
1747820128, 0, 59, 1043, 1040, 28, 7.85%, 0, 0, 3, 22.60
1747820153, 0, 59, 1044, 1041, 28, 7.85%, 0, 0, 3, 23.90
1747820158, 0, 59, 1045, 1042, 28, 7.85%, 0, 0, 3, 24.12
1747820163, 0, 59, 1046, 1043, 28, 7.85%, 0, 0, 3, 23.70
1747820174, 0, 59, 1048, 1045, 28, 7.85%, 0, 0, 3, 23.33
1747820179, 0, 59, 1049, 1046, 28, 7.85%, 0, 0, 3, 23.82
1747820194, 0, 59, 1050, 1047, 28, 7.85%, 0, 0, 3, 23.15
1747820209, 0, 59, 1051, 1048, 28, 7.85%, 0, 0, 3, 23.80
1747820219, 0, 60, 1051, 1048, 27, 7.85%, 0, 0, 3, 24.02
1747820224, 0, 61, 1051, 1048, 27, 7.85%, 0, 0, 3, 24.22
1747820229, 0, 63, 1051, 1048, 27, 7.85%, 0, 0, 3, 24.49
1747820235, 0, 64, 1051, 1048, 27, 7.85%, 0, 0, 3, 24.36
1747820240, 0, 66, 1051, 1048, 27, 7.85%, 0, 0, 3, 24.60
1747820245, 0, 67, 1051, 1048, 27, 7.85%, 0, 0, 3, 24.63
1747820250, 0, 68, 1051, 1048, 27, 7.85%, 0, 0, 3, 24.64
1747820255, 0, 69, 1051, 1048, 27, 7.85%, 0, 0, 3, 24.59
1747820260, 0, 71, 1051, 1048, 27, 7.85%, 0, 0, 3, 24.44
1747820265, 0, 72, 1051, 1048, 27, 7.85%, 0, 0, 3, 24.21
1747820270, 0, 76, 1051, 1048, 27, 7.85%, 0, 0, 3, 23.05
1747820276, 0, 76, 1052, 1049, 27, 7.85%, 0, 0, 3, 16.19
1747820291, 0, 78, 1052, 1049, 27, 7.85%, 0, 0, 3, 14.49
1747820296, 0, 79, 1052, 1049, 27, 7.85%, 0, 0, 3, 14.16
1747820306, 0, 80, 1052, 1049, 27, 7.85%, 0, 0, 3, 14.13
1747820316, 0, 82, 1052, 1049, 27, 7.85%, 0, 0, 3, 14.31
1747820327, 0, 83, 1052, 1049, 27, 7.85%, 0, 0, 3, 16.93
1747820332, 0, 85, 1052, 1049, 27, 7.85%, 0, 0, 3, 23.05
1747820337, 0, 86, 1052, 1049, 27, 7.85%, 0, 0, 3, 24.69
1747820342, 0, 87, 1054, 1051, 27, 7.85%, 0, 0, 3, 24.41
1747820352, 0, 87, 1055, 1052, 27, 8.00%, 0, 0, 3, 23.74
1747820368, 0, 87, 1056, 1053, 27, 8.00%, 0, 0, 3, 23.33
1747820383, 0, 87, 1057, 1054, 27, 8.00%, 0, 0, 3, 23.31
1747820403, 0, 87, 1059, 1056, 27, 8.03%, 0, 0, 3, 23.52
1747820418, 0, 87, 1060, 1057, 27, 8.03%, 0, 0, 3, 23.55
1747820439, 0, 87, 1061, 1058, 27, 8.03%, 0, 0, 3, 24.03
1747820449, 0, 87, 1063, 1060, 27, 8.03%, 0, 0, 3, 22.93
1747820459, 0, 87, 1064, 1061, 27, 8.03%, 0, 0, 3, 23.22
1747820464, 0, 87, 1066, 1063, 27, 8.03%, 0, 0, 3, 23.20
1747820469, 0, 87, 1067, 1064, 27, 8.03%, 0, 0, 3, 23.79
1747820500, 0, 87, 1068, 1065, 27, 8.03%, 0, 0, 3, 23.77
1747820510, 0, 87, 1069, 1066, 27, 8.04%, 0, 0, 3, 23.39
1747820520, 0, 89, 1069, 1066, 27, 8.04%, 0, 0, 3, 24.25
1747820525, 0, 90, 1069, 1066, 27, 8.04%, 0, 0, 3, 24.04
1747820530, 0, 91, 1069, 1066, 27, 8.04%, 0, 0, 3, 23.73
1747820535, 0, 93, 1069, 1066, 27, 8.04%, 0, 0, 3, 23.86
1747820541, 0, 94, 1069, 1066, 27, 8.04%, 0, 0, 3, 23.83
1747820546, 0, 95, 1070, 1067, 27, 8.04%, 0, 0, 3, 23.54
1747820556, 0, 95, 1071, 1068, 27, 8.04%, 0, 0, 3, 23.43
1747820571, 0, 95, 1073, 1070, 27, 8.04%, 0, 0, 3, 23.47
1747820591, 0, 95, 1074, 1071, 27, 8.04%, 0, 0, 3, 23.07
1747820596, 0, 95, 1075, 1072, 27, 8.04%, 0, 0, 3, 22.32
1747820602, 0, 95, 1076, 1073, 27, 8.04%, 0, 0, 3, 22.70
1747820617, 0, 95, 1077, 1074, 27, 8.04%, 0, 0, 3, 22.32
1747820627, 0, 95, 1078, 1075, 27, 8.04%, 0, 0, 3, 22.13
1747820632, 0, 95, 1079, 1076, 27, 8.04%, 0, 0, 3, 23.27
1747820643, 0, 95, 1080, 1077, 27, 8.05%, 0, 0, 3, 23.55
1747820653, 0, 95, 1081, 1078, 27, 8.05%, 0, 0, 3, 22.80
1747820658, 0, 95, 1082, 1079, 27, 8.05%, 0, 0, 3, 23.32
1747820663, 0, 95, 1083, 1080, 27, 8.05%, 0, 0, 3, 23.10
1747820683, 0, 95, 1084, 1081, 27, 8.05%, 0, 0, 3, 23.21
1747820699, 0, 95, 1085, 1082, 27, 8.05%, 0, 0, 3, 21.71
1747820750, 0, 97, 1085, 1082, 28, 8.05%, 0, 0, 3, 14.12
1747820760, 0, 99, 1085, 1082, 28, 8.05%, 0, 0, 3, 13.71
1747820765, 0, 100, 1086, 1083, 28, 8.05%, 0, 0, 3, 13.43
1747820770, 0, 100, 1087, 1084, 28, 8.05%, 0, 0, 3, 13.11
1747820775, 0, 100, 1088, 1085, 28, 8.05%, 0, 0, 3, 13.01
1747820795, 0, 100, 1089, 1086, 28, 8.05%, 0, 0, 3, 13.11
1747820826, 0, 100, 1090, 1087, 28, 8.05%, 0, 0, 3, 13.37
1747820872, 0, 100, 1091, 1088, 28, 8.05%, 0, 0, 3, 13.19
1747820882, 0, 100, 1092, 1089, 28, 8.05%, 0, 0, 3, 13.37
1747820908, 0, 100, 1093, 1090, 28, 8.05%, 0, 0, 3, 13.22
1747821010, 0, 100, 1094, 1091, 28, 8.05%, 0, 0, 3, 20.88
1747821036, 0, 106, 1094, 1091, 28, 8.05%, 0, 0, 3, 23.63
1747821041, 0, 107, 1094, 1091, 28, 8.05%, 0, 0, 3, 23.62
1747821046, 0, 107, 1096, 1093, 28, 8.05%, 0, 0, 3, 22.95
1747821057, 0, 107, 1097, 1094, 28, 8.05%, 0, 0, 3, 23.18
1747821062, 0, 107, 1098, 1095, 28, 8.05%, 0, 0, 3, 22.65
1747821067, 0, 107, 1099, 1096, 28, 8.05%, 0, 0, 3, 22.59
1747821102, 0, 107, 1100, 1097, 28, 8.05%, 0, 0, 3, 22.57
1747821118, 0, 107, 1102, 1099, 28, 8.05%, 0, 0, 3, 21.89
1747821159, 0, 107, 1105, 1102, 28, 8.05%, 0, 0, 3, 22.12
1747821164, 0, 107, 1106, 1103, 28, 8.05%, 0, 0, 3, 22.11
1747821210, 0, 107, 1107, 1104, 28, 8.05%, 0, 0, 3, 22.19
1747821220, 0, 107, 1108, 1105, 28, 8.06%, 0, 0, 3, 22.18
1747821230, 0, 108, 1109, 1106, 29, 8.06%, 0, 0, 3, 21.39
1747821240, 0, 109, 1109, 1106, 29, 8.06%, 0, 0, 3, 22.13
1747821245, 0, 110, 1109, 1106, 29, 8.06%, 0, 0, 3, 22.41
1747821250, 0, 110, 1111, 1108, 29, 8.06%, 0, 0, 3, 21.86
1747821261, 0, 110, 1112, 1109, 29, 8.06%, 0, 0, 3, 22.08
1747821266, 0, 110, 1113, 1110, 29, 8.06%, 0, 0, 3, 22.34
1747821302, 0, 110, 1114, 1111, 29, 8.06%, 0, 0, 3, 12.75
1747821312, 0, 110, 1115, 1112, 29, 8.06%, 0, 0, 3, 12.97
1747821368, 0, 110, 1116, 1113, 29, 8.06%, 0, 0, 3, 13.07
1747821532, 0, 111, 1116, 1113, 29, 8.06%, 0, 0, 3, 22.39
1747821537, 0, 112, 1116, 1113, 29, 8.06%, 0, 0, 3, 23.06
1747821542, 0, 113, 1116, 1113, 29, 8.06%, 0, 0, 3, 23.39
1747821547, 0, 114, 1116, 1113, 29, 8.06%, 0, 0, 3, 22.85
1747821552, 0, 115, 1116, 1113, 29, 8.06%, 0, 0, 3, 22.52
1747821557, 0, 117, 1116, 1113, 29, 8.06%, 0, 0, 3, 22.86
1747821563, 0, 118, 1116, 1113, 29, 8.06%, 0, 0, 3, 22.75
1747821573, 0, 119, 1116, 1113, 29, 8.06%, 0, 0, 3, 23.10
1747821578, 0, 120, 1116, 1113, 29, 8.06%, 0, 0, 3, 23.75
1747821583, 0, 121, 1116, 1113, 29, 8.06%, 0, 0, 3, 23.12
1747821588, 0, 123, 1118, 1115, 29, 8.06%, 0, 0, 3, 22.03
1747821593, 0, 123, 1120, 1117, 29, 8.06%, 0, 0, 3, 21.99
1747821603, 0, 123, 1121, 1118, 29, 8.06%, 0, 0, 3, 22.44
1747821650, 0, 123, 1122, 1119, 29, 8.06%, 0, 0, 3, 21.72
1747821727, 0, 123, 1123, 1120, 29, 8.06%, 0, 0, 3, 21.36
1747821758, 0, 123, 1125, 1122, 29, 8.06%, 0, 0, 3, 21.43
1747821763, 0, 123, 1126, 1123, 29, 8.06%, 0, 0, 3, 21.76
1747821768, 0, 123, 1127, 1124, 29, 8.08%, 0, 0, 3, 21.67
1747821783, 0, 124, 1127, 1124, 30, 8.08%, 0, 0, 3, 14.70
1747821788, 0, 126, 1127, 1124, 30, 8.08%, 0, 0, 3, 13.53
1747821798, 0, 127, 1127, 1124, 30, 8.08%, 0, 0, 3, 13.42
1747821809, 0, 129, 1128, 1125, 30, 8.08%, 0, 0, 3, 12.80
1747821829, 0, 130, 1128, 1125, 30, 8.08%, 0, 0, 3, 13.28
1747821839, 0, 131, 1128, 1125, 30, 8.08%, 0, 0, 3, 13.06
1747821850, 0, 133, 1128, 1125, 30, 8.08%, 0, 0, 3, 13.24
1747821860, 0, 134, 1128, 1125, 30, 8.08%, 0, 0, 3, 12.82
1747821865, 0, 134, 1129, 1126, 30, 8.08%, 0, 0, 3, 12.54
1747821880, 0, 135, 1129, 1126, 30, 8.08%, 0, 0, 3, 12.53
1747821886, 0, 135, 1130, 1127, 30, 8.08%, 0, 0, 3, 12.20
1747821891, 0, 135, 1131, 1128, 30, 8.08%, 0, 0, 3, 12.23
1747821896, 0, 135, 1132, 1129, 30, 8.08%, 0, 0, 3, 12.51
1747821906, 0, 135, 1133, 1130, 30, 8.08%, 0, 0, 3, 12.07
1747821916, 0, 135, 1134, 1131, 30, 8.08%, 0, 0, 3, 11.71
1747821922, 0, 135, 1135, 1132, 30, 8.08%, 0, 0, 3, 11.60
1747821957, 0, 135, 1136, 1133, 30, 8.08%, 0, 0, 3, 11.23
1747821963, 0, 135, 1137, 1134, 30, 8.08%, 0, 0, 3, 11.77
1747821978, 0, 135, 1138, 1135, 30, 8.08%, 0, 0, 3, 12.30
1747821999, 0, 135, 1139, 1136, 30, 8.08%, 0, 0, 3, 12.30
1747822019, 0, 135, 1140, 1137, 30, 8.08%, 0, 0, 3, 12.02
1747822060, 0, 135, 1141, 1138, 30, 8.08%, 0, 0, 3, 12.30
1747822076, 0, 135, 1142, 1139, 30, 8.08%, 0, 0, 3, 12.09
1747822112, 0, 135, 1143, 1140, 30, 8.08%, 0, 0, 3, 11.82
1747822122, 0, 135, 1144, 1141, 30, 8.09%, 0, 0, 3, 11.32
1747822158, 0, 135, 1145, 1142, 30, 8.09%, 0, 0, 3, 11.74
1747822214, 0, 135, 1146, 1143, 30, 8.09%, 0, 0, 3, 11.81
1747822224, 0, 136, 1146, 1143, 31, 8.09%, 0, 0, 3, 12.28
1747822235, 0, 136, 1147, 1144, 31, 8.09%, 0, 0, 3, 12.20
1747822250, 0, 137, 1147, 1144, 31, 8.09%, 0, 0, 3, 12.75
1747822255, 0, 138, 1147, 1144, 31, 8.09%, 0, 0, 3, 13.02
1747822266, 0, 139, 1147, 1144, 31, 8.09%, 0, 0, 3, 13.04
1747822276, 0, 142, 1147, 1144, 31, 8.09%, 0, 0, 3, 13.03
1747822286, 0, 143, 1147, 1144, 31, 8.09%, 0, 0, 3, 13.36
1747822296, 0, 144, 1147, 1144, 31, 8.09%, 0, 0, 3, 12.49
1747822301, 0, 144, 1148, 1145, 31, 8.09%, 0, 0, 3, 11.68
1747822317, 0, 145, 1148, 1145, 31, 8.09%, 0, 0, 3, 12.48
1747822327, 0, 146, 1148, 1145, 31, 8.09%, 0, 0, 3, 12.64
1747822337, 0, 147, 1148, 1145, 31, 8.09%, 0, 0, 3, 12.80
1747822347, 0, 148, 1148, 1145, 31, 8.09%, 0, 0, 3, 12.95
1747822357, 0, 149, 1148, 1145, 31, 8.09%, 0, 0, 3, 12.71
1747822368, 0, 150, 1148, 1145, 31, 8.09%, 0, 0, 3, 12.68
1747822378, 0, 150, 1149, 1146, 31, 8.09%, 0, 0, 3, 13.05
1747822388, 0, 152, 1149, 1146, 31, 8.09%, 0, 0, 3, 12.87
1747822398, 0, 153, 1149, 1146, 31, 8.09%, 0, 0, 3, 12.73
1747822409, 0, 154, 1149, 1146, 31, 8.09%, 0, 0, 3, 12.82
1747822419, 0, 155, 1149, 1146, 31, 8.09%, 0, 0, 3, 12.78
1747822424, 0, 155, 1150, 1147, 31, 8.09%, 0, 0, 3, 12.14
1747822429, 0, 155, 1151, 1148, 31, 8.10%, 0, 0, 3, 11.63
1747822435, 0, 155, 1153, 1150, 31, 8.10%, 0, 0, 3, 11.13
1747822450, 0, 155, 1154, 1151, 31, 8.10%, 0, 0, 3, 11.54
1747822455, 0, 155, 1155, 1152, 31, 8.10%, 0, 0, 3, 11.99
1747822470, 0, 155, 1156, 1153, 31, 8.10%, 0, 0, 3, 11.61
1747822476, 0, 155, 1157, 1154, 31, 8.13%, 0, 0, 3, 12.13
1747822491, 0, 155, 1158, 1155, 31, 8.13%, 0, 0, 3, 11.80
1747822521, 0, 155, 1159, 1156, 31, 8.13%, 0, 0, 3, 12.26
1747822526, 0, 155, 1160, 1157, 31, 8.13%, 0, 0, 3, 11.84
1747822542, 0, 155, 1161, 1158, 31, 8.13%, 0, 0, 3, 12.22
1747822573, 0, 155, 1162, 1159, 31, 8.13%, 0, 0, 3, 12.32
1747822583, 0, 155, 1163, 1160, 31, 8.13%, 0, 0, 3, 11.90
1747822608, 0, 155, 1164, 1161, 31, 8.13%, 0, 0, 3, 11.49
1747822644, 0, 155, 1165, 1162, 31, 8.13%, 0, 0, 3, 11.89
1747822670, 0, 155, 1166, 1163, 31, 8.13%, 0, 0, 3, 12.25
1747822768, 0, 156, 1166, 1163, 30, 8.13%, 0, 0, 3, 13.04
1747822778, 0, 158, 1166, 1163, 30, 8.13%, 0, 0, 3, 13.52
1747822788, 0, 158, 1167, 1164, 30, 8.13%, 0, 0, 3, 14.26
1747822798, 0, 159, 1167, 1164, 30, 8.13%, 0, 0, 3, 13.44
1747822809, 0, 163, 1167, 1164, 30, 8.13%, 0, 0, 3, 13.66
1747822814, 0, 164, 1167, 1164, 30, 8.13%, 0, 0, 3, 13.70
1747822824, 0, 166, 1167, 1164, 30, 8.13%, 0, 0, 3, 13.22
1747822834, 0, 167, 1167, 1164, 30, 8.13%, 0, 0, 3, 12.29
1747822845, 0, 167, 1169, 1166, 30, 8.13%, 0, 0, 3, 11.16
1747822865, 0, 167, 1170, 1167, 30, 8.13%, 0, 0, 3, 11.75
1747822911, 0, 167, 1171, 1168, 30, 8.13%, 0, 0, 3, 12.32
1747822967, 0, 167, 1172, 1169, 30, 8.13%, 0, 0, 3, 12.18
1747823023, 0, 167, 1173, 1170, 30, 8.13%, 0, 0, 3, 11.89
1747823111, 0, 167, 1174, 1171, 30, 8.13%, 0, 0, 3, 12.40
1747823172, 0, 171, 1174, 1171, 31, 8.13%, 0, 0, 3, 12.64
1747823182, 0, 172, 1174, 1171, 31, 8.13%, 0, 0, 3, 13.46
1747823193, 0, 173, 1174, 1171, 31, 8.13%, 0, 0, 3, 13.31
1747823203, 0, 174, 1174, 1171, 31, 8.13%, 0, 0, 3, 12.75
1747823213, 0, 175, 1174, 1171, 31, 8.13%, 0, 0, 3, 11.95
1747823223, 0, 178, 1174, 1171, 31, 8.13%, 0, 0, 3, 12.44
1747823234, 0, 180, 1174, 1171, 31, 8.13%, 0, 0, 3, 12.64
1747823244, 0, 180, 1175, 1172, 31, 8.13%, 0, 0, 3, 13.07
1747823254, 0, 181, 1175, 1172, 31, 8.13%, 0, 0, 3, 13.43
1747823259, 0, 181, 1176, 1173, 31, 8.13%, 0, 0, 3, 13.41
1747823275, 0, 182, 1176, 1173, 31, 8.13%, 0, 0, 3, 13.32
1747823285, 0, 183, 1176, 1173, 31, 8.13%, 0, 0, 3, 13.26
1747823295, 0, 184, 1176, 1173, 31, 8.13%, 0, 0, 3, 12.58
1747823305, 0, 185, 1176, 1173, 31, 8.13%, 0, 0, 3, 13.15
1747823310, 0, 187, 1176, 1173, 31, 8.13%, 0, 0, 3, 12.76
1747823326, 0, 189, 1176, 1173, 31, 8.13%, 0, 0, 3, 11.97
1747823336, 0, 190, 1176, 1173, 31, 8.13%, 0, 0, 3, 13.63
1747823341, 0, 192, 1176, 1173, 31, 8.13%, 0, 0, 3, 13.47
1747823347, 0, 192, 1177, 1174, 31, 8.13%, 0, 0, 3, 12.22
1747823367, 0, 193, 1177, 1174, 31, 8.13%, 0, 0, 3, 11.73
1747823377, 0, 194, 1177, 1174, 31, 8.13%, 0, 0, 3, 12.95
1747823388, 0, 195, 1177, 1174, 31, 8.13%, 0, 0, 3, 12.77
1747823398, 0, 196, 1177, 1174, 31, 8.13%, 0, 0, 3, 12.73
1747823408, 0, 197, 1178, 1175, 31, 8.13%, 0, 0, 3, 12.23
1747823428, 0, 197, 1179, 1176, 31, 8.13%, 0, 0, 3, 11.51
1747823449, 0, 198, 1179, 1176, 31, 8.13%, 0, 0, 3, 12.11
1747823459, 0, 199, 1179, 1176, 31, 8.13%, 0, 0, 3, 12.76
1747823469, 0, 200, 1179, 1176, 31, 8.13%, 0, 0, 3, 13.50
1747823479, 0, 201, 1179, 1176, 31, 8.13%, 0, 0, 3, 12.51
1747823484, 0, 201, 1180, 1177, 31, 8.13%, 0, 0, 3, 11.95
1747823500, 0, 202, 1180, 1177, 31, 8.13%, 0, 0, 3, 12.10
1747823510, 0, 203, 1180, 1177, 31, 8.13%, 0, 0, 3, 12.24
1747823520, 0, 205, 1180, 1177, 31, 8.13%, 0, 0, 3, 12.18
1747823535, 0, 207, 1180, 1177, 31, 8.13%, 0, 0, 3, 13.52
1747823540, 0, 208, 1180, 1177, 31, 8.13%, 0, 0, 3, 13.39
1747823551, 0, 209, 1180, 1177, 31, 8.13%, 0, 0, 3, 13.31
1747823556, 0, 209, 1181, 1178, 31, 8.13%, 0, 0, 3, 13.26
1747823571, 0, 210, 1181, 1178, 31, 8.13%, 0, 0, 3, 13.11
1747823582, 0, 212, 1181, 1178, 31, 8.13%, 0, 0, 3, 13.02
1747823592, 0, 213, 1181, 1178, 31, 8.13%, 0, 0, 3, 12.87
1747823602, 0, 215, 1181, 1178, 31, 8.13%, 0, 0, 3, 12.51
1747823612, 0, 216, 1181, 1178, 31, 8.13%, 0, 0, 3, 13.20
1747823622, 0, 217, 1181, 1178, 31, 8.13%, 0, 0, 3, 13.02
1747823627, 0, 217, 1182, 1179, 31, 8.13%, 0, 0, 3, 12.36
1747823643, 0, 219, 1182, 1179, 31, 8.13%, 0, 0, 3, 12.52
1747823653, 0, 221, 1182, 1179, 31, 8.13%, 0, 0, 3, 12.79
1747823663, 0, 222, 1182, 1179, 31, 8.13%, 0, 0, 3, 12.55
1747823673, 0, 223, 1182, 1179, 31, 8.13%, 0, 0, 3, 12.33
1747823684, 0, 224, 1182, 1179, 31, 8.13%, 0, 0, 3, 12.72
1747823694, 0, 228, 1182, 1179, 31, 8.13%, 0, 0, 3, 13.36
1747823704, 0, 229, 1183, 1180, 31, 8.13%, 0, 0, 3, 12.06
1747823725, 0, 231, 1183, 1180, 31, 8.13%, 0, 0, 3, 12.47
1747823735, 0, 231, 1184, 1181, 31, 8.13%, 0, 0, 3, 12.94
1747823745, 0, 233, 1184, 1181, 31, 8.13%, 0, 0, 3, 12.82
1747823755, 0, 234, 1184, 1181, 31, 8.13%, 0, 0, 3, 12.27
1747823761, 0, 234, 1185, 1182, 31, 8.13%, 0, 0, 3, 11.69
1747823766, 0, 234, 1186, 1183, 31, 8.13%, 0, 0, 3, 11.80
1747823801, 0, 235, 1186, 1183, 31, 8.13%, 0, 0, 3, 12.14
1747823812, 0, 236, 1186, 1183, 31, 8.13%, 0, 0, 3, 12.14
1747823822, 0, 238, 1186, 1183, 31, 8.13%, 0, 0, 3, 12.45
1747823832, 0, 239, 1186, 1183, 31, 8.13%, 0, 0, 3, 11.95
1747823842, 0, 241, 1186, 1183, 31, 8.13%, 0, 0, 3, 11.84
1747823853, 0, 242, 1186, 1183, 31, 8.13%, 0, 0, 3, 13.26
1747823863, 0, 244, 1186, 1183, 31, 8.13%, 0, 0, 3, 13.55
1747823873, 0, 246, 1186, 1183, 31, 8.13%, 0, 0, 3, 12.58
1747823883, 0, 247, 1186, 1183, 31, 8.13%, 0, 0, 3, 12.84
1747823894, 0, 248, 1186, 1183, 31, 8.13%, 0, 0, 3, 13.18
1747823904, 0, 249, 1186, 1183, 31, 8.13%, 0, 0, 3, 13.35
1747823914, 0, 250, 1186, 1183, 31, 8.13%, 0, 0, 3, 13.59
1747823920, 0, 251, 1186, 1183, 31, 8.13%, 0, 0, 3, 12.98
1747823930, 0, 252, 1186, 1183, 31, 8.13%, 0, 0, 3, 12.38
1747823940, 0, 253, 1186, 1183, 31, 8.13%, 0, 0, 3, 13.48
1747823951, 0, 255, 1186, 1183, 31, 8.13%, 0, 0, 3, 12.19
1747823961, 0, 256, 1186, 1183, 31, 8.13%, 0, 0, 3, 12.52
1747823971, 0, 258, 1186, 1183, 31, 8.13%, 0, 0, 3, 12.66
1747823981, 0, 259, 1186, 1183, 31, 8.13%, 0, 0, 3, 11.99
1747823991, 0, 260, 1186, 1183, 31, 8.13%, 0, 0, 3, 12.73
1747824001, 0, 261, 1186, 1183, 31, 8.13%, 0, 0, 3, 13.35
1747824012, 0, 263, 1186, 1183, 31, 8.13%, 0, 0, 3, 12.90
1747824022, 0, 264, 1186, 1183, 31, 8.13%, 0, 0, 3, 12.11
1747824032, 0, 265, 1186, 1183, 31, 8.13%, 0, 0, 3, 12.26
1747824042, 0, 266, 1186, 1183, 31, 8.13%, 0, 0, 3, 12.80
1747824053, 0, 267, 1186, 1183, 31, 8.13%, 0, 0, 3, 11.94
1747824063, 0, 269, 1186, 1183, 31, 8.13%, 0, 0, 3, 11.62
1747824073, 0, 270, 1186, 1183, 31, 8.13%, 0, 0, 3, 12.51
1747824084, 0, 272, 1186, 1183, 31, 8.13%, 0, 0, 3, 12.38
1747824094, 0, 273, 1186, 1183, 31, 8.13%, 0, 0, 3, 12.76
1747824104, 0, 275, 1186, 1183, 31, 8.13%, 0, 0, 3, 12.46
1747824115, 0, 276, 1186, 1183, 31, 8.13%, 0, 0, 3, 12.57
1747824125, 0, 276, 1188, 1185, 31, 8.15%, 0, 0, 3, 13.20
1747824130, 0, 276, 1189, 1186, 31, 8.15%, 0, 0, 3, 13.14
1747824151, 0, 276, 1190, 1187, 31, 8.15%, 0, 0, 3, 13.60
1747824156, 0, 276, 1191, 1188, 31, 8.15%, 0, 0, 3, 12.79
1747824161, 0, 276, 1192, 1189, 31, 8.16%, 0, 0, 3, 12.87
1747824202, 0, 276, 1193, 1190, 31, 8.16%, 0, 0, 3, 13.29
1747824263, 0, 276, 1194, 1191, 31, 8.16%, 0, 0, 3, 12.93
1747824314, 0, 276, 1195, 1192, 31, 8.16%, 0, 0, 3, 13.14
1747824391, 0, 276, 1196, 1193, 31, 8.16%, 0, 0, 3, 12.40
1747824437, 0, 278, 1196, 1193, 33, 8.16%, 0, 0, 3, 12.87
1747824442, 0, 279, 1196, 1193, 33, 8.16%, 0, 0, 3, 13.12
1747824457, 0, 280, 1196, 1193, 33, 8.16%, 0, 0, 3, 12.91
1747824463, 0, 281, 1196, 1193, 33, 8.16%, 0, 0, 3, 13.19
1747824473, 0, 282, 1196, 1193, 33, 8.16%, 0, 0, 3, 13.34
1747824483, 0, 284, 1196, 1193, 33, 8.16%, 0, 0, 3, 12.61
1747824493, 0, 285, 1196, 1193, 33, 8.16%, 0, 0, 3, 11.91
1747824504, 0, 287, 1196, 1193, 33, 8.16%, 0, 0, 3, 12.34
1747824514, 0, 288, 1196, 1193, 33, 8.16%, 0, 0, 3, 13.10
1747824524, 0, 289, 1196, 1193, 33, 8.16%, 0, 0, 3, 12.38
1747824529, 0, 289, 1197, 1194, 33, 8.16%, 0, 0, 3, 11.90
1747824545, 0, 290, 1197, 1194, 33, 8.16%, 0, 0, 3, 11.77
1747824560, 0, 291, 1197, 1194, 33, 8.16%, 0, 0, 3, 12.58
1747824570, 0, 292, 1197, 1194, 33, 8.16%, 0, 0, 3, 13.24
1747824576, 0, 293, 1197, 1194, 33, 8.16%, 0, 0, 3, 12.30
1747824591, 0, 294, 1197, 1194, 33, 8.16%, 0, 0, 3, 12.70
1747824596, 0, 295, 1197, 1194, 33, 8.16%, 0, 0, 3, 12.65
1747824606, 0, 296, 1197, 1194, 33, 8.16%, 0, 0, 3, 13.17
1747824617, 0, 297, 1197, 1194, 33, 8.16%, 0, 0, 3, 11.98
1747824627, 0, 298, 1197, 1194, 33, 8.16%, 0, 0, 3, 12.32
1747824637, 0, 298, 1198, 1195, 33, 8.16%, 0, 0, 3, 13.30
1747824648, 0, 299, 1198, 1195, 32, 8.16%, 0, 0, 3, 13.21
1747824658, 0, 300, 1198, 1195, 32, 8.16%, 0, 0, 3, 12.42
1747824668, 0, 301, 1198, 1195, 32, 8.16%, 0, 0, 3, 17.69
1747824673, 0, 301, 1199, 1196, 32, 8.16%, 0, 0, 3, 19.39
1747824684, 0, 303, 1199, 1196, 32, 8.16%, 0, 0, 3, 20.89
1747824689, 0, 304, 1199, 1196, 32, 8.16%, 0, 0, 3, 21.49
1747824694, 0, 305, 1199, 1196, 32, 8.16%, 0, 0, 3, 21.88
1747824699, 0, 305, 1200, 1197, 32, 8.16%, 0, 0, 3, 21.27
1747824704, 0, 308, 1200, 1197, 32, 8.16%, 0, 0, 3, 21.41
1747824709, 0, 308, 1201, 1198, 32, 8.16%, 0, 0, 3, 22.53
1747824715, 0, 308, 1202, 1199, 32, 8.16%, 0, 0, 3, 22.43
1747824720, 0, 308, 1203, 1200, 32, 8.17%, 0, 0, 3, 22.63
1747824735, 0, 308, 1205, 1202, 32, 8.19%, 0, 0, 3, 21.97
1747824740, 0, 308, 1206, 1203, 32, 8.19%, 0, 0, 3, 20.52
1747824745, 0, 308, 1207, 1204, 32, 8.19%, 0, 0, 3, 20.43
1747824766, 0, 308, 1208, 1205, 32, 8.19%, 0, 0, 3, 22.39
1747824771, 0, 308, 1210, 1207, 32, 8.19%, 0, 0, 3, 22.11
1747824838, 0, 308, 1211, 1208, 32, 8.19%, 0, 0, 3, 21.71
1747824919, 0, 309, 1211, 1208, 32, 8.19%, 0, 0, 3, 12.85
1747824935, 0, 310, 1211, 1208, 32, 8.19%, 0, 0, 3, 11.72
1747824945, 0, 311, 1211, 1208, 32, 8.19%, 0, 0, 3, 12.37
1747824955, 0, 312, 1211, 1208, 32, 8.19%, 0, 0, 3, 11.99
1747824966, 0, 314, 1211, 1208, 32, 8.19%, 0, 0, 3, 12.58
1747824976, 0, 316, 1211, 1208, 32, 8.19%, 0, 0, 3, 12.22
1747824986, 0, 317, 1211, 1208, 32, 8.19%, 0, 0, 3, 12.19
1747824996, 0, 318, 1211, 1208, 32, 8.19%, 0, 0, 3, 12.30
1747825006, 0, 319, 1211, 1208, 32, 8.19%, 0, 0, 3, 13.00
1747825017, 0, 320, 1211, 1208, 32, 8.19%, 0, 0, 3, 12.32
1747825027, 0, 321, 1211, 1208, 32, 8.19%, 0, 0, 3, 12.42
1747825037, 0, 322, 1211, 1208, 32, 8.19%, 0, 0, 3, 12.59
1747825047, 0, 324, 1211, 1208, 32, 8.19%, 0, 0, 3, 11.98
1747825058, 0, 325, 1211, 1208, 32, 8.19%, 0, 0, 3, 12.09
1747825068, 0, 328, 1211, 1208, 32, 8.19%, 0, 0, 3, 12.55
1747825078, 0, 329, 1211, 1208, 32, 8.19%, 0, 0, 3, 12.09
1747825088, 0, 330, 1211, 1208, 32, 8.19%, 0, 0, 3, 12.24
1747825099, 0, 331, 1211, 1208, 32, 8.19%, 0, 0, 3, 12.57
1747825109, 0, 332, 1211, 1208, 32, 8.19%, 0, 0, 3, 12.27
1747825119, 0, 333, 1211, 1208, 32, 8.19%, 0, 0, 3, 12.20
1747825130, 0, 334, 1211, 1208, 32, 8.19%, 0, 0, 3, 12.72
1747825140, 0, 335, 1211, 1208, 32, 8.19%, 0, 0, 3, 12.86
1747825150, 0, 336, 1211, 1208, 32, 8.19%, 0, 0, 3, 12.28
1747825161, 0, 337, 1211, 1208, 32, 8.19%, 0, 0, 3, 12.21
1747825171, 0, 338, 1211, 1208, 32, 8.19%, 0, 0, 3, 13.10
1747825181, 0, 340, 1211, 1208, 32, 8.19%, 0, 0, 3, 12.68
1747825191, 0, 341, 1211, 1208, 32, 8.19%, 0, 0, 3, 12.02
1747825202, 0, 342, 1211, 1208, 32, 8.19%, 0, 0, 3, 12.64
1747825212, 0, 343, 1211, 1208, 32, 8.19%, 0, 0, 3, 12.78
1747825222, 0, 344, 1211, 1208, 32, 8.19%, 0, 0, 3, 12.47
1747825232, 0, 345, 1211, 1208, 32, 8.19%, 0, 0, 3, 12.70
1747825243, 0, 346, 1211, 1208, 32, 8.19%, 0, 0, 3, 13.04
1747825253, 0, 348, 1211, 1208, 32, 8.19%, 0, 0, 3, 12.15
1747825263, 0, 349, 1211, 1208, 32, 8.19%, 0, 0, 3, 11.63
1747825274, 0, 351, 1211, 1208, 32, 8.19%, 0, 0, 3, 11.71
1747825284, 0, 354, 1211, 1208, 32, 8.19%, 0, 0, 3, 11.92
1747825294, 0, 354, 1212, 1209, 32, 8.19%, 0, 0, 3, 12.44
1747825309, 0, 355, 1212, 1209, 32, 8.19%, 0, 0, 3, 12.08
1747825320, 0, 356, 1212, 1209, 32, 8.19%, 0, 0, 3, 11.70
1747825330, 0, 357, 1212, 1209, 32, 8.19%, 0, 0, 3, 12.16
1747825340, 0, 359, 1212, 1209, 32, 8.19%, 0, 0, 3, 12.46
1747825351, 0, 361, 1212, 1209, 32, 8.19%, 0, 0, 3, 11.76
1747825361, 0, 362, 1212, 1209, 32, 8.19%, 0, 0, 3, 11.67
1747825371, 0, 363, 1212, 1209, 32, 8.19%, 0, 0, 3, 11.92
1747825381, 0, 363, 1213, 1210, 32, 8.19%, 0, 0, 3, 11.59
1747825392, 0, 364, 1213, 1210, 32, 8.19%, 0, 0, 3, 12.13
1747825402, 0, 365, 1213, 1210, 32, 8.19%, 0, 0, 3, 11.57
1747825417, 0, 366, 1213, 1210, 32, 8.19%, 0, 0, 3, 11.86
1747825428, 0, 367, 1213, 1210, 32, 8.19%, 0, 0, 3, 12.40
1747825438, 0, 368, 1213, 1210, 32, 8.19%, 0, 0, 3, 12.56
1747825448, 0, 369, 1213, 1210, 32, 8.19%, 0, 0, 3, 12.40
1747825458, 0, 370, 1213, 1210, 32, 8.19%, 0, 0, 3, 12.61
1747825468, 0, 371, 1213, 1210, 32, 8.19%, 0, 0, 3, 12.57
1747825479, 0, 373, 1213, 1210, 32, 8.19%, 0, 0, 3, 12.11
1747825489, 0, 374, 1213, 1210, 32, 8.19%, 0, 0, 3, 12.38
1747825499, 0, 376, 1213, 1210, 32, 8.19%, 0, 0, 3, 12.53
1747825509, 0, 378, 1213, 1210, 32, 8.19%, 0, 0, 3, 11.80
1747825520, 0, 379, 1213, 1210, 32, 8.19%, 0, 0, 3, 11.69
1747825530, 0, 380, 1213, 1210, 32, 8.19%, 0, 0, 3, 11.99
1747825540, 0, 381, 1213, 1210, 32, 8.19%, 0, 0, 3, 12.30
1747825551, 0, 382, 1213, 1210, 32, 8.19%, 0, 0, 3, 12.49
1747825561, 0, 383, 1213, 1210, 32, 8.19%, 0, 0, 3, 12.19
1747825571, 0, 384, 1213, 1210, 32, 8.19%, 0, 0, 3, 11.64
1747825581, 0, 385, 1213, 1210, 32, 8.19%, 0, 0, 3, 11.70
1747825591, 0, 386, 1213, 1210, 32, 8.19%, 0, 0, 3, 12.80
1747825602, 0, 388, 1213, 1210, 32, 8.19%, 0, 0, 3, 12.46
1747825612, 0, 390, 1213, 1210, 32, 8.19%, 0, 0, 3, 12.51
1747825622, 0, 391, 1213, 1210, 32, 8.19%, 0, 0, 3, 12.69
1747825632, 0, 395, 1213, 1210, 32, 8.19%, 0, 0, 3, 12.57
1747825642, 0, 395, 1214, 1211, 32, 8.19%, 0, 0, 3, 12.40
1747825658, 0, 397, 1214, 1211, 32, 8.19%, 0, 0, 3, 12.54
1747825668, 0, 400, 1214, 1211, 32, 8.19%, 0, 0, 3, 12.36
1747825678, 0, 401, 1214, 1211, 32, 8.19%, 0, 0, 3, 11.86
1747825688, 0, 402, 1214, 1211, 32, 8.19%, 0, 0, 3, 12.20
1747825699, 0, 403, 1214, 1211, 32, 8.19%, 0, 0, 3, 12.51
1747825704, 0, 403, 1215, 1212, 32, 8.19%, 0, 0, 3, 11.56
1747825719, 0, 404, 1215, 1212, 32, 8.19%, 0, 0, 3, 12.03
1747825729, 0, 405, 1215, 1212, 32, 8.19%, 0, 0, 3, 12.02
1747825739, 0, 406, 1215, 1212, 32, 8.19%, 0, 0, 3, 12.06
1747825750, 0, 407, 1215, 1212, 32, 8.19%, 0, 0, 3, 12.85
1747825760, 0, 409, 1215, 1212, 32, 8.19%, 0, 0, 3, 12.67
1747825770, 0, 410, 1215, 1212, 32, 8.19%, 0, 0, 3, 12.62
1747825780, 0, 411, 1215, 1212, 32, 8.19%, 0, 0, 3, 12.94
1747825791, 0, 412, 1215, 1212, 32, 8.19%, 0, 0, 3, 12.97
1747825801, 0, 413, 1215, 1212, 32, 8.19%, 0, 0, 3, 12.99
1747825811, 0, 414, 1215, 1212, 32, 8.19%, 0, 0, 3, 12.78
1747825821, 0, 415, 1215, 1212, 32, 8.19%, 0, 0, 3, 12.78
1747825832, 0, 416, 1215, 1212, 32, 8.19%, 0, 0, 3, 12.89
1747825842, 0, 418, 1215, 1212, 32, 8.19%, 0, 0, 3, 12.30
1747825852, 0, 419, 1215, 1212, 32, 8.19%, 0, 0, 3, 12.48
1747825862, 0, 420, 1215, 1212, 32, 8.19%, 0, 0, 3, 13.02
1747825872, 0, 421, 1216, 1213, 32, 8.19%, 0, 0, 3, 12.35
1747825893, 0, 422, 1216, 1213, 32, 8.19%, 0, 0, 3, 12.00
1747825903, 0, 423, 1216, 1213, 32, 8.19%, 0, 0, 3, 12.81
1747825913, 0, 425, 1216, 1213, 32, 8.19%, 0, 0, 3, 12.32
1747825924, 0, 426, 1216, 1213, 32, 8.19%, 0, 0, 3, 12.50
1747825934, 0, 427, 1216, 1213, 32, 8.19%, 0, 0, 3, 12.13
1747825944, 0, 429, 1216, 1213, 32, 8.19%, 0, 0, 3, 12.56
1747825959, 0, 433, 1216, 1213, 32, 8.19%, 0, 0, 3, 12.20
1747825970, 0, 434, 1216, 1213, 32, 8.19%, 0, 0, 3, 12.10
1747825980, 0, 437, 1216, 1213, 32, 8.19%, 0, 0, 3, 12.21
1747825990, 0, 438, 1216, 1213, 32, 8.19%, 0, 0, 3, 12.83
1747826001, 0, 438, 1217, 1214, 32, 8.19%, 0, 0, 3, 12.79
1747826011, 0, 439, 1217, 1214, 32, 8.19%, 0, 0, 3, 12.20
1747826021, 0, 440, 1217, 1214, 32, 8.19%, 0, 0, 3, 12.12
1747826031, 0, 441, 1217, 1214, 32, 8.19%, 0, 0, 3, 12.43
1747826042, 0, 442, 1217, 1214, 32, 8.19%, 0, 0, 3, 12.46
1747826052, 0, 443, 1217, 1214, 32, 8.19%, 0, 0, 3, 11.83
1747826062, 0, 444, 1217, 1214, 32, 8.19%, 0, 0, 3, 12.30
1747826072, 0, 445, 1217, 1214, 32, 8.19%, 0, 0, 3, 12.17
1747826082, 0, 446, 1217, 1214, 32, 8.19%, 0, 0, 3, 12.21
1747826093, 0, 448, 1217, 1214, 32, 8.19%, 0, 0, 3, 12.38
1747826103, 0, 449, 1217, 1214, 32, 8.19%, 0, 0, 3, 11.45
1747826113, 0, 450, 1217, 1214, 32, 8.19%, 0, 0, 3, 12.14
1747826123, 0, 451, 1217, 1214, 32, 8.19%, 0, 0, 3, 12.30
1747826133, 0, 453, 1217, 1214, 32, 8.19%, 0, 0, 3, 12.24
1747826144, 0, 454, 1217, 1214, 32, 8.19%, 0, 0, 3, 12.67
1747826154, 0, 456, 1217, 1214, 32, 8.19%, 0, 0, 3, 12.53
1747826164, 0, 457, 1217, 1214, 32, 8.19%, 0, 0, 3, 12.24
1747826180, 0, 458, 1217, 1214, 32, 8.19%, 0, 0, 3, 12.14
1747826190, 0, 460, 1217, 1214, 32, 8.19%, 0, 0, 3, 12.48
1747826195, 0, 461, 1217, 1214, 32, 8.19%, 0, 0, 3, 12.84
1747826211, 0, 462, 1217, 1214, 32, 8.19%, 0, 0, 3, 12.79
1747826216, 0, 463, 1217, 1214, 32, 8.19%, 0, 0, 3, 12.72
1747826226, 0, 465, 1217, 1214, 32, 8.19%, 0, 0, 3, 12.89
1747826241, 0, 467, 1217, 1214, 32, 8.19%, 0, 0, 3, 12.74
1747826252, 0, 468, 1217, 1214, 32, 8.19%, 0, 0, 3, 12.34
1747826262, 0, 469, 1217, 1214, 32, 8.19%, 0, 0, 3, 11.95
1747826272, 0, 470, 1217, 1214, 32, 8.19%, 0, 0, 3, 12.61
1747826282, 0, 471, 1217, 1214, 32, 8.19%, 0, 0, 3, 12.67
1747826293, 0, 472, 1217, 1214, 32, 8.19%, 0, 0, 3, 12.72
1747826303, 0, 473, 1217, 1214, 32, 8.19%, 0, 0, 3, 12.54
1747826308, 0, 473, 1218, 1215, 32, 8.19%, 0, 0, 3, 11.71
1747826323, 0, 474, 1218, 1215, 32, 8.19%, 0, 0, 3, 12.82
1747826334, 0, 475, 1218, 1215, 32, 8.19%, 0, 0, 3, 12.63
1747826344, 0, 477, 1218, 1215, 32, 8.19%, 0, 0, 3, 12.92
1747826354, 0, 478, 1218, 1215, 32, 8.19%, 0, 0, 3, 12.08
1747826364, 0, 479, 1218, 1215, 32, 8.19%, 0, 0, 3, 12.14
1747826375, 0, 481, 1218, 1215, 32, 8.19%, 0, 0, 3, 12.66
1747826385, 0, 482, 1218, 1215, 32, 8.19%, 0, 0, 3, 11.61
1747826395, 0, 483, 1218, 1215, 32, 8.19%, 0, 0, 3, 12.18
1747826405, 0, 484, 1218, 1215, 32, 8.19%, 0, 0, 3, 12.69
1747826416, 0, 486, 1218, 1215, 32, 8.19%, 0, 0, 3, 11.76
1747826426, 0, 487, 1218, 1215, 32, 8.19%, 0, 0, 3, 12.48
1747826436, 0, 488, 1218, 1215, 32, 8.19%, 0, 0, 3, 12.74
1747826446, 0, 490, 1218, 1215, 32, 8.19%, 0, 0, 3, 12.69
1747826457, 0, 490, 1219, 1216, 32, 8.19%, 0, 0, 3, 11.66
1747826467, 0, 490, 1220, 1217, 32, 8.19%, 0, 0, 3, 11.45
1747826487, 0, 490, 1221, 1218, 32, 8.19%, 0, 0, 3, 11.80
1747826523, 0, 490, 1222, 1219, 32, 8.19%, 0, 0, 3, 11.29
1747826585, 0, 490, 1223, 1220, 32, 8.19%, 0, 0, 3, 11.48
1747826687, 0, 490, 1224, 1221, 32, 8.19%, 0, 0, 3, 11.69
1747826713, 0, 490, 1225, 1222, 32, 8.19%, 0, 0, 3, 11.40
1747826723, 0, 490, 1226, 1223, 32, 8.19%, 0, 0, 3, 11.19
1747826749, 0, 490, 1227, 1224, 32, 8.21%, 0, 0, 3, 11.25
1747826785, 0, 490, 1228, 1225, 32, 8.21%, 0, 0, 3, 11.86
1747826800, 0, 491, 1228, 1225, 33, 8.21%, 0, 0, 3, 12.27
1747826811, 0, 492, 1228, 1225, 33, 8.21%, 0, 0, 3, 12.58
1747826821, 0, 493, 1228, 1225, 33, 8.21%, 0, 0, 3, 12.27
1747826831, 0, 494, 1228, 1225, 33, 8.21%, 0, 0, 3, 11.68
1747826841, 0, 495, 1228, 1225, 33, 8.21%, 0, 0, 3, 11.74
1747826857, 0, 496, 1228, 1225, 33, 8.21%, 0, 0, 3, 11.98
1747826867, 0, 497, 1228, 1225, 33, 8.21%, 0, 0, 3, 12.08
1747826877, 0, 498, 1228, 1225, 33, 8.21%, 0, 0, 3, 12.36
1747826887, 0, 499, 1228, 1225, 33, 8.21%, 0, 0, 3, 12.09
1747826898, 0, 500, 1228, 1225, 33, 8.21%, 0, 0, 3, 11.95
1747826908, 0, 502, 1228, 1225, 33, 8.21%, 0, 0, 3, 12.15
1747826918, 0, 505, 1228, 1225, 33, 8.21%, 0, 0, 3, 12.18
1747826929, 0, 506, 1228, 1225, 33, 8.21%, 0, 0, 3, 12.49
1747826939, 0, 507, 1228, 1225, 33, 8.21%, 0, 0, 3, 12.11
1747826949, 0, 509, 1228, 1225, 33, 8.21%, 0, 0, 3, 11.97
1747826960, 0, 510, 1228, 1225, 33, 8.21%, 0, 0, 3, 12.33
1747826970, 0, 511, 1228, 1225, 33, 8.21%, 0, 0, 3, 11.89
1747826980, 0, 513, 1228, 1225, 33, 8.21%, 0, 0, 3, 12.64
1747826995, 0, 514, 1228, 1225, 33, 8.21%, 0, 0, 3, 11.51
1747827005, 0, 515, 1228, 1225, 33, 8.21%, 0, 0, 3, 11.77
1747827016, 0, 516, 1228, 1225, 33, 8.21%, 0, 0, 3, 12.42
1747827026, 0, 518, 1228, 1225, 33, 8.21%, 0, 0, 3, 12.61
1747827036, 0, 519, 1228, 1225, 33, 8.21%, 0, 0, 3, 12.53
1747827046, 0, 520, 1228, 1225, 33, 8.21%, 0, 0, 3, 12.63
1747827057, 0, 521, 1228, 1225, 33, 8.21%, 0, 0, 3, 11.67
1747827067, 0, 522, 1228, 1225, 33, 8.21%, 0, 0, 3, 12.18
1747827077, 0, 523, 1228, 1225, 33, 8.21%, 0, 0, 3, 12.33
1747827088, 0, 525, 1228, 1225, 33, 8.21%, 0, 0, 3, 12.71
1747827098, 0, 526, 1228, 1225, 33, 8.21%, 0, 0, 3, 13.41
1747827108, 0, 527, 1228, 1225, 33, 8.21%, 0, 0, 3, 12.56
1747827118, 0, 528, 1228, 1225, 33, 8.21%, 0, 0, 3, 13.06
1747827129, 0, 529, 1228, 1225, 33, 8.21%, 0, 0, 3, 12.95
1747827139, 0, 530, 1228, 1225, 33, 8.21%, 0, 0, 3, 12.72
1747827149, 0, 533, 1228, 1225, 33, 8.21%, 0, 0, 3, 12.22
1747827159, 0, 534, 1228, 1225, 33, 8.21%, 0, 0, 3, 11.68
1747827169, 0, 536, 1228, 1225, 33, 8.21%, 0, 0, 3, 12.08
1747827180, 0, 537, 1228, 1225, 33, 8.21%, 0, 0, 3, 11.65
1747827190, 0, 538, 1228, 1225, 33, 8.21%, 0, 0, 3, 12.03
1747827200, 0, 539, 1228, 1225, 33, 8.21%, 0, 0, 3, 11.73
1747827211, 0, 540, 1228, 1225, 33, 8.21%, 0, 0, 3, 11.79
1747827221, 0, 540, 1229, 1226, 33, 8.21%, 0, 0, 3, 10.70
1747827236, 0, 543, 1229, 1226, 33, 8.21%, 0, 0, 3, 12.32
1747827247, 0, 544, 1229, 1226, 33, 8.21%, 0, 0, 3, 12.93
1747827257, 0, 545, 1229, 1226, 33, 8.21%, 0, 0, 3, 12.01
1747827267, 0, 546, 1229, 1226, 33, 8.21%, 0, 0, 3, 11.96
1747827277, 0, 547, 1229, 1226, 33, 8.21%, 0, 0, 3, 11.61
1747827287, 0, 548, 1229, 1226, 33, 8.21%, 0, 0, 3, 12.44
1747827298, 0, 549, 1229, 1226, 33, 8.21%, 0, 0, 3, 12.69
1747827308, 0, 551, 1229, 1226, 33, 8.21%, 0, 0, 3, 12.75
1747827318, 0, 553, 1229, 1226, 33, 8.21%, 0, 0, 3, 11.76
1747827328, 0, 554, 1229, 1226, 33, 8.21%, 0, 0, 3, 12.20
1747827339, 0, 556, 1229, 1226, 33, 8.21%, 0, 0, 3, 12.22
1747827349, 0, 557, 1229, 1226, 33, 8.21%, 0, 0, 3, 11.72
1747827359, 0, 558, 1229, 1226, 33, 8.21%, 0, 0, 3, 12.25
1747827369, 0, 559, 1229, 1226, 33, 8.21%, 0, 0, 3, 12.20
1747827380, 0, 562, 1229, 1226, 33, 8.21%, 0, 0, 3, 11.76
1747827395, 0, 563, 1229, 1226, 33, 8.21%, 0, 0, 3, 11.66
1747827405, 0, 564, 1229, 1226, 33, 8.21%, 0, 0, 3, 20.94
1747828681, 0, 565, 1229, 1225, 32, 8.21%, 0, 0, 3, 14.98
1747828692, 0, 567, 1229, 1225, 32, 8.21%, 0, 0, 3, 11.50
1747828702, 0, 567, 1231, 1227, 32, 8.21%, 0, 0, 4, 10.77
1747828727, 0, 567, 1232, 1228, 32, 8.21%, 0, 0, 4, 11.48
1747828732, 0, 567, 1233, 1229, 32, 8.21%, 0, 0, 4, 11.28
1747828758, 0, 567, 1234, 1230, 32, 8.21%, 0, 0, 4, 11.10
1747828784, 0, 567, 1235, 1231, 32, 8.21%, 0, 0, 4, 11.51
1747828845, 0, 567, 1237, 1233, 32, 8.22%, 0, 0, 4, 11.27
1747829009, 0, 567, 1238, 1234, 32, 8.22%, 0, 0, 4, 11.22
1747829045, 0, 567, 1239, 1235, 32, 8.22%, 0, 0, 4, 10.79
1747829050, 0, 568, 1239, 1235, 32, 8.22%, 0, 0, 4, 11.34
1747829060, 0, 569, 1239, 1235, 32, 8.22%, 0, 0, 4, 12.71
1747829071, 0, 570, 1239, 1235, 32, 8.22%, 0, 0, 4, 12.83
1747829081, 0, 571, 1239, 1235, 32, 8.22%, 0, 0, 4, 12.82
1747829091, 0, 572, 1239, 1235, 32, 8.22%, 0, 0, 4, 12.19
1747829102, 0, 573, 1239, 1235, 32, 8.22%, 0, 0, 4, 11.69
1747829117, 0, 574, 1239, 1235, 32, 8.22%, 0, 0, 4, 11.88
1747829127, 0, 576, 1239, 1235, 32, 8.22%, 0, 0, 4, 12.49
1747829137, 0, 577, 1239, 1235, 32, 8.22%, 0, 0, 4, 11.91
1747829148, 0, 578, 1239, 1235, 32, 8.22%, 0, 0, 4, 11.93
1747829158, 0, 579, 1239, 1235, 32, 8.22%, 0, 0, 4, 12.14
1747829168, 0, 580, 1239, 1235, 32, 8.22%, 0, 0, 4, 12.88
1747829178, 0, 581, 1239, 1235, 32, 8.22%, 0, 0, 4, 12.84
1747829188, 0, 582, 1239, 1235, 32, 8.22%, 0, 0, 4, 12.27
1747829199, 0, 583, 1239, 1235, 32, 8.22%, 0, 0, 4, 12.50
1747829209, 0, 585, 1239, 1235, 32, 8.22%, 0, 0, 4, 13.09
1747829219, 0, 586, 1240, 1236, 32, 8.22%, 0, 0, 4, 11.78
1747829239, 0, 587, 1240, 1236, 32, 8.22%, 0, 0, 4, 11.00
1747829250, 0, 588, 1240, 1236, 32, 8.22%, 0, 0, 4, 11.56
1747829265, 0, 589, 1241, 1237, 32, 8.22%, 0, 0, 4, 11.10
1747829286, 0, 589, 1242, 1238, 32, 8.22%, 0, 0, 4, 11.13
1747829311, 0, 590, 1242, 1238, 32, 8.22%, 0, 0, 4, 12.62
1747829322, 0, 591, 1242, 1238, 32, 8.22%, 0, 0, 4, 12.07
1747829332, 0, 592, 1242, 1238, 32, 8.22%, 0, 0, 4, 12.64
1747829342, 0, 593, 1242, 1238, 32, 8.22%, 0, 0, 4, 12.69
1747829352, 0, 594, 1242, 1238, 32, 8.22%, 0, 0, 4, 12.72
1747829362, 0, 595, 1242, 1238, 32, 8.22%, 0, 0, 4, 12.79
1747829373, 0, 597, 1242, 1238, 32, 8.22%, 0, 0, 4, 11.70
1747829383, 0, 598, 1242, 1238, 32, 8.22%, 0, 0, 4, 12.40
1747829393, 0, 601, 1242, 1238, 32, 8.22%, 0, 0, 4, 11.91
1747829403, 0, 602, 1242, 1238, 32, 8.22%, 0, 0, 4, 12.18
1747829414, 0, 603, 1242, 1238, 32, 8.22%, 0, 0, 4, 12.17
1747829424, 0, 603, 1243, 1239, 32, 8.22%, 0, 0, 4, 10.99
1747829434, 0, 604, 1243, 1239, 32, 8.22%, 0, 0, 4, 11.77
1747829444, 0, 606, 1243, 1239, 32, 8.22%, 0, 0, 4, 11.72
1747829460, 0, 607, 1243, 1239, 32, 8.22%, 0, 0, 4, 12.19
1747829470, 0, 608, 1243, 1239, 32, 8.22%, 0, 0, 4, 13.21
1747829475, 0, 610, 1243, 1239, 32, 8.22%, 0, 0, 4, 13.00
1747829490, 0, 611, 1243, 1239, 32, 8.22%, 0, 0, 4, 11.64
1747829501, 0, 613, 1243, 1239, 32, 8.22%, 0, 0, 4, 11.50
1747829511, 0, 614, 1243, 1239, 32, 8.22%, 0, 0, 4, 11.69
1747829516, 0, 614, 1244, 1240, 32, 8.22%, 0, 0, 4, 11.24
1747829537, 0, 615, 1244, 1240, 32, 8.22%, 0, 0, 4, 11.37
1747829547, 0, 616, 1244, 1240, 32, 8.22%, 0, 0, 4, 10.91
1747829552, 0, 616, 1245, 1241, 32, 8.22%, 0, 0, 4, 10.73
1747829567, 0, 617, 1245, 1241, 32, 8.22%, 0, 0, 4, 11.58
1747829573, 0, 617, 1246, 1242, 32, 8.22%, 0, 0, 4, 11.43
1747829593, 0, 618, 1246, 1242, 32, 8.22%, 0, 0, 4, 12.18
1747829603, 0, 619, 1246, 1242, 32, 8.22%, 0, 0, 4, 12.78
1747829613, 0, 621, 1246, 1242, 32, 8.22%, 0, 0, 4, 12.21
1747829624, 0, 622, 1246, 1242, 32, 8.22%, 0, 0, 4, 11.52
1747829634, 0, 623, 1246, 1242, 32, 8.22%, 0, 0, 4, 12.32
1747829644, 0, 624, 1246, 1242, 32, 8.22%, 0, 0, 4, 11.91
1747829655, 0, 624, 1247, 1243, 32, 8.22%, 0, 0, 4, 11.27
1747829670, 0, 625, 1247, 1243, 32, 8.22%, 0, 0, 4, 12.09
1747829680, 0, 627, 1247, 1243, 32, 8.22%, 0, 0, 4, 12.26
1747829691, 0, 628, 1247, 1243, 32, 8.22%, 0, 0, 4, 11.49
1747829701, 0, 628, 1248, 1244, 32, 8.22%, 0, 0, 4, 11.29
1747829711, 0, 629, 1248, 1244, 32, 8.22%, 0, 0, 4, 11.93
1747829722, 0, 631, 1248, 1244, 32, 8.22%, 0, 0, 4, 12.50
1747829732, 0, 633, 1248, 1244, 32, 8.22%, 0, 0, 4, 12.26
1747829742, 0, 634, 1248, 1244, 32, 8.22%, 0, 0, 4, 11.43
1747829752, 0, 634, 1249, 1245, 32, 8.22%, 0, 0, 4, 10.57
1747829768, 0, 635, 1249, 1245, 32, 8.22%, 0, 0, 4, 11.43
1747829778, 0, 636, 1249, 1245, 32, 8.22%, 0, 0, 4, 11.09
1747829793, 0, 637, 1249, 1245, 32, 8.22%, 0, 0, 4, 11.04
1747829803, 0, 638, 1249, 1245, 32, 8.22%, 0, 0, 4, 11.63
1747829814, 0, 640, 1250, 1246, 32, 8.22%, 0, 0, 4, 10.89
1747829829, 0, 640, 1251, 1247, 32, 8.22%, 0, 0, 4, 10.67
1747829834, 0, 640, 1252, 1248, 32, 8.22%, 0, 0, 4, 10.43
1747829865, 0, 640, 1253, 1249, 32, 8.22%, 0, 0, 4, 11.01
1747829916, 0, 640, 1254, 1250, 32, 8.22%, 0, 0, 4, 11.24
1747829921, 0, 640, 1255, 1251, 32, 8.22%, 0, 0, 4, 10.63
1747830008, 0, 640, 1256, 1252, 32, 8.22%, 0, 0, 4, 10.23
1747830034, 0, 640, 1257, 1253, 32, 8.22%, 0, 0, 4, 10.60
1747830044, 0, 640, 1258, 1254, 32, 8.22%, 0, 0, 4, 10.42
1747830064, 0, 640, 1259, 1255, 32, 8.22%, 0, 0, 4, 11.11
1747830074, 0, 640, 1260, 1256, 32, 8.22%, 0, 0, 4, 10.87
1747830192, 0, 641, 1260, 1256, 32, 8.22%, 0, 0, 4, 11.56
1747830203, 0, 645, 1260, 1256, 32, 8.22%, 0, 0, 4, 10.72
1747830218, 0, 646, 1260, 1256, 32, 8.22%, 0, 0, 4, 11.33
1747830228, 0, 647, 1260, 1256, 32, 8.22%, 0, 0, 4, 11.89
1747830239, 0, 648, 1260, 1256, 32, 8.22%, 0, 0, 4, 11.50
1747830249, 0, 649, 1260, 1256, 32, 8.22%, 0, 0, 4, 10.97
1747830259, 0, 649, 1261, 1257, 32, 8.22%, 0, 0, 4, 10.48
1747830275, 0, 649, 1262, 1258, 32, 8.22%, 0, 0, 4, 10.68
1747830290, 0, 649, 1263, 1259, 32, 8.22%, 0, 0, 4, 10.37
1747830295, 0, 649, 1265, 1261, 32, 8.22%, 0, 0, 4, 10.07
1747830326, 0, 649, 1266, 1262, 32, 8.22%, 0, 0, 4, 11.04
1747830331, 0, 649, 1267, 1263, 32, 8.22%, 0, 0, 4, 10.42
1747830336, 0, 649, 1268, 1264, 32, 8.22%, 0, 0, 4, 10.52
1747830403, 0, 649, 1269, 1265, 32, 8.22%, 0, 0, 4, 10.73
1747830439, 0, 649, 1270, 1266, 32, 8.22%, 0, 0, 4, 10.26
1747830480, 0, 649, 1271, 1267, 32, 8.22%, 0, 0, 4, 10.88
1747830634, 0, 650, 1271, 1267, 33, 8.22%, 0, 0, 4, 11.06
1747830644, 0, 651, 1271, 1267, 33, 8.22%, 0, 0, 4, 11.39
1747830654, 0, 652, 1271, 1267, 33, 8.22%, 0, 0, 4, 12.94
1747830665, 0, 653, 1271, 1267, 33, 8.22%, 0, 0, 4, 12.83
1747830675, 0, 654, 1271, 1267, 33, 8.22%, 0, 0, 4, 10.87
1747830690, 0, 655, 1271, 1267, 33, 8.22%, 0, 0, 4, 12.24
1747830701, 0, 656, 1271, 1267, 33, 8.22%, 0, 0, 4, 11.59
1747830711, 0, 657, 1271, 1267, 33, 8.22%, 0, 0, 4, 10.60
1747830721, 0, 658, 1271, 1267, 33, 8.22%, 0, 0, 4, 11.33
1747830731, 0, 660, 1271, 1267, 33, 8.22%, 0, 0, 4, 12.46
1747830742, 0, 661, 1271, 1267, 33, 8.22%, 0, 0, 4, 10.38
1747830752, 0, 663, 1271, 1267, 33, 8.22%, 0, 0, 4, 12.25
1747830768, 0, 664, 1271, 1267, 33, 8.22%, 0, 0, 4, 12.30
1747830778, 0, 667, 1271, 1267, 33, 8.22%, 0, 0, 4, 11.32
1747830783, 0, 667, 1272, 1268, 33, 8.22%, 0, 0, 4, 10.81
1747830798, 0, 670, 1272, 1268, 33, 8.22%, 0, 0, 4, 11.74
1747830803, 0, 670, 1273, 1269, 33, 8.22%, 0, 0, 4, 11.81
1747830819, 0, 671, 1273, 1269, 33, 8.22%, 0, 0, 4, 13.03
1747830829, 0, 673, 1273, 1269, 33, 8.22%, 0, 0, 4, 13.24
1747830839, 0, 674, 1273, 1269, 33, 8.22%, 0, 0, 4, 12.02
1747830850, 0, 674, 1274, 1270, 33, 8.22%, 0, 0, 4, 10.39
1747830865, 0, 676, 1274, 1270, 33, 8.22%, 0, 0, 4, 10.95
1747830875, 0, 676, 1275, 1271, 33, 8.22%, 0, 0, 4, 10.51
1747830890, 0, 677, 1275, 1271, 33, 8.22%, 0, 0, 4, 11.39
1747830895, 0, 677, 1276, 1272, 33, 8.22%, 0, 0, 4, 10.75
1747830911, 0, 677, 1277, 1273, 33, 8.22%, 0, 0, 4, 10.33
1747830926, 0, 677, 1278, 1274, 33, 8.23%, 0, 0, 4, 9.84
1747830952, 0, 677, 1279, 1275, 33, 8.23%, 0, 0, 4, 9.92
1747831080, 0, 677, 1280, 1276, 33, 8.23%, 0, 0, 4, 10.39
1747831121, 0, 677, 1281, 1277, 33, 8.23%, 0, 0, 4, 11.08
1747831137, 0, 677, 1282, 1278, 33, 8.23%, 0, 0, 4, 10.80
1747831157, 0, 677, 1283, 1279, 33, 8.24%, 0, 0, 4, 10.59
1747831280, 0, 678, 1283, 1279, 32, 8.24%, 0, 0, 4, 12.04
1747831290, 0, 679, 1283, 1279, 32, 8.24%, 0, 0, 4, 12.07
1747831300, 0, 681, 1283, 1279, 32, 8.24%, 0, 0, 4, 11.92
1747831311, 0, 682, 1283, 1279, 32, 8.24%, 0, 0, 4, 11.80
1747831321, 0, 683, 1283, 1279, 32, 8.24%, 0, 0, 4, 11.09
1747831331, 0, 685, 1283, 1279, 32, 8.24%, 0, 0, 4, 11.28
1747831341, 0, 686, 1283, 1279, 32, 8.24%, 0, 0, 4, 12.01
1747831357, 0, 689, 1283, 1279, 32, 8.24%, 0, 0, 4, 12.31
1747831367, 0, 690, 1284, 1280, 32, 8.24%, 0, 0, 4, 10.85
1747831393, 0, 692, 1284, 1280, 32, 8.24%, 0, 0, 4, 10.87
1747831403, 0, 693, 1284, 1280, 32, 8.24%, 0, 0, 4, 12.05
1747831413, 0, 694, 1284, 1280, 32, 8.24%, 0, 0, 4, 11.44
1747831423, 0, 695, 1284, 1280, 32, 8.24%, 0, 0, 4, 10.65
1747831439, 0, 696, 1284, 1280, 32, 8.24%, 0, 0, 4, 10.64
1747831449, 0, 697, 1284, 1280, 32, 8.24%, 0, 0, 4, 10.63
1747831459, 0, 698, 1284, 1280, 32, 8.24%, 0, 0, 4, 10.69
1747831475, 0, 699, 1284, 1280, 32, 8.24%, 0, 0, 4, 12.57
1747831480, 0, 700, 1284, 1280, 32, 8.24%, 0, 0, 4, 13.12
1747831495, 0, 701, 1285, 1281, 32, 8.25%, 0, 0, 4, 10.79
1747831521, 0, 702, 1285, 1281, 33, 8.25%, 0, 0, 4, 12.35
1747831526, 0, 703, 1285, 1281, 33, 8.25%, 0, 0, 4, 12.53
1747831542, 0, 704, 1285, 1281, 33, 8.25%, 0, 0, 4, 11.02
1747831552, 0, 705, 1285, 1281, 33, 8.25%, 0, 0, 4, 10.26
1747831562, 0, 706, 1285, 1281, 33, 8.25%, 0, 0, 4, 11.09
1747831577, 0, 707, 1285, 1281, 33, 8.25%, 0, 0, 4, 11.86
1747831588, 0, 709, 1285, 1281, 33, 8.25%, 0, 0, 4, 11.13
1747831598, 0, 711, 1285, 1281, 33, 8.25%, 0, 0, 4, 11.67
1747831608, 0, 713, 1285, 1281, 33, 8.25%, 0, 0, 4, 11.85
1747831618, 0, 713, 1286, 1282, 33, 8.25%, 0, 0, 4, 9.96
1747831633, 0, 714, 1286, 1282, 33, 8.25%, 0, 0, 4, 10.42
1747831643, 0, 716, 1286, 1282, 33, 8.25%, 0, 0, 4, 10.36
1747831659, 0, 718, 1286, 1282, 33, 8.25%, 0, 0, 4, 11.79
1747831664, 0, 718, 1287, 1283, 33, 8.25%, 0, 0, 4, 12.42
1747831680, 0, 720, 1287, 1283, 33, 8.25%, 0, 0, 4, 11.46
1747831690, 0, 722, 1287, 1283, 33, 8.25%, 0, 0, 4, 10.33
1747831705, 0, 723, 1287, 1283, 33, 8.25%, 0, 0, 4, 10.67
1747831716, 0, 724, 1287, 1283, 33, 8.25%, 0, 0, 4, 10.85
1747831726, 0, 726, 1287, 1283, 33, 8.25%, 0, 0, 4, 10.54
1747831742, 0, 729, 1287, 1283, 33, 8.25%, 0, 0, 4, 12.27
1747831752, 0, 731, 1287, 1283, 33, 8.25%, 0, 0, 4, 11.47
1747831762, 0, 731, 1288, 1284, 33, 8.25%, 0, 0, 4, 10.81
1747831772, 0, 732, 1288, 1284, 33, 8.25%, 0, 0, 4, 10.67
1747831787, 0, 733, 1288, 1284, 33, 8.25%, 0, 0, 4, 11.86
1747831798, 0, 734, 1288, 1284, 33, 8.25%, 0, 0, 4, 12.69
1747831808, 0, 735, 1288, 1284, 33, 8.25%, 0, 0, 4, 11.27
1747831818, 0, 736, 1288, 1284, 33, 8.25%, 0, 0, 4, 10.63
1747831829, 0, 738, 1288, 1284, 33, 8.25%, 0, 0, 4, 10.06
1747831844, 0, 739, 1288, 1284, 33, 8.25%, 0, 0, 4, 10.53
1747831854, 0, 742, 1288, 1284, 33, 8.25%, 0, 0, 4, 10.68
1747831865, 0, 743, 1288, 1284, 33, 8.25%, 0, 0, 4, 11.14
1747835328, 0, 744, 1288, 1283, 32, 8.25%, 0, 0, 4, 13.78
1747835333, 0, 745, 1288, 1283, 32, 8.25%, 0, 0, 4, 13.54
1747835349, 0, 746, 1288, 1283, 32, 8.25%, 0, 0, 4, 10.86
1747835359, 0, 747, 1288, 1283, 32, 8.25%, 0, 0, 4, 11.63
1747835369, 0, 748, 1288, 1283, 32, 8.25%, 0, 0, 4, 12.50
1747835385, 0, 749, 1288, 1283, 32, 8.25%, 0, 0, 4, 12.16
1747835390, 0, 750, 1288, 1283, 32, 8.25%, 0, 0, 4, 12.33
1747835400, 0, 751, 1288, 1283, 32, 8.25%, 0, 0, 4, 12.48
1747835416, 0, 752, 1288, 1283, 32, 8.25%, 0, 0, 4, 12.06
1747835426, 0, 753, 1288, 1283, 32, 8.25%, 0, 0, 4, 11.25
1747835436, 0, 756, 1288, 1283, 32, 8.25%, 0, 0, 4, 10.90
1747835446, 0, 756, 1289, 1284, 32, 8.25%, 0, 0, 4, 10.64
1747835462, 0, 757, 1289, 1284, 32, 8.25%, 0, 0, 4, 10.78
1747835472, 0, 758, 1289, 1284, 32, 8.25%, 0, 0, 4, 10.76
1747835482, 0, 758, 1290, 1285, 32, 8.26%, 0, 0, 4, 10.18
1747835498, 0, 760, 1290, 1285, 32, 8.26%, 0, 0, 4, 10.07
1747835508, 0, 761, 1290, 1285, 32, 8.26%, 0, 0, 4, 11.17
1747835518, 0, 761, 1291, 1286, 32, 8.26%, 0, 0, 4, 10.10
1747835534, 0, 762, 1291, 1286, 32, 8.26%, 0, 0, 4, 11.17
1747835549, 0, 763, 1291, 1286, 32, 8.26%, 0, 0, 4, 12.62
1747835554, 0, 764, 1291, 1286, 32, 8.26%, 0, 0, 4, 12.74
1747835570, 0, 765, 1291, 1286, 32, 8.26%, 0, 0, 4, 10.51
1747835580, 0, 767, 1291, 1286, 32, 8.26%, 0, 0, 4, 10.44
1747835585, 0, 767, 1292, 1287, 32, 8.26%, 0, 0, 4, 10.63
1747835605, 0, 768, 1292, 1287, 32, 8.26%, 0, 0, 4, 10.63
1747835620, 0, 769, 1292, 1287, 32, 8.26%, 0, 0, 4, 12.37
1747835625, 0, 771, 1292, 1287, 32, 8.26%, 0, 0, 4, 12.81
1747835640, 0, 773, 1292, 1287, 32, 8.26%, 0, 0, 4, 10.89
1747835650, 0, 774, 1292, 1287, 32, 8.26%, 0, 0, 4, 10.81
1747835656, 0, 774, 1293, 1288, 32, 8.26%, 0, 0, 4, 9.81
1747835661, 0, 774, 1294, 1289, 32, 8.26%, 0, 0, 4, 10.59
1747835692, 0, 774, 1295, 1290, 32, 8.26%, 0, 0, 4, 10.83
1747835717, 0, 774, 1296, 1291, 32, 8.26%, 0, 0, 4, 10.27
1747835769, 0, 774, 1297, 1292, 32, 8.26%, 0, 0, 4, 10.11
1747835840, 0, 774, 1298, 1293, 32, 8.26%, 0, 0, 4, 10.07
1747835963, 0, 774, 1299, 1294, 32, 8.26%, 0, 0, 4, 10.06
1747836004, 0, 774, 1300, 1295, 32, 8.26%, 0, 0, 4, 9.94
1747836035, 0, 775, 1300, 1295, 30, 8.26%, 0, 0, 4, 11.02
1747836046, 0, 775, 1301, 1296, 30, 8.26%, 0, 0, 4, 10.37
1747836061, 0, 776, 1301, 1296, 30, 8.26%, 0, 0, 4, 10.62
1747836071, 0, 777, 1301, 1296, 30, 8.26%, 0, 0, 4, 12.69
1747836081, 0, 778, 1302, 1297, 30, 8.26%, 0, 0, 4, 12.69
1747836107, 0, 780, 1302, 1297, 30, 8.26%, 0, 0, 4, 10.84
1747836118, 0, 783, 1302, 1297, 30, 8.26%, 0, 0, 4, 10.65
1747836128, 0, 784, 1302, 1297, 30, 8.26%, 0, 0, 4, 12.59
1747836143, 0, 784, 1303, 1298, 30, 8.26%, 0, 0, 4, 10.00
1747836153, 0, 784, 1304, 1299, 30, 8.26%, 0, 0, 4, 10.39
1747836169, 0, 784, 1305, 1300, 30, 8.26%, 0, 0, 4, 10.12
1747836231, 0, 785, 1305, 1300, 30, 8.26%, 0, 0, 4, 11.07
1747836241, 0, 789, 1305, 1300, 30, 8.26%, 0, 0, 4, 11.68
1747836251, 0, 790, 1305, 1300, 30, 8.26%, 0, 0, 4, 10.61
1747836256, 0, 790, 1306, 1301, 30, 8.26%, 0, 0, 4, 9.91
1747836277, 0, 791, 1306, 1301, 30, 8.26%, 0, 0, 4, 10.49
1747836287, 0, 792, 1306, 1301, 30, 8.26%, 0, 0, 4, 12.92
1747836302, 0, 793, 1306, 1301, 30, 8.26%, 0, 0, 4, 10.49
1747836312, 0, 794, 1306, 1301, 30, 8.26%, 0, 0, 4, 10.69
1747836322, 0, 795, 1306, 1301, 30, 8.26%, 0, 0, 4, 10.85
1747836333, 0, 796, 1306, 1301, 30, 8.26%, 0, 0, 4, 12.27
1747836343, 0, 796, 1307, 1302, 30, 8.26%, 0, 0, 4, 14.98
1747836353, 0, 797, 1307, 1302, 30, 8.26%, 0, 0, 4, 18.46
1747836358, 0, 798, 1307, 1302, 30, 8.26%, 0, 0, 4, 18.59
1747836369, 0, 800, 1307, 1302, 30, 8.26%, 0, 0, 4, 18.30
1747836374, 0, 801, 1307, 1302, 30, 8.26%, 0, 0, 4, 17.83
1747836379, 0, 802, 1308, 1303, 30, 8.26%, 0, 0, 4, 17.64
1747836395, 0, 803, 1308, 1303, 30, 8.26%, 0, 0, 4, 17.70
1747836405, 0, 804, 1308, 1303, 30, 8.26%, 0, 0, 4, 18.67
1747836410, 0, 805, 1308, 1303, 30, 8.26%, 0, 0, 4, 18.74
1747836415, 0, 807, 1308, 1303, 30, 8.26%, 0, 0, 4, 18.92
1747836425, 0, 808, 1308, 1303, 30, 8.26%, 0, 0, 4, 18.10
1747836430, 0, 809, 1308, 1303, 30, 8.26%, 0, 0, 4, 18.40
1747836436, 0, 810, 1308, 1303, 30, 8.26%, 0, 0, 4, 17.93
1747836446, 0, 811, 1308, 1303, 30, 8.26%, 0, 0, 4, 21.15
1747836451, 0, 814, 1308, 1303, 30, 8.26%, 0, 0, 4, 19.00
1747836456, 0, 814, 1309, 1304, 30, 8.26%, 0, 0, 4, 17.66
1747836467, 0, 816, 1309, 1304, 30, 8.26%, 0, 0, 4, 21.74
1747836472, 0, 817, 1309, 1304, 30, 8.26%, 0, 0, 4, 22.83
1747836477, 0, 818, 1309, 1304, 30, 8.26%, 0, 0, 4, 22.89
1747836482, 0, 819, 1309, 1304, 30, 8.26%, 0, 0, 4, 22.46
1747836487, 0, 820, 1309, 1304, 30, 8.26%, 0, 0, 4, 20.89
1747836492, 0, 821, 1309, 1304, 30, 8.26%, 0, 0, 4, 19.11
1747836502, 0, 822, 1309, 1304, 30, 8.26%, 0, 0, 4, 18.75
1747836507, 0, 823, 1309, 1304, 30, 8.26%, 0, 0, 4, 19.83
1747836513, 0, 824, 1309, 1304, 30, 8.26%, 0, 0, 4, 20.50
1747836523, 0, 825, 1310, 1305, 30, 8.26%, 0, 0, 4, 17.61
1747836528, 0, 825, 1311, 1306, 30, 8.26%, 0, 0, 4, 16.79
1747836549, 0, 828, 1311, 1306, 32, 8.26%, 0, 0, 4, 19.08
1747836554, 0, 831, 1311, 1306, 32, 8.26%, 0, 0, 4, 21.12
1747836564, 0, 832, 1311, 1306, 32, 8.26%, 0, 0, 4, 18.29
1747836569, 0, 834, 1311, 1306, 32, 8.26%, 0, 0, 4, 18.04
1747836580, 0, 835, 1311, 1306, 32, 8.26%, 0, 0, 4, 16.93
1747836585, 0, 836, 1311, 1306, 32, 8.26%, 0, 0, 4, 17.22
1747836590, 0, 837, 1311, 1306, 32, 8.26%, 0, 0, 4, 17.47
1747836600, 0, 838, 1311, 1306, 32, 8.26%, 0, 0, 4, 16.99
1747836605, 0, 839, 1311, 1306, 32, 8.26%, 0, 0, 4, 17.03
1747836616, 0, 840, 1311, 1306, 32, 8.26%, 0, 0, 4, 17.73
1747836621, 0, 840, 1312, 1307, 32, 8.26%, 0, 0, 4, 18.49
1747836631, 0, 841, 1312, 1307, 32, 8.26%, 0, 0, 4, 17.87
1747836636, 0, 842, 1312, 1307, 32, 8.26%, 0, 0, 4, 20.17
1747836641, 0, 843, 1312, 1307, 32, 8.26%, 0, 0, 4, 20.53
1747836651, 0, 844, 1312, 1307, 32, 8.26%, 0, 0, 4, 18.35
1747836656, 0, 845, 1312, 1307, 32, 8.26%, 0, 0, 4, 18.30
1747836666, 0, 846, 1312, 1307, 32, 8.26%, 0, 0, 4, 16.35
1747836671, 0, 847, 1312, 1307, 32, 8.26%, 0, 0, 4, 18.03
1747836677, 0, 848, 1312, 1307, 32, 8.26%, 0, 0, 4, 19.47
1747836687, 0, 850, 1312, 1307, 32, 8.26%, 0, 0, 4, 18.65
1747836692, 0, 851, 1312, 1307, 32, 8.26%, 0, 0, 4, 18.82
1747836697, 0, 852, 1312, 1307, 32, 8.26%, 0, 0, 4, 18.27
1747836707, 0, 853, 1313, 1308, 32, 8.26%, 0, 0, 4, 16.92
1747836718, 0, 853, 1314, 1309, 32, 8.26%, 0, 0, 4, 16.73
1747836738, 0, 854, 1314, 1309, 33, 8.26%, 0, 0, 4, 18.49
1747836743, 0, 855, 1314, 1309, 33, 8.26%, 0, 0, 4, 18.33
1747836749, 0, 856, 1314, 1309, 33, 8.26%, 0, 0, 4, 19.14
1747836754, 0, 860, 1314, 1309, 33, 8.26%, 0, 0, 4, 21.04
1747836764, 0, 861, 1314, 1309, 33, 8.26%, 0, 0, 4, 18.75
1747836769, 0, 863, 1314, 1309, 33, 8.26%, 0, 0, 4, 18.15
1747836779, 0, 864, 1314, 1309, 33, 8.26%, 0, 0, 4, 21.11
1747836784, 0, 865, 1314, 1309, 33, 8.26%, 0, 0, 4, 21.96
1747836790, 0, 866, 1314, 1309, 33, 8.26%, 0, 0, 4, 19.52
1747836795, 0, 866, 1315, 1310, 33, 8.26%, 0, 0, 4, 17.79
1747836800, 0, 866, 1316, 1311, 33, 8.26%, 0, 0, 4, 16.28
1747836805, 0, 866, 1317, 1312, 33, 8.26%, 0, 0, 4, 16.90
1747836851, 0, 867, 1317, 1312, 29, 8.26%, 0, 0, 4, 21.02
1747836856, 0, 870, 1317, 1312, 29, 8.26%, 0, 0, 4, 19.87
1747836861, 0, 871, 1317, 1312, 29, 8.26%, 0, 0, 4, 18.15
1747836872, 0, 872, 1317, 1312, 29, 8.26%, 0, 0, 4, 17.97
1747836877, 0, 875, 1317, 1312, 29, 8.26%, 0, 0, 4, 17.79
1747836887, 0, 876, 1318, 1313, 29, 8.26%, 0, 0, 4, 17.43
1747836897, 0, 877, 1318, 1313, 29, 8.26%, 0, 0, 4, 18.31
1747836908, 0, 878, 1318, 1313, 29, 8.26%, 0, 0, 4, 17.29
1747836913, 0, 879, 1318, 1313, 29, 8.26%, 0, 0, 4, 17.23
1747836923, 0, 880, 1318, 1313, 29, 8.26%, 0, 0, 4, 17.96
1747836928, 0, 881, 1318, 1313, 29, 8.26%, 0, 0, 4, 19.90
1747836933, 0, 882, 1318, 1313, 29, 8.26%, 0, 0, 4, 19.97
1747836943, 0, 883, 1318, 1313, 29, 8.26%, 0, 0, 4, 17.29
1747836949, 0, 884, 1318, 1313, 29, 8.26%, 0, 0, 4, 19.77
1747836954, 0, 885, 1319, 1314, 29, 8.27%, 0, 0, 4, 19.06
1747836959, 0, 885, 1320, 1315, 29, 8.27%, 0, 0, 4, 17.93
1747836964, 0, 885, 1322, 1317, 29, 8.28%, 0, 0, 4, 16.48
1747836969, 0, 885, 1324, 1319, 29, 8.28%, 0, 0, 4, 16.77
1747836974, 0, 885, 1325, 1320, 29, 8.28%, 0, 0, 4, 18.12
1747836995, 0, 885, 1326, 1321, 29, 8.28%, 0, 0, 4, 17.51
1747837020, 0, 885, 1327, 1322, 29, 8.28%, 0, 0, 4, 17.38
1747837036, 0, 885, 1328, 1323, 29, 8.29%, 0, 0, 4, 16.73
1747837046, 0, 885, 1329, 1324, 29, 8.29%, 0, 0, 4, 17.03
1747837077, 0, 885, 1330, 1325, 29, 8.29%, 0, 0, 4, 17.88
1747837179, 0, 885, 1332, 1327, 29, 8.29%, 0, 0, 4, 15.69
1747837199, 0, 886, 1332, 1327, 26, 8.29%, 0, 0, 4, 20.12
1747837204, 0, 887, 1332, 1327, 26, 8.29%, 0, 0, 4, 18.61
1747837210, 0, 888, 1332, 1327, 26, 8.29%, 0, 0, 4, 19.32
1747837215, 0, 889, 1332, 1327, 26, 8.29%, 0, 0, 4, 19.01
1747837225, 0, 890, 1332, 1327, 26, 8.29%, 0, 0, 4, 17.33
1747837230, 0, 891, 1332, 1327, 26, 8.29%, 0, 0, 4, 17.30
1747837240, 0, 892, 1332, 1327, 26, 8.29%, 0, 0, 4, 20.91
1747837245, 0, 893, 1332, 1327, 26, 8.29%, 0, 0, 4, 18.43
1747837250, 0, 894, 1332, 1327, 26, 8.29%, 0, 0, 4, 17.10
1747837260, 0, 895, 1332, 1327, 26, 8.29%, 0, 0, 4, 17.63
1747837266, 0, 896, 1332, 1327, 26, 8.29%, 0, 0, 4, 17.61
1747837276, 0, 897, 1332, 1327, 26, 8.29%, 0, 0, 4, 18.43
1747837281, 0, 898, 1332, 1327, 26, 8.29%, 0, 0, 4, 16.66
1747837291, 0, 899, 1333, 1328, 26, 8.29%, 0, 0, 4, 17.34
1747837301, 0, 900, 1333, 1328, 27, 8.29%, 0, 0, 4, 18.17
1747837312, 0, 901, 1333, 1328, 27, 8.29%, 0, 0, 4, 19.81
1747837317, 0, 902, 1333, 1328, 27, 8.29%, 0, 0, 4, 19.47
1747837327, 0, 903, 1333, 1328, 27, 8.29%, 0, 0, 4, 17.73
1747837332, 0, 904, 1333, 1328, 27, 8.29%, 0, 0, 4, 18.18
1747837337, 0, 905, 1333, 1328, 27, 8.29%, 0, 0, 4, 17.96
1747837347, 0, 907, 1333, 1328, 27, 8.29%, 0, 0, 4, 17.15
1747837352, 0, 909, 1334, 1329, 27, 8.29%, 0, 0, 4, 16.74
1747837357, 0, 909, 1336, 1331, 27, 8.29%, 0, 0, 4, 17.30
1747837368, 0, 909, 1337, 1332, 27, 8.29%, 0, 0, 4, 17.53
1747837378, 0, 909, 1338, 1333, 27, 8.29%, 0, 0, 4, 17.05
1747837710, 0, 910, 1339, 1334, 27, 8.29%, 0, 0, 4, 9.04
1747837715, 0, 910, 1340, 1335, 27, 8.29%, 0, 0, 4, 9.91
1747837731, 0, 910, 1341, 1336, 27, 8.29%, 0, 0, 4, 8.87
1747837818, 0, 911, 1341, 1336, 27, 8.29%, 0, 0, 4, 9.86
1747837834, 0, 912, 1341, 1336, 27, 8.29%, 0, 0, 4, 11.36
1747837844, 0, 913, 1341, 1336, 27, 8.29%, 0, 0, 4, 11.17
1747837854, 0, 914, 1341, 1336, 27, 8.29%, 0, 0, 4, 9.93
1747837869, 0, 916, 1341, 1336, 27, 8.29%, 0, 0, 4, 11.27
1747837880, 0, 917, 1341, 1336, 27, 8.29%, 0, 0, 4, 12.03
1747837890, 0, 918, 1341, 1336, 27, 8.29%, 0, 0, 4, 11.17
1747837900, 0, 918, 1342, 1337, 27, 8.29%, 0, 0, 4, 9.77
1747837915, 0, 920, 1342, 1337, 27, 8.29%, 0, 0, 4, 10.69
1747837926, 0, 922, 1342, 1337, 27, 8.29%, 0, 0, 4, 9.86
1747837941, 0, 923, 1342, 1337, 27, 8.29%, 0, 0, 4, 11.96
1747837951, 0, 924, 1342, 1337, 27, 8.29%, 0, 0, 4, 11.16
1747837961, 0, 925, 1342, 1337, 27, 8.29%, 0, 0, 4, 10.53
1747837976, 0, 926, 1342, 1337, 27, 8.29%, 0, 0, 4, 10.55
1747837987, 0, 927, 1342, 1337, 27, 8.29%, 0, 0, 4, 10.59
1747838002, 0, 928, 1342, 1337, 27, 8.29%, 0, 0, 4, 10.82
1747838012, 0, 929, 1342, 1337, 27, 8.29%, 0, 0, 4, 10.91
1747838023, 0, 930, 1342, 1337, 27, 8.29%, 0, 0, 4, 10.56
1747838038, 0, 931, 1342, 1337, 27, 8.29%, 0, 0, 4, 10.10
1747838048, 0, 932, 1342, 1337, 27, 8.29%, 0, 0, 4, 10.23
1747838058, 0, 933, 1342, 1337, 27, 8.29%, 0, 0, 4, 12.38
1747838069, 0, 934, 1342, 1337, 27, 8.29%, 0, 0, 4, 11.73
1747838079, 0, 935, 1342, 1337, 27, 8.29%, 0, 0, 4, 13.12
1747838089, 0, 937, 1342, 1337, 27, 8.29%, 0, 0, 4, 12.33
1747838105, 0, 938, 1342, 1337, 27, 8.29%, 0, 0, 4, 11.68
1747838115, 0, 939, 1342, 1337, 27, 8.29%, 0, 0, 4, 11.09
1747838120, 0, 939, 1343, 1338, 27, 8.29%, 0, 0, 4, 9.69
1747838141, 0, 940, 1343, 1338, 27, 8.29%, 0, 0, 4, 11.56
1747838151, 0, 942, 1343, 1338, 27, 8.29%, 0, 0, 4, 11.04
1747838161, 0, 943, 1343, 1338, 27, 8.29%, 0, 0, 4, 10.92
1747838171, 0, 944, 1343, 1338, 27, 8.29%, 0, 0, 4, 12.43
1747838187, 0, 945, 1344, 1339, 27, 8.29%, 0, 0, 4, 9.66
1747838213, 0, 948, 1344, 1339, 27, 8.29%, 0, 0, 4, 11.59
1747838223, 0, 949, 1344, 1339, 27, 8.29%, 0, 0, 4, 10.60
1747838233, 0, 950, 1344, 1339, 27, 8.29%, 0, 0, 4, 9.58
1747838249, 0, 951, 1345, 1340, 27, 8.29%, 0, 0, 4, 9.61
1747838274, 0, 952, 1345, 1340, 27, 8.29%, 0, 0, 4, 10.17
1747838290, 0, 953, 1345, 1340, 27, 8.29%, 0, 0, 4, 10.30
1747838295, 0, 953, 1346, 1341, 27, 8.29%, 0, 0, 4, 9.44
1747838315, 0, 954, 1346, 1341, 27, 8.29%, 0, 0, 4, 9.82
1747838326, 0, 955, 1346, 1341, 27, 8.29%, 0, 0, 4, 10.63
1747838341, 0, 956, 1346, 1341, 27, 8.29%, 0, 0, 4, 10.51
1747838351, 0, 957, 1346, 1341, 27, 8.29%, 0, 0, 4, 9.70
1747838367, 0, 958, 1347, 1342, 27, 8.29%, 0, 0, 4, 9.14
1747838377, 0, 958, 1348, 1343, 27, 8.29%, 0, 0, 4, 9.19
1747838418, 0, 959, 1349, 1344, 27, 8.29%, 0, 0, 4, 9.28
1747838429, 0, 959, 1350, 1345, 27, 8.29%, 0, 0, 4, 9.48
1747838475, 0, 960, 1350, 1345, 27, 8.29%, 0, 0, 4, 9.97
1747838485, 0, 961, 1350, 1345, 27, 8.29%, 0, 0, 4, 9.86
1747838496, 0, 964, 1350, 1345, 27, 8.29%, 0, 0, 4, 11.25
1747838506, 0, 965, 1350, 1345, 27, 8.29%, 0, 0, 4, 12.08
1747838521, 0, 965, 1351, 1346, 27, 8.29%, 0, 0, 4, 9.84
1747838526, 0, 965, 1352, 1347, 27, 8.29%, 0, 0, 4, 9.56
1747838562, 0, 966, 1352, 1347, 27, 8.29%, 0, 0, 4, 10.40
1747838573, 0, 967, 1352, 1347, 27, 8.29%, 0, 0, 4, 11.20
1747838583, 0, 968, 1352, 1347, 27, 8.29%, 0, 0, 4, 11.47
1747838593, 0, 971, 1352, 1347, 27, 8.29%, 0, 0, 4, 9.97
1747838604, 0, 972, 1352, 1347, 27, 8.29%, 0, 0, 4, 12.09
1747838619, 0, 973, 1353, 1348, 27, 8.29%, 0, 0, 4, 9.65
1747838645, 0, 974, 1354, 1349, 27, 8.30%, 0, 0, 4, 9.49
1747838670, 0, 976, 1354, 1349, 28, 8.30%, 0, 0, 4, 10.10
1747838686, 0, 977, 1354, 1349, 28, 8.30%, 0, 0, 4, 10.79
1747838696, 0, 978, 1354, 1349, 28, 8.30%, 0, 0, 4, 9.41
1747838712, 0, 979, 1354, 1349, 28, 8.30%, 0, 0, 4, 10.20
1747838722, 0, 979, 1356, 1351, 28, 8.40%, 0, 0, 4, 9.60
1747838768, 0, 980, 1356, 1351, 26, 8.40%, 0, 0, 4, 9.35
1747838778, 0, 981, 1357, 1352, 26, 8.40%, 0, 0, 4, 9.73
1747838804, 0, 982, 1357, 1352, 26, 8.40%, 0, 0, 4, 10.02
1747838819, 0, 983, 1357, 1352, 26, 8.40%, 0, 0, 4, 10.10
1747838825, 0, 983, 1358, 1353, 26, 8.40%, 0, 0, 4, 9.92
1747838835, 0, 983, 1359, 1354, 26, 8.40%, 0, 0, 4, 10.59
1747838850, 0, 983, 1360, 1355, 26, 8.40%, 0, 0, 4, 8.97
1747838922, 0, 984, 1361, 1356, 26, 8.40%, 0, 0, 4, 16.10
1747838937, 0, 986, 1361, 1356, 26, 8.40%, 0, 0, 4, 17.25
1747838943, 0, 987, 1361, 1356, 26, 8.40%, 0, 0, 4, 16.86
1747838953, 0, 988, 1362, 1357, 26, 8.40%, 0, 0, 4, 15.90
1747838963, 0, 988, 1363, 1358, 26, 8.40%, 0, 0, 4, 16.02
1747838968, 0, 988, 1364, 1359, 26, 8.41%, 0, 0, 4, 15.89
1747838973, 0, 988, 1366, 1361, 26, 8.41%, 0, 0, 4, 15.56
1747839004, 0, 988, 1367, 1362, 26, 8.41%, 0, 0, 4, 15.25
1747839019, 0, 988, 1368, 1363, 26, 8.41%, 0, 0, 4, 15.84
1747839030, 0, 988, 1369, 1364, 26, 8.44%, 0, 0, 4, 16.13
1747839046, 0, 988, 1370, 1365, 26, 8.44%, 0, 0, 4, 16.91
1747839066, 0, 988, 1371, 1366, 26, 8.44%, 0, 0, 4, 16.35
1747839071, 0, 988, 1372, 1367, 26, 8.44%, 0, 0, 4, 15.99
1747839097, 0, 988, 1373, 1368, 26, 8.44%, 0, 0, 4, 16.68
1747839107, 0, 988, 1374, 1369, 26, 8.44%, 0, 0, 4, 16.55
1747839112, 0, 988, 1376, 1371, 26, 8.44%, 0, 0, 4, 15.21
1747839117, 0, 988, 1377, 1372, 26, 8.44%, 0, 0, 4, 16.37
1747839153, 0, 988, 1378, 1373, 26, 8.44%, 0, 0, 4, 16.48
1747839179, 0, 988, 1379, 1374, 26, 8.44%, 0, 0, 4, 16.88
1747839189, 0, 988, 1380, 1375, 26, 8.44%, 0, 0, 4, 15.81
1747839209, 0, 989, 1380, 1375, 26, 8.44%, 0, 0, 4, 16.22
1747839220, 0, 990, 1381, 1376, 26, 8.44%, 0, 0, 4, 16.18
1747839235, 0, 991, 1381, 1376, 26, 8.44%, 0, 0, 4, 18.34
1747839240, 0, 992, 1381, 1376, 26, 8.44%, 0, 0, 4, 18.67
1747839245, 0, 993, 1381, 1376, 26, 8.44%, 0, 0, 4, 18.98
1747839255, 0, 994, 1381, 1376, 26, 8.44%, 0, 0, 4, 19.05
1747839260, 0, 995, 1381, 1376, 26, 8.44%, 0, 0, 4, 17.18
1747839271, 0, 996, 1381, 1376, 26, 8.44%, 0, 0, 4, 17.26
1747839276, 0, 996, 1382, 1377, 26, 8.44%, 0, 0, 4, 15.92
1747839286, 0, 999, 1382, 1377, 26, 8.44%, 0, 0, 4, 17.27
1747839291, 0, 1000, 1382, 1377, 26, 8.44%, 0, 0, 4, 16.84
1747839301, 0, 1001, 1382, 1377, 26, 8.44%, 0, 0, 4, 17.18
1747839306, 0, 1002, 1382, 1377, 26, 8.44%, 0, 0, 4, 20.39
1747839312, 0, 1004, 1382, 1377, 26, 8.44%, 0, 0, 4, 21.55
1747839317, 0, 1005, 1382, 1377, 26, 8.44%, 0, 0, 4, 20.27
1747839327, 0, 1007, 1382, 1377, 26, 8.44%, 0, 0, 4, 20.89
1747839332, 0, 1008, 1382, 1377, 26, 8.44%, 0, 0, 4, 18.10
1747839337, 0, 1008, 1383, 1378, 26, 8.44%, 0, 0, 4, 17.03
1747839342, 0, 1008, 1384, 1379, 26, 8.44%, 0, 0, 4, 16.69
1747839347, 0, 1008, 1385, 1380, 26, 8.44%, 0, 0, 4, 15.85
1747839358, 0, 1008, 1386, 1381, 26, 8.44%, 0, 0, 4, 16.14
1747839429, 0, 1008, 1387, 1382, 26, 8.44%, 0, 0, 4, 17.79
1747839476, 0, 1008, 1388, 1383, 26, 8.44%, 0, 0, 4, 16.95
1747839481, 0, 1008, 1389, 1384, 26, 8.45%, 0, 0, 4, 17.36
1747839563, 0, 1008, 1390, 1385, 26, 8.45%, 0, 0, 4, 16.22
1747839573, 0, 1009, 1390, 1385, 27, 8.45%, 0, 0, 4, 16.57
1747839583, 0, 1010, 1390, 1385, 27, 8.45%, 0, 0, 4, 17.59
1747839588, 0, 1012, 1390, 1385, 27, 8.45%, 0, 0, 4, 19.57
1747839594, 0, 1013, 1390, 1385, 27, 8.45%, 0, 0, 4, 19.92
1747839604, 0, 1014, 1391, 1386, 27, 8.45%, 0, 0, 4, 16.22
1747839619, 0, 1015, 1391, 1386, 27, 8.45%, 0, 0, 4, 17.88
1747839624, 0, 1016, 1391, 1386, 27, 8.45%, 0, 0, 4, 20.30
1747839629, 0, 1017, 1391, 1386, 27, 8.45%, 0, 0, 4, 18.65
1747839640, 0, 1019, 1391, 1386, 27, 8.45%, 0, 0, 4, 15.99
1747839645, 0, 1020, 1391, 1386, 27, 8.45%, 0, 0, 4, 16.43
1747839655, 0, 1023, 1392, 1387, 27, 8.45%, 0, 0, 4, 17.21
1747839665, 0, 1023, 1393, 1388, 27, 8.45%, 0, 0, 4, 16.37
1747839675, 0, 1023, 1394, 1389, 27, 8.45%, 0, 0, 4, 16.19
1747839701, 0, 1023, 1395, 1390, 27, 8.45%, 0, 0, 4, 16.74
1747839757, 0, 1023, 1396, 1391, 27, 8.45%, 0, 0, 4, 17.09
1747839829, 0, 1023, 1397, 1392, 27, 8.45%, 0, 0, 4, 15.05
1747839835, 0, 1023, 1398, 1393, 27, 8.45%, 0, 0, 4, 16.40
1747839886, 0, 1023, 1399, 1394, 27, 8.45%, 0, 0, 4, 16.13
1747839896, 0, 1023, 1400, 1395, 27, 8.45%, 0, 0, 4, 16.35
1747839901, 0, 1025, 1400, 1395, 27, 8.45%, 0, 0, 4, 17.84
1747839906, 0, 1026, 1400, 1395, 27, 8.45%, 0, 0, 4, 16.14
1747839917, 0, 1027, 1400, 1395, 27, 8.45%, 0, 0, 4, 16.32
1747839922, 0, 1028, 1400, 1395, 27, 8.45%, 0, 0, 4, 17.41
1747839932, 0, 1030, 1400, 1395, 27, 8.45%, 0, 0, 4, 20.15
1747839937, 0, 1031, 1400, 1395, 27, 8.45%, 0, 0, 4, 21.65
1747839942, 0, 1032, 1400, 1395, 27, 8.45%, 0, 0, 4, 22.00
1747839947, 0, 1033, 1400, 1395, 27, 8.45%, 0, 0, 4, 21.67
1747839952, 0, 1034, 1400, 1395, 27, 8.45%, 0, 0, 4, 20.89
1747839963, 0, 1036, 1400, 1395, 27, 8.45%, 0, 0, 4, 16.84
1747839968, 0, 1038, 1400, 1395, 27, 8.45%, 0, 0, 4, 17.46
1747839978, 0, 1039, 1400, 1395, 27, 8.45%, 0, 0, 4, 19.84
1747839983, 0, 1041, 1400, 1395, 27, 8.45%, 0, 0, 4, 22.41
1747844770, 0, 1042, 1400, 1394, 26, 8.45%, 0, 0, 4, 23.30
1747844780, 0, 1042, 1401, 1395, 26, 8.45%, 0, 0, 4, 17.61
1747844790, 0, 1043, 1401, 1395, 26, 8.45%, 0, 0, 4, 21.18
1747844795, 0, 1044, 1401, 1395, 26, 8.45%, 0, 0, 4, 18.78
1747844801, 0, 1045, 1401, 1395, 26, 8.45%, 0, 0, 4, 18.65
1747844811, 0, 1047, 1401, 1395, 26, 8.45%, 0, 0, 4, 18.69
1747844816, 0, 1047, 1402, 1396, 26, 8.45%, 0, 0, 4, 18.03
1747844821, 0, 1048, 1402, 1396, 26, 8.45%, 0, 0, 4, 17.05
1747844832, 0, 1049, 1402, 1396, 26, 8.45%, 0, 0, 4, 18.70
1747844837, 0, 1050, 1402, 1396, 26, 8.45%, 0, 0, 4, 18.58
1747844847, 0, 1051, 1402, 1396, 26, 8.45%, 0, 0, 4, 16.73
1747844852, 0, 1052, 1402, 1396, 26, 8.45%, 0, 0, 4, 18.08
1747844857, 0, 1053, 1402, 1396, 26, 8.45%, 0, 0, 4, 18.86
1747844867, 0, 1055, 1402, 1396, 26, 8.45%, 0, 0, 4, 17.02
1747844872, 0, 1056, 1402, 1396, 26, 8.45%, 0, 0, 4, 18.32
1747844878, 0, 1057, 1402, 1396, 26, 8.45%, 0, 0, 4, 21.43
1747844888, 0, 1058, 1402, 1396, 26, 8.45%, 0, 0, 4, 17.56
1747844893, 0, 1059, 1402, 1396, 26, 8.45%, 0, 0, 4, 16.86
1747844904, 0, 1061, 1402, 1396, 26, 8.45%, 0, 0, 4, 20.47
1747844909, 0, 1063, 1402, 1396, 26, 8.45%, 0, 0, 4, 18.62
1747844914, 0, 1065, 1402, 1396, 26, 8.45%, 0, 0, 4, 16.98
1747844919, 0, 1065, 1404, 1398, 26, 8.45%, 0, 0, 4, 15.38
1747844924, 0, 1065, 1406, 1400, 26, 8.45%, 0, 0, 4, 14.89
1747844934, 0, 1065, 1407, 1401, 26, 8.45%, 0, 0, 4, 16.06
1747844950, 0, 1065, 1408, 1402, 26, 8.45%, 0, 0, 4, 15.16
1747844955, 0, 1065, 1409, 1403, 26, 8.45%, 0, 0, 4, 15.38
1747845056, 0, 1065, 1410, 1404, 26, 8.45%, 0, 0, 4, 16.22
1747845097, 0, 1065, 1411, 1405, 26, 8.45%, 0, 0, 4, 16.69
1747845138, 0, 1065, 1412, 1406, 26, 8.45%, 0, 0, 4, 16.31
1747845163, 0, 1065, 1413, 1407, 26, 8.45%, 0, 0, 4, 14.99
1747845174, 0, 1066, 1413, 1407, 26, 8.45%, 0, 0, 4, 14.64
1747845179, 0, 1067, 1413, 1407, 26, 8.45%, 0, 0, 4, 15.06
1747845189, 0, 1068, 1413, 1407, 26, 8.45%, 0, 0, 4, 18.86
1747848661, 0, 1069, 1413, 1406, 25, 8.45%, 0, 0, 4, 20.15
1747848666, 0, 1070, 1413, 1406, 25, 8.45%, 0, 0, 4, 19.78
1747848671, 0, 1071, 1413, 1406, 25, 8.45%, 0, 0, 4, 17.85
1747848681, 0, 1072, 1413, 1406, 25, 8.45%, 0, 0, 4, 17.18
1747848686, 0, 1073, 1413, 1406, 25, 8.45%, 0, 0, 4, 16.81
1747848697, 0, 1074, 1413, 1406, 25, 8.45%, 0, 0, 4, 20.97
1747848702, 0, 1075, 1413, 1406, 25, 8.45%, 0, 0, 4, 21.94
1747848707, 0, 1077, 1413, 1406, 25, 8.45%, 0, 0, 4, 18.64
1747848712, 0, 1078, 1413, 1406, 25, 8.45%, 0, 0, 4, 17.59
1747848722, 0, 1081, 1413, 1406, 25, 8.45%, 0, 0, 4, 16.64
1747848727, 0, 1082, 1413, 1406, 25, 8.45%, 0, 0, 4, 17.09
1747848738, 0, 1084, 1414, 1407, 25, 8.45%, 0, 0, 4, 17.63
1747848753, 0, 1088, 1414, 1407, 25, 8.45%, 0, 0, 4, 16.23
1747848758, 0, 1089, 1414, 1407, 25, 8.45%, 0, 0, 4, 17.88
1747848768, 0, 1090, 1414, 1407, 25, 8.45%, 0, 0, 4, 16.47
1747848773, 0, 1093, 1414, 1407, 25, 8.45%, 0, 0, 4, 17.98
1747848783, 0, 1093, 1415, 1408, 25, 8.45%, 0, 0, 4, 15.83
1747848789, 0, 1094, 1415, 1408, 25, 8.45%, 0, 0, 4, 16.03
1747848799, 0, 1095, 1416, 1409, 25, 8.45%, 0, 0, 4, 17.57
1747848814, 0, 1096, 1416, 1409, 25, 8.45%, 0, 0, 4, 20.11
1747848819, 0, 1097, 1416, 1409, 25, 8.45%, 0, 0, 4, 18.67
1747848825, 0, 1097, 1417, 1410, 25, 8.45%, 0, 0, 4, 16.70
1747848835, 0, 1097, 1418, 1411, 25, 8.45%, 0, 0, 4, 15.97
1747848850, 0, 1098, 1418, 1411, 25, 8.45%, 0, 0, 4, 18.11
1747848860, 0, 1099, 1418, 1411, 25, 8.45%, 0, 0, 4, 16.99
1747848865, 0, 1100, 1418, 1411, 25, 8.45%, 0, 0, 4, 16.95
1747848875, 0, 1101, 1418, 1411, 25, 8.45%, 0, 0, 4, 17.27
1747848880, 0, 1102, 1418, 1411, 25, 8.45%, 0, 0, 4, 16.29
1747848891, 0, 1103, 1418, 1411, 25, 8.45%, 0, 0, 4, 16.15
1747848896, 0, 1104, 1418, 1411, 25, 8.45%, 0, 0, 4, 15.83
1747848906, 0, 1106, 1418, 1411, 25, 8.45%, 0, 0, 4, 18.10
1747848911, 0, 1107, 1418, 1411, 25, 8.45%, 0, 0, 4, 16.03
1747848921, 0, 1108, 1418, 1411, 25, 8.45%, 0, 0, 4, 16.58
1747848927, 0, 1109, 1418, 1411, 25, 8.45%, 0, 0, 4, 15.76
1747848937, 0, 1110, 1418, 1411, 25, 8.45%, 0, 0, 4, 17.83
1747848942, 0, 1111, 1418, 1411, 25, 8.45%, 0, 0, 4, 16.86
1747848952, 0, 1112, 1418, 1411, 25, 8.45%, 0, 0, 4, 20.14
1747848958, 0, 1113, 1418, 1411, 25, 8.45%, 0, 0, 4, 21.71
1747848963, 0, 1114, 1418, 1411, 25, 8.45%, 0, 0, 4, 19.21
1747848973, 0, 1116, 1418, 1411, 25, 8.45%, 0, 0, 4, 16.77
1747848978, 0, 1118, 1418, 1411, 25, 8.45%, 0, 0, 4, 16.21
1747848988, 0, 1120, 1418, 1411, 25, 8.45%, 0, 0, 4, 17.25
1747848993, 0, 1121, 1418, 1411, 25, 8.45%, 0, 0, 4, 16.64
1747849003, 0, 1122, 1418, 1411, 25, 8.45%, 0, 0, 4, 19.05
1747849008, 0, 1123, 1418, 1411, 25, 8.45%, 0, 0, 4, 17.14
1747849014, 0, 1124, 1418, 1411, 25, 8.45%, 0, 0, 4, 18.48
1747849019, 0, 1125, 1418, 1411, 25, 8.45%, 0, 0, 4, 20.69
1747849029, 0, 1126, 1418, 1411, 25, 8.45%, 0, 0, 4, 16.95
1747849039, 0, 1127, 1418, 1411, 25, 8.45%, 0, 0, 4, 18.09
1747849044, 0, 1128, 1418, 1411, 25, 8.45%, 0, 0, 4, 17.68
1747849049, 0, 1129, 1418, 1411, 25, 8.45%, 0, 0, 4, 16.84
1747849060, 0, 1130, 1418, 1411, 25, 8.45%, 0, 0, 4, 16.38
1747849065, 0, 1131, 1418, 1411, 25, 8.45%, 0, 0, 4, 16.40
1747849075, 0, 1132, 1418, 1411, 25, 8.45%, 0, 0, 4, 17.37
1747849080, 0, 1133, 1418, 1411, 25, 8.45%, 0, 0, 4, 17.91
1747849090, 0, 1134, 1418, 1411, 25, 8.45%, 0, 0, 4, 16.86
1747849095, 0, 1135, 1418, 1411, 25, 8.45%, 0, 0, 4, 16.95
1747849105, 0, 1137, 1418, 1411, 25, 8.45%, 0, 0, 4, 17.35
1747849110, 0, 1138, 1418, 1411, 25, 8.45%, 0, 0, 4, 16.35
1747849121, 0, 1139, 1418, 1411, 25, 8.45%, 0, 0, 4, 20.34
1747849126, 0, 1140, 1418, 1411, 25, 8.45%, 0, 0, 4, 19.16
1747849131, 0, 1142, 1418, 1411, 25, 8.45%, 0, 0, 4, 17.62
1747849141, 0, 1142, 1419, 1412, 25, 8.45%, 0, 0, 4, 16.54
1747849151, 0, 1144, 1419, 1412, 25, 8.45%, 0, 0, 4, 16.30
1747849156, 0, 1145, 1419, 1412, 25, 8.45%, 0, 0, 4, 16.37
1747849166, 0, 1146, 1419, 1412, 25, 8.45%, 0, 0, 4, 15.56
1747849172, 0, 1147, 1419, 1412, 25, 8.45%, 0, 0, 4, 18.46
1747849177, 0, 1148, 1419, 1412, 25, 8.45%, 0, 0, 4, 20.08
1747849187, 0, 1149, 1419, 1412, 25, 8.45%, 0, 0, 4, 18.47
1747849192, 0, 1150, 1419, 1412, 25, 8.45%, 0, 0, 4, 18.12
1747849202, 0, 1151, 1419, 1412, 25, 8.45%, 0, 0, 4, 20.51
1747849208, 0, 1152, 1419, 1412, 25, 8.45%, 0, 0, 4, 21.52
1747849213, 0, 1153, 1419, 1412, 25, 8.45%, 0, 0, 4, 19.91
1747849218, 0, 1154, 1419, 1412, 25, 8.45%, 0, 0, 4, 17.56
1747849228, 0, 1155, 1419, 1412, 25, 8.45%, 0, 0, 4, 16.46
1747849233, 0, 1156, 1419, 1412, 25, 8.45%, 0, 0, 4, 17.28
1747849243, 0, 1157, 1419, 1412, 25, 8.45%, 0, 0, 4, 19.51
1747849248, 0, 1158, 1419, 1412, 25, 8.45%, 0, 0, 4, 19.05
1747849253, 0, 1159, 1419, 1412, 25, 8.45%, 0, 0, 4, 17.64
1747849264, 0, 1160, 1419, 1412, 25, 8.45%, 0, 0, 4, 17.88
1747849269, 0, 1161, 1419, 1412, 25, 8.45%, 0, 0, 4, 17.75
1747849279, 0, 1162, 1419, 1412, 25, 8.45%, 0, 0, 4, 17.65
1747849284, 0, 1163, 1419, 1412, 25, 8.45%, 0, 0, 4, 16.77
1747849294, 0, 1164, 1419, 1412, 25, 8.45%, 0, 0, 4, 16.62
1747849300, 0, 1165, 1419, 1412, 25, 8.45%, 0, 0, 4, 17.14
1747849310, 0, 1166, 1419, 1412, 25, 8.45%, 0, 0, 4, 17.85
1747849315, 0, 1167, 1419, 1412, 25, 8.45%, 0, 0, 4, 20.14
1747849320, 0, 1168, 1419, 1412, 25, 8.45%, 0, 0, 4, 21.56
1747849325, 0, 1169, 1419, 1412, 25, 8.45%, 0, 0, 4, 19.53
1747849335, 0, 1171, 1419, 1412, 25, 8.45%, 0, 0, 4, 16.82
1747849340, 0, 1172, 1419, 1412, 25, 8.45%, 0, 0, 4, 15.83
1747849351, 0, 1173, 1419, 1412, 25, 8.45%, 0, 0, 4, 20.08
1747849356, 0, 1174, 1419, 1412, 25, 8.45%, 0, 0, 4, 18.57
1747849361, 0, 1175, 1419, 1412, 25, 8.45%, 0, 0, 4, 17.31
1747849371, 0, 1176, 1419, 1412, 25, 8.45%, 0, 0, 4, 16.55
1747849376, 0, 1177, 1419, 1412, 25, 8.45%, 0, 0, 4, 17.54
1747849381, 0, 1177, 1420, 1413, 25, 8.46%, 0, 0, 4, 16.67
1747849392, 0, 1178, 1420, 1413, 25, 8.46%, 0, 0, 4, 16.13
1747849402, 0, 1179, 1420, 1413, 25, 8.46%, 0, 0, 4, 16.25
1747849413, 0, 1180, 1420, 1413, 25, 8.46%, 0, 0, 4, 17.75
1747849418, 0, 1181, 1420, 1413, 25, 8.46%, 0, 0, 4, 20.29
1747849423, 0, 1181, 1421, 1414, 25, 8.46%, 0, 0, 4, 21.68
1747849428, 0, 1182, 1421, 1414, 25, 8.46%, 0, 0, 4, 20.88
1747849438, 0, 1183, 1421, 1414, 25, 8.46%, 0, 0, 4, 17.40
1747849443, 0, 1184, 1421, 1414, 25, 8.46%, 0, 0, 4, 17.79
1747849453, 0, 1185, 1421, 1414, 25, 8.46%, 0, 0, 4, 16.73
1747849458, 0, 1186, 1421, 1414, 25, 8.46%, 0, 0, 4, 16.61
1747849468, 0, 1187, 1421, 1414, 25, 8.46%, 0, 0, 4, 15.84
1747849473, 0, 1188, 1421, 1414, 25, 8.46%, 0, 0, 4, 17.21
1747849479, 0, 1189, 1421, 1414, 25, 8.46%, 0, 0, 4, 21.06
1747849489, 0, 1190, 1421, 1414, 25, 8.46%, 0, 0, 4, 17.13
1747849494, 0, 1191, 1421, 1414, 25, 8.46%, 0, 0, 4, 16.67
1747849504, 0, 1192, 1421, 1414, 25, 8.46%, 0, 0, 4, 17.18
1747849509, 0, 1193, 1421, 1414, 25, 8.46%, 0, 0, 4, 17.07
1747849519, 0, 1194, 1421, 1414, 25, 8.46%, 0, 0, 4, 17.31
1747849524, 0, 1195, 1421, 1414, 25, 8.46%, 0, 0, 4, 17.58
1747849535, 0, 1196, 1421, 1414, 25, 8.46%, 0, 0, 4, 20.95
1747849540, 0, 1198, 1421, 1414, 25, 8.46%, 0, 0, 4, 22.27
1747849545, 0, 1199, 1421, 1414, 25, 8.46%, 0, 0, 4, 18.61
1747849550, 0, 1199, 1422, 1415, 25, 8.46%, 0, 0, 4, 16.73
1747849561, 0, 1200, 1422, 1415, 25, 8.46%, 0, 0, 4, 19.87
1747849566, 0, 1201, 1422, 1415, 25, 8.46%, 0, 0, 4, 22.36
1747855948, 0, 1202, 1422, 1414, 24, 8.46%, 0, 0, 4, 11.68
1747855963, 0, 1203, 1422, 1414, 24, 8.46%, 0, 0, 4, 10.26
1747855973, 0, 1204, 1422, 1414, 24, 8.46%, 0, 0, 4, 9.94
1747855989, 0, 1205, 1422, 1414, 24, 8.46%, 0, 0, 4, 10.91
1747855999, 0, 1207, 1422, 1414, 24, 8.46%, 0, 0, 4, 10.53
1747856015, 0, 1208, 1422, 1414, 24, 8.46%, 0, 0, 4, 13.00
