# unix_time, cycles_done, cur_path, paths_total, pending_total, pending_favs, map_size, unique_crashes, unique_hangs, max_depth, execs_per_sec
1747774284, 0, 0, 1, 1, 1, 4.90%, 0, 0, 1, 52.98
1747774289, 0, 0, 21, 21, 1, 6.13%, 0, 0, 2, 36.99
1747774294, 0, 0, 39, 39, 1, 6.13%, 0, 0, 2, 33.50
1747774299, 0, 0, 58, 58, 1, 6.13%, 0, 0, 2, 32.74
1747774305, 0, 0, 76, 76, 1, 6.13%, 0, 0, 2, 32.34
1747774310, 0, 0, 93, 93, 1, 6.67%, 0, 0, 2, 31.60
1747774315, 0, 0, 109, 109, 1, 6.68%, 0, 0, 2, 31.43
1747774320, 0, 0, 120, 120, 1, 7.06%, 0, 0, 2, 23.02
1747774325, 0, 0, 127, 127, 1, 7.11%, 0, 0, 2, 15.23
1747774330, 0, 0, 139, 139, 1, 7.11%, 0, 0, 2, 21.92
1747774335, 0, 0, 147, 147, 1, 7.63%, 0, 0, 2, 18.74
1747774341, 0, 0, 153, 153, 1, 7.64%, 0, 0, 2, 3.27
1747774346, 0, 0, 158, 158, 1, 8.13%, 0, 0, 2, 24.58
1747774351, 0, 0, 164, 164, 1, 8.20%, 0, 0, 2, 20.88
1747774356, 0, 0, 171, 171, 1, 8.21%, 0, 0, 2, 20.96
1747774361, 0, 0, 177, 177, 1, 8.21%, 0, 0, 2, 14.14
1747774366, 0, 0, 182, 182, 1, 8.21%, 0, 0, 2, 12.65
1747774371, 0, 0, 190, 190, 1, 8.22%, 0, 0, 2, 18.65
1747774377, 0, 0, 198, 198, 1, 8.23%, 0, 0, 2, 20.11
1747774382, 0, 0, 205, 205, 1, 8.23%, 0, 0, 2, 19.87
1747774387, 0, 0, 210, 210, 1, 8.24%, 0, 0, 2, 14.16
1747774392, 0, 0, 219, 219, 1, 8.28%, 0, 0, 2, 19.10
1747774397, 0, 0, 224, 224, 1, 8.28%, 0, 0, 2, 17.11
1747774402, 0, 0, 232, 232, 1, 8.28%, 0, 0, 2, 18.28
1747774407, 0, 0, 238, 238, 1, 8.28%, 0, 0, 2, 16.46
1747774412, 0, 0, 244, 244, 1, 8.28%, 0, 0, 2, 15.09
1747774418, 0, 0, 251, 251, 1, 8.28%, 0, 0, 2, 20.43
1747774423, 0, 0, 258, 258, 1, 8.28%, 0, 0, 2, 17.37
1747774428, 0, 0, 263, 263, 1, 8.28%, 0, 0, 2, 17.18
1747774433, 0, 0, 272, 272, 1, 8.28%, 0, 0, 2, 21.87
1747774438, 0, 0, 278, 278, 1, 8.28%, 0, 0, 2, 12.97
1747774443, 0, 0, 286, 286, 1, 8.28%, 0, 0, 2, 22.61
1747774449, 0, 0, 292, 292, 1, 8.28%, 0, 0, 2, 22.19
1747774454, 0, 0, 296, 296, 1, 8.28%, 0, 0, 2, 22.30
1747774459, 0, 0, 301, 301, 1, 8.28%, 0, 0, 2, 19.57
1747774464, 0, 0, 307, 307, 1, 8.28%, 0, 0, 2, 17.40
1747774469, 0, 0, 312, 312, 1, 8.28%, 0, 0, 2, 12.72
1747774474, 0, 0, 318, 318, 1, 8.28%, 0, 0, 2, 20.83
1747774479, 0, 0, 323, 323, 1, 8.28%, 0, 0, 2, 18.70
1747774484, 0, 0, 327, 327, 1, 8.36%, 0, 0, 2, 11.98
1747774489, 0, 0, 331, 331, 1, 8.36%, 0, 0, 2, 14.88
1747774494, 0, 0, 335, 335, 1, 8.36%, 0, 0, 2, 18.43
1747774500, 0, 0, 341, 341, 1, 8.36%, 0, 0, 2, 18.97
1747774505, 0, 0, 345, 345, 1, 8.36%, 0, 0, 2, 15.86
1747774510, 0, 0, 349, 349, 1, 8.36%, 0, 0, 2, 11.61
1747774515, 0, 0, 354, 354, 1, 8.36%, 0, 0, 2, 16.24
1747774520, 0, 0, 358, 358, 1, 8.36%, 0, 0, 2, 18.15
1747774525, 0, 0, 363, 363, 1, 8.36%, 0, 0, 2, 16.53
1747774530, 0, 0, 367, 367, 1, 8.36%, 0, 0, 2, 12.75
1747774535, 0, 0, 371, 371, 1, 8.36%, 0, 0, 2, 16.84
1747774541, 0, 0, 373, 373, 1, 8.36%, 0, 0, 2, 10.35
1747774546, 0, 0, 377, 377, 1, 8.36%, 0, 0, 2, 10.44
1747774551, 0, 0, 379, 379, 1, 8.36%, 0, 0, 2, 13.15
1747774556, 0, 0, 382, 382, 1, 8.36%, 0, 0, 2, 13.04
1747774561, 0, 0, 386, 386, 1, 8.36%, 0, 0, 2, 14.17
1747774566, 0, 0, 390, 390, 1, 8.36%, 0, 0, 2, 16.10
1747774571, 0, 0, 392, 392, 1, 8.36%, 0, 0, 2, 18.63
1747774576, 0, 0, 397, 397, 1, 8.36%, 0, 0, 2, 14.67
1747774581, 0, 0, 399, 399, 1, 8.36%, 0, 0, 2, 15.38
1747774586, 0, 0, 403, 403, 1, 8.36%, 0, 0, 2, 11.96
1747774592, 0, 0, 408, 408, 1, 8.36%, 0, 0, 2, 16.94
1747774597, 0, 0, 412, 412, 1, 8.36%, 0, 0, 2, 12.06
1747774602, 0, 0, 417, 417, 1, 8.36%, 0, 0, 2, 17.95
1747774607, 0, 0, 419, 419, 1, 8.36%, 0, 0, 2, 17.40
1747774612, 0, 0, 422, 422, 1, 8.36%, 0, 0, 2, 13.08
1747774617, 0, 0, 423, 423, 1, 8.36%, 0, 0, 2, 14.27
1747774622, 0, 0, 426, 426, 1, 8.36%, 0, 0, 2, 11.74
1747774628, 0, 0, 429, 429, 1, 8.36%, 0, 0, 2, 17.01
1747774633, 0, 0, 432, 432, 1, 8.36%, 0, 0, 2, 11.39
1747774638, 0, 0, 435, 435, 1, 8.36%, 0, 0, 2, 11.66
1747774643, 0, 0, 438, 438, 1, 8.36%, 0, 0, 2, 12.19
1747774648, 0, 0, 441, 441, 1, 8.36%, 0, 0, 2, 16.58
1747774653, 0, 0, 443, 443, 1, 8.36%, 0, 0, 2, 8.71
1747774659, 0, 0, 444, 444, 1, 8.36%, 0, 0, 2, 12.82
1747774664, 0, 0, 447, 447, 1, 8.36%, 0, 0, 2, 10.63
1747774669, 0, 0, 452, 452, 1, 8.36%, 0, 0, 2, 15.34
1747774674, 0, 0, 454, 454, 1, 8.36%, 0, 0, 2, 11.64
1747774679, 0, 0, 458, 458, 1, 8.36%, 0, 0, 2, 14.69
1747774684, 0, 0, 462, 462, 1, 8.36%, 0, 0, 2, 13.87
1747774689, 0, 0, 463, 463, 1, 8.36%, 0, 0, 2, 18.73
1747774694, 0, 0, 467, 467, 1, 8.36%, 0, 0, 2, 17.34
1747774699, 0, 0, 470, 470, 1, 8.36%, 0, 0, 2, 13.77
1747774704, 0, 0, 473, 473, 1, 8.36%, 0, 0, 2, 9.34
1747774709, 0, 0, 477, 477, 1, 8.36%, 0, 0, 2, 19.76
1747774714, 0, 0, 479, 479, 1, 8.36%, 0, 0, 2, 19.12
1747774719, 0, 0, 482, 482, 1, 8.36%, 0, 0, 2, 19.54
1747774724, 0, 0, 485, 485, 1, 8.36%, 0, 0, 2, 20.85
1747774730, 0, 0, 487, 487, 1, 8.36%, 0, 0, 2, 20.25
1747774735, 0, 0, 492, 492, 1, 8.36%, 0, 0, 2, 17.91
1747774740, 0, 0, 495, 495, 1, 8.36%, 0, 0, 2, 13.35
1747774745, 0, 0, 500, 500, 1, 8.37%, 0, 0, 2, 15.32
1747774751, 0, 0, 502, 502, 1, 8.37%, 0, 0, 2, 16.29
1747774756, 0, 0, 506, 506, 1, 8.37%, 0, 0, 2, 17.43
1747774761, 0, 0, 509, 509, 1, 8.47%, 0, 0, 2, 14.64
1747774766, 0, 0, 511, 511, 1, 8.47%, 0, 0, 2, 16.86
1747774771, 0, 0, 514, 514, 1, 8.47%, 0, 0, 2, 13.88
1747774776, 0, 0, 516, 516, 1, 8.47%, 0, 0, 2, 16.91
1747774781, 0, 0, 519, 519, 1, 8.47%, 0, 0, 2, 20.85
1747774786, 0, 0, 520, 520, 1, 8.47%, 0, 0, 2, 22.33
1747774792, 0, 0, 522, 522, 1, 8.47%, 0, 0, 2, 3.73
1747774797, 0, 0, 523, 523, 1, 8.47%, 0, 0, 2, 21.52
1747774802, 0, 0, 524, 524, 1, 8.47%, 0, 0, 2, 20.35
1747774807, 0, 0, 525, 525, 1, 8.47%, 0, 0, 2, 22.86
1747774812, 0, 0, 528, 528, 1, 8.47%, 0, 0, 2, 16.59
1747774817, 0, 0, 530, 530, 1, 8.47%, 0, 0, 2, 17.00
1747774822, 0, 0, 531, 531, 1, 8.47%, 0, 0, 2, 18.74
1747774827, 0, 0, 533, 533, 1, 8.47%, 0, 0, 2, 15.01
1747774832, 0, 0, 534, 534, 1, 8.47%, 0, 0, 2, 20.17
1747774837, 0, 0, 537, 537, 1, 8.47%, 0, 0, 2, 18.45
1747774843, 0, 0, 539, 539, 1, 8.47%, 0, 0, 2, 18.77
1747774853, 0, 0, 540, 540, 1, 8.47%, 0, 0, 2, 18.23
1747774858, 0, 0, 544, 544, 1, 8.47%, 0, 0, 2, 18.83
1747774863, 0, 0, 547, 547, 1, 8.47%, 0, 0, 2, 16.04
1747774868, 0, 0, 548, 548, 1, 8.47%, 0, 0, 2, 18.75
1747774873, 0, 0, 550, 550, 1, 8.47%, 0, 0, 2, 18.74
1747774878, 0, 0, 553, 553, 1, 8.47%, 0, 0, 2, 15.15
1747774883, 0, 0, 554, 554, 1, 8.47%, 0, 0, 2, 16.27
1747774888, 0, 0, 556, 556, 1, 8.47%, 0, 0, 2, 16.24
1747774893, 0, 0, 558, 558, 1, 8.47%, 0, 0, 2, 13.57
1747774899, 0, 0, 560, 560, 1, 8.47%, 0, 0, 2, 13.73
1747774904, 0, 0, 562, 562, 1, 8.47%, 0, 0, 2, 15.65
1747774909, 0, 0, 565, 565, 1, 8.47%, 0, 0, 2, 20.68
1747774919, 0, 0, 566, 566, 1, 8.47%, 0, 0, 2, 21.08
1747774924, 0, 0, 568, 568, 1, 8.47%, 0, 0, 2, 19.75
1747774929, 0, 0, 570, 570, 1, 8.47%, 0, 0, 2, 16.83
1747774934, 0, 0, 572, 572, 1, 8.47%, 0, 0, 2, 14.39
1747774939, 0, 0, 575, 575, 1, 8.47%, 0, 0, 2, 18.95
1747774945, 0, 0, 577, 577, 1, 8.47%, 0, 0, 2, 19.55
1747774950, 0, 0, 578, 578, 1, 8.47%, 0, 0, 2, 20.06
1747774955, 0, 0, 580, 580, 1, 8.47%, 0, 0, 2, 21.43
1747774960, 0, 0, 581, 581, 1, 8.47%, 0, 0, 2, 15.18
1747774965, 0, 0, 583, 583, 1, 8.47%, 0, 0, 2, 17.18
1747774970, 0, 0, 584, 584, 1, 8.47%, 0, 0, 2, 12.44
1747774976, 0, 0, 585, 585, 1, 8.47%, 0, 0, 2, 18.57
1747774981, 0, 0, 586, 586, 1, 8.47%, 0, 0, 2, 24.86
1747774986, 0, 0, 587, 587, 1, 8.47%, 0, 0, 2, 21.86
1747774996, 0, 0, 588, 588, 1, 8.47%, 0, 0, 2, 24.95
1747775001, 0, 0, 589, 589, 1, 8.47%, 0, 0, 2, 22.40
1747775006, 0, 0, 590, 590, 1, 8.47%, 0, 0, 2, 20.39
1747775011, 0, 0, 593, 593, 1, 8.47%, 0, 0, 2, 20.37
1747775016, 0, 0, 594, 594, 1, 8.47%, 0, 0, 2, 16.70
1747775022, 0, 0, 595, 595, 1, 8.47%, 0, 0, 2, 19.62
1747775027, 0, 0, 596, 596, 1, 8.47%, 0, 0, 2, 13.29
1747775032, 0, 0, 598, 598, 1, 8.51%, 0, 0, 2, 14.80
1747775037, 0, 0, 599, 599, 1, 8.51%, 0, 0, 2, 18.05
1747775042, 0, 0, 600, 600, 1, 8.51%, 0, 0, 2, 3.04
1747775047, 0, 0, 602, 602, 1, 8.51%, 0, 0, 2, 28.44
1747775052, 0, 0, 604, 604, 1, 8.51%, 0, 0, 2, 22.25
1747775057, 0, 0, 606, 606, 1, 8.51%, 0, 0, 2, 18.78
1747775062, 0, 0, 607, 607, 1, 8.51%, 0, 0, 2, 17.55
1747775068, 0, 0, 609, 609, 1, 8.51%, 0, 0, 2, 13.06
1747775073, 0, 0, 610, 610, 1, 8.51%, 0, 0, 2, 15.63
1747775078, 0, 0, 611, 611, 1, 8.51%, 0, 0, 2, 20.18
1747775088, 0, 0, 612, 612, 1, 8.51%, 0, 0, 2, 19.71
1747775099, 0, 0, 615, 615, 1, 8.51%, 0, 0, 2, 15.99
1747775109, 0, 0, 616, 616, 1, 8.51%, 0, 0, 2, 20.28
1747775114, 0, 0, 617, 617, 1, 8.51%, 0, 0, 2, 17.79
1747775119, 0, 0, 619, 619, 1, 8.51%, 0, 0, 2, 15.91
1747775129, 0, 0, 620, 620, 1, 8.51%, 0, 0, 2, 23.00
1747775134, 0, 0, 621, 621, 1, 8.51%, 0, 0, 2, 22.05
1747775139, 0, 0, 622, 622, 1, 8.51%, 0, 0, 2, 19.81
1747775144, 0, 0, 623, 623, 1, 8.51%, 0, 0, 2, 21.65
1747775149, 0, 0, 624, 624, 1, 8.51%, 0, 0, 2, 21.21
1747775155, 0, 0, 626, 626, 1, 8.51%, 0, 0, 2, 17.74
1747775160, 0, 0, 628, 628, 1, 8.51%, 0, 0, 2, 19.49
1747775170, 0, 0, 630, 630, 1, 8.51%, 0, 0, 2, 19.74
1747775175, 0, 0, 631, 631, 1, 8.51%, 0, 0, 2, 20.59
1747775180, 0, 0, 632, 632, 1, 8.51%, 0, 0, 2, 20.25
1747775190, 0, 0, 633, 633, 1, 8.51%, 0, 0, 2, 21.26
1747775195, 0, 0, 634, 634, 1, 8.51%, 0, 0, 2, 19.77
1747775205, 0, 0, 635, 635, 1, 8.51%, 0, 0, 2, 22.14
1747775211, 0, 0, 637, 637, 1, 8.51%, 0, 0, 2, 3.48
1747775216, 0, 0, 638, 638, 1, 8.51%, 0, 0, 2, 22.00
1747775226, 0, 0, 639, 639, 1, 8.51%, 0, 0, 2, 16.33
1747775231, 0, 0, 640, 640, 1, 8.51%, 0, 0, 2, 21.01
1747775241, 0, 0, 641, 641, 1, 8.51%, 0, 0, 2, 21.48
1747775246, 0, 0, 642, 642, 1, 8.51%, 0, 0, 2, 20.98
1747775251, 0, 0, 643, 643, 1, 8.51%, 0, 0, 2, 20.91
1747775257, 0, 0, 645, 645, 1, 8.51%, 0, 0, 2, 17.43
1747775262, 0, 0, 646, 646, 1, 8.51%, 0, 0, 2, 14.41
1747775267, 0, 0, 647, 647, 1, 8.51%, 0, 0, 2, 18.59
1747775272, 0, 0, 649, 649, 1, 8.51%, 0, 0, 2, 16.62
1747775277, 0, 0, 650, 650, 1, 8.51%, 0, 0, 2, 17.78
1747775283, 0, 0, 651, 651, 1, 8.51%, 0, 0, 2, 19.52
1747775288, 0, 0, 652, 652, 1, 8.51%, 0, 0, 2, 16.24
1747775293, 0, 0, 653, 653, 1, 8.51%, 0, 0, 2, 17.96
1747775298, 0, 0, 654, 654, 1, 8.51%, 0, 0, 2, 17.56
1747775303, 0, 0, 655, 655, 1, 8.51%, 0, 0, 2, 14.02
1747775313, 0, 0, 656, 656, 1, 8.51%, 0, 0, 2, 16.71
1747775318, 0, 0, 657, 657, 1, 8.51%, 0, 0, 2, 17.59
1747775323, 0, 0, 659, 659, 1, 8.51%, 0, 0, 2, 20.09
1747775329, 0, 0, 660, 660, 1, 8.51%, 0, 0, 2, 19.66
1747775334, 0, 0, 662, 662, 1, 8.51%, 0, 0, 2, 17.41
1747775344, 0, 0, 663, 663, 1, 8.51%, 0, 0, 2, 21.72
1747775354, 0, 0, 664, 664, 1, 8.51%, 0, 0, 2, 2.77
1747775359, 0, 0, 665, 665, 1, 8.51%, 0, 0, 2, 15.58
1747775380, 0, 0, 666, 666, 1, 8.51%, 0, 0, 2, 20.08
1747775385, 0, 0, 668, 668, 1, 8.51%, 0, 0, 2, 15.41
1747775395, 0, 0, 670, 670, 1, 8.51%, 0, 0, 2, 20.05
1747775400, 0, 0, 672, 672, 1, 8.51%, 0, 0, 2, 18.94
1747775416, 0, 0, 673, 673, 1, 8.51%, 0, 0, 2, 21.31
1747775421, 0, 0, 674, 674, 1, 8.51%, 0, 0, 2, 22.55
1747775431, 0, 0, 676, 676, 1, 8.51%, 0, 0, 2, 22.89
1747775436, 0, 0, 677, 677, 1, 8.51%, 0, 0, 2, 19.78
1747775451, 0, 0, 679, 679, 1, 8.51%, 0, 0, 2, 17.85
1747775456, 0, 0, 680, 680, 1, 8.51%, 0, 0, 2, 18.90
1747775487, 0, 0, 681, 681, 1, 8.51%, 0, 0, 2, 19.90
1747775492, 0, 0, 682, 682, 1, 8.51%, 0, 0, 2, 24.24
1747775502, 0, 0, 683, 683, 1, 8.51%, 0, 0, 2, 22.35
1747775508, 0, 0, 684, 684, 1, 8.51%, 0, 0, 2, 22.01
1747775513, 0, 0, 686, 686, 1, 8.51%, 0, 0, 2, 21.12
1747775518, 0, 0, 687, 687, 1, 8.51%, 0, 0, 2, 23.34
1747775528, 0, 0, 688, 688, 1, 8.51%, 0, 0, 2, 21.46
1747775533, 0, 0, 689, 689, 1, 8.51%, 0, 0, 2, 19.32
1747775549, 0, 1, 691, 690, 25, 8.51%, 0, 0, 2, 14.39
1747775554, 0, 1, 692, 691, 25, 8.53%, 0, 0, 2, 10.10
1747775559, 0, 1, 694, 693, 25, 8.53%, 0, 0, 2, 8.56
1747775564, 0, 1, 695, 694, 25, 8.53%, 0, 0, 2, 9.07
1747775569, 0, 1, 698, 697, 25, 8.53%, 0, 0, 2, 7.70
1747775574, 0, 1, 699, 698, 25, 8.53%, 0, 0, 2, 8.22
1747775579, 0, 1, 700, 699, 25, 8.53%, 0, 0, 2, 10.31
1747775585, 0, 1, 702, 701, 25, 8.53%, 0, 0, 2, 9.07
1747775590, 0, 1, 703, 702, 25, 8.53%, 0, 0, 2, 8.11
1747775595, 0, 1, 704, 703, 25, 8.53%, 0, 0, 2, 6.96
1747775600, 0, 1, 705, 704, 25, 8.53%, 0, 0, 2, 7.58
1747775605, 0, 1, 707, 706, 25, 8.53%, 0, 0, 2, 6.53
1747775610, 0, 1, 708, 707, 25, 8.53%, 0, 0, 2, 9.79
1747775615, 0, 1, 709, 708, 25, 8.53%, 0, 0, 2, 11.63
1747775620, 0, 1, 710, 709, 25, 8.53%, 0, 0, 2, 7.27
1747775625, 0, 1, 712, 711, 25, 8.53%, 0, 0, 2, 11.03
1747775631, 0, 1, 713, 712, 25, 8.53%, 0, 0, 2, 7.60
1747775636, 0, 1, 714, 713, 25, 8.53%, 0, 0, 2, 9.87
1747775641, 0, 1, 715, 714, 25, 8.53%, 0, 0, 2, 10.05
1747775646, 0, 1, 716, 715, 25, 8.53%, 0, 0, 2, 9.88
1747775651, 0, 1, 717, 716, 25, 8.53%, 0, 0, 2, 7.97
1747775661, 0, 1, 718, 717, 25, 8.53%, 0, 0, 2, 11.20
1747775667, 0, 1, 719, 718, 25, 8.53%, 0, 0, 2, 10.00
1747775672, 0, 1, 720, 719, 25, 8.53%, 0, 0, 2, 7.46
1747775677, 0, 1, 721, 720, 25, 8.53%, 0, 0, 2, 9.54
1747775698, 0, 1, 722, 721, 25, 8.53%, 0, 0, 2, 8.24
1747775703, 0, 1, 723, 722, 25, 8.53%, 0, 0, 2, 7.41
1747775708, 0, 1, 725, 724, 25, 8.53%, 0, 0, 2, 8.87
1747775713, 0, 1, 726, 725, 25, 8.53%, 0, 0, 2, 8.67
1747775718, 0, 1, 727, 726, 25, 8.53%, 0, 0, 2, 8.07
1747775723, 0, 1, 728, 727, 25, 8.53%, 0, 0, 2, 10.43
1747775733, 0, 1, 730, 729, 25, 8.53%, 0, 0, 2, 10.04
1747775744, 0, 1, 731, 730, 25, 8.53%, 0, 0, 2, 10.62
1747775754, 0, 1, 732, 731, 25, 8.53%, 0, 0, 2, 9.54
1747775759, 0, 1, 733, 732, 25, 8.53%, 0, 0, 2, 8.41
1747775770, 0, 1, 734, 733, 25, 8.53%, 0, 0, 2, 10.34
1747775775, 0, 1, 736, 735, 25, 8.53%, 0, 0, 2, 10.41
1747775790, 0, 1, 738, 737, 25, 8.53%, 0, 0, 2, 7.10
1747775795, 0, 1, 739, 738, 25, 8.53%, 0, 0, 2, 7.25
1747775800, 0, 1, 740, 739, 25, 8.53%, 0, 0, 2, 8.78
1747775805, 0, 1, 741, 740, 25, 8.53%, 0, 0, 2, 8.01
1747775831, 0, 1, 742, 741, 25, 8.53%, 0, 0, 2, 12.17
1747775836, 0, 1, 743, 742, 25, 8.53%, 0, 0, 2, 8.75
1747775846, 0, 1, 744, 743, 25, 8.53%, 0, 0, 2, 9.61
1747775851, 0, 1, 745, 744, 25, 8.53%, 0, 0, 2, 9.47
1747775856, 0, 1, 746, 745, 25, 8.53%, 0, 0, 2, 8.39
1747775862, 0, 1, 747, 746, 25, 8.53%, 0, 0, 2, 6.26
1747775867, 0, 1, 748, 747, 25, 8.53%, 0, 0, 2, 6.56
1747775887, 0, 1, 749, 748, 25, 8.53%, 0, 0, 2, 8.04
1747775892, 0, 1, 750, 749, 25, 8.53%, 0, 0, 2, 9.48
1747775898, 0, 1, 751, 750, 25, 8.53%, 0, 0, 2, 9.28
1747775908, 0, 1, 752, 751, 25, 8.53%, 0, 0, 2, 8.06
1747775913, 0, 1, 753, 752, 25, 8.53%, 0, 0, 2, 9.50
1747775919, 0, 1, 754, 753, 25, 8.53%, 0, 0, 2, 11.24
1747775945, 0, 1, 755, 754, 25, 8.53%, 0, 0, 2, 11.62
1747775970, 0, 1, 756, 755, 25, 8.53%, 0, 0, 2, 10.44
1747776002, 0, 1, 757, 756, 25, 8.53%, 0, 0, 2, 10.75
1747776007, 0, 1, 758, 757, 25, 8.53%, 0, 0, 2, 11.00
1747776017, 0, 1, 759, 758, 25, 8.53%, 0, 0, 2, 10.64
1747776033, 0, 2, 760, 759, 23, 8.53%, 0, 0, 2, 8.47
1747776038, 0, 2, 762, 761, 23, 8.53%, 0, 0, 2, 6.91
1747776043, 0, 2, 764, 763, 23, 8.53%, 0, 0, 2, 5.86
1747776048, 0, 2, 765, 764, 23, 8.53%, 0, 0, 2, 5.08
1747776053, 0, 2, 766, 765, 23, 8.53%, 0, 0, 2, 4.91
1747776059, 0, 2, 768, 767, 23, 8.54%, 0, 0, 2, 4.62
1747776064, 0, 2, 769, 768, 23, 8.54%, 0, 0, 2, 18.12
1747776069, 0, 2, 770, 769, 23, 8.54%, 0, 0, 2, 9.54
1747776074, 0, 2, 771, 770, 23, 8.54%, 0, 0, 2, 6.60
1747776079, 0, 2, 773, 772, 23, 8.54%, 0, 0, 2, 4.28
1747776084, 0, 2, 774, 773, 23, 8.54%, 0, 0, 2, 3.68
1747776090, 0, 2, 776, 775, 23, 8.54%, 0, 0, 2, 4.42
1747776095, 0, 2, 778, 777, 23, 8.54%, 0, 0, 2, 3.73
1747776100, 0, 2, 779, 778, 23, 8.54%, 0, 0, 2, 3.30
1747776105, 0, 2, 780, 779, 23, 8.55%, 0, 0, 2, 4.22
1747776110, 0, 2, 781, 780, 23, 8.55%, 0, 0, 2, 4.80
1747776115, 0, 2, 782, 781, 23, 8.55%, 0, 0, 2, 5.11
1747776121, 0, 2, 783, 782, 23, 8.55%, 0, 0, 2, 5.46
1747776126, 0, 2, 784, 783, 23, 8.55%, 0, 0, 2, 4.26
1747776131, 0, 2, 785, 784, 23, 8.55%, 0, 0, 2, 3.33
1747776136, 0, 2, 786, 785, 23, 8.55%, 0, 0, 2, 4.60
1747776152, 0, 2, 787, 786, 23, 8.55%, 0, 0, 2, 4.76
1747776162, 0, 2, 788, 787, 23, 8.55%, 0, 0, 2, 5.67
1747776168, 0, 2, 790, 789, 23, 8.57%, 0, 0, 2, 4.75
1747776178, 0, 2, 791, 790, 23, 8.57%, 0, 0, 2, 5.76
1747776188, 0, 2, 792, 791, 23, 8.57%, 0, 0, 2, 4.86
1747776199, 0, 2, 794, 793, 23, 8.57%, 0, 0, 2, 5.28
1747776204, 0, 2, 796, 795, 23, 8.57%, 0, 0, 2, 4.53
1747776209, 0, 2, 797, 796, 23, 8.57%, 0, 0, 2, 3.72
1747776214, 0, 2, 798, 797, 23, 8.57%, 0, 0, 2, 4.19
1747776230, 0, 2, 800, 799, 23, 8.57%, 0, 0, 2, 5.87
1747776240, 0, 2, 801, 800, 23, 8.73%, 0, 0, 2, 4.83
1747776246, 0, 2, 802, 801, 23, 8.73%, 0, 0, 2, 3.58
1747776251, 0, 2, 803, 802, 23, 8.73%, 0, 0, 2, 5.92
1747776266, 0, 2, 804, 803, 23, 8.73%, 0, 0, 2, 5.54
1747776276, 0, 2, 805, 804, 23, 8.73%, 0, 0, 2, 6.23
1747776282, 0, 2, 806, 805, 23, 8.96%, 0, 0, 2, 5.97
1747776287, 0, 2, 807, 806, 23, 8.96%, 0, 0, 2, 5.09
1747776292, 0, 2, 808, 807, 23, 8.96%, 0, 0, 2, 3.94
1747776297, 0, 2, 811, 810, 23, 9.02%, 0, 0, 2, 4.62
1747776302, 0, 2, 812, 811, 23, 9.02%, 0, 0, 2, 4.31
1747776307, 0, 2, 813, 812, 23, 9.02%, 0, 0, 2, 3.68
1747776313, 0, 2, 814, 813, 23, 9.02%, 0, 0, 2, 2.60
1747776318, 0, 2, 815, 814, 23, 9.02%, 0, 0, 2, 3.81
1747776323, 0, 2, 816, 815, 23, 9.02%, 0, 0, 2, 4.35
1747776328, 0, 2, 817, 816, 23, 9.02%, 0, 0, 2, 3.73
1747776333, 0, 2, 818, 817, 23, 9.10%, 0, 0, 2, 3.43
1747776338, 0, 2, 819, 818, 23, 9.10%, 0, 0, 2, 2.42
1747776348, 0, 2, 821, 820, 23, 9.10%, 0, 0, 2, 2.49
1747776353, 0, 2, 822, 821, 23, 9.10%, 0, 0, 2, 2.95
1747776358, 0, 2, 823, 822, 23, 9.10%, 0, 0, 2, 2.44
1747776364, 0, 2, 824, 823, 23, 9.10%, 0, 0, 2, 3.36
1747776369, 0, 2, 825, 824, 23, 9.10%, 0, 0, 2, 4.16
1747776374, 0, 2, 826, 825, 23, 9.10%, 0, 0, 2, 4.19
1747776379, 0, 2, 828, 827, 23, 9.10%, 0, 0, 2, 3.84
1747776390, 0, 2, 829, 828, 23, 9.10%, 0, 0, 2, 5.65
1747776395, 0, 2, 830, 829, 23, 9.10%, 0, 0, 2, 4.14
1747776400, 0, 2, 831, 830, 23, 9.10%, 0, 0, 2, 2.51
1747776405, 0, 2, 832, 831, 23, 9.10%, 0, 0, 2, 3.55
1747776411, 0, 2, 833, 832, 23, 9.10%, 0, 0, 2, 5.60
1747776416, 0, 2, 834, 833, 23, 9.10%, 0, 0, 2, 5.25
1747776421, 0, 2, 836, 835, 23, 9.10%, 0, 0, 2, 4.16
1747776431, 0, 2, 837, 836, 23, 9.10%, 0, 0, 2, 5.21
1747776447, 0, 2, 838, 837, 23, 9.10%, 0, 0, 2, 6.12
1747776457, 0, 2, 840, 839, 23, 9.10%, 0, 0, 2, 6.05
1747776478, 0, 2, 841, 840, 23, 9.10%, 0, 0, 2, 6.58
1747776493, 0, 2, 842, 841, 23, 9.10%, 0, 0, 2, 5.76
1747776499, 0, 2, 843, 842, 23, 9.10%, 0, 0, 2, 4.44
1747776514, 0, 2, 844, 843, 23, 9.10%, 0, 0, 2, 5.88
1747776519, 0, 2, 845, 844, 23, 9.10%, 0, 0, 2, 4.59
1747776530, 0, 2, 846, 845, 23, 9.10%, 0, 0, 2, 5.52
1747776535, 0, 2, 847, 846, 23, 9.10%, 0, 0, 2, 4.29
1747776540, 0, 2, 848, 847, 23, 9.10%, 0, 0, 2, 4.24
1747776551, 0, 2, 849, 848, 23, 9.12%, 0, 0, 2, 5.39
1747776556, 0, 2, 850, 849, 23, 9.12%, 0, 0, 2, 4.74
1747776561, 0, 2, 852, 851, 23, 9.12%, 0, 0, 2, 3.85
1747776566, 0, 2, 853, 852, 23, 9.12%, 0, 0, 2, 4.66
1747776576, 0, 2, 855, 854, 23, 9.13%, 0, 0, 2, 4.49
1747776581, 0, 2, 856, 855, 23, 9.13%, 0, 0, 2, 3.47
1747776586, 0, 2, 857, 856, 23, 9.13%, 0, 0, 2, 19.56
1747776592, 0, 2, 859, 858, 23, 9.13%, 0, 0, 2, 3.41
1747776602, 0, 2, 860, 859, 23, 9.13%, 0, 0, 2, 4.70
1747776607, 0, 2, 861, 860, 23, 9.13%, 0, 0, 2, 5.09
1747776618, 0, 2, 862, 861, 23, 9.13%, 0, 0, 2, 4.93
1747776623, 0, 2, 864, 863, 23, 9.13%, 0, 0, 2, 3.77
1747776634, 0, 2, 865, 864, 23, 9.13%, 0, 0, 2, 4.05
1747776639, 0, 2, 866, 865, 23, 9.13%, 0, 0, 2, 5.51
1747776644, 0, 2, 867, 866, 23, 9.13%, 0, 0, 2, 4.13
1747776649, 0, 2, 868, 867, 23, 9.13%, 0, 0, 2, 3.92
1747776660, 0, 2, 869, 868, 23, 9.13%, 0, 0, 2, 6.07
1747776665, 0, 2, 870, 869, 23, 9.13%, 0, 0, 2, 4.23
1747776670, 0, 2, 871, 870, 23, 9.13%, 0, 0, 2, 3.96
1747776675, 0, 2, 872, 871, 23, 9.13%, 0, 0, 2, 4.28
1747776680, 0, 2, 873, 872, 23, 9.13%, 0, 0, 2, 5.91
1747776691, 0, 2, 874, 873, 23, 9.13%, 0, 0, 2, 4.46
1747776701, 0, 2, 876, 875, 23, 9.13%, 0, 0, 2, 4.19
1747776706, 0, 2, 877, 876, 23, 9.14%, 0, 0, 2, 3.79
1747776711, 0, 2, 878, 877, 23, 9.14%, 0, 0, 2, 4.11
1747776721, 0, 2, 879, 878, 23, 9.14%, 0, 0, 2, 5.51
1747776732, 0, 2, 880, 879, 23, 9.14%, 0, 0, 2, 4.74
1747776742, 0, 2, 881, 880, 23, 9.14%, 0, 0, 2, 5.61
1747776747, 0, 2, 882, 881, 23, 9.14%, 0, 0, 2, 5.25
1747776752, 0, 2, 883, 882, 23, 9.14%, 0, 0, 2, 3.83
1747776757, 0, 2, 884, 883, 23, 9.15%, 0, 0, 2, 3.97
1747776763, 0, 2, 885, 884, 23, 9.15%, 0, 0, 2, 3.12
1747776784, 0, 2, 886, 885, 23, 9.15%, 0, 0, 2, 6.17
1747776794, 0, 2, 887, 886, 23, 9.15%, 0, 0, 2, 5.19
1747776815, 0, 2, 888, 887, 23, 9.15%, 0, 0, 2, 5.79
1747776820, 0, 2, 889, 888, 23, 9.15%, 0, 0, 2, 4.51
1747776825, 0, 2, 890, 889, 23, 9.15%, 0, 0, 2, 3.33
1747776836, 0, 2, 892, 891, 23, 9.15%, 0, 0, 2, 4.52
1747776851, 0, 2, 893, 892, 23, 9.15%, 0, 0, 2, 4.51
1747776856, 0, 2, 894, 893, 23, 9.15%, 0, 0, 2, 5.25
1747776866, 0, 2, 895, 894, 23, 9.15%, 0, 0, 2, 4.68
1747776872, 0, 2, 896, 895, 23, 9.15%, 0, 0, 2, 6.42
1747776882, 0, 2, 897, 896, 23, 9.15%, 0, 0, 2, 5.32
1747776903, 0, 2, 898, 897, 23, 9.15%, 0, 0, 2, 5.01
1747776919, 0, 2, 899, 898, 23, 9.21%, 0, 0, 2, 5.86
1747776924, 0, 2, 900, 899, 23, 9.21%, 0, 0, 2, 6.32
1747776934, 0, 2, 901, 900, 23, 9.21%, 0, 0, 2, 5.51
1747776944, 0, 2, 902, 901, 23, 9.21%, 0, 0, 2, 6.65
1747776949, 0, 2, 903, 902, 23, 9.21%, 0, 0, 2, 4.65
1747776955, 0, 2, 904, 903, 23, 9.21%, 0, 0, 2, 4.73
1747776960, 0, 2, 905, 904, 23, 9.21%, 0, 0, 2, 4.18
1747776965, 0, 2, 906, 905, 23, 9.21%, 0, 0, 2, 4.42
1747776970, 0, 2, 907, 906, 23, 9.21%, 0, 0, 2, 5.07
1747776975, 0, 2, 908, 907, 23, 9.21%, 0, 0, 2, 6.24
1747776980, 0, 2, 909, 908, 23, 9.21%, 0, 0, 2, 5.15
1747776985, 0, 2, 910, 909, 23, 9.21%, 0, 0, 2, 4.72
1747776996, 0, 2, 911, 910, 23, 9.21%, 0, 0, 2, 4.66
1747777001, 0, 2, 912, 911, 23, 9.21%, 0, 0, 2, 5.57
1747777006, 0, 2, 913, 912, 23, 9.21%, 0, 0, 2, 5.24
1747777011, 0, 2, 914, 913, 23, 9.21%, 0, 0, 2, 5.47
1747777017, 0, 2, 915, 914, 23, 9.21%, 0, 0, 2, 5.57
1747777022, 0, 2, 916, 915, 23, 9.21%, 0, 0, 2, 4.10
1747777032, 0, 2, 917, 916, 23, 9.21%, 0, 0, 2, 5.27
1747777038, 0, 2, 918, 917, 23, 9.21%, 0, 0, 2, 4.21
1747777043, 0, 2, 919, 918, 23, 9.21%, 0, 0, 2, 4.42
1747777058, 0, 2, 920, 919, 23, 9.21%, 0, 0, 2, 6.80
1747777063, 0, 2, 921, 920, 23, 9.21%, 0, 0, 2, 5.24
1747777068, 0, 2, 922, 921, 23, 9.21%, 0, 0, 2, 5.89
1747777074, 0, 2, 923, 922, 23, 9.21%, 0, 0, 2, 5.95
1747777084, 0, 2, 924, 923, 23, 9.21%, 0, 0, 2, 6.88
1747777089, 0, 2, 925, 924, 23, 9.21%, 0, 0, 2, 6.48
1747777094, 0, 2, 926, 925, 23, 9.21%, 0, 0, 2, 4.91
1747777099, 0, 2, 927, 926, 23, 9.21%, 0, 0, 2, 5.02
1747777104, 0, 2, 928, 927, 23, 9.21%, 0, 0, 2, 4.69
1747777120, 0, 2, 929, 928, 23, 9.21%, 0, 0, 2, 6.42
1747777125, 0, 2, 930, 929, 23, 9.21%, 0, 0, 2, 5.30
1747777130, 0, 2, 931, 930, 23, 9.21%, 0, 0, 2, 4.95
1747777135, 0, 2, 932, 931, 23, 9.21%, 0, 0, 2, 5.13
1747777140, 0, 2, 933, 932, 23, 9.21%, 0, 0, 2, 5.72
1747777151, 0, 3, 933, 932, 28, 9.21%, 0, 0, 2, 5.76
1747777156, 0, 3, 934, 933, 28, 9.21%, 0, 0, 2, 4.11
1747777177, 0, 3, 935, 934, 28, 9.21%, 0, 0, 2, 4.86
1747777188, 0, 3, 937, 936, 28, 9.21%, 0, 0, 2, 5.25
1747777193, 0, 3, 938, 937, 28, 9.21%, 0, 0, 2, 4.96
1747777198, 0, 3, 939, 938, 28, 9.21%, 0, 0, 2, 4.57
1747777203, 0, 3, 940, 939, 28, 9.21%, 0, 0, 2, 3.76
1747777208, 0, 3, 941, 940, 28, 9.21%, 0, 0, 2, 4.22
1747777219, 0, 3, 942, 941, 28, 9.21%, 0, 0, 2, 4.40
1747777229, 0, 3, 944, 943, 28, 9.22%, 0, 0, 2, 4.20
1747777245, 0, 3, 945, 944, 28, 9.22%, 0, 0, 2, 4.52
1747777250, 0, 3, 946, 945, 28, 9.22%, 0, 0, 2, 4.00
1747777260, 0, 3, 947, 946, 28, 9.22%, 0, 0, 2, 5.68
1747777265, 0, 3, 948, 947, 28, 9.27%, 0, 0, 2, 3.91
1747777271, 0, 3, 949, 948, 28, 9.27%, 0, 0, 2, 3.94
1747777276, 0, 3, 950, 949, 28, 9.27%, 0, 0, 2, 3.17
1747777292, 0, 3, 951, 950, 28, 9.27%, 0, 0, 2, 4.32
1747777297, 0, 3, 952, 951, 28, 9.27%, 0, 0, 2, 5.46
1747777302, 0, 3, 953, 952, 28, 9.27%, 0, 0, 2, 4.02
1747777312, 0, 3, 954, 953, 28, 9.27%, 0, 0, 2, 5.01
1747777318, 0, 3, 955, 954, 28, 9.27%, 0, 0, 2, 3.83
1747777338, 0, 3, 956, 955, 28, 9.27%, 0, 0, 2, 4.99
1747777349, 0, 3, 957, 956, 28, 9.27%, 0, 0, 2, 4.54
1747777354, 0, 3, 958, 957, 28, 9.27%, 0, 0, 2, 4.80
1747777359, 0, 3, 959, 958, 28, 9.27%, 0, 0, 2, 5.65
1747777364, 0, 3, 960, 959, 28, 9.27%, 0, 0, 2, 4.37
1747777369, 0, 3, 961, 960, 28, 9.27%, 0, 0, 2, 3.90
1747777379, 0, 3, 962, 961, 28, 9.27%, 0, 0, 2, 4.27
1747777385, 0, 3, 963, 962, 28, 9.27%, 0, 0, 2, 4.38
1747777400, 0, 3, 964, 963, 28, 9.27%, 0, 0, 2, 4.96
1747777411, 0, 3, 965, 964, 28, 9.27%, 0, 0, 2, 3.91
1747777431, 0, 3, 967, 966, 28, 9.28%, 0, 0, 2, 3.77
1747777442, 0, 3, 968, 967, 28, 9.30%, 0, 0, 2, 5.93
1747777447, 0, 3, 969, 968, 28, 9.30%, 0, 0, 2, 4.25
1747777452, 0, 3, 970, 969, 28, 9.30%, 0, 0, 2, 3.98
1747777462, 0, 3, 971, 970, 28, 9.30%, 0, 0, 2, 4.14
1747777467, 0, 3, 972, 971, 28, 9.30%, 0, 0, 2, 3.37
1747777488, 0, 3, 973, 972, 28, 9.30%, 0, 0, 2, 6.11
1747777493, 0, 3, 974, 973, 28, 9.31%, 0, 0, 2, 4.74
1747777519, 0, 3, 975, 974, 28, 9.31%, 0, 0, 2, 4.33
1747777524, 0, 3, 976, 975, 28, 9.31%, 0, 0, 2, 3.84
1747777529, 0, 3, 977, 976, 28, 9.31%, 0, 0, 2, 3.58
1747777540, 0, 3, 978, 977, 28, 9.32%, 0, 0, 2, 3.61
1747777550, 0, 3, 979, 978, 28, 9.32%, 0, 0, 2, 5.40
1747777556, 0, 3, 980, 979, 28, 9.32%, 0, 0, 2, 3.95
1747777561, 0, 3, 981, 980, 28, 9.32%, 0, 0, 2, 3.51
1747777566, 0, 3, 982, 981, 28, 9.32%, 0, 0, 2, 3.69
1747777597, 0, 3, 983, 982, 28, 9.32%, 0, 0, 2, 6.34
1747777602, 0, 3, 984, 983, 28, 9.32%, 0, 0, 2, 5.08
1747777617, 0, 3, 985, 984, 28, 9.32%, 0, 0, 2, 4.74
1747777622, 0, 3, 986, 985, 28, 9.32%, 0, 0, 2, 4.65
1747777628, 0, 3, 988, 987, 28, 9.32%, 0, 0, 2, 4.38
1747777638, 0, 3, 989, 988, 28, 9.32%, 0, 0, 2, 4.63
1747777654, 0, 3, 990, 989, 28, 9.32%, 0, 0, 2, 5.18
1747777685, 0, 3, 991, 990, 28, 9.32%, 0, 0, 2, 5.06
1747777712, 0, 3, 992, 991, 28, 9.32%, 0, 0, 2, 5.04
1747777732, 0, 3, 993, 992, 28, 9.32%, 0, 0, 2, 5.83
1747777737, 0, 3, 994, 993, 28, 9.32%, 0, 0, 2, 5.55
1747777753, 0, 3, 995, 994, 28, 9.32%, 0, 0, 2, 5.83
1747777763, 0, 3, 996, 995, 28, 9.32%, 0, 0, 2, 4.68
1747777773, 0, 3, 997, 996, 28, 9.32%, 0, 0, 2, 5.31
1747777809, 0, 3, 998, 997, 28, 9.32%, 0, 0, 2, 4.48
1747777820, 0, 3, 999, 998, 28, 9.32%, 0, 0, 2, 6.44
1747777830, 0, 3, 1000, 999, 28, 9.32%, 0, 0, 2, 4.19
1747777845, 0, 3, 1001, 1000, 28, 9.32%, 0, 0, 2, 4.83
1747777856, 0, 3, 1002, 1001, 28, 9.32%, 0, 0, 2, 6.29
1747777862, 0, 3, 1003, 1002, 28, 9.32%, 0, 0, 2, 4.55
1747777867, 0, 3, 1004, 1003, 28, 9.32%, 0, 0, 2, 5.08
1747777888, 0, 3, 1005, 1004, 28, 9.32%, 0, 0, 2, 5.36
1747777903, 0, 3, 1006, 1005, 28, 9.32%, 0, 0, 2, 4.93
1747777913, 0, 3, 1007, 1006, 28, 9.32%, 0, 0, 2, 4.79
1747777919, 0, 3, 1008, 1007, 28, 9.32%, 0, 0, 2, 3.90
1747777924, 0, 3, 1010, 1009, 28, 9.33%, 0, 0, 2, 5.46
1747777945, 0, 3, 1012, 1011, 28, 9.33%, 0, 0, 2, 5.77
1747777950, 0, 3, 1013, 1012, 28, 9.33%, 0, 0, 2, 5.04
1747777965, 0, 3, 1014, 1013, 28, 9.33%, 0, 0, 2, 4.84
1747777976, 0, 3, 1015, 1014, 28, 9.33%, 0, 0, 2, 5.88
1747777996, 0, 3, 1016, 1015, 28, 9.33%, 0, 0, 2, 5.15
1747778017, 0, 3, 1017, 1016, 28, 9.33%, 0, 0, 2, 4.95
1747778022, 0, 3, 1018, 1017, 28, 9.33%, 0, 0, 2, 4.19
1747778079, 0, 3, 1019, 1018, 28, 9.33%, 0, 0, 2, 6.46
1747778090, 0, 3, 1020, 1019, 28, 9.33%, 0, 0, 2, 4.59
1747778100, 0, 3, 1021, 1020, 28, 9.33%, 0, 0, 2, 5.31
1747778115, 0, 3, 1022, 1021, 28, 9.33%, 0, 0, 2, 5.83
1747778136, 0, 4, 1022, 1021, 29, 9.33%, 0, 0, 2, 5.72
1747778146, 0, 4, 1023, 1022, 29, 9.33%, 0, 0, 2, 5.80
1747778157, 0, 4, 1024, 1023, 29, 9.33%, 0, 0, 2, 5.86
1747778162, 0, 4, 1025, 1024, 29, 9.33%, 0, 0, 2, 6.28
1747778188, 0, 4, 1026, 1025, 29, 9.33%, 0, 0, 2, 5.95
1747778204, 0, 4, 1027, 1026, 29, 9.33%, 0, 0, 2, 4.57
1747778209, 0, 4, 1028, 1027, 29, 9.33%, 0, 0, 2, 4.29
1747778277, 0, 4, 1029, 1028, 29, 9.33%, 0, 0, 2, 5.36
1747778349, 0, 4, 1030, 1029, 29, 9.33%, 0, 0, 2, 4.53
1747778365, 0, 4, 1031, 1030, 29, 9.33%, 0, 0, 2, 5.10
1747778391, 0, 4, 1032, 1031, 29, 9.33%, 0, 0, 2, 6.31
1747778411, 0, 4, 1033, 1032, 29, 9.33%, 0, 0, 2, 4.91
1747778452, 0, 4, 1034, 1033, 29, 9.33%, 0, 0, 2, 4.71
1747778488, 0, 4, 1035, 1034, 29, 9.33%, 0, 0, 2, 5.49
1747778493, 0, 4, 1036, 1035, 29, 9.33%, 0, 0, 2, 4.37
1747778509, 0, 4, 1038, 1037, 29, 9.33%, 0, 0, 2, 6.22
1747778540, 0, 4, 1039, 1038, 29, 9.33%, 0, 0, 2, 5.75
1747778556, 0, 4, 1040, 1039, 29, 9.33%, 0, 0, 2, 5.03
1747778566, 0, 4, 1041, 1040, 29, 9.33%, 0, 0, 2, 6.94
1747778577, 0, 4, 1043, 1042, 29, 9.33%, 0, 0, 2, 4.98
1747778587, 0, 4, 1044, 1043, 29, 9.33%, 0, 0, 2, 5.32
1747778592, 0, 4, 1045, 1044, 29, 9.33%, 0, 0, 2, 3.97
1747778597, 0, 4, 1046, 1045, 29, 9.36%, 0, 0, 2, 3.11
1747778613, 0, 4, 1047, 1046, 29, 9.36%, 0, 0, 2, 4.79
1747778639, 0, 4, 1048, 1047, 29, 9.36%, 0, 0, 2, 6.37
1747778649, 0, 4, 1049, 1048, 29, 9.36%, 0, 0, 2, 4.16
1747778654, 0, 4, 1050, 1049, 29, 9.36%, 0, 0, 2, 3.89
1747778660, 0, 4, 1051, 1050, 29, 9.36%, 0, 0, 2, 5.75
1747778670, 0, 4, 1052, 1051, 29, 9.36%, 0, 0, 2, 5.18
1747778717, 0, 4, 1053, 1052, 29, 9.36%, 0, 0, 2, 6.19
1747778728, 0, 4, 1054, 1053, 29, 9.36%, 0, 0, 2, 4.83
1747778759, 0, 4, 1055, 1054, 29, 9.36%, 0, 0, 2, 4.92
1747778774, 0, 4, 1056, 1055, 29, 9.36%, 0, 0, 2, 5.93
1747778800, 0, 4, 1057, 1056, 29, 9.36%, 0, 0, 2, 4.91
1747778831, 0, 4, 1058, 1057, 29, 9.36%, 0, 0, 2, 4.35
1747778841, 0, 4, 1059, 1058, 29, 9.36%, 0, 0, 2, 4.19
1747778846, 0, 4, 1060, 1059, 29, 9.36%, 0, 0, 2, 4.42
1747778872, 0, 4, 1061, 1060, 29, 9.36%, 0, 0, 2, 6.26
1747778893, 0, 4, 1062, 1061, 29, 9.36%, 0, 0, 2, 6.76
1747778898, 0, 4, 1063, 1062, 29, 9.36%, 0, 0, 2, 6.24
1747778908, 0, 4, 1064, 1063, 29, 9.36%, 0, 0, 2, 4.63
1747778929, 0, 4, 1065, 1064, 29, 9.36%, 0, 0, 2, 5.28
1747778939, 0, 4, 1066, 1065, 29, 9.36%, 0, 0, 2, 4.99
1747778944, 0, 4, 1067, 1066, 29, 9.36%, 0, 0, 2, 4.51
1747778950, 0, 4, 1068, 1067, 29, 9.36%, 0, 0, 2, 3.77
1747778975, 0, 5, 1068, 1067, 29, 9.36%, 0, 0, 2, 5.66
1747778985, 0, 5, 1069, 1068, 29, 9.36%, 0, 0, 2, 5.46
1747779016, 0, 5, 1070, 1069, 29, 9.36%, 0, 0, 2, 5.01
1747779042, 0, 5, 1071, 1070, 29, 9.36%, 0, 0, 2, 3.75
1747779047, 0, 5, 1072, 1071, 29, 9.36%, 0, 0, 2, 3.92
1747779058, 0, 5, 1073, 1072, 29, 9.36%, 0, 0, 2, 3.47
1747779063, 0, 5, 1074, 1073, 29, 9.36%, 0, 0, 2, 5.40
1747779085, 0, 5, 1075, 1074, 29, 9.36%, 0, 0, 2, 4.36
1747779106, 0, 5, 1076, 1075, 29, 9.36%, 0, 0, 2, 4.65
1747779121, 0, 5, 1077, 1076, 29, 9.36%, 0, 0, 2, 5.34
1747779132, 0, 5, 1078, 1077, 29, 9.36%, 0, 0, 2, 3.34
1747779137, 0, 5, 1079, 1078, 29, 9.36%, 0, 0, 2, 3.45
1747779147, 0, 5, 1080, 1079, 29, 9.36%, 0, 0, 2, 4.16
1747779189, 0, 5, 1081, 1080, 29, 9.36%, 0, 0, 2, 4.25
1747779206, 0, 5, 1082, 1081, 29, 9.36%, 0, 0, 2, 4.30
1747779216, 0, 5, 1083, 1082, 29, 9.36%, 0, 0, 2, 4.86
1747779231, 0, 5, 1084, 1083, 29, 9.36%, 0, 0, 2, 4.79
1747779237, 0, 5, 1085, 1084, 29, 9.36%, 0, 0, 2, 3.90
1747779258, 0, 5, 1086, 1085, 29, 9.36%, 0, 0, 2, 3.90
1747779274, 0, 5, 1087, 1086, 29, 9.36%, 0, 0, 2, 4.75
1747779305, 0, 5, 1088, 1087, 29, 9.36%, 0, 0, 2, 5.86
1747779341, 0, 5, 1089, 1088, 29, 9.36%, 0, 0, 2, 4.21
1747779362, 0, 5, 1090, 1089, 29, 9.36%, 0, 0, 2, 5.43
1747779394, 0, 5, 1091, 1090, 29, 9.36%, 0, 0, 2, 4.46
1747779399, 0, 5, 1092, 1091, 29, 9.36%, 0, 0, 2, 4.00
1747779415, 0, 5, 1093, 1092, 29, 9.36%, 0, 0, 2, 4.75
1747779441, 0, 5, 1094, 1093, 29, 9.36%, 0, 0, 2, 8.31
1747779560, 0, 5, 1095, 1094, 29, 9.37%, 0, 0, 2, 4.47
1747779617, 0, 5, 1096, 1095, 29, 9.37%, 0, 0, 2, 4.69
1747779627, 0, 5, 1097, 1096, 29, 9.37%, 0, 0, 2, 4.52
1747779648, 0, 5, 1098, 1097, 29, 9.37%, 0, 0, 2, 5.77
1747779658, 0, 5, 1099, 1098, 29, 9.37%, 0, 0, 2, 3.91
1747779679, 0, 5, 1100, 1099, 29, 9.37%, 0, 0, 2, 4.91
1747779690, 0, 5, 1101, 1100, 29, 9.37%, 0, 0, 2, 4.60
1747779834, 0, 5, 1102, 1101, 29, 9.37%, 0, 0, 2, 4.30
1747779839, 0, 5, 1103, 1102, 29, 9.37%, 0, 0, 2, 5.53
1747779865, 0, 5, 1104, 1103, 29, 9.37%, 0, 0, 2, 5.90
1747779896, 0, 5, 1105, 1104, 29, 9.37%, 0, 0, 2, 6.88
1747779912, 0, 6, 1105, 1104, 30, 9.37%, 0, 0, 2, 5.32
1747779932, 0, 7, 1105, 1104, 30, 9.37%, 0, 0, 2, 6.05
1747779947, 0, 7, 1106, 1105, 30, 9.37%, 0, 0, 2, 6.79
1747779974, 0, 8, 1106, 1105, 30, 9.37%, 0, 0, 2, 6.61
1747780001, 0, 9, 1107, 1106, 30, 9.37%, 0, 0, 2, 4.35
1747780027, 0, 9, 1108, 1107, 30, 9.37%, 0, 0, 2, 5.09
1747780037, 0, 9, 1109, 1108, 30, 9.37%, 0, 0, 2, 3.58
1747780048, 0, 9, 1110, 1109, 30, 9.37%, 0, 0, 2, 3.57
1747780090, 0, 9, 1111, 1110, 30, 9.37%, 0, 0, 2, 4.79
1747780111, 0, 9, 1112, 1111, 30, 9.37%, 0, 0, 2, 3.58
1747780137, 0, 9, 1113, 1112, 30, 9.37%, 0, 0, 2, 6.01
1747780179, 0, 9, 1114, 1113, 30, 9.37%, 0, 0, 2, 6.22
1747780226, 0, 9, 1115, 1114, 30, 9.37%, 0, 0, 2, 4.97
1747780294, 0, 9, 1116, 1115, 30, 9.37%, 0, 0, 2, 5.11
1747780325, 0, 9, 1117, 1116, 30, 9.37%, 0, 0, 2, 4.69
1747780341, 0, 9, 1118, 1117, 30, 9.37%, 0, 0, 2, 6.28
1747780367, 0, 9, 1119, 1118, 30, 9.37%, 0, 0, 2, 4.49
1747780408, 0, 9, 1120, 1119, 30, 9.37%, 0, 0, 2, 4.54
1747780492, 0, 9, 1121, 1120, 30, 9.37%, 0, 0, 2, 4.45
1747780503, 0, 9, 1122, 1121, 30, 9.37%, 0, 0, 2, 3.66
1747780508, 0, 9, 1123, 1122, 30, 9.37%, 0, 0, 2, 3.69
1747780519, 0, 9, 1124, 1123, 30, 9.37%, 0, 0, 2, 3.91
1747780566, 0, 9, 1125, 1124, 30, 9.38%, 0, 0, 2, 4.46
1747780607, 0, 9, 1126, 1125, 30, 9.38%, 0, 0, 2, 6.33
1747780644, 0, 9, 1127, 1126, 30, 9.38%, 0, 0, 2, 5.79
1747780665, 0, 9, 1128, 1127, 30, 9.38%, 0, 0, 2, 4.39
1747780681, 0, 9, 1129, 1128, 30, 9.38%, 0, 0, 2, 6.02
1747780759, 0, 9, 1130, 1129, 30, 9.38%, 0, 0, 2, 5.26
1747780769, 0, 9, 1131, 1130, 30, 9.38%, 0, 0, 2, 4.70
1747780853, 0, 10, 1131, 1130, 32, 9.38%, 0, 0, 2, 5.80
1747780874, 0, 11, 1131, 1130, 32, 9.38%, 0, 0, 2, 5.99
1747780884, 0, 11, 1132, 1131, 32, 9.38%, 0, 0, 2, 4.88
1747780895, 0, 11, 1133, 1132, 32, 9.38%, 0, 0, 2, 6.52
1747780905, 0, 11, 1134, 1133, 32, 9.38%, 0, 0, 2, 4.65
1747780911, 0, 11, 1135, 1134, 32, 9.38%, 0, 0, 2, 3.74
1747780947, 0, 11, 1136, 1135, 32, 9.38%, 0, 0, 2, 4.36
1747780957, 0, 11, 1137, 1136, 32, 9.39%, 0, 0, 2, 3.14
1747781119, 0, 11, 1138, 1137, 32, 9.40%, 0, 0, 2, 4.22
1747781181, 0, 11, 1139, 1138, 32, 9.40%, 0, 0, 2, 4.39
1747781254, 0, 11, 1140, 1139, 32, 9.40%, 0, 0, 2, 5.49
1747781259, 0, 11, 1141, 1140, 32, 9.40%, 0, 0, 2, 4.08
1747781275, 0, 11, 1142, 1141, 32, 9.40%, 0, 0, 2, 4.96
1747781280, 0, 11, 1143, 1142, 32, 9.40%, 0, 0, 2, 3.74
1747781285, 0, 11, 1144, 1143, 32, 9.40%, 0, 0, 2, 2.88
1747781338, 0, 11, 1145, 1144, 32, 9.40%, 0, 0, 2, 5.15
1747781487, 0, 11, 1146, 1145, 32, 9.42%, 0, 0, 2, 5.60
1747781529, 0, 11, 1147, 1146, 32, 9.42%, 0, 0, 2, 3.92
1747781685, 0, 11, 1148, 1147, 32, 9.42%, 0, 0, 2, 5.09
1747781701, 0, 11, 1149, 1148, 32, 9.42%, 0, 0, 2, 4.31
1747781717, 0, 11, 1150, 1149, 32, 9.42%, 0, 0, 2, 4.85
1747781733, 0, 11, 1151, 1150, 32, 9.42%, 0, 0, 2, 3.74
1747781753, 0, 12, 1151, 1150, 31, 9.42%, 0, 0, 2, 5.08
1747781769, 0, 12, 1152, 1151, 31, 9.42%, 0, 0, 2, 4.75
1747781801, 0, 12, 1153, 1152, 31, 9.42%, 0, 0, 2, 5.65
1747781822, 0, 12, 1154, 1153, 31, 9.42%, 0, 0, 2, 5.64
1747781906, 0, 12, 1155, 1154, 31, 9.42%, 0, 0, 2, 5.03
1747782000, 0, 12, 1156, 1155, 31, 9.42%, 0, 0, 2, 4.66
1747782047, 0, 12, 1157, 1156, 31, 9.42%, 0, 0, 2, 4.54
1747782052, 0, 12, 1158, 1157, 31, 9.42%, 0, 0, 2, 1.43
1747782167, 0, 12, 1159, 1158, 31, 9.42%, 0, 0, 2, 5.04
1747782328, 0, 12, 1160, 1159, 31, 9.42%, 0, 0, 2, 4.30
1747782406, 0, 12, 1161, 1160, 31, 9.42%, 0, 0, 2, 5.23
1747782483, 0, 12, 1162, 1161, 31, 9.42%, 0, 0, 2, 4.72
1747782592, 0, 13, 1162, 1161, 31, 9.42%, 0, 0, 2, 6.03
1747782598, 0, 13, 1163, 1162, 31, 9.42%, 0, 0, 2, 5.94
1747782639, 0, 14, 1163, 1162, 31, 9.42%, 0, 0, 2, 6.90
1747782665, 0, 16, 1163, 1162, 31, 9.42%, 0, 0, 2, 5.15
1747782675, 0, 16, 1164, 1163, 31, 9.42%, 0, 0, 2, 4.17
1747782680, 0, 16, 1165, 1164, 31, 9.42%, 0, 0, 2, 3.11
1747782753, 0, 16, 1166, 1165, 31, 9.42%, 0, 0, 2, 4.61
1747782795, 0, 16, 1167, 1166, 31, 9.42%, 0, 0, 2, 5.43
1747782853, 0, 16, 1168, 1167, 31, 9.42%, 0, 0, 2, 5.04
1747782988, 0, 16, 1169, 1168, 31, 9.42%, 0, 0, 2, 4.90
1747783019, 0, 16, 1170, 1169, 31, 9.42%, 0, 0, 2, 4.77
1747783061, 0, 16, 1171, 1170, 31, 9.59%, 0, 0, 2, 4.04
1747783077, 0, 16, 1172, 1171, 31, 9.59%, 0, 0, 2, 3.82
1747783120, 0, 16, 1173, 1172, 31, 9.59%, 0, 0, 2, 4.45
1747783463, 0, 16, 1174, 1173, 31, 9.59%, 0, 0, 2, 4.42
1747783489, 0, 16, 1175, 1174, 31, 9.59%, 0, 0, 2, 5.03
1747783516, 0, 17, 1175, 1174, 32, 9.59%, 0, 0, 2, 5.03
1747783542, 0, 18, 1175, 1174, 32, 9.59%, 0, 0, 2, 6.49
1747783568, 0, 19, 1175, 1174, 32, 9.59%, 0, 0, 2, 5.46
1747783590, 0, 20, 1175, 1174, 32, 9.59%, 0, 0, 2, 5.66
1747783616, 0, 23, 1175, 1174, 32, 9.59%, 0, 0, 2, 5.29
1747783642, 0, 25, 1175, 1174, 32, 9.59%, 0, 0, 2, 5.89
1747783647, 0, 25, 1176, 1175, 32, 9.59%, 0, 0, 2, 5.57
1747783698, 0, 26, 1176, 1175, 32, 9.59%, 0, 0, 2, 4.54
1747783724, 0, 27, 1176, 1175, 32, 9.59%, 0, 0, 2, 5.28
1747783750, 0, 28, 1176, 1175, 32, 9.59%, 0, 0, 2, 5.85
1747783776, 0, 30, 1176, 1175, 32, 9.59%, 0, 0, 2, 5.53
1747783797, 0, 31, 1176, 1175, 32, 9.59%, 0, 0, 2, 5.44
1747783807, 0, 31, 1177, 1176, 32, 9.59%, 0, 0, 2, 4.42
1747783850, 0, 32, 1177, 1176, 32, 9.59%, 0, 0, 2, 6.06
1747783876, 0, 33, 1177, 1176, 32, 9.59%, 0, 0, 2, 6.76
1747783881, 0, 33, 1178, 1177, 32, 9.59%, 0, 0, 2, 5.33
1747783923, 0, 33, 1179, 1178, 32, 9.59%, 0, 0, 2, 4.92
1747783990, 0, 34, 1179, 1178, 32, 9.59%, 0, 0, 2, 6.22
1747784017, 0, 35, 1179, 1178, 32, 9.59%, 0, 0, 2, 4.78
1747784043, 0, 36, 1180, 1179, 32, 9.59%, 0, 0, 2, 5.42
1747784094, 0, 37, 1180, 1179, 32, 9.59%, 0, 0, 2, 6.27
1747784121, 0, 38, 1180, 1179, 32, 9.59%, 0, 0, 2, 5.32
1747784147, 0, 39, 1180, 1179, 32, 9.59%, 0, 0, 2, 5.41
1747784173, 0, 40, 1180, 1179, 32, 9.59%, 0, 0, 2, 5.51
1747784188, 0, 40, 1181, 1180, 32, 9.61%, 0, 0, 2, 5.49
1747784214, 0, 40, 1182, 1181, 32, 9.61%, 0, 0, 2, 4.90
1747784282, 0, 41, 1182, 1181, 31, 9.61%, 0, 0, 2, 6.46
1747784308, 0, 42, 1182, 1181, 31, 9.61%, 0, 0, 2, 5.79
1747784333, 0, 43, 1182, 1181, 31, 9.61%, 0, 0, 2, 5.69
1747784359, 0, 44, 1182, 1181, 31, 9.61%, 0, 0, 2, 5.58
1747784375, 0, 44, 1183, 1182, 31, 9.61%, 0, 0, 2, 3.54
1747784417, 0, 45, 1183, 1182, 31, 9.61%, 0, 0, 2, 5.98
1747784438, 0, 45, 1184, 1183, 31, 9.61%, 0, 0, 2, 5.03
1747784459, 0, 45, 1185, 1184, 31, 9.61%, 0, 0, 2, 3.92
1747784533, 0, 46, 1185, 1184, 31, 9.61%, 0, 0, 2, 6.06
1747784538, 0, 46, 1186, 1185, 31, 9.61%, 0, 0, 2, 4.34
1747784559, 0, 46, 1187, 1186, 31, 9.61%, 0, 0, 2, 4.40
1747784637, 0, 46, 1188, 1187, 31, 9.61%, 0, 0, 2, 6.16
1747784726, 0, 46, 1189, 1188, 31, 9.61%, 0, 0, 2, 5.01
1747784742, 0, 46, 1190, 1189, 31, 9.61%, 0, 0, 2, 3.70
1747784758, 0, 46, 1191, 1190, 31, 9.63%, 0, 0, 2, 4.56
1747784841, 0, 46, 1192, 1191, 31, 9.63%, 0, 0, 2, 5.09
1747784876, 0, 46, 1194, 1193, 31, 9.68%, 0, 0, 2, 4.07
1747784949, 0, 46, 1195, 1194, 31, 9.68%, 0, 0, 2, 5.49
1747785027, 0, 46, 1196, 1195, 31, 9.68%, 0, 0, 2, 4.07
1747785132, 0, 46, 1197, 1196, 31, 9.68%, 0, 0, 2, 4.82
1747785289, 0, 46, 1198, 1197, 31, 9.68%, 0, 0, 2, 3.14
1747785389, 0, 46, 1199, 1198, 31, 9.68%, 0, 0, 2, 5.00
1747785410, 0, 47, 1199, 1198, 33, 9.68%, 0, 0, 2, 6.08
1747785420, 0, 47, 1200, 1199, 33, 9.68%, 0, 0, 2, 4.43
1747785441, 0, 47, 1201, 1200, 33, 9.68%, 0, 0, 2, 4.86
1747785452, 0, 47, 1202, 1201, 33, 9.68%, 0, 0, 2, 3.53
1747785635, 0, 47, 1203, 1202, 33, 9.68%, 0, 0, 2, 4.59
1747785708, 0, 47, 1204, 1203, 33, 9.68%, 0, 0, 2, 5.01
1747786214, 0, 47, 1205, 1204, 33, 9.68%, 0, 0, 2, 4.73
1747786271, 0, 48, 1205, 1204, 34, 9.68%, 0, 0, 2, 5.86
1747786298, 0, 49, 1205, 1204, 34, 9.68%, 0, 0, 2, 5.19
1747786324, 0, 50, 1205, 1204, 34, 9.68%, 0, 0, 2, 4.73
1747786349, 0, 51, 1205, 1204, 34, 9.68%, 0, 0, 2, 5.44
1747786360, 0, 51, 1206, 1205, 34, 9.68%, 0, 0, 2, 5.07
1747786397, 0, 51, 1207, 1206, 34, 9.68%, 0, 0, 2, 4.41
1747786449, 0, 51, 1208, 1207, 34, 9.68%, 0, 0, 2, 4.66
1747786564, 0, 52, 1208, 1207, 34, 9.68%, 0, 0, 2, 6.67
1747786590, 0, 53, 1208, 1207, 34, 9.68%, 0, 0, 2, 6.55
1747786611, 0, 56, 1208, 1207, 34, 9.68%, 0, 0, 2, 5.71
1747786637, 0, 57, 1208, 1207, 34, 9.68%, 0, 0, 2, 5.93
1747786663, 0, 58, 1208, 1207, 34, 9.68%, 0, 0, 2, 5.20
1747786690, 0, 59, 1208, 1207, 34, 9.68%, 0, 0, 2, 4.19
1747786716, 0, 60, 1208, 1207, 34, 9.68%, 0, 0, 2, 5.83
1747786742, 0, 61, 1208, 1207, 34, 9.68%, 0, 0, 2, 5.84
1747786768, 0, 62, 1208, 1207, 34, 9.68%, 0, 0, 2, 5.39
1747786793, 0, 63, 1208, 1207, 34, 9.68%, 0, 0, 2, 5.98
1747786820, 0, 64, 1208, 1207, 34, 9.68%, 0, 0, 2, 6.21
1747786831, 0, 64, 1209, 1208, 34, 9.70%, 0, 0, 2, 4.52
1747786878, 0, 65, 1209, 1208, 35, 9.70%, 0, 0, 2, 5.33
1747786899, 0, 66, 1209, 1208, 35, 9.70%, 0, 0, 2, 6.03
1747786925, 0, 67, 1209, 1208, 35, 9.70%, 0, 0, 2, 6.82
1747786946, 0, 68, 1209, 1208, 35, 9.70%, 0, 0, 2, 5.80
1747786977, 0, 69, 1209, 1208, 35, 9.70%, 0, 0, 2, 4.51
1747787003, 0, 70, 1209, 1208, 35, 9.70%, 0, 0, 2, 5.57
1747787029, 0, 71, 1209, 1208, 35, 9.70%, 0, 0, 2, 4.66
1747787040, 0, 71, 1210, 1209, 35, 9.70%, 0, 0, 2, 4.86
1747787087, 0, 72, 1210, 1209, 35, 9.70%, 0, 0, 2, 5.85
1747787108, 0, 75, 1210, 1209, 35, 9.70%, 0, 0, 2, 4.86
1747787139, 0, 76, 1210, 1209, 35, 9.70%, 0, 0, 2, 4.66
1747787159, 0, 77, 1210, 1209, 35, 9.70%, 0, 0, 2, 5.88
1747787190, 0, 78, 1210, 1209, 35, 9.70%, 0, 0, 2, 5.01
1747787217, 0, 80, 1210, 1209, 35, 9.70%, 0, 0, 2, 6.24
1747787222, 0, 80, 1211, 1210, 35, 9.70%, 0, 0, 2, 4.99
1747787243, 0, 80, 1212, 1211, 35, 9.70%, 0, 0, 2, 4.19
1747787331, 0, 81, 1212, 1211, 35, 9.70%, 0, 0, 2, 5.31
1747787352, 0, 82, 1212, 1211, 35, 9.70%, 0, 0, 2, 5.55
1747787368, 0, 82, 1213, 1212, 35, 9.70%, 0, 0, 2, 4.08
1747787389, 0, 82, 1215, 1214, 35, 9.70%, 0, 0, 2, 6.68
1747787525, 0, 82, 1216, 1215, 35, 9.70%, 0, 0, 2, 5.23
1747787552, 0, 82, 1217, 1216, 35, 9.70%, 0, 0, 2, 5.10
1747787562, 0, 82, 1218, 1217, 35, 9.70%, 0, 0, 2, 3.16
1747787718, 0, 82, 1219, 1218, 35, 9.70%, 0, 0, 2, 4.49
1747787734, 0, 82, 1220, 1219, 35, 9.70%, 0, 0, 2, 4.12
1747788217, 0, 84, 1220, 1219, 35, 9.70%, 0, 0, 2, 5.04
1747788243, 0, 85, 1220, 1219, 35, 9.70%, 0, 0, 2, 4.70
1747788269, 0, 86, 1220, 1219, 35, 9.70%, 0, 0, 2, 5.30
1747788301, 0, 87, 1220, 1219, 35, 9.70%, 0, 0, 2, 5.26
1747788317, 0, 87, 1221, 1220, 35, 9.70%, 0, 0, 2, 4.45
1747788353, 0, 88, 1221, 1220, 35, 9.70%, 0, 0, 2, 5.23
1747788379, 0, 89, 1221, 1220, 35, 9.70%, 0, 0, 2, 5.85
1747788406, 0, 90, 1221, 1220, 35, 9.70%, 0, 0, 2, 4.08
1747788432, 0, 91, 1221, 1220, 35, 9.70%, 0, 0, 2, 5.07
1747788458, 0, 92, 1221, 1220, 35, 9.70%, 0, 0, 2, 5.07
1747788473, 0, 92, 1222, 1221, 35, 9.73%, 0, 0, 2, 5.08
1747788484, 0, 92, 1223, 1222, 35, 9.73%, 0, 0, 2, 4.13
1747788526, 0, 92, 1224, 1223, 35, 9.73%, 0, 0, 2, 4.45
1747788567, 0, 92, 1224, 1223, 35, 9.73%, 1, 0, 2, 5.94
1747788650, 0, 92, 1225, 1224, 35, 9.73%, 1, 0, 2, 5.35
1747788691, 0, 92, 1226, 1225, 35, 9.73%, 1, 0, 2, 4.41
1747788795, 0, 92, 1226, 1225, 35, 9.73%, 2, 0, 2, 5.50
1747788863, 0, 92, 1227, 1226, 35, 9.73%, 2, 0, 2, 4.44
1747789045, 0, 92, 1228, 1227, 35, 9.73%, 2, 0, 2, 4.24
1747789155, 0, 92, 1229, 1228, 35, 9.73%, 2, 0, 2, 4.58
1747789187, 0, 92, 1230, 1229, 35, 9.73%, 2, 0, 2, 4.13
1747789208, 0, 92, 1231, 1230, 35, 9.73%, 2, 0, 2, 3.96
1747789219, 0, 92, 1232, 1231, 35, 9.73%, 2, 0, 2, 3.90
1747789235, 0, 92, 1233, 1232, 35, 9.73%, 2, 0, 2, 5.04
1747789293, 0, 92, 1234, 1233, 35, 9.73%, 2, 0, 2, 1.37
1747789360, 0, 93, 1234, 1233, 33, 9.73%, 2, 0, 2, 6.55
1747789376, 0, 93, 1235, 1234, 33, 9.73%, 2, 0, 2, 4.60
1747789418, 0, 94, 1235, 1234, 33, 9.73%, 2, 0, 2, 5.52
1747789444, 0, 95, 1235, 1234, 33, 9.73%, 2, 0, 2, 5.70
1747789465, 0, 96, 1235, 1234, 33, 9.73%, 2, 0, 2, 5.27
1747789491, 0, 97, 1235, 1234, 33, 9.73%, 2, 0, 2, 5.53
1747789517, 0, 98, 1235, 1234, 33, 9.73%, 2, 0, 2, 4.04
1747789548, 0, 99, 1235, 1234, 33, 9.73%, 2, 0, 2, 5.35
1747789569, 0, 102, 1235, 1234, 33, 9.73%, 2, 0, 2, 6.01
1747789595, 0, 103, 1235, 1234, 33, 9.73%, 2, 0, 2, 5.25
1747789622, 0, 104, 1235, 1234, 33, 9.73%, 2, 0, 2, 4.57
1747789648, 0, 105, 1235, 1234, 33, 9.73%, 2, 0, 2, 4.76
1747789674, 0, 106, 1235, 1234, 33, 9.73%, 2, 0, 2, 5.18
1747789696, 0, 107, 1235, 1234, 33, 9.73%, 2, 0, 2, 6.63
1747789721, 0, 109, 1235, 1234, 33, 9.73%, 2, 0, 2, 5.04
1747789747, 0, 110, 1235, 1234, 33, 9.73%, 2, 0, 2, 5.14
1747789773, 0, 112, 1235, 1234, 33, 9.73%, 2, 0, 2, 6.07
1747789794, 0, 115, 1235, 1234, 33, 9.73%, 2, 0, 2, 5.76
1747789820, 0, 116, 1235, 1234, 33, 9.73%, 2, 0, 2, 5.60
1747789852, 0, 117, 1235, 1234, 33, 9.73%, 2, 0, 2, 4.67
1747789868, 0, 117, 1236, 1235, 33, 9.73%, 2, 0, 2, 3.98
1747789889, 0, 117, 1237, 1236, 33, 9.73%, 2, 0, 2, 3.89
1747789894, 0, 117, 1237, 1236, 33, 9.73%, 3, 0, 2, 4.25
1747789920, 0, 117, 1238, 1237, 33, 9.73%, 3, 0, 2, 4.74
1747789957, 0, 117, 1239, 1238, 33, 9.73%, 3, 0, 2, 3.43
1747790258, 0, 117, 1240, 1239, 33, 9.73%, 3, 0, 2, 4.28
1747790380, 0, 117, 1241, 1240, 33, 9.73%, 3, 0, 2, 4.99
1747790501, 0, 117, 1242, 1241, 33, 9.73%, 3, 0, 2, 5.55
1747790558, 0, 117, 1242, 1241, 33, 9.73%, 4, 0, 2, 5.91
1747790652, 0, 117, 1243, 1242, 33, 9.73%, 4, 0, 2, 4.72
1747790755, 0, 119, 1243, 1242, 33, 9.73%, 4, 0, 2, 6.18
1747790761, 0, 119, 1244, 1243, 33, 9.73%, 4, 0, 2, 4.81
1747790782, 0, 119, 1244, 1243, 33, 9.73%, 5, 0, 2, 4.79
1747790809, 0, 120, 1244, 1243, 33, 9.73%, 5, 0, 2, 6.32
1747790840, 0, 121, 1244, 1243, 33, 9.73%, 5, 0, 2, 4.83
1747790866, 0, 123, 1244, 1243, 33, 9.73%, 5, 0, 2, 8.78
1747790892, 0, 124, 1244, 1243, 33, 9.73%, 5, 0, 2, 6.04
1747790912, 0, 125, 1244, 1243, 33, 9.73%, 5, 0, 2, 5.83
1747790944, 0, 126, 1244, 1243, 33, 9.73%, 5, 0, 2, 5.13
1747790970, 0, 127, 1244, 1243, 33, 9.73%, 5, 0, 2, 5.41
1747790985, 0, 127, 1245, 1244, 33, 9.73%, 5, 0, 2, 4.40
1747791027, 0, 129, 1245, 1244, 33, 9.73%, 5, 0, 2, 5.30
1747791053, 0, 130, 1245, 1244, 33, 9.73%, 5, 0, 2, 6.02
1747791075, 0, 131, 1245, 1244, 33, 9.73%, 5, 0, 2, 6.17
1747791080, 0, 131, 1246, 1245, 33, 9.73%, 5, 0, 2, 5.13
1747791133, 0, 132, 1246, 1245, 33, 9.73%, 5, 0, 2, 5.17
1747791154, 0, 134, 1246, 1245, 33, 9.73%, 5, 0, 2, 5.94
1747791180, 0, 135, 1246, 1245, 33, 9.73%, 5, 0, 2, 4.51
1747791211, 0, 136, 1246, 1245, 33, 9.73%, 5, 0, 2, 4.50
1747791232, 0, 137, 1246, 1245, 33, 9.73%, 5, 0, 2, 6.15
1747791258, 0, 138, 1246, 1245, 33, 9.73%, 5, 0, 2, 5.24
1747791289, 0, 139, 1246, 1245, 33, 9.73%, 5, 0, 2, 5.37
1747791315, 0, 140, 1246, 1245, 33, 9.73%, 5, 0, 2, 5.19
1747791337, 0, 141, 1246, 1245, 33, 9.73%, 5, 0, 2, 5.42
1747791363, 0, 143, 1246, 1245, 33, 9.73%, 5, 0, 2, 4.86
1747791394, 0, 145, 1246, 1245, 33, 9.73%, 5, 0, 2, 4.29
1747791420, 0, 146, 1246, 1245, 33, 9.73%, 5, 0, 2, 5.73
1747791446, 0, 147, 1246, 1245, 33, 9.73%, 5, 0, 2, 5.48
1747791472, 0, 148, 1246, 1245, 33, 9.73%, 5, 0, 2, 6.27
1747791498, 0, 149, 1246, 1245, 33, 9.73%, 5, 0, 2, 5.00
1747791529, 0, 150, 1246, 1245, 33, 9.73%, 5, 0, 2, 6.04
1747791555, 0, 151, 1246, 1245, 33, 9.73%, 5, 0, 2, 5.49
1747791581, 0, 153, 1246, 1245, 33, 9.73%, 5, 0, 2, 4.79
1747791607, 0, 154, 1246, 1245, 33, 9.73%, 5, 0, 2, 5.71
1747791632, 0, 156, 1246, 1245, 33, 9.73%, 5, 0, 2, 4.75
1747791658, 0, 158, 1247, 1246, 33, 9.74%, 5, 0, 2, 5.09
1747791715, 0, 159, 1247, 1246, 34, 9.74%, 5, 0, 2, 5.33
1747791746, 0, 160, 1247, 1246, 34, 9.74%, 5, 0, 2, 5.54
1747791768, 0, 161, 1247, 1246, 34, 9.74%, 5, 0, 2, 5.07
1747791793, 0, 162, 1247, 1246, 34, 9.74%, 5, 0, 2, 5.47
1747791819, 0, 163, 1247, 1246, 34, 9.74%, 5, 0, 2, 4.98
1747791845, 0, 164, 1247, 1246, 34, 9.74%, 5, 0, 2, 6.73
1747791871, 0, 165, 1247, 1246, 34, 9.74%, 5, 0, 2, 5.88
1747791876, 0, 165, 1248, 1247, 34, 9.74%, 5, 0, 2, 4.46
1747791918, 0, 165, 1248, 1247, 34, 9.74%, 6, 0, 2, 5.22
1747791928, 0, 165, 1249, 1248, 34, 9.74%, 6, 0, 2, 4.22
1747791939, 0, 165, 1250, 1249, 34, 9.74%, 6, 0, 2, 4.26
1747791997, 0, 165, 1251, 1250, 34, 9.74%, 6, 0, 2, 3.69
1747792034, 0, 165, 1251, 1250, 34, 9.74%, 7, 0, 2, 4.96
1747792159, 0, 165, 1252, 1251, 34, 9.74%, 7, 0, 2, 4.35
1747792175, 0, 165, 1252, 1251, 34, 9.74%, 8, 0, 2, 5.15
1747792274, 0, 165, 1253, 1252, 34, 9.74%, 8, 0, 2, 5.52
1747792401, 0, 165, 1254, 1253, 34, 9.74%, 8, 0, 2, 4.37
1747792604, 0, 165, 1254, 1253, 34, 9.74%, 9, 0, 2, 5.60
1747792609, 0, 165, 1254, 1253, 34, 9.74%, 10, 0, 2, 5.89
1747792625, 0, 165, 1255, 1254, 34, 9.74%, 10, 0, 2, 4.23
1747792652, 0, 165, 1256, 1255, 34, 9.74%, 10, 0, 2, 4.62
1747792663, 0, 165, 1257, 1256, 34, 9.74%, 10, 0, 2, 4.72
1747792715, 0, 165, 1258, 1257, 34, 9.74%, 10, 0, 2, 5.39
1747792735, 0, 165, 1259, 1258, 34, 9.74%, 10, 0, 2, 7.52
1747792746, 0, 166, 1259, 1258, 35, 9.74%, 10, 0, 2, 9.33
1747792762, 0, 167, 1259, 1258, 35, 9.74%, 10, 0, 2, 8.34
1747792777, 0, 170, 1259, 1258, 35, 9.74%, 10, 0, 2, 8.55
1747792793, 0, 171, 1259, 1258, 35, 9.74%, 10, 0, 2, 7.91
1747792808, 0, 172, 1259, 1258, 35, 9.74%, 10, 0, 2, 8.50
1747792823, 0, 172, 1260, 1259, 35, 9.74%, 10, 0, 2, 7.89
1747792839, 0, 173, 1260, 1259, 35, 9.74%, 10, 0, 2, 9.19
1747792844, 0, 173, 1260, 1259, 35, 9.74%, 11, 0, 2, 9.90
1747792860, 0, 174, 1260, 1259, 35, 9.74%, 11, 0, 2, 7.22
1747792870, 0, 175, 1260, 1259, 35, 9.74%, 11, 0, 2, 9.38
1747792885, 0, 176, 1260, 1259, 35, 9.74%, 11, 0, 2, 8.97
1747792901, 0, 177, 1260, 1259, 35, 9.74%, 11, 0, 2, 8.86
1747792916, 0, 180, 1260, 1259, 35, 9.74%, 11, 0, 2, 8.36
1747792932, 0, 183, 1260, 1259, 35, 9.74%, 11, 0, 2, 9.28
1747792947, 0, 184, 1260, 1259, 35, 9.74%, 11, 0, 2, 8.82
1747792952, 0, 184, 1260, 1259, 35, 9.74%, 12, 0, 2, 8.19
1747792963, 0, 185, 1260, 1259, 35, 9.74%, 12, 0, 2, 8.66
1747792979, 0, 186, 1260, 1259, 35, 9.74%, 12, 0, 2, 9.87
1747792994, 0, 187, 1260, 1259, 35, 9.74%, 12, 0, 2, 9.61
1747793010, 0, 188, 1260, 1259, 35, 9.74%, 12, 0, 2, 8.99
1747793020, 0, 189, 1260, 1259, 35, 9.74%, 12, 0, 2, 9.74
1747793036, 0, 190, 1260, 1259, 35, 9.74%, 12, 0, 2, 8.55
1747793052, 0, 191, 1260, 1259, 35, 9.74%, 12, 0, 2, 9.66
1747793067, 0, 192, 1260, 1259, 35, 9.74%, 12, 0, 2, 8.43
1747793083, 0, 193, 1260, 1259, 35, 9.74%, 12, 0, 2, 9.01
1747793098, 0, 194, 1260, 1259, 35, 9.74%, 12, 0, 2, 9.71
1747793113, 0, 195, 1260, 1259, 35, 9.74%, 12, 0, 2, 7.41
1747793129, 0, 196, 1260, 1259, 35, 9.74%, 12, 0, 2, 8.19
1747793144, 0, 197, 1260, 1259, 35, 9.74%, 12, 0, 2, 7.93
1747793159, 0, 198, 1260, 1259, 35, 9.74%, 12, 0, 2, 8.88
1747793175, 0, 199, 1260, 1259, 35, 9.74%, 12, 0, 2, 9.00
1747793196, 0, 200, 1260, 1259, 35, 9.74%, 12, 0, 2, 9.37
1747793212, 0, 201, 1260, 1259, 35, 9.74%, 12, 0, 2, 8.18
1747793238, 0, 202, 1260, 1259, 35, 9.74%, 12, 0, 2, 6.25
1747793248, 0, 202, 1261, 1260, 35, 9.74%, 12, 0, 2, 5.56
1747793285, 0, 203, 1261, 1260, 35, 9.74%, 12, 0, 2, 6.70
1747793311, 0, 204, 1261, 1260, 35, 9.74%, 12, 0, 2, 6.09
1747793337, 0, 205, 1261, 1260, 35, 9.74%, 12, 0, 2, 4.88
1747793363, 0, 206, 1261, 1260, 35, 9.74%, 12, 0, 2, 36.56
1747793394, 0, 206, 1262, 1261, 35, 9.74%, 12, 0, 3, 20.07
1747793466, 0, 207, 1262, 1260, 35, 9.74%, 12, 0, 3, 1.53
1747793493, 0, 208, 1262, 1260, 35, 9.74%, 12, 0, 3, 5.27
1747793518, 0, 209, 1262, 1260, 35, 9.74%, 13, 0, 3, 5.78
1747793550, 0, 210, 1262, 1260, 35, 9.74%, 13, 0, 3, 4.70
1747793576, 0, 211, 1262, 1260, 35, 9.74%, 13, 0, 3, 5.12
1747793603, 0, 212, 1262, 1260, 35, 9.74%, 13, 0, 3, 5.39
1747793635, 0, 213, 1262, 1260, 35, 9.74%, 13, 0, 3, 4.68
1747793661, 0, 214, 1262, 1260, 35, 9.74%, 13, 0, 3, 5.53
1747793682, 0, 215, 1262, 1260, 35, 9.74%, 14, 0, 3, 5.50
1747793713, 0, 217, 1262, 1260, 35, 9.74%, 14, 0, 3, 5.95
1747793733, 0, 218, 1262, 1260, 35, 9.74%, 14, 0, 3, 5.04
1747793764, 0, 222, 1262, 1260, 35, 9.74%, 14, 0, 3, 5.44
1747793791, 0, 223, 1262, 1260, 35, 9.74%, 14, 0, 3, 5.79
1747793816, 0, 224, 1262, 1260, 35, 9.74%, 14, 0, 3, 6.21
1747793842, 0, 225, 1262, 1260, 35, 9.74%, 14, 0, 3, 5.55
1747793868, 0, 226, 1262, 1260, 35, 9.74%, 14, 0, 3, 5.40
1747793894, 0, 227, 1262, 1260, 35, 9.74%, 14, 0, 3, 5.13
1747793910, 0, 227, 1263, 1261, 35, 9.74%, 14, 0, 3, 4.13
1747793957, 0, 228, 1263, 1261, 35, 9.74%, 14, 0, 3, 6.21
1747793983, 0, 229, 1263, 1261, 35, 9.74%, 14, 0, 3, 6.25
1747794009, 0, 230, 1263, 1261, 35, 9.74%, 14, 0, 3, 5.06
1747794035, 0, 231, 1263, 1261, 35, 9.74%, 14, 0, 3, 5.89
1747794061, 0, 232, 1263, 1261, 35, 9.74%, 14, 0, 3, 4.87
1747794087, 0, 233, 1263, 1261, 35, 9.74%, 14, 0, 3, 5.24
1747794108, 0, 233, 1264, 1262, 35, 9.74%, 14, 0, 3, 3.88
1747794150, 0, 234, 1264, 1262, 35, 9.74%, 14, 0, 3, 6.06
1747794171, 0, 235, 1264, 1262, 35, 9.74%, 14, 0, 3, 5.67
1747794186, 0, 235, 1265, 1263, 35, 9.74%, 14, 0, 3, 3.80
1747794203, 0, 235, 1265, 1263, 35, 9.74%, 15, 0, 3, 5.06
1747794228, 0, 236, 1265, 1263, 35, 9.74%, 15, 0, 3, 6.16
1747794254, 0, 237, 1265, 1263, 35, 9.74%, 15, 0, 3, 5.73
1747794285, 0, 239, 1265, 1263, 35, 9.74%, 15, 0, 3, 5.63
1747794311, 0, 240, 1265, 1263, 35, 9.74%, 15, 0, 3, 5.34
1747794338, 0, 244, 1265, 1263, 35, 9.74%, 15, 0, 3, 5.27
1747794358, 0, 245, 1265, 1263, 35, 9.74%, 15, 0, 3, 5.25
1747794390, 0, 246, 1265, 1263, 35, 9.74%, 15, 0, 3, 4.65
1747794416, 0, 248, 1265, 1263, 35, 9.74%, 16, 0, 3, 5.79
1747794443, 0, 249, 1265, 1263, 35, 9.74%, 16, 0, 3, 4.81
1747794469, 0, 250, 1265, 1263, 35, 9.74%, 16, 0, 3, 6.08
1747794494, 0, 251, 1265, 1263, 35, 9.74%, 16, 0, 3, 6.29
1747794520, 0, 252, 1265, 1263, 35, 9.74%, 16, 0, 3, 6.25
1747794536, 0, 252, 1266, 1264, 35, 9.74%, 16, 0, 3, 3.61
1747794578, 0, 254, 1266, 1264, 35, 9.74%, 16, 0, 3, 5.01
1747794604, 0, 255, 1266, 1264, 35, 9.74%, 16, 0, 3, 4.88
1747794635, 0, 257, 1266, 1264, 35, 9.74%, 16, 0, 3, 6.09
1747794661, 0, 259, 1266, 1264, 35, 9.74%, 16, 0, 3, 5.56
1747794688, 0, 261, 1266, 1264, 35, 9.74%, 16, 0, 3, 5.74
1747794714, 0, 262, 1266, 1264, 35, 9.74%, 16, 0, 3, 4.86
1747794735, 0, 263, 1266, 1264, 35, 9.74%, 16, 0, 3, 5.01
1747794762, 0, 264, 1266, 1264, 35, 9.74%, 16, 0, 3, 5.98
1747794788, 0, 265, 1266, 1264, 35, 9.74%, 16, 0, 3, 5.05
1747794814, 0, 267, 1266, 1264, 35, 9.74%, 16, 0, 3, 5.46
1747794845, 0, 269, 1266, 1264, 35, 9.74%, 16, 0, 3, 6.24
1747794871, 0, 270, 1266, 1264, 35, 9.74%, 16, 0, 3, 6.98
1747794891, 0, 271, 1266, 1264, 35, 9.74%, 16, 0, 3, 5.54
1747794917, 0, 275, 1266, 1264, 35, 9.74%, 16, 0, 3, 6.07
1747794938, 0, 277, 1266, 1264, 35, 9.74%, 16, 0, 3, 5.51
1747794964, 0, 277, 1267, 1265, 35, 9.74%, 16, 0, 3, 4.75
1747794996, 0, 278, 1267, 1265, 35, 9.74%, 16, 0, 3, 5.56
1747795022, 0, 280, 1268, 1266, 35, 9.74%, 16, 0, 3, 5.61
1747795074, 0, 281, 1268, 1266, 35, 9.74%, 16, 0, 3, 5.13
1747795100, 0, 282, 1268, 1266, 35, 9.74%, 16, 0, 3, 5.30
1747795121, 0, 282, 1268, 1266, 35, 9.74%, 17, 0, 3, 5.41
1747795126, 0, 283, 1268, 1266, 35, 9.74%, 17, 0, 3, 4.27
1747795152, 0, 285, 1268, 1266, 35, 9.74%, 17, 0, 3, 7.73
1747795178, 0, 286, 1268, 1266, 35, 9.74%, 17, 0, 3, 4.99
1747795204, 0, 287, 1268, 1266, 35, 9.74%, 17, 0, 3, 6.39
1747795230, 0, 288, 1268, 1266, 35, 9.74%, 17, 0, 3, 5.50
1747795256, 0, 289, 1268, 1266, 35, 9.74%, 17, 0, 3, 5.77
1747795282, 0, 290, 1268, 1266, 35, 9.74%, 17, 0, 3, 4.74
1747795308, 0, 291, 1268, 1266, 35, 9.74%, 17, 0, 3, 4.88
1747795339, 0, 292, 1268, 1266, 35, 9.74%, 17, 0, 3, 5.73
1747795365, 0, 294, 1268, 1266, 35, 9.74%, 17, 0, 3, 17.00
1747795407, 0, 294, 1269, 1267, 35, 9.74%, 17, 0, 3, 18.80
1747795447, 0, 294, 1270, 1268, 35, 9.74%, 17, 0, 3, 19.69
1747795504, 0, 294, 1271, 1269, 35, 9.74%, 17, 0, 3, 20.73
1747795524, 0, 294, 1272, 1270, 35, 9.74%, 17, 0, 3, 18.76
1747795596, 0, 294, 1274, 1272, 35, 9.74%, 17, 0, 3, 20.20
1747795611, 0, 294, 1275, 1273, 35, 9.74%, 17, 0, 3, 19.95
1747795698, 0, 294, 1276, 1274, 35, 9.74%, 17, 0, 3, 20.80
1747795744, 0, 294, 1277, 1275, 35, 9.74%, 17, 0, 3, 19.91
1747795795, 0, 294, 1278, 1276, 35, 9.74%, 17, 0, 3, 21.59
1747796011, 0, 295, 1278, 1275, 36, 9.74%, 17, 0, 3, 5.06
1747796031, 0, 296, 1278, 1275, 36, 9.74%, 17, 0, 3, 5.76
1747796057, 0, 297, 1278, 1275, 36, 9.74%, 17, 0, 3, 5.11
1747796084, 0, 298, 1278, 1275, 36, 9.74%, 17, 0, 3, 6.84
1747796109, 0, 299, 1278, 1275, 36, 9.74%, 17, 0, 3, 5.79
1747796135, 0, 300, 1278, 1275, 36, 9.74%, 17, 0, 3, 5.26
1747796160, 0, 302, 1278, 1275, 36, 9.74%, 17, 0, 3, 33.22
1747796166, 0, 302, 1279, 1276, 36, 9.74%, 17, 0, 3, 29.56
1747796269, 0, 303, 1279, 1275, 36, 9.74%, 17, 0, 3, 2.66
1747796284, 0, 303, 1280, 1276, 36, 9.74%, 17, 0, 3, 4.80
1747796295, 0, 303, 1281, 1277, 36, 9.74%, 17, 0, 3, 5.38
1747796310, 0, 303, 1281, 1277, 36, 9.74%, 18, 0, 3, 5.49
1747796378, 0, 304, 1281, 1277, 36, 9.74%, 18, 0, 3, 5.14
1747796405, 0, 305, 1281, 1277, 36, 9.74%, 18, 0, 3, 5.63
1747796431, 0, 306, 1281, 1277, 36, 9.74%, 18, 0, 3, 5.40
1747796456, 0, 307, 1281, 1277, 36, 9.74%, 18, 0, 3, 4.80
1747796482, 0, 308, 1281, 1277, 36, 9.74%, 18, 0, 3, 6.16
1747796508, 0, 309, 1281, 1277, 36, 9.74%, 18, 0, 3, 5.31
1747796529, 0, 309, 1282, 1278, 36, 9.74%, 18, 0, 3, 5.35
1747796566, 0, 310, 1282, 1278, 36, 9.74%, 18, 0, 3, 4.65
1747796593, 0, 310, 1283, 1279, 36, 9.74%, 18, 0, 3, 4.05
1747796619, 0, 311, 1283, 1279, 36, 9.74%, 18, 0, 3, 6.37
1747796630, 0, 311, 1284, 1280, 36, 9.74%, 18, 0, 3, 5.04
1747796656, 0, 311, 1285, 1281, 36, 9.74%, 18, 0, 3, 4.84
1747796739, 0, 312, 1285, 1281, 36, 9.74%, 18, 0, 3, 5.40
1747796766, 0, 314, 1285, 1281, 36, 9.74%, 18, 0, 3, 5.35
1747796792, 0, 316, 1285, 1281, 36, 9.74%, 18, 0, 3, 4.88
1747796818, 0, 317, 1285, 1281, 36, 9.74%, 18, 0, 3, 5.04
1747796839, 0, 321, 1285, 1281, 36, 9.74%, 18, 0, 3, 7.01
1747796866, 0, 322, 1285, 1281, 36, 9.74%, 18, 0, 3, 5.28
1747796892, 0, 323, 1285, 1281, 36, 9.74%, 18, 0, 3, 4.86
1747796918, 0, 324, 1285, 1281, 36, 9.74%, 18, 0, 3, 4.91
1747796949, 0, 327, 1285, 1281, 36, 9.74%, 18, 0, 3, 4.88
1747796975, 0, 328, 1285, 1281, 36, 9.74%, 18, 0, 3, 4.69
1747797005, 0, 329, 1285, 1281, 36, 9.74%, 18, 0, 3, 6.31
1747797026, 0, 330, 1285, 1281, 36, 9.74%, 18, 0, 3, 6.49
1747797052, 0, 331, 1285, 1281, 36, 9.74%, 18, 0, 3, 5.43
1747797078, 0, 332, 1285, 1281, 36, 9.74%, 18, 0, 3, 6.53
1747797104, 0, 333, 1285, 1281, 36, 9.74%, 18, 0, 3, 5.24
1747797135, 0, 335, 1285, 1281, 36, 9.74%, 18, 0, 3, 7.39
1747797156, 0, 336, 1285, 1281, 36, 9.74%, 18, 0, 3, 5.74
1747797182, 0, 338, 1285, 1281, 36, 9.74%, 18, 0, 3, 9.96
1747797197, 0, 339, 1285, 1281, 36, 9.74%, 18, 0, 3, 9.67
1747797208, 0, 340, 1286, 1282, 36, 9.74%, 18, 0, 3, 10.34
1747797239, 0, 342, 1286, 1282, 36, 9.74%, 18, 0, 3, 8.49
1747797259, 0, 343, 1286, 1282, 36, 9.74%, 18, 0, 3, 8.60
1747797275, 0, 344, 1287, 1283, 36, 9.74%, 18, 0, 3, 8.36
1747797306, 0, 345, 1287, 1283, 36, 9.74%, 18, 0, 3, 9.33
1747797316, 0, 346, 1287, 1283, 36, 9.74%, 18, 0, 3, 9.93
1747797332, 0, 347, 1287, 1283, 36, 9.74%, 18, 0, 3, 8.60
1747797352, 0, 348, 1287, 1283, 36, 9.74%, 18, 0, 3, 9.21
1747797363, 0, 349, 1287, 1283, 36, 9.74%, 18, 0, 3, 9.71
1747797378, 0, 350, 1287, 1283, 36, 9.74%, 18, 0, 3, 8.36
1747797394, 0, 351, 1287, 1283, 36, 9.74%, 18, 0, 3, 8.43
1747797409, 0, 352, 1287, 1283, 36, 9.74%, 18, 0, 3, 8.73
1747797425, 0, 353, 1287, 1283, 36, 9.74%, 18, 0, 3, 6.90
1747797440, 0, 354, 1287, 1283, 36, 9.74%, 18, 0, 3, 8.20
1747797451, 0, 354, 1288, 1284, 36, 9.74%, 18, 0, 3, 6.17
1747797476, 0, 355, 1288, 1284, 36, 9.74%, 18, 0, 3, 8.95
1747797487, 0, 356, 1288, 1284, 36, 9.74%, 18, 0, 3, 10.92
1747797507, 0, 357, 1288, 1284, 36, 9.74%, 18, 0, 3, 9.07
1747797518, 0, 357, 1288, 1284, 36, 9.74%, 19, 0, 3, 8.43
1747797523, 0, 358, 1288, 1284, 36, 9.74%, 19, 0, 3, 8.72
1747797538, 0, 360, 1288, 1284, 36, 9.74%, 19, 0, 3, 10.07
1747797543, 0, 360, 1289, 1285, 36, 9.74%, 19, 0, 3, 8.34
1747797569, 0, 361, 1289, 1285, 36, 9.74%, 19, 0, 3, 7.93
1747797585, 0, 362, 1289, 1285, 36, 9.74%, 19, 0, 3, 8.47
1747797590, 0, 362, 1290, 1286, 36, 9.74%, 19, 0, 3, 6.29
1747797615, 0, 363, 1290, 1286, 36, 9.74%, 19, 0, 3, 8.60
1747797631, 0, 364, 1290, 1286, 36, 9.74%, 20, 0, 3, 9.16
1747797707, 0, 364, 1292, 1288, 36, 9.74%, 20, 0, 3, 8.59
1747797769, 0, 365, 1292, 1287, 36, 9.74%, 20, 0, 3, 3.19
1747797794, 0, 366, 1292, 1287, 36, 9.74%, 20, 0, 3, 5.76
1747797820, 0, 367, 1292, 1287, 36, 9.74%, 20, 0, 3, 5.27
1747797836, 0, 367, 1292, 1287, 36, 9.74%, 21, 0, 3, 4.35
1747797841, 0, 367, 1292, 1287, 36, 9.74%, 22, 0, 3, 4.92
1747797851, 0, 368, 1292, 1287, 36, 9.74%, 22, 0, 3, 5.01
1747797877, 0, 369, 1292, 1287, 36, 9.74%, 22, 0, 3, 5.17
1747797908, 0, 370, 1292, 1287, 36, 9.74%, 22, 0, 3, 6.12
1747797913, 0, 370, 1293, 1288, 36, 9.74%, 22, 0, 3, 5.26
1747797964, 0, 371, 1293, 1288, 36, 9.74%, 22, 0, 3, 5.42
1747797970, 0, 371, 1293, 1288, 36, 9.74%, 23, 0, 3, 5.13
1747797991, 0, 372, 1293, 1288, 36, 9.74%, 23, 0, 3, 5.24
1747798017, 0, 373, 1293, 1288, 36, 9.74%, 23, 0, 3, 5.43
1747798043, 0, 375, 1293, 1288, 36, 9.74%, 23, 0, 3, 4.88
1747798069, 0, 376, 1293, 1288, 36, 9.74%, 24, 0, 3, 5.48
1747798085, 0, 376, 1293, 1288, 36, 9.74%, 25, 0, 3, 6.04
1747798102, 0, 378, 1293, 1288, 36, 9.74%, 25, 0, 3, 5.58
1747798122, 0, 381, 1293, 1288, 36, 9.74%, 25, 0, 3, 6.42
1747798149, 0, 382, 1293, 1288, 36, 9.74%, 25, 0, 3, 5.30
1747798180, 0, 383, 1293, 1288, 36, 9.74%, 25, 0, 3, 5.58
1747798206, 0, 385, 1293, 1288, 36, 9.74%, 25, 0, 3, 5.87
1747798217, 0, 385, 1293, 1288, 36, 9.74%, 26, 0, 3, 5.11
1747798232, 0, 386, 1293, 1288, 36, 9.74%, 26, 0, 3, 4.38
1747798263, 0, 388, 1293, 1288, 36, 9.74%, 26, 0, 3, 4.70
1747798268, 0, 388, 1293, 1288, 36, 9.74%, 27, 0, 3, 4.21
1747798289, 0, 389, 1293, 1288, 36, 9.74%, 27, 0, 3, 5.15
1747798320, 0, 391, 1293, 1288, 36, 9.74%, 27, 0, 3, 4.04
1747798347, 0, 392, 1293, 1288, 36, 9.74%, 27, 0, 3, 5.08
1747798352, 0, 392, 1293, 1288, 36, 9.74%, 28, 0, 3, 4.46
1747798378, 0, 393, 1293, 1288, 36, 9.74%, 28, 0, 3, 5.42
1747798404, 0, 395, 1293, 1288, 36, 9.74%, 28, 0, 3, 4.86
1747798429, 0, 396, 1293, 1288, 36, 9.74%, 28, 0, 3, 5.21
1747798455, 0, 397, 1293, 1288, 36, 9.74%, 28, 0, 3, 5.35
1747798477, 0, 397, 1293, 1288, 36, 9.74%, 29, 0, 3, 6.04
1747798482, 0, 398, 1293, 1288, 36, 9.74%, 29, 0, 3, 6.05
1747798508, 0, 399, 1293, 1288, 36, 9.74%, 29, 0, 3, 5.02
1747798518, 0, 399, 1293, 1288, 36, 9.74%, 30, 0, 3, 5.33
1747798533, 0, 399, 1293, 1288, 36, 9.74%, 31, 0, 3, 5.05
1747798538, 0, 400, 1293, 1288, 36, 9.74%, 31, 0, 3, 5.72
1747798565, 0, 401, 1293, 1288, 36, 9.74%, 31, 0, 3, 5.61
1747798596, 0, 402, 1293, 1288, 36, 9.74%, 31, 0, 3, 5.50
1747798622, 0, 403, 1293, 1288, 36, 9.74%, 31, 0, 3, 4.79
1747798637, 0, 403, 1293, 1288, 36, 9.74%, 32, 0, 3, 5.68
1747798647, 0, 404, 1293, 1288, 36, 9.74%, 32, 0, 3, 5.29
1747798669, 0, 404, 1294, 1289, 36, 9.74%, 32, 0, 3, 4.08
1747798700, 0, 405, 1294, 1289, 36, 9.74%, 32, 0, 3, 5.12
1747798731, 0, 407, 1294, 1289, 36, 9.74%, 32, 0, 3, 5.81
1747798752, 0, 408, 1294, 1289, 36, 9.74%, 33, 0, 3, 6.54
1747798778, 0, 409, 1294, 1289, 36, 9.74%, 33, 0, 3, 5.45
1747798799, 0, 409, 1295, 1290, 36, 9.74%, 33, 0, 3, 4.74
1747798841, 0, 410, 1295, 1290, 36, 9.74%, 33, 0, 3, 5.07
1747798867, 0, 411, 1295, 1290, 36, 9.74%, 33, 0, 3, 5.74
1747798883, 0, 411, 1295, 1290, 36, 9.74%, 34, 0, 3, 5.29
1747798899, 0, 412, 1295, 1290, 36, 9.74%, 34, 0, 3, 5.00
1747798925, 0, 413, 1295, 1290, 36, 9.74%, 34, 0, 3, 5.23
1747798952, 0, 414, 1295, 1290, 36, 9.74%, 34, 0, 3, 5.19
1747798977, 0, 415, 1295, 1290, 36, 9.74%, 34, 0, 3, 5.32
1747799008, 0, 416, 1295, 1290, 36, 9.74%, 34, 0, 3, 4.53
1747799040, 0, 418, 1295, 1290, 36, 9.74%, 34, 0, 3, 5.74
1747799061, 0, 418, 1296, 1291, 36, 9.74%, 34, 0, 3, 4.75
1747799092, 0, 419, 1296, 1291, 36, 9.74%, 34, 0, 3, 5.31
1747799123, 0, 420, 1296, 1291, 36, 9.74%, 34, 0, 3, 4.66
1747799155, 0, 421, 1296, 1291, 36, 9.74%, 34, 0, 3, 4.78
1747799182, 0, 423, 1297, 1292, 36, 9.74%, 34, 0, 3, 5.37
1747799244, 0, 424, 1297, 1292, 36, 9.74%, 34, 0, 3, 4.50
1747799265, 0, 424, 1297, 1292, 36, 9.74%, 35, 0, 3, 6.23
1747799270, 0, 425, 1297, 1292, 36, 9.74%, 35, 0, 3, 5.09
1747799302, 0, 426, 1297, 1292, 36, 9.74%, 35, 0, 3, 5.26
1747799307, 0, 426, 1297, 1292, 36, 9.74%, 36, 0, 3, 4.74
1747799328, 0, 427, 1297, 1292, 36, 9.74%, 36, 0, 3, 4.83
1747799359, 0, 428, 1297, 1292, 36, 9.74%, 36, 0, 3, 4.62
1747799390, 0, 429, 1297, 1292, 36, 9.74%, 36, 0, 3, 4.64
1747799416, 0, 431, 1297, 1292, 36, 9.74%, 36, 0, 3, 5.04
1747799447, 0, 432, 1297, 1292, 36, 9.74%, 36, 0, 3, 5.70
1747799473, 0, 433, 1297, 1292, 36, 9.74%, 36, 0, 3, 5.44
1747799478, 0, 433, 1298, 1293, 36, 9.74%, 36, 0, 3, 4.79
1747799488, 0, 433, 1299, 1294, 36, 9.74%, 36, 0, 3, 4.23
1747799599, 0, 434, 1299, 1294, 36, 9.74%, 36, 0, 3, 4.91
1747799624, 0, 435, 1299, 1294, 36, 9.74%, 36, 0, 3, 6.39
1747799650, 0, 436, 1299, 1294, 36, 9.74%, 36, 0, 3, 5.03
1747799677, 0, 438, 1299, 1294, 36, 9.74%, 36, 0, 3, 4.64
1747799703, 0, 439, 1299, 1294, 36, 9.74%, 36, 0, 3, 5.75
1747799729, 0, 440, 1299, 1294, 36, 9.74%, 36, 0, 3, 5.51
1747799750, 0, 441, 1299, 1294, 36, 9.74%, 36, 0, 3, 5.48
1747799781, 0, 442, 1299, 1294, 36, 9.74%, 36, 0, 3, 5.30
1747799808, 0, 443, 1299, 1294, 36, 9.74%, 36, 0, 3, 5.19
1747799834, 0, 444, 1299, 1294, 36, 9.74%, 36, 0, 3, 5.84
1747799861, 0, 445, 1299, 1294, 36, 9.74%, 36, 0, 3, 5.23
1747799887, 0, 447, 1299, 1294, 36, 9.74%, 36, 0, 3, 4.94
1747799897, 0, 447, 1300, 1295, 36, 9.74%, 36, 0, 3, 4.72
1747799939, 0, 448, 1300, 1295, 36, 9.74%, 36, 0, 3, 5.75
1747799965, 0, 450, 1300, 1295, 36, 9.74%, 36, 0, 3, 6.19
1747799991, 0, 451, 1300, 1295, 36, 9.74%, 36, 0, 3, 5.90
1747800001, 0, 451, 1300, 1295, 36, 9.74%, 37, 0, 3, 4.83
1747800017, 0, 452, 1300, 1295, 36, 9.74%, 37, 0, 3, 5.22
1747800048, 0, 453, 1300, 1295, 36, 9.74%, 37, 0, 3, 5.35
1747800073, 0, 455, 1300, 1295, 36, 9.74%, 37, 0, 3, 5.74
1747800100, 0, 456, 1300, 1295, 36, 9.74%, 37, 0, 3, 4.63
1747800125, 0, 459, 1300, 1295, 36, 9.74%, 37, 0, 3, 5.75
1747800156, 0, 460, 1300, 1295, 36, 9.74%, 37, 0, 3, 4.94
1747800182, 0, 461, 1300, 1295, 36, 9.74%, 37, 0, 3, 5.13
1747800209, 0, 464, 1300, 1295, 36, 9.74%, 38, 0, 3, 5.47
1747800240, 0, 465, 1300, 1295, 36, 9.74%, 38, 0, 3, 4.95
1747800266, 0, 468, 1300, 1295, 36, 9.74%, 38, 0, 3, 4.48
1747800291, 0, 469, 1300, 1295, 36, 9.74%, 38, 0, 3, 4.71
1747800323, 0, 470, 1300, 1295, 36, 9.74%, 38, 0, 3, 6.00
1747800349, 0, 471, 1300, 1295, 36, 9.74%, 38, 0, 3, 6.36
1747800375, 0, 472, 1300, 1295, 36, 9.74%, 38, 0, 3, 5.88
1747800401, 0, 473, 1300, 1295, 36, 9.74%, 38, 0, 3, 4.93
1747800433, 0, 474, 1300, 1295, 36, 9.74%, 38, 0, 3, 5.15
1747800453, 0, 477, 1300, 1295, 36, 9.74%, 38, 0, 3, 5.89
1747800474, 0, 478, 1300, 1295, 36, 9.74%, 38, 0, 3, 8.62
1747800479, 0, 478, 1300, 1295, 36, 9.74%, 38, 1, 3, 7.71
1747800490, 0, 479, 1300, 1295, 36, 9.74%, 38, 1, 3, 8.04
1747800505, 0, 480, 1300, 1295, 36, 9.74%, 38, 1, 3, 9.91
1747800515, 0, 480, 1300, 1295, 36, 9.74%, 39, 1, 3, 8.54
1747800520, 0, 481, 1300, 1295, 36, 9.74%, 39, 1, 3, 7.88
1747800536, 0, 482, 1300, 1295, 36, 9.74%, 39, 1, 3, 7.71
1747800546, 0, 482, 1301, 1296, 36, 9.74%, 39, 1, 3, 8.57
1747800572, 0, 483, 1301, 1296, 36, 9.74%, 39, 1, 3, 8.90
1747800587, 0, 484, 1301, 1296, 36, 9.74%, 39, 1, 3, 8.37
1747800603, 0, 485, 1301, 1296, 36, 9.74%, 39, 1, 3, 8.77
1747800608, 0, 485, 1301, 1296, 36, 9.74%, 40, 1, 3, 9.79
1747800618, 0, 487, 1301, 1296, 36, 9.74%, 40, 1, 3, 8.76
1747800634, 0, 488, 1301, 1296, 36, 9.74%, 40, 1, 3, 9.81
1747800639, 0, 488, 1301, 1296, 36, 9.74%, 41, 1, 3, 8.39
1747800650, 0, 490, 1301, 1296, 36, 9.74%, 41, 1, 3, 8.29
1747800655, 0, 490, 1302, 1297, 36, 9.74%, 41, 1, 3, 7.47
1747800671, 0, 490, 1302, 1297, 36, 9.74%, 43, 1, 3, 8.07
1747800676, 0, 490, 1302, 1297, 36, 9.74%, 44, 1, 3, 8.67
1747800686, 0, 490, 1303, 1298, 36, 9.74%, 44, 1, 3, 5.34
1747800691, 0, 490, 1303, 1298, 36, 9.74%, 45, 1, 3, 6.85
1747800727, 0, 491, 1303, 1298, 36, 9.74%, 46, 1, 3, 7.48
1747800742, 0, 492, 1303, 1298, 36, 9.74%, 46, 1, 3, 8.78
1747800758, 0, 493, 1303, 1298, 36, 9.74%, 46, 1, 3, 8.81
1747800773, 0, 494, 1303, 1298, 36, 9.74%, 46, 1, 3, 9.51
1747800789, 0, 495, 1303, 1298, 36, 9.74%, 46, 1, 3, 9.80
1747800800, 0, 496, 1303, 1298, 36, 9.74%, 46, 1, 3, 9.49
1747800805, 0, 496, 1303, 1298, 36, 9.74%, 47, 1, 3, 7.60
1747800820, 0, 497, 1303, 1298, 36, 9.74%, 47, 1, 3, 7.50
1747800836, 0, 498, 1303, 1298, 36, 9.74%, 47, 1, 3, 8.21
1747800846, 0, 498, 1303, 1298, 36, 9.74%, 48, 1, 3, 8.98
1747800852, 0, 499, 1303, 1298, 36, 9.74%, 48, 1, 3, 8.03
1747800867, 0, 500, 1304, 1299, 36, 9.74%, 48, 1, 3, 7.95
1747800904, 0, 501, 1304, 1299, 35, 9.74%, 48, 1, 3, 8.47
1747800919, 0, 503, 1304, 1299, 35, 9.74%, 48, 1, 3, 8.50
1747800934, 0, 504, 1304, 1299, 35, 9.74%, 48, 1, 3, 7.84
1747800939, 0, 504, 1304, 1299, 35, 9.74%, 49, 1, 3, 7.93
1747800955, 0, 505, 1304, 1299, 35, 9.74%, 49, 1, 3, 9.03
1747800970, 0, 507, 1304, 1299, 35, 9.74%, 49, 1, 3, 9.98
1747800981, 0, 509, 1304, 1299, 35, 9.74%, 49, 1, 3, 9.28
1747800997, 0, 509, 1304, 1299, 35, 9.74%, 50, 1, 3, 7.86
1747801002, 0, 512, 1304, 1299, 35, 9.74%, 50, 1, 3, 8.08
1747801017, 0, 513, 1304, 1299, 35, 9.74%, 50, 1, 3, 9.07
1747801032, 0, 514, 1304, 1299, 35, 9.74%, 50, 1, 3, 8.78
1747801048, 0, 515, 1304, 1299, 35, 9.74%, 50, 1, 3, 9.11
1747801053, 0, 515, 1305, 1300, 35, 9.74%, 50, 1, 3, 7.72
1747801079, 0, 516, 1305, 1300, 35, 9.74%, 50, 1, 3, 9.01
1747801094, 0, 517, 1305, 1300, 35, 9.74%, 50, 1, 3, 9.24
1747801110, 0, 519, 1305, 1300, 35, 9.74%, 50, 1, 3, 8.09
1747801125, 0, 520, 1305, 1300, 35, 9.74%, 50, 1, 3, 8.08
1747801135, 0, 520, 1305, 1300, 35, 9.74%, 51, 1, 3, 8.98
1747801140, 0, 521, 1305, 1300, 35, 9.74%, 51, 1, 3, 9.72
1747801161, 0, 522, 1305, 1300, 35, 9.74%, 51, 1, 3, 8.35
1747801171, 0, 524, 1305, 1300, 35, 9.74%, 51, 1, 3, 8.72
1747801192, 0, 525, 1305, 1300, 35, 9.74%, 51, 1, 3, 8.76
1747801207, 0, 526, 1305, 1300, 35, 9.74%, 51, 1, 3, 9.05
1747801223, 0, 528, 1305, 1300, 35, 9.74%, 51, 1, 3, 9.84
1747801238, 0, 529, 1305, 1300, 35, 9.74%, 51, 1, 3, 7.91
1747801254, 0, 530, 1305, 1300, 35, 9.74%, 51, 1, 3, 7.76
1747801269, 0, 532, 1305, 1300, 35, 9.74%, 51, 1, 3, 8.29
1747801285, 0, 533, 1305, 1300, 35, 9.74%, 51, 1, 3, 9.11
1747801300, 0, 534, 1305, 1300, 35, 9.74%, 51, 1, 3, 7.83
1747801310, 0, 535, 1305, 1300, 35, 9.74%, 51, 1, 3, 10.18
1747801331, 0, 536, 1305, 1300, 35, 9.74%, 51, 1, 3, 9.47
1747801347, 0, 537, 1305, 1300, 35, 9.74%, 51, 1, 3, 8.25
1747801362, 0, 538, 1305, 1300, 35, 9.74%, 51, 1, 3, 8.74
1747801378, 0, 539, 1305, 1300, 35, 9.74%, 52, 1, 3, 9.34
1747801394, 0, 540, 1305, 1300, 35, 9.74%, 52, 1, 3, 7.98
1747801409, 0, 541, 1305, 1300, 35, 9.74%, 52, 1, 3, 8.51
1747801425, 0, 542, 1305, 1300, 35, 9.74%, 52, 1, 3, 9.73
1747801430, 0, 542, 1305, 1300, 35, 9.74%, 53, 1, 3, 7.77
1747801440, 0, 543, 1305, 1300, 35, 9.74%, 53, 1, 3, 9.57
1747801456, 0, 544, 1305, 1300, 35, 9.74%, 54, 1, 3, 8.16
1747801466, 0, 544, 1305, 1300, 35, 9.74%, 55, 1, 3, 8.72
1747801472, 0, 546, 1305, 1300, 35, 9.74%, 55, 1, 3, 8.63
1747801487, 0, 547, 1305, 1300, 35, 9.74%, 55, 1, 3, 9.47
1747801503, 0, 548, 1305, 1300, 35, 9.74%, 55, 1, 3, 8.71
1747801518, 0, 549, 1305, 1300, 35, 9.74%, 55, 1, 3, 7.78
1747801523, 0, 549, 1305, 1300, 35, 9.74%, 56, 1, 3, 6.79
1747801539, 0, 550, 1305, 1300, 35, 9.74%, 56, 1, 3, 7.26
1747801555, 0, 554, 1305, 1300, 35, 9.74%, 56, 1, 3, 8.42
1747801570, 0, 555, 1305, 1300, 35, 9.74%, 57, 1, 3, 8.72
1747801586, 0, 556, 1305, 1300, 35, 9.74%, 57, 1, 3, 8.96
1747801601, 0, 557, 1305, 1300, 35, 9.74%, 57, 1, 3, 10.75
1747801611, 0, 558, 1305, 1300, 35, 9.74%, 57, 1, 3, 9.50
1747801632, 0, 559, 1305, 1300, 35, 9.74%, 57, 1, 3, 8.92
1747801647, 0, 560, 1305, 1300, 35, 9.74%, 57, 1, 3, 7.81
1747801662, 0, 561, 1305, 1300, 35, 9.74%, 57, 1, 3, 13.33
1747801693, 0, 561, 1306, 1301, 35, 9.74%, 57, 1, 3, 21.32
1747801698, 0, 561, 1307, 1302, 35, 9.74%, 57, 1, 3, 26.48
1747801718, 0, 562, 1307, 1301, 35, 9.74%, 57, 1, 3, 23.00
1747801734, 0, 563, 1307, 1301, 35, 9.74%, 57, 1, 3, 10.21
1747801749, 0, 563, 1308, 1302, 35, 9.74%, 57, 1, 3, 22.80
1747801831, 0, 563, 1309, 1303, 35, 9.74%, 57, 1, 3, 28.70
1747801846, 0, 563, 1310, 1304, 35, 9.74%, 57, 1, 3, 28.82
1747801866, 0, 563, 1311, 1305, 35, 9.74%, 57, 1, 3, 25.89
1747801877, 0, 563, 1312, 1306, 35, 9.74%, 57, 1, 3, 28.00
1747801882, 0, 563, 1313, 1307, 35, 9.74%, 57, 1, 3, 28.64
1747801917, 0, 563, 1314, 1308, 35, 9.74%, 57, 1, 3, 30.98
1747801943, 0, 563, 1316, 1310, 35, 9.74%, 57, 1, 3, 28.18
1747801963, 0, 563, 1317, 1311, 35, 9.74%, 57, 1, 3, 28.19
1747802076, 0, 563, 1318, 1312, 35, 9.74%, 57, 1, 3, 14.97
1747802122, 0, 563, 1319, 1313, 35, 9.74%, 57, 1, 3, 15.19
1747802322, 0, 563, 1320, 1314, 35, 9.74%, 57, 1, 3, 14.32
1747802327, 0, 564, 1320, 1313, 34, 9.74%, 57, 1, 3, 14.91
1747802359, 0, 565, 1320, 1313, 34, 9.74%, 57, 1, 3, 4.43
1747802395, 0, 566, 1320, 1313, 34, 9.74%, 57, 1, 3, 4.00
1747802417, 0, 566, 1321, 1314, 34, 9.74%, 57, 1, 3, 4.38
1747802443, 0, 567, 1321, 1314, 34, 9.74%, 57, 1, 3, 10.44
1747802453, 0, 568, 1321, 1314, 34, 9.74%, 57, 1, 3, 10.07
1747802474, 0, 569, 1321, 1314, 34, 9.74%, 57, 1, 3, 7.89
1747802489, 0, 570, 1321, 1314, 34, 9.74%, 58, 1, 3, 9.02
1747802505, 0, 571, 1321, 1314, 34, 9.74%, 58, 1, 3, 8.65
1747802520, 0, 572, 1321, 1314, 34, 9.74%, 58, 1, 3, 8.51
1747802535, 0, 573, 1321, 1314, 34, 9.74%, 58, 1, 3, 8.13
1747802550, 0, 574, 1321, 1314, 34, 9.74%, 58, 1, 3, 16.68
1747802560, 0, 574, 1323, 1316, 34, 9.74%, 58, 1, 3, 29.85
1747802571, 0, 574, 1324, 1317, 34, 9.74%, 58, 1, 3, 26.05
1747802591, 0, 574, 1325, 1318, 34, 9.74%, 58, 1, 3, 25.96
1747802607, 0, 574, 1326, 1319, 34, 9.74%, 58, 1, 3, 27.45
1747802617, 0, 574, 1327, 1320, 34, 9.74%, 58, 1, 3, 25.52
1747802642, 0, 574, 1329, 1322, 34, 9.74%, 58, 1, 3, 24.57
1747802693, 0, 574, 1330, 1323, 34, 9.74%, 58, 1, 3, 25.98
1747802709, 0, 574, 1331, 1324, 34, 9.74%, 58, 1, 3, 24.25
1747802745, 0, 574, 1333, 1326, 34, 9.74%, 58, 1, 3, 13.03
1747802816, 0, 574, 1334, 1327, 34, 9.74%, 58, 1, 3, 13.89
1747802847, 0, 574, 1335, 1328, 34, 9.74%, 58, 1, 3, 16.49
1747802852, 0, 574, 1336, 1329, 34, 9.74%, 58, 1, 3, 13.96
1747802984, 0, 574, 1337, 1330, 34, 9.74%, 58, 1, 3, 14.45
1747803010, 0, 574, 1338, 1331, 34, 9.74%, 58, 1, 3, 15.06
1747803134, 0, 574, 1339, 1332, 34, 9.74%, 58, 1, 3, 15.04
1747803154, 0, 574, 1340, 1333, 34, 9.74%, 58, 1, 3, 15.43
1747803190, 0, 574, 1341, 1334, 34, 9.74%, 58, 1, 3, 12.44
1747803226, 0, 574, 1342, 1335, 34, 9.74%, 58, 1, 3, 15.08
1747803257, 0, 574, 1343, 1336, 34, 9.74%, 58, 1, 3, 14.76
1747803353, 0, 574, 1345, 1338, 34, 9.74%, 58, 1, 3, 24.46
1747803410, 0, 574, 1346, 1339, 34, 9.74%, 58, 1, 3, 26.33
1747803466, 0, 576, 1346, 1338, 35, 9.74%, 58, 1, 3, 15.61
1747803481, 0, 577, 1346, 1338, 35, 9.74%, 58, 1, 3, 13.48
1747803594, 0, 580, 1346, 1337, 35, 9.74%, 58, 1, 3, 3.76
1747803610, 0, 582, 1346, 1337, 35, 9.74%, 59, 1, 3, 8.10
1747803620, 0, 582, 1347, 1338, 35, 9.74%, 60, 1, 3, 9.73
1747803646, 0, 585, 1347, 1338, 35, 9.74%, 60, 1, 3, 8.59
1747803656, 0, 585, 1348, 1339, 35, 9.74%, 60, 1, 3, 7.83
1747803666, 0, 585, 1348, 1339, 35, 9.74%, 61, 1, 3, 7.92
1747803676, 0, 586, 1348, 1339, 35, 9.74%, 61, 1, 3, 9.36
1747803692, 0, 587, 1348, 1339, 35, 9.74%, 61, 1, 3, 8.47
1747803707, 0, 588, 1348, 1339, 35, 9.74%, 61, 1, 3, 9.68
1747803718, 0, 588, 1348, 1339, 35, 9.74%, 62, 1, 3, 8.57
1747803723, 0, 589, 1348, 1339, 35, 9.74%, 62, 1, 3, 9.84
1747803733, 0, 590, 1348, 1339, 35, 9.74%, 62, 1, 3, 9.35
1747803754, 0, 591, 1348, 1339, 35, 9.74%, 62, 1, 3, 7.58
1747803769, 0, 592, 1348, 1339, 35, 9.74%, 62, 1, 3, 9.64
1747803784, 0, 595, 1348, 1339, 35, 9.74%, 62, 1, 3, 7.28
1747803800, 0, 596, 1348, 1339, 35, 9.74%, 62, 1, 3, 7.98
1747803815, 0, 596, 1348, 1339, 35, 9.74%, 63, 1, 3, 8.36
1747803821, 0, 598, 1348, 1339, 35, 9.74%, 63, 1, 3, 10.22
1747803831, 0, 600, 1348, 1339, 35, 9.74%, 64, 1, 3, 8.38
1747803847, 0, 601, 1348, 1339, 35, 9.74%, 64, 1, 3, 8.82
1747803862, 0, 603, 1348, 1339, 35, 9.74%, 64, 1, 3, 8.99
1747803882, 0, 604, 1348, 1339, 35, 9.74%, 64, 1, 3, 6.92
1747803888, 0, 604, 1348, 1339, 35, 9.74%, 65, 1, 3, 8.43
1747803898, 0, 605, 1348, 1339, 35, 9.74%, 65, 1, 3, 9.31
1747803913, 0, 606, 1348, 1339, 35, 9.74%, 65, 1, 3, 9.02
1747803929, 0, 607, 1348, 1339, 35, 9.74%, 65, 1, 3, 8.51
1747803945, 0, 608, 1348, 1339, 35, 9.74%, 65, 1, 3, 8.06
1747803960, 0, 610, 1348, 1339, 35, 9.74%, 65, 1, 3, 9.27
1747803975, 0, 611, 1348, 1339, 35, 9.74%, 65, 1, 3, 7.68
1747803996, 0, 612, 1348, 1339, 35, 9.74%, 65, 1, 3, 7.75
1747804012, 0, 613, 1348, 1339, 35, 9.74%, 65, 1, 3, 7.84
1747804022, 0, 614, 1348, 1339, 35, 9.74%, 65, 1, 3, 8.96
1747804037, 0, 615, 1348, 1339, 35, 9.74%, 66, 1, 3, 7.96
1747804053, 0, 615, 1348, 1339, 35, 9.74%, 67, 1, 3, 7.31
1747804058, 0, 616, 1348, 1339, 35, 9.74%, 67, 1, 3, 9.39
1747804073, 0, 617, 1348, 1339, 35, 9.74%, 67, 1, 3, 7.80
1747804089, 0, 618, 1348, 1339, 35, 9.74%, 67, 1, 3, 8.50
1747804105, 0, 619, 1348, 1339, 35, 9.74%, 67, 1, 3, 8.43
1747804110, 0, 619, 1348, 1339, 35, 9.74%, 69, 1, 3, 9.07
1747804120, 0, 620, 1348, 1339, 35, 9.74%, 70, 1, 3, 8.61
1747804141, 0, 621, 1348, 1339, 35, 9.74%, 70, 1, 3, 7.75
1747804157, 0, 623, 1348, 1339, 35, 9.74%, 70, 1, 3, 8.32
1747804601, 0, 623, 1349, 1340, 35, 9.74%, 70, 1, 3, 11.25
1747804611, 0, 623, 1350, 1341, 35, 9.74%, 70, 1, 3, 10.94
1747804735, 0, 624, 1350, 1340, 35, 9.74%, 70, 1, 3, 4.25
1747804745, 0, 624, 1350, 1340, 35, 9.74%, 71, 1, 3, 7.79
1747804750, 0, 625, 1350, 1340, 35, 9.74%, 71, 1, 3, 7.47
1747804761, 0, 625, 1350, 1340, 35, 9.74%, 72, 1, 3, 8.79
1747804766, 0, 626, 1350, 1340, 35, 9.74%, 72, 1, 3, 8.40
1747804781, 0, 627, 1350, 1340, 35, 9.74%, 72, 1, 3, 8.60
1747804797, 0, 628, 1350, 1340, 35, 9.74%, 72, 1, 3, 8.28
1747804817, 0, 629, 1350, 1340, 35, 9.74%, 72, 1, 3, 9.01
1747804833, 0, 630, 1350, 1340, 35, 9.74%, 74, 1, 3, 7.07
1747804849, 0, 631, 1350, 1340, 35, 9.74%, 76, 1, 3, 8.58
1747804859, 0, 631, 1350, 1340, 35, 9.74%, 77, 1, 3, 8.15
1747804864, 0, 632, 1350, 1340, 35, 9.74%, 77, 1, 3, 9.98
1747804879, 0, 633, 1350, 1340, 35, 9.74%, 77, 1, 3, 8.25
1747804895, 0, 635, 1350, 1340, 35, 9.74%, 77, 1, 3, 7.46
1747804910, 0, 636, 1350, 1340, 35, 9.74%, 77, 1, 3, 9.64
1747804926, 0, 637, 1350, 1340, 35, 9.74%, 77, 1, 3, 7.94
1747804941, 0, 638, 1350, 1340, 35, 9.74%, 77, 1, 3, 9.03
1747804946, 0, 638, 1350, 1340, 35, 9.74%, 78, 1, 3, 8.31
1747804962, 0, 639, 1350, 1340, 35, 9.74%, 78, 1, 3, 7.98
1747804977, 0, 640, 1350, 1340, 35, 9.74%, 78, 1, 3, 7.98
1747804993, 0, 641, 1350, 1340, 35, 9.74%, 78, 1, 3, 8.46
1747805008, 0, 644, 1350, 1340, 35, 9.74%, 78, 1, 3, 8.83
1747805023, 0, 645, 1350, 1340, 35, 9.74%, 78, 1, 3, 8.89
1747805039, 0, 646, 1350, 1340, 35, 9.74%, 78, 1, 3, 8.64
1747805064, 0, 648, 1350, 1340, 35, 9.74%, 78, 1, 3, 4.96
1747805091, 0, 649, 1350, 1340, 35, 9.74%, 78, 1, 3, 5.50
1747805122, 0, 650, 1350, 1340, 35, 9.74%, 78, 1, 3, 5.85
1747805144, 0, 651, 1350, 1340, 35, 9.74%, 78, 1, 3, 4.97
1747805175, 0, 652, 1350, 1340, 35, 9.74%, 78, 1, 3, 5.69
1747805201, 0, 653, 1350, 1340, 35, 9.74%, 78, 1, 3, 5.12
1747805232, 0, 654, 1350, 1340, 35, 9.74%, 78, 1, 3, 5.50
1747805258, 0, 656, 1350, 1340, 35, 9.74%, 78, 1, 3, 4.62
1747805284, 0, 658, 1350, 1340, 35, 9.74%, 78, 1, 3, 5.84
1747805310, 0, 659, 1350, 1340, 35, 9.74%, 78, 1, 3, 4.92
1747805337, 0, 659, 1350, 1340, 35, 9.74%, 79, 1, 3, 5.03
1747805343, 0, 660, 1350, 1340, 35, 9.74%, 79, 1, 3, 4.68
1747805374, 0, 661, 1350, 1340, 35, 9.74%, 79, 1, 3, 4.42
1747805400, 0, 662, 1350, 1340, 35, 9.74%, 79, 1, 3, 5.00
1747805425, 0, 663, 1350, 1340, 35, 9.74%, 79, 1, 3, 5.62
1747805452, 0, 665, 1350, 1340, 35, 9.74%, 79, 1, 3, 4.85
1747805483, 0, 667, 1350, 1340, 35, 9.74%, 79, 1, 3, 4.65
1747805509, 0, 668, 1350, 1340, 35, 9.74%, 79, 1, 3, 5.41
1747805540, 0, 671, 1350, 1340, 35, 9.74%, 79, 1, 3, 4.71
1747805571, 0, 673, 1350, 1340, 35, 9.74%, 79, 1, 3, 5.05
1747805597, 0, 673, 1350, 1340, 35, 9.74%, 80, 1, 3, 3.98
1747805602, 0, 674, 1350, 1340, 35, 9.74%, 80, 1, 3, 4.29
1747805612, 0, 674, 1351, 1341, 35, 9.74%, 80, 1, 3, 5.26
1747805617, 0, 674, 1352, 1342, 35, 9.74%, 80, 1, 3, 3.75
1747805665, 0, 674, 1353, 1343, 35, 9.74%, 80, 1, 3, 4.73
1747805711, 0, 674, 1353, 1343, 35, 9.74%, 81, 1, 3, 4.82
1747805748, 0, 674, 1353, 1343, 35, 9.74%, 82, 1, 3, 4.65
1747805832, 0, 675, 1353, 1343, 35, 9.74%, 82, 1, 3, 5.70
1747805858, 0, 676, 1353, 1343, 35, 9.74%, 82, 1, 3, 4.56
1747805890, 0, 677, 1353, 1343, 35, 9.74%, 82, 1, 3, 4.81
1747805922, 0, 678, 1353, 1343, 35, 9.74%, 82, 1, 3, 4.54
1747805948, 0, 679, 1353, 1343, 35, 9.74%, 82, 1, 3, 4.69
1747805979, 0, 681, 1353, 1343, 35, 9.74%, 82, 1, 3, 5.25
1747806005, 0, 682, 1353, 1343, 35, 9.74%, 82, 1, 3, 5.42
1747806035, 0, 684, 1353, 1343, 35, 9.74%, 82, 1, 3, 4.43
1747806061, 0, 685, 1353, 1343, 35, 9.74%, 82, 1, 3, 5.78
1747806093, 0, 686, 1353, 1343, 35, 9.74%, 82, 1, 3, 5.39
1747806120, 0, 688, 1353, 1343, 35, 9.74%, 82, 1, 3, 4.58
1747806146, 0, 689, 1353, 1343, 35, 9.74%, 82, 1, 3, 5.18
1747806156, 0, 689, 1353, 1343, 35, 9.74%, 83, 1, 3, 4.82
1747806177, 0, 690, 1353, 1343, 35, 9.74%, 83, 1, 3, 5.03
1747806182, 0, 690, 1354, 1344, 35, 9.76%, 83, 1, 3, 4.18
1747806208, 0, 690, 1354, 1344, 35, 9.76%, 84, 1, 3, 4.48
1747806230, 0, 690, 1354, 1344, 35, 9.76%, 85, 1, 3, 4.52
1747806235, 0, 690, 1355, 1345, 35, 9.76%, 85, 1, 3, 4.20
1747806298, 0, 691, 1355, 1345, 36, 9.76%, 85, 1, 3, 5.42
1747806324, 0, 692, 1355, 1345, 36, 9.76%, 85, 1, 3, 6.04
1747806355, 0, 693, 1355, 1345, 36, 9.76%, 85, 1, 3, 5.40
1747806381, 0, 694, 1355, 1345, 36, 9.76%, 85, 1, 3, 4.86
1747806407, 0, 695, 1355, 1345, 36, 9.76%, 85, 1, 3, 5.06
1747806434, 0, 699, 1355, 1345, 36, 9.76%, 85, 1, 3, 6.12
1747806465, 0, 700, 1355, 1345, 36, 9.76%, 85, 1, 3, 4.48
1747806496, 0, 701, 1355, 1345, 36, 9.76%, 85, 1, 3, 5.90
1747806522, 0, 702, 1355, 1345, 36, 9.76%, 85, 1, 3, 4.54
1747806553, 0, 703, 1356, 1346, 36, 9.76%, 85, 1, 3, 4.32
1747806605, 0, 703, 1356, 1346, 36, 9.76%, 86, 1, 3, 5.27
1747806616, 0, 706, 1356, 1346, 36, 9.76%, 86, 1, 3, 5.07
1747806648, 0, 707, 1356, 1346, 36, 9.76%, 86, 1, 3, 4.20
1747806674, 0, 708, 1356, 1346, 36, 9.76%, 86, 1, 3, 5.12
1747806706, 0, 709, 1357, 1347, 36, 9.76%, 86, 1, 3, 4.26
1747806762, 0, 710, 1357, 1347, 36, 9.76%, 86, 1, 3, 5.73
1747806793, 0, 711, 1357, 1347, 36, 9.76%, 87, 1, 3, 4.86
1747806819, 0, 712, 1357, 1347, 36, 9.76%, 87, 1, 3, 4.87
1747806845, 0, 713, 1357, 1347, 36, 9.76%, 87, 1, 3, 7.07
1747806870, 0, 715, 1357, 1347, 36, 9.76%, 88, 1, 3, 4.53
1747806901, 0, 717, 1357, 1347, 36, 9.76%, 88, 1, 3, 4.71
1747806928, 0, 718, 1357, 1347, 36, 9.76%, 88, 1, 3, 5.17
1747806954, 0, 719, 1357, 1347, 36, 9.76%, 88, 1, 3, 5.79
1747806985, 0, 721, 1357, 1347, 36, 9.76%, 88, 1, 3, 4.34
1747807011, 0, 722, 1357, 1347, 36, 9.76%, 88, 1, 3, 5.21
1747807027, 0, 722, 1357, 1347, 36, 9.76%, 89, 1, 3, 4.28
1747807042, 0, 723, 1357, 1347, 36, 9.76%, 89, 1, 3, 5.68
1747807068, 0, 725, 1357, 1347, 36, 9.76%, 89, 1, 3, 4.94
1747807099, 0, 726, 1357, 1347, 36, 9.76%, 89, 1, 3, 4.42
1747807132, 0, 727, 1357, 1347, 36, 9.76%, 89, 1, 3, 4.96
1747807159, 0, 728, 1357, 1347, 36, 9.76%, 89, 1, 3, 5.11
1747807185, 0, 729, 1357, 1347, 36, 9.76%, 89, 1, 3, 8.29
1747807200, 0, 730, 1357, 1347, 36, 9.76%, 89, 1, 3, 9.73
1747807211, 0, 731, 1357, 1347, 36, 9.76%, 89, 1, 3, 9.14
1747807227, 0, 732, 1357, 1347, 36, 9.76%, 89, 1, 3, 8.37
1747807242, 0, 733, 1357, 1347, 36, 9.76%, 89, 1, 3, 9.96
1747807258, 0, 734, 1357, 1347, 36, 9.76%, 89, 1, 3, 9.11
1747807273, 0, 735, 1357, 1347, 36, 9.76%, 89, 1, 3, 11.33
1747807421, 0, 736, 1357, 1346, 35, 9.76%, 89, 1, 3, 3.04
1747807447, 0, 737, 1357, 1346, 35, 9.76%, 89, 1, 3, 5.12
1747807473, 0, 738, 1357, 1346, 35, 9.76%, 89, 1, 3, 5.66
1747807504, 0, 739, 1357, 1346, 35, 9.76%, 89, 1, 3, 4.63
1747807509, 0, 739, 1357, 1346, 35, 9.76%, 90, 1, 3, 4.89
1747807535, 0, 741, 1357, 1346, 35, 9.76%, 90, 1, 3, 4.66
1747807567, 0, 743, 1358, 1347, 35, 9.77%, 90, 1, 3, 4.06
1747807629, 0, 744, 1358, 1347, 36, 9.77%, 90, 1, 3, 4.41
1747807655, 0, 745, 1358, 1347, 36, 9.77%, 90, 1, 3, 4.71
1747807681, 0, 746, 1358, 1347, 36, 9.77%, 90, 1, 3, 4.81
1747807713, 0, 747, 1358, 1347, 36, 9.77%, 90, 1, 3, 4.92
1747807744, 0, 748, 1358, 1347, 36, 9.77%, 90, 1, 3, 5.82
1747807775, 0, 750, 1358, 1347, 36, 9.77%, 90, 1, 3, 4.99
1747807806, 0, 751, 1358, 1347, 36, 9.77%, 90, 1, 3, 4.54
1747807832, 0, 752, 1358, 1347, 36, 9.77%, 90, 1, 3, 5.33
1747807859, 0, 753, 1358, 1347, 36, 9.77%, 90, 1, 3, 5.63
1747807885, 0, 755, 1358, 1347, 36, 9.77%, 90, 1, 3, 5.76
1747807916, 0, 756, 1358, 1347, 36, 9.77%, 90, 1, 3, 4.65
1747807942, 0, 757, 1358, 1347, 36, 9.77%, 90, 1, 3, 4.64
1747807968, 0, 758, 1358, 1347, 36, 9.77%, 90, 1, 3, 8.34
1747808127, 0, 760, 1358, 1346, 35, 9.77%, 90, 1, 3, 10.90
1747808132, 0, 760, 1358, 1346, 35, 9.77%, 91, 1, 3, 1.77
1747808158, 0, 761, 1358, 1346, 35, 9.77%, 91, 1, 3, 4.60
1747808184, 0, 762, 1358, 1346, 35, 9.77%, 91, 1, 3, 5.61
1747808210, 0, 763, 1358, 1346, 35, 9.77%, 91, 1, 3, 6.62
1747808235, 0, 765, 1358, 1346, 35, 9.77%, 91, 1, 3, 5.06
1747808251, 0, 765, 1358, 1346, 35, 9.77%, 92, 1, 3, 4.59
1747808262, 0, 767, 1358, 1346, 35, 9.77%, 92, 1, 3, 5.31
1747808293, 0, 768, 1358, 1346, 35, 9.77%, 92, 1, 3, 4.98
1747808325, 0, 769, 1358, 1346, 35, 9.77%, 92, 1, 3, 5.52
1747808351, 0, 771, 1358, 1346, 35, 9.77%, 92, 1, 3, 4.88
1747808382, 0, 772, 1358, 1346, 35, 9.77%, 92, 1, 3, 5.36
1747808408, 0, 773, 1358, 1346, 35, 9.77%, 92, 1, 3, 4.95
1747808434, 0, 774, 1358, 1346, 35, 9.77%, 92, 1, 3, 5.36
1747808460, 0, 775, 1358, 1346, 35, 9.77%, 92, 1, 3, 5.50
1747808486, 0, 777, 1358, 1346, 35, 9.77%, 92, 1, 3, 5.99
1747808518, 0, 778, 1358, 1346, 35, 9.77%, 92, 1, 3, 4.83
1747808534, 0, 778, 1358, 1346, 35, 9.77%, 93, 1, 3, 4.86
1747808544, 0, 779, 1358, 1346, 35, 9.77%, 93, 1, 3, 5.21
1747808570, 0, 780, 1358, 1346, 35, 9.77%, 93, 1, 3, 5.46
1747808591, 0, 781, 1358, 1346, 35, 9.77%, 94, 1, 3, 8.21
1747808596, 0, 781, 1359, 1347, 35, 9.77%, 94, 1, 3, 7.64
1747808622, 0, 782, 1359, 1347, 35, 9.77%, 94, 1, 3, 9.00
1747808643, 0, 783, 1359, 1347, 35, 9.77%, 94, 1, 3, 8.73
1747808658, 0, 786, 1359, 1347, 35, 9.77%, 94, 1, 3, 10.19
1747808673, 0, 787, 1359, 1347, 35, 9.77%, 94, 1, 3, 9.43
1747808684, 0, 787, 1359, 1347, 35, 9.77%, 95, 1, 3, 9.32
1747808689, 0, 788, 1359, 1347, 35, 9.77%, 95, 1, 3, 8.86
1747808695, 0, 788, 1360, 1348, 35, 9.77%, 95, 1, 3, 6.68
1747808725, 0, 790, 1360, 1348, 35, 9.77%, 95, 1, 3, 8.30
1747808741, 0, 791, 1360, 1348, 35, 9.77%, 95, 1, 3, 7.87
1747808762, 0, 792, 1360, 1348, 35, 9.77%, 96, 1, 3, 7.67
1747808777, 0, 793, 1360, 1348, 35, 9.77%, 96, 1, 3, 8.97
1747808793, 0, 795, 1360, 1348, 35, 9.77%, 96, 1, 3, 9.45
1747808808, 0, 796, 1360, 1348, 35, 9.77%, 96, 1, 3, 9.00
1747808824, 0, 797, 1360, 1348, 35, 9.77%, 96, 1, 3, 8.99
1747808839, 0, 798, 1360, 1348, 35, 9.77%, 96, 1, 3, 9.09
1747808855, 0, 799, 1360, 1348, 35, 9.77%, 96, 1, 3, 10.18
1747808870, 0, 801, 1360, 1348, 35, 9.77%, 96, 1, 3, 7.22
1747809594, 0, 801, 1361, 1349, 35, 9.77%, 96, 1, 3, 4.16
1747809840, 0, 802, 1361, 1348, 35, 9.77%, 96, 1, 3, 10.08
1747809860, 0, 803, 1361, 1348, 35, 9.77%, 96, 1, 3, 10.03
1747809871, 0, 804, 1361, 1348, 35, 9.77%, 96, 1, 3, 9.79
1747809886, 0, 805, 1361, 1348, 35, 9.77%, 96, 1, 3, 8.45
1747809902, 0, 807, 1361, 1348, 35, 9.77%, 96, 1, 3, 8.21
1747809917, 0, 809, 1361, 1348, 35, 9.77%, 96, 1, 3, 8.51
1747809933, 0, 810, 1361, 1348, 35, 9.77%, 96, 1, 3, 8.13
1747809948, 0, 811, 1361, 1348, 35, 9.77%, 96, 1, 3, 7.85
1747809964, 0, 812, 1361, 1348, 35, 9.77%, 96, 1, 3, 9.07
1747809980, 0, 814, 1361, 1348, 35, 9.77%, 96, 1, 3, 8.70
1747810000, 0, 816, 1361, 1348, 35, 9.77%, 96, 1, 3, 8.66
1747810015, 0, 818, 1361, 1348, 35, 9.77%, 96, 1, 3, 8.77
1747810031, 0, 819, 1361, 1348, 35, 9.77%, 96, 1, 3, 8.74
1747810046, 0, 820, 1361, 1348, 35, 9.77%, 96, 1, 3, 9.95
1747810062, 0, 821, 1361, 1348, 35, 9.77%, 96, 1, 3, 9.68
1747810077, 0, 822, 1361, 1348, 35, 9.77%, 96, 1, 3, 9.26
1747810093, 0, 823, 1361, 1348, 35, 9.77%, 96, 1, 3, 7.77
1747810109, 0, 824, 1361, 1348, 35, 9.77%, 96, 1, 3, 8.40
1747810124, 0, 825, 1361, 1348, 35, 9.77%, 96, 1, 3, 8.49
1747810145, 0, 826, 1361, 1348, 35, 9.77%, 96, 1, 3, 9.22
1747810155, 0, 827, 1361, 1348, 35, 9.77%, 96, 1, 3, 9.10
1747810176, 0, 829, 1361, 1348, 35, 9.77%, 96, 1, 3, 9.09
1747810186, 0, 830, 1361, 1348, 35, 9.77%, 96, 1, 3, 9.27
1747810202, 0, 831, 1361, 1348, 35, 9.77%, 96, 1, 3, 9.61
1747810207, 0, 831, 1361, 1348, 35, 9.77%, 97, 1, 3, 8.67
1747810222, 0, 833, 1361, 1348, 35, 9.77%, 97, 1, 3, 8.23
1747810238, 0, 835, 1361, 1348, 35, 9.77%, 97, 1, 3, 8.32
1747810248, 0, 835, 1361, 1348, 35, 9.77%, 98, 1, 3, 9.28
1747810253, 0, 836, 1361, 1348, 35, 9.77%, 98, 1, 3, 9.00
1747810269, 0, 837, 1361, 1348, 35, 9.77%, 98, 1, 3, 9.74
1747810284, 0, 838, 1361, 1348, 35, 9.77%, 99, 1, 3, 8.79
1747810300, 0, 839, 1361, 1348, 35, 9.77%, 99, 1, 3, 9.93
1747810310, 0, 839, 1362, 1349, 35, 9.77%, 99, 1, 3, 8.21
1747810331, 0, 840, 1362, 1349, 35, 9.77%, 99, 1, 3, 8.49
1747810346, 0, 841, 1362, 1349, 35, 9.77%, 99, 1, 3, 9.63
1747810362, 0, 842, 1362, 1349, 35, 9.77%, 99, 1, 3, 6.98
1747810377, 0, 843, 1362, 1349, 35, 9.77%, 99, 1, 3, 8.20
1747810393, 0, 844, 1362, 1349, 35, 9.77%, 99, 1, 3, 8.55
1747810408, 0, 845, 1362, 1349, 35, 9.77%, 99, 1, 3, 9.35
1747810424, 0, 847, 1362, 1349, 35, 9.77%, 99, 1, 3, 8.82
1747810429, 0, 847, 1362, 1349, 35, 9.77%, 100, 1, 3, 8.03
1747810439, 0, 848, 1362, 1349, 35, 9.77%, 101, 1, 3, 7.90
1747810444, 0, 848, 1363, 1350, 35, 9.77%, 101, 1, 3, 6.28
1747810486, 0, 849, 1363, 1350, 35, 9.77%, 101, 1, 3, 4.60
1747810502, 0, 849, 1363, 1350, 35, 9.77%, 102, 1, 3, 5.30
1747810512, 0, 850, 1363, 1350, 35, 9.77%, 102, 1, 3, 4.97
1747810543, 0, 851, 1363, 1350, 35, 9.77%, 102, 1, 3, 5.11
1747810569, 0, 852, 1363, 1350, 35, 9.77%, 102, 1, 3, 5.47
1747810595, 0, 854, 1363, 1350, 35, 9.77%, 102, 1, 3, 7.92
1747810610, 0, 855, 1363, 1350, 35, 9.77%, 102, 1, 3, 8.26
1747810626, 0, 856, 1363, 1350, 35, 9.77%, 102, 1, 3, 9.05
1747810642, 0, 857, 1363, 1350, 35, 9.77%, 102, 1, 3, 8.99
1747810657, 0, 858, 1363, 1350, 35, 9.77%, 102, 1, 3, 8.50
1747810672, 0, 860, 1363, 1350, 35, 9.77%, 102, 1, 3, 8.94
1747810693, 0, 862, 1363, 1350, 35, 9.77%, 102, 1, 3, 7.98
1747810708, 0, 863, 1363, 1350, 35, 9.77%, 102, 1, 3, 8.22
1747810724, 0, 864, 1363, 1350, 35, 9.77%, 102, 1, 3, 8.97
1747810739, 0, 865, 1363, 1350, 35, 9.77%, 102, 1, 3, 8.07
1747810755, 0, 866, 1363, 1350, 35, 9.77%, 103, 1, 3, 8.81
1747810760, 0, 866, 1364, 1351, 35, 9.77%, 103, 1, 3, 7.01
1747810791, 0, 867, 1364, 1351, 35, 9.77%, 103, 1, 3, 7.95
1747810806, 0, 868, 1364, 1351, 35, 9.77%, 103, 1, 3, 8.67
1747810822, 0, 872, 1364, 1351, 35, 9.77%, 103, 1, 3, 9.61
1747810837, 0, 873, 1364, 1351, 35, 9.77%, 103, 1, 3, 9.42
1747810847, 0, 874, 1364, 1351, 35, 9.77%, 103, 1, 3, 8.97
1747810863, 0, 875, 1364, 1351, 35, 9.77%, 103, 1, 3, 8.18
1747810883, 0, 876, 1365, 1352, 35, 9.77%, 103, 1, 3, 7.56
1747810888, 0, 876, 1365, 1352, 35, 9.77%, 104, 1, 3, 7.55
1747810914, 0, 877, 1365, 1352, 35, 9.77%, 104, 1, 3, 7.63
1747810929, 0, 878, 1365, 1352, 35, 9.77%, 104, 1, 3, 7.99
1747810934, 0, 878, 1365, 1352, 35, 9.77%, 105, 1, 3, 7.79
1747810944, 0, 879, 1365, 1352, 35, 9.77%, 105, 1, 3, 9.50
1747810949, 0, 879, 1365, 1352, 35, 9.77%, 106, 1, 3, 7.46
1747810965, 0, 880, 1365, 1352, 35, 9.77%, 106, 1, 3, 7.81
1747810980, 0, 881, 1365, 1352, 35, 9.77%, 107, 1, 3, 8.48
1747810996, 0, 883, 1365, 1352, 35, 9.77%, 107, 1, 3, 8.92
1747811012, 0, 884, 1365, 1352, 35, 9.77%, 107, 1, 3, 7.32
1747811033, 0, 886, 1365, 1352, 35, 9.77%, 107, 1, 3, 7.74
1747811048, 0, 887, 1365, 1352, 35, 9.77%, 107, 1, 3, 9.84
1747811064, 0, 890, 1365, 1352, 35, 9.77%, 107, 1, 3, 8.20
1747811079, 0, 891, 1365, 1352, 35, 9.77%, 107, 1, 3, 8.53
1747811084, 0, 891, 1365, 1352, 35, 9.77%, 108, 1, 3, 8.75
1747811095, 0, 892, 1365, 1352, 35, 9.77%, 108, 1, 3, 8.24
1747811111, 0, 894, 1365, 1352, 35, 9.77%, 108, 1, 3, 9.36
1747811126, 0, 895, 1365, 1352, 35, 9.77%, 108, 1, 3, 9.52
1747811142, 0, 896, 1365, 1352, 35, 9.77%, 108, 1, 3, 8.88
1747811157, 0, 897, 1365, 1352, 35, 9.77%, 108, 1, 3, 8.81
1747811172, 0, 900, 1365, 1352, 35, 9.77%, 109, 1, 3, 8.36
1747811193, 0, 901, 1365, 1352, 35, 9.77%, 109, 1, 3, 8.46
1747811209, 0, 903, 1365, 1352, 35, 9.77%, 109, 1, 3, 8.01
1747811224, 0, 904, 1365, 1352, 35, 9.77%, 109, 1, 3, 9.18
1747811239, 0, 905, 1365, 1352, 35, 9.77%, 109, 1, 3, 9.78
1747811255, 0, 907, 1365, 1352, 35, 9.77%, 109, 1, 3, 9.15
1747811270, 0, 908, 1365, 1352, 35, 9.77%, 109, 1, 3, 8.65
1747811286, 0, 909, 1365, 1352, 35, 9.77%, 109, 1, 3, 7.32
1747811301, 0, 910, 1365, 1352, 35, 9.77%, 109, 1, 3, 8.78
1747811317, 0, 911, 1365, 1352, 35, 9.77%, 109, 1, 3, 9.49
1747811332, 0, 912, 1365, 1352, 35, 9.77%, 110, 1, 3, 8.14
1747811353, 0, 914, 1365, 1352, 35, 9.77%, 110, 1, 3, 8.61
1747811368, 0, 916, 1365, 1352, 35, 9.77%, 110, 1, 3, 9.00
1747811384, 0, 918, 1365, 1352, 35, 9.77%, 110, 1, 3, 8.11
1747811394, 0, 918, 1366, 1353, 35, 9.77%, 110, 1, 3, 5.71
1747811414, 0, 919, 1366, 1353, 35, 9.77%, 110, 1, 3, 9.65
1747811435, 0, 920, 1366, 1353, 35, 9.77%, 110, 1, 3, 8.23
1747811450, 0, 921, 1366, 1353, 35, 9.77%, 110, 1, 3, 8.61
1747811456, 0, 921, 1366, 1353, 35, 9.77%, 111, 1, 3, 8.37
1747811466, 0, 922, 1366, 1353, 35, 9.77%, 111, 1, 3, 8.95
1747811481, 0, 923, 1366, 1353, 35, 9.77%, 111, 1, 3, 8.14
1747811497, 0, 924, 1366, 1353, 35, 9.77%, 111, 1, 3, 8.68
1747811512, 0, 925, 1366, 1353, 35, 9.77%, 111, 1, 3, 8.21
1747811527, 0, 926, 1366, 1353, 35, 9.77%, 111, 1, 3, 9.24
1747811543, 0, 927, 1366, 1353, 35, 9.77%, 111, 1, 3, 7.82
1747811569, 0, 927, 1367, 1354, 35, 9.77%, 111, 1, 3, 3.56
1747811601, 0, 928, 1367, 1354, 35, 9.77%, 111, 1, 3, 5.11
1747811632, 0, 930, 1367, 1354, 35, 9.77%, 111, 1, 3, 4.57
1747811658, 0, 932, 1367, 1354, 35, 9.77%, 111, 1, 3, 4.95
1747811684, 0, 934, 1367, 1354, 35, 9.77%, 111, 1, 3, 5.67
1747811710, 0, 937, 1367, 1354, 35, 9.77%, 111, 1, 3, 5.36
1747811742, 0, 938, 1367, 1354, 35, 9.77%, 111, 1, 3, 4.78
1747811768, 0, 939, 1367, 1354, 35, 9.77%, 111, 1, 3, 5.17
1747811857, 0, 939, 1368, 1355, 35, 9.77%, 111, 1, 3, 2.38
1747811934, 0, 939, 1369, 1356, 35, 9.77%, 111, 1, 3, 2.43
1747812358, 0, 939, 1370, 1357, 35, 9.77%, 111, 1, 3, 4.06
1747812842, 0, 939, 1371, 1358, 35, 9.77%, 111, 1, 3, 2.44
1747813069, 0, 939, 1372, 1359, 35, 9.77%, 111, 1, 3, 2.40
1747813085, 0, 939, 1373, 1360, 35, 9.77%, 111, 1, 3, 2.37
1747813095, 0, 939, 1374, 1361, 35, 9.77%, 111, 1, 3, 2.40
1747813297, 0, 939, 1375, 1362, 35, 9.77%, 111, 1, 3, 2.52
1747813500, 0, 939, 1376, 1363, 35, 9.77%, 111, 1, 3, 2.43
1747813589, 0, 940, 1376, 1362, 34, 9.77%, 111, 1, 3, 6.24
1747813615, 0, 941, 1376, 1362, 34, 9.77%, 111, 1, 3, 6.05
1747813641, 0, 942, 1376, 1362, 34, 9.77%, 111, 1, 3, 4.66
1747813673, 0, 944, 1376, 1362, 34, 9.77%, 111, 1, 3, 4.64
1747813698, 0, 945, 1376, 1362, 34, 9.77%, 111, 1, 3, 5.74
1747813703, 0, 945, 1377, 1363, 34, 9.77%, 111, 1, 3, 4.92
1747813761, 0, 946, 1377, 1363, 34, 9.77%, 111, 1, 3, 5.23
1747813787, 0, 947, 1377, 1363, 34, 9.77%, 111, 1, 3, 4.01
1747815154, 0, 947, 1378, 1364, 34, 9.77%, 111, 1, 3, 2.65
1747815610, 0, 947, 1379, 1365, 34, 9.77%, 111, 1, 3, 2.85
1747815876, 0, 948, 1379, 1364, 33, 9.77%, 111, 1, 3, 5.76
1747815907, 0, 949, 1379, 1364, 33, 9.77%, 111, 1, 3, 5.70
1747815933, 0, 950, 1379, 1364, 33, 9.77%, 111, 1, 3, 5.95
1747815954, 0, 951, 1379, 1364, 33, 9.77%, 111, 1, 3, 5.89
1747815980, 0, 954, 1379, 1364, 33, 9.77%, 111, 1, 3, 6.48
1747816006, 0, 959, 1379, 1364, 33, 9.77%, 111, 1, 3, 5.00
1747816033, 0, 960, 1379, 1364, 33, 9.77%, 111, 1, 3, 5.63
1747816059, 0, 961, 1379, 1364, 33, 9.77%, 111, 1, 3, 6.19
1747816085, 0, 962, 1379, 1364, 33, 9.77%, 111, 1, 3, 4.39
1747816111, 0, 963, 1379, 1364, 33, 9.77%, 111, 1, 3, 5.41
1747816143, 0, 964, 1379, 1364, 33, 9.77%, 111, 1, 3, 4.92
1747816168, 0, 966, 1379, 1364, 33, 9.77%, 111, 1, 3, 6.23
1747816179, 0, 966, 1379, 1364, 33, 9.77%, 112, 1, 3, 6.22
1747816190, 0, 967, 1379, 1364, 33, 9.77%, 112, 1, 3, 6.00
1747816221, 0, 968, 1379, 1364, 33, 9.77%, 112, 1, 3, 5.44
1747816247, 0, 969, 1380, 1365, 33, 9.77%, 112, 1, 3, 4.33
1747816288, 0, 969, 1380, 1365, 33, 9.77%, 113, 1, 3, 4.81
1747816304, 0, 970, 1380, 1365, 33, 9.77%, 113, 1, 3, 5.66
1747816330, 0, 971, 1381, 1366, 33, 9.78%, 113, 1, 3, 4.99
1747816393, 0, 973, 1381, 1366, 31, 9.78%, 113, 1, 3, 5.41
1747816418, 0, 974, 1381, 1366, 31, 9.78%, 113, 1, 3, 5.61
1747816444, 0, 975, 1381, 1366, 31, 9.78%, 113, 1, 3, 5.56
1747816475, 0, 976, 1381, 1366, 31, 9.78%, 113, 1, 3, 4.39
1747816502, 0, 977, 1381, 1366, 31, 9.78%, 113, 1, 3, 5.72
1747816527, 0, 978, 1381, 1366, 31, 9.78%, 113, 1, 3, 5.35
1747816554, 0, 979, 1381, 1366, 31, 9.78%, 113, 1, 3, 5.01
1747816579, 0, 980, 1381, 1366, 31, 9.78%, 113, 1, 3, 5.24
1747816595, 0, 980, 1382, 1367, 31, 9.78%, 113, 1, 3, 5.18
1747816637, 0, 981, 1382, 1367, 31, 9.78%, 113, 1, 3, 5.19
1747816652, 0, 981, 1383, 1368, 31, 9.78%, 113, 1, 3, 4.05
1747816700, 0, 982, 1383, 1368, 31, 9.78%, 113, 1, 3, 5.42
1747816721, 0, 982, 1383, 1368, 31, 9.78%, 114, 1, 3, 5.18
1747816726, 0, 983, 1383, 1368, 31, 9.78%, 114, 1, 3, 6.81
1747816752, 0, 984, 1383, 1368, 31, 9.78%, 114, 1, 3, 5.55
1747816783, 0, 985, 1383, 1368, 31, 9.78%, 114, 1, 3, 5.25
1747816809, 0, 986, 1383, 1368, 31, 9.78%, 114, 1, 3, 5.30
1747816835, 0, 987, 1383, 1368, 31, 9.78%, 114, 1, 3, 5.64
1747816861, 0, 988, 1383, 1368, 31, 9.78%, 114, 1, 3, 5.80
1747816887, 0, 989, 1383, 1368, 31, 9.78%, 114, 1, 3, 4.96
1747816917, 0, 990, 1383, 1368, 31, 9.78%, 114, 1, 3, 5.14
1747816943, 0, 991, 1383, 1368, 31, 9.78%, 114, 1, 3, 7.03
1747816969, 0, 993, 1383, 1368, 31, 9.78%, 114, 1, 3, 5.09
1747816995, 0, 995, 1383, 1368, 31, 9.78%, 114, 1, 3, 5.31
1747817026, 0, 996, 1383, 1368, 31, 9.78%, 114, 1, 3, 4.81
1747817052, 0, 997, 1383, 1368, 31, 9.78%, 114, 1, 3, 5.25
1747817083, 0, 998, 1383, 1368, 31, 9.78%, 114, 1, 3, 5.18
1747817104, 0, 998, 1383, 1368, 31, 9.78%, 115, 1, 3, 5.03
1747817110, 0, 1000, 1383, 1368, 31, 9.78%, 115, 1, 3, 4.58
1747817141, 0, 1002, 1383, 1368, 31, 9.78%, 115, 1, 3, 4.69
1747817173, 0, 1003, 1383, 1368, 31, 9.78%, 115, 1, 3, 5.47
1747817199, 0, 1004, 1383, 1368, 31, 9.78%, 115, 1, 3, 5.59
1747817224, 0, 1005, 1383, 1368, 31, 9.78%, 115, 1, 3, 5.63
1747817251, 0, 1006, 1383, 1368, 31, 9.78%, 115, 1, 3, 4.81
1747817277, 0, 1007, 1383, 1368, 31, 9.78%, 115, 1, 3, 5.23
1747817288, 0, 1007, 1383, 1368, 31, 9.78%, 116, 1, 3, 4.68
1747817308, 0, 1008, 1383, 1368, 31, 9.78%, 116, 1, 3, 5.79
1747817334, 0, 1010, 1383, 1368, 31, 9.78%, 116, 1, 3, 4.37
1747817344, 0, 1010, 1383, 1368, 31, 9.78%, 117, 1, 3, 4.49
1747817369, 0, 1011, 1383, 1368, 31, 9.78%, 117, 1, 3, 4.63
1747817375, 0, 1011, 1383, 1368, 31, 9.78%, 118, 1, 3, 4.75
1747817396, 0, 1012, 1383, 1368, 31, 9.78%, 118, 1, 3, 5.58
1747817422, 0, 1013, 1383, 1368, 31, 9.78%, 118, 1, 3, 5.81
1747817427, 0, 1013, 1384, 1369, 31, 9.78%, 118, 1, 3, 4.48
1747817469, 0, 1014, 1384, 1369, 31, 9.78%, 118, 1, 3, 9.01
