# unix_time, cycles_done, cur_path, paths_total, pending_total, pending_favs, map_size, unique_crashes, unique_hangs, max_depth, execs_per_sec
1747817486, 0, 0, 1, 1, 1, 3.78%, 0, 0, 1, 93.02
1747817491, 0, 0, 35, 35, 1, 5.43%, 0, 0, 2, 86.66
1747817496, 0, 0, 61, 61, 1, 5.45%, 0, 0, 2, 81.06
1747817501, 0, 0, 85, 85, 1, 5.46%, 0, 0, 2, 79.26
1747817506, 0, 0, 105, 105, 1, 5.49%, 0, 0, 2, 80.94
1747817511, 0, 0, 122, 122, 1, 5.49%, 0, 0, 2, 82.91
1747817517, 0, 0, 132, 132, 1, 5.50%, 0, 0, 2, 70.34
1747817522, 0, 0, 139, 139, 1, 5.50%, 0, 0, 2, 53.82
1747817527, 0, 0, 145, 145, 1, 5.50%, 0, 0, 2, 52.22
1747817532, 0, 0, 152, 152, 1, 5.50%, 0, 0, 2, 50.36
1747817537, 0, 0, 157, 157, 1, 5.50%, 0, 0, 2, 50.89
1747817542, 0, 0, 162, 162, 1, 5.50%, 0, 0, 2, 50.79
1747817547, 0, 0, 167, 167, 1, 5.50%, 0, 0, 2, 52.32
1747817552, 0, 0, 170, 170, 1, 5.50%, 0, 0, 2, 52.59
1747817557, 0, 0, 175, 175, 1, 5.50%, 0, 0, 2, 50.91
1747817562, 0, 0, 179, 179, 1, 5.50%, 0, 0, 2, 51.32
1747817567, 0, 0, 181, 181, 1, 5.50%, 0, 0, 2, 52.47
1747817573, 0, 0, 185, 185, 1, 5.50%, 0, 0, 2, 52.37
1747817578, 0, 0, 187, 187, 1, 5.50%, 0, 0, 2, 52.34
1747817583, 0, 0, 190, 190, 1, 5.50%, 0, 0, 2, 52.86
1747817588, 0, 0, 192, 192, 1, 5.50%, 0, 0, 2, 52.75
1747817593, 0, 0, 196, 196, 1, 5.50%, 0, 0, 2, 52.46
1747817598, 0, 0, 197, 197, 1, 5.50%, 0, 0, 2, 52.37
1747817603, 0, 0, 200, 200, 1, 5.50%, 0, 0, 2, 51.32
1747817608, 0, 0, 201, 201, 1, 5.50%, 0, 0, 2, 52.78
1747817613, 0, 0, 204, 204, 1, 5.50%, 0, 0, 2, 53.27
1747817618, 0, 0, 208, 208, 1, 5.50%, 0, 0, 2, 51.54
1747817623, 0, 0, 210, 210, 1, 5.50%, 0, 0, 2, 52.88
1747817633, 0, 0, 211, 211, 1, 5.50%, 0, 0, 2, 53.57
1747817639, 0, 0, 212, 212, 1, 5.50%, 0, 0, 2, 52.49
1747817649, 0, 0, 213, 213, 1, 5.50%, 0, 0, 2, 52.15
1747817654, 0, 0, 215, 215, 1, 5.50%, 0, 0, 2, 53.19
1747817664, 0, 0, 217, 217, 1, 5.50%, 0, 0, 2, 53.14
1747817669, 0, 0, 218, 218, 1, 5.50%, 0, 0, 2, 53.54
1747817674, 0, 0, 221, 221, 1, 5.50%, 0, 0, 2, 52.91
1747817679, 0, 0, 222, 222, 1, 5.50%, 0, 0, 2, 52.13
1747817684, 0, 0, 228, 228, 1, 5.50%, 0, 0, 2, 50.15
1747817689, 0, 0, 229, 229, 1, 5.56%, 0, 0, 2, 52.90
1747817699, 0, 0, 230, 230, 1, 5.56%, 0, 0, 2, 53.26
1747817725, 0, 0, 231, 231, 1, 5.56%, 0, 0, 2, 52.76
1747817736, 0, 0, 232, 232, 1, 5.56%, 0, 0, 2, 53.56
1747817741, 0, 0, 233, 233, 1, 5.56%, 0, 0, 2, 54.37
1747817746, 0, 0, 234, 234, 1, 5.56%, 0, 0, 2, 53.76
1747817751, 0, 0, 237, 237, 1, 5.56%, 0, 0, 2, 52.61
1747817756, 0, 0, 239, 239, 1, 5.56%, 0, 0, 2, 52.99
1747817761, 0, 0, 241, 241, 1, 5.56%, 0, 0, 2, 53.15
1747817776, 0, 0, 242, 242, 1, 5.56%, 0, 0, 2, 53.44
1747817796, 0, 0, 243, 243, 1, 5.56%, 0, 0, 2, 54.36
1747817802, 0, 0, 244, 244, 1, 5.56%, 0, 0, 2, 53.79
1747817822, 0, 2, 258, 257, 11, 5.70%, 0, 0, 2, 36.22
1747817827, 0, 2, 272, 271, 11, 5.71%, 0, 0, 2, 32.48
1747817832, 0, 2, 284, 283, 11, 5.72%, 0, 0, 2, 31.02
1747817838, 0, 2, 297, 296, 11, 5.74%, 0, 0, 2, 30.75
1747817843, 0, 2, 308, 307, 11, 5.76%, 0, 0, 2, 31.00
1747817848, 0, 2, 319, 318, 11, 5.76%, 0, 0, 2, 31.28
1747817853, 0, 2, 328, 327, 11, 5.76%, 0, 0, 2, 31.52
1747817858, 0, 2, 334, 333, 11, 5.76%, 0, 0, 2, 32.00
1747817863, 0, 2, 342, 341, 11, 5.76%, 0, 0, 2, 31.58
1747817869, 0, 2, 348, 347, 11, 5.76%, 0, 0, 2, 31.38
1747817874, 0, 2, 354, 353, 11, 5.76%, 0, 0, 2, 31.22
1747817879, 0, 2, 361, 360, 11, 5.76%, 0, 0, 2, 30.29
1747817884, 0, 2, 366, 365, 11, 5.76%, 0, 0, 2, 31.49
1747817889, 0, 2, 368, 367, 11, 5.76%, 0, 0, 2, 32.08
1747817894, 0, 2, 371, 370, 11, 5.76%, 0, 0, 2, 31.20
1747817899, 0, 2, 374, 373, 11, 5.76%, 0, 0, 2, 31.64
1747817904, 0, 2, 375, 374, 11, 5.76%, 0, 0, 2, 31.76
1747817910, 0, 2, 376, 375, 11, 5.76%, 0, 0, 2, 32.12
1747817915, 0, 2, 377, 376, 11, 5.77%, 0, 0, 2, 32.55
1747817920, 0, 2, 378, 377, 11, 5.77%, 0, 0, 2, 32.21
1747817925, 0, 2, 380, 379, 11, 5.77%, 0, 0, 2, 32.23
1747817930, 0, 2, 384, 383, 11, 5.77%, 0, 0, 2, 30.92
1747817936, 0, 2, 386, 385, 11, 5.77%, 0, 0, 2, 31.93
1747817941, 0, 2, 390, 389, 11, 5.77%, 0, 0, 2, 31.26
1747817956, 0, 2, 391, 390, 11, 5.77%, 0, 0, 2, 32.56
1747817961, 0, 2, 392, 391, 11, 5.77%, 0, 0, 2, 32.24
1747817967, 0, 2, 395, 394, 11, 5.77%, 0, 0, 2, 31.53
1747817972, 0, 2, 397, 396, 11, 5.77%, 0, 0, 2, 31.04
1747817977, 0, 2, 400, 399, 11, 5.77%, 0, 0, 2, 31.63
1747817982, 0, 2, 401, 400, 11, 5.77%, 0, 0, 2, 32.00
1747817987, 0, 2, 402, 401, 11, 5.77%, 0, 0, 2, 31.52
1747817992, 0, 3, 413, 412, 15, 5.77%, 0, 0, 2, 26.27
1747817997, 0, 3, 424, 423, 15, 5.77%, 0, 0, 2, 24.12
1747818002, 0, 3, 433, 432, 15, 5.77%, 0, 0, 2, 24.31
1747818007, 0, 3, 441, 440, 15, 5.78%, 0, 0, 2, 24.14
1747818013, 0, 3, 449, 448, 15, 5.78%, 0, 0, 2, 24.24
1747818018, 0, 3, 455, 454, 15, 5.78%, 0, 0, 2, 24.13
1747818023, 0, 3, 462, 461, 15, 5.78%, 0, 0, 2, 23.53
1747818028, 0, 3, 469, 468, 15, 5.79%, 0, 0, 2, 24.35
1747818033, 0, 3, 474, 473, 15, 5.79%, 0, 0, 2, 23.72
1747818038, 0, 3, 480, 479, 15, 5.79%, 0, 0, 2, 23.91
1747818043, 0, 3, 482, 481, 15, 5.79%, 0, 0, 2, 24.53
1747818048, 0, 3, 484, 483, 15, 5.79%, 0, 0, 2, 24.56
1747818053, 0, 3, 487, 486, 15, 5.79%, 0, 0, 2, 23.86
1747818059, 0, 3, 491, 490, 15, 5.88%, 0, 0, 2, 23.37
1747818064, 0, 3, 493, 492, 15, 5.88%, 0, 0, 2, 24.21
1747818069, 0, 3, 496, 495, 15, 5.88%, 0, 0, 2, 24.42
1747818074, 0, 3, 500, 499, 15, 5.88%, 0, 0, 2, 23.78
1747818079, 0, 3, 502, 501, 15, 5.88%, 0, 0, 2, 24.24
1747818084, 0, 3, 506, 505, 15, 5.88%, 0, 0, 2, 24.28
1747818089, 0, 3, 508, 507, 15, 5.88%, 0, 0, 2, 24.28
1747818094, 0, 3, 511, 510, 15, 5.88%, 0, 0, 2, 24.45
1747818100, 0, 3, 516, 515, 15, 5.88%, 0, 0, 2, 23.11
1747818105, 0, 3, 520, 519, 15, 5.88%, 0, 0, 2, 24.07
1747818110, 0, 3, 525, 524, 15, 5.88%, 0, 0, 2, 23.62
1747818115, 0, 3, 527, 526, 15, 5.88%, 0, 0, 2, 24.27
1747818120, 0, 3, 531, 530, 15, 5.88%, 0, 0, 2, 23.26
1747818125, 0, 3, 533, 532, 15, 5.88%, 0, 0, 2, 23.72
1747818130, 0, 3, 534, 533, 15, 5.88%, 0, 0, 2, 24.51
1747818135, 0, 3, 535, 534, 15, 5.88%, 0, 0, 2, 24.56
1747818146, 0, 3, 536, 535, 15, 5.88%, 0, 0, 2, 24.60
1747818151, 0, 3, 538, 537, 15, 5.88%, 0, 0, 2, 24.57
1747818156, 0, 3, 539, 538, 15, 5.88%, 0, 0, 2, 24.39
1747818166, 0, 3, 540, 539, 15, 5.88%, 0, 0, 2, 24.63
1747818171, 0, 3, 541, 540, 15, 5.88%, 0, 0, 2, 24.58
1747818177, 0, 3, 543, 542, 15, 5.88%, 0, 0, 2, 24.75
1747818187, 0, 3, 544, 543, 15, 5.88%, 0, 0, 2, 24.55
1747818192, 0, 3, 547, 546, 15, 5.88%, 0, 0, 2, 24.66
1747818197, 0, 3, 550, 549, 15, 5.88%, 0, 0, 2, 24.51
1747818202, 0, 3, 552, 551, 15, 5.88%, 0, 0, 2, 24.22
1747818207, 0, 3, 554, 553, 15, 5.88%, 0, 0, 2, 24.32
1747818212, 0, 5, 556, 555, 11, 5.89%, 0, 0, 2, 23.13
1747818217, 0, 5, 558, 557, 11, 5.89%, 0, 0, 2, 22.66
1747818223, 0, 5, 560, 559, 11, 5.89%, 0, 0, 2, 22.79
1747818228, 0, 5, 562, 561, 11, 5.89%, 0, 0, 2, 32.82
1747818233, 0, 5, 566, 565, 11, 5.89%, 0, 0, 2, 36.70
1747818238, 0, 5, 572, 571, 11, 5.93%, 0, 0, 2, 36.69
1747818243, 0, 5, 577, 576, 11, 5.93%, 0, 0, 2, 37.81
1747818248, 0, 5, 580, 579, 11, 5.93%, 0, 0, 2, 38.70
1747818253, 0, 5, 582, 581, 11, 5.93%, 0, 0, 2, 39.04
1747818258, 0, 5, 585, 584, 11, 5.93%, 0, 0, 2, 38.89
1747818263, 0, 5, 587, 586, 11, 5.93%, 0, 0, 2, 39.04
1747818268, 0, 5, 589, 588, 11, 5.93%, 0, 0, 2, 39.04
1747818273, 0, 5, 591, 590, 11, 5.93%, 0, 0, 2, 39.25
1747818278, 0, 5, 593, 592, 11, 5.93%, 0, 0, 2, 38.84
1747818284, 0, 5, 597, 596, 11, 5.93%, 0, 0, 2, 38.59
1747818289, 0, 5, 599, 598, 11, 5.93%, 0, 0, 2, 39.07
1747818294, 0, 5, 601, 600, 11, 5.93%, 0, 0, 2, 38.94
1747818299, 0, 5, 602, 601, 11, 5.93%, 0, 0, 2, 39.36
1747818304, 0, 5, 605, 604, 11, 5.93%, 0, 0, 2, 38.57
1747818309, 0, 5, 606, 605, 11, 5.93%, 0, 0, 2, 38.88
1747818314, 0, 5, 607, 606, 11, 5.93%, 0, 0, 2, 39.13
1747818319, 0, 5, 608, 607, 11, 5.93%, 0, 0, 2, 39.49
1747818324, 0, 5, 609, 608, 11, 5.93%, 0, 0, 2, 39.31
1747818334, 0, 6, 619, 618, 11, 6.00%, 0, 0, 2, 33.46
1747818339, 0, 6, 633, 632, 11, 6.05%, 0, 0, 2, 30.27
1747818344, 0, 6, 647, 646, 11, 6.05%, 0, 0, 2, 29.65
1747818350, 0, 6, 660, 659, 11, 6.05%, 0, 0, 2, 29.53
1747818355, 0, 6, 672, 671, 11, 6.06%, 0, 0, 2, 29.27
1747818360, 0, 6, 683, 682, 11, 6.06%, 0, 0, 2, 28.96
1747818365, 0, 6, 690, 689, 11, 6.06%, 0, 0, 2, 29.70
1747818370, 0, 6, 699, 698, 11, 6.06%, 0, 0, 2, 30.03
1747818375, 0, 6, 705, 704, 11, 6.06%, 0, 0, 2, 30.19
1747818380, 0, 6, 711, 710, 11, 6.39%, 0, 0, 2, 30.31
1747818385, 0, 6, 718, 717, 11, 6.39%, 0, 0, 2, 30.16
1747818390, 0, 6, 723, 722, 11, 6.39%, 0, 0, 2, 30.26
1747818395, 0, 6, 724, 723, 11, 6.39%, 0, 0, 2, 30.58
1747818401, 0, 6, 727, 726, 11, 6.39%, 0, 0, 2, 30.06
1747818406, 0, 6, 730, 729, 11, 6.39%, 0, 0, 2, 29.92
1747818411, 0, 6, 732, 731, 11, 6.39%, 0, 0, 2, 30.16
1747818416, 0, 6, 735, 734, 11, 6.39%, 0, 0, 2, 29.87
1747818421, 0, 6, 738, 737, 11, 6.39%, 0, 0, 2, 30.03
1747818426, 0, 6, 741, 740, 11, 6.39%, 0, 0, 2, 29.96
1747818431, 0, 6, 742, 741, 11, 6.39%, 0, 0, 2, 30.18
1747818436, 0, 6, 744, 743, 11, 6.39%, 0, 0, 2, 30.01
1747818446, 0, 6, 745, 744, 11, 6.39%, 0, 0, 2, 30.56
1747818451, 0, 6, 748, 747, 11, 6.39%, 0, 0, 2, 30.82
1747818456, 0, 6, 750, 749, 11, 6.39%, 0, 0, 2, 30.06
1747818461, 0, 6, 752, 751, 11, 6.39%, 0, 0, 2, 30.33
1747818467, 0, 6, 756, 755, 11, 6.39%, 0, 0, 2, 29.75
1747818472, 0, 6, 758, 757, 11, 6.39%, 0, 0, 2, 30.35
1747818477, 0, 6, 760, 759, 11, 6.39%, 0, 0, 2, 30.20
1747818492, 0, 6, 761, 760, 11, 6.39%, 0, 0, 2, 30.60
1747818497, 0, 6, 762, 761, 11, 6.39%, 0, 0, 2, 30.36
1747818502, 0, 6, 763, 762, 11, 6.39%, 0, 0, 2, 30.40
1747818512, 0, 8, 769, 768, 11, 6.39%, 0, 0, 2, 27.85
1747818517, 0, 8, 774, 773, 11, 6.39%, 0, 0, 2, 27.79
1747818523, 0, 8, 778, 777, 11, 6.39%, 0, 0, 2, 27.98
1747818528, 0, 8, 785, 784, 11, 6.41%, 0, 0, 2, 26.65
1747818533, 0, 8, 788, 787, 11, 6.41%, 0, 0, 2, 28.05
1747818538, 0, 8, 791, 790, 11, 6.51%, 0, 0, 2, 27.19
1747818543, 0, 8, 794, 793, 11, 6.51%, 0, 0, 2, 27.58
1747818548, 0, 8, 796, 795, 11, 6.51%, 0, 0, 2, 27.38
1747818553, 0, 8, 800, 799, 11, 6.51%, 0, 0, 2, 27.27
1747818558, 0, 8, 801, 800, 11, 6.51%, 0, 0, 2, 27.78
1747818563, 0, 8, 802, 801, 11, 6.51%, 0, 0, 2, 27.69
1747818569, 0, 8, 805, 804, 11, 6.51%, 0, 0, 2, 27.22
1747818574, 0, 8, 809, 808, 11, 6.51%, 0, 0, 2, 27.20
1747818579, 0, 8, 812, 811, 11, 6.51%, 0, 0, 2, 27.77
1747818584, 0, 8, 814, 813, 11, 6.51%, 0, 0, 2, 28.00
1747818594, 0, 8, 819, 818, 11, 6.51%, 0, 0, 2, 26.52
1747818599, 0, 8, 821, 820, 11, 6.51%, 0, 0, 2, 27.12
1747818604, 0, 8, 823, 822, 11, 6.51%, 0, 0, 2, 27.31
1747818615, 0, 8, 824, 823, 11, 6.51%, 0, 0, 2, 28.13
1747818620, 0, 8, 826, 825, 11, 6.51%, 0, 0, 2, 27.86
1747818635, 0, 8, 828, 827, 11, 6.51%, 0, 0, 2, 27.72
1747818640, 0, 8, 829, 828, 11, 6.51%, 0, 0, 2, 28.30
1747818646, 0, 8, 830, 829, 11, 6.51%, 0, 0, 2, 27.99
1747818651, 0, 8, 832, 831, 11, 6.51%, 0, 0, 2, 27.80
1747818656, 0, 8, 833, 832, 11, 6.51%, 0, 0, 2, 28.42
1747818661, 0, 8, 835, 834, 11, 6.51%, 0, 0, 2, 28.02
1747818671, 0, 8, 836, 835, 11, 6.51%, 0, 0, 2, 27.88
1747818681, 0, 9, 838, 837, 12, 6.51%, 0, 0, 2, 27.87
1747818687, 0, 9, 841, 840, 12, 6.51%, 0, 0, 2, 27.65
1747818692, 0, 9, 842, 841, 12, 6.51%, 0, 0, 2, 28.09
1747818697, 0, 9, 845, 844, 12, 6.63%, 0, 0, 2, 27.50
1747818702, 0, 9, 848, 847, 12, 6.63%, 0, 0, 2, 27.51
1747818707, 0, 9, 850, 849, 12, 6.63%, 0, 0, 2, 27.59
1747818712, 0, 9, 853, 852, 12, 6.69%, 0, 0, 2, 26.76
1747818723, 0, 9, 854, 853, 12, 6.69%, 0, 0, 2, 27.42
1747818728, 0, 9, 855, 854, 12, 6.69%, 0, 0, 2, 27.33
1747818733, 0, 9, 859, 858, 12, 6.69%, 0, 0, 2, 26.56
1747818748, 0, 9, 860, 859, 12, 6.69%, 0, 0, 2, 27.73
1747818758, 0, 9, 861, 860, 12, 6.69%, 0, 0, 2, 27.73
1747818768, 0, 9, 862, 861, 12, 6.69%, 0, 0, 2, 27.37
1747818774, 0, 9, 863, 862, 12, 6.69%, 0, 0, 2, 27.67
1747818779, 0, 9, 864, 863, 12, 6.69%, 0, 0, 2, 26.84
1747818784, 0, 9, 865, 864, 12, 6.69%, 0, 0, 2, 27.34
1747818789, 0, 9, 866, 865, 12, 6.69%, 0, 0, 2, 27.11
1747818794, 0, 9, 867, 866, 12, 6.69%, 0, 0, 2, 27.44
1747818799, 0, 9, 868, 867, 12, 6.69%, 0, 0, 2, 27.70
1747818804, 0, 9, 869, 868, 12, 6.69%, 0, 0, 2, 27.72
1747818835, 0, 9, 871, 870, 12, 6.69%, 0, 0, 2, 27.46
1747818840, 0, 11, 873, 872, 12, 6.69%, 0, 0, 2, 26.89
1747818845, 0, 11, 874, 873, 12, 6.72%, 0, 0, 2, 26.69
1747818850, 0, 11, 877, 876, 12, 6.72%, 0, 0, 2, 26.92
1747818855, 0, 11, 878, 877, 12, 6.72%, 0, 0, 2, 27.50
1747818860, 0, 11, 879, 878, 12, 6.72%, 0, 0, 2, 26.47
1747818865, 0, 11, 881, 880, 12, 6.72%, 0, 0, 2, 26.63
1747818871, 0, 11, 882, 881, 12, 6.72%, 0, 0, 2, 26.71
1747818876, 0, 11, 883, 882, 12, 6.72%, 0, 0, 2, 26.65
1747818886, 0, 11, 884, 883, 12, 6.72%, 0, 0, 2, 26.32
1747818896, 0, 11, 885, 884, 12, 6.72%, 0, 0, 2, 26.47
1747818901, 0, 11, 886, 885, 12, 6.72%, 0, 0, 2, 27.01
1747818906, 0, 11, 887, 886, 12, 6.72%, 0, 0, 2, 27.34
1747818922, 0, 11, 888, 887, 12, 6.72%, 0, 0, 2, 27.64
1747818927, 0, 11, 889, 888, 12, 6.72%, 0, 0, 2, 27.44
1747818942, 0, 11, 892, 891, 12, 6.72%, 0, 0, 2, 26.87
1747818947, 0, 11, 894, 893, 12, 6.73%, 0, 0, 2, 26.58
1747818952, 0, 11, 896, 895, 12, 6.73%, 0, 0, 2, 26.74
1747818962, 0, 11, 897, 896, 12, 6.73%, 0, 0, 2, 26.49
1747818967, 0, 11, 898, 897, 12, 6.73%, 0, 0, 2, 26.24
1747818973, 0, 11, 899, 898, 12, 6.73%, 0, 0, 2, 26.60
1747818983, 0, 11, 901, 900, 12, 6.73%, 0, 0, 2, 27.01
1747818988, 0, 11, 902, 901, 12, 6.73%, 0, 0, 2, 26.91
1747818993, 0, 11, 905, 904, 12, 6.73%, 0, 0, 2, 26.08
1747819003, 0, 13, 906, 905, 15, 6.73%, 0, 0, 2, 26.44
1747819008, 0, 13, 907, 906, 15, 6.75%, 0, 0, 2, 26.50
1747819018, 0, 13, 908, 907, 15, 6.75%, 0, 0, 2, 26.58
1747819038, 0, 13, 910, 909, 15, 6.75%, 0, 0, 2, 25.72
1747819074, 0, 13, 911, 910, 15, 6.75%, 0, 0, 2, 27.26
1747819079, 0, 13, 912, 911, 15, 6.75%, 0, 0, 2, 26.97
1747819089, 0, 13, 913, 912, 15, 6.75%, 0, 0, 2, 26.80
1747819105, 0, 13, 914, 913, 15, 6.77%, 0, 0, 2, 26.26
1747819110, 0, 13, 915, 914, 15, 6.77%, 0, 0, 2, 26.25
1747819130, 0, 13, 916, 915, 15, 6.77%, 0, 0, 2, 27.12
1747819140, 0, 13, 917, 916, 15, 6.77%, 0, 0, 2, 26.31
1747819155, 0, 15, 917, 916, 17, 6.77%, 0, 0, 2, 27.53
1747819160, 0, 15, 918, 917, 17, 6.77%, 0, 0, 2, 27.75
1747819165, 0, 16, 918, 917, 17, 6.77%, 0, 0, 2, 27.67
1747819170, 0, 18, 918, 917, 17, 6.77%, 0, 0, 2, 27.46
1747819175, 0, 18, 920, 919, 17, 6.77%, 0, 0, 2, 26.45
1747819181, 0, 18, 922, 921, 17, 6.77%, 0, 0, 2, 26.20
1747819191, 0, 18, 924, 923, 17, 6.77%, 0, 0, 2, 26.87
1747819211, 0, 18, 925, 924, 17, 6.77%, 0, 0, 2, 26.67
1747819236, 0, 18, 926, 925, 17, 6.77%, 0, 0, 2, 26.86
1747819262, 0, 18, 927, 926, 17, 6.77%, 0, 0, 2, 26.59
1747819292, 0, 18, 928, 927, 17, 6.77%, 0, 0, 2, 27.54
1747819307, 0, 18, 929, 928, 17, 6.77%, 0, 0, 2, 26.85
1747819328, 0, 19, 933, 932, 17, 6.80%, 0, 0, 2, 25.53
1747819338, 0, 19, 935, 934, 17, 6.80%, 0, 0, 2, 26.42
1747819343, 0, 19, 936, 935, 17, 6.80%, 0, 0, 2, 27.25
1747819348, 0, 19, 938, 937, 17, 6.80%, 0, 0, 2, 26.49
1747819358, 0, 19, 939, 938, 17, 6.80%, 0, 0, 2, 26.75
1747819368, 0, 19, 940, 939, 17, 6.80%, 0, 0, 2, 27.39
1747819374, 0, 19, 941, 940, 17, 6.80%, 0, 0, 2, 26.90
1747819409, 0, 19, 942, 941, 17, 6.80%, 0, 0, 2, 26.85
1747819414, 0, 19, 943, 942, 17, 6.97%, 0, 0, 2, 26.63
1747819424, 0, 19, 944, 943, 17, 6.97%, 0, 0, 2, 26.44
1747819444, 0, 19, 945, 944, 17, 6.97%, 0, 0, 2, 26.05
1747819450, 0, 19, 946, 945, 17, 6.97%, 0, 0, 2, 26.27
1747819485, 0, 20, 951, 950, 18, 6.98%, 0, 0, 2, 24.41
1747819490, 0, 20, 957, 956, 18, 6.98%, 0, 0, 2, 24.75
1747819495, 0, 20, 960, 959, 18, 6.98%, 0, 0, 2, 25.27
1747819501, 0, 20, 964, 963, 18, 6.99%, 0, 0, 2, 26.00
1747819506, 0, 20, 967, 966, 18, 6.99%, 0, 0, 2, 25.31
1747819511, 0, 20, 968, 967, 18, 6.99%, 0, 0, 2, 26.57
1747819516, 0, 20, 969, 968, 18, 6.99%, 0, 0, 2, 26.99
1747819521, 0, 20, 970, 969, 18, 6.99%, 0, 0, 2, 26.74
1747819531, 0, 20, 971, 970, 18, 6.99%, 0, 0, 2, 26.75
1747819541, 0, 20, 972, 971, 18, 6.99%, 0, 0, 2, 26.69
1747819551, 0, 20, 973, 972, 18, 6.99%, 0, 0, 2, 26.45
1747819557, 0, 20, 974, 973, 18, 6.99%, 0, 0, 2, 26.58
1747819562, 0, 20, 976, 975, 18, 6.99%, 0, 0, 2, 26.70
1747819587, 0, 20, 977, 976, 18, 6.99%, 0, 0, 2, 25.36
1747819602, 0, 20, 978, 977, 18, 6.99%, 0, 0, 2, 26.15
1747819648, 0, 23, 979, 978, 18, 6.99%, 0, 0, 2, 26.21
1747819653, 0, 23, 980, 979, 18, 6.99%, 0, 0, 2, 26.20
1747819658, 0, 23, 981, 980, 18, 6.99%, 0, 0, 2, 25.61
1747819668, 0, 23, 983, 982, 18, 6.99%, 0, 0, 2, 25.70
1747819684, 0, 23, 984, 983, 18, 7.00%, 0, 0, 2, 25.06
1747819689, 0, 23, 985, 984, 18, 7.00%, 0, 0, 2, 25.99
1747819699, 0, 23, 986, 985, 18, 7.00%, 0, 0, 2, 25.36
1747819704, 0, 23, 988, 987, 18, 7.00%, 0, 0, 2, 24.89
1747819709, 0, 23, 989, 988, 18, 7.00%, 0, 0, 2, 24.74
1747819720, 0, 23, 991, 990, 18, 7.00%, 0, 0, 2, 15.04
1747819740, 0, 23, 992, 991, 18, 7.00%, 0, 0, 2, 14.54
1747819751, 0, 23, 993, 992, 18, 7.00%, 0, 0, 2, 15.49
1747819761, 0, 23, 994, 993, 18, 7.00%, 0, 0, 2, 14.50
1747819776, 0, 23, 996, 995, 18, 7.00%, 0, 0, 2, 15.16
1747819796, 0, 23, 997, 996, 18, 7.00%, 0, 0, 2, 24.33
1747819817, 0, 23, 1000, 999, 18, 7.00%, 0, 0, 2, 24.39
1747819822, 0, 23, 1001, 1000, 18, 7.00%, 0, 0, 2, 25.35
1747819847, 0, 24, 1001, 1000, 19, 7.00%, 0, 0, 2, 26.00
1747819852, 0, 24, 1002, 1001, 19, 7.00%, 0, 0, 2, 25.88
1747819857, 0, 24, 1003, 1002, 19, 7.00%, 0, 0, 2, 25.81
1747819868, 0, 26, 1003, 1002, 19, 7.00%, 0, 0, 2, 26.76
1747819873, 0, 27, 1007, 1006, 19, 7.00%, 0, 0, 2, 24.55
1747819878, 0, 27, 1009, 1008, 19, 7.00%, 0, 0, 2, 24.38
1747819893, 0, 27, 1010, 1009, 19, 7.02%, 0, 0, 2, 26.02
1747819898, 0, 27, 1011, 1010, 19, 7.02%, 0, 0, 2, 26.04
1747819919, 0, 27, 1014, 1013, 19, 7.02%, 0, 0, 2, 23.56
1747819924, 0, 27, 1015, 1014, 19, 7.02%, 0, 0, 2, 24.03
1747819939, 0, 27, 1016, 1015, 19, 7.02%, 0, 0, 2, 24.51
1747819954, 0, 27, 1017, 1016, 19, 7.02%, 0, 0, 2, 23.87
1747819980, 0, 27, 1019, 1018, 19, 7.02%, 0, 0, 2, 23.59
1747819990, 0, 27, 1020, 1019, 19, 7.02%, 0, 0, 2, 24.55
1747820005, 0, 27, 1021, 1020, 19, 7.02%, 0, 0, 2, 24.67
1747820031, 0, 27, 1022, 1021, 19, 7.02%, 0, 0, 2, 23.88
1747820036, 0, 27, 1023, 1022, 19, 7.02%, 0, 0, 2, 24.13
1747820046, 0, 28, 1024, 1023, 19, 7.02%, 0, 0, 2, 26.03
1747820056, 0, 29, 1024, 1023, 19, 7.02%, 0, 0, 2, 25.72
1747820061, 0, 30, 1028, 1027, 19, 7.02%, 0, 0, 2, 23.34
1747820066, 0, 30, 1031, 1030, 19, 7.02%, 0, 0, 2, 23.51
1747820076, 0, 30, 1032, 1031, 19, 7.02%, 0, 0, 2, 25.07
1747820107, 0, 30, 1033, 1032, 19, 7.02%, 0, 0, 2, 25.07
1747820112, 0, 30, 1034, 1033, 19, 7.02%, 0, 0, 2, 25.24
1747820132, 0, 30, 1035, 1034, 19, 7.02%, 0, 0, 2, 24.30
1747820224, 0, 30, 1036, 1035, 19, 7.02%, 0, 0, 2, 24.62
1747820229, 0, 31, 1036, 1035, 19, 7.02%, 0, 0, 2, 26.71
1747820234, 0, 32, 1036, 1035, 19, 7.02%, 0, 0, 2, 26.02
1747820239, 0, 33, 1036, 1035, 19, 7.02%, 0, 0, 2, 27.21
1747820244, 0, 36, 1036, 1035, 19, 7.02%, 0, 0, 2, 25.80
1747820249, 0, 37, 1036, 1035, 19, 7.02%, 0, 0, 2, 25.81
1747820255, 0, 37, 1042, 1041, 19, 7.02%, 0, 0, 2, 21.98
1747820260, 0, 37, 1044, 1043, 19, 7.02%, 0, 0, 2, 23.74
1747820265, 0, 37, 1045, 1044, 19, 7.02%, 0, 0, 2, 23.84
1747820280, 0, 37, 1046, 1045, 19, 7.02%, 0, 0, 2, 24.42
1747820285, 0, 37, 1047, 1046, 19, 7.02%, 0, 0, 2, 24.32
1747820290, 0, 37, 1048, 1047, 19, 7.02%, 0, 0, 2, 23.54
1747820296, 0, 37, 1050, 1049, 19, 7.03%, 0, 0, 2, 23.30
1747820301, 0, 37, 1051, 1050, 19, 7.03%, 0, 0, 2, 24.61
1747820311, 0, 37, 1052, 1051, 19, 7.03%, 0, 0, 2, 25.61
1747820326, 0, 37, 1053, 1052, 19, 7.03%, 0, 0, 2, 16.57
1747820358, 0, 37, 1054, 1053, 19, 7.03%, 0, 0, 2, 14.89
1747820368, 0, 37, 1055, 1054, 19, 7.03%, 0, 0, 2, 14.04
1747820378, 0, 37, 1056, 1055, 19, 7.03%, 0, 0, 2, 14.01
1747820444, 0, 37, 1057, 1056, 19, 7.03%, 0, 0, 2, 24.47
1747820460, 0, 38, 1058, 1057, 19, 7.03%, 0, 0, 2, 25.08
1747820470, 0, 39, 1061, 1060, 19, 7.03%, 0, 0, 2, 23.38
1747820475, 0, 39, 1063, 1062, 19, 7.03%, 0, 0, 2, 23.38
1747820480, 0, 39, 1064, 1063, 19, 7.03%, 0, 0, 2, 22.79
1747820485, 0, 39, 1065, 1064, 19, 7.03%, 0, 0, 2, 22.93
1747820491, 0, 39, 1066, 1065, 19, 7.03%, 0, 0, 2, 24.15
1747820496, 0, 39, 1067, 1066, 19, 7.03%, 0, 0, 2, 23.39
1747820501, 0, 39, 1068, 1067, 19, 7.03%, 0, 0, 2, 22.99
1747820506, 0, 39, 1069, 1068, 19, 7.03%, 0, 0, 2, 23.14
1747820511, 0, 39, 1071, 1070, 19, 7.03%, 0, 0, 2, 23.53
1747820516, 0, 39, 1072, 1071, 19, 7.03%, 0, 0, 2, 23.55
1747820521, 0, 39, 1073, 1072, 19, 7.03%, 0, 0, 2, 23.70
1747820532, 0, 39, 1074, 1073, 19, 7.03%, 0, 0, 2, 23.87
1747820537, 0, 39, 1075, 1074, 19, 7.03%, 0, 0, 2, 23.23
1747820567, 0, 39, 1076, 1075, 19, 7.03%, 0, 0, 2, 22.78
1747820593, 0, 39, 1077, 1076, 19, 7.03%, 0, 0, 2, 24.13
1747820618, 0, 39, 1078, 1077, 19, 7.03%, 0, 0, 2, 23.74
1747820649, 0, 41, 1080, 1079, 19, 7.03%, 0, 0, 2, 22.18
1747820659, 0, 41, 1081, 1080, 19, 7.03%, 0, 0, 2, 22.51
1747820669, 0, 41, 1082, 1081, 19, 7.03%, 0, 0, 2, 24.47
1747820674, 0, 41, 1083, 1082, 19, 7.03%, 0, 0, 2, 22.72
1747820679, 0, 41, 1084, 1083, 19, 7.03%, 0, 0, 2, 23.30
1747820684, 0, 41, 1086, 1085, 19, 7.03%, 0, 0, 2, 23.92
1747820721, 0, 41, 1087, 1086, 19, 7.03%, 0, 0, 2, 23.77
1747820797, 0, 41, 1088, 1087, 19, 7.04%, 0, 0, 2, 23.10
1747820808, 0, 41, 1089, 1088, 19, 7.04%, 0, 0, 2, 23.72
1747820818, 0, 41, 1090, 1089, 19, 7.04%, 0, 0, 2, 23.55
1747820823, 0, 42, 1090, 1089, 19, 7.04%, 0, 0, 2, 23.53
1747820828, 0, 43, 1091, 1090, 19, 7.04%, 0, 0, 2, 24.92
1747820833, 0, 43, 1094, 1093, 19, 7.04%, 0, 0, 2, 23.18
1747820838, 0, 43, 1097, 1096, 19, 7.04%, 0, 0, 2, 22.30
1747820848, 0, 43, 1100, 1099, 19, 7.04%, 0, 0, 2, 23.10
1747820854, 0, 43, 1102, 1101, 19, 7.04%, 0, 0, 2, 22.95
1747820874, 0, 43, 1103, 1102, 19, 7.04%, 0, 0, 2, 23.51
1747820899, 0, 43, 1104, 1103, 19, 7.04%, 0, 0, 2, 22.89
1747820945, 0, 43, 1105, 1104, 19, 7.04%, 0, 0, 2, 22.70
1747820971, 0, 43, 1106, 1105, 19, 7.04%, 0, 0, 2, 22.91
1747821007, 0, 44, 1106, 1105, 19, 7.04%, 0, 0, 2, 26.06
1747821012, 0, 45, 1106, 1105, 19, 7.04%, 0, 0, 2, 25.24
1747821017, 0, 46, 1106, 1105, 19, 7.04%, 0, 0, 2, 24.54
1747821022, 0, 49, 1106, 1105, 19, 7.04%, 0, 0, 2, 25.08
1747821027, 0, 50, 1106, 1105, 19, 7.04%, 0, 0, 2, 23.63
1747821032, 0, 52, 1106, 1105, 19, 7.04%, 0, 0, 2, 23.39
1747821037, 0, 52, 1109, 1108, 19, 7.04%, 0, 0, 2, 19.69
1747821048, 0, 52, 1110, 1109, 19, 7.04%, 0, 0, 2, 22.05
1747821053, 0, 52, 1112, 1111, 19, 7.04%, 0, 0, 2, 20.99
1747821058, 0, 52, 1113, 1112, 19, 7.04%, 0, 0, 2, 22.44
1747821063, 0, 52, 1114, 1113, 19, 7.04%, 0, 0, 2, 21.22
1747821068, 0, 52, 1115, 1114, 19, 7.04%, 0, 0, 2, 21.21
1747821073, 0, 52, 1116, 1115, 19, 7.04%, 0, 0, 2, 22.12
1747821078, 0, 52, 1117, 1116, 19, 7.04%, 0, 0, 2, 21.13
1747821088, 0, 52, 1118, 1117, 19, 7.04%, 0, 0, 2, 22.81
1747821109, 0, 52, 1119, 1118, 19, 7.04%, 0, 0, 2, 23.61
1747821129, 0, 52, 1120, 1119, 19, 7.04%, 0, 0, 2, 23.45
1747821139, 0, 52, 1121, 1120, 19, 7.04%, 0, 0, 2, 22.50
1747821160, 0, 52, 1122, 1121, 19, 7.04%, 0, 0, 2, 21.90
1747821221, 0, 53, 1122, 1121, 19, 7.04%, 0, 0, 2, 24.39
1747821226, 0, 54, 1122, 1121, 19, 7.04%, 0, 0, 2, 26.63
1747821231, 0, 55, 1123, 1122, 19, 7.04%, 0, 0, 2, 23.96
1747821237, 0, 55, 1124, 1123, 19, 7.04%, 0, 0, 2, 21.45
1747821242, 0, 55, 1126, 1125, 19, 7.04%, 0, 0, 2, 20.48
1747821323, 0, 56, 1126, 1125, 19, 7.04%, 0, 0, 2, 24.58
1747821328, 0, 57, 1126, 1125, 19, 7.04%, 0, 0, 2, 26.41
1747821333, 0, 58, 1126, 1125, 19, 7.04%, 0, 0, 2, 27.40
1747821338, 0, 59, 1127, 1126, 19, 7.04%, 0, 0, 2, 23.49
1747821344, 0, 59, 1128, 1127, 19, 7.04%, 0, 0, 2, 21.07
1747821349, 0, 59, 1129, 1128, 19, 7.04%, 0, 0, 2, 21.14
1747821369, 0, 59, 1130, 1129, 19, 7.04%, 0, 0, 2, 21.60
1747821430, 0, 59, 1131, 1130, 19, 7.04%, 0, 0, 2, 21.57
1747821476, 0, 59, 1132, 1131, 19, 7.04%, 0, 0, 2, 21.59
1747821491, 0, 59, 1133, 1132, 19, 7.04%, 0, 0, 2, 22.51
1747821527, 0, 60, 1133, 1132, 19, 7.04%, 0, 0, 2, 15.98
1747821537, 0, 61, 1133, 1132, 19, 7.04%, 0, 0, 2, 15.53
1747821542, 0, 62, 1133, 1132, 19, 7.04%, 0, 0, 2, 15.51
1747821547, 0, 62, 1134, 1133, 19, 7.04%, 0, 0, 2, 22.34
1747821558, 0, 63, 1135, 1134, 19, 7.04%, 0, 0, 2, 20.54
1747821568, 0, 64, 1135, 1134, 19, 7.04%, 0, 0, 2, 23.96
1747821573, 0, 65, 1135, 1134, 19, 7.04%, 0, 0, 2, 26.21
1747821578, 0, 66, 1135, 1134, 19, 7.04%, 0, 0, 2, 24.39
1747821583, 0, 66, 1136, 1135, 19, 7.04%, 0, 0, 2, 21.69
1747821588, 0, 67, 1136, 1135, 19, 7.04%, 0, 0, 2, 22.55
1747821593, 0, 68, 1136, 1135, 19, 7.04%, 0, 0, 2, 26.53
1747821598, 0, 69, 1136, 1135, 19, 7.04%, 0, 0, 2, 27.03
1747821603, 0, 70, 1136, 1135, 19, 7.04%, 0, 0, 2, 26.29
1747821608, 0, 71, 1136, 1135, 19, 7.04%, 0, 0, 2, 25.43
1747821613, 0, 72, 1136, 1135, 19, 7.04%, 0, 0, 2, 26.02
1747821618, 0, 73, 1136, 1135, 19, 7.04%, 0, 0, 2, 26.30
1747821624, 0, 74, 1137, 1136, 19, 7.06%, 0, 0, 2, 22.81
1747821629, 0, 74, 1138, 1137, 19, 7.06%, 0, 0, 2, 21.74
1747821654, 0, 76, 1138, 1137, 20, 7.06%, 0, 0, 2, 14.75
1747821664, 0, 77, 1138, 1137, 20, 7.06%, 0, 0, 2, 15.85
1747821669, 0, 78, 1139, 1138, 20, 7.06%, 0, 0, 2, 13.86
1747821675, 0, 78, 1141, 1140, 20, 7.06%, 0, 0, 2, 11.22
1747821680, 0, 78, 1142, 1141, 20, 7.06%, 0, 0, 2, 11.08
1747821690, 0, 78, 1143, 1142, 20, 7.06%, 0, 0, 2, 11.32
1747821695, 0, 78, 1144, 1143, 20, 7.06%, 0, 0, 2, 11.63
1747821716, 0, 78, 1145, 1144, 20, 7.06%, 0, 0, 2, 12.57
1747821756, 0, 78, 1146, 1145, 20, 7.06%, 0, 0, 2, 11.26
1747821808, 0, 78, 1147, 1146, 20, 7.06%, 0, 0, 2, 11.23
1747821849, 0, 78, 1148, 1147, 20, 7.06%, 0, 0, 2, 12.33
1747821854, 0, 78, 1149, 1148, 20, 7.07%, 0, 0, 2, 12.34
1747821859, 0, 78, 1150, 1149, 20, 7.07%, 0, 0, 2, 11.31
1747821910, 0, 78, 1151, 1150, 20, 7.07%, 0, 0, 2, 11.67
1747821991, 0, 78, 1152, 1151, 20, 7.07%, 0, 0, 2, 12.29
1747822017, 0, 79, 1152, 1151, 20, 7.07%, 0, 0, 2, 13.17
1747822027, 0, 80, 1152, 1151, 20, 7.07%, 0, 0, 2, 13.84
1747822037, 0, 82, 1152, 1151, 20, 7.07%, 0, 0, 2, 15.07
1747822043, 0, 83, 1152, 1151, 20, 7.07%, 0, 0, 2, 15.51
1747822053, 0, 84, 1152, 1151, 20, 7.07%, 0, 0, 2, 14.21
1747822063, 0, 84, 1153, 1152, 20, 7.07%, 0, 0, 2, 13.00
1747822074, 0, 85, 1153, 1152, 20, 7.07%, 0, 0, 2, 14.98
1747822079, 0, 86, 1153, 1152, 20, 7.07%, 0, 0, 2, 16.03
1747822089, 0, 87, 1153, 1152, 20, 7.07%, 0, 0, 2, 15.18
1747822099, 0, 88, 1153, 1152, 20, 7.07%, 0, 0, 2, 12.48
1747822109, 0, 89, 1153, 1152, 20, 7.07%, 0, 0, 2, 14.73
1747822114, 0, 91, 1153, 1152, 20, 7.07%, 0, 0, 2, 15.93
1747822124, 0, 92, 1153, 1152, 20, 7.07%, 0, 0, 2, 15.16
1747822135, 0, 93, 1153, 1152, 20, 7.07%, 0, 0, 2, 14.94
1747822140, 0, 94, 1153, 1152, 20, 7.07%, 0, 0, 2, 15.67
1747822150, 0, 95, 1153, 1152, 20, 7.07%, 0, 0, 2, 13.67
1747822160, 0, 96, 1154, 1153, 20, 7.07%, 0, 0, 2, 15.56
1747822175, 0, 97, 1154, 1153, 20, 7.07%, 0, 0, 2, 15.64
1747822186, 0, 99, 1154, 1153, 20, 7.07%, 0, 0, 2, 14.56
1747822196, 0, 100, 1154, 1153, 20, 7.07%, 0, 0, 2, 15.17
1747822201, 0, 101, 1154, 1153, 20, 7.07%, 0, 0, 2, 15.75
1747822211, 0, 102, 1154, 1153, 20, 7.07%, 0, 0, 2, 14.07
1747822216, 0, 102, 1155, 1154, 20, 7.07%, 0, 0, 2, 13.04
1747822222, 0, 102, 1156, 1155, 20, 7.07%, 0, 0, 2, 11.53
1747822237, 0, 102, 1157, 1156, 20, 7.07%, 0, 0, 2, 11.76
1747822247, 0, 102, 1158, 1157, 20, 7.20%, 0, 0, 2, 12.42
1747822258, 0, 102, 1159, 1158, 20, 7.21%, 0, 0, 2, 11.84
1747822299, 0, 102, 1160, 1159, 20, 7.21%, 0, 0, 2, 11.17
1747822309, 0, 102, 1161, 1160, 20, 7.21%, 0, 0, 2, 11.53
1747822381, 0, 102, 1162, 1161, 20, 7.21%, 0, 0, 2, 12.26
1747822498, 0, 102, 1163, 1162, 20, 7.21%, 0, 0, 2, 11.40
1747822544, 0, 103, 1163, 1162, 21, 7.21%, 0, 0, 2, 13.80
1747822554, 0, 104, 1163, 1162, 21, 7.21%, 0, 0, 2, 15.75
1747822559, 0, 105, 1163, 1162, 21, 7.21%, 0, 0, 2, 16.48
1747822570, 0, 107, 1163, 1162, 21, 7.21%, 0, 0, 2, 15.49
1747822580, 0, 108, 1163, 1162, 21, 7.21%, 0, 0, 2, 16.11
1747822585, 0, 109, 1163, 1162, 21, 7.21%, 0, 0, 2, 16.36
1747822595, 0, 110, 1163, 1162, 21, 7.21%, 0, 0, 2, 13.32
1747822606, 0, 112, 1163, 1162, 21, 7.21%, 0, 0, 2, 14.54
1747822611, 0, 114, 1163, 1162, 21, 7.21%, 0, 0, 2, 15.12
1747822621, 0, 116, 1164, 1163, 21, 7.21%, 0, 0, 2, 12.26
1747822647, 0, 118, 1164, 1163, 21, 7.21%, 0, 0, 2, 13.52
1747822652, 0, 119, 1164, 1163, 21, 7.21%, 0, 0, 2, 22.99
1747822804, 0, 120, 1164, 1162, 20, 7.21%, 0, 0, 2, 22.04
1747822809, 0, 121, 1164, 1162, 20, 7.21%, 0, 0, 2, 16.01
1747822819, 0, 122, 1164, 1162, 20, 7.21%, 0, 0, 2, 13.89
1747822830, 0, 123, 1165, 1163, 20, 7.21%, 0, 0, 3, 11.75
1747822845, 0, 123, 1166, 1164, 20, 7.21%, 0, 0, 3, 10.90
1747822876, 0, 124, 1166, 1164, 21, 7.21%, 0, 0, 3, 14.44
1747822881, 0, 126, 1166, 1164, 21, 7.21%, 0, 0, 3, 15.85
1747822891, 0, 127, 1166, 1164, 21, 7.21%, 0, 0, 3, 16.24
1747822896, 0, 128, 1166, 1164, 21, 7.21%, 0, 0, 3, 16.16
1747822906, 0, 129, 1166, 1164, 21, 7.21%, 0, 0, 3, 14.10
1747822917, 0, 130, 1166, 1164, 21, 7.21%, 0, 0, 3, 14.14
1747822927, 0, 131, 1166, 1164, 21, 7.21%, 0, 0, 3, 16.33
1747822932, 0, 132, 1166, 1164, 21, 7.21%, 0, 0, 3, 16.29
1747822942, 0, 133, 1166, 1164, 21, 7.21%, 0, 0, 3, 15.89
1747822947, 0, 134, 1166, 1164, 21, 7.21%, 0, 0, 3, 15.78
1747822958, 0, 135, 1166, 1164, 21, 7.21%, 0, 0, 3, 16.38
1747822963, 0, 136, 1166, 1164, 21, 7.21%, 0, 0, 3, 16.28
1747822973, 0, 137, 1166, 1164, 21, 7.21%, 0, 0, 3, 16.40
1747822983, 0, 138, 1168, 1166, 21, 7.22%, 0, 0, 3, 12.07
1747822993, 0, 138, 1169, 1167, 21, 7.22%, 0, 0, 3, 12.04
1747823009, 0, 138, 1170, 1168, 21, 7.22%, 0, 0, 3, 10.86
1747823024, 0, 138, 1171, 1169, 21, 7.22%, 0, 0, 3, 11.65
1747823035, 0, 138, 1172, 1170, 21, 7.22%, 0, 0, 3, 11.30
1747823060, 0, 138, 1173, 1171, 21, 7.22%, 0, 0, 3, 11.22
1747823121, 0, 138, 1174, 1172, 21, 7.22%, 0, 0, 3, 11.47
1747823142, 0, 138, 1175, 1173, 21, 7.22%, 0, 0, 3, 11.71
1747823177, 0, 138, 1176, 1174, 21, 7.22%, 0, 0, 3, 11.75
1747823305, 0, 138, 1177, 1175, 21, 7.22%, 0, 0, 3, 11.49
1747823336, 0, 139, 1177, 1175, 20, 7.22%, 0, 0, 3, 12.74
1747823347, 0, 140, 1178, 1176, 20, 7.22%, 0, 0, 3, 15.13
1747823362, 0, 141, 1178, 1176, 20, 7.22%, 0, 0, 3, 16.01
1747823367, 0, 143, 1178, 1176, 20, 7.22%, 0, 0, 3, 15.80
1747823377, 0, 144, 1178, 1176, 20, 7.22%, 0, 0, 3, 16.63
1747823388, 0, 145, 1178, 1176, 20, 7.22%, 0, 0, 3, 14.20
1747823393, 0, 147, 1178, 1176, 20, 7.22%, 0, 0, 3, 13.63
1747823398, 0, 147, 1179, 1177, 20, 7.22%, 0, 0, 3, 11.69
1747823403, 0, 147, 1180, 1178, 20, 7.22%, 0, 0, 3, 10.84
1747823408, 0, 147, 1181, 1179, 20, 7.22%, 0, 0, 3, 10.67
1747823413, 0, 147, 1182, 1180, 20, 7.22%, 0, 0, 3, 10.83
1747823424, 0, 147, 1183, 1181, 20, 7.24%, 0, 0, 3, 11.05
1747823439, 0, 147, 1184, 1182, 20, 7.24%, 0, 0, 3, 11.12
1747823480, 0, 147, 1185, 1183, 20, 7.24%, 0, 0, 3, 12.53
1747823490, 0, 147, 1186, 1184, 20, 7.24%, 0, 0, 3, 12.27
1747823526, 0, 147, 1187, 1185, 20, 7.24%, 0, 0, 3, 11.58
1747823536, 0, 147, 1188, 1186, 20, 7.24%, 0, 0, 3, 11.04
1747823557, 0, 147, 1189, 1187, 20, 7.24%, 0, 0, 3, 11.37
1747823582, 0, 147, 1190, 1188, 20, 7.24%, 0, 0, 3, 10.80
1747823613, 0, 147, 1191, 1189, 20, 7.24%, 0, 0, 3, 11.69
1747823664, 0, 147, 1192, 1190, 20, 7.24%, 0, 0, 3, 11.96
1747823705, 0, 147, 1193, 1191, 20, 7.24%, 0, 0, 3, 12.47
1747823746, 0, 149, 1193, 1191, 21, 7.24%, 0, 0, 3, 12.83
1747823756, 0, 150, 1193, 1191, 21, 7.24%, 0, 0, 3, 16.09
1747823761, 0, 151, 1193, 1191, 21, 7.24%, 0, 0, 3, 15.94
1747823771, 0, 152, 1193, 1191, 21, 7.24%, 0, 0, 3, 16.53
1747823782, 0, 154, 1194, 1192, 21, 7.24%, 0, 0, 3, 13.24
1747823792, 0, 154, 1195, 1193, 21, 7.24%, 0, 0, 3, 12.44
1747823807, 0, 154, 1196, 1194, 21, 7.24%, 0, 0, 3, 12.02
1747823828, 0, 154, 1197, 1195, 21, 7.24%, 0, 0, 3, 11.82
1747823833, 0, 154, 1198, 1196, 21, 7.24%, 0, 0, 3, 11.26
1747823838, 0, 154, 1199, 1197, 21, 7.24%, 0, 0, 3, 12.06
1747823864, 0, 154, 1200, 1198, 21, 7.24%, 0, 0, 3, 10.94
1747823895, 0, 154, 1201, 1199, 21, 7.24%, 0, 0, 3, 10.68
1747823987, 0, 154, 1202, 1200, 21, 7.24%, 0, 0, 3, 12.09
1747824008, 0, 154, 1203, 1201, 21, 7.24%, 0, 0, 3, 10.75
1747824075, 0, 154, 1204, 1202, 21, 7.24%, 0, 0, 3, 11.10
1747824131, 0, 155, 1204, 1202, 21, 7.24%, 0, 0, 3, 15.51
1747824136, 0, 156, 1204, 1202, 21, 7.24%, 0, 0, 3, 14.06
1747824147, 0, 157, 1204, 1202, 21, 7.24%, 0, 0, 3, 13.78
1747824152, 0, 157, 1205, 1203, 21, 7.24%, 0, 0, 3, 15.23
1747824162, 0, 158, 1205, 1203, 21, 7.24%, 0, 0, 3, 16.33
1747824172, 0, 159, 1205, 1203, 21, 7.24%, 0, 0, 3, 12.95
1747824183, 0, 160, 1205, 1203, 21, 7.24%, 0, 0, 3, 11.83
1747824188, 0, 160, 1206, 1204, 21, 7.24%, 0, 0, 3, 12.42
1747824208, 0, 161, 1206, 1204, 21, 7.24%, 0, 0, 3, 13.41
1747824213, 0, 162, 1206, 1204, 21, 7.24%, 0, 0, 3, 14.05
1747824224, 0, 163, 1206, 1204, 21, 7.24%, 0, 0, 3, 12.45
1747824234, 0, 164, 1206, 1204, 21, 7.24%, 0, 0, 3, 15.51
1747824245, 0, 166, 1206, 1204, 21, 7.24%, 0, 0, 3, 16.51
1747824250, 0, 167, 1206, 1204, 21, 7.24%, 0, 0, 3, 16.02
1747824260, 0, 170, 1206, 1204, 21, 7.24%, 0, 0, 3, 16.04
1747824265, 0, 171, 1206, 1204, 21, 7.24%, 0, 0, 3, 14.76
1747824270, 0, 171, 1208, 1206, 21, 7.24%, 0, 0, 3, 10.78
1747824275, 0, 171, 1209, 1207, 21, 7.24%, 0, 0, 3, 10.64
1747824357, 0, 172, 1209, 1207, 21, 7.24%, 0, 0, 3, 14.47
1747824362, 0, 174, 1209, 1207, 21, 7.24%, 0, 0, 3, 15.20
1747824367, 0, 174, 1210, 1208, 21, 7.25%, 0, 0, 3, 11.38
1747824388, 0, 176, 1210, 1208, 22, 7.25%, 0, 0, 3, 15.02
1747824393, 0, 178, 1210, 1208, 22, 7.25%, 0, 0, 3, 15.90
1747824403, 0, 179, 1210, 1208, 22, 7.25%, 0, 0, 3, 16.27
1747824408, 0, 180, 1211, 1209, 22, 7.25%, 0, 0, 3, 14.29
1747824413, 0, 180, 1212, 1210, 22, 7.25%, 0, 0, 3, 12.43
1747824419, 0, 180, 1213, 1211, 22, 7.25%, 0, 0, 3, 12.37
1747824439, 0, 180, 1214, 1212, 22, 7.25%, 0, 0, 3, 11.10
1747824531, 0, 180, 1215, 1213, 22, 7.25%, 0, 0, 3, 11.30
1747824608, 0, 180, 1216, 1214, 22, 7.25%, 0, 0, 3, 11.77
1747824685, 0, 180, 1217, 1215, 22, 7.25%, 0, 0, 3, 10.74
1747824762, 0, 181, 1217, 1215, 20, 7.25%, 0, 0, 3, 11.29
1747824773, 0, 182, 1217, 1215, 20, 7.25%, 0, 0, 3, 11.65
1747824783, 0, 183, 1217, 1215, 20, 7.25%, 0, 0, 3, 12.42
1747824793, 0, 184, 1217, 1215, 20, 7.25%, 0, 0, 3, 15.20
1747824798, 0, 185, 1217, 1215, 20, 7.25%, 0, 0, 3, 15.91
1747824814, 0, 186, 1217, 1215, 20, 7.25%, 0, 0, 3, 11.81
1747824824, 0, 187, 1217, 1215, 20, 7.25%, 0, 0, 3, 12.18
1747824834, 0, 188, 1217, 1215, 20, 7.25%, 0, 0, 3, 15.13
1747824839, 0, 190, 1217, 1215, 20, 7.25%, 0, 0, 3, 14.49
1747824850, 0, 193, 1217, 1215, 20, 7.25%, 0, 0, 3, 12.08
1747824860, 0, 196, 1217, 1215, 20, 7.25%, 0, 0, 3, 13.96
1747824870, 0, 198, 1217, 1215, 20, 7.25%, 0, 0, 3, 14.85
1747824875, 0, 199, 1217, 1215, 20, 7.25%, 0, 0, 3, 15.12
1747824886, 0, 201, 1217, 1215, 20, 7.25%, 0, 0, 3, 12.14
1747824896, 0, 202, 1217, 1215, 20, 7.25%, 0, 0, 3, 12.61
1747824906, 0, 203, 1217, 1215, 20, 7.25%, 0, 0, 3, 15.74
1747824916, 0, 204, 1217, 1215, 20, 7.25%, 0, 0, 3, 15.71
1747824922, 0, 205, 1217, 1215, 20, 7.25%, 0, 0, 3, 14.61
1747824932, 0, 206, 1217, 1215, 20, 7.25%, 0, 0, 3, 13.06
1747824942, 0, 207, 1217, 1215, 20, 7.25%, 0, 0, 3, 14.57
1747824952, 0, 209, 1218, 1216, 20, 7.25%, 0, 0, 3, 11.44
1747824973, 0, 210, 1218, 1216, 20, 7.25%, 0, 0, 3, 12.95
1747824983, 0, 212, 1218, 1216, 20, 7.25%, 0, 0, 3, 15.09
1747824988, 0, 213, 1218, 1216, 20, 7.25%, 0, 0, 3, 16.00
1747824998, 0, 214, 1218, 1216, 20, 7.25%, 0, 0, 3, 14.29
1747825008, 0, 216, 1218, 1216, 20, 7.25%, 0, 0, 3, 12.58
1747825019, 0, 217, 1218, 1216, 20, 7.25%, 0, 0, 3, 12.09
1747825029, 0, 219, 1218, 1216, 20, 7.25%, 0, 0, 3, 12.10
1747825039, 0, 220, 1218, 1216, 20, 7.25%, 0, 0, 3, 11.65
1747825050, 0, 222, 1218, 1216, 20, 7.25%, 0, 0, 3, 16.13
1747825055, 0, 224, 1218, 1216, 20, 7.25%, 0, 0, 3, 15.91
1747825070, 0, 225, 1218, 1216, 20, 7.25%, 0, 0, 3, 14.72
1747825075, 0, 226, 1218, 1216, 20, 7.25%, 0, 0, 3, 15.94
1747825086, 0, 227, 1219, 1217, 20, 7.25%, 0, 0, 3, 12.88
1747825091, 0, 227, 1220, 1218, 20, 7.25%, 0, 0, 3, 11.37
1747825132, 0, 229, 1220, 1218, 21, 7.25%, 0, 0, 3, 11.59
1747825142, 0, 230, 1220, 1218, 21, 7.25%, 0, 0, 3, 13.74
1747825152, 0, 232, 1220, 1218, 21, 7.25%, 0, 0, 3, 11.78
1747825162, 0, 233, 1221, 1219, 21, 7.25%, 0, 0, 3, 9.97
1747825167, 0, 233, 1222, 1220, 21, 7.25%, 0, 0, 3, 10.68
1747825188, 0, 233, 1223, 1221, 21, 7.25%, 0, 0, 3, 10.05
1747825203, 0, 233, 1224, 1222, 21, 7.25%, 0, 0, 3, 11.42
1747825254, 0, 233, 1225, 1223, 21, 7.25%, 0, 0, 3, 10.66
1747825290, 0, 233, 1226, 1224, 21, 7.25%, 0, 0, 3, 10.96
1747825326, 0, 233, 1227, 1225, 21, 7.25%, 0, 0, 3, 11.22
1747825526, 0, 234, 1228, 1226, 21, 7.25%, 0, 0, 3, 11.93
1747825546, 0, 234, 1229, 1227, 21, 7.25%, 0, 0, 3, 11.03
1747825577, 0, 235, 1230, 1228, 21, 7.28%, 0, 0, 3, 10.31
1747825588, 0, 235, 1231, 1229, 21, 7.42%, 0, 0, 3, 10.18
1747825623, 0, 237, 1231, 1229, 18, 7.42%, 0, 0, 3, 11.24
1747825629, 0, 237, 1232, 1230, 18, 7.42%, 0, 0, 3, 10.26
1747825634, 0, 237, 1233, 1231, 18, 7.42%, 0, 0, 3, 11.15
1747825654, 0, 237, 1234, 1232, 18, 7.42%, 0, 0, 3, 11.09
1747825659, 0, 237, 1235, 1233, 18, 7.43%, 0, 0, 3, 10.53
1747825675, 0, 237, 1236, 1234, 18, 7.43%, 0, 0, 3, 10.74
1747825680, 0, 237, 1237, 1235, 18, 7.43%, 0, 0, 3, 10.13
1747825695, 0, 237, 1238, 1236, 18, 7.44%, 0, 0, 3, 9.88
1747825706, 0, 237, 1239, 1237, 18, 7.44%, 0, 0, 3, 10.90
1747825711, 0, 237, 1240, 1238, 18, 7.44%, 0, 0, 3, 9.75
1747825721, 0, 237, 1241, 1239, 18, 7.44%, 0, 0, 3, 10.67
1747825737, 0, 237, 1242, 1240, 18, 7.48%, 0, 0, 3, 10.12
1747825767, 0, 237, 1243, 1241, 18, 7.48%, 0, 0, 3, 11.33
1747825808, 0, 237, 1244, 1242, 18, 7.48%, 0, 0, 3, 11.46
1747825813, 0, 237, 1245, 1243, 18, 7.48%, 0, 0, 3, 10.46
1747825844, 0, 237, 1246, 1244, 18, 7.48%, 0, 0, 3, 9.89
1747825860, 0, 237, 1247, 1245, 18, 7.48%, 0, 0, 3, 10.36
1747825886, 0, 237, 1248, 1246, 18, 7.48%, 0, 0, 3, 10.18
1747825896, 0, 237, 1249, 1247, 18, 7.48%, 0, 0, 3, 10.81
1747825983, 0, 237, 1251, 1249, 18, 7.48%, 0, 0, 3, 17.42
1747825988, 0, 237, 1252, 1250, 18, 7.48%, 0, 0, 3, 17.17
1747825993, 0, 242, 1252, 1250, 19, 7.48%, 0, 0, 3, 20.45
1747825998, 0, 243, 1252, 1250, 19, 7.48%, 0, 0, 3, 19.69
1747826004, 0, 243, 1254, 1252, 19, 7.48%, 0, 0, 3, 17.24
1747826009, 0, 243, 1255, 1253, 19, 7.48%, 0, 0, 3, 16.30
1747826019, 0, 243, 1256, 1254, 19, 7.48%, 0, 0, 3, 17.54
1747826024, 0, 243, 1257, 1255, 19, 7.48%, 0, 0, 3, 17.09
1747826029, 0, 243, 1258, 1256, 19, 7.48%, 0, 0, 3, 17.38
1747826071, 0, 243, 1260, 1258, 19, 7.48%, 0, 0, 3, 16.66
1747826122, 0, 243, 1262, 1260, 19, 7.48%, 0, 0, 3, 16.58
1747826127, 0, 243, 1263, 1261, 19, 7.48%, 0, 0, 3, 18.86
1747826143, 0, 243, 1264, 1262, 19, 7.48%, 0, 0, 3, 17.59
1747826148, 0, 243, 1265, 1263, 19, 7.48%, 0, 0, 3, 18.85
1747826158, 0, 243, 1267, 1265, 19, 7.48%, 0, 0, 3, 18.83
1747826194, 0, 243, 1268, 1266, 19, 7.48%, 0, 0, 3, 18.89
1747826224, 0, 244, 1268, 1266, 20, 7.48%, 0, 0, 3, 18.78
1747826229, 0, 244, 1269, 1267, 20, 7.48%, 0, 0, 3, 18.24
1747826240, 0, 245, 1270, 1268, 20, 7.48%, 0, 0, 3, 17.57
1747826250, 0, 246, 1270, 1268, 20, 7.48%, 0, 0, 3, 21.07
1747826255, 0, 247, 1270, 1268, 20, 7.48%, 0, 0, 3, 25.47
1747826260, 0, 248, 1270, 1268, 20, 7.48%, 0, 0, 3, 24.75
1747826265, 0, 248, 1271, 1269, 20, 7.49%, 0, 0, 3, 19.47
1747826275, 0, 250, 1271, 1269, 20, 7.49%, 0, 0, 3, 23.86
1747826280, 0, 251, 1271, 1269, 20, 7.49%, 0, 0, 3, 26.98
1747826285, 0, 253, 1271, 1269, 20, 7.49%, 0, 0, 3, 27.59
1747826290, 0, 255, 1271, 1269, 20, 7.49%, 0, 0, 3, 22.27
1747826296, 0, 256, 1271, 1269, 20, 7.49%, 0, 0, 3, 19.11
1747826301, 0, 257, 1271, 1269, 20, 7.49%, 0, 0, 3, 18.99
1747826311, 0, 259, 1273, 1271, 20, 7.49%, 0, 0, 3, 17.70
1747826337, 0, 260, 1273, 1271, 20, 7.49%, 0, 0, 3, 19.71
1747826342, 0, 261, 1273, 1271, 20, 7.49%, 0, 0, 3, 22.56
1747826347, 0, 262, 1273, 1271, 20, 7.49%, 0, 0, 3, 20.35
1747826357, 0, 263, 1273, 1271, 20, 7.49%, 0, 0, 3, 20.10
1747826362, 0, 265, 1273, 1271, 20, 7.49%, 0, 0, 3, 25.09
1747826368, 0, 267, 1273, 1271, 20, 7.49%, 0, 0, 3, 21.81
1747826373, 0, 268, 1273, 1271, 20, 7.49%, 0, 0, 3, 23.44
1747826378, 0, 271, 1273, 1271, 20, 7.49%, 0, 0, 3, 26.46
1747826383, 0, 272, 1273, 1271, 20, 7.49%, 0, 0, 3, 27.15
1747826388, 0, 275, 1273, 1271, 20, 7.49%, 0, 0, 3, 28.41
1747826393, 0, 278, 1273, 1271, 20, 7.49%, 0, 0, 3, 27.67
1747826398, 0, 279, 1273, 1271, 20, 7.49%, 0, 0, 3, 21.19
1747826403, 0, 280, 1273, 1271, 20, 7.49%, 0, 0, 3, 22.35
1747826408, 0, 281, 1273, 1271, 20, 7.49%, 0, 0, 3, 25.02
1747826413, 0, 282, 1274, 1272, 20, 7.49%, 0, 0, 3, 21.30
1747826418, 0, 282, 1275, 1273, 20, 7.49%, 0, 0, 3, 18.40
1747826434, 0, 282, 1276, 1274, 20, 7.49%, 0, 0, 3, 17.94
1747826439, 0, 282, 1277, 1275, 20, 7.49%, 0, 0, 3, 17.96
1747826449, 0, 282, 1279, 1277, 20, 7.49%, 0, 0, 3, 16.71
1747826454, 0, 282, 1280, 1278, 20, 7.49%, 0, 0, 3, 18.65
1747826459, 0, 282, 1281, 1279, 20, 7.49%, 0, 0, 3, 19.81
1747826470, 0, 282, 1282, 1280, 20, 7.49%, 0, 0, 3, 18.59
1747826480, 0, 282, 1283, 1281, 20, 7.49%, 0, 0, 3, 18.50
1747826541, 0, 282, 1285, 1283, 20, 7.49%, 0, 0, 3, 17.28
1747826561, 0, 282, 1286, 1284, 20, 7.49%, 0, 0, 3, 17.69
1747826638, 0, 283, 1286, 1284, 22, 7.49%, 0, 0, 3, 20.89
1747826643, 0, 284, 1286, 1284, 22, 7.49%, 0, 0, 3, 23.96
1747826648, 0, 285, 1286, 1284, 22, 7.49%, 0, 0, 3, 19.81
1747826654, 0, 285, 1289, 1287, 22, 7.49%, 0, 0, 3, 16.95
1747826659, 0, 285, 1290, 1288, 22, 7.49%, 0, 0, 3, 17.02
1747826664, 0, 285, 1292, 1290, 22, 7.49%, 0, 0, 3, 16.73
1747826679, 0, 285, 1294, 1292, 22, 7.49%, 0, 0, 3, 17.32
1747826685, 0, 285, 1295, 1293, 22, 7.49%, 0, 0, 3, 17.92
1747826695, 0, 285, 1296, 1294, 22, 7.49%, 0, 0, 3, 17.88
1747826700, 0, 285, 1297, 1295, 22, 7.49%, 0, 0, 3, 18.75
1747826705, 0, 285, 1298, 1296, 22, 7.49%, 0, 0, 3, 17.42
1747826721, 0, 285, 1300, 1298, 22, 7.49%, 0, 0, 3, 16.04
1747826731, 0, 285, 1301, 1299, 22, 7.49%, 0, 0, 3, 17.78
1747826736, 0, 285, 1302, 1300, 22, 7.49%, 0, 0, 3, 15.21
1747826757, 0, 285, 1303, 1301, 22, 7.49%, 0, 0, 3, 19.19
1747826782, 0, 285, 1304, 1302, 22, 7.49%, 0, 0, 3, 17.81
1747826889, 0, 286, 1304, 1302, 20, 7.49%, 0, 0, 3, 26.16
1747826895, 0, 288, 1305, 1303, 20, 7.49%, 0, 0, 3, 19.67
1747826905, 0, 290, 1306, 1304, 20, 7.49%, 0, 0, 3, 17.86
1747826910, 0, 290, 1308, 1306, 20, 7.49%, 0, 0, 3, 13.17
1747826926, 0, 290, 1310, 1308, 20, 7.49%, 0, 0, 3, 9.80
1747826962, 0, 290, 1311, 1309, 20, 7.50%, 0, 0, 3, 10.45
1747827003, 0, 290, 1312, 1310, 20, 7.50%, 0, 0, 3, 11.08
1747827008, 0, 290, 1313, 1311, 20, 7.50%, 0, 0, 3, 10.46
1747827014, 0, 290, 1314, 1312, 20, 7.50%, 0, 0, 3, 9.93
1747827152, 0, 290, 1315, 1313, 20, 7.50%, 0, 0, 3, 9.60
1747827290, 0, 291, 1315, 1313, 20, 7.50%, 0, 0, 3, 10.23
1747827301, 0, 292, 1315, 1313, 20, 7.50%, 0, 0, 3, 12.93
1747827311, 0, 293, 1315, 1313, 20, 7.50%, 0, 0, 3, 13.61
1747827321, 0, 295, 1315, 1313, 20, 7.50%, 0, 0, 3, 11.07
1747827337, 0, 298, 1315, 1313, 20, 7.50%, 0, 0, 3, 11.56
1747827347, 0, 300, 1315, 1313, 20, 7.50%, 0, 0, 3, 10.18
1747827357, 0, 302, 1315, 1313, 20, 7.50%, 0, 0, 3, 13.50
1747827367, 0, 303, 1315, 1313, 20, 7.50%, 0, 0, 3, 12.96
1747827378, 0, 305, 1315, 1313, 20, 7.50%, 0, 0, 3, 10.86
1747827393, 0, 306, 1315, 1313, 20, 7.50%, 0, 0, 3, 10.76
1747827403, 0, 308, 1315, 1313, 20, 7.50%, 0, 0, 3, 13.82
1747827408, 0, 309, 1315, 1313, 20, 7.50%, 0, 0, 3, 15.03
1747827424, 0, 310, 1315, 1313, 20, 7.50%, 0, 0, 3, 10.79
1747827434, 0, 311, 1315, 1313, 20, 7.50%, 0, 0, 3, 12.74
1747827444, 0, 313, 1315, 1313, 20, 7.50%, 0, 0, 3, 11.96
1747827455, 0, 314, 1315, 1313, 20, 7.50%, 0, 0, 3, 13.15
1747827465, 0, 315, 1315, 1313, 20, 7.50%, 0, 0, 3, 11.98
1747827475, 0, 317, 1315, 1313, 20, 7.50%, 0, 0, 3, 9.36
1747827491, 0, 318, 1315, 1313, 20, 7.50%, 0, 0, 3, 9.67
1747827501, 0, 319, 1315, 1313, 20, 7.50%, 0, 0, 3, 10.37
1747827511, 0, 320, 1315, 1313, 20, 7.50%, 0, 0, 3, 11.56
1747827526, 0, 321, 1315, 1313, 20, 7.50%, 0, 0, 3, 11.90
1747827536, 0, 322, 1315, 1313, 20, 7.50%, 0, 0, 3, 11.38
1747827547, 0, 323, 1315, 1313, 20, 7.50%, 0, 0, 3, 11.64
1747827557, 0, 324, 1315, 1313, 20, 7.50%, 0, 0, 3, 11.77
1747827573, 0, 325, 1315, 1313, 20, 7.50%, 0, 0, 3, 10.95
1747827583, 0, 326, 1315, 1313, 20, 7.50%, 0, 0, 3, 10.20
1747827593, 0, 327, 1315, 1313, 20, 7.50%, 0, 0, 3, 11.56
1747827604, 0, 329, 1315, 1313, 20, 7.50%, 0, 0, 3, 11.05
1747827614, 0, 330, 1315, 1313, 20, 7.50%, 0, 0, 3, 11.63
1747827629, 0, 331, 1315, 1313, 20, 7.50%, 0, 0, 3, 10.84
1747827634, 0, 331, 1316, 1314, 20, 7.50%, 0, 0, 3, 9.87
1747827655, 0, 335, 1317, 1315, 20, 7.50%, 0, 0, 3, 10.34
1747827670, 0, 335, 1318, 1316, 20, 7.50%, 0, 0, 3, 9.71
1747827681, 0, 335, 1319, 1317, 20, 7.50%, 0, 0, 3, 10.44
1747827758, 0, 336, 1319, 1317, 20, 7.50%, 0, 0, 3, 10.89
1747827768, 0, 337, 1319, 1317, 20, 7.50%, 0, 0, 3, 10.53
1747827783, 0, 338, 1319, 1317, 20, 7.50%, 0, 0, 3, 10.20
1747827793, 0, 339, 1319, 1317, 20, 7.50%, 0, 0, 3, 13.50
1747827803, 0, 340, 1319, 1317, 20, 7.50%, 0, 0, 3, 15.72
1747827809, 0, 341, 1319, 1317, 20, 7.50%, 0, 0, 3, 14.30
1747827819, 0, 342, 1319, 1317, 20, 7.50%, 0, 0, 3, 12.87
1747827834, 0, 344, 1319, 1317, 20, 7.50%, 0, 0, 3, 14.32
1747827839, 0, 345, 1319, 1317, 20, 7.50%, 0, 0, 3, 13.84
1747827855, 0, 346, 1319, 1317, 20, 7.50%, 0, 0, 3, 11.75
1747827860, 0, 346, 1320, 1318, 20, 7.50%, 0, 0, 3, 11.41
1747827875, 0, 347, 1320, 1318, 20, 7.50%, 0, 0, 3, 10.77
1747827891, 0, 349, 1320, 1318, 20, 7.50%, 0, 0, 3, 11.76
1747827901, 0, 350, 1320, 1318, 20, 7.50%, 0, 0, 3, 12.93
1747827911, 0, 352, 1320, 1318, 20, 7.50%, 0, 0, 3, 12.27
1747827921, 0, 354, 1320, 1318, 20, 7.50%, 0, 0, 3, 12.60
1747827931, 0, 355, 1320, 1318, 20, 7.50%, 0, 0, 3, 11.79
1747827941, 0, 356, 1320, 1318, 20, 7.50%, 0, 0, 3, 11.63
1747827952, 0, 357, 1320, 1318, 20, 7.50%, 0, 0, 3, 13.07
1747827962, 0, 358, 1320, 1318, 20, 7.50%, 0, 0, 3, 12.90
1747827972, 0, 359, 1320, 1318, 20, 7.50%, 0, 0, 3, 13.03
1747827982, 0, 360, 1320, 1318, 20, 7.50%, 0, 0, 3, 11.79
1747827998, 0, 362, 1320, 1318, 20, 7.50%, 0, 0, 3, 10.65
1747828008, 0, 363, 1320, 1318, 20, 7.50%, 0, 0, 3, 9.52
1747828023, 0, 364, 1320, 1318, 20, 7.50%, 0, 0, 3, 10.81
1747828034, 0, 365, 1320, 1318, 20, 7.50%, 0, 0, 3, 11.91
1747828044, 0, 366, 1320, 1318, 20, 7.50%, 0, 0, 3, 22.98
1747828470, 0, 367, 1320, 1317, 19, 7.50%, 0, 0, 3, 26.71
1747828485, 0, 368, 1320, 1317, 19, 7.50%, 0, 0, 3, 11.56
1747828495, 0, 369, 1320, 1317, 19, 7.50%, 0, 0, 3, 11.51
1747828506, 0, 370, 1320, 1317, 19, 7.50%, 0, 0, 3, 11.39
1747828516, 0, 372, 1320, 1317, 19, 7.50%, 0, 0, 3, 11.58
1747828526, 0, 374, 1320, 1317, 19, 7.50%, 0, 0, 3, 11.73
1747828542, 0, 375, 1320, 1317, 19, 7.50%, 0, 0, 3, 14.24
1747828547, 0, 377, 1320, 1317, 19, 7.50%, 0, 0, 3, 14.97
1747828557, 0, 378, 1320, 1317, 19, 7.50%, 0, 0, 3, 11.33
1747828572, 0, 379, 1320, 1317, 19, 7.50%, 0, 0, 3, 14.11
1747828577, 0, 380, 1320, 1317, 19, 7.50%, 0, 0, 3, 14.72
1747828593, 0, 381, 1320, 1317, 19, 7.50%, 0, 0, 3, 13.50
1747828603, 0, 382, 1320, 1317, 19, 7.50%, 0, 0, 3, 12.26
1747828613, 0, 383, 1320, 1317, 19, 7.50%, 0, 0, 3, 10.58
1747828624, 0, 384, 1320, 1317, 19, 7.50%, 0, 0, 3, 10.78
1747828634, 0, 385, 1320, 1317, 19, 7.50%, 0, 0, 3, 10.68
1747828649, 0, 386, 1320, 1317, 19, 7.50%, 0, 0, 3, 14.59
1747828655, 0, 387, 1320, 1317, 19, 7.50%, 0, 0, 3, 14.01
1747828665, 0, 387, 1321, 1318, 19, 7.50%, 0, 0, 3, 10.01
1747828680, 0, 388, 1321, 1318, 19, 7.50%, 0, 0, 3, 10.62
1747828696, 0, 389, 1321, 1318, 19, 7.50%, 0, 0, 3, 13.29
1747828701, 0, 390, 1321, 1318, 19, 7.50%, 0, 0, 3, 12.84
1747828716, 0, 391, 1321, 1318, 19, 7.50%, 0, 0, 3, 10.51
1747828726, 0, 392, 1321, 1318, 19, 7.50%, 0, 0, 3, 11.28
1747828737, 0, 393, 1321, 1318, 19, 7.50%, 0, 0, 3, 12.77
1747828747, 0, 395, 1321, 1318, 19, 7.50%, 0, 0, 3, 11.51
1747828757, 0, 396, 1321, 1318, 19, 7.50%, 0, 0, 3, 10.58
1747828773, 0, 397, 1321, 1318, 19, 7.50%, 0, 0, 3, 13.32
1747828778, 0, 397, 1322, 1319, 19, 7.50%, 0, 0, 3, 14.00
1747828788, 0, 398, 1322, 1319, 19, 7.50%, 0, 0, 3, 14.27
1747828803, 0, 399, 1322, 1319, 19, 7.50%, 0, 0, 3, 10.90
1747828814, 0, 400, 1322, 1319, 19, 7.50%, 0, 0, 3, 9.47
1747828829, 0, 401, 1322, 1319, 19, 7.50%, 0, 0, 3, 13.67
1747828834, 0, 402, 1322, 1319, 19, 7.50%, 0, 0, 3, 14.59
1747828844, 0, 403, 1322, 1319, 19, 7.50%, 0, 0, 3, 12.84
1747828855, 0, 406, 1322, 1319, 19, 7.50%, 0, 0, 3, 10.88
1747828870, 0, 409, 1322, 1319, 19, 7.50%, 0, 0, 3, 13.67
1747828875, 0, 410, 1322, 1319, 19, 7.50%, 0, 0, 3, 14.81
1747828891, 0, 411, 1322, 1319, 19, 7.50%, 0, 0, 3, 13.62
1747828896, 0, 412, 1322, 1319, 19, 7.50%, 0, 0, 3, 14.90
1747828911, 0, 413, 1322, 1319, 19, 7.50%, 0, 0, 3, 11.16
1747828921, 0, 414, 1322, 1319, 19, 7.50%, 0, 0, 3, 12.48
1747828932, 0, 415, 1322, 1319, 19, 7.50%, 0, 0, 3, 13.39
1747828942, 0, 416, 1322, 1319, 19, 7.50%, 0, 0, 3, 12.38
1747828953, 0, 417, 1322, 1319, 19, 7.50%, 0, 0, 3, 11.62
1747828963, 0, 418, 1322, 1319, 19, 7.50%, 0, 0, 3, 10.70
1747828973, 0, 419, 1322, 1319, 19, 7.50%, 0, 0, 3, 11.65
1747828989, 0, 420, 1322, 1319, 19, 7.50%, 0, 0, 3, 10.78
1747828999, 0, 422, 1322, 1319, 19, 7.50%, 0, 0, 3, 10.74
1747829014, 0, 423, 1322, 1319, 19, 7.50%, 0, 0, 3, 14.25
1747829020, 0, 425, 1322, 1319, 19, 7.50%, 0, 0, 3, 15.20
1747829030, 0, 426, 1322, 1319, 19, 7.50%, 0, 0, 3, 15.23
1747829040, 0, 427, 1322, 1319, 19, 7.50%, 0, 0, 3, 12.19
1747829051, 0, 428, 1322, 1319, 19, 7.50%, 0, 0, 3, 13.60
1747829056, 0, 428, 1323, 1320, 19, 7.50%, 0, 0, 3, 14.80
1747829066, 0, 429, 1323, 1320, 19, 7.50%, 0, 0, 3, 13.50
1747829076, 0, 430, 1323, 1320, 19, 7.50%, 0, 0, 3, 10.70
1747829092, 0, 431, 1323, 1320, 19, 7.50%, 0, 0, 3, 13.11
1747829097, 0, 432, 1323, 1320, 19, 7.50%, 0, 0, 3, 14.56
1747829112, 0, 434, 1323, 1320, 19, 7.50%, 0, 0, 3, 12.83
1747829123, 0, 435, 1323, 1320, 19, 7.50%, 0, 0, 3, 13.40
1747829128, 0, 436, 1323, 1320, 19, 7.50%, 0, 0, 3, 13.72
1747829138, 0, 438, 1323, 1320, 19, 7.50%, 0, 0, 3, 11.95
1747829154, 0, 439, 1323, 1320, 19, 7.50%, 0, 0, 3, 13.96
1747829159, 0, 439, 1324, 1321, 19, 7.50%, 0, 0, 3, 14.74
1747829169, 0, 441, 1324, 1321, 19, 7.50%, 0, 0, 3, 14.26
1747829179, 0, 443, 1324, 1321, 19, 7.50%, 0, 0, 3, 12.71
1747829189, 0, 445, 1324, 1321, 19, 7.50%, 0, 0, 3, 12.30
1747829199, 0, 446, 1324, 1321, 19, 7.50%, 0, 0, 3, 15.09
1747829210, 0, 447, 1324, 1321, 19, 7.50%, 0, 0, 3, 12.21
1747829220, 0, 448, 1324, 1321, 19, 7.50%, 0, 0, 3, 10.58
1747829230, 0, 449, 1324, 1321, 19, 7.50%, 0, 0, 3, 10.22
1747829235, 0, 449, 1325, 1322, 19, 7.50%, 0, 0, 3, 10.32
1747829256, 0, 450, 1325, 1322, 19, 7.50%, 0, 0, 3, 11.82
1747829266, 0, 451, 1325, 1322, 19, 7.50%, 0, 0, 3, 11.24
1747829282, 0, 453, 1325, 1322, 19, 7.50%, 0, 0, 3, 10.23
1747829292, 0, 454, 1325, 1322, 19, 7.50%, 0, 0, 3, 10.20
1747829302, 0, 456, 1325, 1322, 19, 7.50%, 0, 0, 3, 11.58
1747829318, 0, 458, 1325, 1322, 19, 7.50%, 0, 0, 3, 11.41
1747829328, 0, 459, 1325, 1322, 19, 7.50%, 0, 0, 3, 11.06
1747829338, 0, 461, 1325, 1322, 19, 7.50%, 0, 0, 3, 10.27
1747829354, 0, 462, 1325, 1322, 19, 7.50%, 0, 0, 3, 12.37
1747829364, 0, 463, 1325, 1322, 19, 7.50%, 0, 0, 3, 10.69
1747829374, 0, 465, 1325, 1322, 19, 7.50%, 0, 0, 3, 10.87
1747829385, 0, 466, 1325, 1322, 19, 7.50%, 0, 0, 3, 11.27
1747829400, 0, 467, 1325, 1322, 19, 7.50%, 0, 0, 3, 14.12
1747829405, 0, 468, 1325, 1322, 19, 7.50%, 0, 0, 3, 14.91
1747829415, 0, 470, 1325, 1322, 19, 7.50%, 0, 0, 3, 14.31
1747829425, 0, 473, 1325, 1322, 19, 7.50%, 0, 0, 3, 12.51
1747829435, 0, 474, 1325, 1322, 19, 7.50%, 0, 0, 3, 10.51
1747829446, 0, 476, 1325, 1322, 19, 7.50%, 0, 0, 3, 11.16
1747829461, 0, 477, 1325, 1322, 19, 7.50%, 0, 0, 3, 11.70
1747829471, 0, 479, 1325, 1322, 19, 7.50%, 0, 0, 3, 10.45
1747829482, 0, 480, 1325, 1322, 19, 7.50%, 0, 0, 3, 11.89
1747829492, 0, 481, 1325, 1322, 19, 7.50%, 0, 0, 3, 10.36
1747829502, 0, 482, 1325, 1322, 19, 7.50%, 0, 0, 3, 14.24
1747829513, 0, 483, 1325, 1322, 19, 7.50%, 0, 0, 3, 15.68
1747829523, 0, 484, 1325, 1322, 19, 7.50%, 0, 0, 3, 11.99
1747829533, 0, 485, 1325, 1322, 19, 7.50%, 0, 0, 3, 11.23
1747829543, 0, 486, 1325, 1322, 19, 7.50%, 0, 0, 3, 14.29
1747829548, 0, 486, 1326, 1323, 19, 7.50%, 0, 0, 3, 14.75
1747829559, 0, 487, 1326, 1323, 19, 7.50%, 0, 0, 3, 14.18
1747829574, 0, 488, 1326, 1323, 19, 7.50%, 0, 0, 3, 12.23
1747829584, 0, 489, 1326, 1323, 19, 7.50%, 0, 0, 3, 11.02
1747829594, 0, 490, 1326, 1323, 19, 7.50%, 0, 0, 3, 12.84
1747829605, 0, 491, 1326, 1323, 19, 7.50%, 0, 0, 3, 12.60
1747829615, 0, 492, 1326, 1323, 19, 7.50%, 0, 0, 3, 10.16
1747829625, 0, 493, 1326, 1323, 19, 7.50%, 0, 0, 3, 11.10
1747829636, 0, 494, 1326, 1323, 19, 7.50%, 0, 0, 3, 12.84
1747829646, 0, 495, 1326, 1323, 19, 7.50%, 0, 0, 3, 11.34
1747829661, 0, 496, 1326, 1323, 19, 7.50%, 0, 0, 3, 10.73
1747829672, 0, 497, 1326, 1323, 19, 7.50%, 0, 0, 3, 13.17
1747829682, 0, 498, 1326, 1323, 19, 7.50%, 0, 0, 3, 14.15
1747829687, 0, 499, 1326, 1323, 19, 7.50%, 0, 0, 3, 13.45
1747829702, 0, 500, 1326, 1323, 19, 7.50%, 0, 0, 3, 13.16
1747829707, 0, 500, 1328, 1325, 19, 7.50%, 0, 0, 3, 14.45
1747829738, 0, 502, 1328, 1325, 19, 7.50%, 0, 0, 3, 11.91
1747829748, 0, 503, 1328, 1325, 19, 7.50%, 0, 0, 3, 11.66
1747829758, 0, 504, 1329, 1326, 19, 7.50%, 0, 0, 3, 12.09
1747829779, 0, 505, 1329, 1326, 19, 7.50%, 0, 0, 3, 12.40
1747829789, 0, 506, 1329, 1326, 19, 7.50%, 0, 0, 3, 10.83
1747829799, 0, 507, 1329, 1326, 19, 7.50%, 0, 0, 3, 12.07
1747829809, 0, 508, 1329, 1326, 19, 7.50%, 0, 0, 3, 22.64
1747829814, 0, 509, 1329, 1326, 19, 7.50%, 0, 0, 3, 26.34
1747829819, 0, 510, 1329, 1326, 19, 7.50%, 0, 0, 3, 21.14
1747829825, 0, 511, 1329, 1326, 19, 7.50%, 0, 0, 3, 23.74
1747829830, 0, 512, 1329, 1326, 19, 7.50%, 0, 0, 3, 20.75
1747829835, 0, 514, 1329, 1326, 19, 7.50%, 0, 0, 3, 20.87
1747829840, 0, 515, 1329, 1326, 19, 7.50%, 0, 0, 3, 23.10
1747829850, 0, 516, 1329, 1326, 19, 7.50%, 0, 0, 3, 18.33
1747829855, 0, 517, 1329, 1326, 19, 7.50%, 0, 0, 3, 17.91
1747829865, 0, 520, 1329, 1326, 19, 7.50%, 0, 0, 3, 16.57
1747829871, 0, 521, 1329, 1326, 19, 7.50%, 0, 0, 3, 14.85
1747829881, 0, 522, 1329, 1326, 19, 7.50%, 0, 0, 3, 11.98
1747829891, 0, 523, 1329, 1326, 19, 7.50%, 0, 0, 3, 10.63
1747829906, 0, 524, 1329, 1326, 19, 7.50%, 0, 0, 3, 12.21
1747829917, 0, 526, 1329, 1326, 19, 7.50%, 0, 0, 3, 9.58
1747829927, 0, 527, 1329, 1326, 19, 7.50%, 0, 0, 3, 12.29
1747829937, 0, 528, 1329, 1326, 19, 7.50%, 0, 0, 3, 12.54
1747829953, 0, 529, 1329, 1326, 19, 7.50%, 0, 0, 3, 11.72
1747829963, 0, 531, 1329, 1326, 19, 7.50%, 0, 0, 3, 12.91
1747829968, 0, 531, 1330, 1327, 19, 7.50%, 0, 0, 3, 12.45
1747829983, 0, 534, 1330, 1327, 19, 7.50%, 0, 0, 3, 14.80
1747829988, 0, 535, 1330, 1327, 19, 7.50%, 0, 0, 3, 14.60
1747829999, 0, 536, 1330, 1327, 19, 7.50%, 0, 0, 3, 11.30
1747830004, 0, 536, 1331, 1328, 19, 7.50%, 0, 0, 3, 10.43
1747830029, 0, 537, 1331, 1328, 19, 7.50%, 0, 0, 3, 10.64
1747830040, 0, 539, 1331, 1328, 19, 7.50%, 0, 0, 3, 12.53
1747830050, 0, 540, 1331, 1328, 19, 7.50%, 0, 0, 3, 14.01
1747830060, 0, 541, 1331, 1328, 19, 7.50%, 0, 0, 3, 11.75
1747830070, 0, 543, 1332, 1329, 19, 7.50%, 0, 0, 3, 9.76
1747830096, 0, 544, 1332, 1329, 19, 7.50%, 0, 0, 3, 10.30
1747830106, 0, 546, 1332, 1329, 19, 7.50%, 0, 0, 3, 10.46
1747830121, 0, 547, 1332, 1329, 19, 7.50%, 0, 0, 3, 9.61
1747830131, 0, 548, 1332, 1329, 19, 7.50%, 0, 0, 3, 11.88
1747830142, 0, 549, 1332, 1329, 19, 7.50%, 0, 0, 3, 11.69
1747830152, 0, 550, 1332, 1329, 19, 7.50%, 0, 0, 3, 10.79
1747830167, 0, 552, 1332, 1329, 19, 7.50%, 0, 0, 3, 13.94
1747830172, 0, 553, 1332, 1329, 19, 7.50%, 0, 0, 3, 15.07
1747830183, 0, 554, 1332, 1329, 19, 7.50%, 0, 0, 3, 12.40
1747830193, 0, 555, 1332, 1329, 19, 7.50%, 0, 0, 3, 11.08
1747830209, 0, 557, 1332, 1329, 19, 7.50%, 0, 0, 3, 10.46
1747830214, 0, 557, 1333, 1330, 19, 7.50%, 0, 0, 3, 10.78
1747830234, 0, 558, 1333, 1330, 19, 7.50%, 0, 0, 3, 13.83
1747830239, 0, 559, 1333, 1330, 19, 7.50%, 0, 0, 3, 14.06
1747830255, 0, 560, 1334, 1331, 19, 7.50%, 0, 0, 3, 10.10
1747830280, 0, 561, 1334, 1331, 19, 7.50%, 0, 0, 3, 10.78
1747830290, 0, 562, 1334, 1331, 19, 7.50%, 0, 0, 3, 10.57
1747830295, 0, 562, 1335, 1332, 19, 7.50%, 0, 0, 3, 9.88
1747830311, 0, 562, 1336, 1333, 19, 7.50%, 0, 0, 3, 10.09
1747830347, 0, 563, 1336, 1333, 19, 7.50%, 0, 0, 3, 14.19
1747830352, 0, 564, 1336, 1333, 19, 7.50%, 0, 0, 3, 13.95
1747830367, 0, 565, 1336, 1333, 19, 7.50%, 0, 0, 3, 14.29
1747830372, 0, 566, 1336, 1333, 19, 7.50%, 0, 0, 3, 14.15
1747830388, 0, 567, 1336, 1333, 19, 7.50%, 0, 0, 3, 12.01
1747830398, 0, 568, 1336, 1333, 19, 7.50%, 0, 0, 3, 11.31
1747830408, 0, 569, 1336, 1333, 19, 7.50%, 0, 0, 3, 10.42
1747830414, 0, 569, 1337, 1334, 19, 7.50%, 0, 0, 3, 10.61
1747830434, 0, 570, 1337, 1334, 19, 7.50%, 0, 0, 3, 11.31
1747830444, 0, 571, 1337, 1334, 19, 7.50%, 0, 0, 3, 12.37
1747830454, 0, 572, 1337, 1334, 19, 7.50%, 0, 0, 3, 15.14
1747830465, 0, 573, 1337, 1334, 19, 7.50%, 0, 0, 3, 11.69
1747830475, 0, 574, 1337, 1334, 19, 7.50%, 0, 0, 3, 10.82
1747830485, 0, 575, 1337, 1334, 19, 7.50%, 0, 0, 3, 11.79
1747830495, 0, 577, 1337, 1334, 19, 7.50%, 0, 0, 3, 11.35
1747830505, 0, 578, 1337, 1334, 19, 7.50%, 0, 0, 3, 12.69
1747830521, 0, 579, 1337, 1334, 19, 7.50%, 0, 0, 3, 9.42
1747830531, 0, 580, 1337, 1334, 19, 7.50%, 0, 0, 3, 13.13
1747830541, 0, 581, 1337, 1334, 19, 7.50%, 0, 0, 3, 12.77
1747830552, 0, 582, 1338, 1335, 19, 7.50%, 0, 0, 3, 14.01
1747830567, 0, 583, 1338, 1335, 19, 7.50%, 0, 0, 3, 14.45
1747830582, 0, 585, 1338, 1335, 19, 7.50%, 0, 0, 3, 9.87
1747830593, 0, 586, 1338, 1335, 19, 7.50%, 0, 0, 3, 11.49
1747830603, 0, 586, 1339, 1336, 19, 7.50%, 0, 0, 3, 8.96
1747830618, 0, 587, 1339, 1336, 19, 7.50%, 0, 0, 3, 11.13
1747830628, 0, 589, 1339, 1336, 19, 7.50%, 0, 0, 3, 12.76
1747830638, 0, 590, 1339, 1336, 19, 7.50%, 0, 0, 3, 12.98
1747830649, 0, 591, 1339, 1336, 19, 7.50%, 0, 0, 3, 11.79
1747830659, 0, 592, 1339, 1336, 19, 7.50%, 0, 0, 3, 11.12
1747830674, 0, 593, 1339, 1336, 19, 7.50%, 0, 0, 3, 10.30
1747830684, 0, 594, 1339, 1336, 19, 7.50%, 0, 0, 3, 11.49
1747830695, 0, 595, 1339, 1336, 19, 7.50%, 0, 0, 3, 9.91
1747830710, 0, 596, 1339, 1336, 19, 7.50%, 0, 0, 3, 10.23
1747830720, 0, 597, 1339, 1336, 19, 7.50%, 0, 0, 3, 10.97
1747830736, 0, 598, 1339, 1336, 19, 7.50%, 0, 0, 3, 13.82
1747830741, 0, 599, 1340, 1337, 19, 7.52%, 0, 0, 3, 13.04
1747830767, 0, 601, 1340, 1337, 20, 7.52%, 0, 0, 3, 11.30
1747830782, 0, 604, 1340, 1337, 20, 7.52%, 0, 0, 3, 9.98
1747830792, 0, 605, 1340, 1337, 20, 7.52%, 0, 0, 3, 10.76
1747830803, 0, 606, 1340, 1337, 20, 7.52%, 0, 0, 3, 11.05
1747830818, 0, 607, 1340, 1337, 20, 7.52%, 0, 0, 3, 10.90
1747830828, 0, 608, 1340, 1337, 20, 7.52%, 0, 0, 3, 12.44
1747830838, 0, 609, 1340, 1337, 20, 7.52%, 0, 0, 3, 12.65
1747830849, 0, 610, 1340, 1337, 20, 7.52%, 0, 0, 3, 12.80
1747830859, 0, 611, 1340, 1337, 20, 7.52%, 0, 0, 3, 12.49
1747830869, 0, 612, 1340, 1337, 20, 7.52%, 0, 0, 3, 12.71
1747830879, 0, 613, 1340, 1337, 20, 7.52%, 0, 0, 3, 12.03
1747830890, 0, 614, 1340, 1337, 20, 7.52%, 0, 0, 3, 10.49
1747830905, 0, 615, 1340, 1337, 20, 7.52%, 0, 0, 3, 10.86
1747830915, 0, 616, 1340, 1337, 20, 7.52%, 0, 0, 3, 10.69
1747830926, 0, 617, 1340, 1337, 20, 7.52%, 0, 0, 3, 11.20
1747830936, 0, 618, 1340, 1337, 20, 7.52%, 0, 0, 3, 10.63
1747830951, 0, 619, 1340, 1337, 20, 7.52%, 0, 0, 3, 10.46
1747830961, 0, 620, 1340, 1337, 20, 7.52%, 0, 0, 3, 10.25
1747830972, 0, 621, 1340, 1337, 20, 7.52%, 0, 0, 3, 11.65
1747830987, 0, 622, 1340, 1337, 20, 7.52%, 0, 0, 3, 10.47
1747830997, 0, 623, 1340, 1337, 20, 7.52%, 0, 0, 3, 12.09
1747831008, 0, 625, 1340, 1337, 20, 7.52%, 0, 0, 3, 12.69
1747831018, 0, 626, 1340, 1337, 20, 7.52%, 0, 0, 3, 11.11
1747831028, 0, 628, 1340, 1337, 20, 7.52%, 0, 0, 3, 10.72
1747831044, 0, 629, 1340, 1337, 20, 7.52%, 0, 0, 3, 10.62
1747831054, 0, 630, 1340, 1337, 20, 7.52%, 0, 0, 3, 12.94
1747831064, 0, 632, 1340, 1337, 20, 7.52%, 0, 0, 3, 11.42
1747831074, 0, 633, 1340, 1337, 20, 7.52%, 0, 0, 3, 11.74
1747831085, 0, 637, 1340, 1337, 20, 7.52%, 0, 0, 3, 15.03
1747831095, 0, 638, 1340, 1337, 20, 7.52%, 0, 0, 3, 13.27
1747831105, 0, 639, 1340, 1337, 20, 7.52%, 0, 0, 3, 11.87
1747831115, 0, 640, 1340, 1337, 20, 7.52%, 0, 0, 3, 11.20
1747831126, 0, 641, 1340, 1337, 20, 7.52%, 0, 0, 3, 10.62
1747831141, 0, 642, 1340, 1337, 20, 7.52%, 0, 0, 3, 10.37
1747831151, 0, 643, 1340, 1337, 20, 7.52%, 0, 0, 3, 9.89
1747831166, 0, 645, 1340, 1337, 20, 7.52%, 0, 0, 3, 11.23
1747831177, 0, 647, 1340, 1337, 20, 7.52%, 0, 0, 3, 10.64
1747831187, 0, 649, 1340, 1337, 20, 7.52%, 0, 0, 3, 11.87
1747831197, 0, 650, 1340, 1337, 20, 7.52%, 0, 0, 3, 10.98
1747831213, 0, 651, 1340, 1337, 20, 7.52%, 0, 0, 3, 11.20
1747831223, 0, 653, 1340, 1337, 20, 7.52%, 0, 0, 3, 11.32
1747831233, 0, 654, 1340, 1337, 20, 7.52%, 0, 0, 3, 10.09
1747831249, 0, 655, 1340, 1337, 20, 7.52%, 0, 0, 3, 11.08
1747831259, 0, 656, 1340, 1337, 20, 7.52%, 0, 0, 3, 11.96
1747831274, 0, 657, 1340, 1337, 20, 7.52%, 0, 0, 3, 13.96
1747831279, 0, 658, 1340, 1337, 20, 7.52%, 0, 0, 3, 13.78
1747831289, 0, 660, 1340, 1337, 20, 7.52%, 0, 0, 3, 11.45
1747831300, 0, 661, 1340, 1337, 20, 7.52%, 0, 0, 3, 15.30
1747831310, 0, 662, 1340, 1337, 20, 7.52%, 0, 0, 3, 12.31
1747831320, 0, 663, 1340, 1337, 20, 7.52%, 0, 0, 3, 10.98
1747831330, 0, 664, 1340, 1337, 20, 7.52%, 0, 0, 3, 11.20
1747831340, 0, 664, 1341, 1338, 20, 7.52%, 0, 0, 3, 9.77
1747831356, 0, 665, 1341, 1338, 20, 7.52%, 0, 0, 3, 11.10
1747831372, 0, 666, 1341, 1338, 20, 7.52%, 0, 0, 3, 10.64
1747831382, 0, 667, 1341, 1338, 20, 7.52%, 0, 0, 3, 10.88
1747831392, 0, 668, 1341, 1338, 20, 7.52%, 0, 0, 3, 11.40
1747831403, 0, 669, 1341, 1338, 20, 7.52%, 0, 0, 3, 10.33
1747831418, 0, 670, 1341, 1338, 20, 7.52%, 0, 0, 3, 11.03
1747831428, 0, 671, 1341, 1338, 20, 7.52%, 0, 0, 3, 10.93
1747831439, 0, 672, 1342, 1339, 20, 7.52%, 0, 0, 3, 11.21
1747831459, 0, 673, 1342, 1339, 20, 7.52%, 0, 0, 3, 15.51
1747831465, 0, 675, 1342, 1339, 20, 7.52%, 0, 0, 3, 15.02
1747831480, 0, 676, 1342, 1339, 20, 7.52%, 0, 0, 3, 11.29
1747831490, 0, 678, 1342, 1339, 20, 7.52%, 0, 0, 3, 11.94
1747831500, 0, 679, 1342, 1339, 20, 7.52%, 0, 0, 3, 12.59
1747831511, 0, 680, 1342, 1339, 20, 7.52%, 0, 0, 3, 15.26
1747831516, 0, 681, 1342, 1339, 20, 7.52%, 0, 0, 3, 15.32
1747831531, 0, 682, 1342, 1339, 20, 7.52%, 0, 0, 3, 13.05
1747831537, 0, 683, 1342, 1339, 20, 7.52%, 0, 0, 3, 14.47
1747831552, 0, 684, 1342, 1339, 20, 7.52%, 0, 0, 3, 10.91
1747831562, 0, 686, 1342, 1339, 20, 7.52%, 0, 0, 3, 10.49
1747831572, 0, 687, 1342, 1339, 20, 7.52%, 0, 0, 3, 11.62
1747831588, 0, 689, 1342, 1339, 20, 7.52%, 0, 0, 3, 14.97
1747831593, 0, 690, 1342, 1339, 20, 7.52%, 0, 0, 3, 13.88
1747831603, 0, 691, 1342, 1339, 20, 7.52%, 0, 0, 3, 11.56
1747831614, 0, 692, 1342, 1339, 20, 7.52%, 0, 0, 3, 12.09
1747831624, 0, 694, 1342, 1339, 20, 7.52%, 0, 0, 3, 13.14
1747831634, 0, 696, 1342, 1339, 20, 7.52%, 0, 0, 3, 11.97
1747831645, 0, 697, 1342, 1339, 20, 7.52%, 0, 0, 3, 11.52
1747831655, 0, 699, 1342, 1339, 20, 7.52%, 0, 0, 3, 10.67
1747831670, 0, 700, 1342, 1339, 20, 7.52%, 0, 0, 3, 14.14
1747831676, 0, 701, 1342, 1339, 20, 7.52%, 0, 0, 3, 15.42
1747831686, 0, 702, 1342, 1339, 20, 7.52%, 0, 0, 3, 14.01
1747831696, 0, 703, 1342, 1339, 20, 7.52%, 0, 0, 3, 12.74
1747831707, 0, 704, 1342, 1339, 20, 7.52%, 0, 0, 3, 15.34
1747831712, 0, 705, 1342, 1339, 20, 7.52%, 0, 0, 3, 16.28
1747831722, 0, 706, 1342, 1339, 20, 7.52%, 0, 0, 3, 12.62
1747831732, 0, 707, 1342, 1339, 20, 7.52%, 0, 0, 3, 11.04
1747831742, 0, 708, 1342, 1339, 20, 7.52%, 0, 0, 3, 11.76
1747831758, 0, 709, 1342, 1339, 20, 7.52%, 0, 0, 3, 11.78
1747831768, 0, 710, 1342, 1339, 20, 7.52%, 0, 0, 3, 11.17
1747831778, 0, 711, 1342, 1339, 20, 7.52%, 0, 0, 3, 12.38
1747831788, 0, 713, 1342, 1339, 20, 7.52%, 0, 0, 3, 12.04
1747831799, 0, 714, 1342, 1339, 20, 7.52%, 0, 0, 3, 11.14
1747831809, 0, 715, 1342, 1339, 20, 7.52%, 0, 0, 3, 11.00
1747831824, 0, 716, 1342, 1339, 20, 7.52%, 0, 0, 3, 11.53
1747831835, 0, 717, 1342, 1339, 20, 7.52%, 0, 0, 3, 12.39
1747831845, 0, 718, 1342, 1339, 20, 7.52%, 0, 0, 3, 12.32
1747831855, 0, 719, 1342, 1339, 20, 7.52%, 0, 0, 3, 11.81
1747831865, 0, 720, 1342, 1339, 20, 7.52%, 0, 0, 3, 12.14
1747831870, 0, 720, 1343, 1340, 20, 7.53%, 0, 0, 3, 10.82
1747831891, 0, 721, 1343, 1340, 19, 7.53%, 0, 0, 3, 10.81
1747831901, 0, 722, 1343, 1340, 19, 7.53%, 0, 0, 3, 10.85
1747831917, 0, 723, 1344, 1341, 19, 7.53%, 0, 0, 3, 10.18
1747831937, 0, 724, 1344, 1341, 19, 7.53%, 0, 0, 3, 12.32
1747831942, 0, 724, 1345, 1342, 19, 7.53%, 0, 0, 3, 14.90
1747831957, 0, 725, 1345, 1342, 19, 7.53%, 0, 0, 3, 11.81
1747831968, 0, 726, 1345, 1342, 19, 7.53%, 0, 0, 3, 11.13
1747831978, 0, 727, 1345, 1342, 19, 7.53%, 0, 0, 3, 11.97
1747831983, 0, 727, 1346, 1343, 19, 7.54%, 0, 0, 3, 10.86
1747831994, 0, 727, 1347, 1344, 19, 7.54%, 0, 0, 3, 10.46
1747832025, 0, 727, 1348, 1345, 19, 7.55%, 0, 0, 3, 9.48
1747832061, 0, 727, 1349, 1346, 19, 7.55%, 0, 0, 3, 10.04
1747832066, 0, 727, 1350, 1347, 19, 7.55%, 0, 0, 3, 9.35
1747832240, 0, 727, 1351, 1348, 19, 7.55%, 0, 0, 3, 10.69
1747832359, 0, 728, 1351, 1348, 20, 7.55%, 0, 0, 3, 11.77
1747832369, 0, 731, 1351, 1348, 20, 7.55%, 0, 0, 3, 10.22
1747832384, 0, 733, 1351, 1348, 20, 7.55%, 0, 0, 3, 14.22
1747832390, 0, 734, 1351, 1348, 20, 7.55%, 0, 0, 3, 13.84
1747832400, 0, 735, 1351, 1348, 20, 7.55%, 0, 0, 3, 12.20
1747832410, 0, 736, 1352, 1349, 20, 7.55%, 0, 0, 3, 12.68
1747832436, 0, 737, 1352, 1349, 20, 7.55%, 0, 0, 3, 14.22
1747832441, 0, 740, 1352, 1349, 20, 7.55%, 0, 0, 3, 14.15
1747832451, 0, 740, 1353, 1350, 20, 7.55%, 0, 0, 3, 10.22
1747832466, 0, 741, 1353, 1350, 20, 7.55%, 0, 0, 3, 11.50
1747832477, 0, 742, 1353, 1350, 20, 7.55%, 0, 0, 3, 10.29
1747832487, 0, 743, 1353, 1350, 20, 7.55%, 0, 0, 3, 11.92
1747832502, 0, 744, 1353, 1350, 20, 7.55%, 0, 0, 3, 14.17
1747832507, 0, 745, 1353, 1350, 20, 7.55%, 0, 0, 3, 15.74
1747832517, 0, 746, 1353, 1350, 20, 7.55%, 0, 0, 3, 12.71
1747832528, 0, 747, 1353, 1350, 20, 7.55%, 0, 0, 3, 11.96
1747832538, 0, 748, 1353, 1350, 20, 7.55%, 0, 0, 3, 16.00
1747832543, 0, 749, 1353, 1350, 20, 7.55%, 0, 0, 3, 15.27
1747832554, 0, 750, 1353, 1350, 20, 7.55%, 0, 0, 3, 12.41
1747832559, 0, 750, 1354, 1351, 20, 7.55%, 0, 0, 3, 10.19
1747832579, 0, 751, 1354, 1351, 20, 7.55%, 0, 0, 3, 11.49
1747832594, 0, 753, 1354, 1351, 20, 7.55%, 0, 0, 3, 11.60
1747832605, 0, 754, 1354, 1351, 20, 7.55%, 0, 0, 3, 11.26
1747832615, 0, 755, 1354, 1351, 20, 7.55%, 0, 0, 3, 11.49
1747832625, 0, 756, 1354, 1351, 20, 7.55%, 0, 0, 3, 10.98
1747832640, 0, 756, 1356, 1353, 20, 7.56%, 0, 0, 3, 9.32
1747832677, 0, 757, 1356, 1353, 21, 7.56%, 0, 0, 3, 11.20
1747832687, 0, 758, 1356, 1353, 21, 7.56%, 0, 0, 3, 10.49
1747832702, 0, 759, 1356, 1353, 21, 7.56%, 0, 0, 3, 11.81
1747832713, 0, 760, 1357, 1354, 21, 7.56%, 0, 0, 3, 11.10
1747832739, 0, 761, 1357, 1354, 21, 7.56%, 0, 0, 3, 14.61
1747832744, 0, 762, 1357, 1354, 21, 7.56%, 0, 0, 3, 13.15
1747832759, 0, 764, 1357, 1354, 21, 7.56%, 0, 0, 3, 10.73
1747832770, 0, 765, 1357, 1354, 21, 7.56%, 0, 0, 3, 10.84
1747832780, 0, 766, 1357, 1354, 21, 7.56%, 0, 0, 3, 11.00
1747832795, 0, 767, 1357, 1354, 21, 7.56%, 0, 0, 3, 14.69
1747832800, 0, 768, 1357, 1354, 21, 7.56%, 0, 0, 3, 13.34
1747832810, 0, 769, 1357, 1354, 21, 7.56%, 0, 0, 3, 11.85
1747832826, 0, 770, 1357, 1354, 21, 7.56%, 0, 0, 3, 11.18
1747832836, 0, 771, 1357, 1354, 21, 7.56%, 0, 0, 3, 11.76
1747832847, 0, 772, 1357, 1354, 21, 7.56%, 0, 0, 3, 10.58
1747832857, 0, 774, 1357, 1354, 21, 7.56%, 0, 0, 3, 11.33
1747832867, 0, 775, 1357, 1354, 21, 7.56%, 0, 0, 3, 15.48
1747832877, 0, 776, 1357, 1354, 21, 7.56%, 0, 0, 3, 12.19
1747832887, 0, 777, 1357, 1354, 21, 7.56%, 0, 0, 3, 13.11
1747832898, 0, 778, 1357, 1354, 21, 7.56%, 0, 0, 3, 12.24
1747832908, 0, 779, 1357, 1354, 21, 7.56%, 0, 0, 3, 14.06
1747832913, 0, 780, 1357, 1354, 21, 7.56%, 0, 0, 3, 15.49
1747832918, 0, 780, 1358, 1355, 21, 7.56%, 0, 0, 3, 11.59
1747832939, 0, 781, 1358, 1355, 21, 7.56%, 0, 0, 3, 11.46
1747832949, 0, 781, 1359, 1356, 21, 7.56%, 0, 0, 3, 10.47
1747832954, 0, 781, 1360, 1357, 21, 7.56%, 0, 0, 3, 10.44
1747832985, 0, 782, 1360, 1357, 21, 7.56%, 0, 0, 3, 11.30
1747833000, 0, 783, 1360, 1357, 21, 7.56%, 0, 0, 3, 10.57
1747833011, 0, 785, 1360, 1357, 21, 7.56%, 0, 0, 3, 10.62
1747833021, 0, 786, 1360, 1357, 21, 7.56%, 0, 0, 3, 11.55
1747833037, 0, 787, 1360, 1357, 21, 7.56%, 0, 0, 3, 11.47
1747833047, 0, 788, 1360, 1357, 21, 7.56%, 0, 0, 3, 10.76
1747833057, 0, 789, 1360, 1357, 21, 7.56%, 0, 0, 3, 11.10
1747833067, 0, 790, 1360, 1357, 21, 7.56%, 0, 0, 3, 12.60
1747833078, 0, 791, 1360, 1357, 21, 7.56%, 0, 0, 3, 15.84
1747833083, 0, 792, 1360, 1357, 21, 7.56%, 0, 0, 3, 15.33
1747833098, 0, 793, 1360, 1357, 21, 7.56%, 0, 0, 3, 11.16
1747833108, 0, 794, 1360, 1357, 21, 7.56%, 0, 0, 3, 10.65
1747833118, 0, 795, 1360, 1357, 21, 7.56%, 0, 0, 3, 12.11
1747833124, 0, 795, 1361, 1358, 21, 7.56%, 0, 0, 3, 14.96
1747833139, 0, 796, 1361, 1358, 21, 7.56%, 0, 0, 3, 11.78
1747833150, 0, 797, 1361, 1358, 21, 7.56%, 0, 0, 3, 10.39
1747833160, 0, 798, 1361, 1358, 21, 7.56%, 0, 0, 3, 9.88
1747833170, 0, 798, 1362, 1359, 21, 7.56%, 0, 0, 3, 9.62
1747833176, 0, 798, 1363, 1360, 21, 7.56%, 0, 0, 3, 9.27
1747833212, 0, 799, 1363, 1360, 21, 7.56%, 0, 0, 3, 10.33
1747833222, 0, 800, 1363, 1360, 21, 7.56%, 0, 0, 3, 10.70
1747833237, 0, 801, 1363, 1360, 21, 7.56%, 0, 0, 3, 10.19
1747833248, 0, 803, 1363, 1360, 21, 7.56%, 0, 0, 3, 12.46
1747833253, 0, 803, 1364, 1361, 21, 7.56%, 0, 0, 3, 14.88
1747833263, 0, 805, 1364, 1361, 21, 7.56%, 0, 0, 3, 15.08
1747833278, 0, 806, 1364, 1361, 21, 7.56%, 0, 0, 3, 11.27
1747833289, 0, 807, 1364, 1361, 21, 7.56%, 0, 0, 3, 11.31
1747833299, 0, 808, 1364, 1361, 21, 7.56%, 0, 0, 3, 10.07
1747833309, 0, 809, 1364, 1361, 21, 7.56%, 0, 0, 3, 11.90
1747833319, 0, 812, 1364, 1361, 21, 7.56%, 0, 0, 3, 13.84
1747833330, 0, 813, 1364, 1361, 21, 7.56%, 0, 0, 3, 11.53
1747833340, 0, 814, 1364, 1361, 21, 7.56%, 0, 0, 3, 12.17
1747833350, 0, 815, 1364, 1361, 21, 7.56%, 0, 0, 3, 11.30
1747833365, 0, 818, 1364, 1361, 21, 7.56%, 0, 0, 3, 10.33
1747833376, 0, 819, 1364, 1361, 21, 7.56%, 0, 0, 3, 11.02
1747833386, 0, 821, 1364, 1361, 21, 7.56%, 0, 0, 3, 11.39
1747833396, 0, 822, 1364, 1361, 21, 7.56%, 0, 0, 3, 11.29
1747833412, 0, 823, 1364, 1361, 21, 7.56%, 0, 0, 3, 14.54
1747833417, 0, 824, 1364, 1361, 21, 7.56%, 0, 0, 3, 15.00
1747833432, 0, 825, 1364, 1361, 21, 7.56%, 0, 0, 3, 14.85
1747833437, 0, 826, 1364, 1361, 21, 7.56%, 0, 0, 3, 13.54
1747833447, 0, 827, 1364, 1361, 21, 7.56%, 0, 0, 3, 11.17
1747833458, 0, 827, 1365, 1362, 21, 7.57%, 0, 0, 3, 10.11
1747833463, 0, 827, 1366, 1363, 21, 7.57%, 0, 0, 3, 10.43
1747833479, 0, 827, 1367, 1364, 21, 7.57%, 0, 0, 3, 9.51
1747833530, 0, 827, 1368, 1365, 21, 7.57%, 0, 0, 3, 10.39
1747833642, 0, 828, 1368, 1365, 22, 7.57%, 0, 0, 3, 11.27
1747833653, 0, 829, 1369, 1366, 22, 7.57%, 0, 0, 3, 10.87
1747833678, 0, 830, 1369, 1366, 22, 7.57%, 0, 0, 3, 11.18
1747833689, 0, 831, 1369, 1366, 22, 7.57%, 0, 0, 3, 11.06
1747833699, 0, 831, 1370, 1367, 22, 7.57%, 0, 0, 3, 11.31
1747833714, 0, 832, 1370, 1367, 23, 7.57%, 0, 0, 3, 11.96
1747833725, 0, 834, 1370, 1367, 23, 7.57%, 0, 0, 3, 11.70
1747833735, 0, 836, 1370, 1367, 23, 7.57%, 0, 0, 3, 11.86
1747833745, 0, 836, 1371, 1368, 23, 7.57%, 0, 0, 3, 9.42
1747833761, 0, 838, 1371, 1368, 23, 7.57%, 0, 0, 3, 10.24
1747833771, 0, 839, 1371, 1368, 23, 7.57%, 0, 0, 3, 11.32
1747833781, 0, 840, 1371, 1368, 23, 7.57%, 0, 0, 3, 13.84
1747833791, 0, 841, 1371, 1368, 23, 7.57%, 0, 0, 3, 12.69
1747833802, 0, 843, 1371, 1368, 23, 7.57%, 0, 0, 3, 11.54
1747833812, 0, 845, 1371, 1368, 23, 7.57%, 0, 0, 3, 11.18
1747833822, 0, 846, 1372, 1369, 23, 7.57%, 0, 0, 3, 10.22
1747833848, 0, 847, 1372, 1369, 23, 7.57%, 0, 0, 3, 12.54
1747833858, 0, 848, 1372, 1369, 23, 7.57%, 0, 0, 3, 12.48
1747833868, 0, 848, 1373, 1370, 23, 7.57%, 0, 0, 3, 10.23
1747833879, 0, 851, 1373, 1370, 23, 7.57%, 0, 0, 3, 11.26
1747833884, 0, 851, 1374, 1371, 23, 7.57%, 0, 0, 3, 10.26
1747833905, 0, 852, 1374, 1371, 23, 7.57%, 0, 0, 3, 11.91
1747833915, 0, 853, 1374, 1371, 23, 7.57%, 0, 0, 3, 12.11
1747833930, 0, 854, 1374, 1371, 23, 7.57%, 0, 0, 3, 10.86
1747833941, 0, 854, 1375, 1372, 23, 7.57%, 0, 0, 3, 9.84
1747833956, 0, 856, 1375, 1372, 23, 7.57%, 0, 0, 3, 10.64
1747833966, 0, 857, 1375, 1372, 23, 7.57%, 0, 0, 3, 11.68
1747833976, 0, 858, 1375, 1372, 23, 7.57%, 0, 0, 3, 12.63
1747833987, 0, 859, 1375, 1372, 23, 7.57%, 0, 0, 3, 12.41
1747833997, 0, 860, 1375, 1372, 23, 7.57%, 0, 0, 3, 11.34
1747834007, 0, 864, 1375, 1372, 23, 7.57%, 0, 0, 3, 10.62
1747834023, 0, 865, 1375, 1372, 23, 7.57%, 0, 0, 3, 10.81
1747834033, 0, 866, 1375, 1372, 23, 7.57%, 0, 0, 3, 11.99
1747834044, 0, 867, 1375, 1372, 23, 7.57%, 0, 0, 3, 10.28
1747834054, 0, 869, 1375, 1372, 23, 7.57%, 0, 0, 3, 10.90
1747834069, 0, 870, 1376, 1373, 23, 7.57%, 0, 0, 3, 9.91
1747834074, 0, 870, 1377, 1374, 23, 7.57%, 0, 0, 3, 10.39
1747834115, 0, 871, 1377, 1374, 23, 7.57%, 0, 0, 3, 11.37
1747834125, 0, 872, 1377, 1374, 23, 7.57%, 0, 0, 3, 10.68
1747834140, 0, 873, 1377, 1374, 23, 7.57%, 0, 0, 3, 10.53
1747834151, 0, 874, 1377, 1374, 23, 7.57%, 0, 0, 3, 11.00
1747834161, 0, 875, 1377, 1374, 23, 7.57%, 0, 0, 3, 13.04
1747834166, 0, 875, 1378, 1375, 23, 7.57%, 0, 0, 3, 14.97
1747834176, 0, 876, 1378, 1375, 23, 7.57%, 0, 0, 3, 15.30
1747834192, 0, 877, 1378, 1375, 23, 7.57%, 0, 0, 3, 12.09
1747834202, 0, 878, 1378, 1375, 23, 7.57%, 0, 0, 3, 10.93
1747834213, 0, 880, 1378, 1375, 23, 7.57%, 0, 0, 3, 10.93
1747834223, 0, 881, 1378, 1375, 23, 7.57%, 0, 0, 3, 10.40
1747834238, 0, 882, 1378, 1375, 23, 7.57%, 0, 0, 3, 11.41
1747834249, 0, 883, 1378, 1375, 23, 7.57%, 0, 0, 3, 14.46
1747834254, 0, 885, 1378, 1375, 23, 7.57%, 0, 0, 3, 14.97
1747834269, 0, 886, 1378, 1375, 23, 7.57%, 0, 0, 3, 10.44
1747834279, 0, 887, 1378, 1375, 23, 7.57%, 0, 0, 3, 11.16
1747834290, 0, 888, 1378, 1375, 23, 7.57%, 0, 0, 3, 11.64
1747834300, 0, 890, 1378, 1375, 23, 7.57%, 0, 0, 3, 12.63
1747834310, 0, 891, 1378, 1375, 23, 7.57%, 0, 0, 3, 10.02
1747834326, 0, 893, 1378, 1375, 23, 7.57%, 0, 0, 3, 10.97
1747834336, 0, 897, 1378, 1375, 23, 7.57%, 0, 0, 3, 10.82
1747834346, 0, 898, 1378, 1375, 23, 7.57%, 0, 0, 3, 10.97
1747834362, 0, 899, 1378, 1375, 23, 7.57%, 0, 0, 3, 10.43
1747834372, 0, 900, 1378, 1375, 23, 7.57%, 0, 0, 3, 11.95
1747834382, 0, 901, 1378, 1375, 23, 7.57%, 0, 0, 3, 10.53
1747834398, 0, 902, 1378, 1375, 23, 7.57%, 0, 0, 3, 10.78
1747834408, 0, 903, 1378, 1375, 23, 7.57%, 0, 0, 3, 10.41
1747834418, 0, 904, 1378, 1375, 23, 7.57%, 0, 0, 3, 13.61
1747834525, 0, 904, 1380, 1377, 23, 7.57%, 0, 0, 3, 23.85
1747837455, 0, 904, 1381, 1378, 23, 7.57%, 0, 0, 3, 15.94
1747837507, 0, 906, 1381, 1377, 23, 7.57%, 0, 0, 3, 13.88
1747837517, 0, 907, 1381, 1377, 23, 7.57%, 0, 0, 3, 11.11
1747837533, 0, 908, 1381, 1377, 23, 7.57%, 0, 0, 3, 11.11
1747837543, 0, 909, 1381, 1377, 23, 7.57%, 0, 0, 3, 11.63
1747837553, 0, 910, 1381, 1377, 23, 7.57%, 0, 0, 3, 10.72
1747837564, 0, 911, 1381, 1377, 23, 7.57%, 0, 0, 3, 11.78
1747837579, 0, 912, 1381, 1377, 23, 7.57%, 0, 0, 3, 10.17
1747837589, 0, 913, 1381, 1377, 23, 7.57%, 0, 0, 3, 12.23
1747837599, 0, 913, 1382, 1378, 23, 7.57%, 0, 0, 3, 10.54
1747837615, 0, 914, 1382, 1378, 23, 7.57%, 0, 0, 3, 14.21
1747837758, 0, 914, 1383, 1379, 23, 7.57%, 0, 0, 3, 22.16
1747841317, 0, 915, 1383, 1378, 22, 7.57%, 0, 0, 3, 12.58
1747841327, 0, 916, 1383, 1378, 22, 7.57%, 0, 0, 3, 11.42
1747841337, 0, 918, 1383, 1378, 22, 7.57%, 0, 0, 3, 13.58
1747845821, 0, 919, 1383, 1377, 22, 7.57%, 0, 0, 3, 13.38
1747845831, 0, 920, 1383, 1377, 22, 7.57%, 0, 0, 3, 11.28
1747845842, 0, 921, 1383, 1377, 22, 7.57%, 0, 0, 3, 11.56
1747845847, 0, 921, 1384, 1378, 22, 7.57%, 0, 0, 3, 10.71
1747845867, 0, 922, 1384, 1378, 22, 7.57%, 0, 0, 3, 11.04
1747845883, 0, 924, 1384, 1378, 22, 7.57%, 0, 0, 3, 11.20
1747845893, 0, 925, 1385, 1379, 22, 7.57%, 0, 0, 3, 10.37
1747845914, 0, 926, 1385, 1379, 21, 7.57%, 0, 0, 3, 12.29
1747845924, 0, 927, 1385, 1379, 21, 7.57%, 0, 0, 3, 15.57
1747845929, 0, 929, 1385, 1379, 21, 7.57%, 0, 0, 3, 15.13
1747845945, 0, 930, 1385, 1379, 21, 7.57%, 0, 0, 3, 14.08
1747845950, 0, 931, 1385, 1379, 21, 7.57%, 0, 0, 3, 15.25
1747845960, 0, 932, 1385, 1379, 21, 7.57%, 0, 0, 3, 12.66
1747845970, 0, 933, 1385, 1379, 21, 7.57%, 0, 0, 3, 10.68
1747845985, 0, 934, 1385, 1379, 21, 7.57%, 0, 0, 3, 14.60
1747845990, 0, 936, 1385, 1379, 21, 7.57%, 0, 0, 3, 13.68
1747846006, 0, 937, 1385, 1379, 21, 7.57%, 0, 0, 3, 10.87
1747846016, 0, 938, 1385, 1379, 21, 7.57%, 0, 0, 3, 14.68
1747849913, 0, 939, 1385, 1378, 21, 7.57%, 0, 0, 3, 12.37
1747849923, 0, 940, 1385, 1378, 21, 7.57%, 0, 0, 3, 12.26
1747849933, 0, 941, 1385, 1378, 21, 7.57%, 0, 0, 3, 11.72
1747849944, 0, 942, 1385, 1378, 21, 7.57%, 0, 0, 3, 12.53
1747849954, 0, 943, 1385, 1378, 21, 7.57%, 0, 0, 3, 15.16
1747849964, 0, 944, 1386, 1379, 21, 7.57%, 0, 0, 3, 12.33
1747849980, 0, 944, 1387, 1380, 21, 7.57%, 0, 0, 3, 10.27
1747850000, 0, 944, 1388, 1381, 21, 7.57%, 0, 0, 3, 10.17
1747850005, 0, 944, 1389, 1382, 21, 7.57%, 0, 0, 3, 9.94
1747850076, 0, 944, 1390, 1383, 21, 7.57%, 0, 0, 3, 10.54
1747850117, 0, 944, 1391, 1384, 21, 7.57%, 0, 0, 3, 11.13
1747850205, 0, 944, 1392, 1385, 21, 7.57%, 0, 0, 3, 10.60
1747850225, 0, 944, 1393, 1386, 21, 7.57%, 0, 0, 3, 9.50
1747850318, 0, 944, 1394, 1387, 21, 7.57%, 0, 0, 3, 10.20
1747850344, 0, 945, 1394, 1387, 21, 7.57%, 0, 0, 3, 11.51
1747850354, 0, 946, 1394, 1387, 21, 7.57%, 0, 0, 3, 12.72
1747850364, 0, 947, 1394, 1387, 21, 7.57%, 0, 0, 3, 11.26
1747850375, 0, 948, 1394, 1387, 21, 7.57%, 0, 0, 3, 12.59
1747850390, 0, 949, 1394, 1387, 21, 7.57%, 0, 0, 3, 11.14
1747850400, 0, 950, 1394, 1387, 21, 7.57%, 0, 0, 3, 13.85
1747850410, 0, 952, 1394, 1387, 21, 7.57%, 0, 0, 3, 12.24
1747850421, 0, 953, 1394, 1387, 21, 7.57%, 0, 0, 3, 11.53
1747850431, 0, 954, 1394, 1387, 21, 7.57%, 0, 0, 3, 13.46
1747850436, 0, 954, 1395, 1388, 21, 7.57%, 0, 0, 3, 14.68
1747850446, 0, 955, 1395, 1388, 21, 7.57%, 0, 0, 3, 15.57
1747850456, 0, 956, 1395, 1388, 21, 7.57%, 0, 0, 3, 12.69
1747850466, 0, 957, 1395, 1388, 21, 7.57%, 0, 0, 3, 10.54
1747850472, 0, 957, 1396, 1389, 21, 7.57%, 0, 0, 3, 10.09
1747850492, 0, 958, 1396, 1389, 21, 7.57%, 0, 0, 3, 10.97
1747850508, 0, 960, 1396, 1389, 21, 7.57%, 0, 0, 3, 10.48
1747850518, 0, 961, 1396, 1389, 21, 7.57%, 0, 0, 3, 10.30
1747850528, 0, 962, 1396, 1389, 21, 7.57%, 0, 0, 3, 11.90
1747850543, 0, 963, 1396, 1389, 21, 7.57%, 0, 0, 3, 11.09
1747850553, 0, 965, 1396, 1389, 21, 7.57%, 0, 0, 3, 14.47
1747850559, 0, 967, 1396, 1389, 21, 7.57%, 0, 0, 3, 14.33
1747850574, 0, 968, 1396, 1389, 21, 7.57%, 0, 0, 3, 10.12
1747850585, 0, 969, 1396, 1389, 21, 7.57%, 0, 0, 3, 11.37
1747850595, 0, 970, 1396, 1389, 21, 7.57%, 0, 0, 3, 11.76
1747850605, 0, 971, 1396, 1389, 21, 7.57%, 0, 0, 3, 12.53
1747850615, 0, 971, 1397, 1390, 21, 7.57%, 0, 0, 3, 15.37
1747850626, 0, 972, 1397, 1390, 21, 7.57%, 0, 0, 3, 12.55
1747850636, 0, 973, 1397, 1390, 21, 7.57%, 0, 0, 3, 10.81
1747850646, 0, 974, 1397, 1390, 21, 7.57%, 0, 0, 3, 11.07
1747850657, 0, 974, 1398, 1391, 21, 7.57%, 0, 0, 3, 10.64
1747850672, 0, 975, 1398, 1391, 21, 7.57%, 0, 0, 3, 10.46
1747850682, 0, 976, 1398, 1391, 21, 7.57%, 0, 0, 3, 12.17
1747850697, 0, 977, 1398, 1391, 21, 7.57%, 0, 0, 3, 11.30
1747850708, 0, 978, 1398, 1391, 21, 7.57%, 0, 0, 3, 11.79
1747850718, 0, 979, 1398, 1391, 21, 7.57%, 0, 0, 3, 11.68
1747850728, 0, 980, 1398, 1391, 21, 7.57%, 0, 0, 3, 11.51
1747850744, 0, 983, 1398, 1391, 21, 7.57%, 0, 0, 3, 9.98
1747850754, 0, 984, 1398, 1391, 21, 7.57%, 0, 0, 3, 12.03
1747850765, 0, 986, 1398, 1391, 21, 7.57%, 0, 0, 3, 15.17
1747850770, 0, 987, 1398, 1391, 21, 7.57%, 0, 0, 3, 15.83
1747850780, 0, 988, 1398, 1391, 21, 7.57%, 0, 0, 3, 12.33
1747850790, 0, 989, 1398, 1391, 21, 7.57%, 0, 0, 3, 10.70
1747850805, 0, 991, 1398, 1391, 21, 7.57%, 0, 0, 3, 10.52
1747850815, 0, 992, 1398, 1391, 21, 7.57%, 0, 0, 3, 11.57
1747850826, 0, 993, 1398, 1391, 21, 7.57%, 0, 0, 3, 10.78
1747850836, 0, 995, 1398, 1391, 21, 7.57%, 0, 0, 3, 12.98
1747850846, 0, 996, 1398, 1391, 21, 7.57%, 0, 0, 3, 13.19
1747850857, 0, 997, 1398, 1391, 21, 7.57%, 0, 0, 3, 11.16
1747850872, 0, 998, 1398, 1391, 21, 7.57%, 0, 0, 3, 14.05
1747850877, 0, 999, 1398, 1391, 21, 7.57%, 0, 0, 3, 14.55
1747850893, 0, 1000, 1398, 1391, 21, 7.57%, 0, 0, 3, 12.15
1747850903, 0, 1003, 1398, 1391, 21, 7.57%, 0, 0, 3, 11.47
1747850913, 0, 1004, 1398, 1391, 21, 7.57%, 0, 0, 3, 11.58
1747850924, 0, 1005, 1398, 1391, 21, 7.57%, 0, 0, 3, 11.28
1747850939, 0, 1006, 1398, 1391, 21, 7.57%, 0, 0, 3, 10.44
1747850949, 0, 1007, 1398, 1391, 21, 7.57%, 0, 0, 3, 10.48
1747850960, 0, 1008, 1398, 1391, 21, 7.57%, 0, 0, 3, 10.79
1747850975, 0, 1008, 1400, 1393, 21, 7.57%, 0, 0, 3, 8.76
1747851011, 0, 1009, 1400, 1393, 21, 7.57%, 0, 0, 3, 12.19
1747856436, 0, 1010, 1400, 1392, 20, 7.57%, 0, 0, 3, 20.72
1747856441, 0, 1011, 1400, 1392, 20, 7.57%, 0, 0, 3, 19.22
1747856446, 0, 1013, 1400, 1392, 20, 7.57%, 0, 0, 3, 18.29
1747856456, 0, 1014, 1400, 1392, 20, 7.57%, 0, 0, 3, 19.08
1747856461, 0, 1015, 1400, 1392, 20, 7.57%, 0, 0, 3, 19.36
1747856466, 0, 1016, 1400, 1392, 20, 7.57%, 0, 0, 3, 19.98
1747856477, 0, 1018, 1400, 1392, 20, 7.57%, 0, 0, 3, 19.95
1747856482, 0, 1019, 1400, 1392, 20, 7.57%, 0, 0, 3, 18.89
1747856487, 0, 1020, 1400, 1392, 20, 7.57%, 0, 0, 3, 18.27
1747856497, 0, 1021, 1400, 1392, 20, 7.57%, 0, 0, 3, 19.30
1747856502, 0, 1022, 1400, 1392, 20, 7.57%, 0, 0, 3, 19.02
1747856508, 0, 1024, 1400, 1392, 20, 7.57%, 0, 0, 3, 19.42
1747856518, 0, 1025, 1400, 1392, 20, 7.57%, 0, 0, 3, 19.06
1747856523, 0, 1026, 1400, 1392, 20, 7.57%, 0, 0, 3, 18.12
1747856528, 0, 1027, 1400, 1392, 20, 7.57%, 0, 0, 3, 18.42
1747856538, 0, 1028, 1400, 1392, 20, 7.57%, 0, 0, 3, 18.51
1747856543, 0, 1029, 1401, 1393, 20, 7.57%, 0, 0, 3, 22.24
1747856553, 0, 1031, 1402, 1394, 20, 7.57%, 0, 0, 3, 22.24
1747856568, 0, 1032, 1402, 1394, 20, 7.57%, 0, 0, 3, 19.58
1747856574, 0, 1033, 1402, 1394, 20, 7.57%, 0, 0, 3, 20.38
1747856579, 0, 1034, 1402, 1394, 20, 7.57%, 0, 0, 3, 19.85
1747856584, 0, 1036, 1402, 1394, 20, 7.57%, 0, 0, 3, 24.00
1747856594, 0, 1037, 1402, 1394, 20, 7.57%, 0, 0, 3, 19.77
1747856599, 0, 1039, 1402, 1394, 20, 7.57%, 0, 0, 3, 20.75
1747856604, 0, 1040, 1402, 1394, 20, 7.57%, 0, 0, 3, 19.57
1747856609, 0, 1041, 1402, 1394, 20, 7.57%, 0, 0, 3, 20.44
1747856619, 0, 1042, 1402, 1394, 20, 7.57%, 0, 0, 3, 18.76
1747856625, 0, 1043, 1403, 1395, 20, 7.57%, 0, 0, 3, 17.26
1747856640, 0, 1044, 1403, 1395, 19, 7.57%, 0, 0, 3, 18.33
1747856645, 0, 1045, 1403, 1395, 19, 7.57%, 0, 0, 3, 18.99
1747856655, 0, 1046, 1403, 1395, 19, 7.57%, 0, 0, 3, 19.13
1747856661, 0, 1047, 1403, 1395, 19, 7.57%, 0, 0, 3, 18.87
1747856666, 0, 1048, 1403, 1395, 19, 7.57%, 0, 0, 3, 21.83
1747856671, 0, 1051, 1403, 1395, 19, 7.57%, 0, 0, 3, 23.73
1747856676, 0, 1054, 1403, 1395, 19, 7.57%, 0, 0, 3, 20.52
1747856681, 0, 1055, 1403, 1395, 19, 7.57%, 0, 0, 3, 24.48
1747856692, 0, 1058, 1403, 1395, 19, 7.57%, 0, 0, 3, 18.97
1747856697, 0, 1061, 1403, 1395, 19, 7.57%, 0, 0, 3, 19.09
1747856702, 0, 1062, 1403, 1395, 19, 7.57%, 0, 0, 3, 19.65
1747856712, 0, 1063, 1403, 1395, 19, 7.57%, 0, 0, 3, 19.17
1747856717, 0, 1065, 1403, 1395, 19, 7.57%, 0, 0, 3, 18.53
1747856722, 0, 1066, 1403, 1395, 19, 7.57%, 0, 0, 3, 18.36
1747856732, 0, 1067, 1403, 1395, 19, 7.57%, 0, 0, 3, 19.70
1747856737, 0, 1068, 1403, 1395, 19, 7.57%, 0, 0, 3, 19.04
1747856743, 0, 1069, 1403, 1395, 19, 7.57%, 0, 0, 3, 19.56
1747856753, 0, 1073, 1403, 1395, 19, 7.57%, 0, 0, 3, 24.45
1747856758, 0, 1074, 1403, 1395, 19, 7.57%, 0, 0, 3, 20.71
1747856763, 0, 1075, 1403, 1395, 19, 7.57%, 0, 0, 3, 18.54
1747856768, 0, 1076, 1403, 1395, 19, 7.57%, 0, 0, 3, 19.55
1747856778, 0, 1077, 1403, 1395, 19, 7.57%, 0, 0, 3, 20.13
1747856783, 0, 1078, 1403, 1395, 19, 7.57%, 0, 0, 3, 24.02
1747856789, 0, 1079, 1403, 1395, 19, 7.57%, 0, 0, 3, 21.68
1747856794, 0, 1081, 1403, 1395, 19, 7.57%, 0, 0, 3, 19.48
1747856804, 0, 1082, 1403, 1395, 19, 7.57%, 0, 0, 3, 18.30
1747856809, 0, 1083, 1403, 1395, 19, 7.57%, 0, 0, 3, 17.64
1747856814, 0, 1084, 1403, 1395, 19, 7.57%, 0, 0, 3, 18.68
1747856825, 0, 1085, 1403, 1395, 19, 7.57%, 0, 0, 3, 18.67
1747856830, 0, 1087, 1403, 1395, 19, 7.57%, 0, 0, 3, 14.92
1747856840, 0, 1088, 1403, 1395, 19, 7.57%, 0, 0, 3, 11.81
1747856850, 0, 1089, 1403, 1395, 19, 7.57%, 0, 0, 3, 10.60
1747856866, 0, 1090, 1403, 1395, 19, 7.57%, 0, 0, 3, 11.36
1747856876, 0, 1091, 1403, 1395, 19, 7.57%, 0, 0, 3, 11.49
1747856886, 0, 1093, 1403, 1395, 19, 7.57%, 0, 0, 3, 10.87
1747856902, 0, 1094, 1403, 1395, 19, 7.57%, 0, 0, 3, 11.03
1747856912, 0, 1096, 1403, 1395, 19, 7.57%, 0, 0, 3, 14.40
1747856917, 0, 1097, 1403, 1395, 19, 7.57%, 0, 0, 3, 14.10
1747856933, 0, 1098, 1404, 1396, 19, 7.57%, 0, 0, 3, 14.54
1747856948, 0, 1099, 1405, 1397, 19, 7.57%, 0, 0, 3, 12.53
1747856969, 0, 1100, 1405, 1397, 19, 7.57%, 0, 0, 3, 11.40
1747856974, 0, 1100, 1406, 1398, 19, 7.66%, 0, 0, 3, 10.08
1747856985, 0, 1100, 1407, 1399, 19, 7.66%, 0, 0, 3, 10.60
1747857000, 0, 1100, 1408, 1400, 19, 7.66%, 0, 0, 3, 10.12
1747857051, 0, 1100, 1409, 1401, 19, 7.66%, 0, 0, 3, 10.47
1747857093, 0, 1100, 1410, 1402, 19, 7.66%, 0, 0, 3, 10.75
1747857134, 0, 1100, 1411, 1403, 19, 7.66%, 0, 0, 3, 10.30
1747857262, 0, 1100, 1412, 1404, 19, 7.67%, 0, 0, 3, 11.05
1747857288, 0, 1100, 1413, 1405, 19, 7.67%, 0, 0, 3, 9.00
1747857355, 0, 1101, 1413, 1405, 20, 7.67%, 0, 0, 3, 10.81
1747857370, 0, 1102, 1413, 1405, 20, 7.67%, 0, 0, 3, 10.80
1747857381, 0, 1103, 1413, 1405, 20, 7.67%, 0, 0, 3, 12.16
1747857391, 0, 1105, 1413, 1405, 20, 7.67%, 0, 0, 3, 13.79
1747857396, 0, 1106, 1413, 1405, 20, 7.67%, 0, 0, 3, 14.60
1747857407, 0, 1106, 1414, 1406, 20, 7.67%, 0, 0, 3, 10.70
1747857422, 0, 1107, 1414, 1406, 20, 7.67%, 0, 0, 3, 10.44
1747857438, 0, 1108, 1415, 1407, 20, 7.67%, 0, 0, 3, 10.60
1747857448, 0, 1108, 1416, 1408, 20, 7.67%, 0, 0, 3, 10.80
1747857453, 0, 1108, 1417, 1409, 20, 7.67%, 0, 0, 3, 9.07
1747857459, 0, 1108, 1418, 1410, 20, 7.67%, 0, 0, 3, 9.38
1747857521, 0, 1108, 1419, 1411, 20, 7.67%, 0, 0, 3, 10.03
1747857526, 0, 1108, 1420, 1412, 20, 7.67%, 0, 0, 3, 9.25
1747857531, 0, 1108, 1421, 1413, 20, 7.67%, 0, 0, 3, 9.41
1747857598, 0, 1108, 1422, 1414, 20, 7.67%, 0, 0, 3, 9.57
1747857644, 0, 1108, 1423, 1415, 20, 7.67%, 0, 0, 3, 11.03
1747857675, 0, 1108, 1424, 1416, 20, 7.67%, 0, 0, 3, 10.02
1747857731, 0, 1108, 1425, 1417, 20, 7.67%, 0, 0, 3, 10.97
1747857793, 0, 1108, 1426, 1418, 20, 7.67%, 0, 0, 3, 10.07
1747857829, 0, 1109, 1426, 1418, 20, 7.67%, 0, 0, 3, 11.27
1747857844, 0, 1110, 1426, 1418, 20, 7.67%, 0, 0, 3, 10.92
1747857854, 0, 1111, 1426, 1418, 20, 7.67%, 0, 0, 3, 10.59
1747857865, 0, 1112, 1426, 1418, 20, 7.67%, 0, 0, 3, 11.64
1747857880, 0, 1113, 1426, 1418, 20, 7.67%, 0, 0, 3, 11.18
1747857891, 0, 1114, 1426, 1418, 20, 7.67%, 0, 0, 3, 10.76
1747857901, 0, 1115, 1426, 1418, 20, 7.67%, 0, 0, 3, 11.13
1747857916, 0, 1116, 1426, 1418, 20, 7.67%, 0, 0, 3, 11.00
1747857927, 0, 1118, 1426, 1418, 20, 7.67%, 0, 0, 3, 13.73
1747857932, 0, 1119, 1426, 1418, 20, 7.67%, 0, 0, 3, 15.28
1747857947, 0, 1121, 1426, 1418, 20, 7.67%, 0, 0, 3, 11.42
1747857957, 0, 1122, 1426, 1418, 20, 7.67%, 0, 0, 3, 13.52
1747857963, 0, 1123, 1426, 1418, 20, 7.67%, 0, 0, 3, 15.31
1747857978, 0, 1124, 1426, 1418, 20, 7.67%, 0, 0, 3, 11.06
1747857988, 0, 1125, 1426, 1418, 20, 7.67%, 0, 0, 3, 10.64
1747858004, 0, 1127, 1428, 1420, 20, 7.67%, 0, 0, 3, 9.08
1747858014, 0, 1127, 1429, 1421, 20, 7.67%, 0, 0, 3, 10.23
1747858019, 0, 1127, 1430, 1422, 20, 7.67%, 0, 0, 3, 9.53
1747858091, 0, 1127, 1431, 1423, 20, 7.67%, 0, 0, 3, 10.37
1747858169, 0, 1127, 1432, 1424, 20, 7.67%, 0, 0, 3, 11.79
1747858236, 0, 1127, 1433, 1425, 20, 7.67%, 0, 0, 3, 10.69
1747858266, 0, 1127, 1434, 1426, 20, 7.67%, 0, 0, 3, 11.04
1747858370, 0, 1127, 1435, 1427, 20, 7.67%, 0, 0, 3, 11.67
1747858395, 0, 1128, 1435, 1427, 20, 7.67%, 0, 0, 3, 11.56
1747858400, 0, 1128, 1436, 1428, 20, 7.67%, 0, 0, 3, 9.88
1747858421, 0, 1129, 1436, 1428, 20, 7.67%, 0, 0, 3, 10.79
1747858436, 0, 1130, 1436, 1428, 20, 7.67%, 0, 0, 3, 10.37
1747858441, 0, 1130, 1437, 1429, 20, 7.67%, 0, 0, 3, 9.21
1747858462, 0, 1131, 1437, 1429, 20, 7.67%, 0, 0, 3, 10.55
1747858472, 0, 1132, 1437, 1429, 20, 7.67%, 0, 0, 3, 11.37
1747858482, 0, 1133, 1437, 1429, 20, 7.67%, 0, 0, 3, 11.26
1747858492, 0, 1135, 1437, 1429, 20, 7.67%, 0, 0, 3, 12.46
1747858503, 0, 1136, 1437, 1429, 20, 7.67%, 0, 0, 3, 11.39
1747858518, 0, 1138, 1437, 1429, 20, 7.67%, 0, 0, 3, 11.01
1747858528, 0, 1139, 1437, 1429, 20, 7.67%, 0, 0, 3, 10.61
1747858539, 0, 1140, 1437, 1429, 20, 7.67%, 0, 0, 3, 11.89
1747858549, 0, 1142, 1438, 1430, 20, 7.68%, 0, 0, 3, 10.91
1747858559, 0, 1142, 1439, 1431, 20, 7.68%, 0, 0, 3, 9.31
1747858574, 0, 1142, 1440, 1432, 20, 7.68%, 0, 0, 3, 10.95
1747858651, 0, 1143, 1441, 1433, 21, 7.68%, 0, 0, 3, 9.16
1747858672, 0, 1143, 1442, 1434, 21, 7.68%, 0, 0, 3, 10.55
1747858702, 0, 1144, 1442, 1434, 22, 7.68%, 0, 0, 3, 11.48
1747858712, 0, 1145, 1442, 1434, 22, 7.68%, 0, 0, 3, 10.97
1747858728, 0, 1146, 1442, 1434, 22, 7.68%, 0, 0, 3, 11.14
1747858738, 0, 1147, 1442, 1434, 22, 7.68%, 0, 0, 3, 11.08
1747858748, 0, 1147, 1443, 1435, 22, 7.68%, 0, 0, 3, 9.75
1747858764, 0, 1148, 1443, 1435, 22, 7.68%, 0, 0, 3, 11.23
1747858774, 0, 1149, 1443, 1435, 22, 7.68%, 0, 0, 3, 11.17
1747858784, 0, 1150, 1443, 1435, 22, 7.68%, 0, 0, 3, 11.27
1747858800, 0, 1151, 1443, 1435, 22, 7.68%, 0, 0, 3, 13.87
1747858805, 0, 1152, 1443, 1435, 22, 7.68%, 0, 0, 3, 13.88
1747858821, 0, 1154, 1444, 1436, 22, 7.68%, 0, 0, 3, 11.38
1747858847, 0, 1155, 1445, 1437, 22, 7.68%, 0, 0, 3, 10.88
1747858852, 0, 1155, 1446, 1438, 22, 7.68%, 0, 0, 3, 9.87
1747858898, 0, 1157, 1446, 1438, 22, 7.68%, 0, 0, 3, 10.47
1747858909, 0, 1159, 1446, 1438, 22, 7.68%, 0, 0, 3, 10.74
1747858919, 0, 1160, 1446, 1438, 22, 7.68%, 0, 0, 3, 11.77
1747858934, 0, 1161, 1446, 1438, 22, 7.68%, 0, 0, 3, 10.46
1747858944, 0, 1162, 1446, 1438, 22, 7.68%, 0, 0, 3, 10.48
1747858955, 0, 1163, 1446, 1438, 22, 7.68%, 0, 0, 3, 10.86
1747858970, 0, 1164, 1446, 1438, 22, 7.68%, 0, 0, 3, 10.39
1747858981, 0, 1165, 1447, 1439, 22, 7.68%, 0, 0, 3, 10.46
1747858991, 0, 1165, 1448, 1440, 22, 7.68%, 0, 0, 3, 9.70
1747859032, 0, 1166, 1448, 1440, 22, 7.68%, 0, 0, 3, 11.11
1747859042, 0, 1170, 1448, 1440, 22, 7.68%, 0, 0, 3, 10.48
1747859058, 0, 1171, 1448, 1440, 22, 7.68%, 0, 0, 3, 12.07
1747859068, 0, 1172, 1448, 1440, 22, 7.68%, 0, 0, 3, 10.09
1747859078, 0, 1172, 1450, 1442, 22, 7.68%, 0, 0, 3, 9.70
1747859119, 0, 1173, 1450, 1442, 22, 7.68%, 0, 0, 3, 10.59
1747859130, 0, 1175, 1450, 1442, 22, 7.68%, 0, 0, 3, 10.84
1747859145, 0, 1176, 1450, 1442, 22, 7.68%, 0, 0, 3, 10.71
1747859156, 0, 1177, 1450, 1442, 22, 7.68%, 0, 0, 3, 10.32
1747859171, 0, 1178, 1450, 1442, 22, 7.68%, 0, 0, 3, 14.20
1747859176, 0, 1178, 1451, 1443, 22, 7.68%, 0, 0, 3, 14.77
1747859187, 0, 1179, 1451, 1443, 22, 7.68%, 0, 0, 3, 11.95
1747859197, 0, 1179, 1452, 1444, 22, 7.68%, 0, 0, 3, 9.29
1747859212, 0, 1182, 1452, 1444, 22, 7.68%, 0, 0, 3, 11.15
1747859217, 0, 1182, 1453, 1445, 22, 7.68%, 0, 0, 3, 10.31
1747859238, 0, 1183, 1453, 1445, 22, 7.68%, 0, 0, 3, 11.10
1747859248, 0, 1185, 1453, 1445, 22, 7.68%, 0, 0, 3, 12.74
1747859253, 0, 1185, 1454, 1446, 22, 7.68%, 0, 0, 3, 11.02
1747859258, 0, 1185, 1455, 1447, 22, 7.68%, 0, 0, 3, 10.09
1747859268, 0, 1185, 1456, 1448, 22, 7.68%, 0, 0, 3, 10.51
1747859351, 0, 1187, 1456, 1448, 22, 7.68%, 0, 0, 3, 11.53
1747859361, 0, 1188, 1456, 1448, 22, 7.68%, 0, 0, 3, 9.84
1747859376, 0, 1189, 1456, 1448, 22, 7.68%, 0, 0, 3, 11.34
1747859387, 0, 1190, 1456, 1448, 22, 7.68%, 0, 0, 3, 9.97
1747859397, 0, 1192, 1456, 1448, 22, 7.68%, 0, 0, 3, 11.53
1747859413, 0, 1194, 1456, 1448, 22, 7.68%, 0, 0, 3, 10.26
1747859423, 0, 1195, 1456, 1448, 22, 7.68%, 0, 0, 3, 11.57
1747859433, 0, 1196, 1456, 1448, 22, 7.68%, 0, 0, 3, 11.28
1747859443, 0, 1197, 1456, 1448, 22, 7.68%, 0, 0, 3, 11.04
1747859458, 0, 1199, 1456, 1448, 22, 7.68%, 0, 0, 3, 9.67
1747859469, 0, 1200, 1456, 1448, 22, 7.68%, 0, 0, 3, 10.41
1747859479, 0, 1201, 1456, 1448, 22, 7.68%, 0, 0, 3, 11.43
1747859494, 0, 1202, 1456, 1448, 22, 7.68%, 0, 0, 3, 11.81
1747859505, 0, 1203, 1456, 1448, 22, 7.68%, 0, 0, 3, 11.17
1747859515, 0, 1203, 1457, 1449, 22, 7.68%, 0, 0, 3, 9.30
1747859530, 0, 1204, 1457, 1449, 22, 7.68%, 0, 0, 3, 11.08
1747859540, 0, 1205, 1457, 1449, 22, 7.68%, 0, 0, 3, 11.61
1747859551, 0, 1206, 1457, 1449, 22, 7.68%, 0, 0, 3, 11.96
1747859561, 0, 1210, 1457, 1449, 22, 7.68%, 0, 0, 3, 10.90
1747859566, 0, 1210, 1458, 1450, 22, 7.68%, 0, 0, 3, 10.27
1747859587, 0, 1213, 1458, 1450, 22, 7.68%, 0, 0, 3, 10.81
1747859592, 0, 1213, 1459, 1451, 22, 7.68%, 0, 0, 3, 10.72
1747859602, 0, 1213, 1460, 1452, 22, 7.68%, 0, 0, 3, 9.75
1747859638, 0, 1214, 1460, 1452, 22, 7.68%, 0, 0, 3, 10.67
1747859654, 0, 1215, 1460, 1452, 22, 7.68%, 0, 0, 3, 9.84
1747859664, 0, 1216, 1460, 1452, 22, 7.68%, 0, 0, 3, 10.82
1747859679, 0, 1217, 1460, 1452, 22, 7.68%, 0, 0, 3, 10.67
1747859690, 0, 1218, 1460, 1452, 22, 7.68%, 0, 0, 3, 11.05
1747859700, 0, 1219, 1460, 1452, 22, 7.68%, 0, 0, 3, 11.20
1747859715, 0, 1221, 1460, 1452, 22, 7.68%, 0, 0, 3, 10.48
1747859725, 0, 1222, 1460, 1452, 22, 7.68%, 0, 0, 3, 11.02
1747859741, 0, 1223, 1460, 1452, 22, 7.68%, 0, 0, 3, 10.00
1747859751, 0, 1226, 1460, 1452, 22, 7.68%, 0, 0, 3, 10.53
1747859766, 0, 1228, 1460, 1452, 22, 7.68%, 0, 0, 3, 10.15
1747859776, 0, 1229, 1460, 1452, 22, 7.68%, 0, 0, 3, 11.08
1747859787, 0, 1230, 1460, 1452, 22, 7.68%, 0, 0, 3, 11.51
1747859797, 0, 1231, 1460, 1452, 22, 7.68%, 0, 0, 3, 11.50
1747859812, 0, 1232, 1460, 1452, 22, 7.68%, 0, 0, 3, 11.83
1747859823, 0, 1233, 1460, 1452, 22, 7.68%, 0, 0, 3, 11.69
1747859833, 0, 1234, 1460, 1452, 22, 7.68%, 0, 0, 3, 11.52
1747859843, 0, 1234, 1461, 1453, 22, 7.68%, 0, 0, 3, 10.14
1747859859, 0, 1235, 1461, 1453, 22, 7.68%, 0, 0, 3, 10.66
1747859869, 0, 1236, 1461, 1453, 22, 7.68%, 0, 0, 3, 10.21
1747859885, 0, 1237, 1461, 1453, 22, 7.68%, 0, 0, 3, 10.51
1747859895, 0, 1238, 1461, 1453, 22, 7.68%, 0, 0, 3, 12.98
1747859905, 0, 1239, 1461, 1453, 22, 7.68%, 0, 0, 3, 12.46
1747859915, 0, 1240, 1461, 1453, 22, 7.68%, 0, 0, 3, 11.41
1747859926, 0, 1241, 1461, 1453, 22, 7.68%, 0, 0, 3, 11.26
1747859936, 0, 1242, 1461, 1453, 22, 7.68%, 0, 0, 3, 10.88
1747859946, 0, 1242, 1462, 1454, 22, 7.68%, 0, 0, 3, 9.70
1747859966, 0, 1243, 1462, 1454, 22, 7.68%, 0, 0, 3, 11.18
1747859977, 0, 1244, 1462, 1454, 22, 7.68%, 0, 0, 3, 13.75
1747859982, 0, 1245, 1462, 1454, 22, 7.68%, 0, 0, 3, 14.51
1747859997, 0, 1246, 1462, 1454, 22, 7.68%, 0, 0, 3, 9.47
1747860013, 0, 1247, 1462, 1454, 22, 7.68%, 0, 0, 3, 10.73
1747860023, 0, 1248, 1462, 1454, 22, 7.68%, 0, 0, 3, 11.19
1747860033, 0, 1249, 1462, 1454, 22, 7.68%, 0, 0, 3, 11.34
1747860044, 0, 1250, 1462, 1454, 22, 7.68%, 0, 0, 3, 11.49
1747860059, 0, 1251, 1462, 1454, 22, 7.68%, 0, 0, 3, 11.16
1747860070, 0, 1252, 1462, 1454, 22, 7.68%, 0, 0, 3, 11.61
1747860080, 0, 1253, 1462, 1454, 22, 7.68%, 0, 0, 3, 11.28
1747860090, 0, 1254, 1462, 1454, 22, 7.68%, 0, 0, 3, 10.29
1747860105, 0, 1256, 1462, 1454, 22, 7.68%, 0, 0, 3, 10.36
1747860115, 0, 1257, 1462, 1454, 22, 7.68%, 0, 0, 3, 11.49
1747860126, 0, 1258, 1462, 1454, 22, 7.68%, 0, 0, 3, 12.50
1747860141, 0, 1260, 1462, 1454, 22, 7.68%, 0, 0, 3, 10.55
1747860151, 0, 1261, 1462, 1454, 22, 7.68%, 0, 0, 3, 10.20
1747860161, 0, 1262, 1462, 1454, 22, 7.68%, 0, 0, 3, 10.63
1747860177, 0, 1264, 1462, 1454, 22, 7.68%, 0, 0, 3, 11.72
1747860187, 0, 1265, 1462, 1454, 22, 7.68%, 0, 0, 3, 11.42
1747860198, 0, 1266, 1462, 1454, 22, 7.68%, 0, 0, 3, 10.67
1747860213, 0, 1267, 1462, 1454, 22, 7.68%, 0, 0, 3, 11.29
1747860223, 0, 1268, 1462, 1454, 22, 7.68%, 0, 0, 3, 11.52
1747860233, 0, 1269, 1462, 1454, 22, 7.68%, 0, 0, 3, 10.71
1747860243, 0, 1270, 1462, 1454, 22, 7.68%, 0, 0, 3, 10.57
1747860254, 0, 1271, 1462, 1454, 22, 7.68%, 0, 0, 3, 12.13
1747860269, 0, 1273, 1462, 1454, 22, 7.68%, 0, 0, 3, 11.06
1747860279, 0, 1274, 1462, 1454, 22, 7.68%, 0, 0, 3, 11.45
1747860290, 0, 1275, 1462, 1454, 22, 7.68%, 0, 0, 3, 10.63
1747860305, 0, 1278, 1462, 1454, 22, 7.68%, 0, 0, 3, 10.45
1747860316, 0, 1279, 1462, 1454, 22, 7.68%, 0, 0, 3, 10.82
1747860331, 0, 1280, 1462, 1454, 22, 7.68%, 0, 0, 3, 10.84
1747860341, 0, 1281, 1462, 1454, 22, 7.68%, 0, 0, 3, 9.30
1747860357, 0, 1282, 1462, 1454, 22, 7.68%, 0, 0, 3, 9.94
1747860367, 0, 1283, 1462, 1454, 22, 7.68%, 0, 0, 3, 10.46
1747860377, 0, 1284, 1462, 1454, 22, 7.68%, 0, 0, 3, 10.40
1747860393, 0, 1285, 1462, 1454, 22, 7.68%, 0, 0, 3, 12.04
1747860403, 0, 1287, 1462, 1454, 22, 7.68%, 0, 0, 3, 11.06
1747860413, 0, 1288, 1462, 1454, 22, 7.68%, 0, 0, 3, 10.34
1747860429, 0, 1289, 1462, 1454, 22, 7.68%, 0, 0, 3, 11.41
1747860439, 0, 1290, 1462, 1454, 22, 7.68%, 0, 0, 3, 10.24
1747860454, 0, 1293, 1462, 1454, 22, 7.68%, 0, 0, 3, 9.89
1747860464, 0, 1294, 1462, 1454, 22, 7.68%, 0, 0, 3, 11.15
1747860480, 0, 1296, 1462, 1454, 22, 7.68%, 0, 0, 3, 10.40
1747860490, 0, 1297, 1462, 1454, 22, 7.68%, 0, 0, 3, 11.54
1747860505, 0, 1297, 1463, 1455, 22, 7.68%, 0, 0, 3, 9.10
1747860521, 0, 1298, 1463, 1455, 22, 7.68%, 0, 0, 3, 9.82
1747860531, 0, 1299, 1463, 1455, 22, 7.68%, 0, 0, 3, 10.22
1747860546, 0, 1300, 1463, 1455, 22, 7.68%, 0, 0, 3, 9.86
1747860557, 0, 1301, 1463, 1455, 22, 7.68%, 0, 0, 3, 10.15
1747860572, 0, 1302, 1463, 1455, 22, 7.68%, 0, 0, 3, 10.70
1747860582, 0, 1303, 1464, 1456, 22, 7.68%, 0, 0, 3, 10.02
1747860608, 0, 1304, 1464, 1456, 22, 7.68%, 0, 0, 3, 10.57
1747860618, 0, 1305, 1464, 1456, 22, 7.68%, 0, 0, 3, 8.97
1747860634, 0, 1306, 1464, 1456, 22, 7.68%, 0, 0, 3, 10.79
1747860644, 0, 1308, 1464, 1456, 22, 7.68%, 0, 0, 3, 10.27
1747860659, 0, 1309, 1464, 1456, 22, 7.68%, 0, 0, 3, 13.95
1747860664, 0, 1310, 1464, 1456, 22, 7.68%, 0, 0, 3, 18.87
1747860669, 0, 1311, 1464, 1456, 22, 7.68%, 0, 0, 3, 19.90
1747860679, 0, 1312, 1464, 1456, 22, 7.68%, 0, 0, 3, 18.15
1747860684, 0, 1315, 1464, 1456, 22, 7.68%, 0, 0, 3, 19.16
