# unix_time, cycles_done, cur_path, paths_total, pending_total, pending_favs, map_size, unique_crashes, unique_hangs, max_depth, execs_per_sec
1747774254, 0, 0, 1, 1, 1, 5.03%, 0, 0, 1, 41.88
1747774259, 0, 0, 32, 32, 1, 5.83%, 0, 0, 2, 51.42
1747774264, 0, 0, 63, 63, 1, 5.83%, 0, 0, 2, 54.43
1747774269, 0, 0, 84, 84, 1, 6.17%, 0, 0, 2, 8.52
1747774274, 0, 0, 87, 87, 1, 6.19%, 0, 0, 2, 80.95
1747774279, 0, 0, 91, 91, 1, 6.28%, 0, 0, 2, 3.17
1747774284, 0, 0, 99, 99, 1, 6.28%, 0, 0, 2, 18.28
1747774290, 0, 0, 101, 101, 1, 6.28%, 0, 0, 2, 1.77
1747774295, 0, 0, 103, 103, 1, 6.28%, 0, 0, 2, 23.09
1747774300, 0, 0, 109, 109, 1, 6.28%, 0, 0, 2, 16.92
1747774305, 0, 0, 111, 111, 1, 6.28%, 0, 0, 2, 3.55
1747774310, 0, 0, 115, 115, 1, 6.28%, 0, 0, 2, 6.35
1747774316, 0, 0, 116, 116, 1, 6.28%, 0, 0, 2, 4.36
1747774321, 0, 0, 120, 120, 1, 6.28%, 0, 0, 2, 3.88
1747774326, 0, 0, 124, 124, 1, 6.28%, 0, 0, 2, 24.60
1747774331, 0, 0, 128, 128, 1, 6.28%, 0, 0, 2, 3.08
1747774336, 0, 0, 130, 130, 1, 6.28%, 0, 0, 2, 2.53
1747774342, 0, 0, 132, 132, 1, 6.28%, 0, 0, 2, 3.70
1747774347, 0, 0, 135, 135, 1, 6.28%, 0, 0, 2, 5.21
1747774352, 0, 0, 136, 136, 1, 6.28%, 0, 1, 2, 4.10
1747774358, 0, 0, 139, 139, 1, 6.28%, 0, 1, 2, 2.63
1747774364, 0, 0, 140, 140, 1, 6.28%, 0, 1, 2, 2.16
1747774369, 0, 0, 143, 143, 1, 6.28%, 0, 1, 2, 21.16
1747774374, 0, 0, 146, 146, 1, 6.28%, 0, 1, 2, 2.52
1747774379, 0, 0, 152, 152, 1, 6.29%, 0, 1, 2, 13.00
1747774384, 0, 0, 159, 159, 1, 6.29%, 0, 1, 2, 12.69
1747774389, 0, 0, 162, 162, 1, 6.29%, 0, 1, 2, 8.09
1747774395, 0, 0, 167, 167, 1, 6.29%, 0, 1, 2, 9.43
1747774400, 0, 0, 172, 172, 1, 6.29%, 0, 1, 2, 10.55
1747774405, 0, 0, 178, 178, 1, 6.29%, 0, 1, 2, 30.17
1747774410, 0, 0, 182, 182, 1, 6.29%, 0, 1, 2, 2.00
1747774416, 0, 0, 183, 183, 1, 6.29%, 0, 1, 2, 1.83
1747774421, 0, 0, 186, 186, 1, 6.29%, 0, 1, 2, 33.65
1747774427, 0, 0, 192, 192, 1, 6.29%, 0, 1, 2, 2.96
1747774437, 0, 0, 193, 193, 1, 6.29%, 0, 1, 2, 1.98
1747774442, 0, 0, 198, 198, 1, 6.29%, 0, 1, 2, 3.88
1747774448, 0, 0, 201, 201, 1, 6.29%, 0, 1, 2, 1.32
1747774453, 0, 0, 203, 203, 1, 6.29%, 0, 1, 2, 40.36
1747774458, 0, 0, 205, 205, 1, 6.29%, 0, 1, 2, 4.63
1747774463, 0, 0, 209, 209, 1, 6.29%, 0, 1, 2, 2.62
1747774468, 0, 0, 212, 212, 1, 6.29%, 0, 1, 2, 14.99
1747774474, 0, 0, 216, 216, 1, 6.29%, 0, 1, 2, 10.56
1747774479, 0, 0, 219, 219, 1, 6.29%, 0, 1, 2, 7.55
1747774484, 0, 0, 224, 224, 1, 6.29%, 0, 1, 2, 29.07
1747774489, 0, 0, 226, 226, 1, 6.29%, 0, 1, 2, 4.26
1747774494, 0, 0, 228, 228, 1, 6.29%, 0, 1, 2, 3.64
1747774499, 0, 0, 232, 232, 1, 6.29%, 0, 1, 2, 13.59
1747774504, 0, 0, 233, 233, 1, 6.29%, 0, 1, 2, 1.43
1747774510, 0, 0, 237, 237, 1, 6.29%, 0, 1, 2, 8.37
1747774515, 0, 0, 241, 241, 1, 6.29%, 0, 1, 2, 8.85
1747774520, 0, 0, 245, 245, 1, 6.29%, 0, 1, 2, 2.49
1747774525, 0, 0, 246, 246, 1, 6.29%, 0, 1, 2, 2.80
1747774530, 0, 0, 254, 254, 1, 6.29%, 0, 1, 2, 3.66
1747774535, 0, 0, 258, 258, 1, 6.29%, 0, 1, 2, 23.51
1747774541, 0, 0, 263, 263, 1, 6.32%, 0, 1, 2, 2.47
1747774546, 0, 0, 266, 266, 1, 6.32%, 0, 1, 2, 3.78
1747774551, 0, 0, 269, 269, 1, 6.32%, 0, 1, 2, 5.50
1747774556, 0, 0, 271, 271, 1, 6.32%, 0, 1, 2, 4.19
1747774561, 0, 0, 273, 273, 1, 6.32%, 0, 1, 2, 3.96
1747774566, 0, 0, 278, 278, 1, 6.32%, 0, 1, 2, 2.43
1747774572, 0, 0, 281, 281, 1, 6.32%, 0, 1, 2, 5.06
1747774577, 0, 0, 285, 285, 1, 6.39%, 0, 1, 2, 7.75
1747774582, 0, 0, 287, 287, 1, 6.39%, 0, 1, 2, 4.99
1747774588, 0, 0, 289, 289, 1, 6.39%, 0, 1, 2, 4.38
1747774593, 0, 0, 294, 294, 1, 6.39%, 0, 1, 2, 4.31
1747774598, 0, 0, 297, 297, 1, 6.39%, 0, 1, 2, 7.06
1747774603, 0, 0, 302, 302, 1, 6.39%, 0, 1, 2, 30.23
1747774608, 0, 0, 308, 308, 1, 6.39%, 0, 1, 2, 2.17
1747774613, 0, 0, 311, 311, 1, 6.39%, 0, 1, 2, 20.79
1747774618, 0, 0, 313, 313, 1, 6.39%, 0, 1, 2, 1.84
1747774624, 0, 0, 315, 315, 1, 6.42%, 0, 1, 2, 1.25
1747774629, 0, 0, 317, 317, 1, 6.42%, 0, 1, 2, 4.81
1747774634, 0, 0, 318, 318, 1, 6.42%, 0, 1, 2, 3.73
1747774639, 0, 0, 319, 319, 1, 6.42%, 0, 1, 2, 3.13
1747774644, 0, 0, 322, 322, 1, 6.42%, 0, 1, 2, 22.93
1747774650, 0, 0, 331, 331, 1, 6.43%, 0, 1, 2, 18.24
1747774655, 0, 0, 332, 332, 1, 6.43%, 0, 1, 2, 1.97
1747774660, 0, 0, 335, 335, 1, 6.43%, 0, 1, 2, 4.76
1747774666, 0, 0, 337, 337, 1, 6.43%, 0, 1, 2, 1.92
1747774671, 0, 0, 341, 341, 1, 6.43%, 0, 1, 2, 5.00
1747774676, 0, 0, 343, 343, 1, 6.43%, 0, 1, 2, 5.06
1747774681, 0, 0, 345, 345, 1, 6.43%, 0, 1, 2, 4.20
1747774687, 0, 0, 346, 346, 1, 6.43%, 0, 1, 2, 3.88
1747774692, 0, 0, 351, 351, 1, 6.43%, 0, 1, 2, 3.45
1747774697, 0, 0, 352, 352, 1, 6.43%, 0, 1, 2, 2.94
1747774703, 0, 0, 353, 353, 1, 6.43%, 0, 1, 2, 2.84
1747774708, 0, 0, 355, 355, 1, 6.43%, 0, 1, 2, 2.01
1747774713, 0, 0, 359, 359, 1, 6.43%, 0, 1, 2, 7.67
1747774718, 0, 0, 364, 364, 1, 6.43%, 0, 1, 2, 8.26
1747774723, 0, 0, 369, 369, 1, 6.43%, 0, 1, 2, 10.75
1747774728, 0, 0, 373, 373, 1, 6.43%, 0, 1, 2, 8.60
1747774733, 0, 0, 377, 377, 1, 6.43%, 0, 1, 2, 2.22
1747774739, 0, 0, 381, 381, 1, 6.43%, 0, 1, 2, 11.26
1747774744, 0, 0, 383, 383, 1, 6.43%, 0, 1, 2, 1.80
1747774749, 0, 0, 384, 384, 1, 6.43%, 0, 1, 2, 2.12
1747774754, 0, 0, 387, 387, 1, 6.43%, 0, 1, 2, 17.44
1747774760, 0, 0, 392, 392, 1, 6.43%, 0, 1, 2, 2.29
1747774765, 0, 0, 395, 395, 1, 6.43%, 0, 1, 2, 3.42
1747774770, 0, 0, 397, 397, 1, 6.43%, 0, 1, 2, 2.48
1747774775, 0, 0, 401, 401, 1, 6.43%, 0, 1, 2, 4.28
1747774780, 0, 0, 405, 405, 1, 6.43%, 0, 1, 2, 6.32
1747774786, 0, 0, 407, 407, 1, 6.43%, 0, 1, 2, 4.36
1747774791, 0, 0, 409, 409, 1, 6.43%, 0, 1, 2, 21.01
1747774796, 0, 0, 412, 412, 1, 6.43%, 0, 1, 2, 2.62
1747774802, 0, 0, 413, 413, 1, 6.43%, 0, 1, 2, 2.69
1747774807, 0, 0, 415, 415, 1, 6.43%, 0, 1, 2, 2.52
1747774812, 0, 0, 416, 416, 1, 6.43%, 0, 1, 2, 2.35
1747774818, 0, 0, 419, 419, 1, 6.43%, 0, 1, 2, 21.36
1747774823, 0, 0, 424, 424, 1, 6.43%, 0, 1, 2, 15.08
1747774828, 0, 0, 427, 427, 1, 6.43%, 0, 1, 2, 11.97
1747774833, 0, 0, 430, 430, 1, 6.43%, 0, 1, 2, 8.31
1747774839, 0, 0, 436, 436, 1, 6.43%, 0, 1, 2, 11.51
1747774844, 0, 0, 437, 437, 1, 6.43%, 0, 1, 2, 6.22
1747774849, 0, 0, 440, 440, 1, 6.43%, 0, 1, 2, 5.77
1747774854, 0, 0, 444, 444, 1, 6.43%, 0, 1, 2, 3.33
1747774860, 0, 0, 447, 447, 1, 6.43%, 0, 1, 2, 6.11
1747774865, 0, 0, 450, 450, 1, 6.43%, 0, 1, 2, 7.38
1747774870, 0, 0, 453, 453, 1, 6.43%, 0, 1, 2, 7.56
1747774875, 0, 0, 456, 456, 1, 6.43%, 0, 1, 2, 6.45
1747774880, 0, 0, 462, 462, 1, 6.43%, 0, 1, 2, 3.76
1747774885, 0, 0, 464, 464, 1, 6.43%, 0, 1, 2, 5.07
1747774890, 0, 0, 468, 468, 1, 6.43%, 0, 1, 2, 20.06
1747774895, 0, 0, 470, 470, 1, 6.43%, 0, 1, 2, 2.11
1747774901, 0, 0, 474, 474, 1, 6.43%, 0, 1, 2, 2.51
1747774906, 0, 0, 477, 477, 1, 6.43%, 0, 1, 2, 5.91
1747774911, 0, 0, 481, 481, 1, 6.43%, 0, 1, 2, 8.20
1747774916, 0, 0, 483, 483, 1, 6.43%, 0, 1, 2, 6.83
1747774921, 0, 0, 487, 487, 1, 6.43%, 0, 1, 2, 1.94
1747774927, 0, 0, 489, 489, 1, 6.43%, 0, 1, 2, 3.37
1747774932, 0, 0, 490, 490, 1, 6.43%, 0, 1, 2, 2.87
1747774937, 0, 0, 497, 497, 1, 6.43%, 0, 1, 2, 20.00
1747774942, 0, 0, 499, 499, 1, 6.43%, 0, 1, 2, 2.21
1747774947, 0, 0, 502, 502, 1, 6.43%, 0, 1, 2, 20.27
1747774952, 0, 0, 504, 504, 1, 6.43%, 0, 1, 2, 10.56
1747774957, 0, 0, 506, 506, 1, 6.43%, 0, 1, 2, 10.22
1747774963, 0, 0, 510, 510, 1, 6.43%, 0, 1, 2, 9.89
1747774968, 0, 0, 511, 511, 1, 6.43%, 0, 1, 2, 5.69
1747774973, 0, 0, 513, 513, 1, 6.43%, 0, 1, 2, 4.13
1747774984, 0, 0, 516, 516, 1, 6.43%, 0, 1, 2, 4.59
1747774989, 0, 0, 517, 517, 1, 6.43%, 0, 1, 2, 4.69
1747774994, 0, 0, 520, 520, 1, 6.43%, 0, 1, 2, 4.15
1747774999, 0, 0, 524, 524, 1, 6.43%, 0, 1, 2, 7.67
1747775004, 0, 0, 528, 528, 1, 6.43%, 0, 1, 2, 14.71
1747775009, 0, 0, 529, 529, 1, 6.43%, 0, 1, 2, 1.59
1747775014, 0, 0, 532, 532, 1, 6.43%, 0, 2, 2, 19.08
1747775019, 0, 0, 533, 533, 1, 6.43%, 0, 2, 2, 2.60
1747775025, 0, 0, 535, 535, 1, 6.43%, 0, 2, 2, 13.32
1747775030, 0, 0, 539, 539, 1, 6.43%, 0, 3, 2, 22.23
1747775035, 0, 0, 542, 542, 1, 6.43%, 0, 4, 2, 4.85
1747775045, 0, 0, 544, 544, 1, 6.43%, 0, 4, 2, 4.97
1747775051, 0, 0, 546, 546, 1, 6.43%, 0, 4, 2, 6.45
1747775056, 0, 0, 548, 548, 1, 6.43%, 0, 4, 2, 6.68
1747775062, 0, 0, 549, 549, 1, 6.43%, 0, 4, 2, 1.19
1747775067, 0, 0, 550, 550, 1, 6.43%, 0, 4, 2, 1.32
1747775072, 0, 0, 551, 551, 1, 6.43%, 0, 4, 2, 1.14
1747775083, 0, 0, 554, 554, 1, 6.43%, 0, 4, 2, 2.66
1747775088, 0, 0, 556, 556, 1, 6.43%, 0, 4, 2, 21.77
1747775093, 0, 0, 558, 558, 1, 6.43%, 0, 5, 2, 1.29
1747775104, 0, 0, 560, 560, 1, 6.48%, 0, 5, 2, 1.55
1747775109, 0, 0, 562, 562, 1, 6.48%, 0, 5, 2, 3.12
1747775115, 0, 0, 563, 563, 1, 6.48%, 0, 5, 2, 5.64
1747775120, 0, 0, 563, 563, 1, 6.48%, 0, 6, 2, 8.52
1747775125, 0, 0, 565, 565, 1, 6.48%, 0, 6, 2, 1.49
1747775130, 0, 0, 565, 565, 1, 6.48%, 0, 7, 2, 9.85
1747775136, 0, 0, 567, 567, 1, 6.48%, 0, 7, 2, 5.76
1747775141, 0, 0, 569, 569, 1, 6.48%, 0, 7, 2, 5.00
1747775146, 0, 0, 570, 570, 1, 6.48%, 0, 7, 2, 4.04
1747775157, 0, 0, 573, 573, 1, 6.48%, 0, 8, 2, 7.23
1747775162, 0, 0, 574, 574, 1, 6.48%, 0, 8, 2, 7.36
1747775167, 0, 0, 575, 575, 1, 6.48%, 0, 8, 2, 6.28
1747775173, 0, 0, 576, 576, 1, 6.48%, 0, 8, 2, 4.91
1747775178, 0, 0, 578, 578, 1, 6.48%, 0, 8, 2, 22.90
1747775184, 0, 0, 580, 580, 1, 6.48%, 0, 8, 2, 2.81
1747775194, 0, 0, 582, 582, 1, 6.48%, 0, 9, 2, 8.56
1747775204, 0, 0, 584, 584, 1, 6.48%, 0, 9, 2, 1.30
1747775209, 0, 0, 585, 585, 1, 6.48%, 0, 9, 2, 2.84
1747775220, 0, 0, 586, 586, 1, 6.48%, 0, 9, 2, 3.49
1747775226, 0, 0, 587, 587, 1, 6.48%, 0, 9, 2, 6.81
1747775231, 0, 0, 588, 588, 1, 6.48%, 0, 9, 2, 1.07
1747775242, 0, 0, 589, 589, 1, 6.48%, 0, 9, 2, 4.57
1747775248, 0, 0, 589, 589, 1, 6.48%, 0, 11, 2, 5.37
1747775253, 0, 0, 589, 589, 1, 6.48%, 0, 12, 2, 6.29
1747775259, 0, 0, 590, 590, 1, 6.48%, 0, 12, 2, 1.04
1747775264, 0, 0, 591, 591, 1, 6.48%, 0, 12, 2, 11.32
1747775270, 0, 0, 594, 594, 1, 6.48%, 0, 12, 2, 1.04
1747775281, 0, 0, 594, 594, 1, 6.48%, 0, 13, 2, 1.02
1747775286, 0, 0, 595, 595, 1, 6.48%, 0, 14, 2, 2.06
1747775291, 0, 0, 597, 597, 1, 6.48%, 0, 14, 2, 1.58
1747775302, 0, 0, 598, 598, 1, 6.48%, 0, 15, 2, 6.06
1747775312, 0, 0, 599, 599, 1, 6.48%, 0, 16, 2, 6.42
1747775322, 0, 0, 601, 601, 1, 6.48%, 0, 16, 2, 4.75
1747775327, 0, 0, 601, 601, 1, 6.48%, 0, 17, 2, 29.70
1747775333, 0, 0, 603, 603, 1, 6.48%, 0, 17, 2, 3.14
1747775343, 0, 0, 604, 604, 1, 6.48%, 0, 17, 2, 5.31
1747775354, 0, 0, 605, 605, 1, 6.48%, 0, 17, 2, 5.26
1747775359, 0, 0, 605, 605, 1, 6.48%, 0, 18, 2, 23.23
1747775364, 0, 0, 606, 606, 1, 6.48%, 0, 18, 2, 3.08
1747775370, 0, 0, 607, 607, 1, 6.48%, 0, 18, 2, 12.09
1747775381, 0, 0, 608, 608, 1, 6.49%, 0, 18, 2, 13.61
1747775386, 0, 0, 609, 609, 1, 6.49%, 0, 18, 2, 2.01
1747775397, 0, 0, 610, 610, 1, 6.49%, 0, 18, 2, 1.76
1747775407, 0, 0, 611, 611, 1, 6.49%, 0, 19, 2, 4.82
1747775418, 0, 0, 611, 611, 1, 6.49%, 0, 20, 2, 5.45
1747775424, 0, 0, 612, 612, 1, 6.49%, 0, 20, 2, 1.04
1747775429, 0, 0, 613, 613, 1, 6.49%, 0, 20, 2, 9.17
1747775434, 0, 0, 615, 615, 1, 6.49%, 0, 20, 2, 10.64
1747775439, 0, 0, 616, 616, 1, 6.49%, 0, 20, 2, 9.57
1747775444, 0, 0, 617, 617, 1, 6.49%, 0, 20, 2, 8.66
1747775455, 0, 0, 617, 617, 1, 6.49%, 0, 21, 2, 12.88
1747775460, 0, 0, 618, 618, 1, 6.49%, 0, 22, 2, 5.44
1747775470, 0, 0, 619, 619, 1, 6.49%, 0, 22, 2, 5.17
1747775476, 0, 0, 620, 620, 1, 6.49%, 0, 22, 2, 6.54
1747775491, 0, 0, 621, 621, 1, 6.49%, 0, 22, 2, 4.98
1747775496, 0, 0, 622, 622, 1, 6.49%, 0, 22, 2, 6.42
1747775502, 0, 0, 623, 623, 1, 6.49%, 0, 22, 2, 1.24
1747775507, 0, 0, 624, 624, 1, 6.49%, 0, 22, 2, 1.27
1747775512, 0, 0, 625, 625, 1, 6.49%, 0, 22, 2, 1.54
1747775523, 0, 0, 625, 625, 1, 6.49%, 0, 23, 2, 1.18
1747775549, 0, 0, 626, 626, 1, 6.49%, 0, 25, 2, 1.99
1747775560, 0, 0, 628, 628, 1, 6.49%, 0, 25, 2, 25.97
1747775565, 0, 0, 628, 628, 1, 6.49%, 0, 26, 2, 8.93
1747775575, 0, 0, 628, 628, 1, 6.49%, 0, 27, 2, 7.53
1747775586, 0, 0, 629, 629, 1, 6.49%, 0, 27, 2, 7.03
1747775591, 0, 0, 630, 630, 1, 6.49%, 0, 27, 2, 1.45
1747775596, 0, 0, 631, 631, 1, 6.49%, 0, 27, 2, 2.27
1747775607, 0, 0, 631, 631, 1, 6.49%, 0, 28, 2, 4.57
1747775612, 0, 0, 632, 632, 1, 6.49%, 0, 28, 2, 5.24
1747775617, 0, 0, 633, 633, 1, 6.49%, 0, 28, 2, 7.50
1747775623, 0, 0, 633, 633, 1, 6.49%, 0, 29, 2, 9.32
1747775633, 0, 0, 633, 633, 1, 6.49%, 0, 30, 2, 26.20
1747775638, 0, 0, 634, 634, 1, 6.49%, 0, 30, 2, 3.09
1747775654, 0, 0, 634, 634, 1, 6.49%, 0, 31, 2, 3.03
1747775659, 0, 0, 635, 635, 1, 6.49%, 0, 31, 2, 4.51
1747775664, 0, 0, 635, 635, 1, 6.49%, 0, 32, 2, 5.60
1747775675, 0, 0, 635, 635, 1, 6.49%, 0, 34, 2, 20.66
1747775680, 0, 0, 636, 636, 1, 6.49%, 0, 34, 2, 2.10
1747775691, 0, 0, 637, 637, 1, 6.49%, 0, 35, 2, 2.17
1747775706, 0, 0, 637, 637, 1, 6.49%, 0, 37, 2, 1.53
1747775712, 0, 0, 638, 638, 1, 6.49%, 0, 38, 2, 10.85
1747775717, 0, 0, 639, 639, 1, 6.49%, 0, 38, 2, 1.23
1747775734, 0, 0, 639, 639, 1, 6.49%, 0, 39, 2, 6.42
1747775754, 0, 0, 639, 639, 1, 6.49%, 0, 40, 2, 6.90
1747775764, 0, 0, 640, 640, 1, 6.49%, 0, 40, 2, 2.45
1747775775, 0, 0, 641, 641, 1, 6.49%, 0, 40, 2, 3.32
1747775785, 0, 0, 641, 641, 1, 6.49%, 0, 41, 2, 4.03
1747775791, 0, 0, 641, 641, 1, 6.49%, 0, 43, 2, 3.90
1747775801, 0, 0, 642, 642, 1, 6.49%, 0, 44, 2, 3.08
1747775817, 0, 0, 642, 642, 1, 6.49%, 0, 45, 2, 10.28
1747775827, 0, 0, 642, 642, 1, 6.49%, 0, 46, 2, 3.82
1747775832, 0, 0, 643, 643, 1, 6.49%, 0, 46, 2, 4.86
1747775843, 0, 0, 643, 643, 1, 6.49%, 0, 47, 2, 1.49
1747775859, 0, 0, 643, 643, 1, 6.49%, 0, 48, 2, 4.36
1747775885, 0, 0, 645, 645, 1, 6.49%, 0, 48, 2, 6.18
1747775890, 0, 0, 645, 645, 1, 6.49%, 0, 49, 2, 19.53
1747775895, 0, 0, 646, 646, 1, 6.49%, 0, 49, 2, 1.90
1747775905, 0, 0, 646, 646, 1, 6.49%, 0, 50, 2, 6.82
1747775911, 0, 0, 647, 647, 1, 6.49%, 0, 50, 2, 1.08
1747775927, 0, 0, 647, 647, 1, 6.49%, 0, 51, 2, 8.47
1747775932, 0, 0, 647, 647, 1, 6.49%, 0, 52, 2, 6.44
1747775953, 0, 0, 648, 648, 1, 6.49%, 0, 52, 2, 7.39
1747775979, 0, 0, 648, 648, 1, 6.49%, 0, 53, 2, 3.60
1747775985, 0, 0, 648, 648, 1, 6.49%, 0, 54, 2, 22.73
1747775995, 0, 0, 649, 649, 1, 6.50%, 0, 54, 2, 2.12
1747776000, 0, 0, 650, 650, 1, 6.50%, 0, 54, 2, 17.60
1747776006, 0, 0, 651, 651, 1, 6.50%, 0, 54, 2, 2.39
1747776031, 0, 0, 652, 652, 1, 6.50%, 0, 54, 2, 4.79
1747776042, 0, 0, 653, 653, 1, 6.50%, 0, 54, 2, 8.89
1747776053, 0, 0, 654, 654, 1, 6.50%, 0, 54, 2, 1.49
1747776090, 0, 0, 655, 655, 1, 6.50%, 0, 54, 2, 3.36
1747776100, 0, 0, 655, 655, 1, 6.50%, 0, 55, 2, 6.05
1747776111, 0, 0, 656, 656, 1, 6.50%, 0, 55, 2, 1.53
1747776121, 0, 0, 657, 657, 1, 6.50%, 0, 55, 2, 6.77
1747776131, 0, 0, 658, 658, 1, 6.50%, 0, 55, 2, 22.40
1747776147, 0, 0, 658, 658, 1, 6.50%, 0, 56, 2, 1.47
1747776152, 0, 0, 658, 658, 1, 6.50%, 0, 57, 2, 1.92
1747776157, 0, 0, 659, 659, 1, 6.50%, 0, 57, 2, 5.34
1747776163, 0, 0, 659, 659, 1, 6.50%, 0, 58, 2, 1.03
1747776210, 0, 0, 660, 660, 1, 6.50%, 0, 58, 2, 1.46
1747776267, 0, 0, 660, 660, 1, 6.50%, 0, 59, 2, 3.20
1747776283, 0, 0, 660, 660, 1, 6.50%, 0, 60, 2, 9.99
1747776294, 0, 0, 660, 660, 1, 6.50%, 0, 61, 2, 6.95
1747776304, 0, 0, 661, 661, 1, 6.50%, 0, 61, 2, 22.94
1747776309, 0, 0, 661, 661, 1, 6.50%, 0, 62, 2, 14.15
1747776325, 0, 0, 661, 661, 1, 6.50%, 0, 63, 2, 3.68
1747776341, 0, 0, 661, 661, 1, 6.50%, 0, 64, 2, 4.11
1747776356, 0, 0, 662, 662, 1, 6.50%, 0, 64, 2, 2.36
1747776367, 0, 0, 663, 663, 1, 6.50%, 0, 64, 2, 1.81
1747776378, 0, 0, 663, 663, 1, 6.50%, 0, 65, 2, 1.61
1747776394, 0, 0, 663, 663, 1, 6.50%, 0, 66, 2, 7.08
1747776436, 0, 0, 664, 664, 1, 6.50%, 0, 67, 2, 1.35
1747776462, 0, 0, 664, 664, 1, 6.50%, 0, 68, 2, 6.64
1747776467, 0, 0, 664, 664, 1, 6.50%, 0, 69, 2, 7.57
1747776482, 0, 0, 664, 664, 1, 6.50%, 0, 70, 2, 3.14
1747776488, 0, 0, 666, 666, 1, 6.50%, 0, 70, 2, 4.73
1747776503, 0, 0, 666, 666, 1, 6.50%, 0, 71, 2, 7.55
1747776514, 0, 0, 667, 667, 1, 6.50%, 0, 71, 2, 10.93
1747776519, 0, 0, 667, 667, 1, 6.50%, 0, 73, 2, 1.41
1747776524, 0, 0, 668, 668, 1, 6.50%, 0, 73, 2, 6.20
1747776529, 0, 0, 668, 668, 1, 6.50%, 0, 74, 2, 7.12
1747776571, 0, 0, 669, 669, 1, 6.50%, 0, 74, 2, 3.21
1747776581, 0, 0, 669, 669, 1, 6.50%, 0, 75, 2, 6.95
1747776592, 0, 0, 669, 669, 1, 6.50%, 0, 76, 2, 1.64
1747776603, 0, 0, 669, 669, 1, 6.50%, 0, 77, 2, 1.62
1747776613, 0, 0, 669, 669, 1, 6.50%, 0, 78, 2, 1.00
1747776639, 0, 0, 669, 669, 1, 6.50%, 0, 79, 2, 1.89
1747776645, 0, 0, 669, 669, 1, 6.50%, 0, 80, 2, 3.57
1747776719, 0, 0, 669, 669, 1, 6.50%, 0, 81, 2, 19.90
1747776740, 0, 0, 669, 669, 1, 6.50%, 0, 82, 2, 9.03
1747776751, 0, 0, 670, 670, 1, 6.50%, 0, 82, 2, 2.65
1747776777, 0, 0, 670, 670, 1, 6.50%, 0, 83, 2, 1.00
1747776810, 0, 0, 670, 670, 1, 6.50%, 0, 84, 2, 6.54
1747776835, 0, 0, 670, 670, 1, 6.50%, 0, 85, 2, 5.33
1747776851, 0, 0, 671, 671, 1, 6.50%, 0, 85, 2, 14.53
1747776874, 0, 0, 671, 671, 1, 6.50%, 0, 86, 2, 1.77
1747776884, 0, 0, 671, 671, 1, 6.50%, 0, 87, 2, 5.76
1747776895, 0, 0, 671, 671, 1, 6.50%, 0, 88, 2, 4.62
1747776937, 0, 0, 671, 671, 1, 6.50%, 0, 89, 2, 1.00
1747777059, 0, 0, 671, 671, 1, 6.50%, 0, 90, 2, 7.66
1747777097, 0, 0, 671, 671, 1, 6.50%, 0, 91, 2, 8.15
1747777102, 0, 0, 671, 671, 1, 6.50%, 0, 92, 2, 1.00
1747777113, 0, 0, 671, 671, 1, 6.50%, 0, 93, 2, 1.00
1747777118, 0, 0, 671, 671, 1, 6.50%, 0, 94, 2, 8.99
1747777140, 0, 0, 671, 671, 1, 6.50%, 0, 95, 2, 1.89
1747777166, 0, 0, 671, 671, 1, 6.50%, 0, 96, 2, 9.24
1747777177, 0, 0, 671, 671, 1, 6.50%, 0, 97, 2, 1.27
1747777182, 0, 0, 671, 671, 1, 6.50%, 0, 98, 2, 8.62
1747777203, 0, 0, 671, 671, 1, 6.50%, 0, 99, 2, 3.57
1747777224, 0, 0, 671, 671, 1, 6.50%, 0, 100, 2, 6.95
1747777235, 0, 0, 672, 672, 1, 6.50%, 0, 100, 2, 9.57
1747777240, 0, 0, 672, 672, 1, 6.50%, 0, 101, 2, 7.83
1747777288, 0, 0, 673, 673, 1, 6.50%, 0, 102, 2, 7.30
1747777314, 0, 0, 673, 673, 1, 6.50%, 0, 103, 2, 1.00
1747777319, 0, 0, 673, 673, 1, 6.50%, 0, 104, 2, 3.73
1747777387, 0, 0, 674, 674, 1, 6.50%, 0, 104, 2, 5.96
1747777434, 0, 0, 674, 674, 1, 6.50%, 0, 105, 2, 6.45
1747777451, 0, 0, 674, 674, 1, 6.50%, 0, 106, 2, 1.92
1747777477, 0, 0, 674, 674, 1, 6.50%, 0, 108, 2, 8.34
1747777487, 0, 0, 674, 674, 1, 6.50%, 0, 109, 2, 3.54
1747777498, 0, 0, 674, 674, 1, 6.50%, 0, 111, 2, 6.01
1747777514, 0, 0, 674, 674, 1, 6.50%, 0, 112, 2, 10.09
1747777540, 0, 0, 675, 675, 1, 6.50%, 0, 112, 2, 1.84
1747777567, 0, 0, 675, 675, 1, 6.50%, 0, 113, 2, 6.54
1747777598, 0, 0, 675, 675, 1, 6.50%, 0, 114, 2, 1.41
1747777614, 0, 0, 675, 675, 1, 6.50%, 0, 115, 2, 2.67
1747777646, 0, 0, 675, 675, 1, 6.50%, 0, 116, 2, 1.45
1747777677, 0, 0, 675, 675, 1, 6.50%, 0, 117, 2, 1.54
1747777787, 0, 0, 675, 675, 1, 6.50%, 0, 118, 2, 16.03
1747777807, 0, 0, 675, 675, 1, 6.50%, 0, 119, 2, 28.58
1747777819, 0, 0, 675, 675, 1, 6.50%, 0, 120, 2, 1.76
1747777866, 0, 0, 675, 675, 1, 6.50%, 0, 121, 2, 6.45
1747777881, 0, 0, 675, 675, 1, 6.50%, 0, 122, 2, 8.60
1747777886, 0, 0, 675, 675, 1, 6.50%, 0, 123, 2, 9.43
1747777934, 0, 0, 675, 675, 1, 6.50%, 0, 124, 2, 1.24
1747777940, 0, 0, 675, 675, 1, 6.50%, 0, 125, 2, 1.00
1747777961, 0, 1, 675, 674, 12, 6.50%, 0, 128, 2, 1.04
1747777966, 0, 1, 676, 675, 12, 6.50%, 0, 128, 2, 2.04
1747777972, 0, 1, 678, 677, 12, 6.50%, 0, 128, 2, 3.84
1747777987, 0, 1, 678, 677, 12, 6.50%, 0, 131, 2, 3.24
1747777993, 0, 1, 679, 678, 12, 6.50%, 0, 132, 2, 4.56
1747777999, 0, 1, 679, 678, 12, 6.50%, 0, 133, 2, 4.01
1747778020, 0, 1, 679, 678, 12, 6.50%, 0, 134, 2, 3.44
1747778026, 0, 1, 679, 678, 12, 6.50%, 0, 135, 2, 3.67
1747778031, 0, 1, 680, 679, 12, 6.50%, 0, 135, 2, 4.55
1747778036, 0, 1, 681, 680, 12, 6.50%, 0, 135, 2, 4.73
1747778046, 0, 1, 681, 680, 12, 6.50%, 0, 136, 2, 4.22
1747778062, 0, 1, 681, 680, 12, 6.50%, 0, 137, 2, 3.38
1747778073, 0, 1, 681, 680, 12, 6.50%, 0, 138, 2, 2.96
1747778078, 0, 1, 682, 681, 12, 6.50%, 0, 140, 2, 3.52
1747778094, 0, 1, 682, 681, 12, 6.50%, 0, 141, 2, 3.58
1747778105, 0, 1, 683, 682, 12, 6.50%, 0, 141, 2, 4.80
1747778110, 0, 1, 683, 682, 12, 6.50%, 0, 142, 2, 4.00
1747778120, 0, 1, 683, 682, 12, 6.50%, 0, 144, 2, 3.83
1747778126, 0, 1, 683, 682, 12, 6.50%, 0, 145, 2, 3.97
1747778136, 0, 1, 683, 682, 12, 6.50%, 0, 146, 2, 3.32
1747778141, 0, 1, 683, 682, 12, 6.50%, 0, 147, 2, 3.57
1747778152, 0, 1, 683, 682, 12, 6.50%, 0, 148, 2, 3.66
1747778162, 0, 1, 684, 683, 12, 6.50%, 0, 148, 2, 4.38
1747778199, 0, 1, 684, 683, 12, 6.50%, 0, 149, 2, 3.33
1747778235, 0, 1, 684, 683, 12, 6.50%, 0, 150, 2, 3.81
1747778240, 0, 1, 685, 684, 12, 6.50%, 0, 151, 2, 4.23
1747778266, 0, 1, 685, 684, 12, 6.50%, 0, 152, 2, 4.11
1747778271, 0, 1, 686, 685, 12, 6.50%, 0, 152, 2, 4.27
1747778282, 0, 1, 686, 685, 12, 6.50%, 0, 153, 2, 3.51
1747778304, 0, 1, 687, 686, 12, 6.50%, 0, 153, 2, 2.82
1747778309, 0, 1, 688, 687, 12, 6.50%, 0, 153, 2, 4.45
1747778315, 0, 1, 688, 687, 12, 6.50%, 0, 154, 2, 4.28
1747778331, 0, 1, 689, 688, 12, 6.50%, 0, 154, 2, 5.19
1747778342, 0, 1, 689, 688, 12, 6.50%, 0, 155, 2, 2.79
1747778353, 0, 1, 690, 689, 12, 6.50%, 0, 155, 2, 2.66
1747778363, 0, 1, 691, 690, 12, 6.50%, 0, 156, 2, 3.89
1747778379, 0, 1, 691, 690, 12, 6.50%, 0, 157, 2, 2.87
1747778395, 0, 1, 691, 690, 12, 6.50%, 0, 158, 2, 3.27
1747778401, 0, 1, 693, 692, 12, 6.50%, 0, 158, 2, 5.58
1747778411, 0, 1, 693, 692, 12, 6.50%, 0, 159, 2, 4.19
1747778433, 0, 1, 693, 692, 12, 6.50%, 0, 160, 2, 3.28
1747778444, 0, 1, 693, 692, 12, 6.50%, 0, 161, 2, 3.66
1747778449, 0, 1, 693, 692, 12, 6.50%, 0, 162, 2, 4.29
1747778459, 0, 1, 694, 693, 12, 6.50%, 0, 162, 2, 5.23
1747778471, 0, 1, 695, 694, 12, 6.50%, 0, 162, 2, 4.79
1747778481, 0, 1, 695, 694, 12, 6.50%, 0, 163, 2, 4.37
1747778492, 0, 1, 695, 694, 12, 6.50%, 0, 164, 2, 4.13
1747778503, 0, 1, 696, 695, 12, 6.72%, 0, 164, 2, 3.33
1747778524, 0, 1, 697, 696, 12, 6.72%, 0, 164, 2, 1.33
1747778530, 0, 1, 697, 696, 12, 6.72%, 0, 165, 2, 5.18
1747778535, 0, 1, 698, 697, 12, 6.82%, 0, 165, 2, 3.68
1747778561, 0, 1, 698, 697, 12, 6.82%, 0, 166, 2, 2.59
1747778577, 0, 1, 699, 698, 12, 6.82%, 0, 166, 2, 2.95
1747778588, 0, 1, 699, 698, 12, 6.82%, 0, 167, 2, 3.09
1747778614, 0, 1, 700, 699, 12, 6.82%, 0, 167, 2, 2.23
1747778624, 0, 1, 700, 699, 12, 6.82%, 0, 168, 2, 2.58
1747778635, 0, 1, 700, 699, 12, 6.82%, 0, 169, 2, 2.95
1747778646, 0, 1, 700, 699, 12, 6.82%, 0, 170, 2, 2.78
1747778669, 0, 1, 700, 699, 12, 6.82%, 0, 171, 2, 2.42
1747778674, 0, 1, 700, 699, 12, 6.82%, 0, 172, 2, 2.37
1747778705, 0, 1, 700, 699, 12, 6.82%, 0, 173, 2, 2.57
1747778710, 0, 1, 700, 699, 12, 6.82%, 0, 174, 2, 2.77
1747778720, 0, 1, 700, 699, 12, 6.82%, 0, 175, 2, 2.85
1747778726, 0, 1, 700, 699, 12, 6.82%, 0, 176, 2, 2.76
1747778732, 0, 1, 700, 699, 12, 6.82%, 0, 177, 2, 2.74
1747778748, 0, 1, 700, 699, 12, 6.82%, 0, 178, 2, 2.26
1747778764, 0, 1, 700, 699, 12, 6.82%, 0, 179, 2, 2.72
1747778769, 0, 1, 700, 699, 12, 6.82%, 0, 180, 2, 2.72
1747778797, 0, 1, 700, 699, 12, 6.82%, 0, 181, 2, 2.43
1747778823, 0, 1, 700, 699, 12, 6.82%, 0, 182, 2, 2.61
1747778834, 0, 1, 700, 699, 12, 6.82%, 0, 183, 2, 2.45
1747778839, 0, 1, 700, 699, 12, 6.82%, 0, 184, 2, 2.46
1747778892, 0, 1, 700, 699, 12, 6.82%, 0, 185, 2, 2.47
1747778902, 0, 1, 700, 699, 12, 6.82%, 0, 186, 2, 2.74
1747778944, 0, 1, 701, 700, 12, 6.82%, 0, 186, 2, 2.34
1747778949, 0, 1, 701, 700, 12, 6.82%, 0, 187, 2, 2.26
1747778960, 0, 1, 701, 700, 12, 6.82%, 0, 188, 2, 2.63
1747778997, 0, 1, 701, 700, 12, 6.82%, 0, 189, 2, 2.64
1747779002, 0, 1, 701, 700, 12, 6.82%, 0, 190, 2, 3.00
1747779018, 0, 1, 701, 700, 12, 6.82%, 0, 191, 2, 2.70
1747779054, 0, 1, 701, 700, 12, 6.82%, 0, 192, 2, 2.57
1747779071, 0, 1, 701, 700, 12, 6.82%, 0, 193, 2, 2.49
1747779076, 0, 1, 701, 700, 12, 6.82%, 0, 194, 2, 2.32
1747779081, 0, 1, 701, 700, 12, 6.82%, 0, 195, 2, 2.33
1747779086, 0, 1, 701, 700, 12, 6.82%, 0, 197, 2, 2.25
1747779160, 0, 1, 701, 700, 12, 6.82%, 0, 198, 2, 2.70
1747779165, 0, 1, 702, 701, 12, 6.82%, 0, 198, 2, 2.69
1747779175, 0, 1, 702, 701, 12, 6.82%, 0, 199, 2, 2.47
1747779180, 0, 1, 702, 701, 12, 6.82%, 0, 200, 2, 2.55
1747779186, 0, 1, 702, 701, 12, 6.82%, 0, 201, 2, 2.78
1747779191, 0, 1, 702, 701, 12, 6.82%, 0, 202, 2, 2.73
1747779206, 0, 1, 702, 701, 12, 6.82%, 0, 203, 2, 2.34
1747779280, 0, 1, 702, 701, 12, 6.82%, 0, 204, 2, 2.89
1747779291, 0, 1, 702, 701, 12, 6.82%, 0, 206, 2, 2.47
1747779333, 0, 1, 702, 701, 12, 6.82%, 0, 207, 2, 2.50
1747779360, 0, 1, 702, 701, 12, 6.82%, 0, 208, 2, 2.40
1747779385, 0, 1, 702, 701, 12, 6.82%, 0, 209, 2, 2.52
1747779407, 0, 1, 702, 701, 12, 6.82%, 0, 210, 2, 2.55
1747779500, 0, 1, 702, 701, 12, 6.82%, 0, 211, 2, 2.72
1747779521, 0, 1, 702, 701, 12, 6.82%, 0, 212, 2, 2.50
1747779527, 0, 1, 703, 702, 12, 6.82%, 0, 212, 2, 3.02
1747779542, 0, 1, 703, 702, 12, 6.82%, 0, 213, 2, 3.17
1747779575, 0, 1, 703, 702, 12, 6.82%, 0, 214, 2, 2.57
1747779587, 0, 1, 704, 703, 12, 6.83%, 0, 214, 2, 1.98
1747779597, 0, 1, 704, 703, 12, 6.83%, 0, 215, 2, 2.44
1747779640, 0, 1, 704, 703, 12, 6.83%, 0, 216, 2, 2.41
1747779651, 0, 1, 704, 703, 12, 6.83%, 0, 217, 2, 2.38
1747779683, 0, 2, 704, 703, 17, 6.83%, 0, 217, 2, 2.62
1747779688, 0, 2, 705, 704, 17, 6.83%, 0, 217, 2, 2.15
1747779694, 0, 2, 706, 705, 17, 6.83%, 0, 218, 2, 1.96
1747779699, 0, 2, 706, 705, 17, 6.83%, 0, 219, 2, 1.86
1747779704, 0, 2, 707, 706, 17, 6.83%, 0, 219, 2, 1.88
1747779720, 0, 2, 708, 707, 17, 6.84%, 0, 220, 2, 1.49
1747779725, 0, 2, 709, 708, 17, 6.84%, 0, 220, 2, 1.40
1747779737, 0, 2, 709, 708, 17, 6.84%, 0, 221, 2, 1.79
1747779742, 0, 2, 709, 708, 17, 6.84%, 0, 222, 2, 1.93
1747779748, 0, 2, 710, 709, 17, 6.84%, 0, 222, 2, 2.24
1747779758, 0, 2, 711, 710, 17, 6.84%, 0, 223, 2, 1.98
1747779769, 0, 2, 712, 711, 17, 6.84%, 0, 223, 2, 1.89
1747779779, 0, 2, 713, 712, 17, 6.84%, 0, 223, 2, 1.83
1747779795, 0, 2, 714, 713, 17, 6.84%, 0, 223, 2, 1.85
1747779812, 0, 2, 714, 713, 17, 6.84%, 0, 224, 2, 1.77
1747779817, 0, 2, 714, 713, 17, 6.84%, 0, 225, 2, 1.85
1747779822, 0, 2, 715, 714, 17, 6.84%, 0, 226, 2, 1.69
1747779828, 0, 2, 715, 714, 17, 6.84%, 0, 228, 2, 1.77
1747779833, 0, 2, 716, 715, 17, 6.84%, 0, 228, 2, 1.69
1747779854, 0, 2, 717, 716, 17, 6.84%, 0, 228, 2, 1.61
1747779865, 0, 2, 718, 717, 17, 6.84%, 0, 228, 2, 1.25
1747779875, 0, 2, 718, 717, 17, 6.84%, 0, 230, 2, 1.41
1747779885, 0, 2, 719, 718, 17, 6.84%, 0, 230, 2, 1.65
1747779897, 0, 2, 719, 718, 17, 6.84%, 0, 231, 2, 1.70
1747779902, 0, 2, 719, 718, 17, 6.84%, 0, 232, 2, 1.52
1747779907, 0, 2, 719, 718, 17, 6.84%, 0, 233, 2, 1.50
1747779918, 0, 2, 719, 718, 17, 6.84%, 0, 235, 2, 1.64
1747779929, 0, 2, 720, 719, 17, 6.84%, 0, 235, 2, 1.66
1747779940, 0, 2, 721, 720, 17, 6.84%, 0, 235, 2, 1.74
1747779950, 0, 2, 721, 720, 17, 6.84%, 0, 237, 2, 1.75
1747779955, 0, 2, 722, 721, 17, 6.84%, 0, 237, 2, 1.75
1747779988, 0, 2, 723, 722, 17, 6.84%, 0, 237, 2, 1.48
1747779993, 0, 2, 723, 722, 17, 6.84%, 0, 238, 2, 1.59
1747779998, 0, 2, 723, 722, 17, 6.84%, 0, 239, 2, 1.60
1747780003, 0, 2, 723, 722, 17, 6.84%, 0, 240, 2, 1.71
1747780014, 0, 2, 724, 723, 17, 6.84%, 0, 240, 2, 1.65
1747780020, 0, 2, 724, 723, 17, 6.84%, 0, 241, 2, 1.60
1747780025, 0, 2, 725, 724, 17, 6.84%, 0, 241, 2, 1.61
1747780031, 0, 2, 726, 725, 17, 6.84%, 0, 241, 2, 1.56
1747780047, 0, 2, 727, 726, 17, 6.84%, 0, 241, 2, 1.43
1747780052, 0, 2, 728, 727, 17, 6.84%, 0, 241, 2, 1.38
1747780073, 0, 2, 729, 728, 17, 6.84%, 0, 242, 2, 1.48
1747780083, 0, 2, 729, 728, 17, 6.84%, 0, 243, 2, 1.39
1747780111, 0, 2, 729, 728, 17, 6.84%, 0, 244, 2, 1.61
1747780164, 0, 2, 729, 728, 17, 6.84%, 0, 245, 2, 1.48
1747780169, 0, 2, 729, 728, 17, 6.84%, 0, 246, 2, 1.39
1747780179, 0, 2, 729, 728, 17, 6.84%, 0, 247, 2, 1.37
1747780190, 0, 2, 729, 728, 17, 6.84%, 0, 249, 2, 1.54
1747780195, 0, 2, 730, 729, 17, 6.84%, 0, 249, 2, 1.48
1747780206, 0, 2, 730, 729, 17, 6.84%, 0, 251, 2, 1.30
1747780228, 0, 2, 730, 729, 17, 6.84%, 0, 252, 2, 1.56
1747780244, 0, 2, 731, 730, 17, 6.84%, 0, 252, 2, 1.34
1747780256, 0, 2, 731, 730, 17, 6.84%, 0, 253, 2, 1.28
1747780261, 0, 2, 731, 730, 17, 6.84%, 0, 254, 2, 1.42
1747780272, 0, 2, 731, 730, 17, 6.84%, 0, 255, 2, 1.47
1747780282, 0, 2, 731, 730, 17, 6.84%, 0, 257, 2, 1.62
1747780297, 0, 2, 731, 730, 17, 6.84%, 0, 258, 2, 1.59
1747780303, 0, 2, 731, 730, 17, 6.84%, 0, 259, 2, 1.71
1747780314, 0, 2, 732, 731, 17, 6.84%, 0, 259, 2, 1.65
1747780324, 0, 2, 732, 731, 17, 6.84%, 0, 261, 2, 1.52
1747780329, 0, 2, 732, 731, 17, 6.84%, 0, 262, 2, 1.57
1747780335, 0, 2, 732, 731, 17, 6.84%, 0, 263, 2, 1.47
1747780340, 0, 2, 733, 732, 17, 6.84%, 0, 263, 2, 1.64
1747780346, 0, 2, 734, 733, 17, 6.84%, 0, 263, 2, 1.67
1747780357, 0, 2, 734, 733, 17, 6.84%, 0, 264, 2, 1.70
1747780362, 0, 2, 735, 734, 17, 6.84%, 0, 264, 2, 1.79
1747780390, 0, 2, 735, 734, 17, 6.84%, 0, 266, 2, 1.49
1747780406, 0, 2, 735, 734, 17, 6.84%, 0, 267, 2, 1.67
1747780416, 0, 2, 735, 734, 17, 6.84%, 0, 268, 2, 1.56
1747780422, 0, 2, 735, 734, 17, 6.84%, 0, 270, 2, 1.49
1747780454, 0, 2, 736, 735, 17, 6.84%, 0, 270, 2, 1.74
1747780460, 0, 2, 737, 736, 17, 6.84%, 0, 270, 2, 1.63
1747780476, 0, 2, 737, 736, 17, 6.84%, 0, 271, 2, 1.48
1747780487, 0, 2, 738, 737, 17, 6.85%, 0, 271, 2, 1.47
1747780503, 0, 2, 738, 737, 17, 6.85%, 0, 272, 2, 1.46
1747780525, 0, 2, 738, 737, 17, 6.85%, 0, 273, 2, 1.59
1747780540, 0, 2, 738, 737, 17, 6.85%, 0, 274, 2, 1.62
1747780546, 0, 2, 738, 737, 17, 6.85%, 0, 275, 2, 1.63
1747780556, 0, 2, 739, 738, 17, 6.85%, 0, 275, 2, 1.52
1747780567, 0, 2, 739, 738, 17, 6.85%, 0, 276, 2, 1.63
1747780593, 0, 2, 739, 738, 17, 6.85%, 0, 277, 2, 1.53
1747780604, 0, 2, 739, 738, 17, 6.85%, 0, 278, 2, 1.54
1747780610, 0, 2, 739, 738, 17, 6.85%, 0, 279, 2, 1.44
1747780615, 0, 2, 739, 738, 17, 6.85%, 0, 280, 2, 1.48
1747780641, 0, 2, 740, 739, 17, 6.85%, 0, 280, 2, 1.40
1747780647, 0, 2, 741, 740, 17, 6.85%, 0, 280, 2, 1.42
1747780701, 0, 2, 742, 741, 17, 6.85%, 0, 280, 2, 1.34
1747780748, 0, 2, 742, 741, 17, 6.85%, 0, 281, 2, 1.82
1747780792, 0, 2, 743, 742, 17, 6.85%, 0, 281, 2, 1.69
1747780808, 0, 2, 743, 742, 17, 6.85%, 0, 282, 2, 1.70
1747780829, 0, 2, 743, 742, 17, 6.85%, 0, 283, 2, 1.68
1747780834, 0, 2, 743, 742, 17, 6.85%, 0, 284, 2, 1.72
1747780844, 0, 2, 743, 742, 17, 6.85%, 0, 285, 2, 1.60
1747780871, 0, 2, 743, 742, 17, 6.85%, 0, 286, 2, 1.62
1747780882, 0, 2, 744, 743, 17, 6.85%, 0, 286, 2, 1.49
1747780915, 0, 2, 744, 743, 17, 6.85%, 0, 287, 2, 1.50
1747780925, 0, 2, 744, 743, 17, 6.85%, 0, 288, 2, 1.44
1747780985, 0, 2, 744, 743, 17, 6.85%, 0, 289, 2, 1.57
1747781030, 0, 2, 745, 744, 17, 6.85%, 0, 289, 2, 1.49
1747781035, 0, 2, 745, 744, 17, 6.85%, 0, 290, 2, 1.39
1747781120, 0, 2, 745, 744, 17, 6.85%, 0, 292, 2, 1.54
1747781125, 0, 2, 746, 745, 17, 6.85%, 0, 292, 2, 1.48
1747781212, 0, 2, 746, 745, 17, 6.85%, 0, 293, 2, 1.60
1747781223, 0, 2, 746, 745, 17, 6.85%, 0, 294, 2, 1.54
1747781228, 0, 2, 746, 745, 17, 6.85%, 0, 295, 2, 1.53
1747781266, 0, 2, 747, 746, 17, 6.85%, 0, 295, 2, 1.61
1747781277, 0, 2, 748, 747, 17, 6.85%, 0, 295, 2, 1.32
1747781288, 0, 2, 749, 748, 17, 6.85%, 0, 295, 2, 1.47
1747781327, 0, 2, 749, 748, 17, 6.85%, 0, 296, 2, 1.58
1747781333, 0, 2, 749, 748, 17, 6.85%, 0, 297, 2, 1.47
1747781376, 0, 2, 750, 749, 17, 6.85%, 0, 297, 2, 1.42
1747781397, 0, 2, 750, 749, 17, 6.85%, 0, 298, 2, 1.34
1747781402, 0, 2, 751, 750, 17, 6.85%, 0, 298, 2, 1.46
1747781413, 0, 2, 751, 750, 17, 6.85%, 0, 299, 2, 1.46
1747781450, 0, 2, 751, 750, 17, 6.85%, 0, 300, 2, 1.14
1747781456, 0, 2, 752, 751, 17, 6.85%, 0, 300, 2, 1.30
1747781484, 0, 2, 753, 752, 17, 6.85%, 0, 300, 2, 1.52
1747781585, 0, 2, 753, 752, 17, 6.85%, 0, 301, 2, 1.70
1747781634, 0, 2, 753, 752, 17, 6.85%, 0, 302, 2, 1.55
1747781645, 0, 2, 753, 752, 17, 6.85%, 0, 303, 2, 1.40
1747781656, 0, 2, 753, 752, 17, 6.85%, 0, 304, 2, 1.36
1747781727, 0, 2, 753, 752, 17, 6.85%, 0, 305, 2, 1.45
1747781765, 0, 2, 753, 752, 17, 6.85%, 0, 306, 2, 1.57
1747781782, 0, 2, 753, 752, 17, 6.85%, 0, 307, 2, 1.38
1747781808, 0, 2, 753, 752, 17, 6.85%, 0, 308, 2, 1.33
1747781840, 0, 2, 753, 752, 17, 6.85%, 0, 309, 2, 1.54
1747781856, 0, 2, 753, 752, 17, 6.85%, 0, 310, 2, 1.52
1747782043, 0, 2, 754, 753, 17, 6.85%, 0, 310, 2, 1.35
1747782085, 0, 2, 754, 753, 17, 6.85%, 0, 311, 2, 1.50
1747782106, 0, 2, 754, 753, 17, 6.85%, 0, 313, 2, 1.38
1747782149, 0, 2, 754, 753, 17, 6.85%, 0, 314, 2, 9.76
1747782192, 0, 2, 754, 753, 17, 6.85%, 0, 315, 2, 1.49
1747782247, 0, 2, 754, 753, 17, 6.85%, 0, 316, 2, 1.39
1747782483, 0, 2, 755, 754, 17, 6.85%, 0, 316, 2, 1.46
1747782553, 0, 2, 755, 754, 17, 6.85%, 0, 317, 2, 1.49
1747782591, 0, 2, 755, 754, 17, 6.85%, 0, 318, 2, 1.55
1747782602, 0, 2, 755, 754, 17, 6.85%, 0, 319, 2, 1.59
1747782624, 0, 2, 755, 754, 17, 6.85%, 0, 320, 2, 1.48
1747782645, 0, 2, 756, 755, 17, 6.85%, 0, 320, 2, 1.48
1747782709, 0, 2, 757, 756, 17, 6.85%, 0, 320, 2, 1.56
1747782775, 0, 2, 758, 757, 17, 6.85%, 0, 320, 2, 1.60
1747782944, 0, 3, 759, 758, 17, 6.85%, 0, 320, 2, 1.65
1747782954, 0, 3, 760, 759, 17, 6.85%, 0, 320, 2, 1.68
1747782965, 0, 3, 761, 760, 17, 6.85%, 0, 320, 2, 1.51
1747782976, 0, 3, 762, 761, 17, 6.85%, 0, 320, 2, 1.43
1747782986, 0, 3, 763, 762, 17, 6.85%, 0, 320, 2, 1.52
1747782991, 0, 3, 764, 763, 17, 6.85%, 0, 320, 2, 1.50
1747783002, 0, 3, 765, 764, 17, 6.85%, 0, 320, 2, 1.36
1747783013, 0, 3, 766, 765, 17, 6.85%, 0, 320, 2, 1.33
1747783018, 0, 3, 767, 766, 17, 6.85%, 0, 320, 2, 1.30
1747783034, 0, 3, 768, 767, 17, 6.85%, 0, 320, 2, 1.47
1747783050, 0, 3, 769, 768, 17, 6.85%, 0, 320, 2, 1.73
1747783061, 0, 3, 769, 768, 17, 6.85%, 0, 321, 2, 1.56
1747783071, 0, 3, 770, 769, 17, 6.85%, 0, 321, 2, 1.58
1747783082, 0, 3, 771, 770, 17, 6.85%, 0, 321, 2, 1.50
1747783093, 0, 3, 772, 771, 17, 6.85%, 0, 321, 2, 1.47
1747783099, 0, 3, 772, 771, 17, 6.85%, 0, 322, 2, 1.50
1747783121, 0, 3, 773, 772, 17, 6.85%, 0, 322, 2, 1.47
1747783126, 0, 3, 773, 772, 17, 6.85%, 0, 323, 2, 1.51
1747783147, 0, 3, 774, 773, 17, 6.85%, 0, 323, 2, 1.48
1747783158, 0, 3, 775, 774, 17, 6.85%, 0, 323, 2, 1.41
1747783190, 0, 3, 776, 775, 17, 6.85%, 0, 323, 2, 1.63
1747783227, 0, 3, 777, 776, 17, 6.85%, 0, 323, 2, 1.68
1747783253, 0, 3, 778, 777, 17, 6.85%, 0, 323, 2, 1.68
1747783264, 0, 3, 779, 778, 17, 6.85%, 0, 323, 2, 1.62
1747783312, 0, 3, 779, 778, 17, 6.85%, 0, 324, 2, 1.52
1747783324, 0, 3, 780, 779, 17, 6.85%, 0, 324, 2, 2.00
1747783329, 0, 3, 781, 780, 17, 6.85%, 0, 324, 2, 1.78
1747783350, 0, 3, 782, 781, 17, 6.85%, 0, 324, 2, 1.44
1747783378, 0, 3, 783, 782, 17, 6.85%, 0, 324, 2, 1.39
1747783411, 0, 3, 783, 782, 17, 6.85%, 0, 325, 2, 1.42
1747783458, 0, 3, 783, 782, 17, 6.85%, 0, 326, 2, 1.43
1747783485, 0, 3, 784, 783, 17, 6.85%, 0, 326, 2, 1.34
1747783550, 0, 3, 784, 783, 17, 6.85%, 0, 327, 2, 1.40
1747783556, 0, 3, 785, 784, 17, 6.85%, 0, 327, 2, 1.57
1747783599, 0, 3, 786, 785, 17, 6.85%, 0, 327, 2, 1.47
1747783681, 0, 3, 786, 785, 17, 6.85%, 0, 328, 2, 1.58
1747783877, 0, 3, 787, 786, 17, 6.85%, 0, 328, 2, 1.31
1747783906, 0, 3, 787, 786, 17, 6.85%, 0, 329, 2, 1.36
1747784095, 0, 3, 788, 787, 17, 6.85%, 0, 329, 2, 1.30
1747784130, 0, 3, 789, 788, 17, 6.85%, 0, 329, 2, 1.43
1747784195, 0, 3, 790, 789, 17, 6.85%, 0, 329, 2, 1.44
1747784352, 0, 3, 790, 789, 17, 6.85%, 0, 330, 2, 1.42
1747784358, 0, 3, 791, 790, 17, 6.85%, 0, 330, 2, 1.45
1747784369, 0, 3, 791, 790, 17, 6.85%, 0, 331, 2, 1.56
1747784374, 0, 3, 791, 790, 17, 6.85%, 0, 332, 2, 1.46
1747784455, 0, 3, 791, 790, 17, 6.85%, 0, 333, 2, 1.72
1747784460, 0, 3, 792, 791, 17, 6.85%, 0, 333, 2, 1.54
1747784537, 0, 3, 793, 792, 17, 6.85%, 0, 333, 2, 1.34
1747784634, 0, 3, 794, 793, 17, 6.85%, 0, 333, 2, 1.51
1747784938, 0, 3, 795, 794, 17, 6.85%, 0, 333, 2, 1.29
1747785006, 0, 3, 795, 794, 17, 6.85%, 0, 334, 2, 1.47
1747785245, 0, 3, 795, 794, 17, 6.85%, 0, 335, 2, 1.38
1747785456, 0, 3, 796, 795, 17, 6.85%, 0, 335, 2, 1.34
1747785538, 0, 3, 797, 796, 17, 6.85%, 0, 335, 2, 1.58
1747785715, 0, 3, 798, 797, 17, 6.85%, 0, 335, 2, 1.37
1747786006, 0, 3, 799, 798, 17, 6.85%, 0, 335, 2, 1.30
1747786022, 0, 3, 800, 799, 17, 6.85%, 0, 335, 2, 1.56
1747786131, 0, 3, 801, 800, 17, 6.85%, 0, 335, 2, 1.43
1747786174, 0, 3, 802, 801, 17, 6.85%, 0, 335, 2, 1.38
1747786251, 0, 5, 802, 801, 18, 6.85%, 0, 335, 2, 1.30
1747786285, 0, 5, 803, 802, 18, 6.85%, 0, 335, 2, 1.45
1747786295, 0, 5, 804, 803, 18, 6.85%, 0, 335, 2, 1.43
1747786306, 0, 5, 805, 804, 18, 6.85%, 0, 335, 2, 1.29
1747786357, 0, 5, 806, 805, 18, 6.85%, 0, 335, 2, 1.33
1747786378, 0, 5, 807, 806, 18, 6.85%, 0, 335, 2, 1.34
1747786577, 0, 5, 808, 807, 18, 6.85%, 0, 336, 2, 1.80
1747786582, 0, 5, 809, 808, 18, 6.85%, 0, 336, 2, 1.77
1747786615, 0, 5, 810, 809, 18, 6.85%, 0, 336, 2, 1.68
1747786680, 0, 5, 811, 810, 18, 6.85%, 0, 336, 2, 1.67
1747786724, 0, 5, 812, 811, 18, 6.85%, 0, 336, 2, 2.25
1747786735, 0, 5, 813, 812, 18, 6.85%, 0, 336, 2, 1.77
1747786789, 0, 5, 814, 813, 18, 6.85%, 0, 336, 2, 1.56
1747786804, 0, 5, 815, 814, 18, 6.85%, 0, 336, 2, 1.44
1747786815, 0, 5, 816, 815, 18, 6.85%, 0, 336, 2, 1.54
1747786852, 0, 5, 816, 815, 18, 6.85%, 0, 337, 2, 1.53
1747786916, 0, 5, 816, 815, 18, 6.85%, 0, 338, 2, 1.67
1747786931, 0, 5, 817, 816, 18, 6.85%, 0, 338, 2, 1.76
1747786979, 0, 5, 818, 817, 18, 6.85%, 0, 338, 2, 1.56
1747787018, 0, 5, 819, 818, 18, 6.85%, 0, 338, 2, 1.61
1747787029, 0, 5, 820, 819, 18, 6.85%, 0, 338, 2, 1.53
1747787044, 0, 5, 821, 820, 18, 6.85%, 0, 338, 2, 1.71
1747787107, 0, 5, 821, 820, 18, 6.85%, 0, 339, 2, 1.54
1747787166, 0, 5, 822, 821, 18, 6.85%, 0, 339, 2, 1.66
1747787172, 0, 5, 823, 822, 18, 6.85%, 0, 339, 2, 1.59
1747787474, 0, 5, 824, 823, 18, 6.85%, 0, 339, 2, 1.68
1747787479, 0, 5, 825, 824, 18, 6.85%, 0, 339, 2, 1.59
1747787571, 0, 5, 826, 825, 18, 6.85%, 0, 339, 2, 1.73
1747787694, 0, 5, 827, 826, 18, 6.85%, 0, 339, 2, 1.51
1747787796, 0, 5, 828, 827, 18, 6.85%, 0, 339, 2, 1.65
1747787913, 0, 5, 829, 828, 18, 6.85%, 0, 339, 2, 1.72
1747788176, 0, 5, 830, 829, 18, 6.85%, 0, 339, 2, 1.52
1747788328, 0, 5, 831, 830, 18, 6.85%, 0, 339, 2, 1.72
1747788403, 0, 5, 832, 831, 18, 6.85%, 0, 339, 2, 1.40
1747788462, 0, 5, 833, 832, 18, 6.85%, 0, 339, 2, 1.50
1747788482, 0, 5, 834, 833, 18, 6.86%, 0, 339, 2, 1.60
1747788531, 0, 5, 834, 833, 18, 6.86%, 0, 340, 2, 2.22
1747788547, 0, 5, 834, 833, 18, 6.86%, 0, 341, 2, 2.00
1747788569, 0, 5, 835, 834, 18, 6.86%, 0, 341, 2, 1.70
1747788580, 0, 5, 836, 835, 18, 6.86%, 0, 341, 2, 1.74
1747788591, 0, 5, 837, 836, 18, 6.86%, 0, 341, 2, 1.56
1747788639, 0, 5, 838, 837, 18, 6.86%, 0, 341, 2, 1.46
1747788660, 0, 5, 839, 838, 18, 6.86%, 0, 341, 2, 1.55
1747788752, 0, 5, 840, 839, 18, 6.86%, 0, 341, 2, 1.53
1747788768, 0, 5, 841, 840, 18, 6.86%, 0, 341, 2, 1.55
1747788806, 0, 5, 842, 841, 18, 6.86%, 0, 341, 2, 2.11
1747788893, 0, 5, 843, 842, 18, 6.86%, 0, 341, 2, 1.96
1747788981, 0, 5, 844, 843, 18, 6.86%, 0, 341, 2, 1.69
1747789068, 0, 5, 845, 844, 18, 6.86%, 0, 341, 2, 1.73
1747789099, 0, 5, 846, 845, 18, 6.86%, 0, 341, 2, 1.64
1747789180, 0, 5, 847, 846, 18, 6.86%, 0, 341, 2, 1.58
1747789191, 0, 5, 848, 847, 18, 6.86%, 0, 341, 2, 1.35
1747789240, 0, 8, 848, 847, 20, 6.86%, 0, 341, 2, 1.59
1747789251, 0, 8, 849, 848, 20, 6.86%, 0, 341, 2, 1.51
1747789305, 0, 8, 849, 848, 20, 6.86%, 0, 342, 2, 1.57
1747789365, 0, 8, 850, 849, 20, 6.86%, 0, 342, 2, 1.67
1747789370, 0, 8, 851, 850, 20, 6.86%, 0, 342, 2, 1.57
1747789495, 0, 8, 851, 850, 20, 6.86%, 0, 343, 2, 1.59
1747789688, 0, 8, 851, 850, 20, 6.86%, 0, 344, 2, 1.59
1747789709, 0, 8, 852, 851, 20, 6.86%, 0, 344, 2, 1.55
1747789758, 0, 8, 853, 852, 20, 6.86%, 0, 344, 2, 1.39
1747789812, 0, 8, 854, 853, 20, 6.86%, 0, 344, 2, 1.79
1747789828, 0, 8, 855, 854, 20, 6.87%, 0, 344, 2, 2.01
1747789850, 0, 8, 855, 854, 20, 6.87%, 0, 345, 2, 1.91
1747789866, 0, 8, 856, 855, 20, 6.87%, 0, 345, 2, 2.57
1747789892, 0, 8, 857, 856, 20, 6.87%, 0, 345, 2, 2.07
1747789935, 0, 8, 858, 857, 20, 6.87%, 0, 345, 2, 2.31
1747789978, 0, 8, 859, 858, 20, 6.87%, 0, 345, 2, 2.51
1747789989, 0, 8, 860, 859, 20, 6.87%, 0, 345, 2, 2.02
1747790047, 0, 8, 861, 860, 20, 6.87%, 0, 345, 2, 2.28
1747790101, 0, 8, 862, 861, 20, 6.87%, 0, 345, 2, 1.98
1747790123, 0, 8, 863, 862, 20, 6.87%, 0, 345, 2, 2.23
1747790133, 0, 8, 864, 863, 20, 6.87%, 0, 345, 2, 1.86
1747790169, 0, 8, 865, 864, 20, 6.87%, 0, 345, 2, 2.07
1747790222, 0, 8, 866, 865, 20, 6.87%, 0, 345, 2, 2.02
1747790286, 0, 8, 867, 866, 20, 6.87%, 0, 345, 2, 2.89
1747790330, 0, 8, 868, 867, 20, 6.87%, 0, 345, 2, 2.11
1747790398, 0, 8, 869, 868, 20, 6.87%, 0, 345, 2, 2.59
1747790431, 0, 8, 870, 869, 20, 6.87%, 0, 345, 2, 2.55
1747790525, 0, 8, 871, 870, 20, 6.87%, 0, 345, 2, 2.16
1747790531, 0, 8, 872, 871, 20, 6.87%, 0, 345, 2, 2.10
1747790557, 0, 8, 872, 871, 20, 6.87%, 0, 346, 2, 2.59
1747790594, 0, 8, 873, 872, 20, 6.87%, 0, 346, 2, 2.57
1747790680, 0, 8, 874, 873, 20, 6.87%, 0, 346, 2, 3.51
1747790686, 0, 8, 874, 873, 20, 6.87%, 0, 347, 2, 3.23
1747790723, 0, 8, 875, 874, 20, 6.87%, 0, 347, 2, 2.88
1747790892, 0, 8, 876, 875, 20, 6.87%, 0, 347, 2, 2.70
1747791019, 0, 8, 876, 875, 20, 6.87%, 0, 348, 2, 2.88
1747791024, 0, 8, 877, 876, 20, 6.87%, 0, 348, 2, 2.80
1747791195, 0, 8, 877, 876, 20, 6.87%, 0, 349, 2, 2.84
1747791259, 0, 8, 877, 876, 20, 6.87%, 0, 350, 2, 2.90
1747791338, 0, 9, 877, 876, 19, 6.87%, 0, 350, 2, 2.45
1747791398, 0, 10, 877, 876, 19, 6.87%, 0, 350, 2, 2.72
1747791452, 0, 11, 877, 876, 19, 6.87%, 0, 350, 2, 2.39
1747791521, 0, 12, 877, 876, 19, 6.87%, 0, 350, 2, 1.86
1747791609, 0, 13, 877, 876, 19, 6.87%, 0, 350, 2, 1.48
1747791620, 0, 13, 878, 877, 19, 6.87%, 0, 350, 2, 1.46
1747791741, 0, 13, 879, 878, 19, 6.87%, 0, 350, 2, 2.05
1747791898, 0, 13, 880, 879, 19, 6.87%, 0, 350, 2, 1.62
1747791936, 0, 13, 880, 879, 19, 6.87%, 0, 351, 2, 1.56
1747792044, 0, 13, 881, 880, 19, 6.87%, 0, 351, 2, 1.51
1747792049, 0, 13, 882, 881, 19, 6.87%, 0, 351, 2, 1.48
1747792238, 0, 13, 883, 882, 19, 6.87%, 0, 351, 2, 1.38
1747792304, 0, 13, 884, 883, 19, 6.87%, 0, 351, 2, 1.72
1747792325, 0, 13, 885, 884, 19, 6.87%, 0, 351, 2, 1.56
1747792449, 0, 13, 886, 885, 19, 6.87%, 0, 351, 2, 1.52
1747792553, 0, 13, 887, 886, 19, 6.87%, 0, 351, 2, 1.59
1747792591, 0, 13, 887, 886, 19, 6.87%, 0, 352, 2, 1.45
1747792856, 0, 13, 887, 886, 19, 6.87%, 0, 353, 2, 1.77
1747793176, 0, 13, 887, 886, 19, 6.87%, 0, 354, 2, 1.32
1747794043, 0, 13, 888, 887, 19, 6.87%, 0, 354, 2, 1.46
1747794087, 0, 13, 889, 888, 19, 6.87%, 0, 354, 2, 1.28
1747794426, 0, 13, 890, 889, 19, 6.87%, 0, 354, 2, 1.55
1747794660, 0, 15, 890, 889, 20, 6.87%, 0, 354, 2, 1.57
1747794748, 0, 15, 891, 890, 20, 6.87%, 0, 354, 2, 1.53
1747794855, 0, 16, 891, 890, 20, 6.87%, 0, 354, 2, 1.53
1747794942, 0, 17, 891, 890, 20, 6.87%, 0, 354, 2, 1.79
1747795033, 0, 20, 891, 890, 20, 6.87%, 0, 354, 2, 2.03
1747795125, 0, 22, 891, 890, 20, 6.87%, 0, 354, 2, 1.70
1747795140, 0, 22, 892, 891, 20, 6.87%, 0, 354, 2, 1.55
1747795184, 0, 22, 892, 891, 20, 6.87%, 0, 355, 2, 1.58
1747795323, 0, 23, 892, 891, 20, 6.87%, 0, 355, 2, 1.47
1747795410, 0, 24, 892, 891, 20, 6.87%, 0, 355, 2, 1.54
1747795503, 0, 25, 892, 891, 20, 6.87%, 0, 355, 2, 1.46
1747795597, 0, 26, 892, 891, 20, 6.87%, 0, 355, 2, 1.29
1747795694, 0, 27, 892, 891, 20, 6.87%, 0, 355, 2, 1.60
1747795786, 0, 28, 892, 891, 20, 6.87%, 0, 355, 2, 1.49
1747795878, 0, 30, 892, 891, 20, 6.87%, 0, 355, 2, 1.51
1747795970, 0, 31, 892, 891, 20, 6.87%, 0, 355, 2, 1.47
1747796065, 0, 33, 892, 891, 20, 6.87%, 0, 355, 2, 1.54
1747796163, 0, 34, 892, 891, 20, 6.87%, 0, 355, 2, 1.50
1747796251, 0, 35, 892, 891, 20, 6.87%, 0, 355, 2, 1.73
1747796349, 0, 36, 893, 892, 20, 6.87%, 0, 355, 2, 1.50
1747796375, 0, 36, 893, 892, 20, 6.87%, 0, 356, 2, 1.35
1747796538, 0, 37, 893, 892, 20, 6.87%, 0, 356, 2, 1.71
1747796631, 0, 38, 893, 892, 20, 6.87%, 0, 356, 2, 1.64
1747796721, 0, 39, 893, 892, 20, 6.87%, 0, 356, 2, 1.82
1747796813, 0, 40, 893, 892, 20, 6.87%, 0, 356, 2, 1.69
1747796911, 0, 41, 893, 892, 20, 6.87%, 0, 356, 2, 1.48
1747797015, 0, 42, 893, 892, 20, 6.87%, 0, 356, 2, 1.40
1747797104, 0, 43, 893, 892, 20, 6.87%, 0, 356, 2, 1.74
1747797195, 0, 45, 893, 892, 20, 6.87%, 0, 356, 2, 2.00
1747797282, 0, 46, 893, 892, 20, 6.87%, 0, 356, 2, 1.46
1747797375, 0, 49, 893, 892, 20, 6.87%, 0, 356, 2, 1.49
1747797413, 0, 49, 894, 893, 20, 6.87%, 0, 356, 2, 1.69
1747797566, 0, 50, 894, 893, 20, 6.87%, 0, 356, 2, 1.55
1747797661, 0, 52, 894, 893, 20, 6.87%, 0, 356, 2, 1.00
1747797749, 0, 53, 894, 893, 20, 6.87%, 0, 356, 2, 1.72
1747797770, 0, 53, 894, 893, 20, 6.87%, 0, 357, 2, 1.51
1747797842, 0, 54, 894, 893, 20, 6.87%, 0, 357, 2, 1.57
1747797858, 0, 54, 894, 893, 20, 6.87%, 0, 358, 2, 1.15
1747797885, 0, 54, 895, 894, 20, 6.87%, 0, 358, 2, 1.51
1747798032, 0, 57, 895, 894, 20, 6.87%, 0, 358, 2, 1.89
1747798125, 0, 57, 895, 894, 20, 6.87%, 0, 359, 2, 1.37
1747798130, 0, 58, 895, 894, 20, 6.87%, 0, 359, 2, 1.34
1747798227, 0, 59, 895, 894, 20, 6.87%, 0, 359, 2, 1.56
1747798282, 0, 59, 896, 895, 20, 6.87%, 0, 359, 2, 1.32
1747798422, 0, 60, 896, 895, 20, 6.87%, 0, 359, 2, 1.57
1747798515, 0, 61, 896, 895, 20, 6.87%, 0, 359, 2, 1.70
1747798611, 0, 63, 896, 895, 20, 6.87%, 0, 359, 2, 1.59
1747798649, 0, 63, 897, 896, 20, 6.87%, 0, 359, 2, 1.41
1747798804, 0, 66, 897, 896, 20, 6.87%, 0, 359, 2, 1.64
1747798879, 0, 66, 897, 896, 20, 6.87%, 0, 360, 2, 1.36
1747798906, 0, 69, 897, 896, 20, 6.87%, 0, 360, 2, 1.43
1747798999, 0, 70, 897, 896, 20, 6.87%, 0, 360, 2, 1.42
1747799053, 0, 70, 897, 896, 20, 6.87%, 0, 361, 2, 1.75
1747799096, 0, 71, 897, 896, 20, 6.87%, 0, 361, 2, 1.57
1747799182, 0, 73, 897, 896, 20, 6.87%, 0, 361, 2, 1.63
1747799254, 0, 73, 897, 896, 20, 6.87%, 0, 362, 2, 1.31
1747799281, 0, 74, 897, 896, 20, 6.87%, 0, 362, 2, 1.66
1747799329, 0, 74, 898, 897, 20, 6.87%, 0, 362, 2, 1.39
1747799444, 0, 74, 899, 898, 20, 6.87%, 0, 362, 2, 1.33
1747799680, 0, 76, 899, 898, 20, 6.87%, 0, 362, 2, 1.50
1747799740, 0, 76, 899, 898, 20, 6.87%, 0, 363, 2, 1.61
1747799766, 0, 77, 899, 898, 20, 6.87%, 0, 363, 2, 1.59
1747799782, 0, 77, 900, 899, 20, 6.87%, 0, 363, 2, 1.50
1747799874, 0, 77, 901, 900, 20, 6.87%, 0, 363, 2, 1.66
1747800161, 0, 78, 901, 900, 20, 6.87%, 0, 363, 2, 1.57
1747800222, 0, 78, 902, 901, 20, 6.87%, 0, 363, 2, 1.52
1747800345, 0, 79, 902, 901, 20, 6.87%, 0, 363, 2, 36.14
1747800519, 0, 79, 902, 901, 20, 6.87%, 0, 364, 2, 3.36
1747800535, 0, 80, 902, 900, 20, 6.87%, 0, 364, 2, 1.00
1747800552, 0, 80, 902, 900, 20, 6.87%, 0, 365, 2, 1.44
1747800595, 0, 80, 903, 901, 20, 6.87%, 0, 365, 3, 1.71
1747800616, 0, 80, 903, 901, 20, 6.87%, 0, 366, 3, 1.45
1747800638, 0, 80, 904, 902, 20, 6.87%, 0, 366, 3, 1.83
1747800906, 0, 81, 904, 902, 20, 6.87%, 0, 366, 3, 1.75
1747800997, 0, 82, 904, 902, 20, 6.87%, 0, 366, 3, 1.75
1747801083, 0, 83, 905, 903, 20, 6.87%, 0, 366, 3, 1.51
1747801116, 0, 83, 906, 904, 20, 6.87%, 0, 366, 3, 1.27
1747801225, 0, 83, 907, 905, 20, 6.87%, 0, 366, 3, 1.94
1747801283, 0, 83, 908, 906, 20, 6.87%, 0, 366, 3, 1.40
1747801454, 0, 83, 909, 907, 20, 6.87%, 0, 366, 3, 2.28
1747801639, 0, 83, 909, 907, 20, 6.87%, 0, 367, 3, 1.50
1747802306, 0, 83, 909, 907, 20, 6.87%, 0, 368, 3, 1.54
1747802398, 0, 83, 910, 908, 20, 6.87%, 0, 368, 3, 1.58
1747802766, 0, 83, 911, 909, 20, 6.87%, 0, 368, 3, 1.52
1747803115, 0, 83, 911, 909, 20, 6.87%, 0, 369, 3, 1.54
1747803519, 0, 83, 911, 909, 20, 6.87%, 0, 370, 3, 1.62
1747803673, 0, 83, 912, 910, 20, 6.87%, 0, 370, 3, 1.57
1747803897, 0, 83, 912, 910, 20, 6.87%, 0, 371, 3, 1.33
1747804115, 0, 84, 912, 910, 20, 6.87%, 0, 371, 3, 1.52
1747804206, 0, 85, 912, 910, 20, 6.87%, 0, 371, 3, 1.45
1747804304, 0, 86, 912, 910, 20, 6.87%, 0, 371, 3, 1.70
1747804396, 0, 87, 912, 910, 20, 6.87%, 0, 371, 3, 1.89
1747804435, 0, 87, 913, 911, 20, 6.87%, 0, 371, 3, 1.45
1747804584, 0, 88, 913, 911, 20, 6.87%, 0, 371, 3, 1.84
1747804678, 0, 90, 913, 911, 20, 6.87%, 0, 371, 3, 1.80
1747804769, 0, 91, 913, 911, 20, 6.87%, 0, 372, 3, 1.57
1747804856, 0, 92, 913, 911, 20, 6.87%, 0, 372, 3, 1.69
1747804947, 0, 95, 913, 911, 20, 6.87%, 0, 372, 3, 1.64
1747805039, 0, 96, 913, 911, 20, 6.87%, 0, 372, 3, 1.78
1747805128, 0, 97, 913, 911, 20, 6.87%, 0, 372, 3, 1.51
1747805215, 0, 98, 913, 911, 20, 6.87%, 0, 372, 3, 1.70
1747805307, 0, 99, 913, 911, 20, 6.87%, 0, 372, 3, 1.59
1747805395, 0, 100, 914, 912, 20, 6.87%, 0, 372, 3, 1.47
1747805524, 0, 100, 915, 913, 20, 6.87%, 0, 372, 3, 1.40
1747805781, 0, 103, 915, 913, 20, 6.87%, 0, 372, 3, 1.57
1747805868, 0, 104, 915, 913, 20, 6.87%, 0, 372, 3, 1.51
1747805942, 0, 104, 916, 914, 20, 6.87%, 0, 372, 3, 1.65
1747806055, 0, 105, 916, 914, 20, 6.87%, 0, 372, 3, 1.46
1747806146, 0, 107, 916, 914, 20, 6.87%, 0, 372, 3, 1.54
1747806237, 0, 109, 916, 914, 20, 6.87%, 0, 372, 3, 1.51
1747806330, 0, 111, 916, 914, 20, 6.87%, 0, 372, 3, 1.64
1747806420, 0, 112, 916, 914, 20, 6.87%, 0, 372, 3, 1.65
1747806507, 0, 113, 916, 914, 20, 6.87%, 0, 372, 3, 1.53
1747806604, 0, 115, 916, 914, 20, 6.87%, 0, 372, 3, 1.66
1747806696, 0, 116, 916, 914, 20, 6.87%, 0, 372, 3, 1.39
1747806792, 0, 117, 916, 914, 20, 6.87%, 0, 372, 3, 1.47
1747806885, 0, 118, 916, 914, 20, 6.87%, 0, 372, 3, 1.65
1747806977, 0, 119, 916, 914, 20, 6.87%, 0, 372, 3, 1.63
1747807063, 0, 121, 916, 914, 20, 6.87%, 0, 372, 3, 2.01
1747807150, 0, 122, 916, 914, 20, 6.87%, 0, 372, 3, 1.92
1747807231, 0, 123, 916, 914, 20, 6.87%, 0, 372, 3, 1.99
1747807323, 0, 124, 916, 914, 20, 6.87%, 0, 372, 3, 1.75
1747807414, 0, 125, 916, 914, 20, 6.87%, 0, 372, 3, 1.62
1747807425, 0, 125, 916, 914, 20, 6.87%, 0, 373, 3, 2.14
1747807497, 0, 127, 916, 914, 20, 6.87%, 0, 373, 3, 1.79
1747807588, 0, 128, 916, 914, 20, 6.87%, 0, 373, 3, 1.67
1747807678, 0, 129, 916, 914, 20, 6.87%, 0, 373, 3, 1.72
1747807768, 0, 130, 916, 914, 20, 6.87%, 0, 373, 3, 1.95
1747807852, 0, 131, 916, 914, 20, 6.87%, 0, 373, 3, 2.02
1747807917, 0, 131, 916, 914, 20, 6.87%, 0, 374, 3, 1.52
1747807946, 0, 134, 916, 914, 20, 6.87%, 0, 374, 3, 1.47
1747808037, 0, 135, 916, 914, 20, 6.87%, 0, 374, 3, 1.47
1747808128, 0, 136, 916, 914, 20, 6.87%, 0, 374, 3, 1.51
1747808225, 0, 137, 916, 914, 20, 6.87%, 0, 374, 3, 1.50
1747808311, 0, 138, 916, 914, 20, 6.87%, 0, 374, 3, 1.76
1747808397, 0, 139, 916, 914, 20, 6.87%, 0, 374, 3, 1.75
1747808489, 0, 141, 916, 914, 20, 6.87%, 0, 374, 3, 1.68
1747808570, 0, 141, 917, 915, 20, 6.87%, 0, 374, 3, 1.59
1747808690, 0, 142, 917, 915, 20, 6.87%, 0, 374, 3, 1.47
1747808773, 0, 143, 917, 915, 20, 6.87%, 0, 374, 3, 1.67
1747808865, 0, 144, 917, 915, 20, 6.87%, 0, 374, 3, 1.48
1747808958, 0, 146, 917, 915, 20, 6.87%, 0, 374, 3, 1.65
1747809052, 0, 147, 917, 915, 20, 6.87%, 0, 374, 3, 1.51
1747809144, 0, 148, 917, 915, 20, 6.87%, 0, 374, 3, 1.94
1747809237, 0, 149, 917, 915, 20, 6.87%, 0, 374, 3, 1.86
1747809325, 0, 151, 917, 915, 20, 6.87%, 0, 374, 3, 1.48
1747809412, 0, 152, 917, 915, 20, 6.87%, 0, 374, 3, 1.92
1747809503, 0, 153, 917, 915, 20, 6.87%, 0, 374, 3, 1.79
1747809595, 0, 155, 917, 915, 20, 6.87%, 0, 374, 3, 1.59
1747809697, 0, 156, 917, 915, 20, 6.87%, 0, 374, 3, 1.58
1747809756, 0, 156, 918, 916, 20, 6.87%, 0, 374, 3, 1.46
1747809888, 0, 157, 918, 916, 20, 6.87%, 0, 374, 3, 1.61
1747809980, 0, 159, 918, 916, 20, 6.87%, 0, 374, 3, 1.63
1747810039, 0, 159, 919, 917, 20, 6.87%, 0, 374, 3, 1.46
1747810175, 0, 160, 919, 917, 20, 6.87%, 0, 374, 3, 1.64
1747810261, 0, 161, 919, 917, 20, 6.87%, 0, 374, 3, 1.52
1747810354, 0, 162, 919, 917, 20, 6.87%, 0, 374, 3, 1.47
1747810446, 0, 163, 919, 917, 20, 6.87%, 0, 374, 3, 1.53
1747810542, 0, 164, 919, 917, 20, 6.87%, 0, 374, 3, 1.56
1747810635, 0, 165, 919, 917, 20, 6.87%, 0, 374, 3, 1.38
1747810731, 0, 166, 919, 917, 20, 6.87%, 0, 374, 3, 1.76
1747810819, 0, 168, 919, 917, 20, 6.87%, 0, 374, 3, 1.75
1747810904, 0, 169, 919, 917, 20, 6.87%, 0, 374, 3, 2.08
1747810992, 0, 170, 919, 917, 20, 6.87%, 0, 374, 3, 1.87
1747811085, 0, 172, 919, 917, 20, 6.87%, 0, 374, 3, 1.71
1747811171, 0, 174, 919, 917, 20, 6.87%, 0, 374, 3, 1.78
1747811213, 0, 174, 919, 917, 20, 6.87%, 0, 375, 3, 1.44
1747811262, 0, 174, 920, 918, 20, 6.87%, 0, 375, 3, 1.73
1747811369, 0, 175, 920, 918, 20, 6.87%, 0, 375, 3, 1.48
1747811463, 0, 176, 920, 918, 20, 6.87%, 0, 375, 3, 1.51
1747811556, 0, 177, 920, 918, 20, 6.87%, 0, 375, 3, 1.80
1747811648, 0, 178, 920, 918, 20, 6.87%, 0, 375, 3, 1.60
1747811740, 0, 180, 920, 918, 20, 6.87%, 0, 375, 3, 1.46
1747811826, 0, 181, 920, 918, 20, 6.87%, 0, 375, 3, 1.91
1747811923, 0, 182, 920, 918, 20, 6.87%, 0, 375, 3, 1.63
1747812019, 0, 183, 920, 918, 20, 6.87%, 0, 375, 3, 1.55
1747812113, 0, 184, 920, 918, 20, 6.87%, 0, 375, 3, 1.52
1747812201, 0, 185, 920, 918, 20, 6.87%, 0, 375, 3, 1.64
1747812293, 0, 186, 920, 918, 20, 6.87%, 0, 375, 3, 1.60
1747812381, 0, 187, 920, 918, 20, 6.87%, 0, 375, 3, 1.61
1747812467, 0, 188, 920, 918, 20, 6.87%, 0, 375, 3, 1.80
1747812537, 0, 188, 921, 919, 20, 6.87%, 0, 375, 3, 1.67
1747812670, 0, 190, 921, 919, 20, 6.87%, 0, 375, 3, 1.28
1747812762, 0, 191, 921, 919, 20, 6.87%, 0, 375, 3, 1.54
1747812853, 0, 192, 921, 919, 20, 6.87%, 0, 375, 3, 1.90
1747812940, 0, 193, 921, 919, 20, 6.87%, 0, 375, 3, 1.75
1747813033, 0, 194, 921, 919, 20, 6.87%, 0, 375, 3, 1.56
1747813120, 0, 195, 921, 919, 20, 6.87%, 0, 375, 3, 2.08
1747813212, 0, 196, 921, 919, 20, 6.87%, 0, 375, 3, 1.67
1747813305, 0, 197, 921, 919, 20, 6.87%, 0, 375, 3, 1.73
1747813359, 0, 197, 922, 920, 20, 6.87%, 0, 375, 3, 1.80
1747813483, 0, 198, 922, 920, 20, 6.87%, 0, 375, 3, 1.60
1747813520, 0, 198, 922, 920, 20, 6.87%, 0, 376, 3, 1.68
1747813563, 0, 198, 922, 920, 20, 6.87%, 0, 377, 3, 1.46
1747813575, 0, 199, 922, 920, 20, 6.87%, 0, 377, 3, 1.67
1747813654, 0, 200, 922, 920, 20, 6.87%, 0, 377, 3, 1.66
1747813745, 0, 201, 922, 920, 20, 6.87%, 0, 377, 3, 1.54
1747813843, 0, 202, 922, 920, 20, 6.87%, 0, 377, 3, 1.51
1747813935, 0, 203, 922, 920, 20, 6.87%, 0, 377, 3, 1.85
1747814019, 0, 204, 922, 920, 20, 6.87%, 0, 377, 3, 1.75
1747814112, 0, 205, 922, 920, 20, 6.87%, 0, 377, 3, 1.46
1747814204, 0, 206, 922, 920, 20, 6.87%, 0, 377, 3, 1.43
1747814295, 0, 207, 922, 920, 20, 6.87%, 0, 377, 3, 1.35
1747814381, 0, 208, 922, 920, 20, 6.87%, 0, 377, 3, 1.65
1747814477, 0, 209, 922, 920, 20, 6.87%, 0, 377, 3, 1.68
1747814570, 0, 210, 922, 920, 20, 6.87%, 0, 377, 3, 1.49
1747814667, 0, 212, 922, 920, 20, 6.87%, 0, 377, 3, 1.71
1747814757, 0, 213, 922, 920, 20, 6.87%, 0, 377, 3, 1.70
1747814840, 0, 214, 922, 920, 20, 6.87%, 0, 377, 3, 1.73
1747814931, 0, 215, 922, 920, 20, 6.87%, 0, 377, 3, 1.59
1747815027, 0, 216, 922, 920, 20, 6.87%, 0, 378, 3, 1.69
1747815124, 0, 217, 922, 920, 20, 6.87%, 0, 378, 3, 1.48
1747815221, 0, 218, 922, 920, 20, 6.87%, 0, 378, 3, 1.67
1747815320, 0, 219, 922, 920, 20, 6.87%, 0, 378, 3, 1.62
1747815419, 0, 220, 922, 920, 20, 6.87%, 0, 378, 3, 1.40
1747815511, 0, 221, 922, 920, 20, 6.87%, 0, 378, 3, 1.42
1747815602, 0, 222, 922, 920, 20, 6.87%, 0, 378, 3, 1.90
1747815688, 0, 223, 922, 920, 20, 6.87%, 0, 378, 3, 1.52
1747815781, 0, 224, 922, 920, 20, 6.87%, 0, 378, 3, 1.66
1747815867, 0, 225, 922, 920, 20, 6.87%, 0, 378, 3, 1.97
1747815961, 0, 226, 922, 920, 20, 6.87%, 0, 378, 3, 1.69
1747816047, 0, 227, 922, 920, 20, 6.87%, 0, 378, 3, 1.71
1747816089, 0, 227, 923, 921, 20, 6.87%, 0, 378, 3, 1.60
1747816231, 0, 229, 923, 921, 20, 6.87%, 0, 378, 3, 1.94
1747816323, 0, 231, 923, 921, 20, 6.87%, 0, 378, 3, 1.58
1747816415, 0, 232, 923, 921, 20, 6.87%, 0, 378, 3, 1.62
1747816420, 0, 232, 924, 922, 20, 6.87%, 0, 378, 3, 1.74
1747816447, 0, 232, 925, 923, 20, 6.87%, 0, 378, 3, 1.47
1747816789, 0, 233, 925, 923, 20, 6.87%, 0, 378, 3, 2.01
1747816875, 0, 234, 925, 923, 20, 6.87%, 0, 378, 3, 1.83
1747816968, 0, 235, 925, 923, 20, 6.87%, 0, 378, 3, 1.46
1747817066, 0, 236, 925, 923, 20, 6.87%, 0, 378, 3, 1.68
1747817159, 0, 237, 925, 923, 20, 6.87%, 0, 378, 3, 1.64
1747817234, 0, 237, 925, 923, 20, 6.87%, 0, 379, 3, 1.46
1747817244, 0, 239, 925, 923, 20, 6.87%, 0, 379, 3, 1.62
1747817330, 0, 239, 926, 924, 20, 6.87%, 0, 379, 3, 2.80
1747817416, 0, 241, 926, 924, 20, 6.87%, 0, 379, 3, 1.71
