# unix_time, cycles_done, cur_path, paths_total, pending_total, pending_favs, map_size, unique_crashes, unique_hangs, max_depth, execs_per_sec
1747817458, 0, 0, 1, 1, 1, 3.78%, 0, 0, 1, 53.69
1747817463, 0, 0, 19, 19, 1, 5.24%, 0, 0, 2, 50.78
1747817468, 0, 0, 50, 50, 1, 5.43%, 0, 0, 2, 74.59
1747817473, 0, 0, 76, 76, 1, 5.45%, 0, 0, 2, 76.63
1747817478, 0, 0, 95, 95, 1, 5.45%, 0, 0, 2, 80.71
1747817483, 0, 0, 109, 109, 1, 5.45%, 0, 0, 2, 83.20
1747817489, 0, 0, 125, 125, 1, 5.45%, 0, 0, 2, 82.71
1747817494, 0, 0, 135, 135, 1, 5.45%, 0, 0, 2, 88.05
1747817499, 0, 0, 148, 148, 1, 5.46%, 0, 0, 2, 85.01
1747817504, 0, 0, 157, 157, 1, 5.47%, 0, 0, 2, 85.64
1747817509, 0, 0, 166, 166, 1, 5.47%, 0, 0, 2, 85.54
1747817514, 0, 0, 174, 174, 1, 5.47%, 0, 0, 2, 84.19
1747817519, 0, 0, 180, 180, 1, 5.47%, 0, 0, 2, 86.95
1747817524, 0, 0, 185, 185, 1, 5.47%, 0, 0, 2, 69.42
1747817529, 0, 0, 187, 187, 1, 5.47%, 0, 0, 2, 56.82
1747817540, 0, 0, 189, 189, 1, 5.47%, 0, 0, 2, 53.43
1747817545, 0, 0, 195, 195, 1, 5.47%, 0, 0, 2, 51.97
1747817550, 0, 0, 198, 198, 1, 5.49%, 0, 0, 2, 52.00
1747817555, 0, 0, 200, 200, 1, 5.49%, 0, 0, 2, 53.86
1747817560, 0, 0, 203, 203, 1, 5.49%, 0, 0, 2, 52.63
1747817565, 0, 0, 205, 205, 1, 5.49%, 0, 0, 2, 53.12
1747817570, 0, 0, 208, 208, 1, 5.49%, 0, 0, 2, 53.99
1747817575, 0, 0, 210, 210, 1, 5.49%, 0, 0, 2, 53.61
1747817580, 0, 0, 212, 212, 1, 5.49%, 0, 0, 2, 54.36
1747817585, 0, 0, 214, 214, 1, 5.49%, 0, 0, 2, 53.85
1747817590, 0, 0, 215, 215, 1, 5.49%, 0, 0, 2, 54.15
1747817595, 0, 0, 216, 216, 1, 5.50%, 0, 0, 2, 54.46
1747817615, 0, 0, 217, 217, 1, 5.50%, 0, 0, 2, 54.41
1747817620, 0, 0, 219, 219, 1, 5.50%, 0, 0, 2, 52.62
1747817625, 0, 0, 222, 222, 1, 5.50%, 0, 0, 2, 52.73
1747817631, 0, 0, 224, 224, 1, 5.50%, 0, 0, 2, 53.41
1747817636, 0, 0, 225, 225, 1, 5.50%, 0, 0, 2, 53.21
1747817641, 0, 0, 226, 226, 1, 5.50%, 0, 0, 2, 54.06
1747817646, 0, 0, 228, 228, 1, 5.50%, 0, 0, 2, 53.45
1747817651, 0, 0, 229, 229, 1, 5.50%, 0, 0, 2, 54.14
1747817661, 0, 0, 230, 230, 1, 5.50%, 0, 0, 2, 54.29
1747817666, 0, 0, 231, 231, 1, 5.50%, 0, 0, 2, 54.40
1747817676, 0, 0, 232, 232, 1, 5.50%, 0, 0, 2, 53.67
1747817681, 0, 0, 233, 233, 1, 5.50%, 0, 0, 2, 54.62
1747817686, 0, 0, 235, 235, 1, 5.50%, 0, 0, 2, 53.81
1747817697, 0, 0, 238, 238, 1, 5.50%, 0, 0, 2, 52.80
1747817702, 0, 0, 239, 239, 1, 5.50%, 0, 0, 2, 54.53
1747817712, 0, 0, 240, 240, 1, 5.50%, 0, 0, 2, 54.06
1747817722, 0, 0, 241, 241, 1, 5.50%, 0, 0, 2, 54.04
1747817727, 0, 0, 242, 242, 1, 5.50%, 0, 0, 2, 54.16
1747817737, 0, 0, 243, 243, 1, 5.50%, 0, 0, 2, 53.98
1747817757, 0, 0, 245, 245, 1, 5.50%, 0, 0, 2, 53.95
1747817767, 0, 1, 245, 244, 12, 5.50%, 0, 0, 2, 54.65
1747817772, 0, 2, 246, 245, 12, 5.50%, 0, 0, 2, 54.38
1747817777, 0, 2, 248, 247, 12, 5.50%, 0, 0, 2, 53.18
1747817783, 0, 2, 250, 249, 12, 5.50%, 0, 0, 2, 53.42
1747817808, 0, 2, 252, 251, 12, 5.50%, 0, 0, 2, 54.86
1747817813, 0, 2, 254, 253, 12, 5.58%, 0, 0, 2, 52.74
1747817848, 0, 5, 256, 255, 12, 5.58%, 0, 0, 2, 52.33
1747817853, 0, 5, 273, 272, 12, 5.71%, 0, 0, 2, 36.77
1747817858, 0, 5, 287, 286, 12, 5.72%, 0, 0, 2, 32.11
1747817863, 0, 5, 300, 299, 12, 5.73%, 0, 0, 2, 30.91
1747817869, 0, 5, 311, 310, 12, 5.73%, 0, 0, 2, 30.78
1747817874, 0, 5, 324, 323, 12, 5.74%, 0, 0, 2, 30.26
1747817879, 0, 5, 333, 332, 12, 5.74%, 0, 0, 2, 30.78
1747817884, 0, 5, 342, 341, 12, 5.77%, 0, 0, 2, 30.55
1747817889, 0, 5, 349, 348, 12, 5.77%, 0, 0, 2, 30.82
1747817894, 0, 5, 354, 353, 12, 5.77%, 0, 0, 2, 30.59
1747817899, 0, 5, 358, 357, 12, 5.77%, 0, 0, 2, 31.01
1747817904, 0, 5, 363, 362, 12, 5.78%, 0, 0, 2, 30.68
1747817909, 0, 5, 367, 366, 12, 5.78%, 0, 0, 2, 30.99
1747817915, 0, 5, 372, 371, 12, 5.78%, 0, 0, 2, 31.63
1747817920, 0, 5, 378, 377, 12, 5.78%, 0, 0, 2, 31.49
1747817925, 0, 5, 381, 380, 12, 5.78%, 0, 0, 2, 31.28
1747817930, 0, 5, 384, 383, 12, 5.78%, 0, 0, 2, 31.34
1747817935, 0, 5, 388, 387, 12, 5.78%, 0, 0, 2, 31.07
1747817940, 0, 5, 391, 390, 12, 5.78%, 0, 0, 2, 30.71
1747817945, 0, 5, 397, 396, 12, 5.78%, 0, 0, 2, 31.19
1747817950, 0, 5, 401, 400, 12, 5.78%, 0, 0, 2, 31.26
1747817955, 0, 5, 404, 403, 12, 5.78%, 0, 0, 2, 30.92
1747817960, 0, 5, 406, 405, 12, 5.78%, 0, 0, 2, 32.13
1747817966, 0, 5, 410, 409, 12, 5.78%, 0, 0, 2, 31.59
1747817971, 0, 5, 413, 412, 12, 5.78%, 0, 0, 2, 32.16
1747817976, 0, 5, 415, 414, 12, 5.78%, 0, 0, 2, 32.01
1747817981, 0, 5, 416, 415, 12, 5.78%, 0, 0, 2, 32.07
1747817992, 0, 5, 417, 416, 12, 5.78%, 0, 0, 2, 31.69
1747818002, 0, 5, 419, 418, 12, 5.78%, 0, 0, 2, 32.05
1747818012, 0, 5, 420, 419, 12, 5.78%, 0, 0, 2, 32.35
1747818018, 0, 5, 422, 421, 12, 5.79%, 0, 0, 2, 31.47
1747818023, 0, 7, 426, 425, 15, 5.79%, 0, 0, 2, 29.52
1747818028, 0, 7, 437, 436, 15, 5.79%, 0, 0, 2, 24.11
1747818033, 0, 7, 448, 447, 15, 5.83%, 0, 0, 2, 22.04
1747818038, 0, 7, 458, 457, 15, 5.83%, 0, 0, 2, 22.31
1747818043, 0, 7, 468, 467, 15, 5.83%, 0, 0, 2, 22.05
1747818048, 0, 7, 478, 477, 15, 5.83%, 0, 0, 2, 22.12
1747818053, 0, 7, 484, 483, 15, 5.83%, 0, 0, 2, 22.31
1747818058, 0, 7, 489, 488, 15, 5.83%, 0, 0, 2, 22.35
1747818064, 0, 7, 494, 493, 15, 5.83%, 0, 0, 2, 22.21
1747818069, 0, 7, 501, 500, 15, 5.83%, 0, 0, 2, 22.19
1747818074, 0, 7, 505, 504, 15, 5.83%, 0, 0, 2, 22.42
1747818079, 0, 7, 509, 508, 15, 5.83%, 0, 0, 2, 22.27
1747818084, 0, 7, 513, 512, 15, 5.83%, 0, 0, 2, 22.51
1747818089, 0, 7, 516, 515, 15, 5.83%, 0, 0, 2, 22.33
1747818094, 0, 7, 521, 520, 15, 5.83%, 0, 0, 2, 22.04
1747818099, 0, 7, 523, 522, 15, 5.83%, 0, 0, 2, 22.61
1747818104, 0, 7, 526, 525, 15, 5.83%, 0, 0, 2, 22.50
1747818109, 0, 7, 528, 527, 15, 5.83%, 0, 0, 2, 22.80
1747818114, 0, 7, 531, 530, 15, 5.83%, 0, 0, 2, 22.12
1747818119, 0, 7, 534, 533, 15, 5.83%, 0, 0, 2, 22.17
1747818125, 0, 7, 539, 538, 15, 5.83%, 0, 0, 2, 21.79
1747818130, 0, 7, 542, 541, 15, 5.86%, 0, 0, 2, 22.53
1747818135, 0, 7, 545, 544, 15, 5.86%, 0, 0, 2, 22.34
1747818140, 0, 7, 546, 545, 15, 5.86%, 0, 0, 2, 22.62
1747818145, 0, 7, 548, 547, 15, 5.93%, 0, 0, 2, 22.70
1747818150, 0, 7, 552, 551, 15, 5.93%, 0, 0, 2, 22.48
1747818155, 0, 7, 560, 559, 15, 5.93%, 0, 0, 2, 21.95
1747818160, 0, 7, 561, 560, 15, 5.93%, 0, 0, 2, 22.43
1747818165, 0, 7, 565, 564, 15, 5.93%, 0, 0, 2, 22.26
1747818170, 0, 7, 569, 568, 15, 5.93%, 0, 0, 2, 22.02
1747818180, 0, 7, 570, 569, 15, 5.93%, 0, 0, 2, 22.68
1747818185, 0, 7, 571, 570, 15, 5.93%, 0, 0, 2, 22.39
1747818195, 0, 7, 574, 573, 15, 5.93%, 0, 0, 2, 22.35
1747818200, 0, 7, 575, 574, 15, 5.93%, 0, 0, 2, 22.34
1747818206, 0, 7, 576, 575, 15, 5.93%, 0, 0, 2, 22.35
1747818211, 0, 7, 578, 577, 15, 5.93%, 0, 0, 2, 22.43
1747818216, 0, 7, 579, 578, 15, 5.93%, 0, 0, 2, 22.46
1747818226, 0, 7, 580, 579, 15, 5.93%, 0, 0, 2, 22.77
1747818231, 0, 7, 583, 582, 15, 5.93%, 0, 0, 2, 21.90
1747818241, 0, 7, 586, 585, 15, 5.93%, 0, 0, 2, 22.32
1747818246, 0, 7, 588, 587, 15, 5.93%, 0, 0, 2, 22.30
1747818251, 0, 7, 590, 589, 15, 5.93%, 0, 0, 2, 22.32
1747818256, 0, 7, 591, 590, 15, 5.93%, 0, 0, 2, 22.54
1747818261, 0, 7, 592, 591, 15, 5.93%, 0, 0, 2, 22.18
1747818266, 0, 8, 594, 593, 14, 5.93%, 0, 0, 2, 22.09
1747818271, 0, 8, 604, 603, 14, 5.96%, 0, 0, 2, 18.68
1747818277, 0, 8, 612, 611, 14, 5.96%, 0, 0, 2, 17.74
1747818282, 0, 8, 621, 620, 14, 5.96%, 0, 0, 2, 17.45
1747818287, 0, 8, 629, 628, 14, 6.05%, 0, 0, 2, 17.51
1747818292, 0, 8, 636, 635, 14, 6.05%, 0, 0, 2, 17.57
1747818297, 0, 8, 642, 641, 14, 6.05%, 0, 0, 2, 17.68
1747818302, 0, 8, 649, 648, 14, 6.05%, 0, 0, 2, 17.51
1747818307, 0, 8, 654, 653, 14, 6.05%, 0, 0, 2, 17.56
1747818312, 0, 8, 660, 659, 14, 6.05%, 0, 0, 2, 17.35
1747818317, 0, 8, 668, 667, 14, 6.06%, 0, 0, 2, 17.57
1747818323, 0, 8, 674, 673, 14, 6.08%, 0, 0, 2, 17.90
1747818328, 0, 8, 679, 678, 14, 6.08%, 0, 0, 2, 18.05
1747818333, 0, 8, 681, 680, 14, 6.08%, 0, 0, 2, 18.29
1747818338, 0, 8, 685, 684, 14, 6.08%, 0, 0, 2, 17.87
1747818343, 0, 8, 689, 688, 14, 6.08%, 0, 0, 2, 18.05
1747818348, 0, 8, 690, 689, 14, 6.08%, 0, 0, 2, 18.62
1747818353, 0, 8, 693, 692, 14, 6.08%, 0, 0, 2, 18.81
1747818358, 0, 8, 696, 695, 14, 6.08%, 0, 0, 2, 18.50
1747818363, 0, 8, 700, 699, 14, 6.08%, 0, 0, 2, 24.22
1747818368, 0, 8, 705, 704, 14, 6.08%, 0, 0, 2, 28.26
1747818374, 0, 8, 710, 709, 14, 6.08%, 0, 0, 2, 30.31
1747818379, 0, 8, 717, 716, 14, 6.49%, 0, 0, 2, 29.80
1747818384, 0, 8, 720, 719, 14, 6.49%, 0, 0, 2, 30.11
1747818389, 0, 8, 723, 722, 14, 6.49%, 0, 0, 2, 30.18
1747818394, 0, 8, 726, 725, 14, 6.49%, 0, 0, 2, 30.38
1747818399, 0, 8, 729, 728, 14, 6.49%, 0, 0, 2, 30.38
1747818404, 0, 8, 733, 732, 14, 6.49%, 0, 0, 2, 29.98
1747818409, 0, 8, 736, 735, 14, 6.49%, 0, 0, 2, 30.52
1747818419, 0, 8, 740, 739, 14, 6.49%, 0, 0, 2, 30.31
1747818435, 0, 8, 744, 743, 14, 6.51%, 0, 0, 2, 29.66
1747818440, 0, 8, 745, 744, 14, 6.51%, 0, 0, 2, 30.38
1747818445, 0, 8, 747, 746, 14, 6.51%, 0, 0, 2, 30.35
1747818450, 0, 8, 751, 750, 14, 6.51%, 0, 0, 2, 29.51
1747818455, 0, 8, 752, 751, 14, 6.51%, 0, 0, 2, 30.46
1747818460, 0, 8, 754, 753, 14, 6.51%, 0, 0, 2, 30.63
1747818470, 0, 8, 756, 755, 14, 6.51%, 0, 0, 2, 30.07
1747818475, 0, 8, 758, 757, 14, 6.51%, 0, 0, 2, 29.45
1747818486, 0, 9, 758, 757, 13, 6.51%, 0, 0, 2, 29.68
1747818491, 0, 9, 760, 759, 13, 6.51%, 0, 0, 2, 27.98
1747818496, 0, 9, 765, 764, 13, 6.51%, 0, 0, 2, 26.91
1747818501, 0, 9, 767, 766, 13, 6.51%, 0, 0, 2, 27.81
1747818506, 0, 9, 771, 770, 13, 6.51%, 0, 0, 2, 27.39
1747818511, 0, 9, 774, 773, 13, 6.51%, 0, 0, 2, 27.59
1747818516, 0, 9, 776, 775, 13, 6.51%, 0, 0, 2, 27.97
1747818526, 0, 9, 778, 777, 13, 6.51%, 0, 0, 2, 28.09
1747818531, 0, 9, 779, 778, 13, 6.51%, 0, 0, 2, 27.49
1747818536, 0, 9, 780, 779, 13, 6.51%, 0, 0, 2, 27.22
1747818542, 0, 9, 781, 780, 13, 6.51%, 0, 0, 2, 27.84
1747818552, 0, 9, 782, 781, 13, 6.51%, 0, 0, 2, 27.95
1747818557, 0, 9, 783, 782, 13, 6.51%, 0, 0, 2, 27.92
1747818573, 0, 9, 787, 786, 13, 6.51%, 0, 0, 2, 27.56
1747818583, 0, 9, 788, 787, 13, 6.51%, 0, 0, 2, 27.83
1747818593, 0, 9, 790, 789, 13, 6.51%, 0, 0, 2, 27.65
1747818604, 0, 9, 792, 791, 13, 6.51%, 0, 0, 2, 27.73
1747818614, 0, 9, 794, 793, 13, 6.51%, 0, 0, 2, 27.99
1747818645, 0, 10, 795, 794, 13, 6.51%, 0, 0, 2, 28.23
1747818650, 0, 10, 797, 796, 13, 6.51%, 0, 0, 2, 27.52
1747818655, 0, 10, 799, 798, 13, 6.51%, 0, 0, 2, 27.41
1747818665, 0, 10, 800, 799, 13, 6.51%, 0, 0, 2, 27.76
1747818670, 0, 10, 801, 800, 13, 6.51%, 0, 0, 2, 27.57
1747818675, 0, 10, 803, 802, 13, 6.51%, 0, 0, 2, 27.53
1747818685, 0, 10, 804, 803, 13, 6.51%, 0, 0, 2, 27.23
1747818690, 0, 10, 805, 804, 13, 6.51%, 0, 0, 2, 26.90
1747818695, 0, 10, 806, 805, 13, 6.51%, 0, 0, 2, 26.93
1747818701, 0, 10, 807, 806, 13, 6.51%, 0, 0, 2, 27.02
1747818711, 0, 10, 809, 808, 13, 6.51%, 0, 0, 2, 26.62
1747818721, 0, 10, 811, 810, 13, 6.51%, 0, 0, 2, 27.64
1747818726, 0, 10, 812, 811, 13, 6.51%, 0, 0, 2, 27.78
1747818731, 0, 10, 813, 812, 13, 6.51%, 0, 0, 2, 27.55
1747818737, 0, 10, 815, 814, 13, 6.51%, 0, 0, 2, 27.43
1747818742, 0, 10, 816, 815, 13, 6.51%, 0, 0, 2, 27.43
1747818772, 0, 10, 817, 816, 13, 6.51%, 0, 0, 2, 27.19
1747818777, 0, 10, 818, 817, 13, 6.51%, 0, 0, 2, 27.10
1747818792, 0, 10, 819, 818, 13, 6.51%, 0, 0, 2, 27.50
1747818797, 0, 10, 820, 819, 13, 6.51%, 0, 0, 2, 27.39
1747818803, 0, 12, 820, 819, 14, 6.51%, 0, 0, 2, 27.73
1747818808, 0, 13, 822, 821, 14, 6.51%, 0, 0, 2, 27.48
1747818818, 0, 13, 823, 822, 14, 6.51%, 0, 0, 2, 27.39
1747818828, 0, 13, 826, 825, 14, 6.51%, 0, 0, 2, 27.36
1747818833, 0, 13, 827, 826, 14, 6.51%, 0, 0, 2, 27.53
1747818854, 0, 13, 828, 827, 14, 6.51%, 0, 0, 2, 27.89
1747818869, 0, 13, 829, 828, 14, 6.51%, 0, 0, 2, 27.40
1747818874, 0, 13, 830, 829, 14, 6.51%, 0, 0, 2, 27.59
1747818895, 0, 13, 831, 830, 14, 6.51%, 0, 0, 2, 27.65
1747818900, 0, 13, 832, 831, 14, 6.51%, 0, 0, 2, 27.58
1747818915, 0, 13, 833, 832, 14, 6.51%, 0, 0, 2, 27.85
1747818936, 0, 13, 834, 833, 14, 6.51%, 0, 0, 2, 27.76
1747818961, 0, 16, 834, 833, 15, 6.51%, 0, 0, 2, 27.63
1747818967, 0, 17, 835, 834, 15, 6.51%, 0, 0, 2, 26.93
1747818977, 0, 18, 836, 835, 15, 6.51%, 0, 0, 2, 27.18
1747818987, 0, 18, 838, 837, 15, 6.63%, 0, 0, 2, 27.05
1747818992, 0, 18, 839, 838, 15, 6.63%, 0, 0, 2, 27.01
1747818997, 0, 18, 840, 839, 15, 6.63%, 0, 0, 2, 27.00
1747819002, 0, 18, 841, 840, 15, 6.63%, 0, 0, 2, 26.83
1747819007, 0, 18, 843, 842, 15, 6.63%, 0, 0, 2, 26.50
1747819012, 0, 18, 845, 844, 15, 6.69%, 0, 0, 2, 26.79
1747819022, 0, 18, 847, 846, 15, 6.69%, 0, 0, 2, 27.02
1747819033, 0, 18, 848, 847, 15, 6.69%, 0, 0, 2, 27.36
1747819038, 0, 18, 849, 848, 15, 6.69%, 0, 0, 2, 27.39
1747819043, 0, 18, 851, 850, 15, 6.70%, 0, 0, 2, 27.17
1747819048, 0, 18, 852, 851, 15, 6.70%, 0, 0, 2, 26.90
1747819053, 0, 18, 853, 852, 15, 6.70%, 0, 0, 2, 26.60
1747819083, 0, 18, 854, 853, 15, 6.70%, 0, 0, 2, 27.06
1747819104, 0, 18, 855, 854, 15, 6.70%, 0, 0, 2, 27.13
1747819114, 0, 18, 857, 856, 15, 6.70%, 0, 0, 2, 26.46
1747819124, 0, 18, 858, 857, 15, 6.70%, 0, 0, 2, 26.79
1747819129, 0, 18, 859, 858, 15, 6.70%, 0, 0, 2, 27.16
1747819134, 0, 18, 860, 859, 15, 6.70%, 0, 0, 2, 26.95
1747819140, 0, 19, 861, 860, 16, 6.70%, 0, 0, 2, 27.00
1747819145, 0, 20, 861, 860, 16, 6.70%, 0, 0, 2, 26.63
1747819150, 0, 20, 862, 861, 16, 6.70%, 0, 0, 2, 26.97
1747819155, 0, 21, 862, 861, 16, 6.70%, 0, 0, 2, 27.05
1747819160, 0, 22, 862, 861, 16, 6.70%, 0, 0, 2, 26.80
1747819165, 0, 23, 862, 861, 16, 6.70%, 0, 0, 2, 26.64
1747819170, 0, 23, 864, 863, 16, 6.70%, 0, 0, 2, 26.19
1747819180, 0, 23, 866, 865, 16, 6.70%, 0, 0, 2, 26.34
1747819185, 0, 23, 868, 867, 16, 6.70%, 0, 0, 2, 26.96
1747819191, 0, 23, 870, 869, 16, 6.70%, 0, 0, 2, 26.57
1747819206, 0, 23, 871, 870, 16, 6.70%, 0, 0, 2, 25.90
1747819211, 0, 23, 872, 871, 16, 6.70%, 0, 0, 2, 25.40
1747819231, 0, 23, 873, 872, 16, 6.70%, 0, 0, 2, 15.78
1747819242, 0, 23, 874, 873, 16, 6.70%, 0, 0, 2, 15.72
1747819262, 0, 23, 875, 874, 16, 6.70%, 0, 0, 2, 15.52
1747819282, 0, 23, 876, 875, 16, 6.70%, 0, 0, 2, 15.65
1747819288, 0, 23, 877, 876, 16, 6.70%, 0, 0, 2, 15.68
1747819308, 0, 23, 878, 877, 16, 6.70%, 0, 0, 2, 15.87
1747819401, 0, 24, 878, 877, 16, 6.70%, 0, 0, 2, 15.85
1747819411, 0, 25, 878, 877, 16, 6.70%, 0, 0, 2, 15.92
1747819416, 0, 25, 881, 880, 16, 6.70%, 0, 0, 2, 15.21
1747819421, 0, 25, 883, 882, 16, 6.70%, 0, 0, 2, 15.32
1747819426, 0, 25, 884, 883, 16, 6.70%, 0, 0, 2, 15.78
1747819442, 0, 25, 885, 884, 16, 6.70%, 0, 0, 2, 15.72
1747819447, 0, 25, 886, 885, 16, 6.70%, 0, 0, 2, 15.61
1747819452, 0, 25, 887, 886, 16, 6.70%, 0, 0, 2, 15.53
1747819467, 0, 25, 888, 887, 16, 6.70%, 0, 0, 2, 15.22
1747819473, 0, 25, 889, 888, 16, 6.70%, 0, 0, 2, 15.84
1747819488, 0, 25, 890, 889, 16, 6.70%, 0, 0, 2, 15.80
1747819534, 0, 25, 891, 890, 16, 6.70%, 0, 0, 2, 15.95
1747819544, 0, 25, 892, 891, 16, 6.70%, 0, 0, 2, 15.76
1747819549, 0, 25, 894, 893, 16, 6.70%, 0, 0, 2, 15.61
1747819585, 0, 25, 895, 894, 16, 6.70%, 0, 0, 2, 15.98
1747819677, 0, 26, 896, 895, 16, 6.70%, 0, 0, 2, 15.47
1747819682, 0, 26, 897, 896, 16, 6.73%, 0, 0, 2, 15.60
1747819713, 0, 27, 897, 896, 17, 6.73%, 0, 0, 2, 15.64
1747819718, 0, 28, 897, 896, 17, 6.73%, 0, 0, 2, 15.56
1747819728, 0, 29, 897, 896, 17, 6.73%, 0, 0, 2, 15.45
1747819738, 0, 30, 897, 896, 17, 6.73%, 0, 0, 2, 15.38
1747819743, 0, 32, 897, 896, 17, 6.73%, 0, 0, 2, 15.60
1747819753, 0, 33, 897, 896, 17, 6.73%, 0, 0, 2, 15.85
1747819758, 0, 33, 898, 897, 17, 6.77%, 0, 0, 2, 15.65
1747819769, 0, 34, 898, 897, 18, 6.77%, 0, 0, 2, 15.84
1747819779, 0, 35, 899, 898, 18, 6.77%, 0, 0, 2, 15.36
1747819784, 0, 35, 902, 901, 18, 6.77%, 0, 0, 2, 14.66
1747819789, 0, 35, 903, 902, 18, 6.77%, 0, 0, 2, 15.06
1747819799, 0, 35, 905, 904, 18, 6.77%, 0, 0, 2, 14.76
1747819815, 0, 35, 906, 905, 18, 6.77%, 0, 0, 2, 15.51
1747819835, 0, 35, 907, 906, 18, 6.77%, 0, 0, 2, 14.98
1747819845, 0, 35, 908, 907, 18, 6.77%, 0, 0, 2, 15.18
1747819881, 0, 35, 909, 908, 18, 6.77%, 0, 0, 2, 15.25
1747819896, 0, 35, 910, 909, 18, 6.77%, 0, 0, 2, 14.79
1747820019, 0, 35, 911, 910, 18, 6.77%, 0, 0, 2, 15.15
1747820034, 0, 35, 912, 911, 18, 6.77%, 0, 0, 2, 15.05
1747820050, 0, 37, 912, 911, 18, 6.77%, 0, 0, 2, 15.17
1747820060, 0, 38, 912, 911, 18, 6.77%, 0, 0, 2, 15.61
1747820070, 0, 39, 912, 911, 18, 6.77%, 0, 0, 2, 15.69
1747820075, 0, 39, 914, 913, 18, 6.77%, 0, 0, 2, 15.30
1747820080, 0, 39, 915, 914, 18, 6.77%, 0, 0, 2, 15.60
1747820091, 0, 39, 916, 915, 18, 6.77%, 0, 0, 2, 14.97
1747820162, 0, 39, 917, 916, 18, 6.77%, 0, 0, 2, 15.34
1747820188, 0, 39, 918, 917, 18, 6.77%, 0, 0, 2, 15.41
1747820300, 0, 39, 919, 918, 18, 6.77%, 0, 0, 2, 15.43
1747820336, 0, 40, 919, 918, 18, 6.77%, 0, 0, 2, 15.76
1747820346, 0, 41, 920, 919, 18, 6.77%, 0, 0, 2, 14.97
1747820361, 0, 41, 921, 920, 18, 6.77%, 0, 0, 2, 15.16
1747820377, 0, 42, 921, 920, 18, 6.77%, 0, 0, 2, 15.72
1747820387, 0, 43, 921, 920, 18, 6.77%, 0, 0, 2, 15.41
1747820392, 0, 43, 922, 921, 18, 6.77%, 0, 0, 2, 15.43
1747820402, 0, 44, 922, 921, 19, 6.77%, 0, 0, 2, 15.38
1747820413, 0, 45, 922, 921, 19, 6.77%, 0, 0, 2, 15.48
1747820423, 0, 47, 922, 921, 19, 6.77%, 0, 0, 2, 15.51
1747820428, 0, 48, 922, 921, 19, 6.77%, 0, 0, 2, 15.48
1747820438, 0, 49, 922, 921, 19, 6.77%, 0, 0, 2, 15.55
1747820443, 0, 50, 922, 921, 19, 6.77%, 0, 0, 2, 15.34
1747820453, 0, 51, 923, 922, 19, 6.94%, 0, 0, 2, 14.99
1747820463, 0, 51, 924, 923, 19, 6.94%, 0, 0, 2, 14.94
1747820468, 0, 51, 925, 924, 19, 6.94%, 0, 0, 2, 14.88
1747820474, 0, 51, 926, 925, 19, 6.94%, 0, 0, 2, 14.44
1747820489, 0, 51, 928, 927, 19, 6.95%, 0, 0, 2, 15.10
1747820499, 0, 51, 930, 929, 19, 6.95%, 0, 0, 2, 14.44
1747820510, 0, 51, 931, 930, 19, 6.95%, 0, 0, 2, 14.77
1747820515, 0, 51, 932, 931, 19, 6.95%, 0, 0, 2, 15.18
1747820530, 0, 51, 933, 932, 19, 6.95%, 0, 0, 2, 15.04
1747820535, 0, 51, 934, 933, 19, 6.95%, 0, 0, 2, 14.45
1747820546, 0, 51, 935, 934, 19, 6.95%, 0, 0, 2, 15.47
1747820551, 0, 51, 936, 935, 19, 6.95%, 0, 0, 2, 15.11
1747820566, 0, 51, 937, 936, 19, 6.95%, 0, 0, 2, 15.12
1747820597, 0, 51, 938, 937, 19, 6.95%, 0, 0, 2, 14.84
1747820602, 0, 51, 939, 938, 19, 6.95%, 0, 0, 2, 15.01
1747820638, 0, 51, 940, 939, 19, 6.95%, 0, 0, 2, 14.68
1747820648, 0, 51, 941, 940, 19, 6.95%, 0, 0, 2, 14.47
1747820664, 0, 51, 942, 941, 19, 6.95%, 0, 0, 2, 14.66
1747820684, 0, 51, 943, 942, 19, 6.95%, 0, 0, 2, 15.53
1747820730, 0, 51, 944, 943, 19, 6.95%, 0, 0, 2, 14.97
1747820735, 0, 52, 944, 943, 20, 6.95%, 0, 0, 2, 15.10
1747820745, 0, 54, 944, 943, 20, 6.95%, 0, 0, 2, 15.73
1747820756, 0, 55, 944, 943, 20, 6.95%, 0, 0, 2, 15.62
1747820761, 0, 56, 944, 943, 20, 6.95%, 0, 0, 2, 15.55
1747820771, 0, 57, 946, 945, 20, 6.95%, 0, 0, 2, 14.49
1747820776, 0, 57, 950, 949, 20, 6.96%, 0, 0, 2, 14.03
1747820781, 0, 57, 951, 950, 20, 6.96%, 0, 0, 2, 15.12
1747820797, 0, 57, 952, 951, 20, 6.96%, 0, 0, 2, 15.14
1747820802, 0, 57, 953, 952, 20, 6.96%, 0, 0, 2, 14.74
1747820807, 0, 57, 954, 953, 20, 6.96%, 0, 0, 2, 14.61
1747820842, 0, 57, 955, 954, 20, 6.96%, 0, 0, 2, 14.68
1747820853, 0, 57, 956, 955, 20, 6.96%, 0, 0, 2, 14.91
1747820858, 0, 57, 957, 956, 20, 6.96%, 0, 0, 2, 14.89
1747820868, 0, 57, 958, 957, 20, 6.96%, 0, 0, 2, 15.00
1747820879, 0, 57, 959, 958, 20, 6.96%, 0, 0, 2, 14.51
1747820915, 0, 57, 960, 959, 20, 6.96%, 0, 0, 2, 14.90
1747820935, 0, 57, 961, 960, 20, 6.96%, 0, 0, 2, 14.84
1747820996, 0, 57, 962, 961, 20, 6.96%, 0, 0, 2, 15.35
1747821017, 0, 57, 963, 962, 20, 6.96%, 0, 0, 2, 14.62
1747821027, 0, 57, 964, 963, 20, 6.96%, 0, 0, 2, 15.01
1747821057, 0, 58, 964, 963, 20, 6.96%, 0, 0, 2, 15.28
1747821063, 0, 59, 964, 963, 20, 6.96%, 0, 0, 2, 15.21
1747821073, 0, 60, 964, 963, 20, 6.96%, 0, 0, 2, 15.34
1747821078, 0, 63, 964, 963, 20, 6.96%, 0, 0, 2, 15.20
1747821083, 0, 63, 965, 964, 20, 6.96%, 0, 0, 2, 14.93
1747821088, 0, 63, 967, 966, 20, 6.96%, 0, 0, 2, 14.50
1747821093, 0, 63, 969, 968, 20, 6.96%, 0, 0, 2, 14.25
1747821103, 0, 63, 972, 971, 20, 6.96%, 0, 0, 2, 14.65
1747821109, 0, 63, 973, 972, 20, 6.97%, 0, 0, 2, 14.23
1747821119, 0, 63, 975, 974, 20, 6.97%, 0, 0, 2, 15.19
1747821124, 0, 63, 976, 975, 20, 6.97%, 0, 0, 2, 14.83
1747821139, 0, 63, 977, 976, 20, 6.97%, 0, 0, 2, 14.52
1747821155, 0, 63, 978, 977, 20, 6.97%, 0, 0, 2, 15.42
1747821170, 0, 63, 979, 978, 20, 6.97%, 0, 0, 2, 15.47
1747821196, 0, 63, 980, 979, 20, 6.97%, 0, 0, 2, 14.94
1747821201, 0, 63, 981, 980, 20, 6.97%, 0, 0, 2, 14.92
1747821232, 0, 63, 982, 981, 20, 6.97%, 0, 0, 2, 15.14
1747821237, 0, 63, 983, 982, 20, 6.97%, 0, 0, 2, 14.97
1747821360, 0, 64, 983, 982, 21, 6.97%, 0, 0, 2, 14.90
1747821366, 0, 65, 983, 982, 21, 6.97%, 0, 0, 2, 15.14
1747821376, 0, 67, 984, 983, 21, 6.97%, 0, 0, 2, 14.94
1747821381, 0, 67, 985, 984, 21, 6.97%, 0, 0, 2, 14.65
1747821391, 0, 67, 986, 985, 21, 6.97%, 0, 0, 2, 14.69
1747821397, 0, 67, 987, 986, 21, 6.97%, 0, 0, 2, 14.33
1747821407, 0, 67, 988, 987, 21, 6.97%, 0, 0, 2, 14.95
1747821427, 0, 67, 989, 988, 21, 6.97%, 0, 0, 2, 15.03
1747821468, 0, 67, 990, 989, 21, 6.97%, 0, 0, 2, 14.45
1747821586, 0, 67, 991, 990, 21, 6.97%, 0, 0, 2, 14.88
1747821632, 0, 67, 992, 991, 21, 6.97%, 0, 0, 2, 14.83
1747821652, 0, 68, 992, 991, 21, 6.97%, 0, 0, 2, 15.65
1747821662, 0, 69, 992, 991, 21, 6.97%, 0, 0, 2, 15.26
1747821667, 0, 69, 994, 993, 21, 6.97%, 0, 0, 2, 14.37
1747821698, 0, 70, 994, 993, 21, 6.97%, 0, 0, 2, 14.96
1747821703, 0, 72, 994, 993, 21, 6.97%, 0, 0, 2, 15.43
1747821713, 0, 73, 994, 993, 21, 6.97%, 0, 0, 2, 15.59
1747821718, 0, 73, 995, 994, 21, 6.97%, 0, 0, 2, 14.90
1747821724, 0, 73, 996, 995, 21, 6.97%, 0, 0, 2, 14.57
1747821729, 0, 73, 997, 996, 21, 6.97%, 0, 0, 2, 14.53
1747821775, 0, 73, 998, 997, 21, 6.97%, 0, 0, 2, 14.73
1747821795, 0, 73, 999, 998, 21, 6.97%, 0, 0, 2, 15.10
1747821841, 0, 73, 1000, 999, 21, 6.97%, 0, 0, 2, 14.57
1747821867, 0, 73, 1001, 1000, 21, 6.97%, 0, 0, 2, 14.96
1747821903, 0, 73, 1002, 1001, 21, 6.99%, 0, 0, 2, 15.36
1747821934, 0, 73, 1003, 1002, 21, 6.99%, 0, 0, 2, 15.09
1747821985, 0, 74, 1003, 1002, 20, 6.99%, 0, 0, 2, 15.34
1747821990, 0, 74, 1005, 1004, 20, 7.00%, 0, 0, 2, 14.76
1747821995, 0, 74, 1006, 1005, 20, 7.00%, 0, 0, 2, 14.51
1747822005, 0, 74, 1007, 1006, 20, 7.00%, 0, 0, 2, 14.62
1747822036, 0, 74, 1009, 1008, 20, 7.00%, 0, 0, 2, 14.17
1747822046, 0, 74, 1010, 1009, 20, 7.03%, 0, 0, 2, 14.52
1747822056, 0, 74, 1011, 1010, 20, 7.03%, 0, 0, 2, 14.40
1747822067, 0, 74, 1012, 1011, 20, 7.03%, 0, 0, 2, 14.94
1747822082, 0, 74, 1013, 1012, 20, 7.03%, 0, 0, 2, 14.11
1747822092, 0, 74, 1014, 1013, 20, 7.03%, 0, 0, 2, 14.73
1747822098, 0, 74, 1015, 1014, 20, 7.03%, 0, 0, 2, 14.28
1747822133, 0, 74, 1016, 1015, 20, 7.03%, 0, 0, 2, 14.36
1747822210, 0, 74, 1017, 1016, 20, 7.03%, 0, 0, 2, 14.59
1747822215, 0, 74, 1018, 1017, 20, 7.03%, 0, 0, 2, 14.92
1747822230, 0, 74, 1019, 1018, 20, 7.03%, 0, 0, 2, 13.98
1747822266, 0, 74, 1020, 1019, 20, 7.03%, 0, 0, 2, 14.75
1747822271, 0, 75, 1021, 1020, 22, 7.03%, 0, 0, 2, 14.54
1747822281, 0, 76, 1021, 1020, 22, 7.03%, 0, 0, 2, 15.19
1747822286, 0, 76, 1023, 1022, 22, 7.03%, 0, 0, 2, 14.19
1747822312, 0, 76, 1025, 1024, 22, 7.03%, 0, 0, 2, 14.09
1747822327, 0, 76, 1026, 1025, 22, 7.03%, 0, 0, 2, 14.09
1747822348, 0, 76, 1028, 1027, 22, 7.03%, 0, 0, 2, 14.00
1747822384, 0, 76, 1029, 1028, 22, 7.03%, 0, 0, 2, 14.10
1747822394, 0, 76, 1030, 1029, 22, 7.03%, 0, 0, 2, 14.30
1747822425, 0, 76, 1031, 1030, 22, 7.03%, 0, 0, 2, 14.34
1747822512, 0, 76, 1032, 1031, 22, 7.03%, 0, 0, 2, 14.47
1747822538, 0, 76, 1033, 1032, 22, 7.03%, 0, 0, 2, 14.10
1747822564, 0, 77, 1033, 1032, 22, 7.03%, 0, 0, 2, 14.58
1747822569, 0, 77, 1036, 1035, 22, 7.03%, 0, 0, 2, 13.56
1747822574, 0, 77, 1037, 1036, 22, 7.03%, 0, 0, 2, 13.87
1747822579, 0, 77, 1039, 1038, 22, 7.03%, 0, 0, 2, 13.72
1747822590, 0, 77, 1040, 1039, 22, 7.03%, 0, 0, 2, 13.70
1747822605, 0, 77, 1042, 1041, 22, 7.03%, 0, 0, 2, 13.47
1747822610, 0, 77, 1043, 1042, 22, 7.03%, 0, 0, 2, 13.40
1747822615, 0, 77, 1044, 1043, 22, 7.03%, 0, 0, 2, 13.76
1747822620, 0, 77, 1045, 1044, 22, 7.03%, 0, 0, 2, 13.81
1747822631, 0, 77, 1046, 1045, 22, 7.03%, 0, 0, 2, 13.52
1747822641, 0, 77, 1047, 1046, 22, 7.03%, 0, 0, 2, 12.97
1747822671, 0, 77, 1048, 1047, 22, 7.03%, 0, 0, 2, 14.34
1747822713, 0, 77, 1049, 1048, 22, 7.03%, 0, 0, 2, 13.46
1747822769, 0, 77, 1050, 1049, 22, 7.03%, 0, 0, 2, 14.17
1747822779, 0, 77, 1051, 1050, 22, 7.03%, 0, 0, 2, 13.54
1747822789, 0, 77, 1052, 1051, 22, 7.03%, 0, 0, 2, 13.29
1747822872, 0, 82, 1052, 1051, 22, 7.03%, 0, 0, 2, 14.19
1747822877, 0, 82, 1054, 1053, 22, 7.03%, 0, 0, 2, 12.49
1747822887, 0, 82, 1055, 1054, 22, 7.03%, 0, 0, 2, 13.56
1747822902, 0, 82, 1056, 1055, 22, 7.03%, 0, 0, 2, 13.37
1747822938, 0, 82, 1057, 1056, 22, 7.03%, 0, 0, 2, 13.04
1747822943, 0, 82, 1058, 1057, 22, 7.03%, 0, 0, 2, 13.66
1747822969, 0, 82, 1060, 1059, 22, 7.03%, 0, 0, 2, 13.35
1747823025, 0, 82, 1061, 1060, 22, 7.03%, 0, 0, 2, 13.01
1747823040, 0, 82, 1062, 1061, 22, 7.03%, 0, 0, 2, 13.62
1747823071, 0, 82, 1063, 1062, 22, 7.03%, 0, 0, 2, 13.99
1747823184, 0, 83, 1063, 1062, 22, 7.03%, 0, 0, 2, 15.16
1747823189, 0, 84, 1063, 1062, 22, 7.03%, 0, 0, 2, 15.33
1747823199, 0, 85, 1063, 1062, 22, 7.03%, 0, 0, 2, 14.41
1747823209, 0, 86, 1063, 1062, 22, 7.03%, 0, 0, 2, 15.26
1747823214, 0, 87, 1063, 1062, 22, 7.03%, 0, 0, 2, 15.79
1747823224, 0, 88, 1063, 1062, 22, 7.03%, 0, 0, 2, 15.51
1747823229, 0, 88, 1064, 1063, 22, 7.03%, 0, 0, 2, 15.50
1747823240, 0, 89, 1064, 1063, 22, 7.03%, 0, 0, 2, 15.27
1747823250, 0, 90, 1064, 1063, 22, 7.03%, 0, 0, 2, 15.49
1747823260, 0, 91, 1064, 1063, 22, 7.03%, 0, 0, 2, 15.53
1747823265, 0, 93, 1064, 1063, 22, 7.03%, 0, 0, 2, 15.54
1747823275, 0, 94, 1064, 1063, 22, 7.03%, 0, 0, 2, 14.01
1747823285, 0, 94, 1065, 1064, 22, 7.03%, 0, 0, 2, 13.44
1747823296, 0, 95, 1065, 1064, 22, 7.03%, 0, 0, 2, 14.47
1747823301, 0, 97, 1065, 1064, 22, 7.03%, 0, 0, 2, 14.41
1747823311, 0, 98, 1065, 1064, 22, 7.03%, 0, 0, 2, 15.06
1747823321, 0, 99, 1065, 1064, 22, 7.03%, 0, 0, 2, 15.69
1747823326, 0, 100, 1065, 1064, 22, 7.03%, 0, 0, 2, 15.32
1747823336, 0, 101, 1065, 1064, 22, 7.03%, 0, 0, 2, 14.50
1747823347, 0, 103, 1065, 1064, 22, 7.03%, 0, 0, 2, 15.47
1747823352, 0, 104, 1065, 1064, 22, 7.03%, 0, 0, 2, 15.02
1747823362, 0, 105, 1065, 1064, 22, 7.03%, 0, 0, 2, 14.51
1747823367, 0, 105, 1066, 1065, 22, 7.03%, 0, 0, 2, 13.77
1747823383, 0, 106, 1066, 1065, 22, 7.03%, 0, 0, 2, 14.55
1747823388, 0, 107, 1066, 1065, 22, 7.03%, 0, 0, 2, 14.65
1747823398, 0, 108, 1067, 1066, 22, 7.03%, 0, 0, 2, 15.43
1747823408, 0, 108, 1068, 1067, 22, 7.03%, 0, 0, 2, 15.27
1747823414, 0, 108, 1069, 1068, 22, 7.03%, 0, 0, 2, 15.07
1747823419, 0, 108, 1070, 1069, 22, 7.03%, 0, 0, 2, 15.30
1747823495, 0, 108, 1071, 1070, 22, 7.03%, 0, 0, 2, 15.34
1747823612, 0, 108, 1072, 1071, 22, 7.03%, 0, 0, 2, 15.18
1747823669, 0, 111, 1073, 1072, 22, 7.03%, 0, 0, 2, 15.67
1747823684, 0, 112, 1073, 1072, 22, 7.03%, 0, 0, 2, 15.54
1747823694, 0, 113, 1073, 1072, 22, 7.03%, 0, 0, 2, 14.83
1747823699, 0, 116, 1073, 1072, 22, 7.03%, 0, 0, 2, 14.57
1747823710, 0, 117, 1073, 1072, 22, 7.03%, 0, 0, 2, 15.26
1747823720, 0, 118, 1073, 1072, 22, 7.03%, 0, 0, 2, 15.25
1747823725, 0, 119, 1073, 1072, 22, 7.03%, 0, 0, 2, 15.24
1747823735, 0, 120, 1073, 1072, 22, 7.03%, 0, 0, 2, 15.47
1747823745, 0, 121, 1073, 1072, 22, 7.03%, 0, 0, 2, 15.57
1747823750, 0, 122, 1073, 1072, 22, 7.03%, 0, 0, 2, 15.77
1747823761, 0, 123, 1073, 1072, 22, 7.03%, 0, 0, 2, 15.47
1747823771, 0, 124, 1073, 1072, 22, 7.03%, 0, 0, 2, 15.23
1747823776, 0, 125, 1073, 1072, 22, 7.03%, 0, 0, 2, 14.53
1747823786, 0, 126, 1073, 1072, 22, 7.03%, 0, 0, 2, 14.55
1747823796, 0, 128, 1073, 1072, 22, 7.03%, 0, 0, 2, 15.06
1747823802, 0, 129, 1073, 1072, 22, 7.03%, 0, 0, 2, 15.16
1747823812, 0, 130, 1073, 1072, 22, 7.03%, 0, 0, 2, 15.45
1747823822, 0, 131, 1073, 1072, 22, 7.03%, 0, 0, 2, 15.17
1747823827, 0, 133, 1073, 1072, 22, 7.03%, 0, 0, 2, 14.66
1747823837, 0, 134, 1073, 1072, 22, 7.03%, 0, 0, 2, 15.12
1747823848, 0, 135, 1073, 1072, 22, 7.03%, 0, 0, 2, 14.62
1747823853, 0, 137, 1073, 1072, 22, 7.03%, 0, 0, 2, 14.64
1747823863, 0, 138, 1073, 1072, 22, 7.03%, 0, 0, 2, 14.42
1747823873, 0, 139, 1073, 1072, 22, 7.03%, 0, 0, 2, 13.71
1747823879, 0, 139, 1074, 1073, 22, 7.03%, 0, 0, 2, 12.85
1747823889, 0, 139, 1075, 1074, 22, 7.03%, 0, 0, 2, 12.78
1747823914, 0, 140, 1075, 1074, 22, 7.03%, 0, 0, 2, 15.09
1747823920, 0, 141, 1075, 1074, 22, 7.03%, 0, 0, 2, 14.99
1747823930, 0, 142, 1076, 1075, 22, 7.03%, 0, 0, 2, 14.01
1747823950, 0, 143, 1076, 1075, 22, 7.03%, 0, 0, 2, 14.86
1747823955, 0, 144, 1076, 1075, 22, 7.03%, 0, 0, 2, 14.67
1747823966, 0, 145, 1076, 1075, 22, 7.03%, 0, 0, 2, 14.99
1747823976, 0, 146, 1077, 1076, 22, 7.03%, 0, 0, 2, 13.59
1747823986, 0, 146, 1079, 1078, 22, 7.03%, 0, 0, 2, 12.73
1747823991, 0, 146, 1081, 1080, 22, 7.03%, 0, 0, 2, 12.02
1747823997, 0, 146, 1082, 1081, 22, 7.03%, 0, 0, 2, 12.74
1747824002, 0, 146, 1083, 1082, 22, 7.03%, 0, 0, 2, 12.50
1747824032, 0, 146, 1084, 1083, 22, 7.03%, 0, 0, 2, 12.25
1747824048, 0, 146, 1085, 1084, 22, 7.03%, 0, 0, 2, 12.80
1747824053, 0, 146, 1086, 1085, 22, 7.03%, 0, 0, 2, 12.50
1747824094, 0, 146, 1087, 1086, 22, 7.03%, 0, 0, 2, 13.99
1747824247, 0, 146, 1088, 1087, 22, 7.03%, 0, 0, 2, 13.34
1747824288, 0, 147, 1089, 1088, 22, 7.03%, 0, 0, 2, 13.53
1747824304, 0, 148, 1090, 1089, 22, 7.03%, 0, 0, 2, 12.68
1747824309, 0, 148, 1093, 1092, 22, 7.03%, 0, 0, 2, 11.58
1747824314, 0, 148, 1094, 1093, 22, 7.03%, 0, 0, 2, 11.68
1747824319, 0, 148, 1095, 1094, 22, 7.03%, 0, 0, 2, 12.07
1747824335, 0, 148, 1096, 1095, 22, 7.03%, 0, 0, 2, 12.20
1747824375, 0, 148, 1097, 1096, 22, 7.03%, 0, 0, 2, 12.52
1747824452, 0, 148, 1098, 1097, 22, 7.03%, 0, 0, 2, 12.43
1747824565, 0, 148, 1099, 1098, 22, 7.03%, 0, 0, 2, 12.10
1747824621, 0, 149, 1099, 1098, 22, 7.03%, 0, 0, 2, 14.32
1747824632, 0, 150, 1099, 1098, 22, 7.03%, 0, 0, 2, 14.09
1747824637, 0, 150, 1100, 1099, 22, 7.03%, 0, 0, 2, 12.57
1747824642, 0, 150, 1101, 1100, 22, 7.03%, 0, 0, 2, 13.18
1747824663, 0, 150, 1102, 1101, 22, 7.03%, 0, 0, 2, 12.52
1747824678, 0, 150, 1103, 1102, 22, 7.03%, 0, 0, 2, 13.32
1747824698, 0, 150, 1104, 1103, 22, 7.03%, 0, 0, 2, 13.02
1747824713, 0, 150, 1105, 1104, 22, 7.03%, 0, 0, 2, 12.58
1747824739, 0, 150, 1106, 1105, 22, 7.03%, 0, 0, 2, 13.44
1747824755, 0, 150, 1107, 1106, 22, 7.03%, 0, 0, 2, 13.46
1747824807, 0, 150, 1108, 1107, 22, 7.03%, 0, 0, 2, 13.00
1747824924, 0, 150, 1109, 1108, 22, 7.03%, 0, 0, 2, 12.80
1747824940, 0, 151, 1109, 1108, 22, 7.03%, 0, 0, 2, 14.16
1747824950, 0, 152, 1109, 1108, 22, 7.03%, 0, 0, 2, 14.95
1747824960, 0, 154, 1109, 1108, 22, 7.03%, 0, 0, 2, 14.73
1747824970, 0, 155, 1109, 1108, 22, 7.03%, 0, 0, 2, 15.40
1747824975, 0, 156, 1110, 1109, 22, 7.03%, 0, 0, 2, 15.10
1747824991, 0, 157, 1110, 1109, 22, 7.03%, 0, 0, 2, 15.14
1747825001, 0, 157, 1111, 1110, 22, 7.03%, 0, 0, 2, 12.69
1747825016, 0, 158, 1111, 1110, 22, 7.03%, 0, 0, 2, 14.87
1747825021, 0, 159, 1111, 1110, 22, 7.03%, 0, 0, 2, 15.40
1747825032, 0, 160, 1111, 1110, 22, 7.03%, 0, 0, 2, 14.46
1747825037, 0, 161, 1111, 1110, 22, 7.03%, 0, 0, 2, 14.93
1747825042, 0, 161, 1112, 1111, 22, 7.03%, 0, 0, 2, 15.28
1747825057, 0, 162, 1112, 1111, 22, 7.03%, 0, 0, 2, 15.48
1747825062, 0, 163, 1112, 1111, 22, 7.03%, 0, 0, 2, 15.22
1747825072, 0, 163, 1113, 1112, 22, 7.03%, 0, 0, 2, 12.63
1747825083, 0, 165, 1113, 1112, 22, 7.03%, 0, 0, 2, 13.81
1747825093, 0, 166, 1113, 1112, 22, 7.03%, 0, 0, 2, 15.63
1747825103, 0, 167, 1113, 1112, 22, 7.03%, 0, 0, 2, 15.57
1747825108, 0, 168, 1113, 1112, 22, 7.03%, 0, 0, 2, 14.77
1747825113, 0, 168, 1114, 1113, 22, 7.03%, 0, 0, 2, 13.79
1747825128, 0, 169, 1114, 1113, 22, 7.03%, 0, 0, 2, 13.59
1747825138, 0, 170, 1114, 1113, 22, 7.03%, 0, 0, 2, 13.58
1747825149, 0, 171, 1114, 1113, 22, 7.03%, 0, 0, 2, 15.99
1747825154, 0, 172, 1114, 1113, 22, 7.03%, 0, 0, 2, 14.50
1747825159, 0, 172, 1115, 1114, 22, 7.05%, 0, 0, 2, 12.73
1747825174, 0, 174, 1115, 1114, 22, 7.05%, 0, 0, 2, 13.03
1747825184, 0, 176, 1115, 1114, 22, 7.05%, 0, 0, 2, 14.20
1747825195, 0, 176, 1116, 1115, 22, 7.05%, 0, 0, 2, 11.45
1747825205, 0, 176, 1117, 1116, 22, 7.05%, 0, 0, 2, 12.57
1747825215, 0, 176, 1118, 1117, 22, 7.05%, 0, 0, 2, 11.85
1747825261, 0, 176, 1119, 1118, 22, 7.05%, 0, 0, 2, 12.59
1747825281, 0, 176, 1120, 1119, 22, 7.05%, 0, 0, 2, 12.88
1747825292, 0, 176, 1121, 1120, 22, 7.05%, 0, 0, 2, 12.65
1747825358, 0, 176, 1122, 1121, 22, 7.05%, 0, 0, 2, 11.28
1747825466, 0, 176, 1123, 1122, 22, 7.05%, 0, 0, 2, 11.68
1747825512, 0, 176, 1124, 1123, 22, 7.05%, 0, 0, 2, 11.32
1747825517, 0, 177, 1124, 1123, 22, 7.05%, 0, 0, 2, 13.33
1747825528, 0, 178, 1125, 1124, 22, 7.05%, 0, 0, 2, 12.94
1747825543, 0, 179, 1125, 1124, 22, 7.05%, 0, 0, 2, 14.18
1747825554, 0, 180, 1125, 1124, 22, 7.05%, 0, 0, 2, 15.44
1747825559, 0, 181, 1125, 1124, 22, 7.05%, 0, 0, 2, 15.67
1747825569, 0, 182, 1126, 1125, 22, 7.05%, 0, 0, 2, 13.35
1747825574, 0, 182, 1127, 1126, 22, 7.05%, 0, 0, 2, 12.59
1747825595, 0, 182, 1128, 1127, 22, 7.05%, 0, 0, 2, 11.45
1747825620, 0, 182, 1129, 1128, 22, 7.05%, 0, 0, 2, 11.72
1747825712, 0, 182, 1130, 1129, 22, 7.05%, 0, 0, 2, 12.50
1747825758, 0, 182, 1131, 1130, 22, 7.05%, 0, 0, 2, 11.86
1747825897, 0, 184, 1131, 1130, 22, 7.05%, 0, 0, 2, 13.87
1747825907, 0, 185, 1131, 1130, 22, 7.05%, 0, 0, 2, 15.66
1747825912, 0, 187, 1132, 1131, 22, 7.07%, 0, 0, 2, 14.38
1747825933, 0, 188, 1133, 1132, 23, 7.19%, 0, 0, 2, 13.23
1747825938, 0, 188, 1135, 1134, 23, 7.19%, 0, 0, 2, 11.85
1747825943, 0, 188, 1137, 1136, 23, 7.19%, 0, 0, 2, 10.98
1747825948, 0, 188, 1139, 1138, 23, 7.19%, 0, 0, 2, 10.68
1747826015, 0, 188, 1140, 1139, 23, 7.19%, 0, 0, 2, 11.66
1747826030, 0, 188, 1141, 1140, 23, 7.19%, 0, 0, 2, 12.20
1747826174, 0, 188, 1142, 1141, 23, 7.19%, 0, 0, 2, 13.76
1747826271, 0, 189, 1142, 1141, 22, 7.19%, 0, 0, 2, 15.01
1747826276, 0, 190, 1142, 1141, 22, 7.19%, 0, 0, 2, 15.19
1747826287, 0, 192, 1142, 1141, 22, 7.19%, 0, 0, 2, 14.18
1747826297, 0, 193, 1142, 1141, 22, 7.19%, 0, 0, 2, 13.92
1747826302, 0, 194, 1143, 1142, 22, 7.19%, 0, 0, 2, 13.32
1747826323, 0, 194, 1144, 1143, 22, 7.19%, 0, 0, 2, 12.23
1747826348, 0, 195, 1144, 1143, 22, 7.19%, 0, 0, 2, 13.14
1747826358, 0, 197, 1144, 1143, 22, 7.19%, 0, 0, 2, 14.77
1747826363, 0, 198, 1144, 1143, 22, 7.19%, 0, 0, 2, 14.78
1747826374, 0, 199, 1144, 1143, 22, 7.19%, 0, 0, 2, 14.12
1747826384, 0, 200, 1144, 1143, 22, 7.19%, 0, 0, 2, 15.21
1747826389, 0, 201, 1144, 1143, 22, 7.19%, 0, 0, 2, 15.59
1747826399, 0, 202, 1144, 1143, 22, 7.19%, 0, 0, 2, 15.33
1747826409, 0, 203, 1144, 1143, 22, 7.19%, 0, 0, 2, 15.11
1747826415, 0, 204, 1144, 1143, 22, 7.19%, 0, 0, 2, 15.74
1747826425, 0, 206, 1145, 1144, 22, 7.19%, 0, 0, 2, 12.95
1747826440, 0, 206, 1146, 1145, 22, 7.20%, 0, 0, 2, 11.69
1747826466, 0, 207, 1146, 1145, 23, 7.20%, 0, 0, 2, 14.22
1747826476, 0, 208, 1146, 1145, 23, 7.20%, 0, 0, 2, 15.29
1747826481, 0, 209, 1146, 1145, 23, 7.20%, 0, 0, 2, 15.38
1747826492, 0, 210, 1146, 1145, 23, 7.20%, 0, 0, 2, 13.91
1747826502, 0, 212, 1146, 1145, 23, 7.20%, 0, 0, 2, 14.77
1747826507, 0, 213, 1146, 1145, 23, 7.20%, 0, 0, 2, 14.14
1747826517, 0, 214, 1146, 1145, 23, 7.20%, 0, 0, 2, 14.32
1747826528, 0, 215, 1146, 1145, 23, 7.20%, 0, 0, 2, 15.13
1747826538, 0, 216, 1146, 1145, 23, 7.20%, 0, 0, 2, 15.43
1747826543, 0, 217, 1146, 1145, 23, 7.20%, 0, 0, 2, 15.40
1747826553, 0, 218, 1146, 1145, 23, 7.20%, 0, 0, 2, 15.22
1747826558, 0, 219, 1146, 1145, 23, 7.20%, 0, 0, 2, 15.22
1747826568, 0, 220, 1146, 1145, 23, 7.20%, 0, 0, 2, 15.52
1747826579, 0, 221, 1146, 1145, 23, 7.20%, 0, 0, 2, 14.12
1747826584, 0, 222, 1146, 1145, 23, 7.20%, 0, 0, 2, 13.97
1747826594, 0, 223, 1146, 1145, 23, 7.20%, 0, 0, 2, 15.48
1747826604, 0, 224, 1146, 1145, 23, 7.20%, 0, 0, 2, 15.55
1747826609, 0, 225, 1146, 1145, 23, 7.20%, 0, 0, 2, 15.64
1747826614, 0, 225, 1147, 1146, 23, 7.20%, 0, 0, 2, 15.61
1747826630, 0, 226, 1147, 1146, 23, 7.20%, 0, 0, 2, 15.49
1747826635, 0, 227, 1148, 1147, 23, 7.20%, 0, 0, 2, 14.12
1747826640, 0, 227, 1149, 1148, 23, 7.20%, 0, 0, 2, 11.22
1747826645, 0, 227, 1150, 1149, 23, 7.20%, 0, 0, 2, 11.36
1747826656, 0, 227, 1151, 1150, 23, 7.20%, 0, 0, 2, 12.34
1747826661, 0, 227, 1152, 1151, 23, 7.20%, 0, 0, 2, 11.12
1747826671, 0, 227, 1153, 1152, 23, 7.20%, 0, 0, 2, 12.65
1747826676, 0, 227, 1154, 1153, 23, 7.20%, 0, 0, 2, 11.94
1747826712, 0, 227, 1155, 1154, 23, 7.20%, 0, 0, 2, 12.36
1747826717, 0, 227, 1157, 1156, 23, 7.21%, 0, 0, 2, 10.48
1747826815, 0, 227, 1158, 1157, 23, 7.21%, 0, 0, 2, 11.80
1747826867, 0, 227, 1159, 1158, 23, 7.21%, 0, 0, 2, 12.14
1747826918, 0, 227, 1160, 1159, 23, 7.21%, 0, 0, 2, 11.99
1747826923, 0, 227, 1161, 1160, 23, 7.21%, 0, 0, 2, 12.23
1747826939, 0, 227, 1162, 1161, 23, 7.21%, 0, 0, 2, 12.37
1747826944, 0, 227, 1163, 1162, 23, 7.21%, 0, 0, 2, 11.01
1747826964, 0, 227, 1164, 1163, 23, 7.21%, 0, 0, 2, 12.97
1747826979, 0, 229, 1164, 1163, 23, 7.21%, 0, 0, 2, 14.05
1747826990, 0, 231, 1164, 1163, 23, 7.21%, 0, 0, 2, 15.42
1747826995, 0, 232, 1164, 1163, 23, 7.21%, 0, 0, 2, 14.46
1747827005, 0, 232, 1165, 1164, 23, 7.23%, 0, 0, 2, 11.07
1747827010, 0, 232, 1168, 1167, 23, 7.23%, 0, 0, 2, 9.29
1747827026, 0, 232, 1169, 1168, 23, 7.23%, 0, 0, 2, 11.68
1747827051, 0, 232, 1170, 1169, 23, 7.23%, 0, 0, 2, 11.27
1747827123, 0, 232, 1171, 1170, 23, 7.23%, 0, 0, 2, 11.41
1747827144, 0, 232, 1172, 1171, 23, 7.23%, 0, 0, 2, 12.02
1747827333, 0, 233, 1172, 1171, 23, 7.23%, 0, 0, 2, 13.29
1747827344, 0, 234, 1172, 1171, 23, 7.23%, 0, 0, 2, 12.09
1747827354, 0, 235, 1172, 1171, 23, 7.23%, 0, 0, 2, 13.09
1747827364, 0, 237, 1172, 1171, 23, 7.23%, 0, 0, 2, 13.06
1747827375, 0, 238, 1172, 1171, 23, 7.23%, 0, 0, 2, 13.52
1747827380, 0, 238, 1175, 1174, 23, 7.24%, 0, 0, 2, 11.15
1747827385, 0, 238, 1176, 1175, 23, 7.24%, 0, 0, 2, 10.83
1747827400, 0, 238, 1177, 1176, 23, 7.24%, 0, 0, 2, 10.75
1747827518, 0, 238, 1178, 1177, 23, 7.24%, 0, 0, 2, 12.23
1747827534, 0, 238, 1179, 1178, 23, 7.24%, 0, 0, 2, 12.22
1747827616, 0, 238, 1180, 1179, 23, 7.24%, 0, 0, 2, 10.78
1747827718, 0, 239, 1181, 1180, 21, 7.24%, 0, 0, 2, 14.37
1747827734, 0, 240, 1181, 1180, 21, 7.24%, 0, 0, 2, 15.28
1747827744, 0, 241, 1181, 1180, 21, 7.24%, 0, 0, 2, 13.43
1747827754, 0, 242, 1181, 1180, 21, 7.24%, 0, 0, 2, 14.41
1747827759, 0, 243, 1181, 1180, 21, 7.24%, 0, 0, 2, 14.77
1747827770, 0, 244, 1181, 1180, 21, 7.24%, 0, 0, 2, 13.61
1747827780, 0, 245, 1181, 1180, 21, 7.24%, 0, 0, 2, 13.05
1747827790, 0, 246, 1181, 1180, 21, 7.24%, 0, 0, 2, 11.84
1747827800, 0, 246, 1182, 1181, 21, 7.24%, 0, 0, 2, 10.49
1747827816, 0, 247, 1182, 1181, 21, 7.24%, 0, 0, 2, 14.58
1747827821, 0, 249, 1182, 1181, 21, 7.24%, 0, 0, 2, 15.30
1747827831, 0, 250, 1182, 1181, 21, 7.24%, 0, 0, 2, 15.56
1747827836, 0, 250, 1183, 1182, 21, 7.24%, 0, 0, 2, 15.23
1747827846, 0, 251, 1183, 1182, 21, 7.24%, 0, 0, 2, 15.34
1747827856, 0, 252, 1183, 1182, 21, 7.24%, 0, 0, 2, 27.58
1747828188, 0, 254, 1183, 1181, 20, 7.24%, 0, 0, 2, 31.84
1747828199, 0, 255, 1183, 1181, 20, 7.24%, 0, 0, 2, 16.19
1747828204, 0, 255, 1184, 1182, 20, 7.24%, 0, 0, 3, 15.85
1747828214, 0, 256, 1184, 1182, 21, 7.24%, 0, 0, 3, 14.78
1747828219, 0, 256, 1185, 1183, 21, 7.24%, 0, 0, 3, 12.26
1747828240, 0, 258, 1185, 1183, 21, 7.24%, 0, 0, 3, 14.48
1747828245, 0, 259, 1185, 1183, 21, 7.24%, 0, 0, 3, 14.35
1747828256, 0, 261, 1185, 1183, 21, 7.24%, 0, 0, 3, 12.80
1747828266, 0, 262, 1185, 1183, 21, 7.24%, 0, 0, 3, 12.53
1747828276, 0, 263, 1185, 1183, 21, 7.24%, 0, 0, 3, 14.13
1747828286, 0, 265, 1185, 1183, 21, 7.24%, 0, 0, 3, 13.21
1747828296, 0, 266, 1185, 1183, 21, 7.24%, 0, 0, 3, 12.61
1747828307, 0, 267, 1185, 1183, 21, 7.24%, 0, 0, 3, 11.90
1747828317, 0, 268, 1185, 1183, 21, 7.24%, 0, 0, 3, 12.79
1747828327, 0, 269, 1185, 1183, 21, 7.24%, 0, 0, 3, 12.84
1747828338, 0, 270, 1185, 1183, 21, 7.24%, 0, 0, 3, 12.90
1747828348, 0, 271, 1185, 1183, 21, 7.24%, 0, 0, 3, 12.94
1747828358, 0, 272, 1185, 1183, 21, 7.24%, 0, 0, 3, 14.36
1747828363, 0, 273, 1185, 1183, 21, 7.24%, 0, 0, 3, 15.45
1747828374, 0, 276, 1185, 1183, 21, 7.24%, 0, 0, 3, 13.86
1747828384, 0, 277, 1185, 1183, 21, 7.24%, 0, 0, 3, 15.01
1747828394, 0, 280, 1185, 1183, 21, 7.24%, 0, 0, 3, 12.90
1747828404, 0, 284, 1186, 1184, 21, 7.24%, 0, 0, 3, 11.03
1747828425, 0, 285, 1186, 1184, 21, 7.24%, 0, 0, 3, 14.42
1747828430, 0, 286, 1186, 1184, 21, 7.24%, 0, 0, 3, 14.70
1747828440, 0, 288, 1186, 1184, 21, 7.24%, 0, 0, 3, 12.85
1747828451, 0, 289, 1186, 1184, 21, 7.24%, 0, 0, 3, 12.51
1747828456, 0, 289, 1187, 1185, 21, 7.24%, 0, 0, 3, 11.03
1747828476, 0, 290, 1187, 1185, 21, 7.24%, 0, 0, 3, 12.93
1747828486, 0, 291, 1187, 1185, 21, 7.24%, 0, 0, 3, 14.69
1747828492, 0, 292, 1187, 1185, 21, 7.24%, 0, 0, 3, 15.27
1747828502, 0, 293, 1187, 1185, 21, 7.24%, 0, 0, 3, 15.28
1747828512, 0, 294, 1188, 1186, 21, 7.24%, 0, 0, 3, 12.01
1747828533, 0, 295, 1188, 1186, 21, 7.24%, 0, 0, 3, 13.72
1747828538, 0, 296, 1188, 1186, 21, 7.24%, 0, 0, 3, 14.92
1747828543, 0, 296, 1189, 1187, 21, 7.25%, 0, 0, 3, 11.03
1747828564, 0, 298, 1189, 1187, 21, 7.25%, 0, 0, 3, 13.29
1747828574, 0, 299, 1190, 1188, 21, 7.25%, 0, 0, 3, 11.64
1747828589, 0, 299, 1191, 1189, 21, 7.25%, 0, 0, 3, 10.73
1747828620, 0, 301, 1191, 1189, 21, 7.25%, 0, 0, 3, 14.38
1747828625, 0, 302, 1191, 1189, 21, 7.25%, 0, 0, 3, 15.42
1747828636, 0, 303, 1192, 1190, 21, 7.25%, 0, 0, 3, 12.46
1747828651, 0, 303, 1193, 1191, 21, 7.25%, 0, 0, 3, 11.48
1747828661, 0, 303, 1194, 1192, 21, 7.25%, 0, 0, 3, 11.13
1747828692, 0, 303, 1195, 1193, 21, 7.25%, 0, 0, 3, 11.70
1747828763, 0, 303, 1196, 1194, 21, 7.25%, 0, 0, 3, 10.87
1747828979, 0, 304, 1196, 1194, 21, 7.25%, 0, 0, 3, 11.78
1747828990, 0, 305, 1196, 1194, 21, 7.25%, 0, 0, 3, 14.89
1747829000, 0, 307, 1196, 1194, 21, 7.25%, 0, 0, 3, 15.42
1747829005, 0, 308, 1196, 1194, 21, 7.25%, 0, 0, 3, 14.43
1747829015, 0, 308, 1197, 1195, 21, 7.25%, 0, 0, 3, 10.92
1747829030, 0, 309, 1198, 1196, 21, 7.25%, 0, 0, 3, 10.82
1747829051, 0, 310, 1198, 1196, 21, 7.25%, 0, 0, 3, 12.20
1747829061, 0, 311, 1198, 1196, 21, 7.25%, 0, 0, 3, 15.45
1747829072, 0, 312, 1198, 1196, 21, 7.25%, 0, 0, 3, 12.93
1747829077, 0, 312, 1199, 1197, 21, 7.25%, 0, 0, 3, 11.23
1747829082, 0, 312, 1201, 1199, 21, 7.25%, 0, 0, 3, 10.78
1747829158, 0, 314, 1201, 1199, 21, 7.25%, 0, 0, 3, 11.16
1747829168, 0, 315, 1201, 1199, 21, 7.25%, 0, 0, 3, 11.76
1747829179, 0, 316, 1201, 1199, 21, 7.25%, 0, 0, 3, 12.78
1747829189, 0, 317, 1201, 1199, 21, 7.25%, 0, 0, 3, 13.35
1747829199, 0, 318, 1201, 1199, 21, 7.25%, 0, 0, 3, 15.47
1747829204, 0, 319, 1201, 1199, 21, 7.25%, 0, 0, 3, 15.40
1747829214, 0, 320, 1202, 1200, 21, 7.25%, 0, 0, 3, 12.28
1747829235, 0, 320, 1203, 1201, 21, 7.25%, 0, 0, 3, 10.36
1747829261, 0, 321, 1203, 1201, 21, 7.25%, 0, 0, 3, 11.27
1747829271, 0, 323, 1203, 1201, 21, 7.25%, 0, 0, 3, 13.02
1747829281, 0, 323, 1204, 1202, 21, 7.25%, 0, 0, 3, 14.86
1747829292, 0, 324, 1205, 1203, 21, 7.25%, 0, 0, 3, 12.64
1747829312, 0, 325, 1205, 1203, 21, 7.25%, 0, 0, 3, 11.16
1747829322, 0, 326, 1205, 1203, 21, 7.25%, 0, 0, 3, 11.33
1747829333, 0, 328, 1205, 1203, 21, 7.25%, 0, 0, 3, 11.88
1747829343, 0, 329, 1205, 1203, 21, 7.25%, 0, 0, 3, 13.73
1747829353, 0, 330, 1205, 1203, 21, 7.25%, 0, 0, 3, 15.29
1747829358, 0, 331, 1205, 1203, 21, 7.25%, 0, 0, 3, 15.40
1747829369, 0, 332, 1205, 1203, 21, 7.25%, 0, 0, 3, 13.81
1747829379, 0, 333, 1205, 1203, 21, 7.25%, 0, 0, 3, 13.10
1747829389, 0, 334, 1205, 1203, 21, 7.25%, 0, 0, 3, 13.55
1747829399, 0, 335, 1205, 1203, 21, 7.25%, 0, 0, 3, 13.65
1747829409, 0, 336, 1205, 1203, 21, 7.25%, 0, 0, 3, 12.83
1747829420, 0, 337, 1205, 1203, 21, 7.25%, 0, 0, 3, 14.81
1747829425, 0, 338, 1205, 1203, 21, 7.25%, 0, 0, 3, 15.10
1747829435, 0, 339, 1205, 1203, 21, 7.25%, 0, 0, 3, 14.13
1747829445, 0, 339, 1206, 1204, 21, 7.25%, 0, 0, 3, 11.14
1747829450, 0, 339, 1207, 1205, 21, 7.25%, 0, 0, 3, 10.82
1747829481, 0, 341, 1207, 1205, 22, 7.25%, 0, 0, 3, 14.65
1747829486, 0, 342, 1207, 1205, 22, 7.25%, 0, 0, 3, 14.97
1747829497, 0, 343, 1207, 1205, 22, 7.25%, 0, 0, 3, 12.69
1747829507, 0, 344, 1207, 1205, 22, 7.25%, 0, 0, 3, 11.70
1747829522, 0, 347, 1207, 1205, 22, 7.25%, 0, 0, 3, 14.63
1747829527, 0, 349, 1207, 1205, 22, 7.25%, 0, 0, 3, 14.56
1747829537, 0, 349, 1208, 1206, 22, 7.25%, 0, 0, 3, 10.84
1747829548, 0, 349, 1209, 1207, 22, 7.25%, 0, 0, 3, 11.32
1747829573, 0, 350, 1209, 1207, 22, 7.25%, 0, 0, 3, 12.15
1747829584, 0, 352, 1209, 1207, 22, 7.25%, 0, 0, 3, 13.16
1747829594, 0, 353, 1210, 1208, 22, 7.25%, 0, 0, 3, 12.61
1747829599, 0, 353, 1211, 1209, 22, 7.25%, 0, 0, 3, 11.14
1747829604, 0, 353, 1212, 1210, 22, 7.25%, 0, 0, 3, 10.90
1747829681, 0, 354, 1212, 1210, 22, 7.25%, 0, 0, 3, 11.90
1747829692, 0, 355, 1212, 1210, 22, 7.25%, 0, 0, 3, 13.34
1747829702, 0, 356, 1213, 1211, 22, 7.26%, 0, 0, 3, 14.94
1747829717, 0, 357, 1213, 1211, 23, 7.26%, 0, 0, 3, 14.68
1747829728, 0, 358, 1213, 1211, 23, 7.26%, 0, 0, 3, 13.33
1747829738, 0, 359, 1213, 1211, 23, 7.26%, 0, 0, 3, 12.74
1747829748, 0, 360, 1213, 1211, 23, 7.26%, 0, 0, 3, 14.33
1747829758, 0, 361, 1213, 1211, 23, 7.26%, 0, 0, 3, 13.05
1747829769, 0, 362, 1214, 1212, 23, 7.26%, 0, 0, 3, 10.77
1747829789, 0, 363, 1214, 1212, 23, 7.26%, 0, 0, 3, 11.79
1747829800, 0, 364, 1214, 1212, 23, 7.26%, 0, 0, 3, 11.86
1747829810, 0, 365, 1214, 1212, 23, 7.26%, 0, 0, 3, 13.54
1747829820, 0, 367, 1214, 1212, 23, 7.26%, 0, 0, 3, 14.70
1747829830, 0, 368, 1214, 1212, 23, 7.26%, 0, 0, 3, 11.16
1747829840, 0, 369, 1214, 1212, 23, 7.26%, 0, 0, 3, 13.33
1747829851, 0, 370, 1214, 1212, 23, 7.26%, 0, 0, 3, 15.31
1747829856, 0, 371, 1214, 1212, 23, 7.26%, 0, 0, 3, 14.59
1747829866, 0, 371, 1215, 1213, 23, 7.26%, 0, 0, 3, 10.74
1747829871, 0, 371, 1216, 1214, 23, 7.41%, 0, 0, 3, 10.82
1747829902, 0, 372, 1216, 1214, 21, 7.41%, 0, 0, 3, 10.87
1747829918, 0, 373, 1216, 1214, 21, 7.41%, 0, 0, 3, 12.23
1747829928, 0, 374, 1217, 1215, 21, 7.41%, 0, 0, 3, 10.99
1747829948, 0, 376, 1217, 1215, 21, 7.41%, 0, 0, 3, 13.12
1747829958, 0, 377, 1217, 1215, 21, 7.41%, 0, 0, 3, 12.69
1747829969, 0, 379, 1217, 1215, 21, 7.41%, 0, 0, 3, 11.45
1747829979, 0, 380, 1217, 1215, 21, 7.41%, 0, 0, 3, 13.86
1747829989, 0, 382, 1218, 1216, 21, 7.41%, 0, 0, 3, 15.06
1747830005, 0, 383, 1218, 1216, 21, 7.41%, 0, 0, 3, 15.42
1747830015, 0, 384, 1218, 1216, 21, 7.41%, 0, 0, 3, 12.62
1747830025, 0, 385, 1219, 1217, 21, 7.41%, 0, 0, 3, 11.57
1747830031, 0, 385, 1220, 1218, 21, 7.43%, 0, 0, 3, 10.17
1747830036, 0, 385, 1221, 1219, 21, 7.43%, 0, 0, 3, 9.20
1747830041, 0, 385, 1223, 1221, 21, 7.47%, 0, 0, 3, 10.43
1747830046, 0, 385, 1224, 1222, 21, 7.47%, 0, 0, 3, 10.23
1747830082, 0, 385, 1225, 1223, 21, 7.47%, 0, 0, 3, 10.53
1747830287, 0, 385, 1226, 1224, 21, 7.48%, 0, 0, 3, 9.48
1747830313, 0, 385, 1227, 1225, 21, 7.48%, 0, 0, 3, 10.59
1747830400, 0, 386, 1227, 1225, 24, 7.48%, 0, 0, 3, 13.90
1747830405, 0, 388, 1227, 1225, 24, 7.48%, 0, 0, 3, 14.84
1747830410, 0, 388, 1228, 1226, 24, 7.48%, 0, 0, 3, 11.80
1747830415, 0, 388, 1229, 1227, 24, 7.48%, 0, 0, 3, 10.35
1747830452, 0, 388, 1230, 1228, 24, 7.48%, 0, 0, 3, 9.80
1747830467, 0, 388, 1231, 1229, 24, 7.48%, 0, 0, 3, 10.03
1747830482, 0, 388, 1232, 1230, 24, 7.48%, 0, 0, 3, 10.30
1747830487, 0, 388, 1233, 1231, 24, 7.48%, 0, 0, 3, 11.06
1747830513, 0, 388, 1234, 1232, 24, 7.48%, 0, 0, 3, 9.85
1747830523, 0, 388, 1235, 1233, 24, 7.48%, 0, 0, 3, 10.38
1747830636, 0, 388, 1236, 1234, 24, 7.48%, 0, 0, 3, 10.49
1747830692, 0, 388, 1237, 1235, 24, 7.48%, 0, 0, 3, 10.86
1747830743, 0, 388, 1238, 1236, 24, 7.50%, 0, 0, 3, 9.64
1747830779, 0, 388, 1239, 1237, 24, 7.51%, 0, 0, 3, 11.22
1747830795, 0, 389, 1239, 1237, 26, 7.51%, 0, 0, 3, 12.02
1747830805, 0, 390, 1239, 1237, 26, 7.51%, 0, 0, 3, 12.77
1747830810, 0, 390, 1240, 1238, 26, 7.51%, 0, 0, 3, 10.22
1747830815, 0, 390, 1241, 1239, 26, 7.51%, 0, 0, 3, 11.44
1747830820, 0, 390, 1242, 1240, 26, 7.51%, 0, 0, 3, 10.26
1747830830, 0, 390, 1243, 1241, 26, 7.51%, 0, 0, 3, 10.45
1747830836, 0, 390, 1244, 1242, 26, 7.51%, 0, 0, 3, 9.90
1747830846, 0, 390, 1246, 1244, 26, 7.51%, 0, 0, 3, 9.00
1747830851, 0, 390, 1247, 1245, 26, 7.51%, 0, 0, 3, 10.23
1747830856, 0, 390, 1248, 1246, 26, 7.51%, 0, 0, 3, 9.19
1747830902, 0, 390, 1249, 1247, 26, 7.51%, 0, 0, 3, 10.86
1747830908, 0, 390, 1250, 1248, 26, 7.51%, 0, 0, 3, 11.15
1747830923, 0, 390, 1251, 1249, 26, 7.51%, 0, 0, 3, 9.92
1747830948, 0, 390, 1252, 1250, 26, 7.51%, 0, 0, 3, 10.18
1747830964, 0, 390, 1253, 1251, 26, 7.51%, 0, 0, 3, 11.49
1747831000, 0, 390, 1254, 1252, 26, 7.52%, 0, 0, 3, 10.35
1747831010, 0, 390, 1255, 1253, 26, 7.52%, 0, 0, 3, 11.38
1747831076, 0, 390, 1256, 1254, 26, 7.52%, 0, 0, 3, 9.82
1747831086, 0, 390, 1257, 1255, 26, 7.52%, 0, 0, 3, 10.19
1747831184, 0, 390, 1258, 1256, 26, 7.53%, 0, 0, 3, 10.81
1747831194, 0, 390, 1259, 1257, 26, 7.53%, 0, 0, 3, 10.29
1747831199, 0, 391, 1259, 1257, 26, 7.53%, 0, 0, 3, 10.73
1747831210, 0, 392, 1259, 1257, 26, 7.53%, 0, 0, 3, 11.76
1747831220, 0, 392, 1261, 1259, 26, 7.53%, 0, 0, 3, 10.02
1747831235, 0, 392, 1262, 1260, 26, 7.53%, 0, 0, 3, 10.12
1747831276, 0, 392, 1263, 1261, 26, 7.53%, 0, 0, 3, 10.41
1747831281, 0, 392, 1264, 1262, 26, 7.53%, 0, 0, 3, 9.30
1747831297, 0, 392, 1265, 1263, 26, 7.53%, 0, 0, 3, 11.22
1747831322, 0, 392, 1266, 1264, 26, 7.53%, 0, 0, 3, 10.00
1747831333, 0, 392, 1267, 1265, 26, 7.53%, 0, 0, 3, 9.81
1747831368, 0, 392, 1268, 1266, 26, 7.53%, 0, 0, 3, 10.10
1747831384, 0, 392, 1269, 1267, 26, 7.53%, 0, 0, 3, 10.89
1747831404, 0, 392, 1270, 1268, 26, 7.53%, 0, 0, 3, 10.22
1747831414, 0, 392, 1271, 1269, 26, 7.53%, 0, 0, 3, 9.72
1747831435, 0, 392, 1273, 1271, 26, 7.53%, 0, 0, 3, 9.47
1747831517, 0, 392, 1274, 1272, 26, 7.53%, 0, 0, 3, 10.05
1747831568, 0, 392, 1275, 1273, 26, 7.53%, 0, 0, 3, 9.42
1747831599, 0, 393, 1275, 1273, 26, 7.53%, 0, 0, 3, 11.52
1747831609, 0, 394, 1275, 1273, 26, 7.53%, 0, 0, 3, 12.15
1747831624, 0, 395, 1276, 1274, 26, 7.53%, 0, 0, 3, 10.19
1747831629, 0, 395, 1277, 1275, 26, 7.53%, 0, 0, 3, 10.80
1747831640, 0, 395, 1278, 1276, 26, 7.53%, 0, 0, 3, 10.58
1747831666, 0, 395, 1279, 1277, 26, 7.53%, 0, 0, 3, 9.62
1747831696, 0, 395, 1280, 1278, 26, 7.53%, 0, 0, 3, 9.95
1747831702, 0, 395, 1281, 1279, 26, 7.53%, 0, 0, 3, 10.28
1747831722, 0, 395, 1282, 1280, 26, 7.53%, 0, 0, 3, 10.64
1747831738, 0, 395, 1283, 1281, 26, 7.53%, 0, 0, 3, 11.45
1747831774, 0, 395, 1284, 1282, 26, 7.53%, 0, 0, 3, 10.21
1747831912, 0, 395, 1285, 1283, 26, 7.53%, 0, 0, 3, 9.84
1747831938, 0, 395, 1286, 1284, 26, 7.53%, 0, 0, 3, 10.55
1747831974, 0, 395, 1287, 1285, 26, 7.53%, 0, 0, 3, 10.43
1747832000, 0, 395, 1288, 1286, 26, 7.53%, 0, 0, 3, 11.35
1747832010, 0, 396, 1288, 1286, 26, 7.53%, 0, 0, 3, 10.09
1747832020, 0, 398, 1288, 1286, 26, 7.53%, 0, 0, 3, 13.66
1747832030, 0, 399, 1288, 1286, 26, 7.53%, 0, 0, 3, 13.47
1747832528, 0, 401, 1288, 1285, 25, 7.53%, 0, 0, 3, 20.33
1747832538, 0, 402, 1288, 1285, 25, 7.53%, 0, 0, 3, 12.90
1747832548, 0, 404, 1288, 1285, 25, 7.53%, 0, 0, 3, 12.44
1747832554, 0, 404, 1290, 1287, 25, 7.53%, 0, 0, 3, 9.67
1747832600, 0, 405, 1290, 1287, 25, 7.53%, 0, 0, 3, 11.56
1747832610, 0, 406, 1290, 1287, 25, 7.53%, 0, 0, 3, 10.42
1747832621, 0, 407, 1290, 1287, 25, 7.53%, 0, 0, 3, 11.56
1747832631, 0, 408, 1290, 1287, 25, 7.53%, 0, 0, 3, 13.33
1747832641, 0, 409, 1290, 1287, 25, 7.53%, 0, 0, 3, 11.62
1747832651, 0, 409, 1291, 1288, 25, 7.53%, 0, 0, 3, 10.01
1747832667, 0, 412, 1291, 1288, 25, 7.53%, 0, 0, 3, 10.02
1747832677, 0, 413, 1291, 1288, 25, 7.53%, 0, 0, 3, 11.19
1747832687, 0, 414, 1291, 1288, 25, 7.53%, 0, 0, 3, 12.05
1747832697, 0, 416, 1291, 1288, 25, 7.53%, 0, 0, 3, 13.34
1747832708, 0, 417, 1291, 1288, 25, 7.53%, 0, 0, 3, 12.67
1747832718, 0, 418, 1291, 1288, 25, 7.53%, 0, 0, 3, 11.98
1747832728, 0, 420, 1291, 1288, 25, 7.53%, 0, 0, 3, 11.21
1747832738, 0, 421, 1291, 1288, 25, 7.53%, 0, 0, 3, 11.56
1747832743, 0, 421, 1292, 1289, 25, 7.53%, 0, 0, 3, 9.65
1747832764, 0, 421, 1293, 1290, 25, 7.53%, 0, 0, 3, 9.85
1747832774, 0, 421, 1294, 1291, 25, 7.53%, 0, 0, 3, 9.88
1747832785, 0, 421, 1296, 1293, 25, 7.53%, 0, 0, 3, 8.94
1747832887, 0, 421, 1297, 1294, 25, 7.53%, 0, 0, 3, 9.41
1747832980, 0, 421, 1298, 1295, 25, 7.53%, 0, 0, 3, 11.20
1747833128, 0, 422, 1298, 1295, 25, 7.53%, 0, 0, 3, 13.01
1747833138, 0, 423, 1298, 1295, 25, 7.53%, 0, 0, 3, 15.05
1747833143, 0, 425, 1298, 1295, 25, 7.53%, 0, 0, 3, 14.97
1747833159, 0, 426, 1298, 1295, 25, 7.53%, 0, 0, 3, 11.43
1747833164, 0, 426, 1299, 1296, 25, 7.54%, 0, 0, 3, 10.27
1747833184, 0, 429, 1299, 1296, 25, 7.54%, 0, 0, 3, 13.94
1747833189, 0, 430, 1299, 1296, 25, 7.54%, 0, 0, 3, 13.10
1747833200, 0, 431, 1299, 1296, 25, 7.54%, 0, 0, 3, 11.67
1747833215, 0, 432, 1299, 1296, 25, 7.54%, 0, 0, 3, 11.46
1747833225, 0, 432, 1300, 1297, 25, 7.54%, 0, 0, 3, 10.46
1747833236, 0, 433, 1300, 1297, 25, 7.54%, 0, 0, 3, 11.14
1747833251, 0, 434, 1300, 1297, 25, 7.54%, 0, 0, 3, 12.11
1747833261, 0, 436, 1300, 1297, 25, 7.54%, 0, 0, 3, 11.69
1747833272, 0, 437, 1300, 1297, 25, 7.54%, 0, 0, 3, 11.56
1747833282, 0, 438, 1300, 1297, 25, 7.54%, 0, 0, 3, 11.51
1747833292, 0, 439, 1300, 1297, 25, 7.54%, 0, 0, 3, 10.88
1747833308, 0, 440, 1300, 1297, 25, 7.54%, 0, 0, 3, 11.26
1747833318, 0, 441, 1300, 1297, 25, 7.54%, 0, 0, 3, 11.12
1747833328, 0, 442, 1300, 1297, 25, 7.54%, 0, 0, 3, 11.52
1747833338, 0, 443, 1300, 1297, 25, 7.54%, 0, 0, 3, 12.54
1747833349, 0, 446, 1300, 1297, 25, 7.54%, 0, 0, 3, 13.00
1747833359, 0, 447, 1300, 1297, 25, 7.54%, 0, 0, 3, 10.32
1747833374, 0, 448, 1300, 1297, 25, 7.54%, 0, 0, 3, 9.77
1747833384, 0, 449, 1300, 1297, 25, 7.54%, 0, 0, 3, 10.30
1747833395, 0, 451, 1300, 1297, 25, 7.54%, 0, 0, 3, 12.55
1747833405, 0, 452, 1300, 1297, 25, 7.54%, 0, 0, 3, 12.59
1747833415, 0, 453, 1300, 1297, 25, 7.54%, 0, 0, 3, 11.85
1747833425, 0, 454, 1300, 1297, 25, 7.54%, 0, 0, 3, 11.71
1747833441, 0, 456, 1300, 1297, 25, 7.54%, 0, 0, 3, 11.03
1747833451, 0, 457, 1300, 1297, 25, 7.54%, 0, 0, 3, 11.16
1747833456, 0, 457, 1301, 1298, 25, 7.54%, 0, 0, 3, 10.13
1747833477, 0, 459, 1301, 1298, 25, 7.54%, 0, 0, 3, 11.85
1747833487, 0, 461, 1301, 1298, 25, 7.54%, 0, 0, 3, 11.37
1747833497, 0, 462, 1301, 1298, 25, 7.54%, 0, 0, 3, 12.12
1747833502, 0, 462, 1302, 1299, 25, 7.54%, 0, 0, 3, 11.15
1747833512, 0, 462, 1303, 1300, 25, 7.54%, 0, 0, 3, 9.54
1747833518, 0, 462, 1305, 1302, 25, 7.54%, 0, 0, 3, 10.53
1747833523, 0, 462, 1306, 1303, 25, 7.54%, 0, 0, 3, 9.82
1747833584, 0, 462, 1307, 1304, 25, 7.54%, 0, 0, 3, 10.90
1747833620, 0, 462, 1308, 1305, 25, 7.54%, 0, 0, 3, 10.17
1747833733, 0, 462, 1309, 1306, 25, 7.54%, 0, 0, 3, 10.92
1747833872, 0, 463, 1309, 1306, 26, 7.54%, 0, 0, 3, 11.28
1747833882, 0, 464, 1309, 1306, 26, 7.54%, 0, 0, 3, 11.60
1747833893, 0, 465, 1309, 1306, 26, 7.54%, 0, 0, 3, 10.39
1747833898, 0, 465, 1310, 1307, 26, 7.54%, 0, 0, 3, 10.26
1747833918, 0, 466, 1310, 1307, 26, 7.54%, 0, 0, 3, 11.23
1747833929, 0, 466, 1311, 1308, 26, 7.54%, 0, 0, 3, 10.34
1747833944, 0, 467, 1311, 1308, 26, 7.54%, 0, 0, 3, 10.99
1747833954, 0, 468, 1311, 1308, 26, 7.54%, 0, 0, 3, 11.81
1747833964, 0, 469, 1311, 1308, 26, 7.54%, 0, 0, 3, 10.87
1747833975, 0, 470, 1311, 1308, 26, 7.54%, 0, 0, 3, 10.50
1747833990, 0, 472, 1311, 1308, 26, 7.54%, 0, 0, 3, 10.62
1747834001, 0, 473, 1311, 1308, 26, 7.54%, 0, 0, 3, 10.75
1747834016, 0, 474, 1311, 1308, 26, 7.54%, 0, 0, 3, 11.04
1747834026, 0, 475, 1311, 1308, 26, 7.54%, 0, 0, 3, 13.92
1747834031, 0, 477, 1311, 1308, 26, 7.54%, 0, 0, 3, 14.65
1747834047, 0, 478, 1311, 1308, 26, 7.54%, 0, 0, 3, 10.44
1747834057, 0, 479, 1312, 1309, 26, 7.54%, 0, 0, 3, 10.31
1747834062, 0, 479, 1313, 1310, 26, 7.54%, 0, 0, 3, 9.78
1747834103, 0, 480, 1313, 1310, 26, 7.54%, 0, 0, 3, 11.56
1747834118, 0, 481, 1313, 1310, 26, 7.54%, 0, 0, 3, 11.10
1747834128, 0, 482, 1313, 1310, 26, 7.54%, 0, 0, 3, 11.29
1747834139, 0, 486, 1313, 1310, 26, 7.54%, 0, 0, 3, 10.26
1747834149, 0, 487, 1313, 1310, 26, 7.54%, 0, 0, 3, 11.17
1747834164, 0, 488, 1313, 1310, 26, 7.54%, 0, 0, 3, 11.14
1747834174, 0, 489, 1313, 1310, 26, 7.54%, 0, 0, 3, 10.91
1747834184, 0, 490, 1313, 1310, 26, 7.54%, 0, 0, 3, 11.94
1747834195, 0, 492, 1313, 1310, 26, 7.54%, 0, 0, 3, 12.03
1747834210, 0, 493, 1313, 1310, 26, 7.54%, 0, 0, 3, 11.14
1747834220, 0, 494, 1313, 1310, 26, 7.54%, 0, 0, 3, 10.86
1747834230, 0, 496, 1313, 1310, 26, 7.54%, 0, 0, 3, 10.32
1747834246, 0, 499, 1313, 1310, 26, 7.54%, 0, 0, 3, 10.14
1747834256, 0, 500, 1313, 1310, 26, 7.54%, 0, 0, 3, 11.12
1747834267, 0, 501, 1313, 1310, 26, 7.54%, 0, 0, 3, 10.69
1747834277, 0, 502, 1313, 1310, 26, 7.54%, 0, 0, 3, 10.96
1747834292, 0, 503, 1313, 1310, 26, 7.54%, 0, 0, 3, 11.52
1747834303, 0, 505, 1313, 1310, 26, 7.54%, 0, 0, 3, 11.13
1747834313, 0, 508, 1313, 1310, 26, 7.54%, 0, 0, 3, 15.06
1747836379, 0, 509, 1313, 1309, 26, 7.54%, 0, 0, 3, 13.84
1747836389, 0, 510, 1313, 1309, 26, 7.54%, 0, 0, 3, 12.10
1747836400, 0, 511, 1313, 1309, 26, 7.54%, 0, 0, 3, 11.53
1747836410, 0, 511, 1314, 1310, 26, 7.54%, 0, 0, 3, 9.37
1747836426, 0, 512, 1314, 1310, 26, 7.54%, 0, 0, 3, 11.94
1747836436, 0, 513, 1314, 1310, 26, 7.54%, 0, 0, 3, 11.26
1747836446, 0, 514, 1314, 1310, 26, 7.54%, 0, 0, 3, 12.21
1747836456, 0, 517, 1314, 1310, 26, 7.54%, 0, 0, 3, 13.89
1747836467, 0, 518, 1314, 1310, 26, 7.54%, 0, 0, 3, 11.41
1747836477, 0, 521, 1314, 1310, 26, 7.54%, 0, 0, 3, 11.86
1747836487, 0, 523, 1314, 1310, 26, 7.54%, 0, 0, 3, 13.76
1747836498, 0, 524, 1314, 1310, 26, 7.54%, 0, 0, 3, 10.99
1747836508, 0, 525, 1314, 1310, 26, 7.54%, 0, 0, 3, 11.58
1747836524, 0, 527, 1314, 1310, 26, 7.54%, 0, 0, 3, 10.73
1747836534, 0, 529, 1314, 1310, 26, 7.54%, 0, 0, 3, 11.13
1747836544, 0, 530, 1314, 1310, 26, 7.54%, 0, 0, 3, 10.68
1747836554, 0, 531, 1314, 1310, 26, 7.54%, 0, 0, 3, 11.66
1747836570, 0, 532, 1314, 1310, 26, 7.54%, 0, 0, 3, 10.43
1747836580, 0, 533, 1314, 1310, 26, 7.54%, 0, 0, 3, 11.97
1747836590, 0, 535, 1314, 1310, 26, 7.54%, 0, 0, 3, 11.72
1747836600, 0, 536, 1314, 1310, 26, 7.54%, 0, 0, 3, 11.53
1747836611, 0, 537, 1314, 1310, 26, 7.54%, 0, 0, 3, 13.18
1747836621, 0, 539, 1314, 1310, 26, 7.54%, 0, 0, 3, 11.20
1747836636, 0, 541, 1314, 1310, 26, 7.54%, 0, 0, 3, 10.72
1747836647, 0, 542, 1314, 1310, 26, 7.54%, 0, 0, 3, 10.78
1747836657, 0, 543, 1314, 1310, 26, 7.54%, 0, 0, 3, 11.09
1747836672, 0, 544, 1314, 1310, 26, 7.54%, 0, 0, 3, 11.66
1747836683, 0, 546, 1314, 1310, 26, 7.54%, 0, 0, 3, 11.37
1747836693, 0, 547, 1314, 1310, 26, 7.54%, 0, 0, 3, 13.06
1747836703, 0, 549, 1314, 1310, 26, 7.54%, 0, 0, 3, 12.42
1747836714, 0, 551, 1314, 1310, 26, 7.54%, 0, 0, 3, 11.64
1747836724, 0, 552, 1314, 1310, 26, 7.54%, 0, 0, 3, 10.64
1747836734, 0, 554, 1314, 1310, 26, 7.54%, 0, 0, 3, 10.89
1747836749, 0, 556, 1314, 1310, 26, 7.54%, 0, 0, 3, 11.19
1747836759, 0, 557, 1314, 1310, 26, 7.54%, 0, 0, 3, 11.00
1747836770, 0, 559, 1314, 1310, 26, 7.54%, 0, 0, 3, 11.19
1747836780, 0, 560, 1314, 1310, 26, 7.54%, 0, 0, 3, 11.36
1747836795, 0, 561, 1314, 1310, 26, 7.54%, 0, 0, 3, 11.61
1747836805, 0, 563, 1314, 1310, 26, 7.54%, 0, 0, 3, 10.83
1747836815, 0, 565, 1314, 1310, 26, 7.54%, 0, 0, 3, 10.77
1747836826, 0, 565, 1315, 1311, 26, 7.54%, 0, 0, 3, 10.44
1747836841, 0, 566, 1315, 1311, 26, 7.54%, 0, 0, 3, 11.10
1747836851, 0, 567, 1315, 1311, 26, 7.54%, 0, 0, 3, 9.58
1747836867, 0, 568, 1315, 1311, 26, 7.54%, 0, 0, 3, 10.67
1747836877, 0, 569, 1315, 1311, 26, 7.54%, 0, 0, 3, 11.22
1747836887, 0, 570, 1315, 1311, 26, 7.54%, 0, 0, 3, 10.82
1747836897, 0, 571, 1315, 1311, 26, 7.54%, 0, 0, 3, 11.17
1747836913, 0, 572, 1316, 1312, 26, 7.54%, 0, 0, 3, 11.58
1747836933, 0, 575, 1316, 1312, 26, 7.54%, 0, 0, 3, 11.02
1747836944, 0, 576, 1316, 1312, 26, 7.54%, 0, 0, 3, 10.87
1747836949, 0, 576, 1317, 1313, 26, 7.54%, 0, 0, 3, 10.28
1747836969, 0, 577, 1317, 1313, 26, 7.54%, 0, 0, 3, 12.91
1747836979, 0, 578, 1317, 1313, 26, 7.54%, 0, 0, 3, 12.86
1747836990, 0, 579, 1317, 1313, 26, 7.54%, 0, 0, 3, 10.92
1747837000, 0, 580, 1317, 1313, 26, 7.54%, 0, 0, 3, 10.79
1747837015, 0, 581, 1317, 1313, 26, 7.54%, 0, 0, 3, 13.86
1747837020, 0, 582, 1317, 1313, 26, 7.54%, 0, 0, 3, 14.37
1747837031, 0, 584, 1317, 1313, 26, 7.54%, 0, 0, 3, 11.94
1747837046, 0, 585, 1317, 1313, 26, 7.54%, 0, 0, 3, 10.48
1747837056, 0, 586, 1317, 1313, 26, 7.54%, 0, 0, 3, 11.26
1747837066, 0, 587, 1317, 1313, 26, 7.54%, 0, 0, 3, 11.50
1747837077, 0, 589, 1317, 1313, 26, 7.54%, 0, 0, 3, 11.50
1747837092, 0, 590, 1317, 1313, 26, 7.54%, 0, 0, 3, 9.79
1747837103, 0, 591, 1317, 1313, 26, 7.54%, 0, 0, 3, 10.77
1747837118, 0, 593, 1317, 1313, 26, 7.54%, 0, 0, 3, 11.17
1747837128, 0, 594, 1317, 1313, 26, 7.54%, 0, 0, 3, 14.10
1747837133, 0, 595, 1317, 1313, 26, 7.54%, 0, 0, 3, 14.37
1747837149, 0, 596, 1317, 1313, 26, 7.54%, 0, 0, 3, 10.69
1747837159, 0, 597, 1317, 1313, 26, 7.54%, 0, 0, 3, 11.78
1747837169, 0, 598, 1317, 1313, 26, 7.54%, 0, 0, 3, 12.54
1747837180, 0, 599, 1317, 1313, 26, 7.54%, 0, 0, 3, 11.19
1747837190, 0, 600, 1317, 1313, 26, 7.54%, 0, 0, 3, 10.57
1747837205, 0, 601, 1317, 1313, 26, 7.54%, 0, 0, 3, 11.35
1747837211, 0, 601, 1318, 1314, 26, 7.54%, 0, 0, 3, 10.04
1747837231, 0, 602, 1318, 1314, 26, 7.54%, 0, 0, 3, 11.24
1747837242, 0, 603, 1318, 1314, 26, 7.54%, 0, 0, 3, 11.16
1747837252, 0, 604, 1318, 1314, 26, 7.54%, 0, 0, 3, 11.23
1747837262, 0, 605, 1318, 1314, 26, 7.54%, 0, 0, 3, 11.14
1747837272, 0, 606, 1318, 1314, 26, 7.54%, 0, 0, 3, 11.18
1747837288, 0, 607, 1318, 1314, 26, 7.54%, 0, 0, 3, 14.03
1747837293, 0, 609, 1318, 1314, 26, 7.54%, 0, 0, 3, 14.11
1747837308, 0, 610, 1318, 1314, 26, 7.54%, 0, 0, 3, 11.29
1747837319, 0, 611, 1318, 1314, 26, 7.54%, 0, 0, 3, 9.94
1747837329, 0, 612, 1318, 1314, 26, 7.54%, 0, 0, 3, 11.73
1747837334, 0, 612, 1319, 1315, 26, 7.55%, 0, 0, 3, 9.97
1747837355, 0, 612, 1320, 1316, 26, 7.55%, 0, 0, 3, 11.09
1747837380, 0, 613, 1320, 1316, 26, 7.55%, 0, 0, 3, 11.01
1747837391, 0, 614, 1320, 1316, 26, 7.55%, 0, 0, 3, 13.83
1747837396, 0, 618, 1320, 1316, 26, 7.55%, 0, 0, 3, 14.37
1747837411, 0, 620, 1320, 1316, 26, 7.55%, 0, 0, 3, 10.52
1747837421, 0, 621, 1320, 1316, 26, 7.55%, 0, 0, 3, 10.42
1747837431, 0, 622, 1320, 1316, 26, 7.55%, 0, 0, 3, 12.91
1747837442, 0, 623, 1320, 1316, 26, 7.55%, 0, 0, 3, 13.39
1747837452, 0, 624, 1321, 1317, 26, 7.55%, 0, 0, 3, 10.28
1747837463, 0, 624, 1322, 1318, 26, 7.55%, 0, 0, 3, 10.15
1747837504, 0, 626, 1322, 1318, 26, 7.55%, 0, 0, 3, 13.61
1747837509, 0, 627, 1322, 1318, 26, 7.55%, 0, 0, 3, 14.83
1747837519, 0, 628, 1322, 1318, 26, 7.55%, 0, 0, 3, 13.30
1747837529, 0, 630, 1322, 1318, 26, 7.55%, 0, 0, 3, 12.77
1747837539, 0, 631, 1322, 1318, 26, 7.55%, 0, 0, 3, 13.73
1747837550, 0, 632, 1322, 1318, 26, 7.55%, 0, 0, 3, 13.97
1747837560, 0, 633, 1322, 1318, 26, 7.55%, 0, 0, 3, 15.46
1747837565, 0, 635, 1322, 1318, 26, 7.55%, 0, 0, 3, 14.14
1747837580, 0, 636, 1322, 1318, 26, 7.55%, 0, 0, 3, 13.96
1747837585, 0, 637, 1322, 1318, 26, 7.55%, 0, 0, 3, 13.52
1747837601, 0, 639, 1322, 1318, 26, 7.55%, 0, 0, 3, 11.02
1747837611, 0, 642, 1322, 1318, 26, 7.55%, 0, 0, 3, 11.32
1747837621, 0, 643, 1322, 1318, 26, 7.55%, 0, 0, 3, 11.16
1747837631, 0, 644, 1322, 1318, 26, 7.55%, 0, 0, 3, 12.08
1747837642, 0, 646, 1322, 1318, 26, 7.55%, 0, 0, 3, 13.89
1747837652, 0, 648, 1322, 1318, 26, 7.55%, 0, 0, 3, 10.70
1747837668, 0, 649, 1322, 1318, 26, 7.55%, 0, 0, 3, 10.39
1747837678, 0, 650, 1322, 1318, 26, 7.55%, 0, 0, 3, 10.39
1747837688, 0, 653, 1322, 1318, 26, 7.55%, 0, 0, 3, 10.49
1747837703, 0, 654, 1322, 1318, 26, 7.55%, 0, 0, 3, 10.81
1747837714, 0, 657, 1322, 1318, 26, 7.55%, 0, 0, 3, 13.11
1747837724, 0, 658, 1322, 1318, 26, 7.55%, 0, 0, 3, 15.06
1747837729, 0, 659, 1322, 1318, 26, 7.55%, 0, 0, 3, 14.32
1747837739, 0, 660, 1322, 1318, 26, 7.55%, 0, 0, 3, 11.97
1747837755, 0, 661, 1322, 1318, 26, 7.55%, 0, 0, 3, 12.11
1747837765, 0, 662, 1322, 1318, 26, 7.55%, 0, 0, 3, 10.87
1747837775, 0, 664, 1322, 1318, 26, 7.55%, 0, 0, 3, 11.44
1747837786, 0, 665, 1322, 1318, 26, 7.55%, 0, 0, 3, 11.55
1747837801, 0, 666, 1322, 1318, 26, 7.55%, 0, 0, 3, 11.33
1747837811, 0, 667, 1322, 1318, 26, 7.55%, 0, 0, 3, 11.83
1747837821, 0, 668, 1322, 1318, 26, 7.55%, 0, 0, 3, 11.22
1747837832, 0, 669, 1322, 1318, 26, 7.55%, 0, 0, 3, 10.17
1747837847, 0, 670, 1322, 1318, 26, 7.55%, 0, 0, 3, 14.41
1747837852, 0, 671, 1322, 1318, 26, 7.55%, 0, 0, 3, 13.85
1747837862, 0, 672, 1322, 1318, 26, 7.55%, 0, 0, 3, 12.21
1747837878, 0, 673, 1322, 1318, 26, 7.55%, 0, 0, 3, 10.88
1747837888, 0, 674, 1322, 1318, 26, 7.55%, 0, 0, 3, 11.38
1747837898, 0, 675, 1322, 1318, 26, 7.55%, 0, 0, 3, 15.98
1747840568, 0, 676, 1322, 1317, 26, 7.55%, 0, 0, 3, 15.53
1747840583, 0, 677, 1322, 1317, 26, 7.55%, 0, 0, 3, 11.88
1747840593, 0, 678, 1322, 1317, 26, 7.55%, 0, 0, 3, 11.68
1747840604, 0, 682, 1322, 1317, 26, 7.55%, 0, 0, 3, 11.43
1747840614, 0, 683, 1322, 1317, 26, 7.55%, 0, 0, 3, 10.70
1747840629, 0, 684, 1322, 1317, 26, 7.55%, 0, 0, 3, 12.04
1747840639, 0, 687, 1322, 1317, 26, 7.55%, 0, 0, 3, 11.62
1747840650, 0, 689, 1322, 1317, 26, 7.55%, 0, 0, 3, 13.12
1747840660, 0, 690, 1322, 1317, 26, 7.55%, 0, 0, 3, 11.86
1747840670, 0, 691, 1322, 1317, 26, 7.55%, 0, 0, 3, 12.95
1747840680, 0, 692, 1322, 1317, 26, 7.55%, 0, 0, 3, 12.46
1747840691, 0, 693, 1322, 1317, 26, 7.55%, 0, 0, 3, 11.02
1747840701, 0, 694, 1322, 1317, 26, 7.55%, 0, 0, 3, 10.67
1747840717, 0, 695, 1322, 1317, 26, 7.55%, 0, 0, 3, 10.89
1747840727, 0, 696, 1322, 1317, 26, 7.55%, 0, 0, 3, 10.95
1747840737, 0, 697, 1322, 1317, 26, 7.55%, 0, 0, 3, 10.85
1747840742, 0, 697, 1323, 1318, 26, 7.55%, 0, 0, 3, 9.91
1747840763, 0, 698, 1323, 1318, 26, 7.55%, 0, 0, 3, 13.23
1747840773, 0, 700, 1323, 1318, 26, 7.55%, 0, 0, 3, 12.46
1747840783, 0, 701, 1323, 1318, 26, 7.55%, 0, 0, 3, 11.92
1747840793, 0, 703, 1323, 1318, 26, 7.55%, 0, 0, 3, 10.30
1747840799, 0, 703, 1324, 1319, 26, 7.55%, 0, 0, 3, 10.92
1747840814, 0, 703, 1325, 1320, 26, 7.56%, 0, 0, 3, 10.70
1747840845, 0, 704, 1325, 1320, 27, 7.56%, 0, 0, 3, 14.39
1747840850, 0, 705, 1325, 1320, 27, 7.56%, 0, 0, 3, 13.27
1747840866, 0, 706, 1325, 1320, 27, 7.56%, 0, 0, 3, 16.47
1747843429, 0, 707, 1325, 1319, 27, 7.56%, 0, 0, 3, 15.07
1747843439, 0, 708, 1325, 1319, 27, 7.56%, 0, 0, 3, 11.05
1747843454, 0, 709, 1325, 1319, 27, 7.56%, 0, 0, 3, 15.35
1747843459, 0, 710, 1325, 1319, 27, 7.56%, 0, 0, 3, 17.29
1747843464, 0, 711, 1325, 1319, 27, 7.56%, 0, 0, 3, 18.83
1747843475, 0, 712, 1325, 1319, 27, 7.56%, 0, 0, 3, 18.55
1747843480, 0, 713, 1325, 1319, 27, 7.56%, 0, 0, 3, 20.49
1747843485, 0, 715, 1325, 1319, 27, 7.56%, 0, 0, 3, 24.84
1747843490, 0, 716, 1325, 1319, 27, 7.56%, 0, 0, 3, 22.16
1747843500, 0, 718, 1325, 1319, 27, 7.56%, 0, 0, 3, 16.43
1747843505, 0, 720, 1325, 1319, 27, 7.56%, 0, 0, 3, 18.30
1747843516, 0, 721, 1326, 1320, 27, 7.56%, 0, 0, 3, 17.65
1747843521, 0, 721, 1327, 1321, 27, 7.56%, 0, 0, 3, 17.97
1747843541, 0, 722, 1327, 1321, 26, 7.56%, 0, 0, 3, 18.05
1747843551, 0, 724, 1327, 1321, 26, 7.56%, 0, 0, 3, 24.39
1747843556, 0, 725, 1327, 1321, 26, 7.56%, 0, 0, 3, 20.61
1747843562, 0, 726, 1327, 1321, 26, 7.56%, 0, 0, 3, 23.36
1747843567, 0, 727, 1327, 1321, 26, 7.56%, 0, 0, 3, 21.69
1747843572, 0, 728, 1327, 1321, 26, 7.56%, 0, 0, 3, 19.07
1747843577, 0, 730, 1327, 1321, 26, 7.56%, 0, 0, 3, 20.69
1747843587, 0, 731, 1327, 1321, 26, 7.56%, 0, 0, 3, 18.02
1747843592, 0, 732, 1327, 1321, 26, 7.56%, 0, 0, 3, 20.39
1747843598, 0, 733, 1327, 1321, 26, 7.56%, 0, 0, 3, 19.17
1747843603, 0, 733, 1328, 1322, 26, 7.56%, 0, 0, 3, 17.70
1747843608, 0, 733, 1329, 1323, 26, 7.56%, 0, 0, 3, 17.99
1747843628, 0, 734, 1329, 1323, 26, 7.56%, 0, 0, 3, 25.92
1747845267, 0, 735, 1329, 1322, 25, 7.56%, 0, 0, 3, 26.19
1747845272, 0, 738, 1329, 1322, 25, 7.56%, 0, 0, 3, 21.34
1747845282, 0, 739, 1329, 1322, 25, 7.56%, 0, 0, 3, 19.05
1747845287, 0, 740, 1329, 1322, 25, 7.56%, 0, 0, 3, 18.54
1747845297, 0, 741, 1329, 1322, 25, 7.56%, 0, 0, 3, 18.64
1747845302, 0, 742, 1329, 1322, 25, 7.56%, 0, 0, 3, 19.77
1747845307, 0, 743, 1329, 1322, 25, 7.56%, 0, 0, 3, 21.79
1747845312, 0, 745, 1329, 1322, 25, 7.56%, 0, 0, 3, 21.32
1747845323, 0, 746, 1329, 1322, 25, 7.56%, 0, 0, 3, 28.35
1747847121, 0, 747, 1329, 1321, 23, 7.56%, 0, 0, 3, 17.14
1747847137, 0, 748, 1329, 1321, 23, 7.56%, 0, 0, 3, 12.11
1747847147, 0, 749, 1329, 1321, 23, 7.56%, 0, 0, 3, 14.00
1747847152, 0, 751, 1329, 1321, 23, 7.56%, 0, 0, 3, 15.15
1747847162, 0, 752, 1329, 1321, 23, 7.56%, 0, 0, 3, 12.86
1747847173, 0, 753, 1329, 1321, 23, 7.56%, 0, 0, 3, 11.58
1747847183, 0, 756, 1329, 1321, 23, 7.56%, 0, 0, 3, 11.49
1747847188, 0, 756, 1330, 1322, 23, 7.56%, 0, 0, 3, 10.17
1747847208, 0, 759, 1330, 1322, 23, 7.56%, 0, 0, 3, 11.03
1747847224, 0, 760, 1330, 1322, 23, 7.56%, 0, 0, 3, 11.20
1747847234, 0, 760, 1331, 1323, 23, 7.56%, 0, 0, 3, 10.87
1747847244, 0, 761, 1331, 1323, 23, 7.56%, 0, 0, 3, 11.46
1747847255, 0, 763, 1331, 1323, 23, 7.56%, 0, 0, 3, 13.81
1747847265, 0, 765, 1331, 1323, 23, 7.56%, 0, 0, 3, 10.51
1747847280, 0, 767, 1331, 1323, 23, 7.56%, 0, 0, 3, 14.21
1747847285, 0, 768, 1331, 1323, 23, 7.56%, 0, 0, 3, 13.84
1747847300, 0, 769, 1331, 1323, 23, 7.56%, 0, 0, 3, 11.34
1747847310, 0, 770, 1331, 1323, 23, 7.56%, 0, 0, 3, 11.20
1747847321, 0, 773, 1331, 1323, 23, 7.56%, 0, 0, 3, 10.96
1747847326, 0, 773, 1332, 1324, 23, 7.56%, 0, 0, 3, 10.38
1747847346, 0, 774, 1333, 1325, 23, 7.56%, 0, 0, 3, 10.88
1747847372, 0, 775, 1333, 1325, 23, 7.56%, 0, 0, 3, 10.87
1747847382, 0, 776, 1333, 1325, 23, 7.56%, 0, 0, 3, 10.35
1747847392, 0, 777, 1333, 1325, 23, 7.56%, 0, 0, 3, 11.54
1747847407, 0, 778, 1333, 1325, 23, 7.56%, 0, 0, 3, 11.40
1747847418, 0, 779, 1333, 1325, 23, 7.56%, 0, 0, 3, 11.14
1747847428, 0, 783, 1333, 1325, 23, 7.56%, 0, 0, 3, 11.23
1747847438, 0, 784, 1333, 1325, 23, 7.56%, 0, 0, 3, 10.76
1747847444, 0, 784, 1334, 1326, 23, 7.56%, 0, 0, 3, 10.32
1747847464, 0, 785, 1334, 1326, 23, 7.56%, 0, 0, 3, 10.35
1747847474, 0, 786, 1334, 1326, 23, 7.56%, 0, 0, 3, 11.60
1747847485, 0, 786, 1335, 1327, 23, 7.56%, 0, 0, 3, 10.29
1747847500, 0, 788, 1335, 1327, 23, 7.56%, 0, 0, 3, 11.80
1747847515, 0, 789, 1335, 1327, 23, 7.56%, 0, 0, 3, 10.91
1747847526, 0, 792, 1335, 1327, 23, 7.56%, 0, 0, 3, 14.09
1747847531, 0, 793, 1335, 1327, 23, 7.56%, 0, 0, 3, 14.03
1747847546, 0, 794, 1335, 1327, 23, 7.56%, 0, 0, 3, 10.98
1747847557, 0, 796, 1335, 1327, 23, 7.56%, 0, 0, 3, 11.52
1747847567, 0, 797, 1335, 1327, 23, 7.56%, 0, 0, 3, 12.16
1747847577, 0, 798, 1335, 1327, 23, 7.56%, 0, 0, 3, 15.23
1747847587, 0, 800, 1335, 1327, 23, 7.56%, 0, 0, 3, 12.43
1747847598, 0, 802, 1335, 1327, 23, 7.56%, 0, 0, 3, 11.23
1747847608, 0, 803, 1335, 1327, 23, 7.56%, 0, 0, 3, 11.52
1747847618, 0, 804, 1335, 1327, 23, 7.56%, 0, 0, 3, 11.12
1747847633, 0, 805, 1336, 1328, 23, 7.57%, 0, 0, 3, 10.52
1747847654, 0, 806, 1336, 1328, 24, 7.57%, 0, 0, 3, 11.02
1747847669, 0, 807, 1337, 1329, 24, 7.57%, 0, 0, 3, 10.65
1747847674, 0, 807, 1339, 1331, 24, 7.57%, 0, 0, 3, 8.82
1747847685, 0, 807, 1340, 1332, 24, 7.57%, 0, 0, 3, 9.66
1747847731, 0, 807, 1341, 1333, 24, 7.57%, 0, 0, 3, 10.46
1747847802, 0, 807, 1342, 1334, 24, 7.57%, 0, 0, 3, 9.63
1747847864, 0, 807, 1343, 1335, 24, 7.57%, 0, 0, 3, 10.07
1747847910, 0, 807, 1344, 1336, 24, 7.57%, 0, 0, 3, 9.85
1747847976, 0, 807, 1345, 1337, 24, 7.57%, 0, 0, 3, 9.39
1747848064, 0, 808, 1345, 1337, 26, 7.57%, 0, 0, 3, 10.22
1747848074, 0, 812, 1345, 1337, 26, 7.57%, 0, 0, 3, 10.89
1747848084, 0, 814, 1345, 1337, 26, 7.57%, 0, 0, 3, 10.46
1747848100, 0, 815, 1346, 1338, 26, 7.57%, 0, 0, 3, 10.19
1747848110, 0, 815, 1347, 1339, 26, 7.57%, 0, 0, 3, 10.20
1747848126, 0, 815, 1348, 1340, 26, 7.58%, 0, 0, 3, 10.11
1747848198, 0, 817, 1348, 1340, 24, 7.58%, 0, 0, 3, 10.96
1747848208, 0, 818, 1348, 1340, 24, 7.58%, 0, 0, 3, 11.02
1747848223, 0, 819, 1348, 1340, 24, 7.58%, 0, 0, 3, 13.38
1747848228, 0, 821, 1348, 1340, 24, 7.58%, 0, 0, 3, 15.12
1747848239, 0, 822, 1348, 1340, 24, 7.58%, 0, 0, 3, 13.61
1747848249, 0, 823, 1348, 1340, 24, 7.58%, 0, 0, 3, 10.31
1747848264, 0, 824, 1348, 1340, 24, 7.58%, 0, 0, 3, 10.92
1747848274, 0, 825, 1348, 1340, 24, 7.58%, 0, 0, 3, 13.27
1747848284, 0, 826, 1349, 1341, 24, 7.58%, 0, 0, 3, 12.00
1747848310, 0, 827, 1349, 1341, 24, 7.58%, 0, 0, 3, 11.52
1747848321, 0, 828, 1349, 1341, 24, 7.58%, 0, 0, 3, 14.29
1747848326, 0, 829, 1349, 1341, 24, 7.58%, 0, 0, 3, 13.61
1747848341, 0, 830, 1349, 1341, 24, 7.58%, 0, 0, 3, 11.31
1747848351, 0, 831, 1349, 1341, 24, 7.58%, 0, 0, 3, 11.14
1747848362, 0, 832, 1349, 1341, 24, 7.58%, 0, 0, 3, 11.89
1747848377, 0, 833, 1349, 1341, 24, 7.58%, 0, 0, 3, 10.61
1747848382, 0, 833, 1350, 1342, 24, 7.58%, 0, 0, 3, 9.56
1747848392, 0, 833, 1351, 1343, 24, 7.58%, 0, 0, 3, 9.53
1747848413, 0, 833, 1352, 1344, 24, 7.58%, 0, 0, 3, 10.51
1747848433, 0, 833, 1353, 1345, 24, 7.58%, 0, 0, 3, 10.34
1747848546, 0, 833, 1354, 1346, 24, 7.58%, 0, 0, 3, 9.31
1747848552, 0, 833, 1355, 1347, 24, 7.58%, 0, 0, 3, 8.91
1747848557, 0, 833, 1356, 1348, 24, 7.58%, 0, 0, 3, 9.49
1747848634, 0, 833, 1357, 1349, 24, 7.58%, 0, 0, 3, 10.03
1747848691, 0, 833, 1358, 1350, 24, 7.58%, 0, 0, 3, 9.76
1747848752, 0, 833, 1359, 1351, 24, 7.58%, 0, 0, 3, 10.08
1747848768, 0, 834, 1359, 1351, 24, 7.58%, 0, 0, 3, 14.00
1747848773, 0, 835, 1359, 1351, 24, 7.58%, 0, 0, 3, 14.77
1747848788, 0, 836, 1359, 1351, 24, 7.58%, 0, 0, 3, 11.49
1747848798, 0, 838, 1359, 1351, 24, 7.58%, 0, 0, 3, 10.09
1747848803, 0, 838, 1360, 1352, 24, 7.58%, 0, 0, 3, 9.61
1747848814, 0, 838, 1361, 1353, 24, 7.58%, 0, 0, 3, 10.19
1747848850, 0, 840, 1361, 1353, 24, 7.58%, 0, 0, 3, 13.81
1747848855, 0, 841, 1361, 1353, 24, 7.58%, 0, 0, 3, 13.76
1747848870, 0, 842, 1361, 1353, 24, 7.58%, 0, 0, 3, 11.00
1747848881, 0, 843, 1361, 1353, 24, 7.58%, 0, 0, 3, 10.66
1747848896, 0, 844, 1361, 1353, 24, 7.58%, 0, 0, 3, 10.64
1747848906, 0, 845, 1361, 1353, 24, 7.58%, 0, 0, 3, 12.36
1747848916, 0, 846, 1361, 1353, 24, 7.58%, 0, 0, 3, 13.23
1747848927, 0, 847, 1361, 1353, 24, 7.58%, 0, 0, 3, 11.86
1747848937, 0, 848, 1361, 1353, 24, 7.58%, 0, 0, 3, 12.80
1747851300, 0, 850, 1361, 1352, 23, 7.58%, 0, 0, 3, 13.24
1747851310, 0, 851, 1361, 1352, 23, 7.58%, 0, 0, 3, 10.76
1747851325, 0, 852, 1361, 1352, 23, 7.58%, 0, 0, 3, 10.68
1747851336, 0, 853, 1361, 1352, 23, 7.58%, 0, 0, 3, 11.43
1747851346, 0, 854, 1361, 1352, 23, 7.58%, 0, 0, 3, 13.86
1747851356, 0, 856, 1361, 1352, 23, 7.58%, 0, 0, 3, 12.98
1747851366, 0, 857, 1362, 1353, 23, 7.58%, 0, 0, 3, 9.83
1747851377, 0, 857, 1363, 1354, 23, 7.58%, 0, 0, 3, 9.07
1747851418, 0, 858, 1363, 1354, 23, 7.58%, 0, 0, 3, 10.18
1747851433, 0, 859, 1363, 1354, 23, 7.58%, 0, 0, 3, 11.11
1747851443, 0, 860, 1363, 1354, 23, 7.58%, 0, 0, 3, 10.54
1747851454, 0, 861, 1363, 1354, 23, 7.58%, 0, 0, 3, 10.52
1747851469, 0, 862, 1363, 1354, 23, 7.58%, 0, 0, 3, 11.18
1747851479, 0, 863, 1363, 1354, 23, 7.58%, 0, 0, 3, 10.53
1747851490, 0, 864, 1363, 1354, 23, 7.58%, 0, 0, 3, 11.23
1747851500, 0, 865, 1363, 1354, 23, 7.58%, 0, 0, 3, 10.97
1747851515, 0, 866, 1363, 1354, 23, 7.58%, 0, 0, 3, 10.57
1747851526, 0, 868, 1363, 1354, 23, 7.58%, 0, 0, 3, 10.25
1747851536, 0, 870, 1363, 1354, 23, 7.58%, 0, 0, 3, 11.04
1747851551, 0, 873, 1364, 1355, 23, 7.58%, 0, 0, 3, 9.97
1747851562, 0, 873, 1365, 1356, 23, 7.58%, 0, 0, 3, 9.74
1747851592, 0, 874, 1365, 1356, 23, 7.58%, 0, 0, 3, 18.42
1747851597, 0, 875, 1365, 1356, 23, 7.58%, 0, 0, 3, 18.87
1747851607, 0, 876, 1365, 1356, 23, 7.58%, 0, 0, 3, 19.05
1747851613, 0, 877, 1365, 1356, 23, 7.58%, 0, 0, 3, 18.78
1747851618, 0, 879, 1365, 1356, 23, 7.58%, 0, 0, 3, 21.74
1747851623, 0, 880, 1365, 1356, 23, 7.58%, 0, 0, 3, 23.11
1747851633, 0, 881, 1365, 1356, 23, 7.58%, 0, 0, 3, 18.72
1747851638, 0, 883, 1365, 1356, 23, 7.58%, 0, 0, 3, 19.02
1747851643, 0, 884, 1365, 1356, 23, 7.58%, 0, 0, 3, 19.51
1747851654, 0, 885, 1365, 1356, 23, 7.58%, 0, 0, 3, 19.76
1747851659, 0, 886, 1365, 1356, 23, 7.58%, 0, 0, 3, 18.58
1747851664, 0, 888, 1365, 1356, 23, 7.58%, 0, 0, 3, 16.69
1747851674, 0, 889, 1365, 1356, 23, 7.58%, 0, 0, 3, 18.60
1747851679, 0, 891, 1365, 1356, 23, 7.58%, 0, 0, 3, 18.14
1747851690, 0, 892, 1365, 1356, 23, 7.58%, 0, 0, 3, 19.71
1747851695, 0, 892, 1366, 1357, 23, 7.58%, 0, 0, 3, 17.53
1747851700, 0, 893, 1366, 1357, 22, 7.58%, 0, 0, 3, 18.78
1747851705, 0, 893, 1367, 1358, 22, 7.58%, 0, 0, 3, 17.13
1747851710, 0, 893, 1368, 1359, 22, 7.58%, 0, 0, 3, 17.68
1747851726, 0, 893, 1370, 1361, 22, 7.67%, 0, 0, 3, 15.75
1747851731, 0, 893, 1371, 1362, 22, 7.68%, 0, 0, 3, 16.51
1747851736, 0, 893, 1372, 1363, 22, 7.68%, 0, 0, 3, 15.61
1747851741, 0, 893, 1373, 1364, 22, 7.68%, 0, 0, 3, 17.41
1747851746, 0, 893, 1374, 1365, 22, 7.68%, 0, 0, 3, 17.14
1747851751, 0, 893, 1375, 1366, 22, 7.68%, 0, 0, 3, 18.12
1747851756, 0, 893, 1376, 1367, 22, 7.68%, 0, 0, 3, 18.97
1747851761, 0, 893, 1377, 1368, 22, 7.68%, 0, 0, 3, 16.39
1747851772, 0, 893, 1378, 1369, 22, 7.68%, 0, 0, 3, 15.74
1747851803, 0, 893, 1380, 1371, 22, 7.68%, 0, 0, 3, 14.77
1747851833, 0, 893, 1381, 1372, 22, 7.68%, 0, 0, 3, 17.59
1747851869, 0, 893, 1382, 1373, 22, 7.68%, 0, 0, 3, 17.95
1747851925, 0, 893, 1383, 1374, 22, 7.68%, 0, 0, 3, 17.76
1747851940, 0, 897, 1383, 1374, 24, 7.68%, 0, 0, 3, 21.24
1747856008, 0, 898, 1383, 1373, 23, 7.68%, 0, 0, 3, 12.16
1747856018, 0, 899, 1383, 1373, 23, 7.68%, 0, 0, 3, 11.58
1747856028, 0, 900, 1383, 1373, 23, 7.68%, 0, 0, 3, 11.87
1747856039, 0, 901, 1383, 1373, 23, 7.68%, 0, 0, 3, 11.85
1747856044, 0, 901, 1384, 1374, 23, 7.68%, 0, 0, 3, 9.36
1747856064, 0, 901, 1385, 1375, 23, 7.68%, 0, 0, 3, 9.64
1747856090, 0, 902, 1385, 1375, 23, 7.68%, 0, 0, 3, 11.38
1747856106, 0, 904, 1385, 1375, 23, 7.68%, 0, 0, 3, 11.10
1747856111, 0, 904, 1387, 1377, 23, 7.68%, 0, 0, 3, 9.23
1747856141, 0, 904, 1388, 1378, 23, 7.68%, 0, 0, 3, 9.60
1747856203, 0, 905, 1388, 1378, 23, 7.68%, 0, 0, 3, 11.77
1747856213, 0, 906, 1388, 1378, 23, 7.68%, 0, 0, 3, 10.95
1747856229, 0, 907, 1388, 1378, 23, 7.68%, 0, 0, 3, 10.16
1747856239, 0, 909, 1388, 1378, 23, 7.68%, 0, 0, 3, 10.92
1747856249, 0, 910, 1388, 1378, 23, 7.68%, 0, 0, 3, 11.65
1747856260, 0, 911, 1388, 1378, 23, 7.68%, 0, 0, 3, 10.54
1747856270, 0, 911, 1389, 1379, 23, 7.68%, 0, 0, 3, 10.66
1747856275, 0, 911, 1390, 1380, 23, 7.68%, 0, 0, 3, 9.86
1747856286, 0, 911, 1391, 1381, 23, 7.69%, 0, 0, 3, 8.78
1747856301, 0, 911, 1392, 1382, 23, 7.69%, 0, 0, 3, 10.22
1747856311, 0, 911, 1393, 1383, 23, 7.69%, 0, 0, 3, 9.38
1747856342, 0, 911, 1394, 1384, 23, 7.69%, 0, 0, 3, 9.73
1747856660, 0, 912, 1394, 1384, 24, 7.69%, 0, 0, 3, 11.39
1747856675, 0, 915, 1394, 1384, 24, 7.69%, 0, 0, 3, 10.29
1747856686, 0, 916, 1394, 1384, 24, 7.69%, 0, 0, 3, 10.00
1747856696, 0, 917, 1394, 1384, 24, 7.69%, 0, 0, 3, 10.56
1747856706, 0, 917, 1395, 1385, 24, 7.69%, 0, 0, 3, 9.13
1747856722, 0, 920, 1395, 1385, 24, 7.69%, 0, 0, 3, 10.73
1747856738, 0, 921, 1395, 1385, 24, 7.69%, 0, 0, 3, 11.78
1747856748, 0, 922, 1395, 1385, 24, 7.69%, 0, 0, 3, 11.18
1747856758, 0, 923, 1395, 1385, 24, 7.69%, 0, 0, 3, 10.61
1747856769, 0, 924, 1395, 1385, 24, 7.69%, 0, 0, 3, 11.11
1747856784, 0, 925, 1395, 1385, 24, 7.69%, 0, 0, 3, 10.20
1747856794, 0, 926, 1395, 1385, 24, 7.69%, 0, 0, 3, 11.30
1747856810, 0, 929, 1395, 1385, 24, 7.69%, 0, 0, 3, 10.93
1747856815, 0, 929, 1396, 1386, 24, 7.69%, 0, 0, 3, 10.38
1747856820, 0, 929, 1397, 1387, 24, 7.69%, 0, 0, 3, 9.30
1747856841, 0, 929, 1398, 1388, 24, 7.69%, 0, 0, 3, 9.58
1747856887, 0, 929, 1399, 1389, 24, 7.69%, 0, 0, 3, 10.08
1747857011, 0, 930, 1399, 1389, 24, 7.69%, 0, 0, 3, 10.61
1747857021, 0, 931, 1399, 1389, 24, 7.69%, 0, 0, 3, 11.40
1747857031, 0, 932, 1399, 1389, 24, 7.69%, 0, 0, 3, 11.80
1747857042, 0, 933, 1399, 1389, 24, 7.69%, 0, 0, 3, 11.53
1747857057, 0, 934, 1399, 1389, 24, 7.69%, 0, 0, 3, 11.40
1747857067, 0, 935, 1399, 1389, 24, 7.69%, 0, 0, 3, 13.35
1747857077, 0, 936, 1399, 1389, 24, 7.69%, 0, 0, 3, 12.41
1747857088, 0, 937, 1399, 1389, 24, 7.69%, 0, 0, 3, 12.48
1747857098, 0, 938, 1399, 1389, 24, 7.69%, 0, 0, 3, 10.65
1747857108, 0, 939, 1399, 1389, 24, 7.69%, 0, 0, 3, 10.79
1747857123, 0, 940, 1399, 1389, 24, 7.69%, 0, 0, 3, 11.15
1747857134, 0, 941, 1399, 1389, 24, 7.69%, 0, 0, 3, 10.28
1747857149, 0, 942, 1399, 1389, 24, 7.69%, 0, 0, 3, 10.44
1747857159, 0, 943, 1399, 1389, 24, 7.69%, 0, 0, 3, 10.90
1747857175, 0, 944, 1399, 1389, 24, 7.69%, 0, 0, 3, 10.80
1747857185, 0, 946, 1399, 1389, 24, 7.69%, 0, 0, 3, 9.83
1747857195, 0, 947, 1399, 1389, 24, 7.69%, 0, 0, 3, 10.68
1747857211, 0, 948, 1399, 1389, 24, 7.69%, 0, 0, 3, 10.86
1747857221, 0, 949, 1399, 1389, 24, 7.69%, 0, 0, 3, 11.49
1747857231, 0, 950, 1399, 1389, 24, 7.69%, 0, 0, 3, 10.61
1747857242, 0, 951, 1399, 1389, 24, 7.69%, 0, 0, 3, 10.65
1747857257, 0, 952, 1399, 1389, 24, 7.69%, 0, 0, 3, 14.17
1747857262, 0, 953, 1399, 1389, 24, 7.69%, 0, 0, 3, 14.05
1747857273, 0, 954, 1399, 1389, 24, 7.69%, 0, 0, 3, 11.62
1747857288, 0, 955, 1399, 1389, 24, 7.69%, 0, 0, 3, 10.93
1747857299, 0, 955, 1400, 1390, 24, 7.69%, 0, 0, 3, 9.83
1747857314, 0, 956, 1400, 1390, 24, 7.69%, 0, 0, 3, 11.94
1747857325, 0, 958, 1400, 1390, 24, 7.69%, 0, 0, 3, 10.32
1747857335, 0, 959, 1400, 1390, 24, 7.69%, 0, 0, 3, 9.95
1747857350, 0, 959, 1401, 1391, 24, 7.69%, 0, 0, 3, 9.03
1747857361, 0, 959, 1402, 1392, 24, 7.69%, 0, 0, 3, 9.82
1747857386, 0, 960, 1402, 1392, 24, 7.69%, 0, 0, 3, 10.29
1747857402, 0, 962, 1402, 1392, 24, 7.69%, 0, 0, 3, 9.08
1747857412, 0, 964, 1402, 1392, 24, 7.69%, 0, 0, 3, 10.90
1747857427, 0, 965, 1402, 1392, 24, 7.69%, 0, 0, 3, 10.71
1747857437, 0, 966, 1402, 1392, 24, 7.69%, 0, 0, 3, 10.49
1747857448, 0, 968, 1402, 1392, 24, 7.69%, 0, 0, 3, 11.65
1747857463, 0, 969, 1402, 1392, 24, 7.69%, 0, 0, 3, 10.47
1747857468, 0, 969, 1403, 1393, 24, 7.69%, 0, 0, 3, 9.30
1747857489, 0, 970, 1403, 1393, 24, 7.69%, 0, 0, 3, 11.26
1747857499, 0, 971, 1403, 1393, 24, 7.69%, 0, 0, 3, 10.88
1747857509, 0, 972, 1403, 1393, 24, 7.69%, 0, 0, 3, 10.46
1747857525, 0, 973, 1403, 1393, 24, 7.69%, 0, 0, 3, 11.02
1747857535, 0, 974, 1403, 1393, 24, 7.69%, 0, 0, 3, 10.61
1747857540, 0, 974, 1404, 1394, 24, 7.69%, 0, 0, 3, 10.33
1747857555, 0, 974, 1405, 1395, 24, 7.69%, 0, 0, 3, 10.04
1747857586, 0, 975, 1405, 1395, 24, 7.69%, 0, 0, 3, 10.54
1747857597, 0, 976, 1405, 1395, 24, 7.69%, 0, 0, 3, 10.51
1747857612, 0, 978, 1405, 1395, 24, 7.69%, 0, 0, 3, 10.55
1747857623, 0, 979, 1405, 1395, 24, 7.69%, 0, 0, 3, 13.28
1747857633, 0, 980, 1405, 1395, 24, 7.69%, 0, 0, 3, 11.36
1747857643, 0, 981, 1405, 1395, 24, 7.69%, 0, 0, 3, 11.30
1747857654, 0, 982, 1405, 1395, 24, 7.69%, 0, 0, 3, 10.26
1747857669, 0, 983, 1405, 1395, 24, 7.69%, 0, 0, 3, 11.02
1747857679, 0, 984, 1405, 1395, 24, 7.69%, 0, 0, 3, 10.55
1747857690, 0, 985, 1405, 1395, 24, 7.69%, 0, 0, 3, 11.52
1747857705, 0, 989, 1405, 1395, 24, 7.69%, 0, 0, 3, 11.54
1747857715, 0, 990, 1405, 1395, 24, 7.69%, 0, 0, 3, 10.15
1747857730, 0, 993, 1405, 1395, 24, 7.69%, 0, 0, 3, 11.03
1747857741, 0, 994, 1405, 1395, 24, 7.69%, 0, 0, 3, 10.87
1747857756, 0, 995, 1405, 1395, 24, 7.69%, 0, 0, 3, 10.89
1747857766, 0, 996, 1405, 1395, 24, 7.69%, 0, 0, 3, 10.99
1747857776, 0, 997, 1405, 1395, 24, 7.69%, 0, 0, 3, 10.85
1747857792, 0, 1000, 1405, 1395, 24, 7.69%, 0, 0, 3, 10.51
1747857802, 0, 1002, 1405, 1395, 24, 7.69%, 0, 0, 3, 11.13
1747857813, 0, 1003, 1405, 1395, 24, 7.69%, 0, 0, 3, 10.52
1747857828, 0, 1004, 1405, 1395, 24, 7.69%, 0, 0, 3, 11.53
1747857838, 0, 1006, 1405, 1395, 24, 7.69%, 0, 0, 3, 14.22
1747857844, 0, 1007, 1406, 1396, 24, 7.69%, 0, 0, 3, 13.84
1747857849, 0, 1007, 1407, 1397, 24, 7.69%, 0, 0, 3, 11.01
1747857890, 0, 1007, 1408, 1398, 24, 7.69%, 0, 0, 3, 9.55
1747857947, 0, 1008, 1408, 1398, 24, 7.69%, 0, 0, 3, 12.12
1747857957, 0, 1009, 1408, 1398, 24, 7.69%, 0, 0, 3, 11.46
1747857972, 0, 1010, 1408, 1398, 24, 7.69%, 0, 0, 3, 11.33
1747857983, 0, 1011, 1408, 1398, 24, 7.69%, 0, 0, 3, 9.94
1747857998, 0, 1012, 1408, 1398, 24, 7.69%, 0, 0, 3, 10.80
1747858008, 0, 1013, 1408, 1398, 24, 7.69%, 0, 0, 3, 10.87
1747858019, 0, 1014, 1408, 1398, 24, 7.69%, 0, 0, 3, 10.81
1747858029, 0, 1015, 1408, 1398, 24, 7.69%, 0, 0, 3, 10.64
1747858044, 0, 1016, 1408, 1398, 24, 7.69%, 0, 0, 3, 11.56
1747858055, 0, 1017, 1408, 1398, 24, 7.69%, 0, 0, 3, 11.21
1747858065, 0, 1020, 1408, 1398, 24, 7.69%, 0, 0, 3, 10.06
1747858070, 0, 1020, 1409, 1399, 24, 7.69%, 0, 0, 3, 10.67
1747858095, 0, 1021, 1409, 1399, 24, 7.69%, 0, 0, 3, 10.78
1747858106, 0, 1022, 1409, 1399, 24, 7.69%, 0, 0, 3, 10.03
1747858116, 0, 1023, 1409, 1399, 24, 7.69%, 0, 0, 3, 10.74
1747858126, 0, 1024, 1409, 1399, 24, 7.69%, 0, 0, 3, 13.08
1747858136, 0, 1025, 1409, 1399, 24, 7.69%, 0, 0, 3, 12.92
1747858147, 0, 1026, 1409, 1399, 24, 7.69%, 0, 0, 3, 10.68
1747858157, 0, 1028, 1409, 1399, 24, 7.69%, 0, 0, 3, 10.72
1747858172, 0, 1029, 1409, 1399, 24, 7.69%, 0, 0, 3, 11.20
1747858183, 0, 1030, 1409, 1399, 24, 7.69%, 0, 0, 3, 10.12
1747858193, 0, 1031, 1409, 1399, 24, 7.69%, 0, 0, 3, 11.23
1747858203, 0, 1031, 1410, 1400, 24, 7.69%, 0, 0, 3, 10.85
1747858219, 0, 1032, 1410, 1400, 24, 7.69%, 0, 0, 3, 9.95
1747858234, 0, 1033, 1410, 1400, 24, 7.69%, 0, 0, 3, 10.75
1747858245, 0, 1034, 1410, 1400, 24, 7.69%, 0, 0, 3, 10.39
1747858260, 0, 1035, 1410, 1400, 24, 7.69%, 0, 0, 3, 10.89
1747858270, 0, 1037, 1410, 1400, 24, 7.69%, 0, 0, 3, 13.25
1747858280, 0, 1039, 1410, 1400, 24, 7.69%, 0, 0, 3, 15.11
1747858286, 0, 1040, 1410, 1400, 24, 7.69%, 0, 0, 3, 13.75
1747858296, 0, 1041, 1410, 1400, 24, 7.69%, 0, 0, 3, 11.01
1747858312, 0, 1043, 1410, 1400, 24, 7.69%, 0, 0, 3, 9.94
1747858327, 0, 1044, 1410, 1400, 24, 7.69%, 0, 0, 3, 10.89
1747858337, 0, 1045, 1410, 1400, 24, 7.69%, 0, 0, 3, 11.10
1747858348, 0, 1046, 1410, 1400, 24, 7.69%, 0, 0, 3, 10.33
1747858363, 0, 1047, 1410, 1400, 24, 7.69%, 0, 0, 3, 11.22
1747858373, 0, 1048, 1410, 1400, 24, 7.69%, 0, 0, 3, 11.67
1747858384, 0, 1049, 1410, 1400, 24, 7.69%, 0, 0, 3, 12.21
1747858394, 0, 1051, 1410, 1400, 24, 7.69%, 0, 0, 3, 10.69
1747858409, 0, 1052, 1410, 1400, 24, 7.69%, 0, 0, 3, 9.59
1747858419, 0, 1053, 1410, 1400, 24, 7.69%, 0, 0, 3, 10.67
1747858435, 0, 1054, 1410, 1400, 24, 7.69%, 0, 0, 3, 11.00
1747858445, 0, 1055, 1410, 1400, 24, 7.69%, 0, 0, 3, 10.48
1747858455, 0, 1056, 1410, 1400, 24, 7.69%, 0, 0, 3, 12.21
1747858466, 0, 1057, 1410, 1400, 24, 7.69%, 0, 0, 3, 13.20
1747858476, 0, 1058, 1410, 1400, 24, 7.69%, 0, 0, 3, 9.93
1747858481, 0, 1058, 1411, 1401, 24, 7.69%, 0, 0, 3, 8.90
1747858502, 0, 1059, 1411, 1401, 24, 7.69%, 0, 0, 3, 10.84
1747858512, 0, 1060, 1411, 1401, 24, 7.69%, 0, 0, 3, 11.20
1747858528, 0, 1061, 1411, 1401, 24, 7.69%, 0, 0, 3, 10.90
1747858538, 0, 1062, 1411, 1401, 24, 7.69%, 0, 0, 3, 11.25
1747858553, 0, 1064, 1411, 1401, 24, 7.69%, 0, 0, 3, 10.93
1747858563, 0, 1065, 1411, 1401, 24, 7.69%, 0, 0, 3, 11.42
1747858574, 0, 1066, 1411, 1401, 24, 7.69%, 0, 0, 3, 10.96
1747858579, 0, 1066, 1412, 1402, 24, 7.69%, 0, 0, 3, 10.33
1747858599, 0, 1067, 1412, 1402, 24, 7.69%, 0, 0, 3, 12.90
1747858610, 0, 1070, 1412, 1402, 24, 7.69%, 0, 0, 3, 11.49
1747858620, 0, 1072, 1412, 1402, 24, 7.69%, 0, 0, 3, 9.77
1747858635, 0, 1073, 1412, 1402, 24, 7.69%, 0, 0, 3, 10.14
1747858646, 0, 1074, 1412, 1402, 24, 7.69%, 0, 0, 3, 11.17
1747858656, 0, 1075, 1412, 1402, 24, 7.69%, 0, 0, 3, 11.39
1747858666, 0, 1076, 1412, 1402, 24, 7.69%, 0, 0, 3, 12.38
1747858676, 0, 1077, 1412, 1402, 24, 7.69%, 0, 0, 3, 10.87
1747858692, 0, 1078, 1412, 1402, 24, 7.69%, 0, 0, 3, 10.61
1747858702, 0, 1079, 1412, 1402, 24, 7.69%, 0, 0, 3, 11.30
1747858717, 0, 1081, 1412, 1402, 24, 7.69%, 0, 0, 3, 10.70
1747858727, 0, 1082, 1412, 1402, 24, 7.69%, 0, 0, 3, 10.60
1747858738, 0, 1083, 1412, 1402, 24, 7.69%, 0, 0, 3, 11.01
1747858753, 0, 1084, 1412, 1402, 24, 7.69%, 0, 0, 3, 10.86
1747858763, 0, 1085, 1412, 1402, 24, 7.69%, 0, 0, 3, 11.94
1747858773, 0, 1086, 1412, 1402, 24, 7.69%, 0, 0, 3, 10.75
1747858789, 0, 1087, 1412, 1402, 24, 7.69%, 0, 0, 3, 10.62
1747858799, 0, 1088, 1412, 1402, 24, 7.69%, 0, 0, 3, 11.62
1747858814, 0, 1089, 1412, 1402, 24, 7.69%, 0, 0, 3, 14.40
1747858819, 0, 1090, 1412, 1402, 24, 7.69%, 0, 0, 3, 15.42
1747858829, 0, 1092, 1412, 1402, 24, 7.69%, 0, 0, 3, 12.42
1747858839, 0, 1093, 1412, 1402, 24, 7.69%, 0, 0, 3, 10.53
1747858855, 0, 1094, 1412, 1402, 24, 7.69%, 0, 0, 3, 10.30
1747858865, 0, 1095, 1412, 1402, 24, 7.69%, 0, 0, 3, 10.72
1747858875, 0, 1098, 1412, 1402, 24, 7.69%, 0, 0, 3, 11.68
1747858891, 0, 1099, 1412, 1402, 24, 7.69%, 0, 0, 3, 10.98
1747858901, 0, 1101, 1412, 1402, 24, 7.69%, 0, 0, 3, 10.41
1747858916, 0, 1102, 1412, 1402, 24, 7.69%, 0, 0, 3, 13.03
1747858922, 0, 1104, 1412, 1402, 24, 7.69%, 0, 0, 3, 14.89
1747858937, 0, 1105, 1412, 1402, 24, 7.69%, 0, 0, 3, 9.51
1747858947, 0, 1106, 1412, 1402, 24, 7.69%, 0, 0, 3, 10.95
1747858963, 0, 1107, 1412, 1402, 24, 7.69%, 0, 0, 3, 10.28
1747858973, 0, 1109, 1412, 1402, 24, 7.69%, 0, 0, 3, 11.43
1747858983, 0, 1110, 1412, 1402, 24, 7.69%, 0, 0, 3, 9.69
1747858999, 0, 1111, 1412, 1402, 24, 7.69%, 0, 0, 3, 10.69
1747859009, 0, 1112, 1412, 1402, 24, 7.69%, 0, 0, 3, 11.48
1747859019, 0, 1114, 1412, 1402, 24, 7.69%, 0, 0, 3, 10.85
1747859034, 0, 1115, 1412, 1402, 24, 7.69%, 0, 0, 3, 11.21
1747859045, 0, 1116, 1412, 1402, 24, 7.69%, 0, 0, 3, 10.05
1747859060, 0, 1117, 1412, 1402, 24, 7.69%, 0, 0, 3, 11.08
1747859070, 0, 1118, 1412, 1402, 24, 7.69%, 0, 0, 3, 10.45
1747859080, 0, 1119, 1412, 1402, 24, 7.69%, 0, 0, 3, 10.93
1747859096, 0, 1120, 1412, 1402, 24, 7.69%, 0, 0, 3, 10.25
1747859106, 0, 1121, 1412, 1402, 24, 7.69%, 0, 0, 3, 11.90
1747859116, 0, 1122, 1412, 1402, 24, 7.69%, 0, 0, 3, 11.96
1747859131, 0, 1123, 1412, 1402, 24, 7.69%, 0, 0, 3, 13.91
1747859137, 0, 1125, 1412, 1402, 24, 7.69%, 0, 0, 3, 13.45
1747859152, 0, 1126, 1412, 1402, 24, 7.69%, 0, 0, 3, 11.59
1747859162, 0, 1127, 1412, 1402, 24, 7.69%, 0, 0, 3, 10.12
1747859172, 0, 1128, 1412, 1402, 24, 7.69%, 0, 0, 3, 10.77
1747859188, 0, 1129, 1412, 1402, 24, 7.69%, 0, 0, 3, 11.29
1747859198, 0, 1130, 1412, 1402, 24, 7.69%, 0, 0, 3, 10.57
1747859208, 0, 1132, 1412, 1402, 24, 7.69%, 0, 0, 3, 10.97
1747859224, 0, 1133, 1412, 1402, 24, 7.69%, 0, 0, 3, 10.28
1747859234, 0, 1135, 1412, 1402, 24, 7.69%, 0, 0, 3, 10.33
1747859245, 0, 1136, 1412, 1402, 24, 7.69%, 0, 0, 3, 11.31
1747859260, 0, 1137, 1412, 1402, 24, 7.69%, 0, 0, 3, 9.72
1747859275, 0, 1138, 1412, 1402, 24, 7.69%, 0, 0, 3, 10.57
1747859286, 0, 1139, 1412, 1402, 24, 7.69%, 0, 0, 3, 12.44
1747859296, 0, 1140, 1412, 1402, 24, 7.69%, 0, 0, 3, 11.93
1747859306, 0, 1141, 1412, 1402, 24, 7.69%, 0, 0, 3, 11.11
1747859316, 0, 1142, 1412, 1402, 24, 7.69%, 0, 0, 3, 11.32
1747859326, 0, 1143, 1412, 1402, 24, 7.69%, 0, 0, 3, 13.45
1747859337, 0, 1145, 1412, 1402, 24, 7.69%, 0, 0, 3, 11.35
1747859352, 0, 1146, 1412, 1402, 24, 7.69%, 0, 0, 3, 11.28
1747859363, 0, 1147, 1412, 1402, 24, 7.69%, 0, 0, 3, 10.96
1747859373, 0, 1148, 1412, 1402, 24, 7.69%, 0, 0, 3, 12.19
1747859383, 0, 1149, 1412, 1402, 24, 7.69%, 0, 0, 3, 12.11
1747859393, 0, 1151, 1412, 1402, 24, 7.69%, 0, 0, 3, 11.99
1747859409, 0, 1153, 1412, 1402, 24, 7.69%, 0, 0, 3, 10.66
1747859419, 0, 1154, 1412, 1402, 24, 7.69%, 0, 0, 3, 10.43
1747859434, 0, 1155, 1412, 1402, 24, 7.69%, 0, 0, 3, 12.00
1747859444, 0, 1156, 1412, 1402, 24, 7.69%, 0, 0, 3, 10.86
1747859454, 0, 1157, 1412, 1402, 24, 7.69%, 0, 0, 3, 10.00
1747859470, 0, 1158, 1412, 1402, 24, 7.69%, 0, 0, 3, 10.98
1747859480, 0, 1159, 1412, 1402, 24, 7.69%, 0, 0, 3, 9.88
1747859495, 0, 1160, 1412, 1402, 24, 7.69%, 0, 0, 3, 11.44
1747859505, 0, 1162, 1412, 1402, 24, 7.69%, 0, 0, 3, 11.39
1747859516, 0, 1163, 1412, 1402, 24, 7.69%, 0, 0, 3, 9.78
1747859531, 0, 1164, 1412, 1402, 24, 7.69%, 0, 0, 3, 10.61
1747859541, 0, 1165, 1412, 1402, 24, 7.69%, 0, 0, 3, 10.37
1747859552, 0, 1166, 1412, 1402, 24, 7.69%, 0, 0, 3, 10.99
1747859567, 0, 1167, 1412, 1402, 24, 7.69%, 0, 0, 3, 10.10
1747859578, 0, 1168, 1412, 1402, 24, 7.69%, 0, 0, 3, 10.29
1747859593, 0, 1169, 1412, 1402, 24, 7.69%, 0, 0, 3, 11.21
