# unix_time, cycles_done, cur_path, paths_total, pending_total, pending_favs, map_size, unique_crashes, unique_hangs, max_depth, execs_per_sec
1747817456, 0, 0, 1, 1, 1, 3.78%, 0, 0, 1, 55.56
1747817461, 0, 0, 19, 19, 1, 5.37%, 0, 0, 2, 51.60
1747817466, 0, 0, 37, 37, 1, 5.41%, 0, 0, 2, 47.19
1747817471, 0, 0, 49, 49, 1, 5.47%, 0, 0, 2, 46.12
1747817476, 0, 0, 64, 64, 1, 5.47%, 0, 0, 2, 45.27
1747817481, 0, 0, 80, 80, 1, 5.47%, 0, 0, 2, 44.55
1747817486, 0, 0, 94, 94, 1, 5.47%, 0, 0, 2, 66.25
1747817492, 0, 0, 109, 109, 1, 5.47%, 0, 0, 2, 81.19
1747817497, 0, 0, 120, 120, 1, 5.47%, 0, 0, 2, 85.71
1747817502, 0, 0, 134, 134, 1, 5.47%, 0, 0, 2, 83.48
1747817507, 0, 0, 149, 149, 1, 5.47%, 0, 0, 2, 83.19
1747817512, 0, 0, 161, 161, 1, 5.47%, 0, 0, 2, 83.92
1747817517, 0, 0, 165, 165, 1, 5.47%, 0, 0, 2, 77.22
1747817522, 0, 0, 175, 175, 1, 5.48%, 0, 0, 2, 82.61
1747817528, 0, 0, 184, 184, 1, 5.48%, 0, 0, 2, 86.01
1747817533, 0, 0, 188, 188, 1, 5.48%, 0, 0, 2, 77.24
1747817538, 0, 0, 193, 193, 1, 5.48%, 0, 0, 2, 56.94
1747817543, 0, 0, 194, 194, 1, 5.48%, 0, 0, 2, 53.55
1747817548, 0, 0, 195, 195, 1, 5.48%, 0, 0, 2, 53.41
1747817553, 0, 0, 199, 199, 1, 5.48%, 0, 0, 2, 51.34
1747817558, 0, 0, 200, 200, 1, 5.48%, 0, 0, 2, 52.93
1747817563, 0, 0, 202, 202, 1, 5.48%, 0, 0, 2, 52.47
1747817568, 0, 0, 204, 204, 1, 5.48%, 0, 0, 2, 52.76
1747817573, 0, 0, 207, 207, 1, 5.48%, 0, 0, 2, 51.45
1747817579, 0, 0, 209, 209, 1, 5.48%, 0, 0, 2, 53.15
1747817584, 0, 0, 211, 211, 1, 5.48%, 0, 0, 2, 52.41
1747817589, 0, 0, 213, 213, 1, 5.48%, 0, 0, 2, 52.12
1747817594, 0, 0, 216, 216, 1, 5.48%, 0, 0, 2, 51.45
1747817599, 0, 0, 217, 217, 1, 5.48%, 0, 0, 2, 52.59
1747817609, 0, 0, 218, 218, 1, 5.48%, 0, 0, 2, 52.77
1747817614, 0, 0, 220, 220, 1, 5.48%, 0, 0, 2, 52.27
1747817619, 0, 0, 223, 223, 1, 5.48%, 0, 0, 2, 81.19
1747817624, 0, 0, 224, 224, 1, 5.48%, 0, 0, 2, 87.95
1747817629, 0, 0, 225, 225, 1, 5.48%, 0, 0, 2, 90.53
1747817635, 0, 0, 228, 228, 1, 5.48%, 0, 0, 2, 90.55
1747817645, 0, 0, 235, 235, 1, 5.49%, 0, 0, 2, 87.08
1747817650, 0, 0, 237, 237, 1, 5.49%, 0, 0, 2, 89.77
1747817660, 0, 0, 238, 238, 1, 5.49%, 0, 0, 2, 89.38
1747817681, 0, 0, 240, 240, 1, 5.49%, 0, 0, 2, 91.50
1747817686, 0, 0, 241, 241, 1, 5.49%, 0, 0, 2, 91.21
1747817691, 0, 0, 242, 242, 1, 5.49%, 0, 0, 2, 89.32
1747817696, 0, 0, 243, 243, 1, 5.49%, 0, 0, 2, 90.57
1747817706, 0, 0, 247, 247, 1, 5.49%, 0, 0, 2, 86.85
1747817712, 0, 0, 248, 248, 1, 5.49%, 0, 0, 2, 88.93
1747817717, 0, 1, 269, 268, 14, 5.51%, 0, 0, 2, 63.02
1747817722, 0, 1, 289, 288, 14, 5.53%, 0, 0, 2, 55.62
1747817727, 0, 1, 303, 302, 14, 5.53%, 0, 0, 2, 55.31
1747817732, 0, 1, 314, 313, 14, 5.53%, 0, 0, 2, 56.26
1747817737, 0, 1, 321, 320, 14, 5.54%, 0, 0, 2, 55.65
1747817742, 0, 1, 323, 322, 14, 5.58%, 0, 0, 2, 56.81
1747817747, 0, 1, 327, 326, 14, 5.58%, 0, 0, 2, 55.74
1747817752, 0, 1, 329, 328, 14, 5.58%, 0, 0, 2, 55.52
1747817758, 0, 1, 332, 331, 14, 5.58%, 0, 0, 2, 55.88
1747817763, 0, 1, 334, 333, 14, 5.58%, 0, 0, 2, 53.53
1747817768, 0, 1, 337, 336, 14, 5.58%, 0, 0, 2, 42.80
1747817778, 0, 1, 341, 340, 14, 5.58%, 0, 0, 2, 54.27
1747817783, 0, 1, 343, 342, 14, 5.58%, 0, 0, 2, 55.83
1747817788, 0, 1, 346, 345, 14, 5.58%, 0, 0, 2, 55.52
1747817793, 0, 1, 350, 349, 14, 5.58%, 0, 0, 2, 55.28
1747817798, 0, 1, 351, 350, 14, 5.58%, 0, 0, 2, 47.24
1747817803, 0, 1, 352, 351, 14, 5.58%, 0, 0, 2, 55.13
1747817808, 0, 2, 372, 371, 13, 5.71%, 0, 0, 2, 41.41
1747817813, 0, 2, 390, 389, 13, 6.23%, 0, 0, 2, 37.88
1747817818, 0, 2, 406, 405, 13, 6.23%, 0, 0, 2, 33.68
1747817824, 0, 2, 422, 421, 13, 6.27%, 0, 0, 2, 36.38
1747817829, 0, 2, 435, 434, 13, 6.39%, 0, 0, 2, 30.81
1747817834, 0, 2, 449, 448, 13, 6.39%, 0, 0, 2, 30.86
1747817839, 0, 2, 461, 460, 13, 6.39%, 0, 0, 2, 35.10
1747817844, 0, 2, 474, 473, 13, 6.39%, 0, 0, 2, 36.64
1747817849, 0, 2, 483, 482, 13, 6.39%, 0, 0, 2, 36.27
1747817854, 0, 2, 493, 492, 13, 6.40%, 0, 0, 2, 36.17
1747817859, 0, 2, 502, 501, 13, 6.41%, 0, 0, 2, 36.48
1747817864, 0, 2, 509, 508, 13, 6.41%, 0, 0, 2, 37.45
1747817869, 0, 2, 515, 514, 13, 6.41%, 0, 0, 2, 30.72
1747817874, 0, 2, 521, 520, 13, 6.41%, 0, 0, 2, 34.34
1747817879, 0, 2, 527, 526, 13, 6.41%, 0, 0, 2, 36.38
1747817884, 0, 2, 533, 532, 13, 6.41%, 0, 0, 2, 37.11
1747817889, 0, 2, 539, 538, 13, 6.41%, 0, 0, 2, 36.90
1747817895, 0, 2, 545, 544, 13, 6.41%, 0, 0, 2, 37.32
1747817900, 0, 2, 554, 553, 13, 6.41%, 0, 0, 2, 36.55
1747817905, 0, 2, 557, 556, 13, 6.41%, 0, 0, 2, 36.92
1747817910, 0, 2, 561, 560, 13, 6.41%, 0, 0, 2, 37.44
1747817915, 0, 2, 564, 563, 13, 6.41%, 0, 0, 2, 37.68
1747817920, 0, 2, 567, 566, 13, 6.41%, 0, 0, 2, 37.99
1747817930, 0, 2, 570, 569, 13, 6.41%, 0, 0, 2, 38.13
1747817935, 0, 2, 572, 571, 13, 6.41%, 0, 0, 2, 37.82
1747817940, 0, 2, 573, 572, 13, 6.41%, 0, 0, 2, 38.14
1747817945, 0, 2, 576, 575, 13, 6.41%, 0, 0, 2, 37.39
1747817951, 0, 2, 579, 578, 13, 6.41%, 0, 0, 2, 37.38
1747817956, 0, 2, 583, 582, 13, 6.41%, 0, 0, 2, 37.44
1747817961, 0, 2, 587, 586, 13, 6.41%, 0, 0, 2, 38.09
1747817966, 0, 2, 589, 588, 13, 6.41%, 0, 0, 2, 38.61
1747817971, 0, 3, 599, 598, 10, 6.42%, 0, 0, 2, 32.03
1747817976, 0, 3, 614, 613, 10, 6.45%, 0, 0, 2, 29.81
1747817981, 0, 3, 627, 626, 10, 6.45%, 0, 0, 2, 28.73
1747817986, 0, 3, 639, 638, 10, 6.45%, 0, 0, 2, 29.18
1747817991, 0, 3, 649, 648, 10, 6.45%, 0, 0, 2, 28.71
1747817996, 0, 3, 658, 657, 10, 6.45%, 0, 0, 2, 28.66
1747818001, 0, 3, 666, 665, 10, 6.45%, 0, 0, 2, 28.26
1747818007, 0, 3, 671, 670, 10, 6.45%, 0, 0, 2, 28.47
1747818012, 0, 3, 674, 673, 10, 6.45%, 0, 0, 2, 28.40
1747818017, 0, 3, 682, 681, 10, 6.46%, 0, 0, 2, 29.00
1747818022, 0, 3, 688, 687, 10, 6.46%, 0, 0, 2, 28.41
1747818027, 0, 3, 692, 691, 10, 6.46%, 0, 0, 2, 28.88
1747818032, 0, 3, 696, 695, 10, 6.46%, 0, 0, 2, 29.31
1747818037, 0, 3, 699, 698, 10, 6.46%, 0, 0, 2, 29.08
1747818042, 0, 3, 704, 703, 10, 6.46%, 0, 0, 2, 29.16
1747818048, 0, 3, 705, 704, 10, 6.46%, 0, 0, 2, 29.18
1747818053, 0, 3, 708, 707, 10, 6.46%, 0, 0, 2, 28.66
1747818058, 0, 3, 710, 709, 10, 6.46%, 0, 0, 2, 28.91
1747818063, 0, 3, 713, 712, 10, 6.46%, 0, 0, 2, 29.16
1747818068, 0, 3, 715, 714, 10, 6.46%, 0, 0, 2, 28.71
1747818073, 0, 3, 717, 716, 10, 6.46%, 0, 0, 2, 28.62
1747818078, 0, 3, 720, 719, 10, 6.46%, 0, 0, 2, 29.27
1747818083, 0, 3, 724, 723, 10, 6.46%, 0, 0, 2, 29.26
1747818088, 0, 3, 725, 724, 10, 6.46%, 0, 0, 2, 29.36
1747818093, 0, 3, 726, 725, 10, 6.46%, 0, 0, 2, 29.15
1747818098, 0, 3, 728, 727, 10, 6.47%, 0, 0, 2, 28.83
1747818104, 0, 3, 730, 729, 10, 6.47%, 0, 0, 2, 28.85
1747818114, 0, 3, 731, 730, 10, 6.47%, 0, 0, 2, 28.82
1747818119, 0, 3, 732, 731, 10, 6.47%, 0, 0, 2, 29.00
1747818124, 0, 3, 733, 732, 10, 6.47%, 0, 0, 2, 29.10
1747818149, 0, 4, 733, 732, 9, 6.47%, 0, 0, 2, 29.00
1747818154, 0, 4, 734, 733, 9, 6.47%, 0, 0, 2, 28.82
1747818159, 0, 5, 734, 733, 9, 6.47%, 0, 0, 2, 28.74
1747818164, 0, 7, 734, 733, 9, 6.47%, 0, 0, 2, 28.34
1747818169, 0, 7, 735, 734, 9, 6.47%, 0, 0, 2, 29.01
1747818174, 0, 7, 737, 736, 9, 6.47%, 0, 0, 2, 28.71
1747818180, 0, 7, 739, 738, 9, 6.48%, 0, 0, 2, 28.28
1747818190, 0, 7, 740, 739, 9, 6.48%, 0, 0, 2, 28.18
1747818200, 0, 7, 742, 741, 9, 6.48%, 0, 0, 2, 28.61
1747818205, 0, 7, 744, 743, 9, 6.48%, 0, 0, 2, 28.80
1747818210, 0, 7, 745, 744, 9, 6.48%, 0, 0, 2, 25.50
1747818220, 0, 7, 746, 745, 9, 6.48%, 0, 0, 2, 17.40
1747818236, 0, 7, 747, 746, 9, 6.48%, 0, 0, 2, 16.41
1747818241, 0, 7, 749, 748, 9, 6.48%, 0, 0, 2, 16.87
1747818246, 0, 7, 750, 749, 9, 6.48%, 0, 0, 2, 16.76
1747818287, 0, 7, 752, 751, 9, 6.48%, 0, 0, 2, 16.13
1747818318, 0, 7, 753, 752, 9, 6.48%, 0, 0, 2, 16.50
1747818375, 0, 7, 754, 753, 9, 6.48%, 0, 0, 2, 16.92
1747818386, 0, 8, 754, 753, 13, 6.48%, 0, 0, 2, 16.86
1747818391, 0, 8, 755, 754, 13, 6.48%, 0, 0, 2, 16.74
1747818396, 0, 8, 757, 756, 13, 6.48%, 0, 0, 2, 16.27
1747818401, 0, 8, 759, 758, 13, 6.48%, 0, 0, 2, 16.31
1747818411, 0, 8, 760, 759, 13, 6.49%, 0, 0, 2, 16.62
1747818416, 0, 8, 761, 760, 13, 6.49%, 0, 0, 2, 16.65
1747818426, 0, 8, 762, 761, 13, 6.50%, 0, 0, 2, 16.65
1747818436, 0, 8, 763, 762, 13, 6.50%, 0, 0, 2, 16.43
1747818442, 0, 8, 764, 763, 13, 6.50%, 0, 0, 2, 16.56
1747818492, 0, 8, 765, 764, 13, 6.50%, 0, 0, 2, 16.26
1747818497, 0, 8, 766, 765, 13, 6.50%, 0, 0, 2, 16.30
1747818502, 0, 8, 767, 766, 13, 6.50%, 0, 0, 2, 16.52
1747818507, 0, 8, 768, 767, 13, 6.50%, 0, 0, 2, 16.72
1747818512, 0, 8, 770, 769, 13, 6.50%, 0, 0, 2, 16.72
1747818563, 0, 8, 771, 770, 13, 6.50%, 0, 0, 2, 16.69
1747818573, 0, 8, 772, 771, 13, 6.50%, 0, 0, 2, 16.49
1747818638, 0, 8, 773, 772, 13, 6.50%, 0, 0, 2, 16.50
1747818644, 0, 9, 773, 772, 13, 6.50%, 0, 0, 2, 16.95
1747818649, 0, 10, 773, 772, 13, 6.50%, 0, 0, 2, 17.09
1747818659, 0, 11, 774, 773, 13, 6.50%, 0, 0, 2, 16.45
1747818669, 0, 11, 776, 775, 13, 6.58%, 0, 0, 2, 24.55
1747818674, 0, 11, 777, 776, 13, 6.58%, 0, 0, 2, 27.08
1747818679, 0, 11, 779, 778, 13, 6.59%, 0, 0, 2, 27.41
1747818690, 0, 11, 781, 780, 13, 6.59%, 0, 0, 2, 27.17
1747818695, 0, 11, 782, 781, 13, 6.59%, 0, 0, 2, 27.78
1747818700, 0, 11, 784, 783, 13, 6.59%, 0, 0, 2, 27.43
1747818705, 0, 11, 785, 784, 13, 6.59%, 0, 0, 2, 19.52
1747818715, 0, 11, 786, 785, 13, 6.59%, 0, 0, 2, 16.43
1747818751, 0, 11, 787, 786, 13, 6.59%, 0, 0, 2, 16.27
1747818777, 0, 11, 788, 787, 13, 6.59%, 0, 0, 2, 16.18
1747818823, 0, 11, 789, 788, 13, 6.59%, 0, 0, 2, 16.46
1747818849, 0, 11, 791, 790, 13, 6.59%, 0, 0, 2, 16.40
1747818890, 0, 13, 791, 790, 13, 6.59%, 0, 0, 2, 16.34
1747818900, 0, 13, 792, 791, 13, 6.59%, 0, 0, 2, 16.15
1747818905, 0, 13, 793, 792, 13, 6.59%, 0, 0, 2, 16.17
1747818921, 0, 13, 794, 793, 13, 6.59%, 0, 0, 2, 16.29
1747818952, 0, 13, 795, 794, 13, 6.59%, 0, 0, 2, 16.31
1747818972, 0, 13, 796, 795, 13, 6.59%, 0, 0, 2, 16.29
1747818983, 0, 13, 797, 796, 13, 6.59%, 0, 0, 2, 16.12
1747819029, 0, 13, 798, 797, 13, 6.59%, 0, 0, 2, 16.13
1747819055, 0, 13, 799, 798, 13, 6.59%, 0, 0, 2, 16.29
1747819097, 0, 13, 801, 800, 13, 6.59%, 0, 0, 2, 15.94
1747819107, 0, 13, 802, 801, 13, 6.59%, 0, 0, 2, 15.67
1747819133, 0, 13, 803, 802, 13, 6.59%, 0, 0, 2, 15.77
1747819154, 0, 14, 803, 802, 13, 6.59%, 0, 0, 2, 15.82
1747819159, 0, 15, 803, 802, 13, 6.59%, 0, 0, 2, 16.49
1747819169, 0, 16, 803, 802, 13, 6.59%, 0, 0, 2, 17.32
1747819174, 0, 17, 805, 804, 13, 6.60%, 0, 0, 2, 16.36
1747819179, 0, 17, 808, 807, 13, 6.60%, 0, 0, 2, 15.81
1747819200, 0, 17, 809, 808, 13, 6.60%, 0, 0, 2, 15.62
1747819205, 0, 17, 810, 809, 13, 6.60%, 0, 0, 2, 15.53
1747819225, 0, 17, 812, 811, 13, 6.60%, 0, 0, 2, 15.19
1747819256, 0, 17, 813, 812, 13, 6.60%, 0, 0, 2, 15.49
1747819266, 0, 17, 814, 813, 13, 6.60%, 0, 0, 2, 15.44
1747819276, 0, 17, 815, 814, 13, 6.60%, 0, 0, 2, 15.50
1747819317, 0, 17, 816, 815, 13, 6.60%, 0, 0, 2, 15.48
1747819323, 0, 17, 817, 816, 13, 6.60%, 0, 0, 2, 15.69
1747819333, 0, 17, 818, 817, 13, 6.60%, 0, 0, 2, 15.13
1747819338, 0, 17, 819, 818, 13, 6.60%, 0, 0, 2, 15.31
1747819364, 0, 17, 820, 819, 13, 6.60%, 0, 0, 2, 15.53
1747819446, 0, 18, 820, 819, 13, 6.60%, 0, 0, 2, 15.73
1747819456, 0, 20, 820, 819, 13, 6.60%, 0, 0, 2, 16.84
1747819461, 0, 21, 820, 819, 13, 6.60%, 0, 0, 2, 17.13
1747819471, 0, 23, 821, 820, 13, 6.60%, 0, 0, 2, 15.86
1747819477, 0, 23, 824, 823, 13, 6.61%, 0, 0, 2, 14.95
1747819487, 0, 23, 826, 825, 13, 6.61%, 0, 0, 2, 15.10
1747819492, 0, 23, 827, 826, 13, 6.61%, 0, 0, 2, 14.89
1747819497, 0, 23, 829, 828, 13, 6.82%, 0, 0, 2, 15.00
1747819502, 0, 23, 830, 829, 13, 6.82%, 0, 0, 2, 15.10
1747819528, 0, 23, 831, 830, 13, 6.82%, 0, 0, 2, 15.21
1747819655, 0, 23, 832, 831, 13, 6.83%, 0, 0, 2, 15.09
1747819671, 0, 23, 833, 832, 13, 6.83%, 0, 0, 2, 15.01
1747819681, 0, 23, 834, 833, 13, 6.83%, 0, 0, 2, 15.28
1747819691, 0, 23, 835, 834, 13, 6.83%, 0, 0, 2, 15.20
1747819696, 0, 23, 836, 835, 13, 6.85%, 0, 0, 2, 15.00
1747819717, 0, 23, 837, 836, 13, 6.85%, 0, 0, 2, 15.25
1747819722, 0, 23, 838, 837, 13, 6.85%, 0, 0, 2, 15.31
1747819727, 0, 23, 839, 838, 13, 6.85%, 0, 0, 2, 15.03
1747819742, 0, 23, 840, 839, 13, 6.85%, 0, 0, 2, 14.91
1747819752, 0, 24, 840, 839, 14, 6.85%, 0, 0, 2, 15.02
1747819757, 0, 24, 841, 840, 14, 6.85%, 0, 0, 2, 15.15
1747819767, 0, 25, 842, 841, 14, 6.85%, 0, 0, 2, 14.67
1747819773, 0, 25, 845, 844, 14, 6.85%, 0, 0, 2, 14.31
1747819778, 0, 25, 847, 846, 14, 6.88%, 0, 0, 2, 14.66
1747819798, 0, 25, 848, 847, 14, 6.88%, 0, 0, 2, 14.82
1747819803, 0, 25, 849, 848, 14, 6.88%, 0, 0, 2, 14.40
1747819809, 0, 25, 850, 849, 14, 6.88%, 0, 0, 2, 14.74
1747819819, 0, 25, 852, 851, 14, 6.88%, 0, 0, 2, 14.65
1747819824, 0, 25, 853, 852, 14, 6.88%, 0, 0, 2, 14.74
1747819834, 0, 25, 854, 853, 14, 6.88%, 0, 0, 2, 14.45
1747819839, 0, 25, 855, 854, 14, 6.88%, 0, 0, 2, 14.61
1747819844, 0, 25, 856, 855, 14, 6.88%, 0, 0, 2, 14.71
1747819859, 0, 25, 857, 856, 14, 6.88%, 0, 0, 2, 14.44
1747819870, 0, 25, 858, 857, 14, 7.09%, 0, 0, 2, 14.72
1747819895, 0, 25, 859, 858, 14, 7.09%, 0, 0, 2, 14.76
1747819910, 0, 25, 860, 859, 14, 7.09%, 0, 0, 2, 14.47
1747819982, 0, 25, 861, 860, 14, 7.09%, 0, 0, 2, 14.37
1747819992, 0, 25, 862, 861, 14, 7.09%, 0, 0, 2, 14.55
1747819997, 0, 25, 863, 862, 14, 7.09%, 0, 0, 2, 14.66
1747820012, 0, 25, 864, 863, 14, 7.09%, 0, 0, 2, 14.56
1747820017, 0, 25, 866, 865, 14, 7.15%, 0, 0, 2, 14.78
1747820033, 0, 25, 867, 866, 14, 7.15%, 0, 0, 2, 14.67
1747820053, 0, 25, 868, 867, 14, 7.15%, 0, 0, 2, 14.81
1747820058, 0, 25, 869, 868, 14, 7.15%, 0, 0, 2, 14.68
1747820063, 0, 26, 869, 868, 17, 7.15%, 0, 0, 2, 14.98
1747820068, 0, 27, 869, 868, 17, 7.15%, 0, 0, 2, 15.07
1747820079, 0, 28, 869, 868, 17, 7.15%, 0, 0, 2, 14.83
1747820084, 0, 28, 870, 869, 17, 7.15%, 0, 0, 2, 15.09
1747820094, 0, 28, 871, 870, 17, 7.15%, 0, 0, 2, 15.05
1747820104, 0, 28, 872, 871, 17, 7.15%, 0, 0, 2, 15.10
1747820125, 0, 28, 873, 872, 17, 7.16%, 0, 0, 2, 15.03
1747820196, 0, 28, 874, 873, 17, 7.16%, 0, 0, 2, 15.18
1747820263, 0, 28, 875, 874, 17, 7.16%, 0, 0, 2, 15.20
1747820273, 0, 28, 876, 875, 17, 7.16%, 0, 0, 2, 15.23
1747820319, 0, 28, 877, 876, 17, 7.16%, 0, 0, 2, 15.26
1747820350, 0, 29, 877, 876, 18, 7.16%, 0, 0, 2, 15.14
1747820360, 0, 30, 877, 876, 18, 7.16%, 0, 0, 2, 15.02
1747820370, 0, 31, 878, 877, 18, 7.16%, 0, 0, 2, 14.83
1747820381, 0, 31, 879, 878, 18, 7.17%, 0, 0, 2, 14.80
1747820391, 0, 31, 880, 879, 18, 7.17%, 0, 0, 2, 14.83
1747820401, 0, 31, 881, 880, 18, 7.17%, 0, 0, 2, 14.76
1747820416, 0, 31, 882, 881, 18, 7.17%, 0, 0, 2, 14.75
1747820436, 0, 31, 883, 882, 18, 7.17%, 0, 0, 2, 14.71
1747820457, 0, 31, 884, 883, 18, 7.17%, 0, 0, 2, 14.72
1747820468, 0, 31, 885, 884, 18, 7.18%, 0, 0, 2, 14.86
1747820473, 0, 31, 886, 885, 18, 7.18%, 0, 0, 2, 14.85
1747820478, 0, 31, 887, 886, 18, 7.18%, 0, 0, 2, 14.85
1747820483, 0, 31, 889, 888, 18, 7.18%, 0, 0, 2, 14.49
1747820493, 0, 31, 890, 889, 18, 7.18%, 0, 0, 2, 14.79
1747820498, 0, 31, 891, 890, 18, 7.18%, 0, 0, 2, 14.95
1747820504, 0, 31, 892, 891, 18, 7.18%, 0, 0, 2, 14.91
1747820529, 0, 31, 893, 892, 18, 7.18%, 0, 0, 2, 14.83
1747820534, 0, 31, 894, 893, 18, 7.18%, 0, 0, 2, 14.73
1747820544, 0, 31, 895, 894, 18, 7.18%, 0, 0, 2, 14.69
1747820555, 0, 31, 896, 895, 18, 7.18%, 0, 0, 2, 14.82
1747820601, 0, 31, 897, 896, 18, 7.18%, 0, 0, 2, 14.45
1747820606, 0, 31, 898, 897, 18, 7.18%, 0, 0, 2, 14.67
1747820616, 0, 31, 899, 898, 18, 7.18%, 0, 0, 2, 14.88
1747820657, 0, 32, 899, 898, 17, 7.18%, 0, 0, 2, 14.76
1747820667, 0, 33, 899, 898, 17, 7.18%, 0, 0, 2, 14.62
1747820672, 0, 33, 900, 899, 17, 7.18%, 0, 0, 2, 14.56
1747820682, 0, 33, 901, 900, 17, 7.19%, 0, 0, 2, 14.57
1747820693, 0, 33, 903, 902, 17, 7.20%, 0, 0, 2, 14.62
1747820723, 0, 33, 904, 903, 17, 7.20%, 0, 0, 2, 14.47
1747820733, 0, 33, 905, 904, 17, 7.22%, 0, 0, 2, 14.57
1747820738, 0, 33, 906, 905, 17, 7.22%, 0, 0, 2, 14.32
1747820743, 0, 33, 907, 906, 17, 7.22%, 0, 0, 2, 14.49
1747820784, 0, 33, 908, 907, 17, 7.22%, 0, 0, 2, 14.72
1747820790, 0, 33, 909, 908, 17, 7.23%, 0, 0, 2, 14.59
1747820810, 0, 33, 910, 909, 17, 7.23%, 0, 0, 2, 14.67
1747820892, 0, 33, 911, 910, 17, 7.23%, 0, 0, 2, 14.55
1747820953, 0, 35, 911, 910, 20, 7.23%, 0, 0, 2, 14.56
1747820964, 0, 36, 914, 913, 20, 7.23%, 0, 0, 2, 13.78
1747820969, 0, 36, 916, 915, 20, 7.23%, 0, 0, 2, 13.50
1747820974, 0, 36, 918, 917, 20, 7.24%, 0, 0, 2, 13.75
1747820979, 0, 36, 919, 918, 20, 7.24%, 0, 0, 2, 13.77
1747820984, 0, 36, 921, 920, 20, 7.24%, 0, 0, 2, 13.91
1747820994, 0, 36, 922, 921, 20, 7.24%, 0, 0, 2, 13.77
1747820999, 0, 36, 923, 922, 20, 7.25%, 0, 0, 2, 13.83
1747821004, 0, 36, 925, 924, 20, 7.25%, 0, 0, 2, 13.86
1747821009, 0, 36, 926, 925, 20, 7.25%, 0, 0, 2, 13.77
1747821019, 0, 36, 927, 926, 20, 7.25%, 0, 0, 2, 13.67
1747821035, 0, 36, 929, 928, 20, 7.25%, 0, 0, 2, 13.63
1747821040, 0, 36, 931, 930, 20, 7.29%, 0, 0, 2, 13.69
1747821050, 0, 36, 932, 931, 20, 7.29%, 0, 0, 2, 13.78
1747821055, 0, 36, 933, 932, 20, 7.29%, 0, 0, 2, 13.54
1747821080, 0, 36, 934, 933, 20, 7.35%, 0, 0, 2, 13.67
1747821090, 0, 36, 935, 934, 20, 7.35%, 0, 0, 2, 13.81
1747821095, 0, 36, 936, 935, 20, 7.35%, 0, 0, 2, 13.56
1747821115, 0, 36, 938, 937, 20, 7.36%, 0, 0, 2, 13.65
1747821141, 0, 36, 939, 938, 20, 7.36%, 0, 0, 2, 13.59
1747821166, 0, 36, 940, 939, 20, 7.36%, 0, 0, 2, 13.78
1747821176, 0, 36, 942, 941, 20, 7.36%, 0, 0, 2, 13.55
1747821201, 0, 36, 943, 942, 20, 7.36%, 0, 0, 2, 13.73
1747821226, 0, 36, 944, 943, 20, 7.36%, 0, 0, 2, 13.62
1747821231, 0, 36, 946, 945, 20, 7.36%, 0, 0, 2, 13.67
1747821237, 0, 36, 947, 946, 20, 7.36%, 0, 0, 2, 13.43
1747821257, 0, 36, 949, 948, 20, 7.36%, 0, 0, 2, 13.74
1747821282, 0, 37, 949, 948, 25, 7.36%, 0, 0, 2, 13.75
1747821292, 0, 38, 950, 949, 25, 7.36%, 0, 0, 2, 13.71
1747821313, 0, 39, 951, 950, 25, 7.36%, 0, 0, 2, 13.78
1747821328, 0, 40, 951, 950, 25, 7.36%, 0, 0, 2, 13.84
1747821339, 0, 40, 952, 951, 25, 7.36%, 0, 0, 2, 13.88
1747821344, 0, 40, 953, 952, 25, 7.36%, 0, 0, 2, 13.94
1747821354, 0, 40, 954, 953, 25, 7.36%, 0, 0, 2, 13.85
1747821380, 0, 40, 955, 954, 25, 7.36%, 0, 0, 2, 13.95
1747821395, 0, 40, 956, 955, 25, 7.36%, 0, 0, 2, 13.99
1747821416, 0, 40, 957, 956, 25, 7.36%, 0, 0, 2, 14.03
1747821431, 0, 40, 958, 957, 25, 7.36%, 0, 0, 2, 13.74
1747821446, 0, 40, 959, 958, 25, 7.36%, 0, 0, 2, 13.91
1747821503, 0, 40, 960, 959, 25, 7.36%, 0, 0, 2, 13.83
1747821519, 0, 40, 961, 960, 25, 7.36%, 0, 0, 2, 13.96
1747821565, 0, 40, 962, 961, 25, 7.36%, 0, 0, 2, 13.94
1747821575, 0, 40, 963, 962, 25, 7.36%, 0, 0, 2, 14.00
1747821586, 0, 40, 964, 963, 25, 7.36%, 0, 0, 2, 13.95
1747821622, 0, 40, 965, 964, 25, 7.36%, 0, 0, 2, 13.99
1747821627, 0, 40, 966, 965, 25, 7.36%, 0, 0, 2, 13.81
1747821632, 0, 42, 966, 965, 25, 7.36%, 0, 0, 2, 13.77
1747821637, 0, 42, 967, 966, 25, 7.36%, 0, 0, 2, 13.66
1747821642, 0, 42, 968, 967, 25, 7.36%, 0, 0, 2, 13.62
1747821658, 0, 42, 969, 968, 25, 7.36%, 0, 0, 2, 13.63
1747821708, 0, 42, 970, 969, 25, 7.36%, 0, 0, 2, 13.55
1747821749, 0, 42, 971, 970, 25, 7.36%, 0, 0, 2, 13.65
1747821759, 0, 42, 972, 971, 25, 7.36%, 0, 0, 2, 13.69
1747821784, 0, 42, 973, 972, 25, 7.36%, 0, 0, 2, 13.68
1747821799, 0, 42, 974, 973, 25, 7.37%, 0, 0, 2, 13.70
1747821804, 0, 42, 975, 974, 25, 7.37%, 0, 0, 2, 13.72
1747821885, 0, 42, 977, 976, 25, 7.37%, 0, 0, 2, 13.64
1747821890, 0, 42, 978, 977, 25, 7.37%, 0, 0, 2, 13.46
1747821941, 0, 43, 978, 977, 27, 7.37%, 0, 0, 2, 13.56
1747821951, 0, 44, 978, 977, 27, 7.37%, 0, 0, 2, 13.41
1747821962, 0, 45, 980, 979, 27, 7.37%, 0, 0, 2, 13.38
1747821993, 0, 45, 981, 980, 27, 7.37%, 0, 0, 2, 13.22
1747822008, 0, 45, 983, 982, 27, 7.37%, 0, 0, 2, 13.32
1747822013, 0, 45, 984, 983, 27, 7.37%, 0, 0, 2, 13.34
1747822018, 0, 45, 985, 984, 27, 7.37%, 0, 0, 2, 13.27
1747822029, 0, 45, 986, 985, 27, 7.37%, 0, 0, 2, 13.32
1747822060, 0, 45, 988, 987, 27, 7.37%, 0, 0, 2, 13.17
1747822065, 0, 45, 990, 989, 27, 7.37%, 0, 0, 2, 12.94
1747822080, 0, 45, 991, 990, 27, 7.37%, 0, 0, 2, 13.20
1747822137, 0, 45, 992, 991, 27, 7.37%, 0, 0, 2, 13.43
1747822214, 0, 45, 993, 992, 27, 7.37%, 0, 0, 2, 13.26
1747822240, 0, 45, 994, 993, 27, 7.37%, 0, 0, 2, 13.21
1747822245, 0, 45, 995, 994, 27, 7.38%, 0, 0, 2, 13.03
1747822276, 0, 46, 995, 994, 22, 7.38%, 0, 0, 2, 13.26
1747822286, 0, 47, 995, 994, 22, 7.38%, 0, 0, 2, 13.48
1747822296, 0, 48, 995, 994, 22, 7.38%, 0, 0, 2, 13.47
1747822301, 0, 48, 996, 995, 22, 7.38%, 0, 0, 2, 13.31
1747822312, 0, 48, 997, 996, 22, 7.38%, 0, 0, 2, 13.29
1747822338, 0, 49, 998, 997, 22, 7.38%, 0, 0, 2, 13.03
1747822343, 0, 49, 999, 998, 22, 7.38%, 0, 0, 2, 12.72
1747822353, 0, 49, 1000, 999, 22, 7.38%, 0, 0, 2, 12.99
1747822368, 0, 49, 1001, 1000, 22, 7.38%, 0, 0, 2, 13.01
1747822404, 0, 49, 1002, 1001, 22, 7.38%, 0, 0, 2, 12.98
1747822409, 0, 49, 1003, 1002, 22, 7.38%, 0, 0, 2, 13.01
1747822434, 0, 49, 1004, 1003, 22, 7.38%, 0, 0, 2, 13.05
1747822495, 0, 49, 1005, 1004, 22, 7.38%, 0, 0, 2, 13.11
1747822632, 0, 49, 1006, 1005, 22, 7.43%, 0, 0, 2, 12.74
1747822642, 0, 49, 1007, 1006, 22, 7.43%, 0, 0, 2, 13.08
1747822647, 0, 49, 1008, 1007, 22, 7.43%, 0, 0, 2, 13.06
1747822657, 0, 50, 1008, 1007, 20, 7.43%, 0, 0, 2, 12.98
1747822667, 0, 52, 1010, 1009, 20, 7.43%, 0, 0, 2, 12.19
1747822673, 0, 52, 1014, 1013, 20, 7.43%, 0, 0, 2, 11.29
1747822678, 0, 52, 1018, 1017, 20, 7.43%, 0, 0, 2, 11.04
1747822683, 0, 52, 1023, 1022, 20, 7.43%, 0, 0, 2, 10.87
1747822688, 0, 52, 1026, 1025, 20, 7.43%, 0, 0, 2, 10.86
1747822693, 0, 52, 1029, 1028, 20, 7.43%, 0, 0, 2, 10.68
1747822698, 0, 52, 1031, 1030, 20, 7.43%, 0, 0, 2, 10.79
1747822703, 0, 52, 1034, 1033, 20, 7.43%, 0, 0, 2, 10.90
1747822709, 0, 52, 1036, 1035, 20, 7.43%, 0, 0, 2, 10.98
1747822714, 0, 52, 1039, 1038, 20, 7.43%, 0, 0, 2, 10.82
1747822719, 0, 52, 1043, 1042, 20, 7.43%, 0, 0, 2, 10.67
1747822724, 0, 52, 1045, 1044, 20, 7.43%, 0, 0, 2, 10.85
1747822729, 0, 52, 1046, 1045, 20, 7.43%, 0, 0, 2, 10.86
1747822735, 0, 52, 1048, 1047, 20, 7.43%, 0, 0, 2, 10.93
1747822740, 0, 52, 1049, 1048, 20, 7.43%, 0, 0, 2, 10.90
1747822745, 0, 52, 1051, 1050, 20, 7.43%, 0, 0, 2, 10.92
1747822750, 0, 52, 1055, 1054, 20, 7.43%, 0, 0, 2, 10.76
1747822755, 0, 52, 1056, 1055, 20, 7.43%, 0, 0, 2, 10.72
1747822760, 0, 52, 1057, 1056, 20, 7.43%, 0, 0, 2, 10.83
1747822791, 0, 52, 1058, 1057, 20, 7.43%, 0, 0, 2, 10.82
1747822807, 0, 52, 1059, 1058, 20, 7.43%, 0, 0, 2, 11.04
1747822812, 0, 52, 1060, 1059, 20, 7.43%, 0, 0, 2, 11.06
1747822822, 0, 52, 1061, 1060, 20, 7.43%, 0, 0, 2, 10.93
1747822833, 0, 52, 1062, 1061, 20, 7.43%, 0, 0, 2, 11.09
1747822843, 0, 52, 1064, 1063, 20, 7.43%, 0, 0, 2, 10.74
1747822864, 0, 52, 1065, 1064, 20, 7.43%, 0, 0, 2, 11.03
1747822869, 0, 52, 1066, 1065, 20, 7.46%, 0, 0, 2, 11.01
1747822900, 0, 52, 1067, 1066, 20, 7.46%, 0, 0, 2, 11.80
1747822910, 0, 52, 1069, 1068, 20, 7.46%, 0, 0, 2, 11.00
1747822967, 0, 52, 1072, 1071, 20, 7.46%, 0, 0, 2, 11.13
1747822977, 0, 52, 1073, 1072, 20, 7.46%, 0, 0, 2, 11.10
1747823003, 0, 52, 1074, 1073, 20, 7.46%, 0, 0, 2, 10.95
1747823039, 0, 52, 1075, 1074, 20, 7.46%, 0, 0, 2, 10.95
1747823055, 0, 52, 1076, 1075, 20, 7.46%, 0, 0, 2, 10.69
1747823091, 0, 53, 1076, 1075, 21, 7.46%, 0, 0, 2, 11.00
1747823101, 0, 54, 1077, 1076, 21, 7.46%, 0, 0, 2, 10.89
1747823112, 0, 54, 1078, 1077, 21, 7.46%, 0, 0, 2, 10.85
1747823127, 0, 54, 1079, 1078, 21, 7.46%, 0, 0, 2, 10.77
1747823133, 0, 54, 1080, 1079, 21, 7.46%, 0, 0, 2, 10.56
1747823154, 0, 54, 1082, 1081, 21, 7.46%, 0, 0, 2, 10.76
1747823179, 0, 54, 1083, 1082, 21, 7.46%, 0, 0, 2, 10.78
1747823184, 0, 54, 1084, 1083, 21, 7.46%, 0, 0, 2, 10.73
1747823205, 0, 54, 1085, 1084, 21, 7.46%, 0, 0, 2, 10.87
1747823211, 0, 54, 1086, 1085, 21, 7.46%, 0, 0, 2, 10.86
1747823252, 0, 54, 1087, 1086, 21, 7.46%, 0, 0, 2, 10.79
1747823263, 0, 54, 1088, 1087, 21, 7.46%, 0, 0, 2, 10.79
1747823294, 0, 54, 1090, 1089, 21, 7.46%, 0, 0, 2, 10.84
1747823341, 0, 54, 1091, 1090, 21, 7.46%, 0, 0, 2, 10.93
1747823387, 0, 54, 1092, 1091, 21, 7.46%, 0, 0, 2, 18.44
1747823429, 0, 54, 1093, 1092, 21, 7.46%, 0, 0, 2, 10.89
1747823465, 0, 55, 1095, 1094, 21, 7.46%, 0, 0, 2, 10.73
1747823480, 0, 55, 1096, 1095, 21, 7.46%, 0, 0, 2, 10.76
1747823521, 0, 55, 1097, 1096, 21, 7.47%, 0, 0, 2, 10.71
1747823547, 0, 55, 1098, 1097, 21, 7.47%, 0, 0, 2, 10.69
1747823668, 0, 55, 1099, 1098, 21, 7.47%, 0, 0, 2, 10.81
1747823759, 0, 55, 1100, 1099, 21, 7.47%, 0, 0, 2, 10.77
1747823785, 0, 55, 1101, 1100, 21, 7.47%, 0, 0, 2, 10.41
1747823841, 0, 55, 1102, 1101, 21, 7.47%, 0, 0, 2, 10.69
1747823851, 0, 56, 1102, 1101, 22, 7.47%, 0, 0, 2, 11.51
1747823861, 0, 57, 1102, 1101, 22, 7.47%, 0, 0, 2, 11.95
1747823871, 0, 57, 1103, 1102, 22, 7.47%, 0, 0, 2, 10.40
1747823876, 0, 57, 1104, 1103, 22, 7.47%, 0, 0, 2, 10.63
1747823892, 0, 57, 1105, 1104, 22, 7.47%, 0, 0, 2, 10.48
1747823897, 0, 57, 1106, 1105, 22, 7.47%, 0, 0, 2, 10.53
1747824060, 0, 59, 1107, 1106, 22, 7.47%, 0, 0, 2, 10.62
1747824070, 0, 59, 1108, 1107, 22, 7.47%, 0, 0, 2, 10.84
1747824075, 0, 59, 1109, 1108, 22, 7.47%, 0, 0, 2, 10.87
1747824157, 0, 60, 1109, 1108, 22, 7.47%, 0, 0, 2, 11.76
1747824162, 0, 60, 1110, 1109, 22, 7.48%, 0, 0, 2, 12.62
1747824167, 0, 60, 1111, 1110, 22, 7.48%, 0, 0, 2, 12.92
1747824172, 0, 60, 1112, 1111, 22, 7.48%, 0, 0, 2, 13.03
1747824238, 0, 60, 1113, 1112, 22, 7.48%, 0, 0, 2, 13.13
1747824319, 0, 61, 1113, 1112, 23, 7.48%, 0, 0, 2, 12.75
1747824329, 0, 62, 1115, 1114, 23, 7.48%, 0, 0, 2, 10.77
1747824339, 0, 62, 1116, 1115, 23, 7.48%, 0, 0, 2, 10.23
1747824386, 0, 62, 1117, 1116, 23, 7.48%, 0, 0, 2, 10.25
1747824411, 0, 62, 1118, 1117, 23, 7.48%, 0, 0, 2, 10.16
1747824416, 0, 62, 1119, 1118, 23, 7.48%, 0, 0, 2, 10.19
1747824504, 0, 62, 1120, 1119, 23, 7.48%, 0, 0, 2, 10.15
1747824514, 0, 62, 1122, 1121, 23, 7.48%, 0, 0, 2, 10.19
1747824524, 0, 62, 1123, 1122, 23, 7.48%, 0, 0, 2, 10.23
1747824530, 0, 62, 1124, 1123, 23, 7.48%, 0, 0, 2, 10.24
1747824556, 0, 62, 1125, 1124, 23, 7.48%, 0, 0, 2, 10.25
1747824685, 0, 64, 1126, 1125, 24, 7.48%, 0, 0, 2, 17.76
1747824690, 0, 64, 1127, 1126, 24, 7.48%, 0, 0, 2, 17.42
1747824705, 0, 64, 1128, 1127, 24, 7.48%, 0, 0, 2, 17.49
1747824761, 0, 65, 1128, 1127, 20, 7.48%, 0, 0, 2, 10.47
1747824772, 0, 68, 1128, 1127, 20, 7.48%, 0, 0, 2, 11.73
1747824782, 0, 69, 1128, 1127, 20, 7.48%, 0, 0, 2, 11.40
1747824792, 0, 70, 1128, 1127, 20, 7.48%, 0, 0, 2, 11.12
1747824803, 0, 71, 1128, 1127, 20, 7.48%, 0, 0, 2, 11.96
1747824818, 0, 74, 1128, 1127, 20, 7.48%, 0, 0, 2, 10.57
1747824823, 0, 74, 1129, 1128, 20, 7.51%, 0, 0, 2, 10.53
1747824839, 0, 75, 1130, 1129, 21, 7.51%, 0, 0, 2, 10.30
1747824865, 0, 76, 1130, 1129, 21, 7.51%, 0, 0, 2, 10.78
1747824875, 0, 77, 1130, 1129, 21, 7.51%, 0, 0, 2, 12.58
1747824880, 0, 77, 1131, 1130, 21, 7.51%, 0, 0, 2, 12.75
1747824896, 0, 79, 1131, 1130, 21, 7.51%, 0, 0, 2, 12.56
1747824906, 0, 81, 1131, 1130, 21, 7.51%, 0, 0, 2, 12.03
1747824911, 0, 81, 1132, 1131, 21, 7.51%, 0, 0, 2, 10.42
1747824921, 0, 81, 1133, 1132, 21, 7.51%, 0, 0, 2, 9.98
1747824962, 0, 82, 1133, 1132, 21, 7.51%, 0, 0, 2, 9.96
1747824967, 0, 82, 1134, 1133, 21, 7.51%, 0, 0, 2, 9.86
1747824978, 0, 82, 1135, 1134, 21, 7.51%, 0, 0, 2, 9.86
1747825008, 0, 82, 1136, 1135, 21, 7.51%, 0, 0, 2, 10.03
1747825018, 0, 82, 1137, 1136, 21, 7.51%, 0, 0, 2, 9.88
1747825029, 0, 82, 1138, 1137, 21, 7.51%, 0, 0, 2, 9.93
1747825039, 0, 82, 1139, 1138, 21, 7.51%, 0, 0, 2, 9.97
1747825106, 0, 82, 1140, 1139, 21, 7.51%, 0, 0, 2, 10.00
1747825152, 0, 82, 1141, 1140, 21, 7.51%, 0, 0, 2, 9.93
1747825163, 0, 82, 1143, 1142, 21, 7.51%, 0, 0, 2, 9.87
1747825168, 0, 82, 1145, 1144, 21, 7.57%, 0, 0, 2, 9.81
1747825178, 0, 82, 1147, 1146, 21, 7.57%, 0, 0, 2, 10.01
1747825188, 0, 82, 1149, 1148, 21, 7.57%, 0, 0, 2, 9.84
1747825193, 0, 82, 1150, 1149, 21, 7.57%, 0, 0, 2, 9.96
1747825214, 0, 82, 1151, 1150, 21, 7.57%, 0, 0, 2, 9.89
1747825296, 0, 82, 1152, 1151, 21, 7.57%, 0, 0, 2, 9.77
1747825306, 0, 82, 1153, 1152, 21, 7.57%, 0, 0, 2, 9.87
1747825332, 0, 82, 1154, 1153, 21, 7.57%, 0, 0, 2, 9.92
1747825388, 0, 83, 1154, 1153, 22, 7.57%, 0, 0, 2, 9.98
1747825393, 0, 83, 1155, 1154, 22, 7.58%, 0, 0, 2, 9.96
1747825399, 0, 83, 1156, 1155, 22, 7.59%, 0, 0, 2, 10.03
1747825404, 0, 83, 1157, 1156, 22, 7.59%, 0, 0, 2, 9.98
1747825419, 0, 83, 1159, 1158, 22, 7.59%, 0, 0, 2, 10.06
1747825542, 0, 83, 1160, 1159, 22, 7.59%, 0, 0, 2, 9.99
1747825557, 0, 83, 1161, 1160, 22, 7.59%, 0, 0, 2, 9.92
1747825639, 0, 83, 1162, 1161, 22, 7.59%, 0, 0, 2, 9.94
1747825644, 0, 83, 1163, 1162, 22, 7.60%, 0, 0, 2, 9.92
1747825675, 0, 83, 1164, 1163, 22, 7.60%, 0, 0, 2, 9.93
1747825803, 0, 84, 1164, 1163, 23, 7.60%, 0, 0, 2, 9.93
1747825818, 0, 85, 1164, 1163, 23, 7.60%, 0, 0, 2, 9.78
1747825823, 0, 85, 1165, 1164, 23, 7.60%, 0, 0, 2, 9.72
1747825844, 0, 87, 1165, 1164, 24, 7.60%, 0, 0, 2, 9.73
1747825859, 0, 88, 1165, 1164, 24, 7.60%, 0, 0, 2, 9.75
1747825869, 0, 89, 1165, 1164, 24, 7.60%, 0, 0, 2, 9.78
1747825885, 0, 91, 1165, 1164, 24, 7.60%, 0, 0, 2, 9.84
1747825895, 0, 92, 1165, 1164, 24, 7.60%, 0, 0, 2, 9.80
1747825910, 0, 93, 1165, 1164, 24, 7.60%, 0, 0, 2, 9.96
1747825921, 0, 94, 1166, 1165, 24, 7.60%, 0, 0, 2, 10.18
1747825951, 0, 97, 1166, 1165, 24, 7.60%, 0, 0, 2, 9.77
1747825957, 0, 97, 1167, 1166, 24, 7.60%, 0, 0, 2, 9.80
1747825967, 0, 97, 1169, 1168, 24, 7.61%, 0, 0, 2, 9.64
1747826059, 0, 99, 1170, 1169, 24, 7.61%, 0, 0, 2, 9.71
1747826074, 0, 99, 1171, 1170, 24, 7.61%, 0, 0, 2, 9.65
1747826110, 0, 100, 1171, 1170, 24, 7.61%, 0, 0, 2, 9.71
1747826125, 0, 101, 1171, 1170, 24, 7.61%, 0, 0, 2, 9.69
1747826136, 0, 101, 1172, 1171, 24, 7.65%, 0, 0, 2, 9.55
1747826141, 0, 101, 1173, 1172, 24, 7.65%, 0, 0, 2, 9.53
1747826146, 0, 101, 1174, 1173, 24, 7.65%, 0, 0, 2, 9.53
1747826161, 0, 101, 1175, 1174, 24, 7.65%, 0, 0, 2, 9.66
1747826197, 0, 101, 1176, 1175, 24, 7.65%, 0, 0, 2, 9.44
1747826222, 0, 101, 1178, 1177, 24, 7.65%, 0, 0, 2, 9.51
1747826376, 0, 101, 1179, 1178, 24, 7.65%, 0, 0, 2, 9.48
1747826524, 0, 101, 1180, 1179, 24, 7.65%, 0, 0, 2, 9.40
1747826560, 0, 102, 1180, 1179, 23, 7.65%, 0, 0, 2, 9.93
1747826570, 0, 103, 1180, 1179, 23, 7.65%, 0, 0, 2, 9.82
1747826585, 0, 104, 1180, 1179, 23, 7.65%, 0, 0, 2, 9.60
1747826596, 0, 105, 1180, 1179, 23, 7.65%, 0, 0, 2, 9.58
1747826611, 0, 106, 1180, 1179, 23, 7.65%, 0, 0, 2, 9.76
1747826621, 0, 106, 1181, 1180, 23, 7.65%, 0, 0, 2, 9.84
1747826637, 0, 107, 1181, 1180, 23, 7.65%, 0, 0, 2, 9.87
1747826652, 0, 108, 1182, 1181, 23, 7.65%, 0, 0, 2, 9.51
1747826677, 0, 109, 1182, 1181, 23, 7.65%, 0, 0, 2, 9.69
1747826693, 0, 111, 1182, 1181, 23, 7.65%, 0, 0, 2, 9.60
1747826703, 0, 112, 1182, 1181, 23, 7.65%, 0, 0, 2, 9.61
1747826718, 0, 113, 1182, 1181, 23, 7.65%, 0, 0, 2, 9.71
1747826728, 0, 114, 1182, 1181, 23, 7.65%, 0, 0, 2, 9.70
1747826743, 0, 116, 1182, 1181, 23, 7.65%, 0, 0, 2, 9.72
1747826754, 0, 117, 1182, 1181, 23, 7.65%, 0, 0, 2, 9.72
1747826769, 0, 118, 1182, 1181, 23, 7.65%, 0, 0, 2, 9.86
1747826779, 0, 119, 1182, 1181, 23, 7.65%, 0, 0, 2, 9.96
1747826795, 0, 120, 1182, 1181, 23, 7.65%, 0, 0, 2, 9.53
1747826810, 0, 121, 1182, 1181, 23, 7.65%, 0, 0, 2, 9.43
1747826820, 0, 122, 1182, 1181, 23, 7.65%, 0, 0, 2, 9.59
1747826831, 0, 122, 1183, 1182, 23, 7.65%, 0, 0, 2, 9.80
1747826851, 0, 123, 1183, 1182, 23, 7.65%, 0, 0, 2, 9.88
1747826862, 0, 124, 1183, 1182, 23, 7.65%, 0, 0, 2, 9.77
1747826867, 0, 124, 1184, 1183, 23, 7.65%, 0, 0, 2, 9.68
1747826887, 0, 125, 1184, 1183, 23, 7.65%, 0, 0, 2, 9.74
1747826902, 0, 126, 1184, 1183, 23, 7.65%, 0, 0, 2, 9.58
1747826918, 0, 128, 1184, 1183, 23, 7.65%, 0, 0, 2, 9.47
1747826928, 0, 129, 1184, 1183, 23, 7.65%, 0, 0, 2, 9.43
1747826943, 0, 130, 1184, 1183, 23, 7.65%, 0, 0, 2, 9.61
1747826948, 0, 130, 1185, 1184, 23, 7.65%, 0, 0, 2, 9.79
1747826963, 0, 130, 1186, 1185, 23, 7.65%, 0, 0, 2, 9.81
1747826999, 0, 131, 1186, 1185, 23, 7.65%, 0, 0, 2, 9.50
1747827004, 0, 131, 1187, 1186, 23, 7.65%, 0, 0, 2, 9.60
1747827025, 0, 132, 1187, 1186, 23, 7.65%, 0, 0, 2, 9.76
1747827035, 0, 133, 1187, 1186, 23, 7.65%, 0, 0, 2, 15.67
1747827040, 0, 135, 1187, 1186, 23, 7.65%, 0, 0, 2, 16.15
1747827050, 0, 136, 1188, 1187, 23, 7.65%, 0, 0, 2, 16.64
1747827065, 0, 137, 1188, 1187, 23, 7.65%, 0, 0, 2, 16.35
1747827070, 0, 137, 1189, 1188, 23, 7.65%, 0, 0, 2, 16.18
1747827076, 0, 137, 1190, 1189, 23, 7.68%, 0, 0, 2, 16.11
1747827086, 0, 137, 1191, 1190, 23, 7.68%, 0, 0, 2, 16.10
1747827091, 0, 137, 1192, 1191, 23, 7.68%, 0, 0, 2, 16.08
1747827107, 0, 137, 1193, 1192, 23, 7.68%, 0, 0, 2, 16.11
1747827178, 0, 137, 1195, 1194, 23, 7.68%, 0, 0, 2, 9.52
1747827225, 0, 137, 1196, 1195, 23, 7.68%, 0, 0, 2, 9.32
1747827250, 0, 137, 1197, 1196, 23, 7.68%, 0, 0, 2, 9.25
1747827276, 0, 137, 1198, 1197, 23, 7.68%, 0, 0, 2, 9.34
1747827424, 0, 137, 1199, 1198, 23, 7.68%, 0, 0, 2, 9.40
1747827470, 0, 138, 1199, 1198, 24, 7.68%, 0, 0, 2, 9.32
1747827485, 0, 141, 1199, 1198, 24, 7.68%, 0, 0, 2, 9.40
1747827501, 0, 142, 1199, 1198, 24, 7.68%, 0, 0, 2, 9.42
1747827511, 0, 143, 1199, 1198, 24, 7.68%, 0, 0, 2, 9.40
1747827526, 0, 144, 1199, 1198, 24, 7.68%, 0, 0, 2, 9.76
1747827542, 0, 145, 1199, 1198, 24, 7.68%, 0, 0, 2, 9.60
1747827552, 0, 146, 1199, 1198, 24, 7.68%, 0, 0, 2, 9.45
1747827562, 0, 146, 1200, 1199, 24, 7.68%, 0, 0, 2, 9.40
1747827582, 0, 147, 1200, 1199, 24, 7.68%, 0, 0, 2, 9.38
1747827593, 0, 148, 1200, 1199, 24, 7.68%, 0, 0, 2, 9.47
1747827598, 0, 148, 1201, 1200, 24, 7.68%, 0, 0, 2, 9.59
1747827623, 0, 149, 1201, 1200, 24, 7.68%, 0, 0, 2, 9.43
1747827634, 0, 151, 1201, 1200, 24, 7.68%, 0, 0, 2, 9.33
1747827644, 0, 151, 1202, 1201, 24, 7.68%, 0, 0, 2, 9.31
1747827665, 0, 153, 1203, 1202, 24, 7.68%, 0, 0, 2, 9.25
1747827690, 0, 156, 1203, 1202, 24, 7.68%, 0, 0, 2, 9.41
1747827706, 0, 157, 1203, 1202, 24, 7.68%, 0, 0, 2, 9.59
1747827721, 0, 158, 1203, 1202, 24, 7.68%, 0, 0, 2, 9.26
1747827732, 0, 159, 1203, 1202, 24, 7.68%, 0, 0, 2, 9.26
1747827747, 0, 160, 1203, 1202, 24, 7.68%, 0, 0, 2, 9.29
1747827762, 0, 161, 1203, 1202, 24, 7.68%, 0, 0, 2, 9.67
1747827772, 0, 162, 1203, 1202, 24, 7.68%, 0, 0, 2, 9.72
1747827787, 0, 163, 1203, 1202, 24, 7.68%, 0, 0, 2, 9.60
1747827798, 0, 164, 1203, 1202, 24, 7.68%, 0, 0, 2, 9.62
1747827803, 0, 164, 1204, 1203, 24, 7.68%, 0, 0, 2, 9.68
1747827829, 0, 165, 1204, 1203, 24, 7.68%, 0, 0, 2, 9.52
1747827839, 0, 166, 1204, 1203, 24, 7.68%, 0, 0, 2, 9.42
1747827854, 0, 167, 1204, 1203, 24, 7.68%, 0, 0, 2, 9.52
1747827869, 0, 168, 1204, 1203, 24, 7.68%, 0, 0, 2, 9.58
1747827880, 0, 169, 1204, 1203, 24, 7.68%, 0, 0, 2, 9.52
1747827895, 0, 170, 1204, 1203, 24, 7.68%, 0, 0, 2, 9.68
1747827910, 0, 171, 1204, 1203, 24, 7.68%, 0, 0, 2, 9.57
1747827920, 0, 172, 1204, 1203, 24, 7.68%, 0, 0, 2, 9.46
1747827936, 0, 174, 1204, 1203, 24, 7.68%, 0, 0, 2, 9.49
1747827946, 0, 175, 1204, 1203, 24, 7.68%, 0, 0, 2, 9.47
1747827961, 0, 178, 1204, 1203, 24, 7.68%, 0, 0, 2, 9.38
1747827971, 0, 178, 1205, 1204, 24, 7.68%, 0, 0, 2, 9.33
1747827992, 0, 179, 1205, 1204, 24, 7.68%, 0, 0, 2, 9.34
1747828002, 0, 181, 1205, 1204, 24, 7.68%, 0, 0, 2, 9.31
1747828013, 0, 181, 1206, 1205, 24, 7.68%, 0, 0, 2, 9.25
1747828018, 0, 181, 1208, 1207, 24, 7.68%, 0, 0, 2, 9.11
1747828038, 0, 181, 1210, 1209, 24, 7.68%, 0, 0, 2, 9.08
1747828043, 0, 181, 1211, 1210, 24, 7.68%, 0, 0, 2, 9.15
1747828058, 0, 181, 1213, 1212, 24, 7.68%, 0, 0, 2, 8.96
1747828074, 0, 181, 1214, 1213, 24, 7.68%, 0, 0, 2, 9.29
1747828094, 0, 181, 1215, 1214, 24, 7.68%, 0, 0, 2, 9.14
1747828109, 0, 181, 1216, 1215, 24, 7.68%, 0, 0, 2, 9.16
1747828171, 0, 181, 1217, 1216, 24, 7.68%, 0, 0, 2, 9.22
1747828248, 0, 181, 1218, 1217, 24, 7.68%, 0, 0, 2, 9.19
1747828462, 0, 183, 1218, 1217, 25, 7.68%, 0, 0, 2, 9.29
1747828472, 0, 184, 1218, 1217, 25, 7.68%, 0, 0, 2, 9.33
1747828487, 0, 186, 1220, 1219, 25, 7.68%, 0, 0, 2, 9.30
1747828523, 0, 186, 1221, 1220, 25, 7.68%, 0, 0, 2, 9.16
1747828534, 0, 186, 1222, 1221, 25, 7.68%, 0, 0, 2, 9.22
1747828642, 0, 186, 1223, 1222, 25, 7.68%, 0, 0, 2, 9.23
1747828729, 0, 186, 1224, 1223, 25, 7.68%, 0, 0, 2, 9.30
1747828775, 0, 186, 1225, 1224, 25, 7.68%, 0, 0, 2, 9.20
1747828796, 0, 186, 1226, 1225, 25, 7.68%, 0, 0, 2, 9.24
1747828863, 0, 186, 1227, 1226, 25, 7.68%, 0, 0, 2, 9.15
1747828883, 0, 186, 1228, 1227, 25, 7.68%, 0, 0, 2, 9.21
1747828904, 0, 186, 1229, 1228, 25, 7.68%, 0, 0, 2, 9.24
1747828925, 0, 186, 1230, 1229, 25, 7.68%, 0, 0, 2, 9.18
1747828940, 0, 187, 1230, 1229, 25, 7.68%, 0, 0, 2, 9.34
1747828955, 0, 188, 1230, 1229, 25, 7.68%, 0, 0, 2, 9.19
1747828966, 0, 189, 1230, 1229, 25, 7.68%, 0, 0, 2, 9.29
1747828981, 0, 193, 1230, 1229, 25, 7.68%, 0, 0, 2, 9.30
1747828996, 0, 195, 1230, 1229, 25, 7.68%, 0, 0, 2, 9.27
1747829007, 0, 196, 1230, 1229, 25, 7.68%, 0, 0, 2, 9.22
1747829022, 0, 198, 1230, 1229, 25, 7.68%, 0, 0, 2, 9.20
1747829037, 0, 199, 1230, 1229, 25, 7.68%, 0, 0, 2, 9.31
1747829053, 0, 200, 1230, 1229, 25, 7.68%, 0, 0, 2, 9.30
1747829063, 0, 201, 1230, 1229, 25, 7.68%, 0, 0, 2, 9.36
1747829078, 0, 202, 1230, 1229, 25, 7.68%, 0, 0, 2, 9.31
1747829094, 0, 203, 1230, 1229, 25, 7.68%, 0, 0, 2, 9.33
1747829104, 0, 204, 1230, 1229, 25, 7.68%, 0, 0, 2, 9.24
1747829119, 0, 205, 1231, 1230, 25, 7.68%, 0, 0, 2, 9.22
1747829145, 0, 206, 1231, 1230, 25, 7.68%, 0, 0, 2, 9.27
1747829160, 0, 207, 1231, 1230, 25, 7.68%, 0, 0, 2, 9.28
1747829176, 0, 208, 1231, 1230, 25, 7.68%, 0, 0, 2, 9.36
1747829191, 0, 209, 1231, 1230, 25, 7.68%, 0, 0, 2, 9.36
1747829201, 0, 210, 1231, 1230, 25, 7.68%, 0, 0, 2, 9.28
1747829217, 0, 211, 1231, 1230, 25, 7.68%, 0, 0, 2, 9.29
1747829232, 0, 212, 1231, 1230, 25, 7.68%, 0, 0, 2, 9.35
1747829242, 0, 213, 1231, 1230, 25, 7.68%, 0, 0, 2, 9.37
1747829258, 0, 214, 1231, 1230, 25, 7.68%, 0, 0, 2, 9.35
1747829273, 0, 215, 1231, 1230, 25, 7.68%, 0, 0, 2, 9.31
1747829278, 0, 215, 1232, 1231, 25, 7.68%, 0, 0, 2, 9.27
1747829299, 0, 217, 1232, 1231, 25, 7.68%, 0, 0, 2, 9.25
1747829314, 0, 218, 1232, 1231, 25, 7.68%, 0, 0, 2, 9.33
1747829324, 0, 220, 1232, 1231, 25, 7.68%, 0, 0, 2, 9.34
1747829340, 0, 221, 1232, 1231, 25, 7.68%, 0, 0, 2, 9.30
1747829355, 0, 222, 1232, 1231, 25, 7.68%, 0, 0, 2, 9.30
1747829371, 0, 223, 1232, 1231, 25, 7.68%, 0, 0, 2, 9.26
1747829381, 0, 223, 1233, 1232, 25, 7.68%, 0, 0, 2, 9.27
1747829396, 0, 224, 1233, 1232, 25, 7.68%, 0, 0, 2, 9.30
1747829412, 0, 227, 1233, 1232, 25, 7.68%, 0, 0, 2, 9.36
1747829422, 0, 228, 1233, 1232, 25, 7.68%, 0, 0, 2, 9.34
1747829437, 0, 229, 1233, 1232, 25, 7.68%, 0, 0, 2, 9.20
1747829453, 0, 231, 1233, 1232, 25, 7.68%, 0, 0, 2, 9.27
1747829468, 0, 233, 1233, 1232, 25, 7.68%, 0, 0, 2, 9.32
1747829478, 0, 235, 1233, 1232, 25, 7.68%, 0, 0, 2, 9.25
1747829493, 0, 239, 1233, 1232, 25, 7.68%, 0, 0, 2, 9.32
1747829509, 0, 240, 1233, 1232, 25, 7.68%, 0, 0, 2, 9.25
1747829519, 0, 242, 1233, 1232, 25, 7.68%, 0, 0, 2, 9.27
1747829535, 0, 243, 1233, 1232, 25, 7.68%, 0, 0, 2, 9.28
1747829550, 0, 244, 1233, 1232, 25, 7.68%, 0, 0, 2, 9.35
1747829560, 0, 246, 1233, 1232, 25, 7.68%, 0, 0, 2, 9.30
1747829575, 0, 249, 1233, 1232, 25, 7.68%, 0, 0, 2, 9.25
1747829591, 0, 250, 1233, 1232, 25, 7.68%, 0, 0, 2, 9.22
1747829606, 0, 251, 1233, 1232, 25, 7.68%, 0, 0, 2, 9.14
1747829616, 0, 251, 1234, 1233, 25, 7.68%, 0, 0, 2, 8.91
1747829626, 0, 251, 1235, 1234, 25, 7.68%, 0, 0, 2, 9.19
1747829656, 0, 251, 1236, 1235, 25, 7.68%, 0, 0, 2, 9.13
1747829697, 0, 251, 1237, 1236, 25, 7.68%, 0, 0, 2, 9.26
1747829829, 0, 252, 1237, 1236, 25, 7.68%, 0, 0, 2, 9.18
1747829844, 0, 254, 1237, 1236, 25, 7.68%, 0, 0, 2, 9.37
1747829859, 0, 255, 1237, 1236, 25, 7.68%, 0, 0, 2, 9.32
1747829870, 0, 257, 1237, 1236, 25, 7.68%, 0, 0, 2, 9.32
1747829885, 0, 258, 1237, 1236, 25, 7.68%, 0, 0, 2, 9.24
1747829900, 0, 259, 1237, 1236, 25, 7.68%, 0, 0, 2, 9.41
1747829915, 0, 260, 1237, 1236, 25, 7.68%, 0, 0, 2, 9.16
1747829926, 0, 261, 1237, 1236, 25, 7.68%, 0, 0, 2, 9.28
1747829941, 0, 262, 1237, 1236, 25, 7.68%, 0, 0, 2, 9.32
1747829956, 0, 263, 1238, 1237, 25, 7.68%, 0, 0, 2, 9.22
1747829982, 0, 264, 1238, 1237, 25, 7.68%, 0, 0, 2, 9.28
1747829997, 0, 265, 1238, 1237, 25, 7.68%, 0, 0, 2, 9.29
1747830013, 0, 267, 1238, 1237, 25, 7.68%, 0, 0, 2, 9.22
1747830023, 0, 268, 1238, 1237, 25, 7.68%, 0, 0, 2, 9.37
1747830038, 0, 269, 1238, 1237, 25, 7.68%, 0, 0, 2, 9.34
1747830054, 0, 270, 1238, 1237, 25, 7.68%, 0, 0, 2, 9.24
1747830064, 0, 271, 1238, 1237, 25, 7.68%, 0, 0, 2, 9.15
1747830079, 0, 272, 1238, 1237, 25, 7.68%, 0, 0, 2, 9.16
1747830094, 0, 272, 1239, 1238, 25, 7.68%, 0, 0, 2, 9.38
1747830110, 0, 273, 1239, 1238, 25, 7.68%, 0, 0, 2, 9.36
1747830120, 0, 274, 1239, 1238, 25, 7.68%, 0, 0, 2, 9.37
1747830136, 0, 275, 1239, 1238, 25, 7.68%, 0, 0, 2, 9.20
1747830151, 0, 276, 1239, 1238, 25, 7.68%, 0, 0, 2, 9.14
1747830166, 0, 277, 1239, 1238, 25, 7.68%, 0, 0, 2, 9.16
1747830176, 0, 278, 1239, 1238, 25, 7.68%, 0, 0, 2, 9.10
1747830191, 0, 278, 1240, 1239, 25, 7.68%, 0, 0, 2, 9.10
1747830206, 0, 279, 1240, 1239, 25, 7.68%, 0, 0, 2, 9.24
1747830222, 0, 280, 1240, 1239, 25, 7.68%, 0, 0, 2, 9.19
1747830232, 0, 281, 1240, 1239, 25, 7.68%, 0, 0, 2, 9.14
1747830247, 0, 283, 1240, 1239, 25, 7.68%, 0, 0, 2, 9.18
1747830262, 0, 284, 1240, 1239, 25, 7.68%, 0, 0, 2, 9.41
1747830278, 0, 286, 1240, 1239, 25, 7.68%, 0, 0, 2, 9.30
1747830288, 0, 288, 1240, 1239, 25, 7.68%, 0, 0, 2, 9.20
1747830303, 0, 289, 1240, 1239, 25, 7.68%, 0, 0, 2, 9.20
1747830318, 0, 290, 1240, 1239, 25, 7.68%, 0, 0, 2, 9.20
1747830333, 0, 291, 1240, 1239, 25, 7.68%, 0, 0, 2, 9.18
1747830344, 0, 292, 1240, 1239, 25, 7.68%, 0, 0, 2, 9.25
1747830359, 0, 293, 1240, 1239, 25, 7.68%, 0, 0, 2, 9.30
1747830374, 0, 294, 1240, 1239, 25, 7.68%, 0, 0, 2, 9.26
1747830385, 0, 296, 1240, 1239, 25, 7.68%, 0, 0, 2, 9.14
1747830400, 0, 297, 1240, 1239, 25, 7.68%, 0, 0, 2, 9.14
1747830415, 0, 298, 1240, 1239, 25, 7.68%, 0, 0, 2, 9.14
1747830430, 0, 299, 1240, 1239, 25, 7.68%, 0, 0, 2, 9.31
1747830440, 0, 300, 1240, 1239, 25, 7.68%, 0, 0, 2, 9.30
1747830456, 0, 301, 1240, 1239, 25, 7.68%, 0, 0, 2, 9.30
1747830471, 0, 302, 1240, 1239, 25, 7.68%, 0, 0, 2, 9.22
1747830482, 0, 303, 1240, 1239, 25, 7.68%, 0, 0, 2, 9.32
1747830497, 0, 304, 1240, 1239, 25, 7.68%, 0, 0, 2, 9.33
1747830513, 0, 305, 1240, 1239, 25, 7.68%, 0, 0, 2, 9.43
1747830523, 0, 306, 1240, 1239, 25, 7.68%, 0, 0, 2, 9.42
1747830538, 0, 309, 1240, 1239, 25, 7.68%, 0, 0, 2, 9.30
1747830553, 0, 310, 1240, 1239, 25, 7.68%, 0, 0, 2, 9.19
1747830558, 0, 310, 1241, 1240, 25, 7.68%, 0, 0, 2, 9.26
1747830579, 0, 311, 1241, 1240, 25, 7.68%, 0, 0, 2, 9.16
1747830594, 0, 313, 1241, 1240, 25, 7.68%, 0, 0, 2, 9.35
1747830609, 0, 315, 1241, 1240, 25, 7.68%, 0, 0, 2, 9.32
1747830625, 0, 316, 1241, 1240, 25, 7.68%, 0, 0, 2, 9.18
1747830635, 0, 317, 1241, 1240, 25, 7.68%, 0, 0, 2, 9.12
1747830650, 0, 318, 1241, 1240, 25, 7.68%, 0, 0, 2, 9.26
1747830665, 0, 321, 1241, 1240, 25, 7.68%, 0, 0, 2, 9.19
1747830680, 0, 322, 1241, 1240, 25, 7.68%, 0, 0, 2, 9.19
1747830691, 0, 323, 1241, 1240, 25, 7.68%, 0, 0, 2, 9.13
1747830706, 0, 324, 1241, 1240, 25, 7.68%, 0, 0, 2, 9.12
1747830721, 0, 325, 1241, 1240, 25, 7.68%, 0, 0, 2, 9.29
1747830731, 0, 328, 1241, 1240, 25, 7.68%, 0, 0, 2, 9.39
1747830747, 0, 328, 1242, 1241, 25, 7.68%, 0, 0, 2, 9.15
1747830752, 0, 328, 1243, 1242, 25, 7.68%, 0, 0, 2, 8.91
1747830792, 0, 329, 1243, 1242, 26, 7.68%, 0, 0, 2, 9.11
1747830808, 0, 331, 1243, 1242, 26, 7.68%, 0, 0, 2, 9.32
1747830818, 0, 332, 1243, 1242, 26, 7.68%, 0, 0, 2, 9.28
1747830833, 0, 334, 1243, 1242, 26, 7.68%, 0, 0, 2, 9.33
1747830849, 0, 335, 1243, 1242, 26, 7.68%, 0, 0, 2, 9.36
1747830859, 0, 336, 1243, 1242, 26, 7.68%, 0, 0, 2, 9.31
1747830874, 0, 337, 1243, 1242, 26, 7.68%, 0, 0, 2, 9.27
1747830889, 0, 339, 1243, 1242, 26, 7.68%, 0, 0, 2, 9.34
1747830900, 0, 340, 1243, 1242, 26, 7.68%, 0, 0, 2, 9.31
1747830915, 0, 341, 1243, 1242, 26, 7.68%, 0, 0, 2, 9.34
1747830930, 0, 343, 1243, 1242, 26, 7.68%, 0, 0, 2, 9.27
1747830941, 0, 344, 1243, 1242, 26, 7.68%, 0, 0, 2, 9.33
1747830956, 0, 345, 1243, 1242, 26, 7.68%, 0, 0, 2, 9.34
1747830971, 0, 346, 1243, 1242, 26, 7.68%, 0, 0, 2, 9.32
1747830982, 0, 347, 1243, 1242, 26, 7.68%, 0, 0, 2, 9.40
1747830997, 0, 348, 1243, 1242, 26, 7.68%, 0, 0, 2, 9.26
1747831002, 0, 348, 1244, 1243, 26, 7.68%, 0, 0, 2, 9.18
1747831028, 0, 349, 1244, 1243, 26, 7.68%, 0, 0, 2, 9.29
1747831038, 0, 350, 1244, 1243, 26, 7.68%, 0, 0, 2, 9.34
1747831053, 0, 352, 1244, 1243, 26, 7.68%, 0, 0, 2, 9.12
1747831068, 0, 353, 1244, 1243, 26, 7.68%, 0, 0, 2, 9.27
1747831073, 0, 353, 1245, 1244, 26, 7.68%, 0, 0, 2, 9.31
1747831094, 0, 354, 1245, 1244, 26, 7.68%, 0, 0, 2, 9.28
1747831109, 0, 355, 1245, 1244, 26, 7.68%, 0, 0, 2, 9.24
1747831125, 0, 356, 1245, 1244, 26, 7.68%, 0, 0, 2, 9.28
1747831140, 0, 357, 1245, 1244, 26, 7.68%, 0, 0, 2, 9.34
1747831151, 0, 358, 1245, 1244, 26, 7.68%, 0, 0, 2, 9.25
1747831166, 0, 359, 1245, 1244, 26, 7.68%, 0, 0, 2, 9.34
1747831181, 0, 360, 1245, 1244, 26, 7.68%, 0, 0, 2, 9.32
1747831192, 0, 361, 1245, 1244, 26, 7.68%, 0, 0, 2, 9.33
1747831207, 0, 363, 1245, 1244, 26, 7.68%, 0, 0, 2, 9.27
1747831222, 0, 364, 1245, 1244, 26, 7.68%, 0, 0, 2, 9.18
1747831233, 0, 365, 1245, 1244, 26, 7.68%, 0, 0, 2, 9.22
1747831248, 0, 366, 1245, 1244, 26, 7.68%, 0, 0, 2, 9.34
1747831264, 0, 367, 1245, 1244, 26, 7.68%, 0, 0, 2, 9.19
1747831274, 0, 369, 1245, 1244, 26, 7.68%, 0, 0, 2, 9.17
1747831289, 0, 371, 1245, 1244, 26, 7.68%, 0, 0, 2, 9.18
1747831304, 0, 372, 1245, 1244, 26, 7.68%, 0, 0, 2, 9.35
1747831320, 0, 373, 1245, 1244, 26, 7.68%, 0, 0, 2, 9.38
1747831330, 0, 374, 1245, 1244, 26, 7.68%, 0, 0, 2, 9.25
1747831345, 0, 376, 1245, 1244, 26, 7.68%, 0, 0, 2, 9.22
1747831361, 0, 377, 1245, 1244, 26, 7.68%, 0, 0, 2, 9.20
1747831371, 0, 378, 1245, 1244, 26, 7.68%, 0, 0, 2, 9.25
1747831387, 0, 379, 1245, 1244, 26, 7.68%, 0, 0, 2, 9.36
1747831402, 0, 380, 1245, 1244, 26, 7.68%, 0, 0, 2, 9.33
1747831412, 0, 381, 1245, 1244, 26, 7.68%, 0, 0, 2, 9.30
1747831422, 0, 381, 1246, 1245, 26, 7.68%, 0, 0, 2, 9.10
1747831443, 0, 383, 1246, 1245, 26, 7.68%, 0, 0, 2, 9.29
1747831458, 0, 386, 1246, 1245, 26, 7.68%, 0, 0, 2, 9.25
1747831468, 0, 387, 1246, 1245, 26, 7.68%, 0, 0, 2, 9.22
1747831484, 0, 388, 1246, 1245, 26, 7.68%, 0, 0, 2, 9.25
1747831499, 0, 389, 1246, 1245, 26, 7.68%, 0, 0, 2, 9.19
1747831514, 0, 390, 1246, 1245, 26, 7.68%, 0, 0, 2, 9.31
1747831525, 0, 391, 1246, 1245, 26, 7.68%, 0, 0, 2, 9.39
1747831540, 0, 392, 1246, 1245, 26, 7.68%, 0, 0, 2, 9.21
1747831556, 0, 394, 1246, 1245, 26, 7.68%, 0, 0, 2, 9.35
1747831566, 0, 395, 1246, 1245, 26, 7.68%, 0, 0, 2, 9.35
1747831581, 0, 396, 1246, 1245, 26, 7.68%, 0, 0, 2, 9.30
1747831597, 0, 397, 1247, 1246, 26, 7.68%, 0, 0, 2, 9.27
1747831622, 0, 398, 1247, 1246, 26, 7.68%, 0, 0, 2, 9.14
1747831638, 0, 401, 1247, 1246, 26, 7.68%, 0, 0, 2, 9.29
1747831653, 0, 403, 1247, 1246, 26, 7.68%, 0, 0, 2, 9.32
1747831663, 0, 403, 1248, 1247, 26, 7.68%, 0, 0, 2, 9.25
1747831678, 0, 404, 1248, 1247, 26, 7.68%, 0, 0, 2, 9.15
1747831693, 0, 405, 1248, 1247, 26, 7.68%, 0, 0, 2, 9.22
1747831709, 0, 406, 1248, 1247, 26, 7.68%, 0, 0, 2, 9.33
1747831719, 0, 408, 1248, 1247, 26, 7.68%, 0, 0, 2, 9.31
1747831734, 0, 411, 1248, 1247, 26, 7.68%, 0, 0, 2, 9.51
1747831750, 0, 412, 1248, 1247, 26, 7.68%, 0, 0, 2, 9.30
1747831760, 0, 414, 1248, 1247, 26, 7.68%, 0, 0, 2, 9.29
1747831775, 0, 415, 1248, 1247, 26, 7.68%, 0, 0, 2, 9.28
1747831791, 0, 416, 1248, 1247, 26, 7.68%, 0, 0, 2, 9.34
1747831801, 0, 417, 1248, 1247, 26, 7.68%, 0, 0, 2, 9.27
1747831816, 0, 418, 1248, 1247, 26, 7.68%, 0, 0, 2, 9.43
1747831832, 0, 419, 1248, 1247, 26, 7.68%, 0, 0, 2, 9.35
1747831842, 0, 420, 1248, 1247, 26, 7.68%, 0, 0, 2, 9.26
1747831857, 0, 422, 1248, 1247, 26, 7.68%, 0, 0, 2, 9.26
1747831873, 0, 423, 1248, 1247, 26, 7.68%, 0, 0, 2, 9.30
1747831888, 0, 424, 1248, 1247, 26, 7.68%, 0, 0, 2, 9.36
1747831898, 0, 425, 1248, 1247, 26, 7.68%, 0, 0, 2, 9.38
1747831914, 0, 426, 1248, 1247, 26, 7.68%, 0, 0, 2, 9.25
1747831929, 0, 427, 1248, 1247, 26, 7.68%, 0, 0, 2, 9.25
1747831940, 0, 428, 1248, 1247, 26, 7.68%, 0, 0, 2, 9.31
1747831955, 0, 429, 1248, 1247, 26, 7.68%, 0, 0, 2, 9.34
1747831970, 0, 430, 1248, 1247, 26, 7.68%, 0, 0, 2, 9.41
1747831980, 0, 431, 1248, 1247, 26, 7.68%, 0, 0, 2, 9.35
1747831996, 0, 432, 1248, 1247, 26, 7.68%, 0, 0, 2, 9.30
1747832011, 0, 434, 1248, 1247, 26, 7.68%, 0, 0, 2, 9.39
1747832022, 0, 435, 1248, 1247, 26, 7.68%, 0, 0, 2, 9.31
1747832037, 0, 437, 1248, 1247, 26, 7.68%, 0, 0, 2, 9.29
1747832052, 0, 438, 1248, 1247, 26, 7.68%, 0, 0, 2, 9.24
1747832063, 0, 439, 1249, 1248, 26, 7.68%, 0, 0, 2, 9.15
1747832093, 0, 440, 1249, 1248, 26, 7.68%, 0, 0, 2, 9.29
1747832109, 0, 441, 1249, 1248, 26, 7.68%, 0, 0, 2, 9.35
1747832119, 0, 442, 1249, 1248, 26, 7.68%, 0, 0, 2, 9.34
1747832134, 0, 443, 1249, 1248, 26, 7.68%, 0, 0, 2, 9.46
1747832149, 0, 444, 1249, 1248, 26, 7.68%, 0, 0, 2, 9.30
1747832160, 0, 445, 1249, 1248, 26, 7.68%, 0, 0, 2, 9.36
1747832175, 0, 447, 1249, 1248, 26, 7.68%, 0, 0, 2, 9.35
1747832190, 0, 448, 1249, 1248, 26, 7.68%, 0, 0, 2, 9.34
1747832201, 0, 449, 1249, 1248, 26, 7.68%, 0, 0, 2, 9.30
1747832216, 0, 453, 1249, 1248, 26, 7.68%, 0, 0, 2, 9.33
1747832231, 0, 454, 1249, 1248, 26, 7.68%, 0, 0, 2, 9.26
1747832242, 0, 458, 1249, 1248, 26, 7.68%, 0, 0, 2, 9.35
1747832257, 0, 460, 1249, 1248, 26, 7.68%, 0, 0, 2, 9.44
1747832272, 0, 461, 1249, 1248, 26, 7.68%, 0, 0, 2, 9.39
1747832283, 0, 462, 1249, 1248, 26, 7.68%, 0, 0, 2, 9.38
1747832298, 0, 463, 1249, 1248, 26, 7.68%, 0, 0, 2, 9.39
1747832313, 0, 466, 1249, 1248, 26, 7.68%, 0, 0, 2, 9.35
1747832324, 0, 467, 1249, 1248, 26, 7.68%, 0, 0, 2, 9.31
1747832339, 0, 468, 1249, 1248, 26, 7.68%, 0, 0, 2, 9.29
1747832354, 0, 469, 1249, 1248, 26, 7.68%, 0, 0, 2, 9.32
1747832369, 0, 470, 1249, 1248, 26, 7.68%, 0, 0, 2, 9.12
1747832379, 0, 471, 1249, 1248, 26, 7.68%, 0, 0, 2, 9.17
1747832395, 0, 472, 1249, 1248, 26, 7.68%, 0, 0, 2, 9.23
1747832410, 0, 473, 1249, 1248, 26, 7.68%, 0, 0, 2, 9.29
1747832420, 0, 475, 1249, 1248, 26, 7.68%, 0, 0, 2, 9.35
1747832436, 0, 478, 1249, 1248, 26, 7.68%, 0, 0, 2, 9.37
1747832451, 0, 480, 1249, 1248, 26, 7.68%, 0, 0, 2, 9.30
1747832462, 0, 481, 1249, 1248, 26, 7.68%, 0, 0, 2, 9.43
1747832477, 0, 482, 1249, 1248, 26, 7.68%, 0, 0, 2, 9.36
1747832492, 0, 483, 1249, 1248, 26, 7.68%, 0, 0, 2, 9.20
1747832502, 0, 484, 1249, 1248, 26, 7.68%, 0, 0, 2, 9.18
1747832518, 0, 485, 1249, 1248, 26, 7.68%, 0, 0, 2, 9.24
1747832533, 0, 486, 1249, 1248, 26, 7.68%, 0, 0, 2, 9.28
1747832548, 0, 487, 1249, 1248, 26, 7.68%, 0, 0, 2, 9.46
1747832558, 0, 488, 1249, 1248, 26, 7.68%, 0, 0, 2, 9.33
1747832573, 0, 492, 1249, 1248, 26, 7.68%, 0, 0, 2, 9.30
1747832589, 0, 493, 1249, 1248, 26, 7.68%, 0, 0, 2, 9.22
1747832599, 0, 494, 1249, 1248, 26, 7.68%, 0, 0, 2, 9.21
1747832614, 0, 495, 1249, 1248, 26, 7.68%, 0, 0, 2, 9.28
1747832630, 0, 496, 1249, 1248, 26, 7.68%, 0, 0, 2, 9.25
1747832645, 0, 497, 1249, 1248, 26, 7.68%, 0, 0, 2, 9.31
1747832655, 0, 498, 1249, 1248, 26, 7.68%, 0, 0, 2, 9.20
1747832671, 0, 499, 1249, 1248, 26, 7.68%, 0, 0, 2, 9.09
1747832686, 0, 500, 1249, 1248, 26, 7.68%, 0, 0, 2, 9.17
1747832696, 0, 501, 1249, 1248, 26, 7.68%, 0, 0, 2, 9.17
1747832711, 0, 502, 1249, 1248, 26, 7.68%, 0, 0, 2, 9.32
1747832727, 0, 503, 1249, 1248, 26, 7.68%, 0, 0, 2, 9.38
1747832742, 0, 504, 1249, 1248, 26, 7.68%, 0, 0, 2, 9.32
1747832752, 0, 505, 1249, 1248, 26, 7.68%, 0, 0, 2, 9.32
1747832768, 0, 506, 1249, 1248, 26, 7.68%, 0, 0, 2, 9.38
1747832783, 0, 507, 1249, 1248, 26, 7.68%, 0, 0, 2, 9.33
1747832793, 0, 508, 1249, 1248, 26, 7.68%, 0, 0, 2, 9.28
1747832809, 0, 509, 1249, 1248, 26, 7.68%, 0, 0, 2, 9.26
1747832824, 0, 510, 1249, 1248, 26, 7.68%, 0, 0, 2, 9.23
1747832834, 0, 511, 1249, 1248, 26, 7.68%, 0, 0, 2, 9.23
1747832849, 0, 512, 1249, 1248, 26, 7.68%, 0, 0, 2, 9.30
1747832865, 0, 513, 1249, 1248, 26, 7.68%, 0, 0, 2, 18.68
1747834125, 0, 514, 1249, 1247, 26, 7.68%, 0, 0, 2, 14.15
1747834140, 0, 515, 1249, 1247, 26, 7.68%, 0, 0, 2, 9.23
1747834150, 0, 516, 1249, 1247, 26, 7.68%, 0, 0, 2, 9.23
1747834166, 0, 517, 1249, 1247, 26, 7.68%, 0, 0, 2, 9.38
1747834181, 0, 518, 1250, 1248, 26, 7.68%, 0, 0, 3, 9.14
1747834206, 0, 519, 1250, 1248, 26, 7.68%, 0, 0, 3, 9.23
1747834222, 0, 520, 1250, 1248, 26, 7.68%, 0, 0, 3, 9.33
1747834237, 0, 521, 1250, 1248, 26, 7.68%, 0, 0, 3, 9.26
1747834247, 0, 527, 1250, 1248, 26, 7.68%, 0, 0, 3, 9.22
1747834263, 0, 529, 1250, 1248, 26, 7.68%, 0, 0, 3, 9.16
1747834278, 0, 530, 1250, 1248, 26, 7.68%, 0, 0, 3, 9.31
1747834293, 0, 531, 1250, 1248, 26, 7.68%, 0, 0, 3, 9.09
1747834303, 0, 533, 1250, 1248, 26, 7.68%, 0, 0, 3, 9.23
1747834319, 0, 535, 1250, 1248, 26, 7.68%, 0, 0, 3, 9.28
1747834334, 0, 538, 1250, 1248, 26, 7.68%, 0, 0, 3, 9.29
1747834344, 0, 539, 1250, 1248, 26, 7.68%, 0, 0, 3, 9.15
1747834359, 0, 541, 1250, 1248, 26, 7.68%, 0, 0, 3, 9.34
1747834375, 0, 542, 1250, 1248, 26, 7.68%, 0, 0, 3, 9.40
1747834390, 0, 543, 1250, 1248, 26, 7.68%, 0, 0, 3, 9.31
1747834400, 0, 544, 1250, 1248, 26, 7.68%, 0, 0, 3, 9.30
1747834416, 0, 546, 1250, 1248, 26, 7.68%, 0, 0, 3, 9.25
1747834431, 0, 547, 1250, 1248, 26, 7.68%, 0, 0, 3, 9.30
1747834441, 0, 548, 1250, 1248, 26, 7.68%, 0, 0, 3, 9.35
1747834457, 0, 549, 1250, 1248, 26, 7.68%, 0, 0, 3, 9.32
1747834472, 0, 551, 1250, 1248, 26, 7.68%, 0, 0, 3, 9.24
1747834483, 0, 552, 1250, 1248, 26, 7.68%, 0, 0, 3, 9.15
1747834498, 0, 553, 1250, 1248, 26, 7.68%, 0, 0, 3, 12.14
1747834508, 0, 554, 1250, 1248, 26, 7.68%, 0, 0, 3, 15.64
1747834513, 0, 555, 1250, 1248, 26, 7.68%, 0, 0, 3, 12.81
1747834528, 0, 559, 1250, 1248, 26, 7.68%, 0, 0, 3, 14.87
1747836266, 0, 560, 1250, 1247, 25, 7.68%, 0, 0, 3, 15.11
1747836281, 0, 561, 1250, 1247, 25, 7.68%, 0, 0, 3, 9.06
1747836297, 0, 562, 1250, 1247, 25, 7.68%, 0, 0, 3, 9.08
1747836307, 0, 563, 1250, 1247, 25, 7.68%, 0, 0, 3, 9.09
1747836322, 0, 564, 1250, 1247, 25, 7.68%, 0, 0, 3, 9.06
1747836338, 0, 565, 1250, 1247, 25, 7.68%, 0, 0, 3, 9.07
1747836353, 0, 567, 1250, 1247, 25, 7.68%, 0, 0, 3, 8.99
1747836363, 0, 568, 1250, 1247, 25, 7.68%, 0, 0, 3, 9.06
1747836379, 0, 569, 1250, 1247, 25, 7.68%, 0, 0, 3, 9.17
1747836394, 0, 570, 1250, 1247, 25, 7.68%, 0, 0, 3, 9.16
1747836409, 0, 571, 1250, 1247, 25, 7.68%, 0, 0, 3, 9.10
1747836419, 0, 572, 1250, 1247, 25, 7.68%, 0, 0, 3, 9.00
1747836435, 0, 573, 1250, 1247, 25, 7.68%, 0, 0, 3, 9.11
1747836450, 0, 574, 1250, 1247, 25, 7.68%, 0, 0, 3, 9.20
1747836465, 0, 575, 1250, 1247, 25, 7.68%, 0, 0, 3, 9.03
1747836475, 0, 575, 1251, 1248, 25, 7.69%, 0, 0, 3, 9.09
1747836491, 0, 576, 1251, 1248, 26, 7.69%, 0, 0, 3, 8.97
1747836506, 0, 577, 1251, 1248, 26, 7.69%, 0, 0, 3, 9.05
1747836522, 0, 578, 1251, 1248, 26, 7.69%, 0, 0, 3, 9.03
1747836537, 0, 579, 1251, 1248, 26, 7.69%, 0, 0, 3, 9.17
1747836552, 0, 580, 1251, 1248, 26, 7.69%, 0, 0, 3, 9.01
1747836557, 0, 580, 1252, 1249, 26, 7.69%, 0, 0, 3, 8.60
1747836578, 0, 582, 1252, 1249, 26, 7.69%, 0, 0, 3, 9.04
1747836593, 0, 584, 1252, 1249, 26, 7.69%, 0, 0, 3, 9.06
1747836608, 0, 585, 1252, 1249, 26, 7.69%, 0, 0, 3, 9.06
1747836624, 0, 586, 1252, 1249, 26, 7.69%, 0, 0, 3, 8.99
1747836634, 0, 587, 1252, 1249, 26, 7.69%, 0, 0, 3, 8.98
1747836649, 0, 588, 1252, 1249, 26, 7.69%, 0, 0, 3, 9.10
1747836664, 0, 589, 1252, 1249, 26, 7.69%, 0, 0, 3, 9.16
1747836679, 0, 590, 1252, 1249, 26, 7.69%, 0, 0, 3, 9.13
1747836690, 0, 591, 1252, 1249, 26, 7.69%, 0, 0, 3, 9.12
1747836705, 0, 592, 1252, 1249, 26, 7.69%, 0, 0, 3, 9.14
1747836720, 0, 593, 1252, 1249, 26, 7.69%, 0, 0, 3, 9.06
1747836735, 0, 594, 1252, 1249, 26, 7.69%, 0, 0, 3, 9.06
1747836745, 0, 594, 1253, 1250, 26, 7.69%, 0, 0, 3, 8.98
1747836766, 0, 595, 1253, 1250, 26, 7.69%, 0, 0, 3, 8.92
1747836776, 0, 596, 1253, 1250, 26, 7.69%, 0, 0, 3, 8.94
1747836791, 0, 597, 1253, 1250, 26, 7.69%, 0, 0, 3, 9.05
1747836807, 0, 598, 1253, 1250, 26, 7.69%, 0, 0, 3, 8.98
1747836822, 0, 599, 1253, 1250, 26, 7.69%, 0, 0, 3, 9.02
1747836832, 0, 600, 1253, 1250, 26, 7.69%, 0, 0, 3, 9.02
1747836847, 0, 601, 1253, 1250, 26, 7.69%, 0, 0, 3, 9.07
1747836863, 0, 602, 1253, 1250, 26, 7.69%, 0, 0, 3, 9.11
1747836878, 0, 604, 1253, 1250, 26, 7.69%, 0, 0, 3, 8.96
1747836893, 0, 605, 1253, 1250, 26, 7.69%, 0, 0, 3, 9.05
1747836904, 0, 609, 1253, 1250, 26, 7.69%, 0, 0, 3, 8.98
1747836919, 0, 611, 1253, 1250, 26, 7.69%, 0, 0, 3, 8.99
1747836934, 0, 612, 1253, 1250, 26, 7.69%, 0, 0, 3, 9.02
1747836949, 0, 613, 1253, 1250, 26, 7.69%, 0, 0, 3, 9.09
1747836965, 0, 614, 1253, 1250, 26, 7.69%, 0, 0, 3, 8.99
1747836975, 0, 615, 1253, 1250, 26, 7.69%, 0, 0, 3, 8.97
1747836990, 0, 616, 1253, 1250, 26, 7.69%, 0, 0, 3, 9.08
1747837006, 0, 617, 1253, 1250, 26, 7.69%, 0, 0, 3, 9.20
1747837021, 0, 618, 1253, 1250, 26, 7.69%, 0, 0, 3, 9.11
1747837031, 0, 620, 1253, 1250, 26, 7.69%, 0, 0, 3, 8.99
1747837046, 0, 621, 1253, 1250, 26, 7.69%, 0, 0, 3, 9.03
1747837062, 0, 622, 1253, 1250, 26, 7.69%, 0, 0, 3, 8.92
1747837072, 0, 622, 1254, 1251, 26, 7.69%, 0, 0, 3, 8.70
1747837092, 0, 623, 1254, 1251, 26, 7.69%, 0, 0, 3, 8.95
1747837108, 0, 624, 1254, 1251, 26, 7.69%, 0, 0, 3, 9.03
1747837118, 0, 625, 1254, 1251, 26, 7.69%, 0, 0, 3, 9.09
1747837133, 0, 626, 1254, 1251, 26, 7.69%, 0, 0, 3, 9.11
1747837148, 0, 627, 1254, 1251, 26, 7.69%, 0, 0, 3, 9.10
1747837164, 0, 628, 1254, 1251, 26, 7.69%, 0, 0, 3, 8.96
1747837174, 0, 629, 1254, 1251, 26, 7.69%, 0, 0, 3, 8.97
1747837189, 0, 630, 1254, 1251, 26, 7.69%, 0, 0, 3, 9.10
1747837204, 0, 631, 1254, 1251, 26, 7.69%, 0, 0, 3, 8.97
1747837220, 0, 632, 1254, 1251, 26, 7.69%, 0, 0, 3, 9.02
1747837235, 0, 635, 1254, 1251, 26, 7.69%, 0, 0, 3, 9.04
1747837245, 0, 637, 1254, 1251, 26, 7.69%, 0, 0, 3, 9.00
1747837261, 0, 640, 1254, 1251, 26, 7.69%, 0, 0, 3, 8.99
1747837276, 0, 643, 1254, 1251, 26, 7.69%, 0, 0, 3, 8.98
1747837291, 0, 644, 1254, 1251, 26, 7.69%, 0, 0, 3, 9.07
1747837302, 0, 645, 1254, 1251, 26, 7.69%, 0, 0, 3, 9.03
1747837317, 0, 647, 1254, 1251, 26, 7.69%, 0, 0, 3, 9.10
1747837332, 0, 648, 1254, 1251, 26, 7.69%, 0, 0, 3, 9.06
1747837347, 0, 650, 1254, 1251, 26, 7.69%, 0, 0, 3, 8.92
1747837363, 0, 652, 1254, 1251, 26, 7.69%, 0, 0, 3, 8.91
1747837373, 0, 653, 1254, 1251, 26, 7.69%, 0, 0, 3, 8.80
1747837388, 0, 655, 1254, 1251, 26, 7.69%, 0, 0, 3, 8.96
1747837404, 0, 656, 1254, 1251, 26, 7.69%, 0, 0, 3, 9.05
1747837419, 0, 657, 1254, 1251, 26, 7.69%, 0, 0, 3, 8.93
1747837435, 0, 660, 1254, 1251, 26, 7.69%, 0, 0, 3, 9.04
1747837445, 0, 661, 1254, 1251, 26, 7.69%, 0, 0, 3, 9.05
1747837460, 0, 662, 1254, 1251, 26, 7.69%, 0, 0, 3, 9.11
1747837475, 0, 665, 1254, 1251, 26, 7.69%, 0, 0, 3, 9.09
1747837491, 0, 666, 1254, 1251, 26, 7.69%, 0, 0, 3, 8.97
1747837501, 0, 669, 1254, 1251, 26, 7.69%, 0, 0, 3, 9.05
1747837516, 0, 670, 1254, 1251, 26, 7.69%, 0, 0, 3, 9.04
1747837532, 0, 671, 1254, 1251, 26, 7.69%, 0, 0, 3, 9.09
1747837547, 0, 672, 1254, 1251, 26, 7.69%, 0, 0, 3, 9.11
1747837557, 0, 673, 1254, 1251, 26, 7.69%, 0, 0, 3, 9.04
1747837572, 0, 674, 1254, 1251, 26, 7.69%, 0, 0, 3, 9.05
1747837588, 0, 675, 1254, 1251, 26, 7.69%, 0, 0, 3, 8.85
1747837603, 0, 676, 1254, 1251, 26, 7.69%, 0, 0, 3, 8.98
1747837618, 0, 677, 1254, 1251, 26, 7.69%, 0, 0, 3, 9.08
1747837629, 0, 679, 1254, 1251, 26, 7.69%, 0, 0, 3, 9.16
1747837644, 0, 681, 1254, 1251, 26, 7.69%, 0, 0, 3, 8.96
1747837659, 0, 682, 1254, 1251, 26, 7.69%, 0, 0, 3, 8.97
1747837665, 0, 682, 1255, 1252, 26, 7.69%, 0, 0, 3, 9.00
1747837690, 0, 683, 1255, 1252, 26, 7.69%, 0, 0, 3, 8.92
1747837700, 0, 684, 1255, 1252, 26, 7.69%, 0, 0, 3, 8.89
1747837716, 0, 685, 1255, 1252, 26, 7.69%, 0, 0, 3, 9.16
1747837731, 0, 686, 1255, 1252, 26, 7.69%, 0, 0, 3, 8.98
1747837746, 0, 687, 1255, 1252, 26, 7.69%, 0, 0, 3, 9.06
1747837761, 0, 688, 1255, 1252, 26, 7.69%, 0, 0, 3, 9.16
1747837772, 0, 689, 1255, 1252, 26, 7.69%, 0, 0, 3, 8.98
1747837787, 0, 691, 1255, 1252, 26, 7.69%, 0, 0, 3, 9.00
1747837803, 0, 692, 1255, 1252, 26, 7.69%, 0, 0, 3, 9.07
1747837818, 0, 693, 1255, 1252, 26, 7.69%, 0, 0, 3, 9.04
1747837828, 0, 695, 1255, 1252, 26, 7.69%, 0, 0, 3, 9.14
1747837843, 0, 697, 1255, 1252, 26, 7.69%, 0, 0, 3, 9.12
1747837858, 0, 698, 1255, 1252, 26, 7.69%, 0, 0, 3, 8.98
1747837874, 0, 699, 1255, 1252, 26, 7.69%, 0, 0, 3, 8.94
1747837889, 0, 700, 1255, 1252, 26, 7.69%, 0, 0, 3, 9.00
1747837899, 0, 701, 1255, 1252, 26, 7.69%, 0, 0, 3, 9.04
1747837915, 0, 702, 1255, 1252, 26, 7.69%, 0, 0, 3, 8.88
1747837930, 0, 703, 1255, 1252, 26, 7.69%, 0, 0, 3, 9.00
1747837945, 0, 704, 1255, 1252, 26, 7.69%, 0, 0, 3, 9.02
1747837956, 0, 705, 1255, 1252, 26, 7.69%, 0, 0, 3, 9.07
1747837971, 0, 706, 1255, 1252, 26, 7.69%, 0, 0, 3, 9.05
1747837986, 0, 707, 1255, 1252, 26, 7.69%, 0, 0, 3, 8.97
1747838002, 0, 708, 1255, 1252, 26, 7.69%, 0, 0, 3, 9.03
1747838017, 0, 709, 1255, 1252, 26, 7.69%, 0, 0, 3, 9.13
1747838027, 0, 710, 1255, 1252, 26, 7.69%, 0, 0, 3, 9.12
1747838042, 0, 711, 1255, 1252, 26, 7.69%, 0, 0, 3, 9.15
1747838058, 0, 712, 1255, 1252, 26, 7.69%, 0, 0, 3, 9.01
1747838073, 0, 713, 1255, 1252, 26, 7.69%, 0, 0, 3, 9.02
1747838083, 0, 714, 1255, 1252, 26, 7.69%, 0, 0, 3, 8.93
1747838099, 0, 715, 1255, 1252, 26, 7.69%, 0, 0, 3, 8.90
1747838114, 0, 716, 1255, 1252, 26, 7.69%, 0, 0, 3, 8.88
1747838130, 0, 717, 1255, 1252, 26, 7.69%, 0, 0, 3, 9.01
1747838145, 0, 718, 1256, 1253, 26, 7.69%, 0, 0, 3, 9.04
1747838170, 0, 720, 1256, 1253, 26, 7.69%, 0, 0, 3, 9.06
1747838186, 0, 721, 1256, 1253, 26, 7.69%, 0, 0, 3, 8.98
1747838201, 0, 722, 1256, 1253, 26, 7.69%, 0, 0, 3, 8.98
1747838216, 0, 723, 1256, 1253, 26, 7.69%, 0, 0, 3, 8.97
1747838232, 0, 724, 1256, 1253, 26, 7.69%, 0, 0, 3, 8.97
1747838242, 0, 725, 1256, 1253, 26, 7.69%, 0, 0, 3, 8.92
1747838257, 0, 726, 1256, 1253, 26, 7.69%, 0, 0, 3, 9.06
1747838272, 0, 727, 1256, 1253, 26, 7.69%, 0, 0, 3, 9.00
1747838288, 0, 728, 1256, 1253, 26, 7.69%, 0, 0, 3, 8.91
1747838298, 0, 729, 1256, 1253, 26, 7.69%, 0, 0, 3, 8.86
1747838314, 0, 730, 1256, 1253, 26, 7.69%, 0, 0, 3, 9.08
1747838329, 0, 731, 1256, 1253, 26, 7.69%, 0, 0, 3, 9.06
1747838344, 0, 732, 1256, 1253, 26, 7.69%, 0, 0, 3, 9.08
1747838354, 0, 734, 1256, 1253, 26, 7.69%, 0, 0, 3, 9.12
1747838370, 0, 735, 1256, 1253, 26, 7.69%, 0, 0, 3, 9.08
1747838385, 0, 737, 1256, 1253, 26, 7.69%, 0, 0, 3, 9.15
1747838400, 0, 740, 1256, 1253, 26, 7.69%, 0, 0, 3, 9.06
1747838415, 0, 742, 1256, 1253, 26, 7.69%, 0, 0, 3, 9.00
1747838426, 0, 742, 1257, 1254, 26, 7.69%, 0, 0, 3, 8.91
1747838441, 0, 743, 1257, 1254, 26, 7.69%, 0, 0, 3, 9.01
1747838456, 0, 745, 1257, 1254, 26, 7.69%, 0, 0, 3, 9.04
1747838471, 0, 746, 1257, 1254, 26, 7.69%, 0, 0, 3, 9.10
1747838487, 0, 747, 1257, 1254, 26, 7.69%, 0, 0, 3, 9.01
1747838497, 0, 748, 1257, 1254, 26, 7.69%, 0, 0, 3, 8.91
1747838512, 0, 750, 1257, 1254, 26, 7.69%, 0, 0, 3, 9.00
1747838528, 0, 751, 1258, 1255, 26, 7.69%, 0, 0, 3, 9.11
1747838558, 0, 752, 1258, 1255, 26, 7.69%, 0, 0, 3, 9.18
1747838568, 0, 753, 1258, 1255, 26, 7.69%, 0, 0, 3, 9.14
1747838584, 0, 754, 1258, 1255, 26, 7.69%, 0, 0, 3, 9.08
1747838599, 0, 755, 1258, 1255, 26, 7.69%, 0, 0, 3, 9.00
1747838614, 0, 756, 1258, 1255, 26, 7.69%, 0, 0, 3, 8.97
1747838630, 0, 758, 1258, 1255, 26, 7.69%, 0, 0, 3, 8.98
1747838640, 0, 759, 1258, 1255, 26, 7.69%, 0, 0, 3, 9.01
1747838655, 0, 760, 1258, 1255, 26, 7.69%, 0, 0, 3, 9.08
1747838670, 0, 761, 1258, 1255, 26, 7.69%, 0, 0, 3, 9.03
1747838686, 0, 764, 1258, 1255, 26, 7.69%, 0, 0, 3, 9.01
1747838696, 0, 765, 1258, 1255, 26, 7.69%, 0, 0, 3, 9.18
1747838711, 0, 766, 1258, 1255, 26, 7.69%, 0, 0, 3, 9.08
1747838726, 0, 768, 1258, 1255, 26, 7.69%, 0, 0, 3, 8.86
1747838742, 0, 769, 1258, 1255, 26, 7.69%, 0, 0, 3, 8.95
1747838757, 0, 770, 1258, 1255, 26, 7.69%, 0, 0, 3, 8.96
1747838768, 0, 772, 1258, 1255, 26, 7.69%, 0, 0, 3, 9.07
1747838783, 0, 773, 1258, 1255, 26, 7.69%, 0, 0, 3, 9.08
1747838798, 0, 775, 1258, 1255, 26, 7.69%, 0, 0, 3, 9.10
1747838814, 0, 776, 1258, 1255, 26, 7.69%, 0, 0, 3, 8.93
1747838824, 0, 777, 1258, 1255, 26, 7.69%, 0, 0, 3, 8.88
1747838840, 0, 778, 1258, 1255, 26, 7.69%, 0, 0, 3, 12.29
1747841638, 0, 779, 1258, 1254, 25, 7.69%, 0, 0, 3, 15.48
1747841654, 0, 780, 1258, 1254, 25, 7.69%, 0, 0, 3, 9.25
1747841669, 0, 781, 1258, 1254, 25, 7.69%, 0, 0, 3, 9.36
1747841679, 0, 782, 1258, 1254, 25, 7.69%, 0, 0, 3, 9.40
1747841695, 0, 783, 1258, 1254, 25, 7.69%, 0, 0, 3, 9.28
1747841710, 0, 785, 1258, 1254, 25, 7.69%, 0, 0, 3, 9.27
1747841726, 0, 786, 1258, 1254, 25, 7.69%, 0, 0, 3, 9.12
1747841736, 0, 787, 1258, 1254, 25, 7.69%, 0, 0, 3, 9.18
1747841751, 0, 788, 1258, 1254, 25, 7.69%, 0, 0, 3, 9.39
1747841766, 0, 789, 1258, 1254, 25, 7.69%, 0, 0, 3, 9.40
1747841777, 0, 790, 1258, 1254, 25, 7.69%, 0, 0, 3, 9.40
1747841792, 0, 791, 1258, 1254, 25, 7.69%, 0, 0, 3, 9.27
1747841807, 0, 792, 1259, 1255, 25, 7.69%, 0, 0, 3, 9.17
1747841833, 0, 793, 1259, 1255, 25, 7.69%, 0, 0, 3, 9.37
1747841849, 0, 794, 1259, 1255, 25, 7.69%, 0, 0, 3, 9.22
1747841859, 0, 795, 1259, 1255, 25, 7.69%, 0, 0, 3, 9.10
1747841874, 0, 795, 1260, 1256, 25, 7.69%, 0, 0, 3, 9.40
1747841890, 0, 798, 1261, 1257, 25, 7.69%, 0, 0, 3, 9.14
1747841905, 0, 798, 1262, 1258, 25, 7.69%, 0, 0, 3, 9.06
1747841946, 0, 800, 1262, 1258, 25, 7.69%, 0, 0, 3, 9.05
1747841961, 0, 801, 1262, 1258, 25, 7.69%, 0, 0, 3, 9.13
1747841976, 0, 802, 1262, 1258, 25, 7.69%, 0, 0, 3, 9.35
1747841992, 0, 803, 1262, 1258, 25, 7.69%, 0, 0, 3, 9.29
1747842002, 0, 805, 1262, 1258, 25, 7.69%, 0, 0, 3, 9.39
1747842017, 0, 806, 1262, 1258, 25, 7.69%, 0, 0, 3, 9.26
1747842033, 0, 807, 1262, 1258, 25, 7.69%, 0, 0, 3, 14.34
1747842038, 0, 808, 1262, 1258, 25, 7.69%, 0, 0, 3, 15.69
1747842048, 0, 809, 1262, 1258, 25, 7.69%, 0, 0, 3, 15.77
1747842053, 0, 810, 1262, 1258, 25, 7.69%, 0, 0, 3, 15.48
1747842063, 0, 813, 1262, 1258, 25, 7.69%, 0, 0, 3, 15.41
1747842074, 0, 814, 1262, 1258, 25, 7.69%, 0, 0, 3, 15.73
1747842079, 0, 815, 1262, 1258, 25, 7.69%, 0, 0, 3, 15.78
1747842089, 0, 817, 1262, 1258, 25, 7.69%, 0, 0, 3, 15.92
1747842094, 0, 818, 1262, 1258, 25, 7.69%, 0, 0, 3, 15.90
1747842104, 0, 819, 1262, 1258, 25, 7.69%, 0, 0, 3, 15.78
1747842109, 0, 820, 1262, 1258, 25, 7.69%, 0, 0, 3, 15.67
1747842119, 0, 821, 1262, 1258, 25, 7.69%, 0, 0, 3, 15.56
1747842130, 0, 822, 1262, 1258, 25, 7.69%, 0, 0, 3, 15.88
1747842135, 0, 823, 1262, 1258, 25, 7.69%, 0, 0, 3, 15.92
1747842145, 0, 824, 1262, 1258, 25, 7.69%, 0, 0, 3, 15.85
1747842150, 0, 825, 1262, 1258, 25, 7.69%, 0, 0, 3, 15.96
1747842160, 0, 826, 1262, 1258, 25, 7.69%, 0, 0, 3, 15.59
1747842171, 0, 827, 1262, 1258, 25, 7.69%, 0, 0, 3, 15.65
1747842176, 0, 828, 1262, 1258, 25, 7.69%, 0, 0, 3, 15.80
1747842186, 0, 829, 1262, 1258, 25, 7.69%, 0, 0, 3, 15.68
1747842191, 0, 830, 1262, 1258, 25, 7.69%, 0, 0, 3, 15.61
1747842201, 0, 831, 1262, 1258, 25, 7.69%, 0, 0, 3, 15.68
1747842211, 0, 832, 1262, 1258, 25, 7.69%, 0, 0, 3, 15.32
1747842216, 0, 833, 1262, 1258, 25, 7.69%, 0, 0, 3, 15.37
1747842227, 0, 834, 1262, 1258, 25, 7.69%, 0, 0, 3, 15.85
1747842232, 0, 835, 1262, 1258, 25, 7.69%, 0, 0, 3, 15.79
1747842242, 0, 836, 1262, 1258, 25, 7.69%, 0, 0, 3, 15.69
1747842252, 0, 837, 1262, 1258, 25, 7.69%, 0, 0, 3, 15.51
1747842257, 0, 838, 1262, 1258, 25, 7.69%, 0, 0, 3, 15.49
1747842262, 0, 838, 1263, 1259, 25, 7.69%, 0, 0, 3, 15.64
1747842278, 0, 839, 1263, 1259, 25, 7.69%, 0, 0, 3, 16.00
1747842283, 0, 840, 1263, 1259, 25, 7.69%, 0, 0, 3, 15.93
1747842293, 0, 841, 1263, 1259, 25, 7.69%, 0, 0, 3, 15.59
1747842298, 0, 842, 1263, 1259, 25, 7.69%, 0, 0, 3, 15.58
1747842308, 0, 843, 1263, 1259, 25, 7.69%, 0, 0, 3, 15.88
1747842318, 0, 844, 1263, 1259, 25, 7.69%, 0, 0, 3, 15.91
1747842323, 0, 845, 1263, 1259, 25, 7.69%, 0, 0, 3, 15.83
1747842333, 0, 845, 1264, 1260, 25, 7.69%, 0, 0, 3, 15.70
1747842338, 0, 847, 1264, 1260, 25, 7.69%, 0, 0, 3, 15.59
1747842349, 0, 848, 1264, 1260, 25, 7.69%, 0, 0, 3, 15.50
1747842359, 0, 849, 1264, 1260, 25, 7.69%, 0, 0, 3, 15.80
1747842364, 0, 850, 1264, 1260, 25, 7.69%, 0, 0, 3, 15.62
1747842374, 0, 851, 1264, 1260, 25, 7.69%, 0, 0, 3, 15.35
1747842379, 0, 852, 1264, 1260, 25, 7.69%, 0, 0, 3, 15.26
1747842390, 0, 854, 1264, 1260, 25, 7.69%, 0, 0, 3, 15.70
1747842400, 0, 855, 1264, 1260, 25, 7.69%, 0, 0, 3, 15.91
1747842405, 0, 856, 1264, 1260, 25, 7.69%, 0, 0, 3, 15.95
1747842415, 0, 857, 1264, 1260, 25, 7.69%, 0, 0, 3, 15.70
1747842420, 0, 858, 1264, 1260, 25, 7.69%, 0, 0, 3, 15.79
1747842430, 0, 859, 1264, 1260, 25, 7.69%, 0, 0, 3, 15.83
1747842440, 0, 861, 1264, 1260, 25, 7.69%, 0, 0, 3, 15.37
1747842446, 0, 863, 1264, 1260, 25, 7.69%, 0, 0, 3, 15.53
1747842456, 0, 864, 1264, 1260, 25, 7.69%, 0, 0, 3, 15.86
1747842461, 0, 867, 1264, 1260, 25, 7.69%, 0, 0, 3, 15.89
1747842471, 0, 868, 1264, 1260, 25, 7.69%, 0, 0, 3, 15.46
1747842481, 0, 869, 1264, 1260, 25, 7.69%, 0, 0, 3, 15.49
1747842486, 0, 870, 1264, 1260, 25, 7.69%, 0, 0, 3, 15.73
1747842496, 0, 871, 1264, 1260, 25, 7.69%, 0, 0, 3, 15.87
1747842506, 0, 872, 1264, 1260, 25, 7.69%, 0, 0, 3, 15.66
1747842511, 0, 873, 1264, 1260, 25, 7.69%, 0, 0, 3, 15.88
1747842522, 0, 874, 1264, 1260, 25, 7.69%, 0, 0, 3, 15.83
1747842527, 0, 876, 1264, 1260, 25, 7.69%, 0, 0, 3, 15.91
1747842537, 0, 877, 1264, 1260, 25, 7.69%, 0, 0, 3, 15.95
1747842547, 0, 878, 1264, 1260, 25, 7.69%, 0, 0, 3, 15.56
1747842552, 0, 879, 1264, 1260, 25, 7.69%, 0, 0, 3, 15.72
1747842562, 0, 880, 1264, 1260, 25, 7.69%, 0, 0, 3, 15.86
1747842567, 0, 881, 1264, 1260, 25, 7.69%, 0, 0, 3, 16.08
1747842578, 0, 882, 1264, 1260, 25, 7.69%, 0, 0, 3, 15.98
1747842583, 0, 883, 1264, 1260, 25, 7.69%, 0, 0, 3, 15.63
1747842593, 0, 884, 1264, 1260, 25, 7.69%, 0, 0, 3, 15.82
1747842603, 0, 885, 1264, 1260, 25, 7.69%, 0, 0, 3, 15.98
1747842608, 0, 886, 1264, 1260, 25, 7.69%, 0, 0, 3, 15.74
1747842619, 0, 887, 1264, 1260, 25, 7.69%, 0, 0, 3, 15.46
1747842624, 0, 889, 1264, 1260, 25, 7.69%, 0, 0, 3, 15.77
1747842634, 0, 890, 1264, 1260, 25, 7.69%, 0, 0, 3, 15.50
1747842644, 0, 891, 1264, 1260, 25, 7.69%, 0, 0, 3, 15.52
1747842649, 0, 892, 1264, 1260, 25, 7.69%, 0, 0, 3, 15.38
1747842659, 0, 893, 1264, 1260, 25, 7.69%, 0, 0, 3, 15.63
1747842665, 0, 894, 1264, 1260, 25, 7.69%, 0, 0, 3, 15.94
1747842675, 0, 895, 1264, 1260, 25, 7.69%, 0, 0, 3, 15.83
1747842685, 0, 897, 1264, 1260, 25, 7.69%, 0, 0, 3, 15.97
1747842690, 0, 899, 1264, 1260, 25, 7.69%, 0, 0, 3, 15.73
1747842700, 0, 900, 1264, 1260, 25, 7.69%, 0, 0, 3, 15.71
1747842706, 0, 901, 1264, 1260, 25, 7.69%, 0, 0, 3, 15.73
1747842716, 0, 902, 1264, 1260, 25, 7.69%, 0, 0, 3, 15.77
1747842726, 0, 903, 1264, 1260, 25, 7.69%, 0, 0, 3, 15.64
1747842731, 0, 904, 1264, 1260, 25, 7.69%, 0, 0, 3, 15.57
1747842741, 0, 905, 1264, 1260, 25, 7.69%, 0, 0, 3, 15.27
1747842746, 0, 907, 1264, 1260, 25, 7.69%, 0, 0, 3, 15.13
1747842757, 0, 908, 1264, 1260, 25, 7.69%, 0, 0, 3, 15.68
1747842767, 0, 909, 1264, 1260, 25, 7.69%, 0, 0, 3, 15.58
1747842772, 0, 910, 1264, 1260, 25, 7.69%, 0, 0, 3, 15.75
1747842782, 0, 911, 1264, 1260, 25, 7.69%, 0, 0, 3, 15.83
1747842787, 0, 912, 1264, 1260, 25, 7.69%, 0, 0, 3, 15.74
1747842798, 0, 913, 1264, 1260, 25, 7.69%, 0, 0, 3, 15.88
1747842808, 0, 914, 1264, 1260, 25, 7.69%, 0, 0, 3, 15.78
1747842813, 0, 916, 1264, 1260, 25, 7.69%, 0, 0, 3, 15.80
1747842823, 0, 917, 1264, 1260, 25, 7.69%, 0, 0, 3, 15.89
1747842828, 0, 918, 1264, 1260, 25, 7.69%, 0, 0, 3, 15.92
1747842838, 0, 919, 1264, 1260, 25, 7.69%, 0, 0, 3, 15.66
1747842843, 0, 920, 1264, 1260, 25, 7.69%, 0, 0, 3, 16.06
1747842854, 0, 922, 1264, 1260, 25, 7.69%, 0, 0, 3, 15.88
1747842864, 0, 923, 1264, 1260, 25, 7.69%, 0, 0, 3, 16.00
1747842869, 0, 924, 1264, 1260, 25, 7.69%, 0, 0, 3, 15.98
1747842879, 0, 925, 1264, 1260, 25, 7.69%, 0, 0, 3, 15.78
1747842884, 0, 926, 1264, 1260, 25, 7.69%, 0, 0, 3, 15.63
1747842894, 0, 929, 1264, 1260, 25, 7.69%, 0, 0, 3, 15.69
1747842905, 0, 930, 1264, 1260, 25, 7.69%, 0, 0, 3, 15.29
1747842910, 0, 931, 1264, 1260, 25, 7.69%, 0, 0, 3, 15.42
1747842920, 0, 933, 1264, 1260, 25, 7.69%, 0, 0, 3, 15.84
1747842925, 0, 934, 1264, 1260, 25, 7.69%, 0, 0, 3, 15.72
1747842935, 0, 935, 1264, 1260, 25, 7.69%, 0, 0, 3, 15.42
1747842940, 0, 935, 1265, 1261, 25, 7.69%, 0, 0, 3, 15.59
1747842950, 0, 936, 1265, 1261, 25, 7.69%, 0, 0, 3, 15.68
1747842960, 0, 937, 1265, 1261, 25, 7.69%, 0, 0, 3, 15.45
1747842971, 0, 938, 1265, 1261, 25, 7.69%, 0, 0, 3, 15.87
1747842976, 0, 940, 1265, 1261, 25, 7.69%, 0, 0, 3, 15.78
1747842986, 0, 941, 1265, 1261, 25, 7.69%, 0, 0, 3, 15.47
1747842991, 0, 942, 1265, 1261, 25, 7.69%, 0, 0, 3, 15.25
1747843001, 0, 943, 1265, 1261, 25, 7.69%, 0, 0, 3, 15.49
1747843011, 0, 944, 1265, 1261, 25, 7.69%, 0, 0, 3, 15.18
1747843016, 0, 945, 1265, 1261, 25, 7.69%, 0, 0, 3, 15.14
1747843027, 0, 946, 1265, 1261, 25, 7.69%, 0, 0, 3, 15.59
1747843037, 0, 947, 1265, 1261, 25, 7.69%, 0, 0, 3, 15.80
1747843042, 0, 948, 1265, 1261, 25, 7.69%, 0, 0, 3, 15.64
1747843052, 0, 949, 1265, 1261, 25, 7.69%, 0, 0, 3, 15.66
1747843057, 0, 950, 1265, 1261, 25, 7.69%, 0, 0, 3, 15.87
1747843068, 0, 951, 1265, 1261, 25, 7.69%, 0, 0, 3, 15.86
1747843078, 0, 952, 1265, 1261, 25, 7.69%, 0, 0, 3, 15.59
1747843083, 0, 953, 1265, 1261, 25, 7.69%, 0, 0, 3, 15.38
1747843093, 0, 954, 1265, 1261, 25, 7.69%, 0, 0, 3, 15.46
1747843098, 0, 955, 1265, 1261, 25, 7.69%, 0, 0, 3, 15.38
1747843108, 0, 956, 1265, 1261, 25, 7.69%, 0, 0, 3, 15.56
1747843118, 0, 957, 1265, 1261, 25, 7.69%, 0, 0, 3, 15.68
1747843124, 0, 958, 1265, 1261, 25, 7.69%, 0, 0, 3, 15.69
1747843134, 0, 959, 1265, 1261, 25, 7.69%, 0, 0, 3, 15.39
1747843144, 0, 960, 1265, 1261, 25, 7.69%, 0, 0, 3, 15.39
1747843149, 0, 961, 1265, 1261, 25, 7.69%, 0, 0, 3, 15.51
1747843159, 0, 962, 1265, 1261, 25, 7.69%, 0, 0, 3, 15.25
1747843164, 0, 963, 1265, 1261, 25, 7.69%, 0, 0, 3, 15.56
1747843174, 0, 964, 1265, 1261, 25, 7.69%, 0, 0, 3, 15.85
1747843185, 0, 965, 1265, 1261, 25, 7.69%, 0, 0, 3, 15.71
1747843190, 0, 966, 1265, 1261, 25, 7.69%, 0, 0, 3, 15.57
1747843200, 0, 968, 1265, 1261, 25, 7.69%, 0, 0, 3, 14.91
1747843210, 0, 969, 1265, 1261, 25, 7.69%, 0, 0, 3, 15.53
1747843215, 0, 970, 1265, 1261, 25, 7.69%, 0, 0, 3, 15.59
1747843225, 0, 972, 1265, 1261, 25, 7.69%, 0, 0, 3, 15.91
1747843230, 0, 973, 1265, 1261, 25, 7.69%, 0, 0, 3, 17.72
1747843338, 0, 973, 1266, 1262, 25, 7.69%, 0, 0, 3, 23.34
1747846687, 0, 974, 1266, 1261, 24, 7.69%, 0, 0, 3, 13.05
1747846703, 0, 975, 1266, 1261, 24, 7.69%, 0, 0, 3, 9.22
1747846718, 0, 976, 1266, 1261, 24, 7.69%, 0, 0, 3, 9.28
1747846733, 0, 977, 1266, 1261, 24, 7.69%, 0, 0, 3, 9.08
1747846744, 0, 978, 1266, 1261, 24, 7.69%, 0, 0, 3, 9.26
1747846759, 0, 981, 1266, 1261, 24, 7.69%, 0, 0, 3, 9.28
1747846774, 0, 982, 1266, 1261, 24, 7.69%, 0, 0, 3, 9.14
1747846784, 0, 983, 1266, 1261, 24, 7.69%, 0, 0, 3, 9.16
1747846800, 0, 984, 1266, 1261, 24, 7.69%, 0, 0, 3, 9.14
1747846815, 0, 985, 1266, 1261, 24, 7.69%, 0, 0, 3, 9.23
1747846830, 0, 986, 1266, 1261, 24, 7.69%, 0, 0, 3, 9.08
1747846841, 0, 986, 1267, 1262, 24, 7.69%, 0, 0, 3, 9.03
1747846856, 0, 987, 1267, 1262, 24, 7.69%, 0, 0, 3, 8.98
1747846871, 0, 988, 1267, 1262, 24, 7.69%, 0, 0, 3, 9.18
1747846887, 0, 989, 1267, 1262, 24, 7.69%, 0, 0, 3, 9.37
1747846897, 0, 990, 1267, 1262, 24, 7.69%, 0, 0, 3, 9.37
1747846912, 0, 991, 1267, 1262, 24, 7.69%, 0, 0, 3, 9.16
1747846927, 0, 992, 1267, 1262, 24, 7.69%, 0, 0, 3, 9.38
1747846943, 0, 993, 1267, 1262, 24, 7.69%, 0, 0, 3, 9.40
1747846953, 0, 994, 1267, 1262, 24, 7.69%, 0, 0, 3, 9.44
1747846969, 0, 995, 1267, 1262, 24, 7.69%, 0, 0, 3, 9.32
1747846979, 0, 996, 1267, 1262, 24, 7.69%, 0, 0, 3, 9.41
1747846994, 0, 997, 1267, 1262, 24, 7.69%, 0, 0, 3, 9.29
1747847010, 0, 998, 1267, 1262, 24, 7.69%, 0, 0, 3, 9.36
1747847020, 0, 999, 1267, 1262, 24, 7.69%, 0, 0, 3, 9.35
1747847035, 0, 1000, 1267, 1262, 24, 7.69%, 0, 0, 3, 9.18
1747847051, 0, 1002, 1267, 1262, 24, 7.69%, 0, 0, 3, 9.14
1747847056, 0, 1002, 1268, 1263, 24, 7.69%, 0, 0, 3, 9.21
1747847081, 0, 1003, 1268, 1263, 24, 7.69%, 0, 0, 3, 9.33
1747847092, 0, 1004, 1268, 1263, 24, 7.69%, 0, 0, 3, 9.21
1747847107, 0, 1005, 1268, 1263, 24, 7.69%, 0, 0, 3, 9.15
1747847122, 0, 1006, 1268, 1263, 24, 7.69%, 0, 0, 3, 9.14
1747847133, 0, 1007, 1268, 1263, 24, 7.69%, 0, 0, 3, 9.09
1747847148, 0, 1008, 1268, 1263, 24, 7.69%, 0, 0, 3, 9.28
1747847163, 0, 1009, 1268, 1263, 24, 7.69%, 0, 0, 3, 9.47
1747847174, 0, 1010, 1268, 1263, 24, 7.69%, 0, 0, 3, 9.45
1747847189, 0, 1011, 1268, 1263, 24, 7.69%, 0, 0, 3, 9.28
1747847204, 0, 1012, 1268, 1263, 24, 7.69%, 0, 0, 3, 9.41
1747847215, 0, 1014, 1268, 1263, 24, 7.69%, 0, 0, 3, 9.40
1747847230, 0, 1015, 1268, 1263, 24, 7.69%, 0, 0, 3, 9.35
1747847246, 0, 1017, 1268, 1263, 24, 7.69%, 0, 0, 3, 9.28
1747847256, 0, 1019, 1268, 1263, 24, 7.69%, 0, 0, 3, 9.20
1747847271, 0, 1020, 1268, 1263, 24, 7.69%, 0, 0, 3, 9.03
1747847287, 0, 1021, 1268, 1263, 24, 7.69%, 0, 0, 3, 9.30
1747847302, 0, 1022, 1268, 1263, 24, 7.69%, 0, 0, 3, 9.21
1747847312, 0, 1023, 1268, 1263, 24, 7.69%, 0, 0, 3, 9.23
1747847328, 0, 1024, 1268, 1263, 24, 7.69%, 0, 0, 3, 9.41
1747847343, 0, 1025, 1268, 1263, 24, 7.69%, 0, 0, 3, 9.49
1747847353, 0, 1027, 1268, 1263, 24, 7.69%, 0, 0, 3, 9.40
1747847368, 0, 1028, 1268, 1263, 24, 7.69%, 0, 0, 3, 9.16
1747847384, 0, 1029, 1268, 1263, 24, 7.69%, 0, 0, 3, 9.06
1747847399, 0, 1030, 1268, 1263, 24, 7.69%, 0, 0, 3, 9.00
1747847409, 0, 1031, 1268, 1263, 24, 7.69%, 0, 0, 3, 9.00
1747847424, 0, 1034, 1268, 1263, 24, 7.69%, 0, 0, 3, 9.36
1747847440, 0, 1037, 1268, 1263, 24, 7.69%, 0, 0, 3, 9.01
1747847455, 0, 1038, 1268, 1263, 24, 7.69%, 0, 0, 3, 9.29
1747847465, 0, 1039, 1268, 1263, 24, 7.69%, 0, 0, 3, 9.32
1747847481, 0, 1040, 1268, 1263, 24, 7.69%, 0, 0, 3, 9.31
1747847496, 0, 1041, 1268, 1263, 24, 7.69%, 0, 0, 3, 9.40
1747847506, 0, 1042, 1268, 1263, 24, 7.69%, 0, 0, 3, 9.38
1747847522, 0, 1044, 1268, 1263, 24, 7.69%, 0, 0, 3, 9.33
1747847532, 0, 1045, 1268, 1263, 24, 7.69%, 0, 0, 3, 9.38
1747847548, 0, 1046, 1268, 1263, 24, 7.69%, 0, 0, 3, 9.39
1747847563, 0, 1047, 1268, 1263, 24, 7.69%, 0, 0, 3, 9.35
1747847573, 0, 1048, 1268, 1263, 24, 7.69%, 0, 0, 3, 9.22
1747847589, 0, 1049, 1268, 1263, 24, 7.69%, 0, 0, 3, 9.23
1747847604, 0, 1050, 1268, 1263, 24, 7.69%, 0, 0, 3, 9.32
1747847619, 0, 1052, 1268, 1263, 24, 7.69%, 0, 0, 3, 9.03
1747847630, 0, 1054, 1268, 1263, 24, 7.69%, 0, 0, 3, 8.96
1747847645, 0, 1055, 1268, 1263, 24, 7.69%, 0, 0, 3, 9.30
1747847660, 0, 1056, 1268, 1263, 24, 7.69%, 0, 0, 3, 9.16
1747847670, 0, 1057, 1268, 1263, 24, 7.69%, 0, 0, 3, 9.09
1747847686, 0, 1058, 1268, 1263, 24, 7.69%, 0, 0, 3, 9.07
1747847701, 0, 1059, 1268, 1263, 24, 7.69%, 0, 0, 3, 9.24
1747847717, 0, 1060, 1268, 1263, 24, 7.69%, 0, 0, 3, 9.37
1747847727, 0, 1061, 1268, 1263, 24, 7.69%, 0, 0, 3, 9.42
1747847742, 0, 1063, 1268, 1263, 24, 7.69%, 0, 0, 3, 9.35
1747847757, 0, 1064, 1268, 1263, 24, 7.69%, 0, 0, 3, 9.40
1747847768, 0, 1065, 1268, 1263, 24, 7.69%, 0, 0, 3, 9.36
1747847783, 0, 1066, 1268, 1263, 24, 7.69%, 0, 0, 3, 9.35
1747847799, 0, 1068, 1268, 1263, 24, 7.69%, 0, 0, 3, 9.29
1747847809, 0, 1069, 1268, 1263, 24, 7.69%, 0, 0, 3, 9.31
1747847824, 0, 1070, 1268, 1263, 24, 7.69%, 0, 0, 3, 9.41
1747847840, 0, 1072, 1268, 1263, 24, 7.69%, 0, 0, 3, 9.08
1747847850, 0, 1073, 1268, 1263, 24, 7.69%, 0, 0, 3, 8.95
1747847865, 0, 1074, 1268, 1263, 24, 7.69%, 0, 0, 3, 9.13
1747847881, 0, 1076, 1268, 1263, 24, 7.69%, 0, 0, 3, 9.41
1747847896, 0, 1078, 1268, 1263, 24, 7.69%, 0, 0, 3, 9.21
1747847906, 0, 1079, 1268, 1263, 24, 7.69%, 0, 0, 3, 9.35
1747847921, 0, 1080, 1268, 1263, 24, 7.69%, 0, 0, 3, 9.18
1747847937, 0, 1081, 1268, 1263, 24, 7.69%, 0, 0, 3, 8.93
1747847947, 0, 1082, 1268, 1263, 24, 7.69%, 0, 0, 3, 8.96
1747847962, 0, 1083, 1268, 1263, 24, 7.69%, 0, 0, 3, 9.19
1747847978, 0, 1084, 1268, 1263, 24, 7.69%, 0, 0, 3, 9.26
1747847993, 0, 1086, 1268, 1263, 24, 7.69%, 0, 0, 3, 9.33
1747848003, 0, 1087, 1268, 1263, 24, 7.69%, 0, 0, 3, 9.43
1747848019, 0, 1088, 1268, 1263, 24, 7.69%, 0, 0, 3, 9.31
1747848034, 0, 1090, 1268, 1263, 24, 7.69%, 0, 0, 3, 9.23
1747848044, 0, 1091, 1268, 1263, 24, 7.69%, 0, 0, 3, 9.27
1747848060, 0, 1092, 1268, 1263, 24, 7.69%, 0, 0, 3, 9.32
1747848075, 0, 1095, 1268, 1263, 24, 7.69%, 0, 0, 3, 9.24
1747848085, 0, 1096, 1268, 1263, 24, 7.69%, 0, 0, 3, 9.16
1747848101, 0, 1097, 1268, 1263, 24, 7.69%, 0, 0, 3, 9.33
1747848116, 0, 1098, 1268, 1263, 24, 7.69%, 0, 0, 3, 9.33
1747848126, 0, 1099, 1268, 1263, 24, 7.69%, 0, 0, 3, 9.29
1747848141, 0, 1100, 1268, 1263, 24, 7.69%, 0, 0, 3, 9.42
1747848157, 0, 1101, 1268, 1263, 24, 7.69%, 0, 0, 3, 9.38
1747848167, 0, 1102, 1268, 1263, 24, 7.69%, 0, 0, 3, 9.45
1747848182, 0, 1103, 1268, 1263, 24, 7.69%, 0, 0, 3, 9.12
1747848198, 0, 1104, 1268, 1263, 24, 7.69%, 0, 0, 3, 9.09
1747848213, 0, 1106, 1268, 1263, 24, 7.69%, 0, 0, 3, 9.35
1747848223, 0, 1107, 1268, 1263, 24, 7.69%, 0, 0, 3, 9.38
1747848239, 0, 1108, 1268, 1263, 24, 7.69%, 0, 0, 3, 9.43
1747848254, 0, 1109, 1268, 1263, 24, 7.69%, 0, 0, 3, 9.31
1747848265, 0, 1110, 1268, 1263, 24, 7.69%, 0, 0, 3, 9.32
1747848280, 0, 1112, 1268, 1263, 24, 7.69%, 0, 0, 3, 9.32
1747848295, 0, 1113, 1268, 1263, 24, 7.69%, 0, 0, 3, 9.39
1747848306, 0, 1114, 1268, 1263, 24, 7.69%, 0, 0, 3, 9.21
1747848321, 0, 1115, 1268, 1263, 24, 7.69%, 0, 0, 3, 8.98
1747848336, 0, 1117, 1268, 1263, 24, 7.69%, 0, 0, 3, 9.15
1747848352, 0, 1118, 1268, 1263, 24, 7.69%, 0, 0, 3, 9.10
1747848362, 0, 1119, 1268, 1263, 24, 7.69%, 0, 0, 3, 8.92
1747848378, 0, 1120, 1268, 1263, 24, 7.69%, 0, 0, 3, 9.10
1747848393, 0, 1121, 1268, 1263, 24, 7.69%, 0, 0, 3, 9.26
1747848403, 0, 1122, 1268, 1263, 24, 7.69%, 0, 0, 3, 9.37
1747848419, 0, 1123, 1268, 1263, 24, 7.69%, 0, 0, 3, 9.28
1747848434, 0, 1124, 1268, 1263, 24, 7.69%, 0, 0, 3, 9.39
1747848444, 0, 1125, 1268, 1263, 24, 7.69%, 0, 0, 3, 9.35
1747848460, 0, 1126, 1268, 1263, 24, 7.69%, 0, 0, 3, 9.14
1747848475, 0, 1127, 1268, 1263, 24, 7.69%, 0, 0, 3, 9.07
1747848491, 0, 1128, 1268, 1263, 24, 7.69%, 0, 0, 3, 10.28
1747853918, 0, 1129, 1268, 1262, 23, 7.69%, 0, 0, 3, 10.35
1747853933, 0, 1130, 1268, 1262, 23, 7.69%, 0, 0, 3, 9.18
1747853948, 0, 1132, 1268, 1262, 23, 7.69%, 0, 0, 3, 9.14
1747853963, 0, 1133, 1268, 1262, 23, 7.69%, 0, 0, 3, 9.25
1747853974, 0, 1134, 1268, 1262, 23, 7.69%, 0, 0, 3, 9.23
1747853989, 0, 1135, 1268, 1262, 23, 7.69%, 0, 0, 3, 9.23
1747854005, 0, 1136, 1268, 1262, 23, 7.69%, 0, 0, 3, 9.21
1747854015, 0, 1137, 1268, 1262, 23, 7.69%, 0, 0, 3, 9.28
1747854030, 0, 1138, 1268, 1262, 23, 7.69%, 0, 0, 3, 9.07
1747854046, 0, 1140, 1268, 1262, 23, 7.69%, 0, 0, 3, 9.13
1747854061, 0, 1141, 1268, 1262, 23, 7.69%, 0, 0, 3, 8.87
1747854071, 0, 1142, 1268, 1262, 23, 7.69%, 0, 0, 3, 9.02
1747854087, 0, 1143, 1268, 1262, 23, 7.69%, 0, 0, 3, 9.38
1747854102, 0, 1144, 1268, 1262, 23, 7.69%, 0, 0, 3, 9.35
1747854113, 0, 1145, 1268, 1262, 23, 7.69%, 0, 0, 3, 9.36
1747854128, 0, 1146, 1268, 1262, 23, 7.69%, 0, 0, 3, 9.09
1747854144, 0, 1147, 1268, 1262, 23, 7.69%, 0, 0, 3, 9.22
1747854154, 0, 1149, 1268, 1262, 23, 7.69%, 0, 0, 3, 9.34
1747854169, 0, 1150, 1268, 1262, 23, 7.69%, 0, 0, 3, 9.34
1747854184, 0, 1151, 1268, 1262, 23, 7.69%, 0, 0, 3, 9.40
1747854200, 0, 1152, 1268, 1262, 23, 7.69%, 0, 0, 3, 9.39
1747854210, 0, 1154, 1268, 1262, 23, 7.69%, 0, 0, 3, 9.24
1747854225, 0, 1155, 1268, 1262, 23, 7.69%, 0, 0, 3, 9.81
