# unix_time, cycles_done, cur_path, paths_total, pending_total, pending_favs, map_size, unique_crashes, unique_hangs, max_depth, execs_per_sec
1747817456, 0, 0, 1, 1, 1, 3.78%, 0, 0, 1, 55.17
1747817461, 0, 0, 20, 20, 1, 4.88%, 0, 0, 2, 51.27
1747817466, 0, 0, 37, 37, 1, 4.89%, 0, 0, 2, 49.65
1747817472, 0, 0, 55, 55, 1, 4.90%, 0, 0, 2, 48.86
1747817477, 0, 0, 71, 71, 1, 4.90%, 0, 0, 2, 46.51
1747817482, 0, 0, 83, 83, 1, 4.90%, 0, 0, 2, 47.99
1747817487, 0, 0, 95, 95, 1, 4.92%, 0, 0, 2, 58.47
1747817492, 0, 0, 105, 105, 1, 4.92%, 0, 0, 2, 77.20
1747817497, 0, 0, 115, 115, 1, 4.92%, 0, 0, 2, 85.46
1747817502, 0, 0, 132, 132, 1, 4.93%, 0, 0, 2, 82.23
1747817507, 0, 0, 146, 146, 1, 4.93%, 0, 0, 2, 83.91
1747817512, 0, 0, 157, 157, 1, 4.94%, 0, 0, 2, 85.10
1747817518, 0, 0, 167, 167, 1, 4.94%, 0, 0, 2, 70.42
1747817523, 0, 0, 172, 172, 1, 4.95%, 0, 0, 2, 84.09
1747817528, 0, 0, 181, 181, 1, 4.95%, 0, 0, 2, 87.57
1747817533, 0, 0, 187, 187, 1, 4.95%, 0, 0, 2, 89.19
1747817538, 0, 0, 192, 192, 1, 4.95%, 0, 0, 2, 90.77
1747817543, 0, 0, 196, 196, 1, 5.02%, 0, 0, 2, 90.31
1747817548, 0, 0, 200, 200, 1, 5.02%, 0, 0, 2, 90.63
1747817554, 0, 0, 203, 203, 1, 5.02%, 0, 0, 2, 91.52
1747817559, 0, 0, 207, 207, 1, 5.02%, 0, 0, 2, 89.89
1747817564, 0, 0, 213, 213, 1, 5.02%, 0, 0, 2, 90.08
1747817569, 0, 0, 218, 218, 1, 5.02%, 0, 0, 2, 89.45
1747817574, 0, 0, 219, 219, 1, 5.02%, 0, 0, 2, 90.67
1747817579, 0, 0, 220, 220, 1, 5.02%, 0, 0, 2, 91.20
1747817584, 0, 0, 221, 221, 1, 5.02%, 0, 0, 2, 91.53
1747817589, 0, 0, 225, 225, 1, 5.02%, 0, 0, 2, 90.30
1747817595, 0, 0, 226, 226, 1, 5.02%, 0, 0, 2, 91.95
1747817600, 0, 0, 231, 231, 1, 5.02%, 0, 0, 2, 88.11
1747817605, 0, 0, 234, 234, 1, 5.02%, 0, 0, 2, 88.61
1747817610, 0, 0, 238, 238, 1, 5.02%, 0, 0, 2, 87.19
1747817615, 0, 0, 239, 239, 1, 5.02%, 0, 0, 2, 80.41
1747817625, 0, 0, 240, 240, 1, 5.02%, 0, 0, 2, 54.24
1747817630, 0, 0, 241, 241, 1, 5.02%, 0, 0, 2, 53.05
1747817645, 0, 0, 242, 242, 1, 5.02%, 0, 0, 2, 53.60
1747817656, 0, 0, 244, 244, 1, 5.02%, 0, 0, 2, 52.97
1747817666, 0, 0, 245, 245, 1, 5.02%, 0, 0, 2, 53.87
1747817671, 0, 0, 246, 246, 1, 5.02%, 0, 0, 2, 53.45
1747817721, 0, 1, 252, 251, 11, 5.02%, 0, 0, 2, 47.32
1747817727, 0, 1, 268, 267, 11, 5.05%, 0, 0, 2, 35.72
1747817732, 0, 1, 283, 282, 11, 5.05%, 0, 0, 2, 32.64
1747817737, 0, 1, 293, 292, 11, 5.05%, 0, 0, 2, 33.57
1747817742, 0, 1, 304, 303, 11, 5.07%, 0, 0, 2, 32.90
1747817747, 0, 1, 314, 313, 11, 5.07%, 0, 0, 2, 33.46
1747817752, 0, 1, 322, 321, 11, 5.12%, 0, 0, 2, 32.74
1747817757, 0, 1, 331, 330, 11, 5.15%, 0, 0, 2, 32.37
1747817762, 0, 1, 338, 337, 11, 5.16%, 0, 0, 2, 32.06
1747817768, 0, 1, 343, 342, 11, 5.16%, 0, 0, 2, 32.82
1747817773, 0, 1, 351, 350, 11, 5.16%, 0, 0, 2, 32.31
1747817778, 0, 1, 354, 353, 11, 5.16%, 0, 0, 2, 33.18
1747817783, 0, 1, 358, 357, 11, 5.16%, 0, 0, 2, 33.57
1747817788, 0, 1, 361, 360, 11, 5.16%, 0, 0, 2, 33.43
1747817793, 0, 1, 364, 363, 11, 5.16%, 0, 0, 2, 33.68
1747817798, 0, 1, 369, 368, 11, 5.16%, 0, 0, 2, 32.68
1747817803, 0, 1, 372, 371, 11, 5.16%, 0, 0, 2, 33.43
1747817813, 0, 1, 374, 373, 11, 5.16%, 0, 0, 2, 34.04
1747817818, 0, 1, 377, 376, 11, 5.17%, 0, 0, 2, 34.32
1747817824, 0, 1, 378, 377, 11, 5.17%, 0, 0, 2, 33.75
1747817829, 0, 1, 383, 382, 11, 5.17%, 0, 0, 2, 33.03
1747817834, 0, 1, 386, 385, 11, 5.17%, 0, 0, 2, 33.17
1747817839, 0, 1, 388, 387, 11, 5.17%, 0, 0, 2, 33.27
1747817844, 0, 1, 389, 388, 11, 5.17%, 0, 0, 2, 33.65
1747817849, 0, 1, 391, 390, 11, 5.17%, 0, 0, 2, 33.79
1747817854, 0, 1, 395, 394, 11, 5.17%, 0, 0, 2, 33.14
1747817859, 0, 1, 397, 396, 11, 5.17%, 0, 0, 2, 32.94
1747817864, 0, 1, 398, 397, 11, 5.17%, 0, 0, 2, 34.00
1747817869, 0, 1, 400, 399, 11, 5.17%, 0, 0, 2, 33.69
1747817880, 0, 1, 401, 400, 11, 5.17%, 0, 0, 2, 33.53
1747817885, 0, 2, 403, 402, 13, 5.17%, 0, 0, 2, 32.23
1747817890, 0, 2, 408, 407, 13, 5.17%, 0, 0, 2, 31.22
1747817895, 0, 2, 409, 408, 13, 5.17%, 0, 0, 2, 32.50
1747817900, 0, 2, 413, 412, 13, 5.17%, 0, 0, 2, 31.79
1747817905, 0, 2, 414, 413, 13, 5.17%, 0, 0, 2, 31.89
1747817916, 0, 2, 415, 414, 13, 5.17%, 0, 0, 2, 32.24
1747817921, 0, 2, 416, 415, 13, 5.17%, 0, 0, 2, 32.08
1747817926, 0, 2, 418, 417, 13, 5.17%, 0, 0, 2, 32.27
1747817931, 0, 2, 423, 422, 13, 5.17%, 0, 0, 2, 31.82
1747817936, 0, 2, 424, 423, 13, 5.17%, 0, 0, 2, 32.33
1747817941, 0, 2, 425, 424, 13, 5.17%, 0, 0, 2, 32.66
1747817946, 0, 2, 426, 425, 13, 5.17%, 0, 0, 2, 32.59
1747817952, 0, 2, 428, 427, 13, 5.17%, 0, 0, 2, 32.62
1747817962, 0, 2, 429, 428, 13, 5.17%, 0, 0, 2, 32.05
1747817967, 0, 2, 432, 431, 13, 5.17%, 0, 0, 2, 32.29
1747817982, 0, 2, 433, 432, 13, 5.17%, 0, 0, 2, 32.69
1747817987, 0, 2, 434, 433, 13, 5.17%, 0, 0, 2, 32.81
1747817992, 0, 2, 435, 434, 13, 5.17%, 0, 0, 2, 32.66
1747817998, 0, 2, 436, 435, 13, 5.22%, 0, 0, 2, 32.47
1747818008, 0, 2, 437, 436, 13, 5.22%, 0, 0, 2, 32.43
1747818013, 0, 2, 438, 437, 13, 5.22%, 0, 0, 2, 32.41
1747818018, 0, 3, 442, 441, 13, 5.22%, 0, 0, 2, 30.09
1747818023, 0, 3, 450, 449, 13, 5.23%, 0, 0, 2, 27.10
1747818028, 0, 3, 460, 459, 13, 5.25%, 0, 0, 2, 26.32
1747818033, 0, 3, 468, 467, 13, 5.25%, 0, 0, 2, 26.47
1747818038, 0, 3, 474, 473, 13, 5.25%, 0, 0, 2, 25.99
1747818044, 0, 3, 482, 481, 13, 5.25%, 0, 0, 2, 26.35
1747818049, 0, 3, 488, 487, 13, 5.25%, 0, 0, 2, 26.31
1747818054, 0, 3, 494, 493, 13, 5.25%, 0, 0, 2, 26.19
1747818059, 0, 3, 497, 496, 13, 5.25%, 0, 0, 2, 26.51
1747818064, 0, 3, 498, 497, 13, 5.25%, 0, 0, 2, 26.90
1747818069, 0, 3, 501, 500, 13, 5.25%, 0, 0, 2, 26.45
1747818074, 0, 3, 502, 501, 13, 5.25%, 0, 0, 2, 27.01
1747818079, 0, 3, 508, 507, 13, 5.25%, 0, 0, 2, 26.57
1747818084, 0, 3, 511, 510, 13, 5.25%, 0, 0, 2, 26.72
1747818089, 0, 3, 514, 513, 13, 5.25%, 0, 0, 2, 26.56
1747818094, 0, 3, 516, 515, 13, 5.25%, 0, 0, 2, 26.98
1747818099, 0, 3, 517, 516, 13, 5.25%, 0, 0, 2, 27.10
1747818110, 0, 3, 520, 519, 13, 5.25%, 0, 0, 2, 26.65
1747818115, 0, 3, 524, 523, 13, 5.25%, 0, 0, 2, 26.61
1747818125, 0, 3, 528, 527, 13, 5.25%, 0, 0, 2, 26.56
1747818130, 0, 3, 529, 528, 13, 5.25%, 0, 0, 2, 26.89
1747818135, 0, 3, 532, 531, 13, 5.25%, 0, 0, 2, 26.46
1747818140, 0, 3, 534, 533, 13, 5.25%, 0, 0, 2, 26.69
1747818150, 0, 3, 536, 535, 13, 5.25%, 0, 0, 2, 26.89
1747818155, 0, 3, 537, 536, 13, 5.25%, 0, 0, 2, 26.93
1747818160, 0, 3, 538, 537, 13, 5.25%, 0, 0, 2, 26.70
1747818166, 0, 3, 539, 538, 13, 5.25%, 0, 0, 2, 26.89
1747818171, 0, 3, 541, 540, 13, 5.25%, 0, 0, 2, 26.45
1747818181, 0, 3, 542, 541, 13, 5.25%, 0, 0, 2, 27.14
1747818186, 0, 3, 543, 542, 13, 5.25%, 0, 0, 2, 27.20
1747818191, 0, 3, 545, 544, 13, 5.25%, 0, 0, 2, 26.91
1747818196, 0, 3, 547, 546, 13, 5.25%, 0, 0, 2, 26.92
1747818201, 0, 3, 548, 547, 13, 5.25%, 0, 0, 2, 26.84
1747818206, 0, 4, 551, 550, 13, 5.25%, 0, 0, 2, 26.58
1747818211, 0, 4, 555, 554, 13, 5.25%, 0, 0, 2, 26.22
1747818216, 0, 4, 557, 556, 13, 5.25%, 0, 0, 2, 26.10
1747818221, 0, 4, 559, 558, 13, 5.25%, 0, 0, 2, 26.20
1747818227, 0, 4, 561, 560, 13, 5.25%, 0, 0, 2, 26.26
1747818232, 0, 4, 563, 562, 13, 5.25%, 0, 0, 2, 26.39
1747818237, 0, 4, 564, 563, 13, 5.25%, 0, 0, 2, 26.34
1747818242, 0, 4, 565, 564, 13, 5.25%, 0, 0, 2, 26.15
1747818247, 0, 4, 568, 567, 13, 5.25%, 0, 0, 2, 26.30
1747818258, 0, 4, 570, 569, 13, 5.25%, 0, 0, 2, 26.30
1747818263, 0, 4, 572, 571, 13, 5.25%, 0, 0, 2, 26.24
1747818273, 0, 4, 573, 572, 13, 5.25%, 0, 0, 2, 26.22
1747818278, 0, 4, 577, 576, 13, 5.25%, 0, 0, 2, 26.35
1747818294, 0, 4, 578, 577, 13, 5.25%, 0, 0, 2, 43.41
1747818299, 0, 4, 579, 578, 13, 5.25%, 0, 0, 2, 44.28
1747818304, 0, 4, 581, 580, 13, 5.25%, 0, 0, 2, 43.70
1747818309, 0, 4, 583, 582, 13, 5.25%, 0, 0, 2, 43.65
1747818314, 0, 4, 584, 583, 13, 5.25%, 0, 0, 2, 44.51
1747818319, 0, 4, 585, 584, 13, 5.25%, 0, 0, 2, 44.93
1747818329, 0, 4, 586, 585, 13, 5.25%, 0, 0, 2, 44.40
1747818339, 0, 5, 589, 588, 15, 5.25%, 0, 0, 2, 44.81
1747818345, 0, 5, 592, 591, 15, 5.25%, 0, 0, 2, 44.81
1747818360, 0, 5, 593, 592, 15, 5.25%, 0, 0, 2, 44.82
1747818370, 0, 5, 595, 594, 15, 5.25%, 0, 0, 2, 44.29
1747818375, 0, 5, 597, 596, 15, 5.25%, 0, 0, 2, 42.99
1747818380, 0, 5, 598, 597, 15, 5.25%, 0, 0, 2, 44.47
1747818390, 0, 5, 601, 600, 15, 5.25%, 0, 0, 2, 44.30
1747818395, 0, 5, 603, 602, 15, 5.25%, 0, 0, 2, 44.46
1747818411, 0, 5, 605, 604, 15, 5.25%, 0, 0, 2, 43.83
1747818416, 0, 5, 606, 605, 15, 5.25%, 0, 0, 2, 43.50
1747818421, 0, 5, 607, 606, 15, 5.25%, 0, 0, 2, 44.37
1747818436, 0, 6, 622, 621, 13, 5.25%, 0, 0, 2, 36.51
1747818441, 0, 6, 636, 635, 13, 5.25%, 0, 0, 2, 34.81
1747818446, 0, 6, 647, 646, 13, 5.33%, 0, 0, 2, 35.20
1747818452, 0, 6, 655, 654, 13, 5.33%, 0, 0, 2, 35.05
1747818457, 0, 6, 662, 661, 13, 5.33%, 0, 0, 2, 35.43
1747818462, 0, 6, 665, 664, 13, 5.33%, 0, 0, 2, 36.03
1747818467, 0, 6, 670, 669, 13, 5.33%, 0, 0, 2, 36.03
1747818472, 0, 6, 672, 671, 13, 5.33%, 0, 0, 2, 35.50
1747818477, 0, 6, 675, 674, 13, 5.33%, 0, 0, 2, 35.07
1747818482, 0, 6, 680, 679, 13, 5.33%, 0, 0, 2, 35.53
1747818487, 0, 6, 682, 681, 13, 5.33%, 0, 0, 2, 35.50
1747818493, 0, 6, 683, 682, 13, 5.33%, 0, 0, 2, 36.06
1747818498, 0, 6, 686, 685, 13, 5.80%, 0, 0, 2, 35.47
1747818503, 0, 6, 687, 686, 13, 5.80%, 0, 0, 2, 35.70
1747818508, 0, 6, 688, 687, 13, 5.80%, 0, 0, 2, 35.68
1747818513, 0, 6, 690, 689, 13, 5.80%, 0, 0, 2, 35.92
1747818523, 0, 6, 691, 690, 13, 5.80%, 0, 0, 2, 35.54
1747818529, 0, 6, 695, 694, 13, 5.80%, 0, 0, 2, 35.32
1747818534, 0, 6, 697, 696, 13, 5.80%, 0, 0, 2, 35.17
1747818544, 0, 6, 698, 697, 13, 5.81%, 0, 0, 2, 36.31
1747818549, 0, 6, 700, 699, 13, 5.81%, 0, 0, 2, 35.88
1747818554, 0, 6, 703, 702, 13, 5.81%, 0, 0, 2, 36.06
1747818560, 0, 6, 704, 703, 13, 5.81%, 0, 0, 2, 35.78
1747818565, 0, 6, 706, 705, 13, 5.81%, 0, 0, 2, 35.89
1747818570, 0, 7, 709, 708, 12, 5.81%, 0, 0, 2, 35.36
1747818575, 0, 10, 709, 708, 12, 5.81%, 0, 0, 2, 36.21
1747818580, 0, 11, 714, 713, 12, 5.81%, 0, 0, 2, 34.54
1747818585, 0, 11, 719, 718, 12, 5.81%, 0, 0, 2, 35.42
1747818590, 0, 11, 721, 720, 12, 5.81%, 0, 0, 2, 35.58
1747818596, 0, 11, 723, 722, 12, 5.81%, 0, 0, 2, 35.88
1747818601, 0, 11, 725, 724, 12, 5.81%, 0, 0, 2, 35.36
1747818611, 0, 11, 726, 725, 12, 5.81%, 0, 0, 2, 36.51
1747818616, 0, 11, 727, 726, 12, 5.81%, 0, 0, 2, 36.55
1747818621, 0, 11, 728, 727, 12, 5.81%, 0, 0, 2, 36.08
1747818626, 0, 11, 730, 729, 12, 5.81%, 0, 0, 2, 34.90
1747818632, 0, 11, 731, 730, 12, 5.81%, 0, 0, 2, 35.49
1747818637, 0, 11, 734, 733, 12, 5.81%, 0, 0, 2, 34.68
1747818647, 0, 11, 735, 734, 12, 5.81%, 0, 0, 2, 35.68
1747818657, 0, 11, 736, 735, 12, 5.81%, 0, 0, 2, 35.95
1747818667, 0, 11, 737, 736, 12, 5.81%, 0, 0, 2, 27.84
1747818673, 0, 11, 738, 737, 12, 5.81%, 0, 0, 2, 22.66
1747818678, 0, 11, 739, 738, 12, 5.81%, 0, 0, 2, 22.02
1747818693, 0, 11, 740, 739, 12, 5.81%, 0, 0, 2, 21.74
1747818703, 0, 11, 741, 740, 12, 5.81%, 0, 0, 2, 21.74
1747818708, 0, 11, 742, 741, 12, 5.81%, 0, 0, 2, 21.43
1747818713, 0, 11, 743, 742, 12, 5.81%, 0, 0, 2, 21.37
1747818719, 0, 11, 744, 743, 12, 5.81%, 0, 0, 2, 21.45
1747818724, 0, 12, 744, 743, 13, 5.81%, 0, 0, 2, 21.71
1747818729, 0, 13, 744, 743, 13, 5.81%, 0, 0, 2, 22.36
1747818734, 0, 14, 744, 743, 13, 5.81%, 0, 0, 2, 22.70
1747818739, 0, 14, 747, 746, 13, 5.81%, 0, 0, 2, 21.15
1747818744, 0, 14, 749, 748, 13, 5.81%, 0, 0, 2, 20.80
1747818749, 0, 14, 751, 750, 13, 5.81%, 0, 0, 2, 20.77
1747818760, 0, 14, 752, 751, 13, 5.81%, 0, 0, 2, 21.48
1747818765, 0, 14, 754, 753, 13, 5.81%, 0, 0, 2, 20.87
1747818770, 0, 14, 755, 754, 13, 5.81%, 0, 0, 2, 20.98
1747818775, 0, 14, 756, 755, 13, 5.81%, 0, 0, 2, 21.23
1747818780, 0, 14, 757, 756, 13, 5.81%, 0, 0, 2, 21.21
1747818795, 0, 14, 758, 757, 13, 5.81%, 0, 0, 2, 21.12
1747818805, 0, 14, 759, 758, 13, 5.81%, 0, 0, 2, 21.28
1747818811, 0, 14, 760, 759, 13, 5.81%, 0, 0, 2, 21.13
1747818816, 0, 14, 761, 760, 13, 5.81%, 0, 0, 2, 21.61
1747818826, 0, 14, 762, 761, 13, 5.92%, 0, 0, 2, 20.87
1747818852, 0, 14, 763, 762, 13, 5.92%, 0, 0, 2, 21.33
1747818867, 0, 14, 764, 763, 13, 5.92%, 0, 0, 2, 21.09
1747818877, 0, 14, 765, 764, 13, 5.92%, 0, 0, 2, 21.81
1747818903, 0, 14, 766, 765, 13, 5.92%, 0, 0, 2, 21.11
1747818913, 0, 14, 767, 766, 13, 5.92%, 0, 0, 2, 20.95
1747818929, 0, 14, 768, 767, 13, 5.92%, 0, 0, 2, 21.22
1747818934, 0, 14, 769, 768, 13, 5.92%, 0, 0, 2, 21.15
1747818939, 0, 16, 774, 773, 13, 5.92%, 0, 0, 2, 18.79
1747818944, 0, 16, 779, 778, 13, 5.92%, 0, 0, 2, 17.65
1747818949, 0, 16, 784, 783, 13, 5.92%, 0, 0, 2, 17.98
1747818955, 0, 16, 786, 785, 13, 5.92%, 0, 0, 2, 18.90
1747818960, 0, 16, 789, 788, 13, 5.92%, 0, 0, 2, 18.88
1747818965, 0, 16, 791, 790, 13, 5.92%, 0, 0, 2, 19.83
1747818970, 0, 16, 792, 791, 13, 5.92%, 0, 0, 2, 20.25
1747818975, 0, 16, 794, 793, 13, 5.92%, 0, 0, 2, 19.83
1747818980, 0, 16, 795, 794, 13, 5.92%, 0, 0, 2, 19.93
1747818985, 0, 16, 797, 796, 13, 5.92%, 0, 0, 2, 19.37
1747818990, 0, 16, 798, 797, 13, 5.92%, 0, 0, 2, 20.26
1747818995, 0, 16, 800, 799, 13, 5.92%, 0, 0, 2, 19.64
1747819000, 0, 16, 801, 800, 13, 5.92%, 0, 0, 2, 19.09
1747819006, 0, 16, 802, 801, 13, 5.92%, 0, 0, 2, 18.91
1747819016, 0, 16, 804, 803, 13, 5.92%, 0, 0, 2, 19.59
1747819021, 0, 16, 806, 805, 13, 5.92%, 0, 0, 2, 19.30
1747819026, 0, 16, 808, 807, 13, 5.92%, 0, 0, 2, 19.70
1747819031, 0, 16, 809, 808, 13, 5.92%, 0, 0, 2, 19.79
1747819036, 0, 16, 811, 810, 13, 5.92%, 0, 0, 2, 19.58
1747819041, 0, 16, 812, 811, 13, 5.92%, 0, 0, 2, 19.64
1747819046, 0, 16, 813, 812, 13, 5.92%, 0, 0, 2, 20.31
1747819052, 0, 16, 816, 815, 13, 5.92%, 0, 0, 2, 18.36
1747819057, 0, 16, 817, 816, 13, 5.92%, 0, 0, 2, 19.89
1747819062, 0, 16, 818, 817, 13, 5.92%, 0, 0, 2, 19.56
1747819077, 0, 16, 819, 818, 13, 5.92%, 0, 0, 2, 20.57
1747819087, 0, 16, 820, 819, 13, 5.92%, 0, 0, 2, 19.76
1747819097, 0, 16, 822, 821, 13, 5.92%, 0, 0, 2, 19.19
1747819108, 0, 16, 823, 822, 13, 5.92%, 0, 0, 2, 19.11
1747819113, 0, 16, 824, 823, 13, 5.92%, 0, 0, 2, 20.27
1747819133, 0, 16, 825, 824, 13, 5.92%, 0, 0, 2, 19.78
1747819138, 0, 16, 826, 825, 13, 5.92%, 0, 0, 2, 19.49
1747819154, 0, 16, 827, 826, 13, 5.92%, 0, 0, 2, 19.53
1747819169, 0, 17, 828, 827, 14, 5.92%, 0, 0, 2, 20.88
1747819174, 0, 18, 828, 827, 14, 5.92%, 0, 0, 2, 21.77
1747819180, 0, 19, 828, 827, 14, 5.92%, 0, 0, 2, 22.19
1747819190, 0, 20, 828, 827, 14, 5.92%, 0, 0, 2, 21.94
1747819195, 0, 21, 828, 827, 14, 5.92%, 0, 0, 2, 22.19
1747819200, 0, 23, 829, 828, 14, 5.92%, 0, 0, 2, 22.06
1747819210, 0, 23, 830, 829, 14, 5.92%, 0, 0, 2, 21.90
1747819220, 0, 24, 830, 829, 14, 5.92%, 0, 0, 2, 22.34
1747819225, 0, 24, 831, 830, 14, 5.92%, 0, 0, 2, 21.30
1747819236, 0, 25, 832, 831, 14, 5.92%, 0, 0, 2, 21.27
1747819246, 0, 25, 833, 832, 14, 5.92%, 0, 0, 2, 21.69
1747819261, 0, 26, 834, 833, 14, 5.92%, 0, 0, 2, 21.17
1747819271, 0, 27, 834, 833, 14, 5.92%, 0, 0, 2, 21.05
1747819276, 0, 27, 835, 834, 14, 5.92%, 0, 0, 2, 20.80
1747819286, 0, 29, 835, 834, 14, 5.92%, 0, 0, 2, 21.26
1747819291, 0, 30, 835, 834, 14, 5.92%, 0, 0, 2, 21.33
1747819297, 0, 30, 836, 835, 14, 5.92%, 0, 0, 2, 21.35
1747819302, 0, 31, 836, 835, 14, 5.92%, 0, 0, 2, 21.34
1747819312, 0, 32, 838, 837, 14, 5.92%, 0, 0, 2, 20.03
1747819317, 0, 32, 839, 838, 14, 5.92%, 0, 0, 2, 20.12
1747819322, 0, 32, 840, 839, 14, 5.94%, 0, 0, 2, 19.19
1747819327, 0, 32, 841, 840, 14, 5.94%, 0, 0, 2, 18.50
1747819332, 0, 32, 844, 843, 14, 5.94%, 0, 0, 2, 17.58
1747819348, 0, 32, 845, 844, 14, 5.94%, 0, 0, 2, 18.44
1747819353, 0, 32, 846, 845, 14, 5.94%, 0, 0, 2, 17.66
1747819368, 0, 32, 847, 846, 14, 5.94%, 0, 0, 2, 18.26
1747819374, 0, 32, 849, 848, 14, 5.94%, 0, 0, 2, 18.18
1747819379, 0, 32, 852, 851, 14, 6.01%, 0, 0, 2, 17.38
1747819384, 0, 32, 853, 852, 14, 6.01%, 0, 0, 2, 19.23
1747819389, 0, 32, 854, 853, 14, 6.01%, 0, 0, 2, 17.58
1747819394, 0, 32, 855, 854, 14, 6.09%, 0, 0, 2, 17.64
1747819399, 0, 32, 856, 855, 14, 6.09%, 0, 0, 2, 18.21
1747819404, 0, 32, 859, 858, 14, 6.09%, 0, 0, 2, 17.24
1747819415, 0, 32, 860, 859, 14, 6.09%, 0, 0, 2, 18.85
1747819425, 0, 32, 861, 860, 14, 6.09%, 0, 0, 2, 17.93
1747819430, 0, 32, 863, 862, 14, 6.10%, 0, 0, 2, 17.51
1747819445, 0, 32, 864, 863, 14, 6.10%, 0, 0, 2, 18.45
1747819466, 0, 32, 866, 865, 14, 6.10%, 0, 0, 2, 17.86
1747819471, 0, 32, 867, 866, 14, 6.10%, 0, 0, 2, 18.15
1747819476, 0, 32, 868, 867, 14, 6.10%, 0, 0, 2, 18.41
1747819486, 0, 32, 869, 868, 14, 6.10%, 0, 0, 2, 18.58
1747819491, 0, 32, 871, 870, 14, 6.10%, 0, 0, 2, 17.62
1747819507, 0, 32, 872, 871, 14, 6.10%, 0, 0, 2, 18.43
1747819522, 0, 32, 873, 872, 14, 6.10%, 0, 0, 2, 19.37
1747819548, 0, 33, 875, 874, 11, 6.10%, 0, 0, 2, 17.73
1747819553, 0, 33, 878, 877, 11, 6.10%, 0, 0, 2, 16.44
1747819558, 0, 33, 879, 878, 11, 6.10%, 0, 0, 2, 18.64
1747819563, 0, 33, 881, 880, 11, 6.10%, 0, 0, 2, 17.40
1747819568, 0, 33, 882, 881, 11, 6.10%, 0, 0, 2, 17.57
1747819573, 0, 33, 883, 882, 11, 6.10%, 0, 0, 2, 18.67
1747819583, 0, 33, 884, 883, 11, 6.10%, 0, 0, 2, 18.61
1747819594, 0, 33, 885, 884, 11, 6.10%, 0, 0, 2, 18.90
1747819609, 0, 33, 886, 885, 11, 6.10%, 0, 0, 2, 18.13
1747819635, 0, 33, 887, 886, 11, 6.10%, 0, 0, 2, 18.47
1747819640, 0, 33, 889, 888, 11, 6.10%, 0, 0, 2, 17.63
1747819681, 0, 33, 890, 889, 11, 6.10%, 0, 0, 2, 17.62
1747819706, 0, 33, 891, 890, 11, 6.10%, 0, 0, 2, 18.29
1747819747, 0, 33, 892, 891, 11, 6.10%, 0, 0, 2, 18.87
1747819777, 0, 34, 892, 891, 12, 6.10%, 0, 0, 2, 19.19
1747819782, 0, 34, 893, 892, 12, 6.10%, 0, 0, 2, 19.84
1747819793, 0, 35, 893, 892, 12, 6.10%, 0, 0, 2, 18.86
1747819798, 0, 37, 893, 892, 12, 6.10%, 0, 0, 2, 18.83
1747819803, 0, 38, 893, 892, 12, 6.10%, 0, 0, 2, 19.83
1747819813, 0, 39, 893, 892, 12, 6.10%, 0, 0, 2, 20.65
1747819818, 0, 40, 894, 893, 12, 6.10%, 0, 0, 2, 19.54
1747819823, 0, 40, 895, 894, 12, 6.10%, 0, 0, 2, 19.58
1747819844, 0, 42, 895, 894, 12, 6.10%, 0, 0, 2, 19.70
1747819849, 0, 43, 895, 894, 12, 6.10%, 0, 0, 2, 19.95
1747819854, 0, 43, 896, 895, 12, 6.10%, 0, 0, 2, 18.10
1747819859, 0, 43, 897, 896, 12, 6.10%, 0, 0, 2, 17.89
1747819880, 0, 44, 897, 896, 12, 6.10%, 0, 0, 2, 19.23
1747819885, 0, 47, 897, 896, 12, 6.10%, 0, 0, 2, 18.77
1747819890, 0, 48, 897, 896, 12, 6.10%, 0, 0, 2, 18.54
1747819900, 0, 49, 897, 896, 12, 6.10%, 0, 0, 2, 18.63
1747819905, 0, 49, 898, 897, 12, 6.10%, 0, 0, 2, 18.17
1747819910, 0, 50, 898, 897, 12, 6.10%, 0, 0, 2, 19.08
1747819920, 0, 51, 898, 897, 12, 6.10%, 0, 0, 2, 19.58
1747819925, 0, 52, 898, 897, 12, 6.10%, 0, 0, 2, 19.61
1747819931, 0, 53, 898, 897, 12, 6.10%, 0, 0, 2, 18.24
1747819941, 0, 54, 898, 897, 12, 6.10%, 0, 0, 2, 19.80
1747819946, 0, 55, 898, 897, 12, 6.10%, 0, 0, 2, 20.05
1747819951, 0, 57, 898, 897, 12, 6.10%, 0, 0, 2, 19.84
1747819956, 0, 58, 898, 897, 12, 6.10%, 0, 0, 2, 19.51
1747819966, 0, 59, 898, 897, 12, 6.10%, 0, 0, 2, 19.12
1747819971, 0, 60, 898, 897, 12, 6.10%, 0, 0, 2, 19.49
1747819977, 0, 61, 898, 897, 12, 6.10%, 0, 0, 2, 19.85
1747819987, 0, 62, 899, 898, 12, 6.10%, 0, 0, 2, 18.58
1747819992, 0, 62, 900, 899, 12, 6.10%, 0, 0, 2, 18.45
1747820013, 0, 63, 901, 900, 12, 6.10%, 0, 0, 2, 18.54
1747820028, 0, 64, 901, 900, 12, 6.10%, 0, 0, 2, 19.19
1747820033, 0, 65, 901, 900, 12, 6.10%, 0, 0, 2, 19.82
1747820038, 0, 66, 901, 900, 12, 6.10%, 0, 0, 2, 18.94
1747820048, 0, 67, 901, 900, 12, 6.10%, 0, 0, 2, 20.28
1747820054, 0, 68, 901, 900, 12, 6.10%, 0, 0, 2, 20.08
1747820059, 0, 69, 901, 900, 12, 6.10%, 0, 0, 2, 20.01
1747820064, 0, 71, 901, 900, 12, 6.10%, 0, 0, 2, 20.17
1747820074, 0, 72, 901, 900, 12, 6.10%, 0, 0, 2, 18.93
1747820079, 0, 73, 901, 900, 12, 6.10%, 0, 0, 2, 19.91
1747820084, 0, 77, 901, 900, 12, 6.10%, 0, 0, 2, 19.31
1747820089, 0, 78, 901, 900, 12, 6.10%, 0, 0, 2, 19.75
1747820095, 0, 78, 902, 901, 12, 6.10%, 0, 0, 2, 19.11
1747820100, 0, 78, 903, 902, 12, 6.10%, 0, 0, 2, 18.08
1747820115, 0, 78, 904, 903, 12, 6.10%, 0, 0, 2, 18.08
1747820125, 0, 78, 905, 904, 12, 6.10%, 0, 0, 2, 18.06
1747820131, 0, 78, 906, 905, 12, 6.10%, 0, 0, 2, 18.06
1747820146, 0, 78, 907, 906, 12, 6.10%, 0, 0, 2, 17.45
1747820156, 0, 78, 909, 908, 12, 6.10%, 0, 0, 2, 18.00
1747820172, 0, 78, 910, 909, 12, 6.10%, 0, 0, 2, 17.94
1747820218, 0, 78, 911, 910, 12, 6.10%, 0, 0, 2, 17.75
1747820223, 0, 78, 912, 911, 12, 6.10%, 0, 0, 2, 18.40
1747820269, 0, 78, 913, 912, 12, 6.10%, 0, 0, 2, 17.87
1747820284, 0, 78, 914, 913, 12, 6.10%, 0, 0, 2, 17.89
1747820315, 0, 78, 916, 915, 12, 6.10%, 0, 0, 2, 18.55
1747820320, 0, 80, 916, 915, 12, 6.10%, 0, 0, 2, 18.95
1747820330, 0, 81, 916, 915, 12, 6.10%, 0, 0, 2, 18.68
1747820335, 0, 82, 916, 915, 12, 6.10%, 0, 0, 2, 18.04
1747820340, 0, 83, 916, 915, 12, 6.10%, 0, 0, 2, 18.48
1747820345, 0, 83, 918, 917, 12, 6.10%, 0, 0, 2, 17.73
1747820350, 0, 83, 919, 918, 12, 6.10%, 0, 0, 2, 17.57
1747820401, 0, 84, 920, 919, 12, 6.27%, 0, 0, 2, 17.25
1747820412, 0, 84, 921, 920, 12, 6.27%, 0, 0, 2, 18.42
1747820427, 0, 85, 921, 920, 13, 6.27%, 0, 0, 2, 18.82
1747820437, 0, 86, 921, 920, 13, 6.27%, 0, 0, 2, 19.56
1747820442, 0, 87, 921, 920, 13, 6.27%, 0, 0, 2, 20.19
1747820448, 0, 88, 921, 920, 13, 6.27%, 0, 0, 2, 19.77
1747820453, 0, 89, 921, 920, 13, 6.27%, 0, 0, 2, 19.57
1747820463, 0, 90, 921, 920, 13, 6.27%, 0, 0, 2, 19.39
1747820468, 0, 91, 921, 920, 13, 6.27%, 0, 0, 2, 19.34
1747820473, 0, 92, 921, 920, 13, 6.27%, 0, 0, 2, 19.73
1747820479, 0, 93, 921, 920, 13, 6.27%, 0, 0, 2, 19.26
1747820489, 0, 94, 921, 920, 13, 6.27%, 0, 0, 2, 19.56
1747820494, 0, 95, 921, 920, 13, 6.27%, 0, 0, 2, 19.44
1747820499, 0, 96, 921, 920, 13, 6.27%, 0, 0, 2, 19.43
1747820509, 0, 97, 921, 920, 13, 6.27%, 0, 0, 2, 18.61
1747820514, 0, 98, 921, 920, 13, 6.27%, 0, 0, 2, 19.44
1747820519, 0, 100, 921, 920, 13, 6.27%, 0, 0, 2, 19.29
1747820525, 0, 101, 921, 920, 13, 6.27%, 0, 0, 2, 19.65
1747820535, 0, 102, 921, 920, 13, 6.27%, 0, 0, 2, 19.16
1747820540, 0, 103, 921, 920, 13, 6.27%, 0, 0, 2, 18.52
1747820545, 0, 104, 921, 920, 13, 6.27%, 0, 0, 2, 18.14
1747820555, 0, 105, 921, 920, 13, 6.27%, 0, 0, 2, 19.14
1747820560, 0, 106, 922, 921, 13, 6.27%, 0, 0, 2, 17.71
1747820565, 0, 106, 924, 923, 13, 6.27%, 0, 0, 2, 17.08
1747820570, 0, 106, 925, 924, 13, 6.27%, 0, 0, 2, 17.44
1747820576, 0, 106, 926, 925, 13, 6.27%, 0, 0, 2, 16.87
1747820581, 0, 106, 930, 929, 13, 6.27%, 0, 0, 2, 15.63
1747820586, 0, 106, 932, 931, 13, 6.27%, 0, 0, 2, 16.57
1747820591, 0, 106, 934, 933, 13, 6.27%, 0, 0, 2, 17.31
1747820601, 0, 106, 935, 934, 13, 6.27%, 0, 0, 2, 17.68
1747820627, 0, 106, 937, 936, 13, 6.27%, 0, 0, 2, 17.32
1747820637, 0, 106, 939, 938, 13, 6.27%, 0, 0, 2, 16.99
1747820657, 0, 106, 940, 939, 13, 6.27%, 0, 0, 2, 18.25
1747820688, 0, 106, 941, 940, 13, 6.27%, 0, 0, 2, 17.11
1747820709, 0, 106, 942, 941, 13, 6.27%, 0, 0, 2, 17.00
1747820750, 0, 106, 943, 942, 13, 6.27%, 0, 0, 2, 17.00
1747820796, 0, 106, 944, 943, 13, 6.27%, 0, 0, 2, 17.46
1747820806, 0, 107, 944, 943, 15, 6.27%, 0, 0, 2, 19.12
1747820811, 0, 108, 944, 943, 15, 6.27%, 0, 0, 2, 19.85
1747820816, 0, 109, 944, 943, 15, 6.27%, 0, 0, 2, 19.61
1747820826, 0, 110, 944, 943, 15, 6.27%, 0, 0, 2, 20.31
1747820831, 0, 111, 944, 943, 15, 6.27%, 0, 0, 2, 20.04
1747820836, 0, 113, 944, 943, 15, 6.27%, 0, 0, 2, 19.64
1747820841, 0, 114, 944, 943, 15, 6.27%, 0, 0, 2, 18.80
1747820852, 0, 115, 945, 944, 15, 6.27%, 0, 0, 2, 17.69
1747820862, 0, 116, 945, 944, 15, 6.27%, 0, 0, 2, 19.06
1747820872, 0, 117, 945, 944, 15, 6.27%, 0, 0, 2, 19.34
1747820878, 0, 118, 945, 944, 15, 6.27%, 0, 0, 2, 19.37
1747820883, 0, 120, 945, 944, 15, 6.27%, 0, 0, 2, 19.36
1747820893, 0, 121, 945, 944, 15, 6.27%, 0, 0, 2, 19.01
1747820898, 0, 122, 945, 944, 15, 6.27%, 0, 0, 2, 18.27
1747820904, 0, 122, 946, 945, 15, 6.27%, 0, 0, 2, 17.54
1747820914, 0, 124, 946, 945, 15, 6.27%, 0, 0, 2, 19.41
1747820919, 0, 125, 946, 945, 15, 6.27%, 0, 0, 2, 19.29
1747820929, 0, 126, 946, 945, 15, 6.27%, 0, 0, 2, 18.36
1747820934, 0, 126, 949, 948, 15, 6.29%, 0, 0, 2, 16.40
1747820940, 0, 126, 950, 949, 15, 6.29%, 0, 0, 2, 17.10
1747820950, 0, 126, 951, 950, 15, 6.29%, 0, 0, 2, 17.34
1747820960, 0, 126, 953, 952, 15, 6.29%, 0, 0, 2, 16.48
1747820985, 0, 126, 954, 953, 15, 6.29%, 0, 0, 2, 18.61
1747820996, 0, 126, 955, 954, 15, 6.29%, 0, 0, 2, 17.06
1747821016, 0, 126, 956, 955, 15, 6.29%, 0, 0, 2, 17.03
1747821088, 0, 126, 957, 956, 15, 6.29%, 0, 0, 2, 17.85
1747821119, 0, 126, 958, 957, 15, 6.29%, 0, 0, 2, 16.84
1747821124, 0, 126, 959, 958, 15, 6.29%, 0, 0, 2, 17.23
1747821129, 0, 126, 960, 959, 15, 6.29%, 0, 0, 2, 17.13
1747821165, 0, 127, 960, 959, 15, 6.29%, 0, 0, 2, 18.45
1747821175, 0, 128, 960, 959, 15, 6.29%, 0, 0, 2, 18.94
1747821180, 0, 129, 960, 959, 15, 6.29%, 0, 0, 2, 19.36
1747821185, 0, 130, 960, 959, 15, 6.29%, 0, 0, 2, 19.69
1747821195, 0, 131, 960, 959, 15, 6.29%, 0, 0, 2, 18.66
1747821200, 0, 134, 960, 959, 15, 6.29%, 0, 0, 2, 19.41
1747821205, 0, 135, 960, 959, 15, 6.29%, 0, 0, 2, 18.93
1747821215, 0, 136, 961, 960, 15, 6.29%, 0, 0, 2, 18.54
1747821231, 0, 137, 961, 960, 14, 6.29%, 0, 0, 2, 18.65
1747821236, 0, 138, 961, 960, 14, 6.29%, 0, 0, 2, 19.23
1747821241, 0, 139, 961, 960, 14, 6.29%, 0, 0, 2, 18.80
1747821251, 0, 140, 961, 960, 14, 6.29%, 0, 0, 2, 18.91
1747821256, 0, 141, 961, 960, 14, 6.29%, 0, 0, 2, 19.20
1747821261, 0, 141, 962, 961, 14, 6.29%, 0, 0, 2, 18.46
1747821271, 0, 142, 962, 961, 14, 6.29%, 0, 0, 2, 17.77
1747821277, 0, 143, 962, 961, 14, 6.29%, 0, 0, 2, 18.01
1747821282, 0, 145, 962, 961, 14, 6.29%, 0, 0, 2, 18.72
1747821292, 0, 146, 962, 961, 14, 6.29%, 0, 0, 2, 20.40
1747821297, 0, 147, 962, 961, 14, 6.29%, 0, 0, 2, 18.87
1747821302, 0, 148, 962, 961, 14, 6.29%, 0, 0, 2, 19.24
1747821307, 0, 151, 962, 961, 14, 6.29%, 0, 0, 2, 19.69
1747821318, 0, 153, 962, 961, 14, 6.29%, 0, 0, 2, 19.98
1747821323, 0, 154, 962, 961, 14, 6.29%, 0, 0, 2, 20.55
1747821328, 0, 155, 962, 961, 14, 6.29%, 0, 0, 2, 19.88
1747821338, 0, 156, 963, 962, 14, 6.29%, 0, 0, 2, 17.09
1747821343, 0, 156, 965, 964, 14, 6.30%, 0, 0, 2, 16.02
1747821348, 0, 156, 966, 965, 14, 6.30%, 0, 0, 2, 16.37
1747821358, 0, 156, 967, 966, 14, 6.30%, 0, 0, 2, 17.71
1747821394, 0, 156, 968, 967, 14, 6.30%, 0, 0, 2, 17.30
1747821420, 0, 156, 969, 968, 14, 6.30%, 0, 0, 2, 16.80
1747821471, 0, 156, 970, 969, 14, 6.30%, 0, 0, 2, 16.69
1747821496, 0, 156, 971, 970, 14, 6.30%, 0, 0, 2, 17.42
1747821526, 0, 156, 972, 971, 14, 6.30%, 0, 0, 2, 17.98
1747821573, 0, 157, 972, 971, 15, 6.30%, 0, 0, 2, 17.75
1747821583, 0, 158, 973, 972, 15, 6.30%, 0, 0, 2, 18.31
1747821593, 0, 158, 974, 973, 15, 6.30%, 0, 0, 2, 17.36
1747821614, 0, 159, 975, 974, 15, 6.30%, 0, 0, 2, 18.24
1747821629, 0, 160, 975, 974, 15, 6.30%, 0, 0, 2, 18.07
1747821634, 0, 161, 975, 974, 15, 6.30%, 0, 0, 2, 18.79
1747821639, 0, 165, 975, 974, 15, 6.30%, 0, 0, 2, 18.10
1747821650, 0, 167, 975, 974, 15, 6.30%, 0, 0, 2, 19.52
1747821655, 0, 168, 975, 974, 15, 6.30%, 0, 0, 2, 20.27
1747821660, 0, 169, 975, 974, 15, 6.30%, 0, 0, 2, 19.31
1747821665, 0, 169, 976, 975, 15, 6.30%, 0, 0, 2, 16.89
1747821670, 0, 169, 977, 976, 15, 6.30%, 0, 0, 2, 16.64
1747821675, 0, 169, 978, 977, 15, 6.30%, 0, 0, 2, 16.18
1747821691, 0, 169, 979, 978, 15, 6.30%, 0, 0, 2, 17.51
1747821696, 0, 169, 980, 979, 15, 6.30%, 0, 0, 2, 16.41
1747821706, 0, 169, 981, 980, 15, 6.31%, 0, 0, 2, 17.62
1747821716, 0, 169, 982, 981, 15, 6.31%, 0, 0, 2, 18.19
1747821726, 0, 169, 983, 982, 15, 6.31%, 0, 0, 2, 17.92
1747821736, 0, 169, 984, 983, 15, 6.31%, 0, 0, 2, 16.85
1747821746, 0, 169, 985, 984, 15, 6.31%, 0, 0, 2, 16.17
1747821757, 0, 169, 987, 986, 15, 6.31%, 0, 0, 2, 16.19
1747821798, 0, 169, 988, 987, 15, 6.31%, 0, 0, 2, 17.34
1747821818, 0, 169, 989, 988, 15, 6.31%, 0, 0, 2, 16.41
1747821844, 0, 169, 990, 989, 15, 6.31%, 0, 0, 2, 17.11
1747821864, 0, 169, 991, 990, 15, 6.31%, 0, 0, 2, 16.58
1747821874, 0, 169, 994, 993, 15, 6.31%, 0, 0, 2, 16.15
1747821905, 0, 169, 995, 994, 15, 6.31%, 0, 0, 2, 16.50
1747821910, 0, 171, 995, 994, 14, 6.31%, 0, 0, 2, 17.15
1747821915, 0, 172, 995, 994, 14, 6.31%, 0, 0, 2, 18.40
1747821926, 0, 173, 995, 994, 14, 6.31%, 0, 0, 2, 17.59
1747821931, 0, 175, 995, 994, 14, 6.31%, 0, 0, 2, 19.17
1747821936, 0, 176, 995, 994, 14, 6.31%, 0, 0, 2, 20.14
1747821946, 0, 178, 995, 994, 14, 6.31%, 0, 0, 2, 17.60
1747821951, 0, 178, 996, 995, 14, 6.31%, 0, 0, 2, 17.78
1747821957, 0, 178, 997, 996, 14, 6.31%, 0, 0, 2, 17.16
1747821977, 0, 179, 997, 996, 14, 6.31%, 0, 0, 2, 18.98
1747821982, 0, 180, 997, 996, 14, 6.31%, 0, 0, 2, 19.01
1747821987, 0, 181, 997, 996, 14, 6.31%, 0, 0, 2, 19.49
1747821992, 0, 182, 997, 996, 14, 6.31%, 0, 0, 2, 19.48
1747821997, 0, 182, 998, 997, 14, 6.31%, 0, 0, 2, 17.99
1747822002, 0, 182, 999, 998, 14, 6.31%, 0, 0, 2, 18.49
1747822023, 0, 183, 999, 998, 14, 6.31%, 0, 0, 2, 19.50
1747822028, 0, 184, 999, 998, 14, 6.31%, 0, 0, 2, 18.99
1747822038, 0, 185, 999, 998, 14, 6.31%, 0, 0, 2, 18.45
1747822043, 0, 187, 999, 998, 14, 6.31%, 0, 0, 2, 18.10
1747822049, 0, 188, 999, 998, 14, 6.31%, 0, 0, 2, 17.69
1747822054, 0, 188, 1000, 999, 14, 6.31%, 0, 0, 2, 17.68
1747822064, 0, 190, 1000, 999, 14, 6.31%, 0, 0, 2, 18.87
1747822074, 0, 191, 1000, 999, 14, 6.31%, 0, 0, 2, 19.12
1747822079, 0, 192, 1000, 999, 14, 6.31%, 0, 0, 2, 18.95
1747822084, 0, 193, 1000, 999, 14, 6.31%, 0, 0, 2, 18.35
1747822094, 0, 194, 1000, 999, 14, 6.31%, 0, 0, 2, 19.22
1747822099, 0, 195, 1000, 999, 14, 6.31%, 0, 0, 2, 18.11
1747822105, 0, 195, 1001, 1000, 14, 6.31%, 0, 0, 2, 17.47
1747822110, 0, 195, 1002, 1001, 14, 6.31%, 0, 0, 2, 16.15
1747822115, 0, 195, 1003, 1002, 14, 6.31%, 0, 0, 2, 16.28
1747822120, 0, 195, 1004, 1003, 14, 6.31%, 0, 0, 2, 16.03
1747822125, 0, 195, 1005, 1004, 14, 6.31%, 0, 0, 2, 16.89
1747822130, 0, 195, 1006, 1005, 14, 6.31%, 0, 0, 2, 17.01
1747822135, 0, 195, 1007, 1006, 14, 6.31%, 0, 0, 2, 16.80
1747822141, 0, 195, 1008, 1007, 14, 6.31%, 0, 0, 2, 16.93
1747822146, 0, 195, 1009, 1008, 14, 6.31%, 0, 0, 2, 16.55
1747822156, 0, 195, 1010, 1009, 14, 6.31%, 0, 0, 2, 16.16
1747822228, 0, 195, 1011, 1010, 14, 6.31%, 0, 0, 2, 16.42
1747822233, 0, 195, 1012, 1011, 14, 6.31%, 0, 0, 2, 16.51
1747822238, 0, 195, 1013, 1012, 14, 6.31%, 0, 0, 2, 17.75
1747822254, 0, 195, 1014, 1013, 14, 6.31%, 0, 0, 2, 16.85
1747822264, 0, 195, 1015, 1014, 14, 6.31%, 0, 0, 2, 17.83
1747822269, 0, 195, 1016, 1015, 14, 6.31%, 0, 0, 2, 16.39
1747822274, 0, 195, 1018, 1017, 14, 6.31%, 0, 0, 2, 15.37
1747822315, 0, 195, 1019, 1018, 14, 6.31%, 0, 0, 2, 16.54
1747822351, 0, 196, 1019, 1018, 15, 6.31%, 0, 0, 2, 16.62
1747822361, 0, 197, 1019, 1018, 15, 6.31%, 0, 0, 2, 19.37
1747822366, 0, 198, 1020, 1019, 15, 6.31%, 0, 0, 2, 18.53
1747822381, 0, 199, 1020, 1019, 15, 6.31%, 0, 0, 2, 19.60
1747822386, 0, 203, 1020, 1019, 15, 6.31%, 0, 0, 2, 19.77
1747822392, 0, 204, 1020, 1019, 15, 6.31%, 0, 0, 2, 20.11
1747822402, 0, 205, 1020, 1019, 15, 6.31%, 0, 0, 2, 19.05
1747822407, 0, 207, 1020, 1019, 15, 6.31%, 0, 0, 2, 18.34
1747822412, 0, 209, 1020, 1019, 15, 6.31%, 0, 0, 2, 17.94
1747822423, 0, 210, 1020, 1019, 15, 6.31%, 0, 0, 2, 17.45
1747822428, 0, 211, 1020, 1019, 15, 6.31%, 0, 0, 2, 18.12
1747822438, 0, 212, 1020, 1019, 15, 6.31%, 0, 0, 2, 18.28
1747822443, 0, 213, 1020, 1019, 15, 6.31%, 0, 0, 2, 18.57
1747822448, 0, 215, 1020, 1019, 15, 6.31%, 0, 0, 2, 17.58
1747822453, 0, 215, 1021, 1020, 15, 6.31%, 0, 0, 2, 16.40
1747822463, 0, 216, 1021, 1020, 15, 6.31%, 0, 0, 2, 17.55
1747822474, 0, 217, 1021, 1020, 15, 6.31%, 0, 0, 2, 17.91
1747822479, 0, 218, 1022, 1021, 15, 6.31%, 0, 0, 2, 16.63
1747822484, 0, 218, 1023, 1022, 15, 6.31%, 0, 0, 2, 16.58
1747822509, 0, 219, 1023, 1022, 15, 6.31%, 0, 0, 2, 15.55
1747822515, 0, 219, 1025, 1024, 15, 6.31%, 0, 0, 2, 15.28
1747822520, 0, 219, 1026, 1025, 15, 6.31%, 0, 0, 2, 14.97
1747822535, 0, 219, 1027, 1026, 15, 6.31%, 0, 0, 2, 14.92
1747822576, 0, 219, 1029, 1028, 15, 6.31%, 0, 0, 2, 15.13
1747822658, 0, 219, 1030, 1029, 15, 6.31%, 0, 0, 2, 16.00
1747822679, 0, 219, 1032, 1031, 15, 6.31%, 0, 0, 2, 14.97
1747822761, 0, 219, 1033, 1032, 15, 6.31%, 0, 0, 2, 15.36
1747822766, 0, 220, 1033, 1032, 15, 6.31%, 0, 0, 2, 16.96
1747822771, 0, 220, 1034, 1033, 15, 6.31%, 0, 0, 2, 17.84
1747822781, 0, 221, 1035, 1034, 15, 6.31%, 0, 0, 2, 16.89
1747822796, 0, 221, 1036, 1035, 15, 6.31%, 0, 0, 2, 16.43
1747822806, 0, 221, 1037, 1036, 15, 6.31%, 0, 0, 2, 16.09
1747822832, 0, 221, 1038, 1037, 15, 6.31%, 0, 0, 2, 15.88
1747822837, 0, 221, 1039, 1038, 15, 6.31%, 0, 0, 2, 15.46
1747822853, 0, 221, 1040, 1039, 15, 6.31%, 0, 0, 2, 15.50
1747822878, 0, 221, 1041, 1040, 15, 6.31%, 0, 0, 2, 16.73
1747822883, 0, 221, 1042, 1041, 15, 6.31%, 0, 0, 2, 16.20
1747822889, 0, 221, 1044, 1043, 15, 6.32%, 0, 0, 2, 14.28
1747822899, 0, 221, 1045, 1044, 15, 6.32%, 0, 0, 2, 15.08
1747822904, 0, 221, 1046, 1045, 15, 6.32%, 0, 0, 2, 15.52
1747822909, 0, 221, 1047, 1046, 15, 6.32%, 0, 0, 2, 15.08
1747822914, 0, 221, 1048, 1047, 15, 6.32%, 0, 0, 2, 15.01
1747822919, 0, 221, 1049, 1048, 15, 6.32%, 0, 0, 2, 15.25
1747822991, 0, 221, 1050, 1049, 15, 6.32%, 0, 0, 2, 16.59
1747823048, 0, 222, 1051, 1050, 16, 6.32%, 0, 0, 2, 16.83
1747823063, 0, 224, 1051, 1050, 17, 6.32%, 0, 0, 2, 19.26
1747823068, 0, 225, 1051, 1050, 17, 6.32%, 0, 0, 2, 19.87
1747823073, 0, 226, 1051, 1050, 17, 6.32%, 0, 0, 2, 19.43
1747823083, 0, 227, 1053, 1052, 17, 6.32%, 0, 0, 2, 16.12
1747823089, 0, 227, 1054, 1053, 17, 6.32%, 0, 0, 2, 15.96
1747823094, 0, 227, 1055, 1054, 17, 6.32%, 0, 0, 2, 15.41
1747823099, 0, 227, 1056, 1055, 17, 6.32%, 0, 0, 2, 15.06
1747823109, 0, 227, 1057, 1056, 17, 6.32%, 0, 0, 2, 15.74
1747823114, 0, 227, 1058, 1057, 17, 6.32%, 0, 0, 2, 15.01
1747823181, 0, 227, 1059, 1058, 17, 6.32%, 0, 0, 2, 16.20
1747823248, 0, 227, 1060, 1059, 17, 6.32%, 0, 0, 2, 15.14
1747823273, 0, 227, 1061, 1060, 17, 6.33%, 0, 0, 2, 16.13
1747823350, 0, 228, 1062, 1061, 18, 6.33%, 0, 0, 2, 16.79
1747823360, 0, 229, 1062, 1061, 18, 6.33%, 0, 0, 2, 19.21
1747823365, 0, 230, 1063, 1062, 18, 6.33%, 0, 0, 2, 17.52
1747823370, 0, 230, 1064, 1063, 18, 6.33%, 0, 0, 2, 15.62
1747823375, 0, 230, 1065, 1064, 18, 6.33%, 0, 0, 2, 16.10
1747823380, 0, 230, 1066, 1065, 18, 6.33%, 0, 0, 2, 16.00
1747823390, 0, 230, 1067, 1066, 18, 6.33%, 0, 0, 2, 15.33
1747823396, 0, 230, 1068, 1067, 18, 6.33%, 0, 0, 2, 14.64
1747823406, 0, 230, 1069, 1068, 18, 6.33%, 0, 0, 2, 15.07
1747823411, 0, 230, 1071, 1070, 18, 6.33%, 0, 0, 2, 13.74
1747823416, 0, 230, 1072, 1071, 18, 6.33%, 0, 0, 2, 14.43
1747823426, 0, 230, 1073, 1072, 18, 6.33%, 0, 0, 2, 14.63
1747823431, 0, 230, 1074, 1073, 18, 6.33%, 0, 0, 2, 14.56
1747823437, 0, 230, 1075, 1074, 18, 6.33%, 0, 0, 2, 15.70
1747823473, 0, 230, 1076, 1075, 18, 6.33%, 0, 0, 2, 15.04
1747823499, 0, 230, 1077, 1076, 18, 6.33%, 0, 0, 2, 15.07
1747823530, 0, 230, 1078, 1077, 18, 6.33%, 0, 0, 2, 14.76
1747823576, 0, 230, 1079, 1078, 18, 6.33%, 0, 0, 2, 14.78
1747823637, 0, 231, 1079, 1078, 19, 6.33%, 0, 0, 2, 17.34
1747823642, 0, 232, 1079, 1078, 19, 6.33%, 0, 0, 2, 18.74
1747823648, 0, 232, 1081, 1080, 19, 6.33%, 0, 0, 2, 17.82
1747823653, 0, 232, 1083, 1082, 19, 6.33%, 0, 0, 2, 16.20
1747823658, 0, 232, 1084, 1083, 19, 6.33%, 0, 0, 2, 17.00
1747823668, 0, 232, 1085, 1084, 19, 6.33%, 0, 0, 2, 17.83
1747823673, 0, 232, 1086, 1085, 19, 6.34%, 0, 0, 2, 17.26
1747823688, 0, 232, 1088, 1087, 19, 6.34%, 0, 0, 2, 17.04
1747823693, 0, 232, 1089, 1088, 19, 6.34%, 0, 0, 2, 16.96
1747823744, 0, 232, 1090, 1089, 19, 6.34%, 0, 0, 2, 17.03
1747823785, 0, 232, 1091, 1090, 19, 6.34%, 0, 0, 2, 18.29
1747823883, 0, 233, 1091, 1090, 18, 6.34%, 0, 0, 2, 19.93
1747823888, 0, 234, 1091, 1090, 18, 6.34%, 0, 0, 2, 18.92
1747823893, 0, 235, 1091, 1090, 18, 6.34%, 0, 0, 2, 19.24
1747823898, 0, 236, 1091, 1090, 18, 6.34%, 0, 0, 2, 19.20
1747823908, 0, 237, 1091, 1090, 18, 6.34%, 0, 0, 2, 17.82
1747823913, 0, 237, 1092, 1091, 18, 6.34%, 0, 0, 2, 17.49
1747823923, 0, 238, 1092, 1091, 18, 6.34%, 0, 0, 2, 19.72
1747823928, 0, 240, 1092, 1091, 18, 6.34%, 0, 0, 2, 20.63
1747823933, 0, 242, 1092, 1091, 18, 6.34%, 0, 0, 2, 19.46
1747823944, 0, 243, 1092, 1091, 18, 6.34%, 0, 0, 2, 18.58
1747823949, 0, 244, 1092, 1091, 18, 6.34%, 0, 0, 2, 19.52
1747823954, 0, 245, 1092, 1091, 18, 6.34%, 0, 0, 2, 19.43
1747823964, 0, 246, 1093, 1092, 18, 6.34%, 0, 0, 2, 17.64
1747823969, 0, 246, 1094, 1093, 18, 6.34%, 0, 0, 2, 16.64
1747823995, 0, 247, 1094, 1093, 18, 6.34%, 0, 0, 2, 18.21
1747824000, 0, 248, 1094, 1093, 18, 6.34%, 0, 0, 2, 17.88
1747824005, 0, 248, 1095, 1094, 18, 6.34%, 0, 0, 2, 16.09
1747824015, 0, 249, 1095, 1094, 18, 6.34%, 0, 0, 2, 18.43
1747824020, 0, 249, 1096, 1095, 18, 6.34%, 0, 0, 2, 19.89
1747824031, 0, 250, 1096, 1095, 18, 6.34%, 0, 0, 2, 19.91
1747824036, 0, 251, 1097, 1096, 18, 6.34%, 0, 0, 2, 17.20
1747824041, 0, 251, 1099, 1098, 18, 6.34%, 0, 0, 2, 15.25
1747824046, 0, 251, 1100, 1099, 18, 6.34%, 0, 0, 2, 15.35
1747824052, 0, 251, 1103, 1102, 18, 6.34%, 0, 0, 2, 13.34
1747824057, 0, 251, 1104, 1103, 18, 6.34%, 0, 0, 2, 14.77
1747824062, 0, 251, 1105, 1104, 18, 6.34%, 0, 0, 2, 15.04
1747824083, 0, 251, 1106, 1105, 18, 6.34%, 0, 0, 2, 15.05
1747824118, 0, 251, 1108, 1107, 18, 6.34%, 0, 0, 2, 14.68
1747824124, 0, 251, 1109, 1108, 18, 6.34%, 0, 0, 2, 14.58
1747824129, 0, 251, 1110, 1109, 18, 6.34%, 0, 0, 2, 15.89
1747824149, 0, 251, 1111, 1110, 18, 6.34%, 0, 0, 2, 15.54
1747824159, 0, 251, 1112, 1111, 18, 6.34%, 0, 0, 2, 15.30
1747824165, 0, 251, 1113, 1112, 18, 6.34%, 0, 0, 2, 14.60
1747824200, 0, 251, 1114, 1113, 18, 6.34%, 0, 0, 2, 15.21
1747824231, 0, 251, 1115, 1114, 18, 6.34%, 0, 0, 2, 15.78
1747824246, 0, 251, 1116, 1115, 18, 6.34%, 0, 0, 2, 15.30
1747824251, 0, 251, 1117, 1116, 18, 6.38%, 0, 0, 2, 15.38
1747824267, 0, 251, 1118, 1117, 18, 6.38%, 0, 0, 2, 14.24
1747824313, 0, 253, 1118, 1117, 12, 6.38%, 0, 0, 2, 18.42
1747824318, 0, 254, 1118, 1117, 12, 6.38%, 0, 0, 2, 19.57
1747824323, 0, 255, 1119, 1118, 12, 6.38%, 0, 0, 2, 17.92
1747824328, 0, 255, 1122, 1121, 12, 6.38%, 0, 0, 2, 14.44
1747824333, 0, 255, 1124, 1123, 12, 6.38%, 0, 0, 2, 14.83
1747824343, 0, 255, 1125, 1124, 12, 6.38%, 0, 0, 2, 16.12
1747824353, 0, 255, 1126, 1125, 12, 6.38%, 0, 0, 2, 16.06
1747824358, 0, 255, 1127, 1126, 12, 6.38%, 0, 0, 2, 15.33
1747824374, 0, 255, 1128, 1127, 12, 6.39%, 0, 0, 2, 15.33
1747824384, 0, 255, 1129, 1128, 12, 6.39%, 0, 0, 2, 14.96
1747824399, 0, 255, 1130, 1129, 12, 6.39%, 0, 0, 2, 15.89
1747824425, 0, 255, 1131, 1130, 12, 6.39%, 0, 0, 2, 16.07
1747824506, 0, 255, 1132, 1131, 12, 6.39%, 0, 0, 2, 15.91
1747824552, 0, 255, 1133, 1132, 12, 6.39%, 0, 0, 2, 15.99
1747824568, 0, 255, 1134, 1133, 12, 6.39%, 0, 0, 2, 16.52
1747824573, 0, 255, 1135, 1134, 12, 6.39%, 0, 0, 2, 15.36
1747824578, 0, 255, 1136, 1135, 12, 6.39%, 0, 0, 2, 15.05
1747824598, 0, 256, 1136, 1135, 14, 6.39%, 0, 0, 2, 19.16
1747824603, 0, 257, 1136, 1135, 14, 6.39%, 0, 0, 2, 20.28
1747824608, 0, 258, 1136, 1135, 14, 6.39%, 0, 0, 2, 20.51
1747824614, 0, 259, 1136, 1135, 14, 6.39%, 0, 0, 2, 20.54
1747824624, 0, 259, 1137, 1136, 14, 6.39%, 0, 0, 2, 15.61
1747824634, 0, 260, 1137, 1136, 14, 6.39%, 0, 0, 2, 20.41
1747824639, 0, 261, 1137, 1136, 14, 6.39%, 0, 0, 2, 21.20
1747824644, 0, 262, 1137, 1136, 14, 6.39%, 0, 0, 2, 20.84
1747824649, 0, 263, 1137, 1136, 14, 6.39%, 0, 0, 2, 18.83
1747824654, 0, 263, 1138, 1137, 14, 6.39%, 0, 0, 2, 16.44
1747824665, 0, 263, 1139, 1138, 14, 6.39%, 0, 0, 2, 16.21
1747824670, 0, 263, 1140, 1139, 14, 6.39%, 0, 0, 2, 16.01
1747824690, 0, 263, 1141, 1140, 14, 6.39%, 0, 0, 2, 14.72
1747824706, 0, 263, 1142, 1141, 14, 6.39%, 0, 0, 2, 15.27
1747824737, 0, 263, 1143, 1142, 14, 6.39%, 0, 0, 2, 15.21
1747824788, 0, 263, 1144, 1143, 14, 6.39%, 0, 0, 2, 14.95
1747824814, 0, 263, 1145, 1144, 14, 6.39%, 0, 0, 2, 15.51
1747824824, 0, 263, 1146, 1145, 14, 6.39%, 0, 0, 2, 15.51
1747824860, 0, 263, 1147, 1146, 14, 6.39%, 0, 0, 2, 15.55
1747824901, 0, 263, 1148, 1147, 14, 6.39%, 0, 0, 2, 14.94
1747824921, 0, 264, 1148, 1147, 14, 6.39%, 0, 0, 2, 17.64
1747824926, 0, 265, 1148, 1147, 14, 6.39%, 0, 0, 2, 19.56
1747824931, 0, 266, 1148, 1147, 14, 6.39%, 0, 0, 2, 19.95
1747824942, 0, 267, 1148, 1147, 14, 6.39%, 0, 0, 2, 18.09
1747824947, 0, 267, 1149, 1148, 14, 6.39%, 0, 0, 2, 17.54
1747824957, 0, 268, 1149, 1148, 14, 6.39%, 0, 0, 2, 15.22
1747824962, 0, 269, 1149, 1148, 14, 6.39%, 0, 0, 2, 15.01
1747824972, 0, 270, 1149, 1148, 14, 6.39%, 0, 0, 2, 19.34
1747824977, 0, 271, 1149, 1148, 14, 6.39%, 0, 0, 2, 19.01
1747824983, 0, 272, 1149, 1148, 14, 6.39%, 0, 0, 2, 18.68
1747824993, 0, 273, 1149, 1148, 14, 6.39%, 0, 0, 2, 18.56
1747824998, 0, 274, 1149, 1148, 14, 6.39%, 0, 0, 2, 17.30
1747825008, 0, 275, 1150, 1149, 14, 6.41%, 0, 0, 2, 14.31
1747825018, 0, 275, 1152, 1151, 14, 6.41%, 0, 0, 2, 14.61
1747825023, 0, 275, 1153, 1152, 14, 6.41%, 0, 0, 2, 15.24
1747825028, 0, 275, 1154, 1153, 14, 6.41%, 0, 0, 2, 14.62
1747825039, 0, 275, 1155, 1154, 14, 6.41%, 0, 0, 2, 15.01
1747825090, 0, 275, 1156, 1155, 14, 6.41%, 0, 0, 2, 15.35
1747825121, 0, 275, 1157, 1156, 14, 6.41%, 0, 0, 2, 15.47
1747825126, 0, 275, 1158, 1157, 14, 6.41%, 0, 0, 2, 14.71
1747825280, 0, 276, 1158, 1157, 16, 6.41%, 0, 0, 2, 15.78
1747825285, 0, 277, 1158, 1157, 16, 6.41%, 0, 0, 2, 16.92
1747825295, 0, 278, 1159, 1158, 16, 6.41%, 0, 0, 2, 16.26
1747825306, 0, 278, 1160, 1159, 16, 6.41%, 0, 0, 2, 14.31
1747825311, 0, 278, 1161, 1160, 16, 6.41%, 0, 0, 2, 14.65
1747825321, 0, 278, 1162, 1161, 16, 6.41%, 0, 0, 2, 14.34
1747825326, 0, 278, 1163, 1162, 16, 6.41%, 0, 0, 2, 13.53
1747825331, 0, 278, 1164, 1163, 16, 6.41%, 0, 0, 2, 13.59
1747825398, 0, 278, 1165, 1164, 16, 6.41%, 0, 0, 2, 15.70
1747825433, 0, 278, 1166, 1165, 16, 6.41%, 0, 0, 2, 15.04
1747825439, 0, 278, 1167, 1166, 16, 6.41%, 0, 0, 2, 14.96
1747825557, 0, 278, 1168, 1167, 16, 6.41%, 0, 0, 2, 14.46
1747825562, 0, 278, 1169, 1168, 16, 6.41%, 0, 0, 2, 14.36
1747825572, 0, 279, 1169, 1168, 16, 6.41%, 0, 0, 2, 16.57
1747825577, 0, 280, 1169, 1168, 16, 6.41%, 0, 0, 2, 18.88
1747825587, 0, 281, 1169, 1168, 16, 6.41%, 0, 0, 2, 16.07
1747825598, 0, 282, 1169, 1168, 16, 6.41%, 0, 0, 2, 15.56
1747825603, 0, 282, 1170, 1169, 16, 6.41%, 0, 0, 2, 13.86
1747825613, 0, 283, 1170, 1169, 16, 6.41%, 0, 0, 2, 16.95
1747825623, 0, 285, 1170, 1169, 16, 6.41%, 0, 0, 2, 19.33
1747825628, 0, 287, 1170, 1169, 16, 6.41%, 0, 0, 2, 16.58
1747825634, 0, 287, 1171, 1170, 16, 6.41%, 0, 0, 2, 14.98
1747825639, 0, 287, 1172, 1171, 16, 6.41%, 0, 0, 2, 13.91
1747825664, 0, 288, 1172, 1171, 16, 6.41%, 0, 0, 2, 19.63
1747825669, 0, 289, 1172, 1171, 16, 6.41%, 0, 0, 2, 20.07
1747825674, 0, 290, 1172, 1171, 16, 6.41%, 0, 0, 2, 19.60
1747825680, 0, 291, 1172, 1171, 16, 6.41%, 0, 0, 2, 19.64
1747825690, 0, 292, 1172, 1171, 16, 6.41%, 0, 0, 2, 17.79
1747825695, 0, 293, 1172, 1171, 16, 6.41%, 0, 0, 2, 18.45
1747825700, 0, 294, 1172, 1171, 16, 6.41%, 0, 0, 2, 19.64
1747825710, 0, 295, 1172, 1171, 16, 6.41%, 0, 0, 2, 16.13
1747825715, 0, 296, 1172, 1171, 16, 6.41%, 0, 0, 2, 18.64
1747825720, 0, 297, 1172, 1171, 16, 6.41%, 0, 0, 2, 19.62
1747825731, 0, 298, 1172, 1171, 16, 6.41%, 0, 0, 2, 16.12
1747825736, 0, 298, 1173, 1172, 16, 6.41%, 0, 0, 2, 14.40
1747825746, 0, 301, 1173, 1172, 16, 6.41%, 0, 0, 2, 15.80
1747825751, 0, 301, 1176, 1175, 16, 6.41%, 0, 0, 2, 12.52
1747825761, 0, 301, 1178, 1177, 16, 6.41%, 0, 0, 2, 12.69
1747825766, 0, 301, 1179, 1178, 16, 6.41%, 0, 0, 2, 13.99
1747825808, 0, 301, 1180, 1179, 16, 6.41%, 0, 0, 2, 15.12
1747825823, 0, 301, 1181, 1180, 16, 6.41%, 0, 0, 2, 14.94
1747825864, 0, 301, 1182, 1181, 16, 6.41%, 0, 0, 2, 25.76
1747825869, 0, 301, 1184, 1183, 16, 6.41%, 0, 0, 2, 23.51
1747825879, 0, 301, 1185, 1184, 16, 6.41%, 0, 0, 2, 23.50
1747825884, 0, 301, 1186, 1185, 16, 6.41%, 0, 0, 2, 23.94
1747825899, 0, 301, 1187, 1186, 16, 6.41%, 0, 0, 2, 25.09
1747825930, 0, 301, 1188, 1187, 16, 6.41%, 0, 0, 2, 24.99
1747825961, 0, 302, 1188, 1187, 17, 6.41%, 0, 0, 2, 25.01
1747825966, 0, 303, 1188, 1187, 17, 6.41%, 0, 0, 2, 32.38
1747825972, 0, 304, 1188, 1187, 17, 6.41%, 0, 0, 2, 27.43
1747825977, 0, 306, 1188, 1187, 17, 6.41%, 0, 0, 2, 30.23
1747825982, 0, 307, 1188, 1187, 17, 6.41%, 0, 0, 2, 27.41
1747825987, 0, 308, 1188, 1187, 17, 6.41%, 0, 0, 2, 25.31
1747825992, 0, 309, 1188, 1187, 17, 6.41%, 0, 0, 2, 26.46
1747825997, 0, 310, 1189, 1188, 17, 6.41%, 0, 0, 2, 24.50
1747826008, 0, 311, 1189, 1188, 17, 6.41%, 0, 0, 2, 27.35
1747826013, 0, 313, 1189, 1188, 17, 6.41%, 0, 0, 2, 28.92
1747826018, 0, 314, 1189, 1188, 17, 6.41%, 0, 0, 2, 32.23
1747826023, 0, 315, 1189, 1188, 17, 6.41%, 0, 0, 2, 28.96
1747826028, 0, 318, 1190, 1189, 17, 6.41%, 0, 0, 2, 29.45
1747826033, 0, 318, 1191, 1190, 17, 6.41%, 0, 0, 2, 24.40
1747826038, 0, 318, 1192, 1191, 17, 6.41%, 0, 0, 2, 24.16
1747826053, 0, 318, 1193, 1192, 17, 6.41%, 0, 0, 2, 25.58
1747826089, 0, 318, 1194, 1193, 17, 6.41%, 0, 0, 2, 25.02
1747826130, 0, 318, 1195, 1194, 17, 6.41%, 0, 0, 2, 23.02
1747826197, 0, 320, 1195, 1194, 15, 6.41%, 0, 0, 2, 24.70
1747826202, 0, 321, 1195, 1194, 15, 6.41%, 0, 0, 2, 26.01
1747826207, 0, 322, 1195, 1194, 15, 6.41%, 0, 0, 2, 26.74
1747826212, 0, 323, 1195, 1194, 15, 6.41%, 0, 0, 2, 26.84
1747826218, 0, 324, 1195, 1194, 15, 6.41%, 0, 0, 2, 26.82
1747826223, 0, 325, 1196, 1195, 15, 6.41%, 0, 0, 2, 24.29
1747826228, 0, 325, 1197, 1196, 15, 6.41%, 0, 0, 2, 23.72
1747826233, 0, 325, 1198, 1197, 15, 6.41%, 0, 0, 2, 26.83
1747826238, 0, 325, 1200, 1199, 15, 6.41%, 0, 0, 2, 23.12
1747826254, 0, 325, 1201, 1200, 15, 6.41%, 0, 0, 2, 23.15
1747826274, 0, 325, 1202, 1201, 15, 6.41%, 0, 0, 2, 24.15
1747826325, 0, 325, 1203, 1202, 15, 6.41%, 0, 0, 2, 22.57
1747826422, 0, 326, 1203, 1202, 15, 6.41%, 0, 0, 2, 14.84
1747826427, 0, 326, 1204, 1203, 15, 6.41%, 0, 0, 2, 14.58
1747826443, 0, 327, 1204, 1203, 15, 6.41%, 0, 0, 2, 14.10
1747826448, 0, 327, 1205, 1204, 15, 6.41%, 0, 0, 2, 14.55
1747826453, 0, 327, 1206, 1205, 15, 6.41%, 0, 0, 2, 15.16
1747826479, 0, 328, 1206, 1205, 15, 6.41%, 0, 0, 2, 18.03
1747826484, 0, 329, 1206, 1205, 15, 6.41%, 0, 0, 2, 20.49
1747826489, 0, 331, 1206, 1205, 15, 6.41%, 0, 0, 2, 20.55
1747826499, 0, 332, 1206, 1205, 15, 6.41%, 0, 0, 2, 19.25
1747826504, 0, 333, 1206, 1205, 15, 6.41%, 0, 0, 2, 20.56
1747826509, 0, 334, 1206, 1205, 15, 6.41%, 0, 0, 2, 20.38
1747826519, 0, 335, 1206, 1205, 15, 6.41%, 0, 0, 2, 16.37
1747826524, 0, 335, 1207, 1206, 15, 6.41%, 0, 0, 2, 16.44
1747826535, 0, 336, 1207, 1206, 15, 6.41%, 0, 0, 2, 19.05
1747826540, 0, 338, 1207, 1206, 15, 6.41%, 0, 0, 2, 16.54
1747826550, 0, 338, 1208, 1207, 15, 6.41%, 0, 0, 2, 13.68
1747826561, 0, 339, 1208, 1207, 15, 6.41%, 0, 0, 2, 18.27
1747826566, 0, 340, 1208, 1207, 15, 6.41%, 0, 0, 2, 15.38
1747826571, 0, 340, 1209, 1208, 15, 6.41%, 0, 0, 2, 14.56
1747826586, 0, 340, 1210, 1209, 15, 6.41%, 0, 0, 2, 13.87
1747826601, 0, 342, 1210, 1209, 15, 6.41%, 0, 0, 2, 15.90
1747826611, 0, 343, 1210, 1209, 15, 6.41%, 0, 0, 2, 20.22
1747826617, 0, 344, 1210, 1209, 15, 6.41%, 0, 0, 2, 17.51
1747826622, 0, 346, 1210, 1209, 15, 6.41%, 0, 0, 2, 15.47
1747826632, 0, 347, 1210, 1209, 15, 6.41%, 0, 0, 2, 17.50
1747826637, 0, 348, 1210, 1209, 15, 6.41%, 0, 0, 2, 17.13
1747826647, 0, 349, 1210, 1209, 15, 6.41%, 0, 0, 2, 19.46
1747826652, 0, 350, 1210, 1209, 15, 6.41%, 0, 0, 2, 15.55
1747826663, 0, 352, 1210, 1209, 15, 6.41%, 0, 0, 2, 16.26
1747826668, 0, 354, 1210, 1209, 15, 6.41%, 0, 0, 2, 15.87
1747826678, 0, 355, 1210, 1209, 15, 6.41%, 0, 0, 2, 16.69
1747826683, 0, 356, 1210, 1209, 15, 6.41%, 0, 0, 2, 15.68
1747826693, 0, 357, 1210, 1209, 15, 6.41%, 0, 0, 2, 16.58
1747826698, 0, 358, 1210, 1209, 15, 6.41%, 0, 0, 2, 19.47
1747826708, 0, 359, 1210, 1209, 15, 6.41%, 0, 0, 2, 17.35
1747826714, 0, 360, 1210, 1209, 15, 6.41%, 0, 0, 2, 16.34
1747826719, 0, 360, 1211, 1210, 15, 6.41%, 0, 0, 2, 15.64
1747826729, 0, 361, 1211, 1210, 15, 6.41%, 0, 0, 2, 16.37
1747826740, 0, 362, 1211, 1210, 15, 6.41%, 0, 0, 2, 20.35
1747826745, 0, 363, 1211, 1210, 15, 6.41%, 0, 0, 2, 19.89
1747826750, 0, 364, 1211, 1210, 15, 6.41%, 0, 0, 2, 17.06
1747826760, 0, 365, 1211, 1210, 15, 6.41%, 0, 0, 2, 14.37
1747826771, 0, 367, 1212, 1211, 15, 6.41%, 0, 0, 2, 14.41
1747826786, 0, 368, 1212, 1211, 15, 6.41%, 0, 0, 2, 14.70
1747826796, 0, 369, 1212, 1211, 15, 6.41%, 0, 0, 2, 16.26
1747826801, 0, 370, 1212, 1211, 15, 6.41%, 0, 0, 2, 16.15
1747826811, 0, 371, 1212, 1211, 15, 6.41%, 0, 0, 2, 16.83
1747826817, 0, 373, 1212, 1211, 15, 6.41%, 0, 0, 2, 16.86
1747826827, 0, 374, 1212, 1211, 15, 6.41%, 0, 0, 2, 17.10
1747826832, 0, 375, 1212, 1211, 15, 6.41%, 0, 0, 2, 18.74
1747826837, 0, 376, 1212, 1211, 15, 6.41%, 0, 0, 2, 20.42
1747826842, 0, 377, 1212, 1211, 15, 6.41%, 0, 0, 2, 20.84
1747826847, 0, 377, 1213, 1212, 15, 6.41%, 0, 0, 2, 13.93
1747826862, 0, 380, 1213, 1212, 15, 6.41%, 0, 0, 2, 14.19
1747826873, 0, 381, 1213, 1212, 15, 6.41%, 0, 0, 2, 13.99
1747826883, 0, 382, 1213, 1212, 15, 6.41%, 0, 0, 2, 15.65
1747826888, 0, 384, 1213, 1212, 15, 6.41%, 0, 0, 2, 16.23
1747826898, 0, 385, 1213, 1212, 15, 6.41%, 0, 0, 2, 16.20
1747826904, 0, 387, 1213, 1212, 15, 6.41%, 0, 0, 2, 15.64
1747826914, 0, 389, 1213, 1212, 15, 6.41%, 0, 0, 2, 15.43
1747826924, 0, 391, 1213, 1212, 15, 6.41%, 0, 0, 2, 18.57
1747826929, 0, 395, 1213, 1212, 15, 6.41%, 0, 0, 2, 17.23
1747826939, 0, 397, 1213, 1212, 15, 6.41%, 0, 0, 2, 15.23
1747826945, 0, 398, 1213, 1212, 15, 6.41%, 0, 0, 2, 14.69
1747826955, 0, 400, 1213, 1212, 15, 6.41%, 0, 0, 2, 15.11
1747826965, 0, 401, 1213, 1212, 15, 6.41%, 0, 0, 2, 15.53
1747826970, 0, 403, 1213, 1212, 15, 6.41%, 0, 0, 2, 14.54
1747826981, 0, 404, 1213, 1212, 15, 6.41%, 0, 0, 2, 14.02
1747826991, 0, 406, 1213, 1212, 15, 6.41%, 0, 0, 2, 15.44
1747826996, 0, 407, 1213, 1212, 15, 6.41%, 0, 0, 2, 14.83
1747827006, 0, 409, 1213, 1212, 15, 6.41%, 0, 0, 2, 17.96
1747827012, 0, 410, 1213, 1212, 15, 6.41%, 0, 0, 2, 18.08
1747827022, 0, 411, 1213, 1212, 15, 6.41%, 0, 0, 2, 19.03
1747827027, 0, 412, 1213, 1212, 15, 6.41%, 0, 0, 2, 17.59
1747827037, 0, 413, 1213, 1212, 15, 6.41%, 0, 0, 2, 15.69
1747827042, 0, 414, 1213, 1212, 15, 6.41%, 0, 0, 2, 15.76
1747827053, 0, 415, 1213, 1212, 15, 6.41%, 0, 0, 2, 16.99
1747827058, 0, 416, 1213, 1212, 15, 6.41%, 0, 0, 2, 14.42
1747827068, 0, 417, 1213, 1212, 15, 6.41%, 0, 0, 2, 14.27
1747827078, 0, 418, 1213, 1212, 15, 6.41%, 0, 0, 2, 15.51
1747827083, 0, 419, 1213, 1212, 15, 6.41%, 0, 0, 2, 15.07
1747827094, 0, 420, 1213, 1212, 15, 6.41%, 0, 0, 2, 17.86
1747827099, 0, 421, 1213, 1212, 15, 6.41%, 0, 0, 2, 20.38
1747827104, 0, 423, 1213, 1212, 15, 6.41%, 0, 0, 2, 19.71
1747827114, 0, 424, 1213, 1212, 15, 6.41%, 0, 0, 2, 16.45
1747827125, 0, 425, 1213, 1212, 15, 6.41%, 0, 0, 2, 19.06
1747827130, 0, 427, 1213, 1212, 15, 6.41%, 0, 0, 2, 15.59
1747827140, 0, 430, 1213, 1212, 15, 6.41%, 0, 0, 2, 19.23
1747827145, 0, 431, 1213, 1212, 15, 6.41%, 0, 0, 2, 15.43
1747827150, 0, 431, 1214, 1213, 15, 6.41%, 0, 0, 2, 14.38
1747827160, 0, 431, 1215, 1214, 15, 6.41%, 0, 0, 2, 13.76
1747827181, 0, 432, 1215, 1214, 15, 6.41%, 0, 0, 2, 14.11
1747827191, 0, 433, 1215, 1214, 15, 6.41%, 0, 0, 2, 18.00
1747827196, 0, 435, 1215, 1214, 15, 6.41%, 0, 0, 2, 17.50
1747827206, 0, 437, 1215, 1214, 15, 6.41%, 0, 0, 2, 17.47
1747827211, 0, 438, 1215, 1214, 15, 6.41%, 0, 0, 2, 19.72
1747827217, 0, 439, 1215, 1214, 15, 6.41%, 0, 0, 2, 19.37
1747827227, 0, 441, 1215, 1214, 15, 6.41%, 0, 0, 2, 14.40
1747827237, 0, 442, 1215, 1214, 15, 6.41%, 0, 0, 2, 15.25
1747827242, 0, 444, 1215, 1214, 15, 6.41%, 0, 0, 2, 15.76
1747827252, 0, 445, 1215, 1214, 15, 6.41%, 0, 0, 2, 15.51
1747827263, 0, 446, 1215, 1214, 15, 6.41%, 0, 0, 2, 14.61
1747827273, 0, 447, 1215, 1214, 15, 6.41%, 0, 0, 2, 18.84
1747827278, 0, 448, 1215, 1214, 15, 6.41%, 0, 0, 2, 16.98
1747827283, 0, 449, 1215, 1214, 15, 6.41%, 0, 0, 2, 16.70
1747827293, 0, 451, 1215, 1214, 15, 6.41%, 0, 0, 2, 16.07
1747827298, 0, 452, 1215, 1214, 15, 6.41%, 0, 0, 2, 14.55
1747827309, 0, 453, 1215, 1214, 15, 6.41%, 0, 0, 2, 20.27
1747827314, 0, 455, 1215, 1214, 15, 6.41%, 0, 0, 2, 20.99
1747827319, 0, 458, 1215, 1214, 15, 6.41%, 0, 0, 2, 18.07
1747827329, 0, 459, 1216, 1215, 15, 6.41%, 0, 0, 2, 13.70
1747827345, 0, 462, 1216, 1215, 15, 6.41%, 0, 0, 2, 15.31
1747827355, 0, 463, 1216, 1215, 15, 6.41%, 0, 0, 2, 16.74
1747827360, 0, 464, 1216, 1215, 15, 6.41%, 0, 0, 2, 18.10
1747827371, 0, 465, 1216, 1215, 15, 6.41%, 0, 0, 2, 16.30
1747827381, 0, 466, 1216, 1215, 15, 6.41%, 0, 0, 2, 18.69
1747827386, 0, 467, 1216, 1215, 15, 6.41%, 0, 0, 2, 20.29
1747827391, 0, 468, 1216, 1215, 15, 6.41%, 0, 0, 2, 18.04
1747827402, 0, 469, 1216, 1215, 15, 6.41%, 0, 0, 2, 15.21
1747827407, 0, 470, 1216, 1215, 15, 6.41%, 0, 0, 2, 14.07
1747827417, 0, 472, 1216, 1215, 15, 6.41%, 0, 0, 2, 14.52
1747827427, 0, 473, 1216, 1215, 15, 6.41%, 0, 0, 2, 15.36
1747827437, 0, 474, 1216, 1215, 15, 6.41%, 0, 0, 2, 19.45
1747827442, 0, 475, 1216, 1215, 15, 6.41%, 0, 0, 2, 16.11
1747827447, 0, 476, 1216, 1215, 15, 6.41%, 0, 0, 2, 15.88
1747827458, 0, 478, 1216, 1215, 15, 6.41%, 0, 0, 2, 15.69
1747827463, 0, 479, 1216, 1215, 15, 6.41%, 0, 0, 2, 18.68
1747827473, 0, 480, 1216, 1215, 15, 6.41%, 0, 0, 2, 17.75
1747827478, 0, 481, 1216, 1215, 15, 6.41%, 0, 0, 2, 19.85
1747827489, 0, 482, 1216, 1215, 15, 6.41%, 0, 0, 2, 15.98
1747827494, 0, 483, 1216, 1215, 15, 6.41%, 0, 0, 2, 15.21
1747827504, 0, 484, 1216, 1215, 15, 6.41%, 0, 0, 2, 15.41
1747827514, 0, 485, 1216, 1215, 15, 6.41%, 0, 0, 2, 23.50
1747827519, 0, 488, 1216, 1215, 15, 6.41%, 0, 0, 2, 32.52
1747827524, 0, 490, 1216, 1215, 15, 6.41%, 0, 0, 2, 27.97
1747827529, 0, 492, 1216, 1215, 15, 6.41%, 0, 0, 2, 29.80
1747827535, 0, 494, 1216, 1215, 15, 6.41%, 0, 0, 2, 25.66
1747827540, 0, 495, 1216, 1215, 15, 6.41%, 0, 0, 2, 28.99
1747827545, 0, 496, 1217, 1216, 15, 6.41%, 0, 0, 2, 25.10
1747827555, 0, 497, 1218, 1217, 15, 6.41%, 0, 0, 2, 24.36
1747827565, 0, 499, 1218, 1217, 15, 6.41%, 0, 0, 2, 26.60
1747827570, 0, 501, 1218, 1217, 15, 6.41%, 0, 0, 2, 29.95
1747827575, 0, 502, 1218, 1217, 15, 6.41%, 0, 0, 2, 24.64
1747827580, 0, 505, 1218, 1217, 15, 6.41%, 0, 0, 2, 30.58
1747827586, 0, 508, 1218, 1217, 15, 6.41%, 0, 0, 2, 33.92
1747827591, 0, 509, 1218, 1217, 15, 6.41%, 0, 0, 2, 27.91
1747827596, 0, 510, 1218, 1217, 15, 6.41%, 0, 0, 2, 24.60
1747827601, 0, 511, 1218, 1217, 15, 6.41%, 0, 0, 2, 23.88
1747827606, 0, 511, 1219, 1218, 15, 6.41%, 0, 0, 2, 23.32
1747827611, 0, 512, 1219, 1218, 15, 6.41%, 0, 0, 2, 23.03
1747827621, 0, 514, 1219, 1218, 15, 6.41%, 0, 0, 2, 30.76
1747827626, 0, 515, 1219, 1218, 15, 6.41%, 0, 0, 2, 33.17
1747827632, 0, 516, 1219, 1218, 15, 6.41%, 0, 0, 2, 33.91
1747827637, 0, 517, 1219, 1218, 15, 6.41%, 0, 0, 2, 25.52
1747827642, 0, 520, 1219, 1218, 15, 6.41%, 0, 0, 2, 28.81
1747827652, 0, 522, 1219, 1218, 15, 6.41%, 0, 0, 2, 28.89
1747827657, 0, 523, 1219, 1218, 15, 6.41%, 0, 0, 2, 29.88
1747827662, 0, 524, 1219, 1218, 15, 6.41%, 0, 0, 2, 33.96
1747827667, 0, 526, 1219, 1218, 15, 6.41%, 0, 0, 2, 31.91
1747827677, 0, 528, 1219, 1218, 15, 6.41%, 0, 0, 2, 22.42
1747827682, 0, 528, 1220, 1219, 15, 6.41%, 0, 0, 2, 22.74
1747827687, 0, 532, 1220, 1219, 15, 6.41%, 0, 0, 2, 23.57
1747827692, 0, 533, 1220, 1219, 15, 6.41%, 0, 0, 2, 24.44
1747827698, 0, 534, 1221, 1220, 15, 6.41%, 0, 0, 2, 22.83
1747827708, 0, 535, 1221, 1220, 15, 6.41%, 0, 0, 2, 22.31
1747827713, 0, 537, 1221, 1220, 15, 6.41%, 0, 0, 2, 26.48
1747827718, 0, 539, 1221, 1220, 15, 6.41%, 0, 0, 2, 26.57
1747827723, 0, 540, 1221, 1220, 15, 6.41%, 0, 0, 2, 29.48
1747827728, 0, 541, 1221, 1220, 15, 6.41%, 0, 0, 2, 27.69
1747827733, 0, 542, 1221, 1220, 15, 6.41%, 0, 0, 2, 24.66
1747827738, 0, 543, 1221, 1220, 15, 6.41%, 0, 0, 2, 30.90
1747827744, 0, 545, 1221, 1220, 15, 6.41%, 0, 0, 2, 25.07
1747827749, 0, 547, 1221, 1220, 15, 6.41%, 0, 0, 2, 31.43
1747827754, 0, 549, 1221, 1220, 15, 6.41%, 0, 0, 2, 29.70
1747827759, 0, 550, 1221, 1220, 15, 6.41%, 0, 0, 2, 24.63
1747827764, 0, 551, 1221, 1220, 15, 6.41%, 0, 0, 2, 27.02
1747827769, 0, 552, 1221, 1220, 15, 6.41%, 0, 0, 2, 25.49
1747827774, 0, 553, 1221, 1220, 15, 6.41%, 0, 0, 2, 28.63
1747827779, 0, 554, 1221, 1220, 15, 6.41%, 0, 0, 2, 26.16
1747827784, 0, 555, 1221, 1220, 15, 6.41%, 0, 0, 2, 29.68
1747827789, 0, 558, 1221, 1220, 15, 6.41%, 0, 0, 2, 32.39
1747827794, 0, 559, 1221, 1220, 15, 6.41%, 0, 0, 2, 26.44
1747827800, 0, 562, 1221, 1220, 15, 6.41%, 0, 0, 2, 33.19
1747827805, 0, 563, 1221, 1220, 15, 6.41%, 0, 0, 2, 34.72
1747827810, 0, 564, 1221, 1220, 15, 6.41%, 0, 0, 2, 25.29
1747827815, 0, 565, 1221, 1220, 15, 6.41%, 0, 0, 2, 24.90
1747827820, 0, 566, 1221, 1220, 15, 6.41%, 0, 0, 2, 23.04
1747827825, 0, 567, 1221, 1220, 15, 6.41%, 0, 0, 2, 17.45
1747827835, 0, 568, 1221, 1220, 15, 6.41%, 0, 0, 2, 18.64
1747827840, 0, 569, 1221, 1220, 15, 6.41%, 0, 0, 2, 18.83
1747827846, 0, 570, 1221, 1220, 15, 6.41%, 0, 0, 2, 18.83
1747827856, 0, 571, 1221, 1220, 15, 6.41%, 0, 0, 2, 14.20
1747827861, 0, 572, 1221, 1220, 15, 6.41%, 0, 0, 2, 13.87
1747827871, 0, 573, 1221, 1220, 15, 6.41%, 0, 0, 2, 12.74
1747827876, 0, 573, 1222, 1221, 15, 6.41%, 0, 0, 2, 14.07
1747827892, 0, 574, 1222, 1221, 15, 6.41%, 0, 0, 2, 14.56
1747827902, 0, 575, 1222, 1221, 15, 6.41%, 0, 0, 2, 14.80
1747827912, 0, 577, 1222, 1221, 15, 6.41%, 0, 0, 2, 14.47
1747827917, 0, 578, 1222, 1221, 15, 6.41%, 0, 0, 2, 13.73
1747827927, 0, 580, 1222, 1221, 15, 6.41%, 0, 0, 2, 14.73
1747827937, 0, 582, 1223, 1222, 15, 6.41%, 0, 0, 2, 13.70
1747827953, 0, 582, 1225, 1224, 15, 6.41%, 0, 0, 2, 12.85
1747827963, 0, 582, 1226, 1225, 15, 6.41%, 0, 0, 2, 13.94
1747827968, 0, 582, 1227, 1226, 15, 6.41%, 0, 0, 2, 12.57
1747828004, 0, 582, 1228, 1227, 15, 6.41%, 0, 0, 2, 12.43
1747828117, 0, 582, 1229, 1228, 15, 6.41%, 0, 0, 2, 12.66
1747828189, 0, 582, 1230, 1229, 15, 6.41%, 0, 0, 2, 12.85
1747828235, 0, 584, 1230, 1229, 15, 6.41%, 0, 0, 2, 14.80
1747828245, 0, 585, 1230, 1229, 15, 6.41%, 0, 0, 2, 17.91
1747828250, 0, 586, 1230, 1229, 15, 6.41%, 0, 0, 2, 17.88
1747828261, 0, 587, 1230, 1229, 15, 6.41%, 0, 0, 2, 17.81
1747828266, 0, 589, 1230, 1229, 15, 6.41%, 0, 0, 2, 22.70
1747829134, 0, 590, 1230, 1228, 14, 6.41%, 0, 0, 2, 24.96
1747829144, 0, 591, 1230, 1228, 14, 6.41%, 0, 0, 2, 21.11
1747829149, 0, 592, 1230, 1228, 14, 6.41%, 0, 0, 2, 20.37
1747829155, 0, 593, 1230, 1228, 14, 6.41%, 0, 0, 2, 16.67
1747829165, 0, 594, 1230, 1228, 14, 6.41%, 0, 0, 2, 14.16
1747829175, 0, 595, 1230, 1228, 14, 6.41%, 0, 0, 2, 15.15
1747829180, 0, 596, 1230, 1228, 14, 6.41%, 0, 0, 2, 15.21
1747829191, 0, 597, 1230, 1228, 14, 6.41%, 0, 0, 2, 17.79
1747829196, 0, 598, 1230, 1228, 14, 6.41%, 0, 0, 2, 17.26
1747829206, 0, 599, 1230, 1228, 14, 6.41%, 0, 0, 2, 14.21
1747829216, 0, 601, 1230, 1228, 14, 6.41%, 0, 0, 2, 13.72
1747829226, 0, 602, 1230, 1228, 14, 6.41%, 0, 0, 2, 13.80
1747829232, 0, 603, 1230, 1228, 14, 6.41%, 0, 0, 2, 13.80
1747829242, 0, 604, 1230, 1228, 14, 6.41%, 0, 0, 2, 16.71
1747829247, 0, 605, 1230, 1228, 14, 6.41%, 0, 0, 2, 13.84
1747829257, 0, 606, 1230, 1228, 14, 6.41%, 0, 0, 2, 13.76
1747829267, 0, 607, 1230, 1228, 14, 6.41%, 0, 0, 2, 14.81
1747829278, 0, 608, 1230, 1228, 14, 6.41%, 0, 0, 2, 17.24
1747829283, 0, 609, 1230, 1228, 14, 6.41%, 0, 0, 2, 16.95
1747829293, 0, 610, 1230, 1228, 14, 6.41%, 0, 0, 2, 16.98
1747829298, 0, 611, 1230, 1228, 14, 6.41%, 0, 0, 2, 19.78
1747829303, 0, 612, 1230, 1228, 14, 6.41%, 0, 0, 2, 20.49
1747829314, 0, 613, 1230, 1228, 14, 6.41%, 0, 0, 2, 15.87
1747829324, 0, 614, 1231, 1229, 14, 6.41%, 0, 0, 3, 12.43
1747829329, 0, 614, 1232, 1230, 14, 6.41%, 0, 0, 3, 12.03
1747829365, 0, 615, 1232, 1230, 15, 6.41%, 0, 0, 3, 12.50
1747829375, 0, 616, 1232, 1230, 15, 6.41%, 0, 0, 3, 13.68
1747829385, 0, 617, 1232, 1230, 15, 6.41%, 0, 0, 3, 19.67
1747829390, 0, 618, 1232, 1230, 15, 6.41%, 0, 0, 3, 16.12
1747829395, 0, 618, 1233, 1231, 15, 6.41%, 0, 0, 3, 12.80
1747829411, 0, 619, 1233, 1231, 15, 6.41%, 0, 0, 3, 18.05
1747829416, 0, 623, 1234, 1232, 15, 6.41%, 0, 0, 3, 15.56
1747829436, 0, 624, 1234, 1232, 15, 6.41%, 0, 0, 3, 17.46
1747829441, 0, 625, 1234, 1232, 15, 6.41%, 0, 0, 3, 16.85
1747829451, 0, 626, 1234, 1232, 15, 6.41%, 0, 0, 3, 13.92
1747829462, 0, 627, 1234, 1232, 15, 6.41%, 0, 0, 3, 12.57
1747829467, 0, 627, 1235, 1233, 15, 6.41%, 0, 0, 3, 11.56
1747829482, 0, 629, 1235, 1233, 15, 6.41%, 0, 0, 3, 13.00
1747829492, 0, 631, 1235, 1233, 15, 6.41%, 0, 0, 3, 18.83
1747829498, 0, 632, 1235, 1233, 15, 6.41%, 0, 0, 3, 20.09
1747829503, 0, 633, 1235, 1233, 15, 6.41%, 0, 0, 3, 17.34
1747829513, 0, 634, 1235, 1233, 15, 6.41%, 0, 0, 3, 13.51
1747829523, 0, 635, 1235, 1233, 15, 6.41%, 0, 0, 3, 12.39
1747829533, 0, 636, 1235, 1233, 15, 6.41%, 0, 0, 3, 16.60
1747829538, 0, 638, 1235, 1233, 15, 6.41%, 0, 0, 3, 17.54
1747829548, 0, 639, 1235, 1233, 15, 6.41%, 0, 0, 3, 17.34
1747829554, 0, 642, 1235, 1233, 15, 6.41%, 0, 0, 3, 17.59
1747829559, 0, 642, 1236, 1234, 15, 6.41%, 0, 0, 3, 13.52
1747829574, 0, 644, 1236, 1234, 15, 6.41%, 0, 0, 3, 12.54
1747829584, 0, 646, 1236, 1234, 15, 6.41%, 0, 0, 3, 13.36
1747829595, 0, 647, 1236, 1234, 15, 6.41%, 0, 0, 3, 13.63
1747829605, 0, 648, 1236, 1234, 15, 6.41%, 0, 0, 3, 13.11
1747829615, 0, 649, 1236, 1234, 15, 6.41%, 0, 0, 3, 13.14
1747829625, 0, 649, 1238, 1236, 15, 6.41%, 0, 0, 3, 11.68
1747829636, 0, 649, 1239, 1237, 15, 6.41%, 0, 0, 3, 11.47
1747829651, 0, 649, 1240, 1238, 15, 6.41%, 0, 0, 3, 12.27
1747829656, 0, 649, 1241, 1239, 15, 6.41%, 0, 0, 3, 10.26
1747829692, 0, 649, 1242, 1240, 15, 6.41%, 0, 0, 3, 12.08
1747829718, 0, 649, 1243, 1241, 15, 6.41%, 0, 0, 3, 11.89
1747829871, 0, 649, 1244, 1242, 15, 6.41%, 0, 0, 3, 11.52
1747829954, 0, 650, 1244, 1242, 15, 6.41%, 0, 0, 3, 11.35
1747829964, 0, 651, 1244, 1242, 15, 6.41%, 0, 0, 3, 13.09
1747829975, 0, 651, 1245, 1243, 15, 6.41%, 0, 0, 3, 10.99
1747829990, 0, 652, 1245, 1243, 15, 6.41%, 0, 0, 3, 11.58
1747829995, 0, 652, 1246, 1244, 15, 6.41%, 0, 0, 3, 11.36
1747830011, 0, 653, 1246, 1244, 15, 6.41%, 0, 0, 3, 12.63
1747830021, 0, 654, 1246, 1244, 15, 6.41%, 0, 0, 3, 13.47
1747830031, 0, 655, 1246, 1244, 15, 6.41%, 0, 0, 3, 12.89
1747830041, 0, 657, 1246, 1244, 15, 6.41%, 0, 0, 3, 18.03
1747830047, 0, 658, 1246, 1244, 15, 6.41%, 0, 0, 3, 19.55
1747830052, 0, 659, 1247, 1245, 15, 6.41%, 0, 0, 3, 17.96
1747830072, 0, 660, 1247, 1245, 15, 6.41%, 0, 0, 3, 14.51
1747830083, 0, 661, 1247, 1245, 15, 6.41%, 0, 0, 3, 14.03
1747830088, 0, 661, 1248, 1246, 15, 6.41%, 0, 0, 3, 11.93
1747830103, 0, 662, 1248, 1246, 15, 6.41%, 0, 0, 3, 16.79
1747830108, 0, 663, 1248, 1246, 15, 6.41%, 0, 0, 3, 16.73
1747830113, 0, 663, 1249, 1247, 15, 6.41%, 0, 0, 3, 12.35
1747830129, 0, 663, 1250, 1248, 15, 6.41%, 0, 0, 3, 12.73
1747830144, 0, 663, 1251, 1249, 15, 6.41%, 0, 0, 3, 11.92
1747830149, 0, 663, 1252, 1250, 15, 6.41%, 0, 0, 3, 12.70
1747830200, 0, 663, 1253, 1251, 15, 6.41%, 0, 0, 3, 11.82
1747830216, 0, 663, 1254, 1252, 15, 6.41%, 0, 0, 3, 12.17
1747830318, 0, 663, 1255, 1253, 15, 6.41%, 0, 0, 3, 11.94
1747830344, 0, 663, 1256, 1254, 15, 6.41%, 0, 0, 3, 12.84
1747830452, 0, 664, 1256, 1254, 15, 6.41%, 0, 0, 3, 11.23
1747830462, 0, 665, 1256, 1254, 15, 6.41%, 0, 0, 3, 11.29
1747830472, 0, 666, 1256, 1254, 15, 6.41%, 0, 0, 3, 12.51
1747830482, 0, 668, 1256, 1254, 15, 6.41%, 0, 0, 3, 13.66
1747830487, 0, 668, 1257, 1255, 15, 6.41%, 0, 0, 3, 12.69
1747830503, 0, 669, 1257, 1255, 15, 6.41%, 0, 0, 3, 17.35
1747830508, 0, 671, 1257, 1255, 15, 6.41%, 0, 0, 3, 16.00
1747830518, 0, 672, 1257, 1255, 15, 6.41%, 0, 0, 3, 14.52
1747830523, 0, 674, 1257, 1255, 15, 6.41%, 0, 0, 3, 18.61
1747830539, 0, 675, 1257, 1255, 15, 6.41%, 0, 0, 3, 11.94
1747830549, 0, 676, 1257, 1255, 15, 6.41%, 0, 0, 3, 12.59
1747830559, 0, 678, 1257, 1255, 15, 6.41%, 0, 0, 3, 17.56
1747830565, 0, 679, 1257, 1255, 15, 6.41%, 0, 0, 3, 14.80
1747830575, 0, 680, 1257, 1255, 15, 6.41%, 0, 0, 3, 13.04
1747830585, 0, 681, 1257, 1255, 15, 6.41%, 0, 0, 3, 15.86
1747830590, 0, 682, 1257, 1255, 15, 6.41%, 0, 0, 3, 16.47
1747830601, 0, 683, 1257, 1255, 15, 6.41%, 0, 0, 3, 12.82
1747830616, 0, 684, 1257, 1255, 15, 6.41%, 0, 0, 3, 18.47
1747830621, 0, 685, 1257, 1255, 15, 6.41%, 0, 0, 3, 14.90
1747830631, 0, 686, 1257, 1255, 15, 6.41%, 0, 0, 3, 12.37
1747830642, 0, 687, 1257, 1255, 15, 6.41%, 0, 0, 3, 15.89
1747830647, 0, 688, 1257, 1255, 15, 6.41%, 0, 0, 3, 16.50
1747830657, 0, 689, 1257, 1255, 15, 6.41%, 0, 0, 3, 11.60
1747830673, 0, 690, 1257, 1255, 15, 6.41%, 0, 0, 3, 11.48
1747830683, 0, 692, 1257, 1255, 15, 6.41%, 0, 0, 3, 17.75
1747830688, 0, 694, 1257, 1255, 15, 6.41%, 0, 0, 3, 15.46
1747830698, 0, 695, 1257, 1255, 15, 6.41%, 0, 0, 3, 17.79
1747830704, 0, 696, 1257, 1255, 15, 6.41%, 0, 0, 3, 15.78
1747830714, 0, 697, 1257, 1255, 15, 6.41%, 0, 0, 3, 15.20
1747830719, 0, 698, 1257, 1255, 15, 6.41%, 0, 0, 3, 19.16
1747830734, 0, 699, 1257, 1255, 15, 6.41%, 0, 0, 3, 18.03
1747830740, 0, 700, 1257, 1255, 15, 6.41%, 0, 0, 3, 14.94
1747830750, 0, 701, 1257, 1255, 15, 6.41%, 0, 0, 3, 12.36
1747830760, 0, 702, 1257, 1255, 15, 6.41%, 0, 0, 3, 18.50
1747830765, 0, 703, 1257, 1255, 15, 6.41%, 0, 0, 3, 15.79
1747830775, 0, 705, 1257, 1255, 15, 6.41%, 0, 0, 3, 11.55
1747830786, 0, 708, 1257, 1255, 15, 6.41%, 0, 0, 3, 16.41
1747830791, 0, 710, 1257, 1255, 15, 6.41%, 0, 0, 3, 17.04
1747830801, 0, 711, 1257, 1255, 15, 6.41%, 0, 0, 3, 13.10
1747830811, 0, 713, 1257, 1255, 15, 6.41%, 0, 0, 3, 13.41
1747830822, 0, 714, 1257, 1255, 15, 6.41%, 0, 0, 3, 14.61
1747830832, 0, 717, 1257, 1255, 15, 6.41%, 0, 0, 3, 11.71
1747830842, 0, 718, 1257, 1255, 15, 6.41%, 0, 0, 3, 12.27
1747830852, 0, 719, 1257, 1255, 15, 6.41%, 0, 0, 3, 14.56
1747830857, 0, 722, 1257, 1255, 15, 6.41%, 0, 0, 3, 16.83
1747830867, 0, 723, 1257, 1255, 15, 6.41%, 0, 0, 3, 14.45
1747830878, 0, 724, 1257, 1255, 15, 6.41%, 0, 0, 3, 13.87
1747830883, 0, 724, 1258, 1256, 15, 6.41%, 0, 0, 3, 12.33
1747830888, 0, 724, 1259, 1257, 15, 6.41%, 0, 0, 3, 11.15
1747830903, 0, 724, 1260, 1258, 15, 6.41%, 0, 0, 3, 11.58
1747830965, 0, 725, 1260, 1258, 15, 6.41%, 0, 0, 3, 11.69
1747830975, 0, 726, 1260, 1258, 15, 6.41%, 0, 0, 3, 12.18
1747830985, 0, 727, 1260, 1258, 15, 6.41%, 0, 0, 3, 16.86
1747830990, 0, 728, 1260, 1258, 15, 6.41%, 0, 0, 3, 16.61
1747831001, 0, 729, 1260, 1258, 15, 6.41%, 0, 0, 3, 11.98
1747831011, 0, 730, 1260, 1258, 15, 6.41%, 0, 0, 3, 13.46
1747831021, 0, 732, 1260, 1258, 15, 6.41%, 0, 0, 3, 11.44
1747831036, 0, 733, 1260, 1258, 15, 6.41%, 0, 0, 3, 12.32
1747831047, 0, 735, 1260, 1258, 15, 6.41%, 0, 0, 3, 12.34
1747831057, 0, 736, 1260, 1258, 15, 6.41%, 0, 0, 3, 17.36
1747831062, 0, 737, 1260, 1258, 15, 6.41%, 0, 0, 3, 15.16
1747831072, 0, 739, 1260, 1258, 15, 6.41%, 0, 0, 3, 13.66
1747831082, 0, 740, 1260, 1258, 15, 6.41%, 0, 0, 3, 13.45
1747831093, 0, 741, 1260, 1258, 15, 6.41%, 0, 0, 3, 11.96
1747831103, 0, 742, 1260, 1258, 15, 6.41%, 0, 0, 3, 12.51
1747831113, 0, 743, 1260, 1258, 15, 6.41%, 0, 0, 3, 11.69
1747831124, 0, 744, 1260, 1258, 15, 6.41%, 0, 0, 3, 12.93
1747831134, 0, 745, 1260, 1258, 15, 6.41%, 0, 0, 3, 12.47
1747831144, 0, 746, 1260, 1258, 15, 6.41%, 0, 0, 3, 12.34
1747831154, 0, 748, 1260, 1258, 15, 6.41%, 0, 0, 3, 14.65
1747831159, 0, 749, 1260, 1258, 15, 6.41%, 0, 0, 3, 17.96
1747831175, 0, 750, 1260, 1258, 15, 6.41%, 0, 0, 3, 12.45
1747831185, 0, 752, 1260, 1258, 15, 6.41%, 0, 0, 3, 13.44
1747831195, 0, 753, 1260, 1258, 15, 6.41%, 0, 0, 3, 11.86
1747831205, 0, 755, 1260, 1258, 15, 6.41%, 0, 0, 3, 18.44
1747831210, 0, 756, 1260, 1258, 15, 6.41%, 0, 0, 3, 18.61
1747831215, 0, 759, 1260, 1258, 15, 6.41%, 0, 0, 3, 18.93
1747831226, 0, 760, 1260, 1258, 15, 6.41%, 0, 0, 3, 13.31
1747831236, 0, 761, 1260, 1258, 15, 6.41%, 0, 0, 3, 12.28
1747831246, 0, 762, 1260, 1258, 15, 6.41%, 0, 0, 3, 16.74
1747831251, 0, 763, 1260, 1258, 15, 6.41%, 0, 0, 3, 15.07
1747831261, 0, 765, 1260, 1258, 15, 6.41%, 0, 0, 3, 12.64
1747831271, 0, 766, 1260, 1258, 15, 6.41%, 0, 0, 3, 12.35
1747831282, 0, 769, 1260, 1258, 15, 6.41%, 0, 0, 3, 14.28
1747831292, 0, 772, 1260, 1258, 15, 6.41%, 0, 0, 3, 13.44
1747831302, 0, 773, 1260, 1258, 15, 6.41%, 0, 0, 3, 14.00
1747831307, 0, 774, 1260, 1258, 15, 6.41%, 0, 0, 3, 14.41
1747831322, 0, 777, 1260, 1258, 15, 6.41%, 0, 0, 3, 19.29
1747831328, 0, 780, 1260, 1258, 15, 6.41%, 0, 0, 3, 14.83
1747831338, 0, 781, 1260, 1258, 15, 6.41%, 0, 0, 3, 11.24
1747831343, 0, 781, 1261, 1259, 15, 6.41%, 0, 0, 3, 10.51
1747831363, 0, 782, 1261, 1259, 15, 6.41%, 0, 0, 3, 17.85
1747831368, 0, 783, 1261, 1259, 15, 6.41%, 0, 0, 3, 14.95
1747831378, 0, 784, 1261, 1259, 15, 6.41%, 0, 0, 3, 12.36
1747831389, 0, 785, 1261, 1259, 15, 6.41%, 0, 0, 3, 11.61
1747831399, 0, 786, 1261, 1259, 15, 6.41%, 0, 0, 3, 15.21
1747831404, 0, 787, 1261, 1259, 15, 6.41%, 0, 0, 3, 17.01
1747831420, 0, 788, 1261, 1259, 15, 6.41%, 0, 0, 3, 18.52
1747831425, 0, 789, 1261, 1259, 15, 6.41%, 0, 0, 3, 14.98
1747831435, 0, 790, 1261, 1259, 15, 6.41%, 0, 0, 3, 16.79
1747831440, 0, 791, 1261, 1259, 15, 6.41%, 0, 0, 3, 18.24
1747831445, 0, 792, 1261, 1259, 15, 6.41%, 0, 0, 3, 18.19
1747831456, 0, 793, 1261, 1259, 15, 6.41%, 0, 0, 3, 12.38
1747831471, 0, 794, 1261, 1259, 15, 6.41%, 0, 0, 3, 16.89
1747831476, 0, 795, 1261, 1259, 15, 6.41%, 0, 0, 3, 14.47
1747831486, 0, 796, 1261, 1259, 15, 6.41%, 0, 0, 3, 14.90
1747831491, 0, 797, 1261, 1259, 15, 6.41%, 0, 0, 3, 16.66
1747831507, 0, 798, 1261, 1259, 15, 6.41%, 0, 0, 3, 12.32
1747831517, 0, 799, 1261, 1259, 15, 6.41%, 0, 0, 3, 11.57
1747831528, 0, 801, 1261, 1259, 15, 6.41%, 0, 0, 3, 12.29
1747831538, 0, 802, 1261, 1259, 15, 6.41%, 0, 0, 3, 18.66
1747831543, 0, 806, 1261, 1259, 15, 6.41%, 0, 0, 3, 15.37
1747831553, 0, 807, 1261, 1259, 15, 6.41%, 0, 0, 3, 12.47
1747831564, 0, 808, 1261, 1259, 15, 6.41%, 0, 0, 3, 10.26
1747831574, 0, 809, 1261, 1259, 15, 6.41%, 0, 0, 3, 12.12
1747831584, 0, 811, 1261, 1259, 15, 6.41%, 0, 0, 3, 12.68
1747831594, 0, 813, 1261, 1259, 15, 6.41%, 0, 0, 3, 13.12
1747831604, 0, 814, 1261, 1259, 15, 6.41%, 0, 0, 3, 14.47
1747831615, 0, 816, 1261, 1259, 15, 6.41%, 0, 0, 3, 13.17
1747831625, 0, 817, 1261, 1259, 15, 6.41%, 0, 0, 3, 11.55
1747831635, 0, 818, 1261, 1259, 15, 6.41%, 0, 0, 3, 12.17
1747831645, 0, 820, 1261, 1259, 15, 6.41%, 0, 0, 3, 11.95
1747831656, 0, 821, 1261, 1259, 15, 6.41%, 0, 0, 3, 12.04
1747831666, 0, 822, 1261, 1259, 15, 6.41%, 0, 0, 3, 14.68
1747831671, 0, 823, 1261, 1259, 15, 6.41%, 0, 0, 3, 19.65
1747831676, 0, 823, 1262, 1260, 15, 6.41%, 0, 0, 3, 14.27
1747831697, 0, 824, 1262, 1260, 15, 6.41%, 0, 0, 3, 11.90
1747831707, 0, 826, 1262, 1260, 15, 6.41%, 0, 0, 3, 17.64
1747831712, 0, 827, 1262, 1260, 15, 6.41%, 0, 0, 3, 16.19
1747831722, 0, 828, 1262, 1260, 15, 6.41%, 0, 0, 3, 15.08
1747831727, 0, 829, 1262, 1260, 15, 6.41%, 0, 0, 3, 19.40
1747831738, 0, 830, 1262, 1260, 15, 6.41%, 0, 0, 3, 19.73
1747831743, 0, 831, 1262, 1260, 15, 6.41%, 0, 0, 3, 15.28
1747831753, 0, 832, 1262, 1260, 15, 6.41%, 0, 0, 3, 12.94
1747831763, 0, 833, 1262, 1260, 15, 6.41%, 0, 0, 3, 13.61
1747831774, 0, 834, 1262, 1260, 15, 6.41%, 0, 0, 3, 12.92
1747831784, 0, 836, 1262, 1260, 15, 6.41%, 0, 0, 3, 11.48
1747831794, 0, 837, 1262, 1260, 15, 6.41%, 0, 0, 3, 12.05
1747831805, 0, 838, 1262, 1260, 15, 6.41%, 0, 0, 3, 12.00
1747831815, 0, 839, 1262, 1260, 15, 6.41%, 0, 0, 3, 12.51
1747831825, 0, 840, 1262, 1260, 15, 6.41%, 0, 0, 3, 13.97
1747831835, 0, 841, 1262, 1260, 15, 6.41%, 0, 0, 3, 12.74
1747831846, 0, 842, 1262, 1260, 15, 6.41%, 0, 0, 3, 12.01
1747831856, 0, 843, 1262, 1260, 15, 6.41%, 0, 0, 3, 17.42
1747831861, 0, 844, 1262, 1260, 15, 6.41%, 0, 0, 3, 14.73
1747831871, 0, 845, 1262, 1260, 15, 6.41%, 0, 0, 3, 13.46
1747831882, 0, 846, 1262, 1260, 15, 6.41%, 0, 0, 3, 13.23
1747831892, 0, 847, 1262, 1260, 15, 6.41%, 0, 0, 3, 13.13
1747831902, 0, 849, 1262, 1260, 15, 6.41%, 0, 0, 3, 15.49
1747831907, 0, 851, 1262, 1260, 15, 6.41%, 0, 0, 3, 17.96
1747831923, 0, 852, 1262, 1260, 15, 6.41%, 0, 0, 3, 18.24
1747831928, 0, 853, 1262, 1260, 15, 6.41%, 0, 0, 3, 14.63
1747831938, 0, 855, 1262, 1260, 15, 6.41%, 0, 0, 3, 17.08
1747831943, 0, 856, 1262, 1260, 15, 6.41%, 0, 0, 3, 19.83
1747831948, 0, 857, 1262, 1260, 15, 6.41%, 0, 0, 3, 18.67
1747831959, 0, 857, 1263, 1261, 15, 6.41%, 0, 0, 3, 11.96
1747831974, 0, 858, 1263, 1261, 15, 6.41%, 0, 0, 3, 11.84
1747831984, 0, 859, 1263, 1261, 15, 6.41%, 0, 0, 3, 12.37
1747831994, 0, 860, 1263, 1261, 15, 6.41%, 0, 0, 3, 12.46
1747832005, 0, 861, 1263, 1261, 15, 6.41%, 0, 0, 3, 11.67
1747832015, 0, 862, 1263, 1261, 15, 6.41%, 0, 0, 3, 12.31
1747832025, 0, 863, 1263, 1261, 15, 6.41%, 0, 0, 3, 14.43
1747832035, 0, 864, 1263, 1261, 15, 6.41%, 0, 0, 3, 11.93
1747832045, 0, 865, 1263, 1261, 15, 6.41%, 0, 0, 3, 11.94
1747832055, 0, 866, 1263, 1261, 15, 6.41%, 0, 0, 3, 11.42
1747832066, 0, 868, 1263, 1261, 15, 6.41%, 0, 0, 3, 12.40
1747832076, 0, 870, 1263, 1261, 15, 6.41%, 0, 0, 3, 11.68
1747832086, 0, 871, 1264, 1262, 15, 6.41%, 0, 0, 3, 11.13
1747832111, 0, 872, 1264, 1262, 15, 6.41%, 0, 0, 3, 11.67
1747832122, 0, 873, 1264, 1262, 15, 6.41%, 0, 0, 3, 11.12
1747832132, 0, 874, 1264, 1262, 15, 6.41%, 0, 0, 3, 11.84
1747832142, 0, 875, 1264, 1262, 15, 6.41%, 0, 0, 3, 12.64
1747832152, 0, 877, 1264, 1262, 15, 6.41%, 0, 0, 3, 12.23
1747832163, 0, 880, 1264, 1262, 15, 6.41%, 0, 0, 3, 13.51
1747832173, 0, 882, 1264, 1262, 15, 6.41%, 0, 0, 3, 14.09
1747832183, 0, 887, 1264, 1262, 15, 6.41%, 0, 0, 3, 16.04
1747832188, 0, 888, 1264, 1262, 15, 6.41%, 0, 0, 3, 16.12
1747832193, 0, 888, 1265, 1263, 15, 6.41%, 0, 0, 3, 13.16
1747832198, 0, 888, 1266, 1264, 15, 6.41%, 0, 0, 3, 11.90
1747832234, 0, 889, 1267, 1265, 15, 6.41%, 0, 0, 3, 11.13
1747832255, 0, 890, 1267, 1265, 15, 6.41%, 0, 0, 3, 11.79
1747832270, 0, 891, 1267, 1265, 15, 6.41%, 0, 0, 3, 13.17
1747832275, 0, 892, 1267, 1265, 15, 6.41%, 0, 0, 3, 12.66
1747832290, 0, 893, 1267, 1265, 15, 6.41%, 0, 0, 3, 11.32
1747832301, 0, 894, 1268, 1266, 15, 6.41%, 0, 0, 3, 10.22
1747832321, 0, 896, 1268, 1266, 15, 6.41%, 0, 0, 3, 12.96
1747832332, 0, 897, 1268, 1266, 15, 6.41%, 0, 0, 3, 12.51
1747832347, 0, 898, 1268, 1266, 15, 6.41%, 0, 0, 3, 17.24
1747832352, 0, 899, 1269, 1267, 15, 6.41%, 0, 0, 3, 13.51
1747832378, 0, 900, 1270, 1268, 15, 6.41%, 0, 0, 3, 10.87
1747832383, 0, 900, 1271, 1269, 15, 6.41%, 0, 0, 3, 10.64
1747832398, 0, 900, 1272, 1270, 15, 6.41%, 0, 0, 3, 11.77
1747832433, 0, 900, 1273, 1271, 15, 6.41%, 0, 0, 3, 11.29
1747832556, 0, 901, 1273, 1271, 15, 6.41%, 0, 0, 3, 12.23
1747832567, 0, 902, 1273, 1271, 15, 6.41%, 0, 0, 3, 11.43
1747832582, 0, 903, 1273, 1271, 15, 6.41%, 0, 0, 3, 10.82
1747832592, 0, 904, 1273, 1271, 15, 6.41%, 0, 0, 3, 11.17
1747832603, 0, 905, 1273, 1271, 15, 6.41%, 0, 0, 3, 11.64
1747832613, 0, 906, 1273, 1271, 15, 6.41%, 0, 0, 3, 14.17
1747832623, 0, 907, 1273, 1271, 15, 6.41%, 0, 0, 3, 13.56
1747832633, 0, 908, 1274, 1272, 15, 6.41%, 0, 0, 3, 11.30
1747832654, 0, 909, 1274, 1272, 15, 6.41%, 0, 0, 3, 12.23
1747832664, 0, 909, 1275, 1273, 15, 6.41%, 0, 0, 3, 10.40
1747832680, 0, 910, 1275, 1273, 15, 6.41%, 0, 0, 3, 11.11
1747832690, 0, 913, 1275, 1273, 15, 6.41%, 0, 0, 3, 12.20
1747832700, 0, 914, 1275, 1273, 15, 6.41%, 0, 0, 3, 12.14
1747832710, 0, 915, 1275, 1273, 15, 6.41%, 0, 0, 3, 12.03
1747832725, 0, 917, 1276, 1274, 15, 6.41%, 0, 0, 3, 11.05
1747832746, 0, 918, 1276, 1274, 15, 6.41%, 0, 0, 3, 11.77
1747832756, 0, 919, 1276, 1274, 15, 6.41%, 0, 0, 3, 10.94
1747832771, 0, 921, 1276, 1274, 15, 6.41%, 0, 0, 3, 11.36
1747832782, 0, 922, 1276, 1274, 15, 6.41%, 0, 0, 3, 11.81
1747832792, 0, 924, 1276, 1274, 15, 6.41%, 0, 0, 3, 12.49
1747832802, 0, 926, 1276, 1274, 15, 6.41%, 0, 0, 3, 11.47
1747832812, 0, 927, 1276, 1274, 15, 6.41%, 0, 0, 3, 10.74
1747832823, 0, 929, 1277, 1275, 15, 6.41%, 0, 0, 3, 11.31
1747832828, 0, 929, 1278, 1276, 15, 6.41%, 0, 0, 3, 11.57
1747832838, 0, 929, 1280, 1278, 15, 6.41%, 0, 0, 3, 11.18
1747832863, 0, 929, 1281, 1279, 15, 6.41%, 0, 0, 3, 10.42
1747832874, 0, 929, 1282, 1280, 15, 6.41%, 0, 0, 3, 10.95
1747832935, 0, 929, 1283, 1281, 15, 6.41%, 0, 0, 3, 11.07
1747833171, 0, 929, 1284, 1282, 15, 6.41%, 0, 0, 3, 11.12
1747833181, 0, 929, 1285, 1283, 15, 6.41%, 0, 0, 3, 10.28
1747833192, 0, 929, 1286, 1284, 15, 6.41%, 0, 0, 3, 10.73
1747833197, 0, 930, 1286, 1284, 15, 6.41%, 0, 0, 3, 11.10
1747833207, 0, 931, 1286, 1284, 15, 6.41%, 0, 0, 3, 12.01
1747833217, 0, 932, 1286, 1284, 15, 6.41%, 0, 0, 3, 11.58
1747833228, 0, 933, 1286, 1284, 15, 6.41%, 0, 0, 3, 11.82
1747833238, 0, 934, 1286, 1284, 15, 6.41%, 0, 0, 3, 12.64
1747833254, 0, 936, 1286, 1284, 15, 6.41%, 0, 0, 3, 12.38
1747833264, 0, 937, 1286, 1284, 15, 6.41%, 0, 0, 3, 11.57
1747833269, 0, 937, 1287, 1285, 15, 6.41%, 0, 0, 3, 10.75
1747833284, 0, 938, 1287, 1285, 15, 6.41%, 0, 0, 3, 11.33
1747833294, 0, 939, 1287, 1285, 15, 6.41%, 0, 0, 3, 12.77
1747833310, 0, 941, 1287, 1285, 15, 6.41%, 0, 0, 3, 11.82
1747833315, 0, 941, 1288, 1286, 15, 6.41%, 0, 0, 3, 10.81
1747833330, 0, 945, 1288, 1286, 15, 6.41%, 0, 0, 3, 11.02
1747833346, 0, 947, 1288, 1286, 15, 6.41%, 0, 0, 3, 10.93
1747833356, 0, 948, 1288, 1286, 15, 6.41%, 0, 0, 3, 10.84
1747833366, 0, 948, 1289, 1287, 15, 6.41%, 0, 0, 3, 10.49
1747833382, 0, 950, 1289, 1287, 15, 6.41%, 0, 0, 3, 11.57
1747833392, 0, 951, 1289, 1287, 15, 6.41%, 0, 0, 3, 11.32
1747833402, 0, 952, 1289, 1287, 15, 6.41%, 0, 0, 3, 11.68
1747833413, 0, 954, 1289, 1287, 15, 6.41%, 0, 0, 3, 10.89
1747833428, 0, 955, 1289, 1287, 15, 6.41%, 0, 0, 3, 11.69
1747833438, 0, 956, 1289, 1287, 15, 6.41%, 0, 0, 3, 11.21
1747833448, 0, 958, 1289, 1287, 15, 6.41%, 0, 0, 3, 11.85
1747833458, 0, 959, 1289, 1287, 15, 6.41%, 0, 0, 3, 11.07
1747833469, 0, 960, 1289, 1287, 15, 6.41%, 0, 0, 3, 11.15
1747833484, 0, 962, 1289, 1287, 15, 6.41%, 0, 0, 3, 11.78
1747833494, 0, 962, 1290, 1288, 15, 6.41%, 0, 0, 3, 10.94
1747833505, 0, 962, 1291, 1289, 15, 6.41%, 0, 0, 3, 11.35
1747833530, 0, 964, 1291, 1289, 15, 6.41%, 0, 0, 3, 11.20
1747833540, 0, 965, 1291, 1289, 15, 6.41%, 0, 0, 3, 13.99
1747838393, 0, 967, 1291, 1288, 15, 6.41%, 0, 0, 3, 13.16
1747838403, 0, 968, 1291, 1288, 15, 6.41%, 0, 0, 3, 11.91
1747838408, 0, 968, 1292, 1289, 15, 6.41%, 0, 0, 3, 11.54
1747838424, 0, 969, 1292, 1289, 15, 6.41%, 0, 0, 3, 11.52
1747838434, 0, 970, 1292, 1289, 15, 6.41%, 0, 0, 3, 11.85
1747838450, 0, 971, 1292, 1289, 15, 6.41%, 0, 0, 3, 11.98
1747838460, 0, 974, 1293, 1290, 15, 6.41%, 0, 0, 3, 10.89
1747838481, 0, 975, 1293, 1290, 15, 6.41%, 0, 0, 3, 11.95
1747838491, 0, 976, 1293, 1290, 15, 6.41%, 0, 0, 3, 11.41
1747838501, 0, 977, 1293, 1290, 15, 6.41%, 0, 0, 3, 12.31
1747838511, 0, 977, 1294, 1291, 15, 6.41%, 0, 0, 3, 11.07
1747838527, 0, 978, 1294, 1291, 15, 6.41%, 0, 0, 3, 11.67
1747838537, 0, 979, 1294, 1291, 15, 6.41%, 0, 0, 3, 11.50
1747838553, 0, 980, 1294, 1291, 15, 6.41%, 0, 0, 3, 11.10
1747838563, 0, 982, 1294, 1291, 15, 6.41%, 0, 0, 3, 11.42
1747838573, 0, 983, 1294, 1291, 15, 6.41%, 0, 0, 3, 11.85
1747838583, 0, 984, 1294, 1291, 15, 6.41%, 0, 0, 3, 11.31
1747838599, 0, 985, 1294, 1291, 15, 6.41%, 0, 0, 3, 10.81
1747838609, 0, 986, 1294, 1291, 15, 6.41%, 0, 0, 3, 12.43
1747838619, 0, 987, 1294, 1291, 15, 6.41%, 0, 0, 3, 11.39
1747838629, 0, 988, 1294, 1291, 15, 6.41%, 0, 0, 3, 12.48
1747838639, 0, 989, 1294, 1291, 15, 6.41%, 0, 0, 3, 11.66
1747838655, 0, 990, 1294, 1291, 15, 6.41%, 0, 0, 3, 12.11
1747838665, 0, 991, 1295, 1292, 15, 6.41%, 0, 0, 3, 10.76
1747838686, 0, 992, 1295, 1292, 15, 6.41%, 0, 0, 3, 11.69
1747838701, 0, 994, 1295, 1292, 15, 6.41%, 0, 0, 3, 11.99
1747838711, 0, 995, 1295, 1292, 15, 6.41%, 0, 0, 3, 11.57
1747838722, 0, 997, 1295, 1292, 15, 6.41%, 0, 0, 3, 10.88
1747838732, 0, 998, 1295, 1292, 15, 6.41%, 0, 0, 3, 11.15
1747838742, 0, 999, 1295, 1292, 15, 6.41%, 0, 0, 3, 11.77
1747838753, 0, 1000, 1295, 1292, 15, 6.41%, 0, 0, 3, 11.80
1747838758, 0, 1000, 1296, 1293, 15, 6.41%, 0, 0, 3, 10.69
1747838779, 0, 1001, 1296, 1293, 15, 6.41%, 0, 0, 3, 11.01
1747838794, 0, 1002, 1297, 1294, 15, 6.41%, 0, 0, 3, 10.66
1747838820, 0, 1003, 1297, 1294, 15, 6.41%, 0, 0, 3, 11.17
1747838830, 0, 1004, 1297, 1294, 15, 6.41%, 0, 0, 3, 14.17
1747838835, 0, 1006, 1297, 1294, 15, 6.41%, 0, 0, 3, 12.95
1747838851, 0, 1007, 1298, 1295, 15, 6.41%, 0, 0, 3, 10.85
1747838866, 0, 1007, 1299, 1296, 15, 6.41%, 0, 0, 3, 10.96
1747838897, 0, 1008, 1299, 1296, 15, 6.41%, 0, 0, 3, 18.65
1747838902, 0, 1009, 1299, 1296, 15, 6.41%, 0, 0, 3, 18.39
1747838907, 0, 1010, 1299, 1296, 15, 6.41%, 0, 0, 3, 16.91
1747838917, 0, 1012, 1299, 1296, 15, 6.41%, 0, 0, 3, 18.27
1747838922, 0, 1013, 1299, 1296, 15, 6.41%, 0, 0, 3, 19.92
1747838927, 0, 1014, 1299, 1296, 15, 6.41%, 0, 0, 3, 20.16
1747838937, 0, 1015, 1299, 1296, 15, 6.41%, 0, 0, 3, 18.47
1747838942, 0, 1016, 1299, 1296, 15, 6.41%, 0, 0, 3, 19.35
1747838953, 0, 1018, 1299, 1296, 15, 6.41%, 0, 0, 3, 18.31
1747838958, 0, 1019, 1299, 1296, 15, 6.41%, 0, 0, 3, 18.28
1747838963, 0, 1020, 1299, 1296, 15, 6.41%, 0, 0, 3, 17.73
1747838973, 0, 1022, 1299, 1296, 15, 6.41%, 0, 0, 3, 18.05
1747838978, 0, 1023, 1299, 1296, 15, 6.41%, 0, 0, 3, 18.74
1747838983, 0, 1025, 1299, 1296, 15, 6.41%, 0, 0, 3, 18.99
1747838993, 0, 1026, 1299, 1296, 15, 6.41%, 0, 0, 3, 18.84
1747838998, 0, 1027, 1299, 1296, 15, 6.41%, 0, 0, 3, 18.96
1747839008, 0, 1028, 1299, 1296, 15, 6.41%, 0, 0, 3, 19.07
1747839013, 0, 1029, 1299, 1296, 15, 6.41%, 0, 0, 3, 19.12
1747839019, 0, 1031, 1299, 1296, 15, 6.41%, 0, 0, 3, 17.81
1747839029, 0, 1032, 1299, 1296, 15, 6.41%, 0, 0, 3, 19.10
1747839034, 0, 1033, 1299, 1296, 15, 6.41%, 0, 0, 3, 19.05
1747839039, 0, 1034, 1299, 1296, 15, 6.41%, 0, 0, 3, 19.81
1747839049, 0, 1035, 1299, 1296, 15, 6.41%, 0, 0, 3, 18.60
1747839054, 0, 1036, 1299, 1296, 15, 6.41%, 0, 0, 3, 19.90
1747839059, 0, 1037, 1299, 1296, 15, 6.41%, 0, 0, 3, 20.08
1747839064, 0, 1038, 1299, 1296, 15, 6.41%, 0, 0, 3, 20.56
1747839115, 0, 1038, 1300, 1297, 15, 6.41%, 0, 0, 3, 20.83
1747844729, 0, 1039, 1300, 1296, 15, 6.41%, 0, 0, 3, 12.86
1747844739, 0, 1040, 1300, 1296, 15, 6.41%, 0, 0, 3, 11.69
1747844750, 0, 1042, 1300, 1296, 15, 6.41%, 0, 0, 3, 10.58
1747844765, 0, 1043, 1300, 1296, 15, 6.41%, 0, 0, 3, 11.16
1747844775, 0, 1044, 1300, 1296, 15, 6.41%, 0, 0, 3, 10.65
1747844786, 0, 1045, 1300, 1296, 15, 6.41%, 0, 0, 3, 11.62
1747844796, 0, 1046, 1300, 1296, 15, 6.41%, 0, 0, 3, 12.73
1747844801, 0, 1046, 1301, 1297, 15, 6.41%, 0, 0, 3, 12.39
1747844822, 0, 1049, 1301, 1297, 15, 6.41%, 0, 0, 3, 11.88
1747844832, 0, 1051, 1301, 1297, 15, 6.41%, 0, 0, 3, 12.54
1747844842, 0, 1052, 1301, 1297, 15, 6.41%, 0, 0, 3, 10.51
1747844852, 0, 1053, 1301, 1297, 15, 6.41%, 0, 0, 3, 11.29
1747844868, 0, 1055, 1301, 1297, 15, 6.41%, 0, 0, 3, 10.83
1747844878, 0, 1056, 1301, 1297, 15, 6.41%, 0, 0, 3, 11.71
1747844888, 0, 1057, 1301, 1297, 15, 6.41%, 0, 0, 3, 12.44
1747844899, 0, 1058, 1301, 1297, 15, 6.41%, 0, 0, 3, 11.13
1747844909, 0, 1059, 1301, 1297, 15, 6.41%, 0, 0, 3, 11.94
1747844919, 0, 1060, 1301, 1297, 15, 6.41%, 0, 0, 3, 11.71
1747844935, 0, 1061, 1301, 1297, 15, 6.41%, 0, 0, 3, 12.83
1747844945, 0, 1063, 1301, 1297, 15, 6.41%, 0, 0, 3, 11.97
1747844955, 0, 1064, 1301, 1297, 15, 6.41%, 0, 0, 3, 12.11
1747844965, 0, 1065, 1301, 1297, 15, 6.41%, 0, 0, 3, 10.66
1747844970, 0, 1065, 1302, 1298, 15, 6.41%, 0, 0, 3, 10.67
1747844991, 0, 1066, 1302, 1298, 15, 6.41%, 0, 0, 3, 11.33
1747845002, 0, 1067, 1302, 1298, 15, 6.41%, 0, 0, 3, 11.49
1747845012, 0, 1068, 1302, 1298, 15, 6.41%, 0, 0, 3, 12.26
1747845022, 0, 1069, 1302, 1298, 15, 6.41%, 0, 0, 3, 11.72
1747845038, 0, 1070, 1302, 1298, 15, 6.41%, 0, 0, 3, 11.76
1747845048, 0, 1072, 1302, 1298, 15, 6.41%, 0, 0, 3, 11.53
1747845058, 0, 1073, 1302, 1298, 15, 6.41%, 0, 0, 3, 10.32
1747845068, 0, 1077, 1302, 1298, 15, 6.41%, 0, 0, 3, 12.07
1747845079, 0, 1078, 1302, 1298, 15, 6.41%, 0, 0, 3, 11.95
1747845094, 0, 1079, 1302, 1298, 15, 6.41%, 0, 0, 3, 10.24
1747845104, 0, 1079, 1303, 1299, 15, 6.41%, 0, 0, 3, 11.35
1747845115, 0, 1080, 1303, 1299, 15, 6.41%, 0, 0, 3, 10.60
1747845130, 0, 1081, 1303, 1299, 15, 6.41%, 0, 0, 3, 10.87
1747845141, 0, 1082, 1303, 1299, 15, 6.41%, 0, 0, 3, 11.05
1747845156, 0, 1083, 1303, 1299, 15, 6.41%, 0, 0, 3, 11.05
1747845166, 0, 1084, 1303, 1299, 15, 6.41%, 0, 0, 3, 12.58
1747845177, 0, 1085, 1303, 1299, 15, 6.41%, 0, 0, 3, 11.37
1747845182, 0, 1085, 1304, 1300, 15, 6.41%, 0, 0, 3, 9.61
1747845203, 0, 1086, 1304, 1300, 15, 6.41%, 0, 0, 3, 10.21
1747845208, 0, 1086, 1305, 1301, 15, 6.41%, 0, 0, 3, 10.14
1747845228, 0, 1087, 1305, 1301, 15, 6.41%, 0, 0, 3, 11.19
1747845238, 0, 1088, 1305, 1301, 15, 6.41%, 0, 0, 3, 10.74
1747845254, 0, 1089, 1305, 1301, 15, 6.41%, 0, 0, 3, 11.26
1747845264, 0, 1091, 1305, 1301, 15, 6.41%, 0, 0, 3, 10.97
1747845274, 0, 1092, 1305, 1301, 15, 6.41%, 0, 0, 3, 10.92
1747845279, 0, 1092, 1306, 1302, 15, 6.41%, 0, 0, 3, 10.27
1747845300, 0, 1093, 1306, 1302, 15, 6.41%, 0, 0, 3, 10.41
1747845310, 0, 1094, 1306, 1302, 15, 6.41%, 0, 0, 3, 12.11
1747845325, 0, 1095, 1306, 1302, 15, 6.41%, 0, 0, 3, 11.29
1747845336, 0, 1096, 1306, 1302, 15, 6.41%, 0, 0, 3, 10.57
1747845346, 0, 1098, 1306, 1302, 15, 6.41%, 0, 0, 3, 11.48
1747845357, 0, 1099, 1306, 1302, 15, 6.41%, 0, 0, 3, 11.20
1747845372, 0, 1100, 1306, 1302, 15, 6.41%, 0, 0, 3, 10.77
1747845382, 0, 1101, 1306, 1302, 15, 6.41%, 0, 0, 3, 11.54
1747845393, 0, 1103, 1306, 1302, 15, 6.41%, 0, 0, 3, 11.63
1747845403, 0, 1104, 1306, 1302, 15, 6.41%, 0, 0, 3, 11.37
1747845408, 0, 1104, 1307, 1303, 15, 6.41%, 0, 0, 3, 10.00
1747845429, 0, 1105, 1307, 1303, 15, 6.41%, 0, 0, 3, 9.30
1747845444, 0, 1106, 1307, 1303, 15, 6.41%, 0, 0, 3, 11.54
1747845454, 0, 1107, 1307, 1303, 15, 6.41%, 0, 0, 3, 11.68
1747845464, 0, 1108, 1307, 1303, 15, 6.41%, 0, 0, 3, 10.00
1747845475, 0, 1110, 1307, 1303, 15, 6.41%, 0, 0, 3, 11.33
1747845485, 0, 1112, 1307, 1303, 15, 6.41%, 0, 0, 3, 12.65
1747845501, 0, 1113, 1307, 1303, 15, 6.41%, 0, 0, 3, 11.15
1747845511, 0, 1114, 1307, 1303, 15, 6.41%, 0, 0, 3, 10.50
1747845521, 0, 1115, 1307, 1303, 15, 6.41%, 0, 0, 3, 11.26
1747845531, 0, 1116, 1307, 1303, 15, 6.41%, 0, 0, 3, 12.02
1747845542, 0, 1116, 1308, 1304, 15, 6.41%, 0, 0, 3, 10.68
1747845557, 0, 1116, 1309, 1305, 15, 6.41%, 0, 0, 3, 9.84
1747845562, 0, 1116, 1310, 1306, 15, 6.41%, 0, 0, 3, 10.57
1747845619, 0, 1116, 1311, 1307, 15, 6.41%, 0, 0, 3, 10.04
1747845721, 0, 1116, 1312, 1308, 15, 6.41%, 0, 0, 3, 10.09
1747845768, 0, 1116, 1313, 1309, 15, 6.41%, 0, 0, 3, 10.09
1747845788, 0, 1116, 1314, 1310, 15, 6.41%, 0, 0, 3, 9.39
1747845932, 0, 1117, 1314, 1310, 15, 6.41%, 0, 0, 3, 9.68
1747845947, 0, 1118, 1314, 1310, 15, 6.41%, 0, 0, 3, 12.03
1747845957, 0, 1119, 1314, 1310, 15, 6.41%, 0, 0, 3, 12.58
1747845967, 0, 1121, 1314, 1310, 15, 6.41%, 0, 0, 3, 12.21
1747845978, 0, 1122, 1314, 1310, 15, 6.41%, 0, 0, 3, 12.34
1747845988, 0, 1123, 1314, 1310, 15, 6.41%, 0, 0, 3, 12.17
1747845998, 0, 1124, 1314, 1310, 15, 6.41%, 0, 0, 3, 11.05
1747846008, 0, 1125, 1314, 1310, 15, 6.41%, 0, 0, 3, 12.18
1747846024, 0, 1126, 1314, 1310, 15, 6.41%, 0, 0, 3, 10.71
1747846034, 0, 1128, 1314, 1310, 15, 6.41%, 0, 0, 3, 10.78
1747846045, 0, 1129, 1314, 1310, 15, 6.41%, 0, 0, 3, 10.20
1747846060, 0, 1131, 1314, 1310, 15, 6.41%, 0, 0, 3, 10.22
1747846070, 0, 1133, 1314, 1310, 15, 6.41%, 0, 0, 3, 11.07
1747846081, 0, 1134, 1314, 1310, 15, 6.41%, 0, 0, 3, 11.70
1747846091, 0, 1134, 1315, 1311, 15, 6.41%, 0, 0, 3, 10.37
1747846106, 0, 1135, 1315, 1311, 15, 6.41%, 0, 0, 3, 12.01
1747846116, 0, 1136, 1315, 1311, 15, 6.41%, 0, 0, 3, 11.74
1747846132, 0, 1137, 1315, 1311, 15, 6.41%, 0, 0, 3, 11.44
1747846142, 0, 1138, 1315, 1311, 15, 6.41%, 0, 0, 3, 9.83
1747846152, 0, 1138, 1316, 1312, 15, 6.41%, 0, 0, 3, 9.61
1747846167, 0, 1139, 1316, 1312, 15, 6.41%, 0, 0, 3, 10.79
1747846178, 0, 1140, 1316, 1312, 15, 6.41%, 0, 0, 3, 11.34
1747846188, 0, 1141, 1316, 1312, 15, 6.41%, 0, 0, 3, 10.72
1747846203, 0, 1142, 1316, 1312, 15, 6.41%, 0, 0, 3, 11.34
1747846214, 0, 1144, 1316, 1312, 15, 6.41%, 0, 0, 3, 11.09
1747846224, 0, 1145, 1316, 1312, 15, 6.41%, 0, 0, 3, 11.30
1747846234, 0, 1146, 1316, 1312, 15, 6.41%, 0, 0, 3, 10.43
1747846249, 0, 1147, 1316, 1312, 15, 6.41%, 0, 0, 3, 10.53
1747846259, 0, 1148, 1316, 1312, 15, 6.41%, 0, 0, 3, 11.90
1747846270, 0, 1149, 1316, 1312, 15, 6.41%, 0, 0, 3, 10.47
1747846280, 0, 1151, 1316, 1312, 15, 6.41%, 0, 0, 3, 11.55
1747846296, 0, 1152, 1316, 1312, 15, 6.41%, 0, 0, 3, 10.32
1747846306, 0, 1154, 1316, 1312, 15, 6.41%, 0, 0, 3, 11.16
1747846311, 0, 1154, 1317, 1313, 15, 6.41%, 0, 0, 3, 9.52
1747846316, 0, 1154, 1318, 1314, 15, 6.41%, 0, 0, 3, 9.94
1747846331, 0, 1154, 1319, 1315, 15, 6.41%, 0, 0, 3, 11.84
1747846388, 0, 1154, 1320, 1316, 15, 6.41%, 0, 0, 3, 10.40
1747846423, 0, 1154, 1321, 1317, 15, 6.41%, 0, 0, 3, 9.60
1747846439, 0, 1154, 1322, 1318, 15, 6.41%, 0, 0, 3, 10.72
1747846480, 0, 1154, 1323, 1319, 15, 6.41%, 0, 0, 3, 11.27
1747846557, 0, 1154, 1324, 1320, 15, 6.41%, 0, 0, 3, 10.58
1747846578, 0, 1154, 1325, 1321, 15, 6.41%, 0, 0, 3, 9.81
1747846624, 0, 1154, 1326, 1322, 15, 6.41%, 0, 0, 3, 9.82
1747846717, 0, 1155, 1326, 1322, 15, 6.41%, 0, 0, 3, 10.59
1747846727, 0, 1156, 1326, 1322, 15, 6.41%, 0, 0, 3, 11.20
1747846732, 0, 1156, 1327, 1323, 15, 6.41%, 0, 0, 3, 10.63
1747846753, 0, 1157, 1327, 1323, 15, 6.41%, 0, 0, 3, 10.67
1747846763, 0, 1158, 1327, 1323, 15, 6.41%, 0, 0, 3, 12.10
1747846779, 0, 1159, 1327, 1323, 15, 6.41%, 0, 0, 3, 10.90
1747846789, 0, 1161, 1327, 1323, 15, 6.41%, 0, 0, 3, 10.84
1747846799, 0, 1162, 1327, 1323, 15, 6.41%, 0, 0, 3, 10.24
1747846810, 0, 1163, 1327, 1323, 15, 6.41%, 0, 0, 3, 11.57
1747846825, 0, 1164, 1327, 1323, 15, 6.41%, 0, 0, 3, 10.18
1747846836, 0, 1165, 1327, 1323, 15, 6.41%, 0, 0, 3, 10.24
1747846851, 0, 1166, 1327, 1323, 15, 6.41%, 0, 0, 3, 11.00
1747846861, 0, 1167, 1327, 1323, 15, 6.41%, 0, 0, 3, 11.77
1747846872, 0, 1169, 1327, 1323, 15, 6.41%, 0, 0, 3, 9.98
1747846887, 0, 1172, 1327, 1323, 15, 6.41%, 0, 0, 3, 9.58
1747846898, 0, 1174, 1327, 1323, 15, 6.41%, 0, 0, 3, 10.82
1747846908, 0, 1175, 1327, 1323, 15, 6.41%, 0, 0, 3, 11.11
1747846923, 0, 1176, 1327, 1323, 15, 6.41%, 0, 0, 3, 10.50
1747846933, 0, 1177, 1327, 1323, 15, 6.41%, 0, 0, 3, 10.98
1747846949, 0, 1178, 1327, 1323, 15, 6.41%, 0, 0, 3, 10.84
1747846959, 0, 1179, 1327, 1323, 15, 6.41%, 0, 0, 3, 12.23
1747846969, 0, 1180, 1327, 1323, 15, 6.41%, 0, 0, 3, 11.57
1747846979, 0, 1181, 1327, 1323, 15, 6.41%, 0, 0, 3, 11.75
1747846994, 0, 1182, 1327, 1323, 15, 6.41%, 0, 0, 3, 10.81
1747847005, 0, 1183, 1327, 1323, 15, 6.41%, 0, 0, 3, 12.18
1747854794, 0, 1184, 1327, 1322, 14, 6.41%, 0, 0, 3, 14.29
1747854810, 0, 1185, 1327, 1322, 14, 6.41%, 0, 0, 3, 10.82
1747854820, 0, 1186, 1327, 1322, 14, 6.41%, 0, 0, 3, 11.51
1747854830, 0, 1188, 1327, 1322, 14, 6.41%, 0, 0, 3, 11.66
1747854840, 0, 1190, 1328, 1323, 14, 6.41%, 0, 0, 3, 10.84
1747854856, 0, 1190, 1329, 1324, 14, 6.41%, 0, 0, 3, 10.03
1747854891, 0, 1192, 1330, 1325, 14, 6.41%, 0, 0, 3, 10.87
1747854917, 0, 1193, 1330, 1325, 14, 6.41%, 0, 0, 3, 10.22
1747854927, 0, 1194, 1330, 1325, 14, 6.41%, 0, 0, 3, 11.22
1747854942, 0, 1195, 1330, 1325, 14, 6.41%, 0, 0, 3, 11.33
1747854953, 0, 1197, 1330, 1325, 14, 6.41%, 0, 0, 3, 12.64
1747854963, 0, 1198, 1330, 1325, 14, 6.41%, 0, 0, 3, 10.84
1747854978, 0, 1199, 1330, 1325, 14, 6.41%, 0, 0, 3, 11.18
1747854988, 0, 1201, 1330, 1325, 14, 6.41%, 0, 0, 3, 12.23
1747854999, 0, 1204, 1330, 1325, 14, 6.41%, 0, 0, 3, 11.64
1747855009, 0, 1205, 1330, 1325, 14, 6.41%, 0, 0, 3, 11.95
1747855019, 0, 1206, 1330, 1325, 14, 6.41%, 0, 0, 3, 11.07
1747855035, 0, 1207, 1330, 1325, 14, 6.41%, 0, 0, 3, 10.77
1747855045, 0, 1208, 1330, 1325, 14, 6.41%, 0, 0, 3, 11.04
1747855055, 0, 1209, 1330, 1325, 14, 6.41%, 0, 0, 3, 11.57
1747855065, 0, 1210, 1330, 1325, 14, 6.41%, 0, 0, 3, 10.96
1747855080, 0, 1211, 1330, 1325, 14, 6.41%, 0, 0, 3, 11.35
1747855091, 0, 1212, 1330, 1325, 14, 6.41%, 0, 0, 3, 11.07
1747855101, 0, 1213, 1331, 1326, 14, 6.41%, 0, 0, 3, 10.37
1747855127, 0, 1214, 1331, 1326, 14, 6.41%, 0, 0, 3, 10.47
1747855137, 0, 1216, 1331, 1326, 14, 6.41%, 0, 0, 3, 11.40
1747855152, 0, 1217, 1331, 1326, 14, 6.41%, 0, 0, 3, 11.02
1747855163, 0, 1218, 1331, 1326, 14, 6.41%, 0, 0, 3, 11.81
1747855173, 0, 1220, 1331, 1326, 14, 6.41%, 0, 0, 3, 10.73
1747855183, 0, 1221, 1331, 1326, 14, 6.41%, 0, 0, 3, 11.75
1747855194, 0, 1222, 1331, 1326, 14, 6.41%, 0, 0, 3, 11.35
1747855209, 0, 1224, 1331, 1326, 14, 6.41%, 0, 0, 3, 12.03
1747855219, 0, 1225, 1331, 1326, 14, 6.41%, 0, 0, 3, 11.24
1747855230, 0, 1226, 1331, 1326, 14, 6.41%, 0, 0, 3, 11.54
1747855240, 0, 1228, 1331, 1326, 14, 6.41%, 0, 0, 3, 11.11
1747855255, 0, 1229, 1331, 1326, 14, 6.41%, 0, 0, 3, 11.09
1747855266, 0, 1231, 1331, 1326, 14, 6.41%, 0, 0, 3, 11.57
1747855276, 0, 1234, 1331, 1326, 14, 6.41%, 0, 0, 3, 11.84
1747855286, 0, 1235, 1331, 1326, 14, 6.41%, 0, 0, 3, 11.24
1747855302, 0, 1236, 1331, 1326, 14, 6.41%, 0, 0, 3, 11.76
1747855312, 0, 1237, 1331, 1326, 14, 6.41%, 0, 0, 3, 10.54
1747855322, 0, 1238, 1331, 1326, 14, 6.41%, 0, 0, 3, 11.60
1747855332, 0, 1239, 1331, 1326, 14, 6.41%, 0, 0, 3, 11.16
1747855348, 0, 1240, 1331, 1326, 14, 6.41%, 0, 0, 3, 10.10
1747855358, 0, 1241, 1331, 1326, 14, 6.41%, 0, 0, 3, 12.18
1747855368, 0, 1242, 1331, 1326, 14, 6.41%, 0, 0, 3, 11.45
1747855384, 0, 1243, 1331, 1326, 14, 6.41%, 0, 0, 3, 11.47
1747855394, 0, 1245, 1331, 1326, 14, 6.41%, 0, 0, 3, 10.88
1747855404, 0, 1246, 1331, 1326, 14, 6.41%, 0, 0, 3, 12.13
1747855420, 0, 1247, 1331, 1326, 14, 6.41%, 0, 0, 3, 10.60
1747855430, 0, 1248, 1331, 1326, 14, 6.41%, 0, 0, 3, 10.97
1747855440, 0, 1249, 1331, 1326, 14, 6.41%, 0, 0, 3, 10.56
1747855455, 0, 1250, 1331, 1326, 14, 6.41%, 0, 0, 3, 12.62
1747855466, 0, 1251, 1331, 1326, 14, 6.41%, 0, 0, 3, 11.81
1747855476, 0, 1252, 1331, 1326, 14, 6.41%, 0, 0, 3, 12.18
1747855486, 0, 1253, 1331, 1326, 14, 6.41%, 0, 0, 3, 11.48
1747855496, 0, 1255, 1331, 1326, 14, 6.41%, 0, 0, 3, 10.65
1747855511, 0, 1256, 1331, 1326, 14, 6.41%, 0, 0, 3, 10.10
1747855522, 0, 1258, 1331, 1326, 14, 6.41%, 0, 0, 3, 10.75
1747855532, 0, 1259, 1331, 1326, 14, 6.41%, 0, 0, 3, 11.89
1747855548, 0, 1260, 1331, 1326, 14, 6.41%, 0, 0, 3, 11.38
1747855558, 0, 1261, 1331, 1326, 14, 6.41%, 0, 0, 3, 10.04
1747855568, 0, 1262, 1331, 1326, 14, 6.41%, 0, 0, 3, 9.92
1747855584, 0, 1263, 1331, 1326, 14, 6.41%, 0, 0, 3, 11.22
1747855594, 0, 1264, 1331, 1326, 14, 6.41%, 0, 0, 3, 10.89
1747855604, 0, 1265, 1331, 1326, 14, 6.41%, 0, 0, 3, 11.04
1747855619, 0, 1266, 1331, 1326, 14, 6.41%, 0, 0, 3, 10.23
1747855630, 0, 1268, 1331, 1326, 14, 6.41%, 0, 0, 3, 10.52
1747855640, 0, 1269, 1331, 1326, 14, 6.41%, 0, 0, 3, 10.98
1747855645, 0, 1269, 1332, 1327, 14, 6.41%, 0, 0, 3, 9.83
1747855671, 0, 1270, 1332, 1327, 14, 6.41%, 0, 0, 3, 10.46
1747855681, 0, 1271, 1332, 1327, 14, 6.41%, 0, 0, 3, 11.03
1747855691, 0, 1272, 1332, 1327, 14, 6.41%, 0, 0, 3, 10.68
1747855702, 0, 1274, 1332, 1327, 14, 6.41%, 0, 0, 3, 10.67
1747855718, 0, 1276, 1332, 1327, 14, 6.41%, 0, 0, 3, 9.45
1747855733, 0, 1277, 1332, 1327, 14, 6.41%, 0, 0, 3, 10.06
1747855743, 0, 1278, 1332, 1327, 14, 6.41%, 0, 0, 3, 10.12
1747855754, 0, 1278, 1333, 1328, 14, 6.41%, 0, 0, 3, 9.30
1747855769, 0, 1279, 1333, 1328, 14, 6.41%, 0, 0, 3, 10.64
1747855785, 0, 1280, 1333, 1328, 14, 6.41%, 0, 0, 3, 10.45
1747855795, 0, 1281, 1333, 1328, 14, 6.41%, 0, 0, 3, 10.55
1747855810, 0, 1283, 1333, 1328, 14, 6.41%, 0, 0, 3, 10.05
1747855821, 0, 1285, 1333, 1328, 14, 6.41%, 0, 0, 3, 10.42
1747855831, 0, 1287, 1333, 1328, 14, 6.41%, 0, 0, 3, 10.77
1747855846, 0, 1289, 1333, 1328, 14, 6.41%, 0, 0, 3, 10.52
1747855857, 0, 1290, 1333, 1328, 14, 6.41%, 0, 0, 3, 9.80
1747855872, 0, 1291, 1333, 1328, 14, 6.41%, 0, 0, 3, 11.60
1747855882, 0, 1292, 1333, 1328, 14, 6.41%, 0, 0, 3, 11.07
1747855893, 0, 1293, 1333, 1328, 14, 6.41%, 0, 0, 3, 11.31
1747855908, 0, 1294, 1334, 1329, 14, 6.41%, 0, 0, 3, 9.22
1747855934, 0, 1295, 1334, 1329, 14, 6.41%, 0, 0, 3, 10.33
1747855944, 0, 1296, 1334, 1329, 14, 6.41%, 0, 0, 3, 9.90
1747855960, 0, 1297, 1334, 1329, 14, 6.41%, 0, 0, 3, 11.08
1747855965, 0, 1297, 1335, 1330, 14, 6.41%, 0, 0, 3, 10.21
1747855981, 0, 1298, 1335, 1330, 14, 6.41%, 0, 0, 3, 10.52
1747855997, 0, 1299, 1335, 1330, 14, 6.41%, 0, 0, 3, 10.96
1747856007, 0, 1300, 1335, 1330, 14, 6.41%, 0, 0, 3, 10.30
1747856017, 0, 1302, 1335, 1330, 14, 6.41%, 0, 0, 3, 10.68
1747856032, 0, 1306, 1335, 1330, 14, 6.41%, 0, 0, 3, 10.61
1747856042, 0, 1307, 1335, 1330, 14, 6.41%, 0, 0, 3, 10.74
1747856047, 0, 1307, 1336, 1331, 14, 6.41%, 0, 0, 3, 9.50
1747856073, 0, 1308, 1336, 1331, 14, 6.41%, 0, 0, 3, 10.97
1747856083, 0, 1309, 1336, 1331, 14, 6.41%, 0, 0, 3, 11.24
1747856094, 0, 1310, 1336, 1331, 14, 6.41%, 0, 0, 3, 9.49
1747856109, 0, 1311, 1336, 1331, 14, 6.41%, 0, 0, 3, 11.62
1747856114, 0, 1311, 1337, 1332, 14, 6.41%, 0, 0, 3, 9.68
1747856135, 0, 1312, 1337, 1332, 14, 6.41%, 0, 0, 3, 9.31
1747856145, 0, 1314, 1337, 1332, 14, 6.41%, 0, 0, 3, 10.07
1747856160, 0, 1315, 1337, 1332, 14, 6.41%, 0, 0, 3, 10.80
1747856170, 0, 1316, 1337, 1332, 14, 6.41%, 0, 0, 3, 11.26
1747856181, 0, 1317, 1337, 1332, 14, 6.41%, 0, 0, 3, 11.26
1747856196, 0, 1318, 1337, 1332, 14, 6.41%, 0, 0, 3, 9.55
1747856211, 0, 1319, 1337, 1332, 14, 6.41%, 0, 0, 3, 11.58
1747856222, 0, 1320, 1337, 1332, 14, 6.41%, 0, 0, 3, 9.77
1747856227, 0, 1320, 1338, 1333, 14, 6.41%, 0, 0, 3, 10.17
1747856247, 0, 1321, 1338, 1333, 14, 6.41%, 0, 0, 3, 10.72
1747856258, 0, 1323, 1338, 1333, 14, 6.41%, 0, 0, 3, 10.87
1747856273, 0, 1324, 1338, 1333, 14, 6.41%, 0, 0, 3, 11.22
1747856283, 0, 1326, 1338, 1333, 14, 6.41%, 0, 0, 3, 11.38
1747856294, 0, 1327, 1339, 1334, 14, 6.41%, 0, 0, 3, 10.70
1747856325, 0, 1328, 1339, 1334, 13, 6.41%, 0, 0, 3, 9.65
1747856330, 0, 1328, 1340, 1335, 13, 6.41%, 0, 0, 3, 9.98
1747856350, 0, 1329, 1340, 1335, 13, 6.41%, 0, 0, 3, 10.53
1747856360, 0, 1330, 1340, 1335, 13, 6.41%, 0, 0, 3, 10.89
1747856371, 0, 1331, 1340, 1335, 13, 6.41%, 0, 0, 3, 10.83
1747856376, 0, 1331, 1341, 1336, 13, 6.41%, 0, 0, 3, 9.67
1747856391, 0, 1331, 1342, 1337, 13, 6.41%, 0, 0, 3, 8.65
1747856407, 0, 1331, 1343, 1338, 13, 6.41%, 0, 0, 3, 9.02
1747856474, 0, 1331, 1344, 1339, 13, 6.41%, 0, 0, 3, 9.07
1747856521, 0, 1331, 1345, 1340, 13, 6.41%, 0, 0, 3, 9.59
1747856654, 0, 1331, 1346, 1341, 13, 6.41%, 0, 0, 3, 9.54
1747856659, 0, 1331, 1347, 1342, 13, 6.41%, 0, 0, 3, 10.33
1747856690, 0, 1331, 1348, 1343, 13, 6.41%, 0, 0, 3, 8.83
1747856721, 0, 1331, 1349, 1344, 13, 6.41%, 0, 0, 3, 9.65
1747856803, 0, 1331, 1350, 1345, 13, 6.41%, 0, 0, 3, 9.10
1747856813, 0, 1332, 1350, 1345, 13, 6.41%, 0, 0, 3, 9.94
1747856823, 0, 1334, 1350, 1345, 13, 6.41%, 0, 0, 3, 9.64
1747856839, 0, 1335, 1350, 1345, 13, 6.41%, 0, 0, 3, 9.17
1747856849, 0, 1336, 1350, 1345, 13, 6.41%, 0, 0, 3, 11.65
1747856854, 0, 1336, 1351, 1346, 13, 6.41%, 0, 0, 3, 9.76
1747856880, 0, 1337, 1351, 1346, 13, 6.41%, 0, 0, 3, 10.68
1747856890, 0, 1338, 1351, 1346, 13, 6.41%, 0, 0, 3, 10.69
