# unix_time, cycles_done, cur_path, paths_total, pending_total, pending_favs, map_size, unique_crashes, unique_hangs, max_depth, execs_per_sec
1747817456, 0, 0, 1, 1, 1, 3.78%, 0, 0, 1, 31.50
1747817461, 0, 0, 21, 21, 1, 5.39%, 0, 0, 2, 46.70
1747817466, 0, 0, 42, 42, 1, 5.41%, 0, 0, 2, 47.89
1747817471, 0, 0, 61, 61, 1, 5.42%, 0, 0, 2, 45.33
1747817476, 0, 0, 77, 77, 1, 5.44%, 0, 0, 2, 45.56
1747817481, 0, 0, 91, 91, 1, 5.44%, 0, 0, 2, 46.24
1747817487, 0, 0, 104, 104, 1, 5.44%, 0, 0, 2, 59.10
1747817492, 0, 0, 118, 118, 1, 5.45%, 0, 0, 2, 78.76
1747817497, 0, 0, 131, 131, 1, 5.51%, 0, 0, 2, 84.47
1747817502, 0, 0, 136, 136, 1, 5.51%, 0, 0, 2, 89.76
1747817507, 0, 0, 146, 146, 1, 5.51%, 0, 0, 2, 87.53
1747817512, 0, 0, 158, 158, 1, 5.51%, 0, 0, 2, 87.28
1747817517, 0, 0, 164, 164, 1, 5.53%, 0, 0, 2, 72.73
1747817522, 0, 0, 169, 169, 1, 5.53%, 0, 0, 2, 55.70
1747817528, 0, 0, 173, 173, 1, 5.53%, 0, 0, 2, 52.35
1747817533, 0, 0, 177, 177, 1, 5.53%, 0, 0, 2, 52.08
1747817538, 0, 0, 180, 180, 1, 5.53%, 0, 0, 2, 51.35
1747817543, 0, 0, 185, 185, 1, 5.53%, 0, 0, 2, 50.72
1747817548, 0, 0, 190, 190, 1, 5.53%, 0, 0, 2, 50.81
1747817553, 0, 0, 195, 195, 1, 5.53%, 0, 0, 2, 50.62
1747817558, 0, 0, 196, 196, 1, 5.53%, 0, 0, 2, 53.26
1747817563, 0, 0, 199, 199, 1, 5.53%, 0, 0, 2, 53.09
1747817568, 0, 0, 202, 202, 1, 5.53%, 0, 0, 2, 51.66
1747817573, 0, 0, 204, 204, 1, 5.55%, 0, 0, 2, 53.04
1747817578, 0, 0, 206, 206, 1, 5.55%, 0, 0, 2, 52.53
1747817583, 0, 0, 208, 208, 1, 5.55%, 0, 0, 2, 52.85
1747817588, 0, 0, 210, 210, 1, 5.55%, 0, 0, 2, 52.77
1747817593, 0, 0, 216, 216, 1, 5.55%, 0, 0, 2, 50.55
1747817598, 0, 0, 218, 218, 1, 5.55%, 0, 0, 2, 52.26
1747817604, 0, 2, 234, 233, 10, 5.71%, 0, 0, 2, 34.55
1747817609, 0, 2, 248, 247, 10, 5.71%, 0, 0, 2, 30.76
1747817614, 0, 2, 262, 261, 10, 5.73%, 0, 0, 2, 29.63
1747817619, 0, 2, 276, 275, 10, 5.75%, 0, 0, 2, 29.37
1747817624, 0, 2, 290, 289, 10, 5.76%, 0, 0, 2, 29.28
1747817629, 0, 2, 302, 301, 10, 5.76%, 0, 0, 2, 28.22
1747817634, 0, 2, 315, 314, 10, 5.76%, 0, 0, 2, 29.45
1747817639, 0, 2, 326, 325, 10, 5.76%, 0, 0, 2, 28.90
1747817645, 0, 2, 333, 332, 10, 5.76%, 0, 0, 2, 28.06
1747817650, 0, 2, 341, 340, 10, 5.76%, 0, 0, 2, 29.03
1747817655, 0, 2, 347, 346, 10, 5.76%, 0, 0, 2, 29.02
1747817660, 0, 2, 355, 354, 10, 5.76%, 0, 0, 2, 29.32
1747817665, 0, 2, 360, 359, 10, 5.76%, 0, 0, 2, 29.47
1747817670, 0, 2, 366, 365, 10, 5.76%, 0, 0, 2, 28.98
1747817675, 0, 2, 372, 371, 10, 5.76%, 0, 0, 2, 28.79
1747817680, 0, 2, 375, 374, 10, 5.77%, 0, 0, 2, 28.96
1747817685, 0, 2, 381, 380, 10, 5.77%, 0, 0, 2, 28.53
1747817690, 0, 2, 385, 384, 10, 5.77%, 0, 0, 2, 28.90
1747817696, 0, 2, 388, 387, 10, 5.77%, 0, 0, 2, 29.28
1747817701, 0, 2, 393, 392, 10, 5.77%, 0, 0, 2, 28.20
1747817706, 0, 3, 396, 395, 14, 5.77%, 0, 0, 2, 28.67
1747817711, 0, 3, 402, 401, 14, 5.77%, 0, 0, 2, 27.95
1747817716, 0, 3, 406, 405, 14, 5.77%, 0, 0, 2, 28.55
1747817721, 0, 3, 409, 408, 14, 5.77%, 0, 0, 2, 29.10
1747817726, 0, 3, 411, 410, 14, 5.77%, 0, 0, 2, 29.18
1747817731, 0, 3, 416, 415, 14, 5.78%, 0, 0, 2, 28.67
1747817736, 0, 3, 418, 417, 14, 5.78%, 0, 0, 2, 29.56
1747817741, 0, 3, 423, 422, 14, 5.78%, 0, 0, 2, 44.78
1747817746, 0, 3, 427, 426, 14, 5.79%, 0, 0, 2, 47.99
1747817751, 0, 3, 429, 428, 14, 5.79%, 0, 0, 2, 48.72
1747817757, 0, 3, 435, 434, 14, 5.79%, 0, 0, 2, 48.06
1747817762, 0, 4, 439, 438, 13, 5.79%, 0, 0, 2, 47.62
1747817767, 0, 4, 442, 441, 13, 5.79%, 0, 0, 2, 47.24
1747817772, 0, 4, 446, 445, 13, 5.79%, 0, 0, 2, 46.41
1747817777, 0, 4, 450, 449, 13, 5.79%, 0, 0, 2, 47.08
1747817782, 0, 4, 455, 454, 13, 5.79%, 0, 0, 2, 47.49
1747817787, 0, 4, 456, 455, 13, 5.79%, 0, 0, 2, 47.77
1747817792, 0, 4, 458, 457, 13, 5.79%, 0, 0, 2, 47.90
1747817797, 0, 5, 465, 464, 12, 5.80%, 0, 0, 2, 44.37
1747817802, 0, 5, 481, 480, 12, 5.87%, 0, 0, 2, 36.96
1747817807, 0, 5, 495, 494, 12, 5.92%, 0, 0, 2, 34.69
1747817812, 0, 5, 510, 509, 12, 5.92%, 0, 0, 2, 34.31
1747817818, 0, 5, 521, 520, 12, 5.92%, 0, 0, 2, 34.50
1747817823, 0, 5, 534, 533, 12, 5.92%, 0, 0, 2, 35.13
1747817828, 0, 5, 546, 545, 12, 5.94%, 0, 0, 2, 34.14
1747817833, 0, 5, 555, 554, 12, 5.94%, 0, 0, 2, 34.20
1747817838, 0, 5, 560, 559, 12, 5.94%, 0, 0, 2, 35.07
1747817843, 0, 5, 566, 565, 12, 5.94%, 0, 0, 2, 34.88
1747817848, 0, 5, 572, 571, 12, 5.94%, 0, 0, 2, 34.71
1747817853, 0, 5, 575, 574, 12, 5.94%, 0, 0, 2, 35.15
1747817858, 0, 5, 578, 577, 12, 5.94%, 0, 0, 2, 35.45
1747817864, 0, 5, 580, 579, 12, 5.94%, 0, 0, 2, 35.64
1747817869, 0, 5, 582, 581, 12, 5.94%, 0, 0, 2, 35.64
1747817874, 0, 6, 591, 590, 10, 5.94%, 0, 0, 2, 34.12
1747817879, 0, 6, 598, 597, 10, 5.94%, 0, 0, 2, 33.29
1747817884, 0, 6, 604, 603, 10, 5.94%, 0, 0, 2, 32.84
1747817889, 0, 6, 611, 610, 10, 5.94%, 0, 0, 2, 32.52
1747817894, 0, 6, 615, 614, 10, 5.94%, 0, 0, 2, 32.63
1747817899, 0, 6, 618, 617, 10, 5.94%, 0, 0, 2, 33.15
1747817905, 0, 6, 624, 623, 10, 5.95%, 0, 0, 2, 32.42
1747817910, 0, 6, 626, 625, 10, 6.03%, 0, 0, 2, 32.78
1747817915, 0, 6, 628, 627, 10, 6.04%, 0, 0, 2, 32.91
1747817920, 0, 6, 630, 629, 10, 6.04%, 0, 0, 2, 33.15
1747817925, 0, 6, 636, 635, 10, 6.04%, 0, 0, 2, 32.47
1747817930, 0, 6, 639, 638, 10, 6.04%, 0, 0, 2, 32.96
1747817935, 0, 6, 642, 641, 10, 6.04%, 0, 0, 2, 33.34
1747817940, 0, 7, 649, 648, 12, 6.04%, 0, 0, 2, 32.03
1747817945, 0, 7, 652, 651, 12, 6.04%, 0, 0, 2, 31.34
1747817950, 0, 7, 658, 657, 12, 6.04%, 0, 0, 2, 31.63
1747817955, 0, 7, 659, 658, 12, 6.04%, 0, 0, 2, 32.14
1747817961, 0, 7, 660, 659, 12, 6.04%, 0, 0, 2, 32.35
1747817966, 0, 7, 665, 664, 12, 6.04%, 0, 0, 2, 31.33
1747817971, 0, 7, 670, 669, 12, 6.04%, 0, 0, 2, 31.64
1747817976, 0, 7, 674, 673, 12, 6.04%, 0, 0, 2, 31.41
1747817981, 0, 7, 678, 677, 12, 6.04%, 0, 0, 2, 31.41
1747817986, 0, 7, 680, 679, 12, 6.04%, 0, 0, 2, 31.25
1747817996, 0, 7, 683, 682, 12, 6.04%, 0, 0, 2, 31.69
1747818001, 0, 9, 684, 683, 13, 6.04%, 0, 0, 2, 31.72
1747818006, 0, 10, 696, 695, 13, 6.05%, 0, 0, 2, 27.66
1747818011, 0, 10, 702, 701, 13, 6.06%, 0, 0, 2, 27.51
1747818016, 0, 10, 712, 711, 13, 6.06%, 0, 0, 2, 26.44
1747818021, 0, 10, 718, 717, 13, 6.06%, 0, 0, 2, 26.96
1747818026, 0, 10, 725, 724, 13, 6.06%, 0, 0, 2, 27.04
1747818031, 0, 10, 731, 730, 13, 6.06%, 0, 0, 2, 27.24
1747818036, 0, 10, 735, 734, 13, 6.06%, 0, 0, 2, 26.93
1747818041, 0, 10, 742, 741, 13, 6.06%, 0, 0, 2, 26.43
1747818046, 0, 10, 746, 745, 13, 6.06%, 0, 0, 2, 26.13
1747818051, 0, 10, 750, 749, 13, 6.06%, 0, 0, 2, 26.23
1747818057, 0, 10, 754, 753, 13, 6.06%, 0, 0, 2, 26.62
1747818062, 0, 10, 755, 754, 13, 6.06%, 0, 0, 2, 27.30
1747818067, 0, 10, 757, 756, 13, 6.06%, 0, 0, 2, 27.26
1747818072, 0, 10, 759, 758, 13, 6.06%, 0, 0, 2, 27.40
1747818077, 0, 10, 761, 760, 13, 6.06%, 0, 0, 2, 27.23
1747818082, 0, 10, 763, 762, 13, 6.06%, 0, 0, 2, 27.26
1747818087, 0, 11, 767, 766, 13, 6.06%, 0, 0, 2, 26.89
1747818092, 0, 11, 774, 773, 13, 6.49%, 0, 0, 2, 25.89
1747818097, 0, 11, 780, 779, 13, 6.49%, 0, 0, 2, 25.99
1747818102, 0, 11, 787, 786, 13, 6.49%, 0, 0, 2, 25.77
1747818107, 0, 11, 790, 789, 13, 6.49%, 0, 0, 2, 27.12
1747818112, 0, 11, 793, 792, 13, 6.49%, 0, 0, 2, 26.83
1747818118, 0, 11, 797, 796, 13, 6.51%, 0, 0, 2, 26.43
1747818133, 0, 11, 798, 797, 13, 6.51%, 0, 0, 2, 26.95
1747818138, 0, 11, 801, 800, 13, 6.51%, 0, 0, 2, 26.74
1747818143, 0, 11, 803, 802, 13, 6.51%, 0, 0, 2, 27.03
1747818148, 0, 11, 806, 805, 13, 6.51%, 0, 0, 2, 27.01
1747818153, 0, 11, 807, 806, 13, 6.51%, 0, 0, 2, 27.80
1747818159, 0, 11, 809, 808, 13, 6.51%, 0, 0, 2, 27.35
1747818164, 0, 13, 811, 810, 12, 6.51%, 0, 0, 2, 27.41
1747818169, 0, 13, 813, 812, 12, 6.51%, 0, 0, 2, 27.46
1747818174, 0, 13, 816, 815, 12, 6.51%, 0, 0, 2, 26.66
1747818179, 0, 13, 817, 816, 12, 6.51%, 0, 0, 2, 27.41
1747818184, 0, 13, 820, 819, 12, 6.51%, 0, 0, 2, 27.05
1747818210, 0, 13, 821, 820, 12, 6.51%, 0, 0, 2, 27.32
1747818215, 0, 13, 822, 821, 12, 6.51%, 0, 0, 2, 27.02
1747818225, 0, 14, 822, 821, 10, 6.51%, 0, 0, 2, 26.61
1747818230, 0, 17, 823, 822, 10, 6.51%, 0, 0, 2, 25.60
1747818235, 0, 18, 825, 824, 10, 6.51%, 0, 0, 2, 26.62
1747818240, 0, 18, 827, 826, 10, 6.51%, 0, 0, 2, 26.79
1747818245, 0, 18, 830, 829, 10, 6.51%, 0, 0, 2, 25.88
1747818250, 0, 18, 834, 833, 10, 6.51%, 0, 0, 2, 24.46
1747818255, 0, 18, 838, 837, 10, 6.54%, 0, 0, 2, 25.47
1747818260, 0, 18, 843, 842, 10, 6.75%, 0, 0, 2, 24.92
1747818265, 0, 18, 849, 848, 10, 6.78%, 0, 0, 2, 24.59
1747818270, 0, 18, 855, 854, 10, 6.78%, 0, 0, 2, 24.42
1747818276, 0, 18, 859, 858, 10, 6.78%, 0, 0, 2, 24.88
1747818281, 0, 18, 861, 860, 10, 6.78%, 0, 0, 2, 25.06
1747818286, 0, 18, 864, 863, 10, 6.78%, 0, 0, 2, 23.31
1747818291, 0, 18, 867, 866, 10, 6.78%, 0, 0, 2, 16.26
1747818296, 0, 18, 869, 868, 10, 6.78%, 0, 0, 2, 14.98
1747818301, 0, 18, 870, 869, 10, 6.78%, 0, 0, 2, 14.92
1747818306, 0, 18, 871, 870, 10, 6.78%, 0, 0, 2, 14.95
1747818312, 0, 18, 872, 871, 10, 6.78%, 0, 0, 2, 14.84
1747818317, 0, 18, 873, 872, 10, 6.78%, 0, 0, 2, 14.78
1747818322, 0, 18, 874, 873, 10, 6.78%, 0, 0, 2, 14.73
1747818327, 0, 18, 876, 875, 10, 6.78%, 0, 0, 2, 14.86
1747818337, 0, 19, 876, 875, 8, 6.78%, 0, 0, 2, 14.83
1747818342, 0, 20, 876, 875, 8, 6.78%, 0, 0, 2, 15.48
1747818347, 0, 24, 876, 875, 8, 6.78%, 0, 0, 2, 15.44
1747818353, 0, 24, 877, 876, 8, 6.78%, 0, 0, 2, 15.44
1747818358, 0, 26, 879, 878, 8, 6.78%, 0, 0, 2, 14.76
1747818368, 0, 26, 880, 879, 8, 6.78%, 0, 0, 2, 14.95
1747818373, 0, 26, 882, 881, 8, 6.95%, 0, 0, 2, 14.65
1747818378, 0, 26, 887, 886, 8, 6.95%, 0, 0, 2, 13.99
1747818384, 0, 26, 888, 887, 8, 6.95%, 0, 0, 2, 14.78
1747818389, 0, 26, 890, 889, 8, 6.95%, 0, 0, 2, 14.71
1747818394, 0, 26, 892, 891, 8, 6.96%, 0, 0, 2, 14.93
1747818399, 0, 26, 894, 893, 8, 6.96%, 0, 0, 2, 14.71
1747818404, 0, 26, 896, 895, 8, 6.96%, 0, 0, 2, 14.75
1747818409, 0, 26, 898, 897, 8, 6.96%, 0, 0, 2, 14.63
1747818414, 0, 26, 899, 898, 8, 6.96%, 0, 0, 2, 14.79
1747818425, 0, 26, 900, 899, 8, 6.96%, 0, 0, 2, 15.13
1747818430, 0, 26, 901, 900, 8, 6.96%, 0, 0, 2, 14.85
1747818445, 0, 26, 902, 901, 8, 6.96%, 0, 0, 2, 15.00
1747818450, 0, 26, 903, 902, 8, 6.96%, 0, 0, 2, 14.66
1747818455, 0, 26, 904, 903, 8, 6.96%, 0, 0, 2, 15.02
1747818481, 0, 27, 905, 904, 12, 6.96%, 0, 0, 2, 15.37
1747818486, 0, 28, 905, 904, 12, 6.96%, 0, 0, 2, 15.27
1747818491, 0, 29, 906, 905, 12, 6.96%, 0, 0, 2, 14.74
1747818496, 0, 30, 906, 905, 12, 6.96%, 0, 0, 2, 14.83
1747818501, 0, 32, 906, 905, 12, 6.96%, 0, 0, 2, 15.40
1747818506, 0, 34, 906, 905, 12, 6.96%, 0, 0, 2, 15.18
1747818512, 0, 34, 907, 906, 12, 6.96%, 0, 0, 2, 15.14
1747818517, 0, 36, 907, 906, 12, 6.96%, 0, 0, 2, 37.96
1747818604, 0, 38, 907, 905, 12, 6.96%, 0, 0, 2, 31.84
1747818609, 0, 38, 908, 906, 12, 6.96%, 0, 0, 3, 18.92
1747818614, 0, 38, 911, 909, 12, 6.96%, 0, 0, 3, 15.26
1747818619, 0, 38, 912, 910, 12, 6.96%, 0, 0, 3, 15.10
1747818624, 0, 38, 913, 911, 12, 6.96%, 0, 0, 3, 14.73
1747818645, 0, 38, 914, 912, 12, 6.96%, 0, 0, 3, 14.72
1747818655, 0, 38, 915, 913, 12, 6.96%, 0, 0, 3, 15.13
1747818660, 0, 38, 916, 914, 12, 6.96%, 0, 0, 3, 14.89
1747818670, 0, 38, 917, 915, 12, 6.96%, 0, 0, 3, 15.16
1747818680, 0, 38, 918, 916, 12, 6.96%, 0, 0, 3, 14.71
1747818691, 0, 38, 919, 917, 12, 6.96%, 0, 0, 3, 14.68
1747818701, 0, 38, 920, 918, 12, 6.96%, 0, 0, 3, 14.82
1747818722, 0, 40, 921, 919, 13, 6.96%, 0, 0, 3, 15.02
1747818727, 0, 41, 921, 919, 13, 6.96%, 0, 0, 3, 15.45
1747818732, 0, 43, 921, 919, 13, 6.96%, 0, 0, 3, 15.46
1747818737, 0, 44, 922, 920, 13, 6.96%, 0, 0, 3, 15.03
1747818742, 0, 45, 922, 920, 13, 6.96%, 0, 0, 3, 15.47
1747818747, 0, 47, 923, 921, 13, 6.97%, 0, 0, 3, 15.01
1747818752, 0, 47, 924, 922, 13, 6.97%, 0, 0, 3, 15.09
1747818762, 0, 47, 925, 923, 13, 6.97%, 0, 0, 3, 15.01
1747818768, 0, 47, 926, 924, 13, 6.97%, 0, 0, 3, 14.69
1747818773, 0, 47, 927, 925, 13, 6.97%, 0, 0, 3, 14.83
1747818783, 0, 47, 928, 926, 13, 6.97%, 0, 0, 3, 14.65
1747818788, 0, 47, 929, 927, 13, 6.97%, 0, 0, 3, 15.12
1747818804, 0, 47, 931, 929, 13, 6.98%, 0, 0, 3, 14.93
1747818835, 0, 47, 932, 930, 13, 6.98%, 0, 0, 3, 14.84
1747818861, 0, 48, 933, 931, 13, 6.98%, 0, 0, 3, 15.31
1747818866, 0, 49, 933, 931, 13, 6.98%, 0, 0, 3, 15.67
1747818871, 0, 52, 934, 932, 13, 6.98%, 0, 0, 3, 15.38
1747818876, 0, 53, 934, 932, 13, 6.98%, 0, 0, 3, 15.42
1747818881, 0, 55, 934, 932, 13, 6.98%, 0, 0, 3, 15.37
1747818886, 0, 55, 936, 934, 13, 6.98%, 0, 0, 3, 14.82
1747818891, 0, 55, 937, 935, 13, 6.98%, 0, 0, 3, 15.04
1747818896, 0, 55, 938, 936, 13, 6.98%, 0, 0, 3, 15.18
1747818902, 0, 55, 939, 937, 13, 6.98%, 0, 0, 3, 15.46
1747818907, 0, 55, 941, 939, 13, 6.98%, 0, 0, 3, 14.71
1747818912, 0, 55, 942, 940, 13, 6.98%, 0, 0, 3, 14.85
1747818937, 0, 55, 943, 941, 13, 6.98%, 0, 0, 3, 15.10
1747818943, 0, 55, 945, 943, 13, 6.98%, 0, 0, 3, 14.35
1747818994, 0, 56, 945, 943, 13, 6.98%, 0, 0, 3, 15.20
1747818999, 0, 59, 945, 943, 13, 6.98%, 0, 0, 3, 15.20
1747819004, 0, 59, 947, 945, 13, 6.98%, 0, 0, 3, 14.59
1747819014, 0, 60, 947, 945, 13, 6.98%, 0, 0, 3, 14.98
1747819020, 0, 61, 947, 945, 13, 6.98%, 0, 0, 3, 14.74
1747819025, 0, 63, 947, 945, 13, 6.98%, 0, 0, 3, 15.47
1747819030, 0, 65, 947, 945, 13, 6.98%, 0, 0, 3, 15.73
1747819035, 0, 67, 947, 945, 13, 6.98%, 0, 0, 3, 15.01
1747819040, 0, 69, 948, 946, 13, 6.98%, 0, 0, 3, 14.68
1747819045, 0, 70, 948, 946, 13, 6.98%, 0, 0, 3, 15.03
1747819050, 0, 70, 949, 947, 13, 6.98%, 0, 0, 3, 15.04
1747819056, 0, 73, 949, 947, 13, 6.98%, 0, 0, 3, 14.96
1747819061, 0, 74, 949, 947, 13, 6.98%, 0, 0, 3, 15.26
1747819066, 0, 76, 949, 947, 13, 6.98%, 0, 0, 3, 15.24
1747819071, 0, 78, 949, 947, 13, 6.98%, 0, 0, 3, 14.94
1747819076, 0, 79, 950, 948, 13, 6.98%, 0, 0, 3, 15.32
1747819081, 0, 79, 951, 949, 13, 6.98%, 0, 0, 3, 15.68
1747819086, 0, 80, 951, 949, 13, 6.98%, 0, 0, 3, 15.38
1747819091, 0, 85, 951, 949, 13, 6.98%, 0, 0, 3, 15.24
1747819096, 0, 87, 951, 949, 13, 6.98%, 0, 0, 3, 15.22
1747819102, 0, 88, 951, 949, 13, 6.98%, 0, 0, 3, 15.56
1747819107, 0, 88, 952, 950, 13, 6.98%, 0, 0, 3, 14.98
1747819112, 0, 90, 952, 950, 13, 6.98%, 0, 0, 3, 14.92
1747819117, 0, 91, 954, 952, 13, 6.98%, 0, 0, 3, 14.53
1747819132, 0, 93, 954, 952, 13, 6.98%, 0, 0, 3, 14.98
1747819137, 0, 96, 954, 952, 13, 6.98%, 0, 0, 3, 15.05
1747819142, 0, 96, 956, 954, 13, 6.98%, 0, 0, 3, 14.59
1747819147, 0, 96, 958, 956, 13, 6.98%, 0, 0, 3, 14.04
1747819168, 0, 96, 959, 957, 13, 6.98%, 0, 0, 3, 14.94
1747819214, 0, 96, 960, 958, 13, 6.98%, 0, 0, 3, 14.47
1747819234, 0, 96, 961, 959, 13, 6.98%, 0, 0, 3, 14.41
1747819250, 0, 97, 962, 960, 13, 6.98%, 0, 0, 3, 14.66
1747819255, 0, 98, 963, 961, 13, 6.98%, 0, 0, 3, 14.53
1747819260, 0, 98, 964, 962, 13, 6.98%, 0, 0, 3, 14.21
1747819270, 0, 99, 964, 962, 13, 6.98%, 0, 0, 3, 15.26
1747819276, 0, 101, 964, 962, 13, 6.98%, 0, 0, 3, 15.22
1747819281, 0, 102, 964, 962, 13, 6.98%, 0, 0, 3, 15.33
1747819286, 0, 104, 964, 962, 13, 6.98%, 0, 0, 3, 15.45
1747819291, 0, 107, 964, 962, 13, 6.98%, 0, 0, 3, 15.21
1747819296, 0, 108, 964, 962, 13, 6.98%, 0, 0, 3, 15.71
1747819302, 0, 109, 965, 963, 13, 6.98%, 0, 0, 3, 15.05
1747819307, 0, 111, 965, 963, 13, 6.98%, 0, 0, 3, 14.81
1747819312, 0, 113, 965, 963, 13, 6.98%, 0, 0, 3, 15.42
1747819317, 0, 114, 965, 963, 13, 6.98%, 0, 0, 3, 15.18
1747819322, 0, 118, 965, 963, 13, 6.98%, 0, 0, 3, 14.65
1747819327, 0, 118, 967, 965, 13, 6.98%, 0, 0, 3, 14.15
1747819337, 0, 119, 967, 965, 13, 6.98%, 0, 0, 3, 15.10
1747819342, 0, 119, 968, 966, 13, 6.98%, 0, 0, 3, 14.46
1747819347, 0, 120, 969, 967, 13, 6.99%, 0, 0, 3, 14.46
1747819353, 0, 120, 971, 969, 13, 6.99%, 0, 0, 3, 13.82
1747819363, 0, 120, 973, 971, 13, 6.99%, 0, 0, 3, 14.31
1747819368, 0, 120, 974, 972, 13, 6.99%, 0, 0, 3, 14.01
1747819373, 0, 120, 975, 973, 13, 6.99%, 0, 0, 3, 14.52
1747819383, 0, 120, 976, 974, 13, 6.99%, 0, 0, 3, 14.52
1747819429, 0, 120, 977, 975, 13, 6.99%, 0, 0, 3, 14.45
1747819435, 0, 120, 978, 976, 13, 6.99%, 0, 0, 3, 14.06
1747819466, 0, 121, 979, 977, 15, 7.01%, 0, 0, 3, 14.26
1747819471, 0, 122, 979, 977, 13, 7.01%, 0, 0, 3, 14.84
1747819476, 0, 123, 979, 977, 13, 7.01%, 0, 0, 3, 14.91
1747819481, 0, 125, 979, 977, 13, 7.01%, 0, 0, 3, 15.46
1747819486, 0, 126, 979, 977, 13, 7.01%, 0, 0, 3, 14.76
1747819491, 0, 127, 980, 978, 13, 7.01%, 0, 0, 3, 14.53
1747819496, 0, 128, 981, 979, 13, 7.01%, 0, 0, 3, 14.60
1747819506, 0, 130, 981, 979, 13, 7.01%, 0, 0, 3, 14.88
1747819511, 0, 130, 983, 981, 13, 7.01%, 0, 0, 3, 14.47
1747819517, 0, 130, 984, 982, 13, 7.01%, 0, 0, 3, 14.45
1747819527, 0, 130, 985, 983, 13, 7.01%, 0, 0, 3, 14.18
1747819532, 0, 130, 986, 984, 13, 7.01%, 0, 0, 3, 14.59
1747819557, 0, 130, 987, 985, 13, 7.01%, 0, 0, 3, 14.75
1747819583, 0, 130, 988, 986, 13, 7.01%, 0, 0, 3, 14.74
1747819594, 0, 130, 989, 987, 13, 7.01%, 0, 0, 3, 14.16
1747819624, 0, 132, 989, 987, 13, 7.01%, 0, 0, 3, 14.58
1747819629, 0, 134, 990, 988, 13, 7.01%, 0, 0, 3, 14.28
1747819634, 0, 134, 992, 990, 13, 7.01%, 0, 0, 3, 14.12
1747819644, 0, 134, 993, 991, 13, 7.01%, 0, 0, 3, 14.55
1747819650, 0, 134, 994, 992, 13, 7.01%, 0, 0, 3, 14.42
1747819655, 0, 134, 995, 993, 13, 7.01%, 0, 0, 3, 14.09
1747819701, 0, 134, 996, 994, 13, 7.01%, 0, 0, 3, 14.37
1747819747, 0, 135, 996, 994, 13, 7.01%, 0, 0, 3, 14.61
1747819752, 0, 136, 997, 995, 13, 7.01%, 0, 0, 3, 14.60
1747819757, 0, 137, 997, 995, 13, 7.01%, 0, 0, 3, 14.79
1747819762, 0, 138, 997, 995, 13, 7.01%, 0, 0, 3, 14.61
1747819767, 0, 140, 997, 995, 13, 7.01%, 0, 0, 3, 14.73
1747819772, 0, 142, 997, 995, 13, 7.01%, 0, 0, 3, 14.95
1747819777, 0, 144, 997, 995, 13, 7.01%, 0, 0, 3, 15.01
1747819782, 0, 144, 998, 996, 13, 7.01%, 0, 0, 3, 14.76
1747819788, 0, 146, 998, 996, 13, 7.01%, 0, 0, 3, 14.91
1747819793, 0, 147, 1000, 998, 13, 7.02%, 0, 0, 3, 14.84
1747819808, 0, 147, 1001, 999, 13, 7.02%, 0, 0, 3, 15.03
1747819818, 0, 147, 1002, 1000, 13, 7.02%, 0, 0, 3, 14.03
1747819849, 0, 149, 1002, 1000, 13, 7.02%, 0, 0, 3, 15.22
1747819854, 0, 150, 1002, 1000, 13, 7.02%, 0, 0, 3, 14.98
1747819859, 0, 153, 1002, 1000, 13, 7.02%, 0, 0, 3, 14.97
1747819864, 0, 153, 1003, 1001, 13, 7.02%, 0, 0, 3, 14.91
1747819869, 0, 157, 1003, 1001, 13, 7.02%, 0, 0, 3, 14.66
1747819875, 0, 158, 1003, 1001, 13, 7.02%, 0, 0, 3, 15.04
1747819880, 0, 160, 1003, 1001, 13, 7.02%, 0, 0, 3, 14.64
1747819885, 0, 161, 1003, 1001, 13, 7.02%, 0, 0, 3, 15.08
1747819890, 0, 163, 1003, 1001, 13, 7.02%, 0, 0, 3, 14.74
1747819895, 0, 163, 1004, 1002, 13, 7.02%, 0, 0, 3, 14.84
1747819900, 0, 164, 1004, 1002, 13, 7.02%, 0, 0, 3, 14.86
1747819905, 0, 166, 1004, 1002, 13, 7.02%, 0, 0, 3, 15.02
1747819910, 0, 167, 1004, 1002, 13, 7.02%, 0, 0, 3, 14.94
1747819915, 0, 168, 1005, 1003, 13, 7.02%, 0, 0, 3, 15.08
1747819920, 0, 170, 1005, 1003, 14, 7.02%, 0, 0, 3, 15.39
1747819926, 0, 174, 1005, 1003, 14, 7.02%, 0, 0, 3, 15.33
1747819931, 0, 175, 1006, 1004, 14, 7.02%, 0, 0, 3, 14.83
1747819936, 0, 176, 1006, 1004, 14, 7.02%, 0, 0, 3, 14.94
1747819941, 0, 177, 1006, 1004, 14, 7.02%, 0, 0, 3, 15.35
1747819946, 0, 180, 1006, 1004, 14, 7.02%, 0, 0, 3, 15.06
1747819951, 0, 182, 1006, 1004, 14, 7.02%, 0, 0, 3, 15.28
1747819956, 0, 185, 1006, 1004, 14, 7.02%, 0, 0, 3, 15.30
1747819961, 0, 186, 1006, 1004, 14, 7.02%, 0, 0, 3, 15.47
1747819966, 0, 188, 1006, 1004, 14, 7.02%, 0, 0, 3, 15.11
1747819972, 0, 189, 1006, 1004, 14, 7.02%, 0, 0, 3, 15.08
1747819977, 0, 193, 1006, 1004, 14, 7.02%, 0, 0, 3, 15.61
1747819982, 0, 194, 1006, 1004, 14, 7.02%, 0, 0, 3, 15.30
1747819987, 0, 198, 1006, 1004, 14, 7.02%, 0, 0, 3, 15.49
1747819992, 0, 201, 1006, 1004, 14, 7.02%, 0, 0, 3, 15.08
1747819997, 0, 202, 1006, 1004, 14, 7.02%, 0, 0, 3, 14.99
1747820002, 0, 203, 1006, 1004, 14, 7.02%, 0, 0, 3, 14.93
1747820007, 0, 205, 1007, 1005, 14, 7.03%, 0, 0, 3, 14.49
1747820018, 0, 209, 1008, 1006, 15, 7.03%, 0, 0, 3, 14.82
1747820023, 0, 209, 1009, 1007, 15, 7.03%, 0, 0, 3, 14.58
1747820033, 0, 210, 1009, 1007, 15, 7.03%, 0, 0, 3, 14.88
1747820038, 0, 213, 1009, 1007, 15, 7.03%, 0, 0, 3, 14.71
1747820043, 0, 218, 1009, 1007, 15, 7.03%, 0, 0, 3, 15.30
1747820049, 0, 219, 1010, 1008, 15, 7.03%, 0, 0, 3, 14.46
1747820054, 0, 220, 1010, 1008, 15, 7.03%, 0, 0, 3, 14.44
1747820059, 0, 222, 1010, 1008, 15, 7.03%, 0, 0, 3, 14.99
1747820064, 0, 224, 1011, 1009, 15, 7.03%, 0, 0, 3, 15.30
1747820069, 0, 224, 1012, 1010, 15, 7.03%, 0, 0, 3, 15.03
1747820079, 0, 226, 1012, 1010, 15, 7.03%, 0, 0, 3, 15.26
1747820084, 0, 231, 1012, 1010, 15, 7.03%, 0, 0, 3, 15.28
1747820089, 0, 232, 1012, 1010, 15, 7.03%, 0, 0, 3, 15.33
1747820094, 0, 232, 1013, 1011, 15, 7.03%, 0, 0, 3, 14.93
1747820099, 0, 235, 1013, 1011, 15, 7.03%, 0, 0, 3, 14.84
1747820104, 0, 236, 1014, 1012, 15, 7.03%, 0, 0, 3, 14.20
1747820109, 0, 236, 1016, 1014, 15, 7.03%, 0, 0, 3, 13.67
1747820115, 0, 236, 1017, 1015, 15, 7.03%, 0, 0, 3, 14.22
1747820120, 0, 236, 1018, 1016, 15, 7.03%, 0, 0, 3, 13.87
1747820130, 0, 236, 1019, 1017, 15, 7.03%, 0, 0, 3, 14.07
1747820135, 0, 236, 1020, 1018, 15, 7.03%, 0, 0, 3, 14.83
1747820145, 0, 236, 1021, 1019, 15, 7.03%, 0, 0, 3, 14.60
1747820216, 0, 236, 1022, 1020, 15, 7.03%, 0, 0, 3, 14.06
1747820222, 0, 237, 1023, 1021, 16, 7.03%, 0, 0, 3, 13.88
1747820227, 0, 237, 1024, 1022, 16, 7.03%, 0, 0, 3, 14.15
1747820232, 0, 237, 1025, 1023, 16, 7.03%, 0, 0, 3, 14.43
1747820252, 0, 238, 1025, 1023, 16, 7.03%, 0, 0, 3, 14.71
1747820258, 0, 240, 1025, 1023, 16, 7.03%, 0, 0, 3, 14.79
1747820263, 0, 241, 1025, 1023, 16, 7.03%, 0, 0, 3, 14.77
1747820268, 0, 243, 1025, 1023, 16, 7.03%, 0, 0, 3, 15.23
1747820273, 0, 244, 1025, 1023, 16, 7.03%, 0, 0, 3, 15.22
1747820278, 0, 246, 1025, 1023, 16, 7.03%, 0, 0, 3, 14.72
1747820283, 0, 247, 1025, 1023, 16, 7.03%, 0, 0, 3, 14.80
1747820288, 0, 248, 1026, 1024, 16, 7.03%, 0, 0, 3, 14.33
1747820293, 0, 249, 1026, 1024, 16, 7.03%, 0, 0, 3, 15.21
1747820299, 0, 252, 1026, 1024, 16, 7.03%, 0, 0, 3, 15.28
1747820304, 0, 253, 1026, 1024, 16, 7.03%, 0, 0, 3, 14.65
1747820309, 0, 254, 1027, 1025, 16, 7.03%, 0, 0, 3, 14.41
1747820314, 0, 255, 1027, 1025, 16, 7.03%, 0, 0, 3, 14.72
1747820319, 0, 256, 1027, 1025, 16, 7.03%, 0, 0, 3, 15.21
1747820324, 0, 257, 1028, 1026, 16, 7.03%, 0, 0, 3, 14.21
1747820329, 0, 257, 1030, 1028, 16, 7.03%, 0, 0, 3, 13.42
1747820349, 0, 258, 1030, 1028, 16, 7.03%, 0, 0, 3, 14.90
1747820354, 0, 258, 1031, 1029, 16, 7.03%, 0, 0, 3, 14.74
1747820359, 0, 259, 1031, 1029, 16, 7.03%, 0, 0, 3, 14.85
1747820365, 0, 264, 1031, 1029, 16, 7.03%, 0, 0, 3, 14.85
1747820370, 0, 265, 1031, 1029, 16, 7.03%, 0, 0, 3, 14.30
1747820375, 0, 267, 1032, 1030, 16, 7.03%, 0, 0, 3, 13.89
1747820385, 0, 271, 1032, 1030, 16, 7.03%, 0, 0, 3, 14.43
1747820390, 0, 272, 1032, 1030, 16, 7.03%, 0, 0, 3, 15.00
1747820395, 0, 274, 1032, 1030, 16, 7.03%, 0, 0, 3, 15.14
1747820400, 0, 276, 1032, 1030, 16, 7.03%, 0, 0, 3, 14.32
1747820405, 0, 277, 1032, 1030, 16, 7.03%, 0, 0, 3, 14.83
1747820410, 0, 280, 1032, 1030, 16, 7.03%, 0, 0, 3, 14.81
1747820416, 0, 281, 1032, 1030, 16, 7.03%, 0, 0, 3, 14.60
1747820421, 0, 285, 1032, 1030, 16, 7.03%, 0, 0, 3, 14.45
1747820426, 0, 287, 1032, 1030, 16, 7.03%, 0, 0, 3, 15.06
1747820431, 0, 289, 1032, 1030, 16, 7.03%, 0, 0, 3, 14.77
1747820436, 0, 290, 1032, 1030, 16, 7.03%, 0, 0, 3, 14.74
1747820441, 0, 293, 1032, 1030, 16, 7.03%, 0, 0, 3, 14.36
1747820446, 0, 294, 1032, 1030, 16, 7.03%, 0, 0, 3, 14.93
1747820452, 0, 297, 1032, 1030, 16, 7.03%, 0, 0, 3, 14.99
1747820457, 0, 297, 1033, 1031, 16, 7.03%, 0, 0, 3, 14.35
1747820462, 0, 300, 1033, 1031, 16, 7.03%, 0, 0, 3, 14.63
1747820467, 0, 302, 1033, 1031, 16, 7.03%, 0, 0, 3, 14.58
1747820472, 0, 302, 1034, 1032, 16, 7.03%, 0, 0, 3, 14.36
1747820477, 0, 308, 1034, 1032, 16, 7.03%, 0, 0, 3, 14.76
1747820482, 0, 310, 1034, 1032, 16, 7.03%, 0, 0, 3, 15.14
1747820487, 0, 311, 1036, 1034, 16, 7.03%, 0, 0, 3, 14.37
1747820503, 0, 313, 1036, 1034, 16, 7.03%, 0, 0, 3, 14.83
1747820508, 0, 314, 1036, 1034, 16, 7.03%, 0, 0, 3, 15.10
1747820513, 0, 316, 1036, 1034, 16, 7.03%, 0, 0, 3, 15.20
1747820518, 0, 318, 1036, 1034, 16, 7.03%, 0, 0, 3, 15.24
1747820523, 0, 322, 1036, 1034, 16, 7.03%, 0, 0, 3, 15.04
1747820528, 0, 323, 1036, 1034, 16, 7.03%, 0, 0, 3, 14.91
1747820533, 0, 324, 1037, 1035, 16, 7.03%, 0, 0, 3, 13.79
1747820538, 0, 325, 1037, 1035, 16, 7.03%, 0, 0, 3, 14.29
1747820543, 0, 327, 1037, 1035, 16, 7.03%, 0, 0, 3, 14.97
1747820548, 0, 328, 1037, 1035, 16, 7.03%, 0, 0, 3, 14.57
1747820554, 0, 330, 1037, 1035, 16, 7.03%, 0, 0, 3, 14.26
1747820559, 0, 333, 1037, 1035, 16, 7.03%, 0, 0, 3, 15.05
1747820564, 0, 335, 1037, 1035, 16, 7.03%, 0, 0, 3, 14.84
1747820569, 0, 337, 1037, 1035, 16, 7.03%, 0, 0, 3, 15.01
1747820574, 0, 338, 1037, 1035, 16, 7.03%, 0, 0, 3, 14.98
1747820579, 0, 340, 1037, 1035, 16, 7.03%, 0, 0, 3, 15.13
1747820584, 0, 342, 1038, 1036, 16, 7.03%, 0, 0, 3, 14.05
1747820589, 0, 343, 1038, 1036, 16, 7.03%, 0, 0, 3, 14.29
1747820595, 0, 343, 1040, 1038, 16, 7.03%, 0, 0, 3, 13.44
1747820605, 0, 343, 1041, 1039, 16, 7.03%, 0, 0, 3, 14.38
1747820610, 0, 343, 1042, 1040, 16, 7.03%, 0, 0, 3, 13.95
1747820620, 0, 343, 1043, 1041, 16, 7.03%, 0, 0, 3, 14.01
1747820636, 0, 343, 1044, 1042, 16, 7.03%, 0, 0, 3, 14.20
1747820651, 0, 343, 1046, 1044, 16, 7.03%, 0, 0, 3, 13.53
1747820656, 0, 343, 1047, 1045, 16, 7.03%, 0, 0, 3, 13.97
1747820692, 0, 343, 1048, 1046, 16, 7.03%, 0, 0, 3, 14.10
1747820713, 0, 344, 1048, 1046, 16, 7.03%, 0, 0, 3, 14.28
1747820718, 0, 347, 1049, 1047, 16, 7.03%, 0, 0, 3, 14.05
1747820728, 0, 348, 1049, 1047, 16, 7.03%, 0, 0, 3, 14.40
1747820733, 0, 350, 1049, 1047, 16, 7.03%, 0, 0, 3, 15.52
1747820738, 0, 351, 1049, 1047, 16, 7.03%, 0, 0, 3, 15.21
1747820743, 0, 354, 1049, 1047, 16, 7.03%, 0, 0, 3, 14.63
1747820748, 0, 354, 1050, 1048, 16, 7.03%, 0, 0, 3, 14.07
1747820753, 0, 356, 1050, 1048, 16, 7.03%, 0, 0, 3, 14.92
1747820759, 0, 357, 1050, 1048, 16, 7.03%, 0, 0, 3, 14.44
1747820764, 0, 360, 1050, 1048, 16, 7.03%, 0, 0, 3, 14.92
1747820769, 0, 361, 1050, 1048, 16, 7.03%, 0, 0, 3, 14.59
1747820774, 0, 363, 1050, 1048, 16, 7.03%, 0, 0, 3, 14.75
1747820779, 0, 365, 1050, 1048, 16, 7.03%, 0, 0, 3, 15.11
1747820784, 0, 366, 1051, 1049, 16, 7.03%, 0, 0, 3, 14.22
1747820789, 0, 366, 1052, 1050, 16, 7.03%, 0, 0, 3, 13.65
1747820794, 0, 366, 1053, 1051, 16, 7.03%, 0, 0, 3, 13.20
1747820804, 0, 366, 1054, 1052, 16, 7.03%, 0, 0, 3, 13.15
1747820846, 0, 368, 1054, 1052, 16, 7.03%, 0, 0, 3, 15.16
1747820851, 0, 369, 1054, 1052, 16, 7.03%, 0, 0, 3, 14.05
1747820856, 0, 371, 1054, 1052, 16, 7.03%, 0, 0, 3, 14.18
1747820861, 0, 372, 1054, 1052, 16, 7.03%, 0, 0, 3, 14.93
1747820866, 0, 374, 1055, 1053, 16, 7.03%, 0, 0, 3, 14.84
1747820871, 0, 375, 1056, 1054, 16, 7.03%, 0, 0, 3, 13.98
1747820877, 0, 375, 1057, 1055, 16, 7.03%, 0, 0, 3, 13.36
1747820887, 0, 378, 1057, 1055, 16, 7.03%, 0, 0, 3, 13.77
1747820892, 0, 379, 1057, 1055, 16, 7.03%, 0, 0, 3, 13.97
1747820897, 0, 381, 1057, 1055, 16, 7.03%, 0, 0, 3, 14.30
1747820902, 0, 383, 1057, 1055, 16, 7.03%, 0, 0, 3, 15.05
1747820908, 0, 387, 1057, 1055, 16, 7.03%, 0, 0, 3, 15.25
1747820913, 0, 388, 1057, 1055, 16, 7.03%, 0, 0, 3, 15.07
1747820918, 0, 391, 1057, 1055, 16, 7.03%, 0, 0, 3, 14.98
1747820923, 0, 392, 1057, 1055, 16, 7.03%, 0, 0, 3, 15.23
1747820928, 0, 394, 1057, 1055, 16, 7.03%, 0, 0, 3, 15.21
1747820933, 0, 394, 1058, 1056, 16, 7.03%, 0, 0, 3, 14.44
1747820939, 0, 399, 1058, 1056, 16, 7.03%, 0, 0, 3, 15.37
1747820944, 0, 400, 1058, 1056, 16, 7.03%, 0, 0, 3, 14.83
1747820949, 0, 402, 1058, 1056, 16, 7.03%, 0, 0, 3, 14.43
1747820954, 0, 403, 1058, 1056, 16, 7.03%, 0, 0, 3, 13.81
1747820959, 0, 409, 1058, 1056, 16, 7.03%, 0, 0, 3, 14.77
1747820964, 0, 410, 1058, 1056, 16, 7.03%, 0, 0, 3, 14.81
1747820969, 0, 412, 1059, 1057, 16, 7.03%, 0, 0, 3, 15.01
1747820975, 0, 413, 1059, 1057, 16, 7.03%, 0, 0, 3, 15.14
1747820980, 0, 414, 1059, 1057, 16, 7.03%, 0, 0, 3, 14.66
1747820985, 0, 416, 1059, 1057, 16, 7.03%, 0, 0, 3, 15.17
1747820990, 0, 417, 1059, 1057, 16, 7.03%, 0, 0, 3, 14.56
1747820995, 0, 419, 1059, 1057, 16, 7.03%, 0, 0, 3, 14.09
1747821000, 0, 420, 1059, 1057, 16, 7.03%, 0, 0, 3, 14.18
1747821005, 0, 424, 1059, 1057, 16, 7.03%, 0, 0, 3, 14.31
1747821011, 0, 426, 1059, 1057, 16, 7.03%, 0, 0, 3, 14.22
1747821016, 0, 427, 1059, 1057, 16, 7.03%, 0, 0, 3, 13.27
1747821021, 0, 429, 1059, 1057, 16, 7.03%, 0, 0, 3, 14.27
1747821026, 0, 431, 1059, 1057, 16, 7.03%, 0, 0, 3, 15.16
1747821031, 0, 432, 1059, 1057, 16, 7.03%, 0, 0, 3, 14.48
1747821036, 0, 433, 1059, 1057, 16, 7.03%, 0, 0, 3, 14.52
1747821042, 0, 435, 1059, 1057, 16, 7.03%, 0, 0, 3, 14.00
1747821047, 0, 439, 1059, 1057, 16, 7.03%, 0, 0, 3, 14.79
1747821052, 0, 441, 1060, 1058, 16, 7.03%, 0, 0, 3, 13.89
1747821062, 0, 443, 1060, 1058, 16, 7.03%, 0, 0, 3, 14.50
1747821067, 0, 444, 1060, 1058, 16, 7.03%, 0, 0, 3, 14.89
1747821072, 0, 446, 1060, 1058, 16, 7.03%, 0, 0, 3, 14.96
1747821077, 0, 447, 1060, 1058, 16, 7.03%, 0, 0, 3, 14.60
1747821082, 0, 448, 1060, 1058, 16, 7.03%, 0, 0, 3, 13.96
1747821088, 0, 451, 1060, 1058, 16, 7.03%, 0, 0, 3, 14.01
1747821093, 0, 452, 1060, 1058, 16, 7.03%, 0, 0, 3, 14.18
1747821098, 0, 453, 1061, 1059, 16, 7.03%, 0, 0, 3, 13.18
1747821103, 0, 453, 1062, 1060, 16, 7.03%, 0, 0, 3, 13.00
1747821108, 0, 453, 1063, 1061, 16, 7.03%, 0, 0, 3, 13.27
1747821129, 0, 454, 1063, 1061, 16, 7.03%, 0, 0, 3, 14.31
1747821134, 0, 458, 1063, 1061, 16, 7.03%, 0, 0, 3, 13.36
1747821139, 0, 459, 1063, 1061, 16, 7.03%, 0, 0, 3, 14.29
1747821144, 0, 461, 1063, 1061, 16, 7.03%, 0, 0, 3, 14.36
1747821149, 0, 463, 1063, 1061, 16, 7.03%, 0, 0, 3, 13.97
1747821154, 0, 464, 1063, 1061, 16, 7.03%, 0, 0, 3, 14.57
1747821159, 0, 465, 1064, 1062, 16, 7.03%, 0, 0, 3, 12.94
1747821165, 0, 466, 1064, 1062, 16, 7.03%, 0, 0, 3, 13.46
1747821170, 0, 467, 1064, 1062, 16, 7.03%, 0, 0, 3, 14.84
1747821175, 0, 469, 1065, 1063, 16, 7.03%, 0, 0, 3, 13.83
1747821180, 0, 469, 1066, 1064, 16, 7.03%, 0, 0, 3, 13.45
1747821191, 0, 469, 1067, 1065, 16, 7.03%, 0, 0, 3, 13.47
1747821196, 0, 469, 1068, 1066, 16, 7.03%, 0, 0, 3, 13.35
1747821237, 0, 470, 1068, 1066, 17, 7.03%, 0, 0, 3, 13.74
1747821242, 0, 471, 1068, 1066, 17, 7.03%, 0, 0, 3, 14.29
1747821248, 0, 475, 1068, 1066, 17, 7.03%, 0, 0, 3, 14.23
1747821253, 0, 476, 1068, 1066, 17, 7.03%, 0, 0, 3, 14.76
1747821258, 0, 478, 1068, 1066, 17, 7.03%, 0, 0, 3, 13.82
1747821263, 0, 481, 1069, 1067, 17, 7.03%, 0, 0, 3, 13.40
1747821273, 0, 482, 1069, 1067, 17, 7.03%, 0, 0, 3, 14.53
1747821278, 0, 486, 1069, 1067, 17, 7.03%, 0, 0, 3, 14.69
1747821283, 0, 487, 1069, 1067, 17, 7.03%, 0, 0, 3, 14.26
1747821288, 0, 489, 1069, 1067, 17, 7.03%, 0, 0, 3, 13.93
1747821294, 0, 490, 1069, 1067, 17, 7.03%, 0, 0, 3, 14.50
1747821299, 0, 492, 1069, 1067, 17, 7.03%, 0, 0, 3, 14.54
1747821304, 0, 492, 1070, 1068, 17, 7.03%, 0, 0, 3, 13.87
1747821309, 0, 494, 1070, 1068, 17, 7.03%, 0, 0, 3, 14.20
1747821314, 0, 497, 1070, 1068, 17, 7.03%, 0, 0, 3, 13.91
1747821319, 0, 498, 1070, 1068, 17, 7.03%, 0, 0, 3, 14.11
1747821324, 0, 500, 1072, 1070, 17, 7.03%, 0, 0, 3, 12.95
1747821340, 0, 501, 1072, 1070, 17, 7.03%, 0, 0, 3, 13.50
1747821345, 0, 506, 1072, 1070, 17, 7.03%, 0, 0, 3, 13.86
1747821350, 0, 507, 1072, 1070, 17, 7.03%, 0, 0, 3, 14.44
1747821355, 0, 507, 1073, 1071, 17, 7.03%, 0, 0, 3, 14.75
1747821360, 0, 509, 1073, 1071, 15, 7.03%, 0, 0, 3, 14.00
1747821365, 0, 510, 1073, 1071, 15, 7.03%, 0, 0, 3, 14.05
1747821370, 0, 512, 1073, 1071, 15, 7.03%, 0, 0, 3, 14.27
1747821376, 0, 514, 1073, 1071, 15, 7.03%, 0, 0, 3, 13.98
1747821381, 0, 515, 1074, 1072, 15, 7.03%, 0, 0, 3, 14.04
1747821386, 0, 515, 1076, 1074, 15, 7.03%, 0, 0, 3, 14.38
1747821391, 0, 515, 1077, 1075, 15, 7.03%, 0, 0, 3, 14.32
1747821401, 0, 515, 1078, 1076, 15, 7.03%, 0, 0, 3, 14.31
1747821406, 0, 515, 1079, 1077, 15, 7.03%, 0, 0, 3, 14.31
1747821412, 0, 515, 1080, 1078, 15, 7.03%, 0, 0, 3, 14.62
1747821422, 0, 515, 1081, 1079, 15, 7.03%, 0, 0, 3, 14.50
1747821452, 0, 515, 1082, 1080, 15, 7.03%, 0, 0, 3, 14.92
1747821457, 0, 515, 1084, 1082, 15, 7.03%, 0, 0, 3, 14.02
1747821463, 0, 515, 1085, 1083, 15, 7.03%, 0, 0, 3, 14.39
1747821493, 0, 515, 1086, 1084, 15, 7.03%, 0, 0, 3, 14.65
1747821498, 0, 516, 1086, 1084, 16, 7.03%, 0, 0, 3, 14.30
1747821504, 0, 518, 1087, 1085, 16, 7.03%, 0, 0, 3, 13.97
1747821514, 0, 521, 1087, 1085, 16, 7.03%, 0, 0, 3, 14.68
1747821519, 0, 522, 1087, 1085, 16, 7.03%, 0, 0, 3, 14.60
1747821524, 0, 524, 1087, 1085, 16, 7.03%, 0, 0, 3, 14.49
1747821529, 0, 526, 1087, 1085, 16, 7.03%, 0, 0, 3, 14.50
1747821534, 0, 531, 1087, 1085, 16, 7.03%, 0, 0, 3, 13.89
1747821539, 0, 532, 1087, 1085, 16, 7.03%, 0, 0, 3, 14.16
1747821544, 0, 534, 1088, 1086, 16, 7.03%, 0, 0, 3, 13.76
1747821550, 0, 535, 1088, 1086, 16, 7.03%, 0, 0, 3, 13.51
1747821555, 0, 536, 1088, 1086, 16, 7.03%, 0, 0, 3, 14.46
1747821560, 0, 541, 1088, 1086, 16, 7.03%, 0, 0, 3, 14.43
1747821565, 0, 542, 1088, 1086, 16, 7.03%, 0, 0, 3, 14.56
1747821570, 0, 544, 1088, 1086, 16, 7.03%, 0, 0, 3, 14.37
1747821575, 0, 546, 1088, 1086, 16, 7.03%, 0, 0, 3, 14.11
1747821581, 0, 547, 1088, 1086, 16, 7.03%, 0, 0, 3, 13.97
1747821586, 0, 550, 1088, 1086, 16, 7.03%, 0, 0, 3, 14.71
1747821591, 0, 551, 1088, 1086, 16, 7.03%, 0, 0, 3, 14.60
1747821596, 0, 554, 1088, 1086, 16, 7.03%, 0, 0, 3, 14.82
1747821601, 0, 554, 1090, 1088, 16, 7.03%, 0, 0, 3, 13.09
1747821611, 0, 556, 1090, 1088, 16, 7.03%, 0, 0, 3, 13.53
1747821616, 0, 557, 1090, 1088, 16, 7.03%, 0, 0, 3, 14.33
1747821622, 0, 559, 1090, 1088, 16, 7.03%, 0, 0, 3, 13.48
1747821627, 0, 561, 1090, 1088, 16, 7.03%, 0, 0, 3, 13.74
1747821632, 0, 562, 1090, 1088, 16, 7.03%, 0, 0, 3, 14.46
1747821637, 0, 564, 1090, 1088, 16, 7.03%, 0, 0, 3, 14.17
1747821642, 0, 565, 1090, 1088, 16, 7.03%, 0, 0, 3, 13.92
1747821647, 0, 568, 1090, 1088, 16, 7.03%, 0, 0, 3, 14.42
1747821653, 0, 569, 1090, 1088, 16, 7.03%, 0, 0, 3, 13.82
1747821658, 0, 570, 1090, 1088, 16, 7.03%, 0, 0, 3, 14.31
1747821663, 0, 573, 1090, 1088, 16, 7.03%, 0, 0, 3, 14.58
1747821668, 0, 574, 1090, 1088, 16, 7.03%, 0, 0, 3, 14.08
1747821673, 0, 576, 1091, 1089, 16, 7.03%, 0, 0, 3, 12.98
1747821678, 0, 577, 1091, 1089, 16, 7.03%, 0, 0, 3, 12.84
1747821683, 0, 578, 1091, 1089, 16, 7.03%, 0, 0, 3, 13.63
1747821688, 0, 578, 1092, 1090, 16, 7.03%, 0, 0, 3, 12.93
1747821694, 0, 580, 1093, 1091, 16, 7.03%, 0, 0, 3, 13.98
1747821704, 0, 581, 1093, 1091, 16, 7.03%, 0, 0, 3, 14.12
1747821709, 0, 583, 1093, 1091, 16, 7.03%, 0, 0, 3, 14.45
1747821714, 0, 584, 1093, 1091, 16, 7.03%, 0, 0, 3, 14.82
1747821719, 0, 586, 1093, 1091, 16, 7.03%, 0, 0, 3, 15.04
1747821724, 0, 587, 1093, 1091, 16, 7.03%, 0, 0, 3, 14.17
1747821729, 0, 588, 1093, 1091, 16, 7.03%, 0, 0, 3, 14.33
1747821734, 0, 589, 1094, 1092, 16, 7.03%, 0, 0, 3, 12.78
1747821739, 0, 591, 1094, 1092, 16, 7.03%, 0, 0, 3, 14.05
1747821744, 0, 592, 1094, 1092, 16, 7.03%, 0, 0, 3, 14.67
1747821749, 0, 594, 1094, 1092, 16, 7.03%, 0, 0, 3, 13.54
1747821755, 0, 596, 1094, 1092, 16, 7.03%, 0, 0, 3, 14.25
1747821760, 0, 597, 1094, 1092, 16, 7.03%, 0, 0, 3, 13.38
1747821765, 0, 599, 1094, 1092, 16, 7.03%, 0, 0, 3, 14.48
1747821770, 0, 600, 1094, 1092, 16, 7.03%, 0, 0, 3, 14.41
1747821775, 0, 602, 1094, 1092, 16, 7.03%, 0, 0, 3, 14.71
1747821781, 0, 606, 1094, 1092, 16, 7.03%, 0, 0, 3, 15.03
1747821786, 0, 607, 1094, 1092, 16, 7.03%, 0, 0, 3, 13.95
1747821791, 0, 609, 1094, 1092, 16, 7.03%, 0, 0, 3, 14.61
1747821796, 0, 613, 1094, 1092, 16, 7.03%, 0, 0, 3, 14.47
1747821801, 0, 614, 1094, 1092, 16, 7.03%, 0, 0, 3, 14.13
1747821806, 0, 615, 1095, 1093, 16, 7.03%, 0, 0, 3, 12.91
1747821811, 0, 615, 1096, 1094, 16, 7.03%, 0, 0, 3, 12.69
1747821821, 0, 616, 1096, 1094, 16, 7.03%, 0, 0, 3, 13.96
1747821826, 0, 619, 1096, 1094, 16, 7.03%, 0, 0, 3, 14.29
1747821832, 0, 620, 1096, 1094, 16, 7.03%, 0, 0, 3, 14.43
1747821837, 0, 623, 1096, 1094, 16, 7.03%, 0, 0, 3, 14.96
1747821842, 0, 626, 1097, 1095, 16, 7.03%, 0, 0, 3, 13.39
1747821847, 0, 626, 1098, 1096, 16, 7.03%, 0, 0, 3, 12.49
1747821857, 0, 627, 1098, 1096, 16, 7.03%, 0, 0, 3, 13.74
1747821862, 0, 628, 1098, 1096, 16, 7.03%, 0, 0, 3, 15.02
1747821867, 0, 631, 1098, 1096, 16, 7.03%, 0, 0, 3, 14.47
1747821873, 0, 632, 1098, 1096, 16, 7.03%, 0, 0, 3, 14.58
1747821878, 0, 633, 1098, 1096, 16, 7.03%, 0, 0, 3, 14.43
1747821883, 0, 635, 1098, 1096, 16, 7.03%, 0, 0, 3, 13.80
1747821888, 0, 637, 1098, 1096, 16, 7.03%, 0, 0, 3, 14.49
1747821893, 0, 639, 1098, 1096, 16, 7.03%, 0, 0, 3, 13.58
1747821898, 0, 640, 1098, 1096, 16, 7.03%, 0, 0, 3, 13.71
1747821903, 0, 641, 1098, 1096, 16, 7.03%, 0, 0, 3, 13.34
1747821908, 0, 642, 1099, 1097, 16, 7.03%, 0, 0, 3, 12.19
1747821914, 0, 644, 1099, 1097, 16, 7.03%, 0, 0, 3, 13.84
1747821919, 0, 645, 1099, 1097, 16, 7.03%, 0, 0, 3, 14.69
1747821924, 0, 646, 1100, 1098, 16, 7.03%, 0, 0, 3, 13.75
1747821929, 0, 647, 1101, 1099, 16, 7.03%, 0, 0, 3, 12.80
1747821939, 0, 648, 1101, 1099, 16, 7.03%, 0, 0, 3, 14.20
1747821944, 0, 649, 1102, 1100, 16, 7.03%, 0, 0, 3, 12.85
1747821949, 0, 650, 1102, 1100, 16, 7.03%, 0, 0, 3, 13.82
1747821954, 0, 651, 1103, 1101, 16, 7.03%, 0, 0, 3, 13.11
1747821965, 0, 654, 1103, 1101, 16, 7.03%, 0, 0, 3, 14.19
1747821970, 0, 654, 1104, 1102, 16, 7.03%, 0, 0, 3, 12.74
1747821975, 0, 655, 1105, 1103, 16, 7.03%, 0, 0, 3, 13.37
1747821980, 0, 655, 1106, 1104, 16, 7.03%, 0, 0, 3, 12.06
1747821990, 0, 656, 1106, 1104, 16, 7.03%, 0, 0, 3, 12.89
1747821995, 0, 657, 1106, 1104, 16, 7.03%, 0, 0, 3, 13.61
1747822000, 0, 659, 1106, 1104, 16, 7.03%, 0, 0, 3, 14.53
1747822006, 0, 661, 1106, 1104, 16, 7.03%, 0, 0, 3, 14.28
1747822011, 0, 662, 1107, 1105, 16, 7.03%, 0, 0, 3, 12.81
1747822021, 0, 664, 1107, 1105, 16, 7.03%, 0, 0, 3, 14.00
1747822026, 0, 665, 1107, 1105, 16, 7.03%, 0, 0, 3, 13.79
1747822031, 0, 666, 1109, 1107, 16, 7.05%, 0, 0, 3, 12.13
1747822041, 0, 666, 1110, 1108, 16, 7.05%, 0, 0, 3, 12.96
1747822052, 0, 666, 1111, 1109, 16, 7.05%, 0, 0, 3, 12.20
1747822057, 0, 666, 1112, 1110, 16, 7.05%, 0, 0, 3, 11.23
1747822083, 0, 666, 1113, 1111, 16, 7.05%, 0, 0, 3, 11.78
1747822093, 0, 666, 1114, 1112, 16, 7.05%, 0, 0, 3, 12.19
1747822098, 0, 666, 1115, 1113, 16, 7.05%, 0, 0, 3, 12.06
1747822108, 0, 666, 1116, 1114, 16, 7.05%, 0, 0, 3, 12.01
1747822144, 0, 666, 1117, 1115, 16, 7.05%, 0, 0, 3, 12.47
1747822154, 0, 666, 1118, 1116, 16, 7.06%, 0, 0, 3, 13.10
1747822164, 0, 666, 1119, 1117, 16, 7.06%, 0, 0, 3, 12.81
1747822170, 0, 668, 1119, 1117, 15, 7.06%, 0, 0, 3, 14.29
1747822175, 0, 669, 1119, 1117, 15, 7.06%, 0, 0, 3, 14.58
1747822180, 0, 670, 1120, 1118, 15, 7.06%, 0, 0, 3, 13.61
1747822185, 0, 670, 1121, 1119, 15, 7.06%, 0, 0, 3, 12.51
1747822195, 0, 670, 1122, 1120, 15, 7.06%, 0, 0, 3, 11.81
1747822211, 0, 673, 1122, 1120, 15, 7.06%, 0, 0, 3, 13.85
1747822216, 0, 676, 1122, 1120, 15, 7.06%, 0, 0, 3, 14.16
1747822221, 0, 677, 1122, 1120, 15, 7.06%, 0, 0, 3, 14.48
1747822226, 0, 680, 1122, 1120, 15, 7.06%, 0, 0, 3, 14.17
1747822231, 0, 681, 1122, 1120, 15, 7.06%, 0, 0, 3, 14.67
1747822236, 0, 684, 1122, 1120, 15, 7.06%, 0, 0, 3, 14.32
1747822241, 0, 685, 1122, 1120, 15, 7.06%, 0, 0, 3, 14.80
1747822246, 0, 688, 1122, 1120, 15, 7.06%, 0, 0, 3, 15.26
1747822251, 0, 689, 1122, 1120, 15, 7.06%, 0, 0, 3, 15.25
1747822256, 0, 692, 1122, 1120, 15, 7.06%, 0, 0, 3, 14.95
1747822262, 0, 693, 1122, 1120, 15, 7.06%, 0, 0, 3, 14.80
1747822267, 0, 694, 1123, 1121, 15, 7.06%, 0, 0, 3, 13.08
1747822272, 0, 694, 1125, 1123, 15, 7.06%, 0, 0, 3, 11.40
1747822298, 0, 695, 1125, 1123, 15, 7.06%, 0, 0, 3, 13.12
1747822303, 0, 696, 1125, 1123, 15, 7.06%, 0, 0, 3, 13.73
1747822308, 0, 698, 1125, 1123, 15, 7.06%, 0, 0, 3, 13.98
1747822313, 0, 700, 1126, 1124, 15, 7.06%, 0, 0, 3, 13.06
1747822318, 0, 700, 1127, 1125, 15, 7.06%, 0, 0, 3, 11.91
1747822323, 0, 700, 1128, 1126, 15, 7.06%, 0, 0, 3, 12.06
1747822329, 0, 700, 1130, 1128, 15, 7.07%, 0, 0, 3, 11.63
1747822354, 0, 700, 1131, 1129, 15, 7.07%, 0, 0, 3, 13.30
1747822446, 0, 701, 1132, 1130, 15, 7.07%, 0, 0, 3, 14.09
1747822451, 0, 701, 1133, 1131, 15, 7.07%, 0, 0, 3, 14.10
1747822461, 0, 703, 1133, 1131, 15, 7.07%, 0, 0, 3, 15.35
1747822467, 0, 704, 1133, 1131, 15, 7.07%, 0, 0, 3, 14.43
1747822472, 0, 706, 1133, 1131, 15, 7.07%, 0, 0, 3, 14.66
1747822477, 0, 708, 1133, 1131, 15, 7.07%, 0, 0, 3, 13.19
1747822482, 0, 709, 1133, 1131, 15, 7.07%, 0, 0, 3, 14.05
1747822487, 0, 712, 1134, 1132, 15, 7.07%, 0, 0, 3, 11.77
1747822492, 0, 713, 1134, 1132, 15, 7.07%, 0, 0, 3, 12.57
1747822498, 0, 714, 1134, 1132, 15, 7.07%, 0, 0, 3, 14.43
1747822503, 0, 716, 1134, 1132, 15, 7.07%, 0, 0, 3, 14.52
1747822508, 0, 717, 1134, 1132, 15, 7.07%, 0, 0, 3, 14.01
1747822513, 0, 719, 1134, 1132, 15, 7.07%, 0, 0, 3, 15.16
1747822518, 0, 720, 1134, 1132, 15, 7.07%, 0, 0, 3, 14.76
1747822523, 0, 721, 1134, 1132, 15, 7.07%, 0, 0, 3, 13.44
1747822528, 0, 724, 1134, 1132, 15, 7.07%, 0, 0, 3, 14.08
1747822533, 0, 725, 1134, 1132, 15, 7.07%, 0, 0, 3, 14.96
1747822539, 0, 728, 1135, 1133, 15, 7.07%, 0, 0, 3, 13.86
1747822549, 0, 730, 1135, 1133, 15, 7.07%, 0, 0, 3, 14.24
1747822554, 0, 732, 1135, 1133, 15, 7.07%, 0, 0, 3, 14.37
1747822559, 0, 733, 1136, 1134, 15, 7.20%, 0, 0, 3, 13.53
1747822564, 0, 733, 1137, 1135, 15, 7.21%, 0, 0, 3, 12.17
1747822569, 0, 733, 1138, 1136, 15, 7.21%, 0, 0, 3, 11.67
1747822580, 0, 733, 1139, 1137, 15, 7.21%, 0, 0, 3, 12.67
1747822595, 0, 733, 1140, 1138, 15, 7.21%, 0, 0, 3, 12.31
1747822621, 0, 733, 1141, 1139, 15, 7.21%, 0, 0, 3, 13.20
1747822683, 0, 733, 1142, 1140, 15, 7.21%, 0, 0, 3, 11.26
1747822698, 0, 734, 1142, 1140, 16, 7.21%, 0, 0, 3, 13.15
1747822703, 0, 735, 1144, 1142, 16, 7.21%, 0, 0, 3, 12.12
1747822708, 0, 735, 1145, 1143, 16, 7.21%, 0, 0, 3, 11.15
1747822713, 0, 735, 1146, 1144, 16, 7.21%, 0, 0, 3, 11.34
1747822718, 0, 735, 1148, 1146, 16, 7.21%, 0, 0, 3, 10.36
1747822729, 0, 735, 1149, 1147, 16, 7.21%, 0, 0, 3, 10.88
1747822739, 0, 735, 1151, 1149, 16, 7.21%, 0, 0, 3, 10.18
1747822749, 0, 735, 1152, 1150, 16, 7.22%, 0, 0, 3, 11.65
1747822785, 0, 735, 1153, 1151, 16, 7.22%, 0, 0, 3, 10.69
1747822852, 0, 736, 1153, 1151, 16, 7.22%, 0, 0, 3, 12.25
1747822857, 0, 737, 1153, 1151, 16, 7.22%, 0, 0, 3, 12.60
1747822862, 0, 740, 1153, 1151, 16, 7.22%, 0, 0, 3, 13.62
1747822867, 0, 741, 1155, 1153, 16, 7.22%, 0, 0, 3, 12.62
1747822872, 0, 741, 1158, 1156, 16, 7.24%, 0, 0, 3, 9.07
1747822877, 0, 741, 1159, 1157, 16, 7.24%, 0, 0, 3, 10.83
1747822882, 0, 741, 1161, 1159, 16, 7.24%, 0, 0, 3, 10.06
1747822903, 0, 741, 1162, 1160, 16, 7.24%, 0, 0, 3, 10.84
1747822908, 0, 741, 1164, 1162, 16, 7.24%, 0, 0, 3, 9.54
1747822918, 0, 741, 1165, 1163, 16, 7.24%, 0, 0, 3, 10.92
1747822923, 0, 741, 1167, 1165, 16, 7.24%, 0, 0, 3, 9.66
1747822939, 0, 741, 1168, 1166, 16, 7.24%, 0, 0, 3, 10.82
1747823006, 0, 741, 1169, 1167, 16, 7.24%, 0, 0, 3, 11.85
1747823026, 0, 742, 1169, 1167, 16, 7.24%, 0, 0, 3, 11.99
1747823031, 0, 742, 1170, 1168, 16, 7.24%, 0, 0, 3, 10.73
1747823036, 0, 742, 1171, 1169, 16, 7.24%, 0, 0, 3, 10.55
1747823047, 0, 742, 1173, 1171, 16, 7.24%, 0, 0, 3, 10.31
1747823067, 0, 742, 1174, 1172, 16, 7.24%, 0, 0, 3, 11.01
1747823083, 0, 742, 1175, 1173, 16, 7.24%, 0, 0, 3, 11.33
1747823108, 0, 742, 1176, 1174, 16, 7.24%, 0, 0, 3, 10.84
1747823118, 0, 742, 1177, 1175, 16, 7.24%, 0, 0, 3, 9.93
1747823180, 0, 744, 1177, 1175, 17, 7.24%, 0, 0, 3, 12.90
1747826209, 0, 746, 1177, 1174, 17, 7.24%, 0, 0, 3, 12.08
1747826214, 0, 747, 1177, 1174, 17, 7.24%, 0, 0, 3, 12.78
1747826220, 0, 748, 1177, 1174, 17, 7.24%, 0, 0, 3, 12.49
1747826225, 0, 749, 1177, 1174, 17, 7.24%, 0, 0, 3, 13.30
1747826230, 0, 751, 1177, 1174, 17, 7.24%, 0, 0, 3, 13.61
1747826235, 0, 759, 1177, 1174, 17, 7.24%, 0, 0, 3, 13.17
1747826240, 0, 760, 1177, 1174, 17, 7.24%, 0, 0, 3, 13.35
1747826245, 0, 766, 1177, 1174, 17, 7.24%, 0, 0, 3, 13.55
1747826250, 0, 767, 1177, 1174, 17, 7.24%, 0, 0, 3, 14.43
1747826255, 0, 768, 1177, 1174, 17, 7.24%, 0, 0, 3, 13.07
1747826260, 0, 771, 1177, 1174, 17, 7.24%, 0, 0, 3, 13.05
1747826266, 0, 772, 1177, 1174, 17, 7.24%, 0, 0, 3, 14.30
1747826271, 0, 775, 1177, 1174, 17, 7.24%, 0, 0, 3, 15.21
1747826276, 0, 776, 1177, 1174, 17, 7.24%, 0, 0, 3, 13.81
1747826281, 0, 778, 1177, 1174, 17, 7.24%, 0, 0, 3, 14.29
1747826286, 0, 779, 1177, 1174, 17, 7.24%, 0, 0, 3, 13.27
1747826291, 0, 780, 1177, 1174, 17, 7.24%, 0, 0, 3, 13.63
1747826297, 0, 781, 1177, 1174, 17, 7.24%, 0, 0, 3, 12.07
1747826302, 0, 783, 1177, 1174, 17, 7.24%, 0, 0, 3, 13.83
1747826307, 0, 783, 1179, 1176, 17, 7.24%, 0, 0, 3, 12.38
1747826317, 0, 785, 1179, 1176, 17, 7.24%, 0, 0, 3, 13.83
1747826322, 0, 787, 1179, 1176, 17, 7.24%, 0, 0, 3, 13.71
1747826328, 0, 788, 1179, 1176, 17, 7.24%, 0, 0, 3, 14.04
1747826333, 0, 790, 1179, 1176, 17, 7.24%, 0, 0, 3, 14.28
1747826338, 0, 791, 1179, 1176, 17, 7.24%, 0, 0, 3, 12.31
1747826343, 0, 792, 1179, 1176, 17, 7.24%, 0, 0, 3, 13.38
1747826348, 0, 795, 1179, 1176, 17, 7.24%, 0, 0, 3, 12.08
1747826354, 0, 797, 1179, 1176, 17, 7.24%, 0, 0, 3, 12.98
1747826359, 0, 798, 1179, 1176, 17, 7.24%, 0, 0, 3, 13.78
1747826364, 0, 804, 1179, 1176, 17, 7.24%, 0, 0, 3, 13.83
1747826369, 0, 805, 1179, 1176, 17, 7.24%, 0, 0, 3, 14.25
1747826374, 0, 809, 1179, 1176, 17, 7.24%, 0, 0, 3, 14.69
1747826379, 0, 810, 1179, 1176, 17, 7.24%, 0, 0, 3, 14.10
1747826384, 0, 811, 1179, 1176, 17, 7.24%, 0, 0, 3, 13.75
1747826390, 0, 813, 1179, 1176, 17, 7.24%, 0, 0, 3, 13.81
1747826395, 0, 814, 1179, 1176, 17, 7.24%, 0, 0, 3, 14.73
1747826400, 0, 815, 1179, 1176, 17, 7.24%, 0, 0, 3, 12.17
1747826405, 0, 816, 1179, 1176, 17, 7.24%, 0, 0, 3, 11.31
1747826410, 0, 818, 1179, 1176, 17, 7.24%, 0, 0, 3, 13.77
1747826415, 0, 819, 1179, 1176, 17, 7.24%, 0, 0, 3, 14.31
1747826420, 0, 821, 1179, 1176, 17, 7.24%, 0, 0, 3, 13.61
1747826425, 0, 822, 1179, 1176, 17, 7.24%, 0, 0, 3, 13.00
1747826430, 0, 825, 1179, 1176, 17, 7.24%, 0, 0, 3, 12.92
1747826435, 0, 829, 1179, 1176, 17, 7.24%, 0, 0, 3, 14.07
1747826440, 0, 830, 1179, 1176, 17, 7.24%, 0, 0, 3, 12.30
1747826445, 0, 832, 1179, 1176, 17, 7.24%, 0, 0, 3, 12.54
1747826451, 0, 833, 1179, 1176, 17, 7.24%, 0, 0, 3, 11.67
1747826456, 0, 834, 1179, 1176, 17, 7.24%, 0, 0, 3, 11.37
1747826461, 0, 836, 1179, 1176, 17, 7.24%, 0, 0, 3, 13.63
1747826466, 0, 837, 1179, 1176, 17, 7.24%, 0, 0, 3, 14.54
1747830761, 0, 838, 1179, 1175, 16, 7.24%, 0, 0, 3, 15.44
1747830766, 0, 840, 1179, 1175, 16, 7.24%, 0, 0, 3, 13.44
1747830771, 0, 841, 1179, 1175, 16, 7.24%, 0, 0, 3, 12.97
1747830777, 0, 842, 1179, 1175, 16, 7.24%, 0, 0, 3, 12.52
1747830782, 0, 843, 1179, 1175, 16, 7.24%, 0, 0, 3, 11.83
1747830787, 0, 846, 1179, 1175, 16, 7.24%, 0, 0, 3, 14.32
1747831337, 0, 846, 1180, 1176, 16, 7.24%, 0, 0, 3, 14.22
1747833843, 0, 846, 1181, 1177, 16, 7.24%, 0, 0, 3, 14.18
1747833848, 0, 846, 1182, 1178, 16, 7.24%, 0, 0, 3, 14.02
1747834064, 0, 847, 1182, 1177, 15, 7.24%, 0, 0, 3, 14.40
1747834069, 0, 849, 1182, 1177, 15, 7.24%, 0, 0, 3, 14.24
1747834074, 0, 850, 1182, 1177, 15, 7.24%, 0, 0, 3, 14.44
1747834079, 0, 851, 1182, 1177, 15, 7.24%, 0, 0, 3, 14.29
1747834084, 0, 854, 1182, 1177, 15, 7.24%, 0, 0, 3, 15.03
1747834090, 0, 855, 1182, 1177, 15, 7.24%, 0, 0, 3, 13.74
1747834095, 0, 857, 1182, 1177, 15, 7.24%, 0, 0, 3, 14.35
1747834100, 0, 858, 1182, 1177, 15, 7.24%, 0, 0, 3, 14.83
1747834105, 0, 860, 1182, 1177, 15, 7.24%, 0, 0, 3, 14.21
1747834110, 0, 861, 1182, 1177, 15, 7.24%, 0, 0, 3, 13.94
1747834115, 0, 863, 1182, 1177, 15, 7.24%, 0, 0, 3, 14.50
1747834120, 0, 865, 1182, 1177, 15, 7.24%, 0, 0, 3, 14.04
1747834125, 0, 866, 1182, 1177, 15, 7.24%, 0, 0, 3, 14.15
1747834130, 0, 868, 1182, 1177, 15, 7.24%, 0, 0, 3, 14.54
1747834136, 0, 870, 1182, 1177, 15, 7.24%, 0, 0, 3, 14.49
1747834141, 0, 872, 1182, 1177, 15, 7.24%, 0, 0, 3, 13.73
1747834146, 0, 875, 1182, 1177, 15, 7.24%, 0, 0, 3, 13.19
1747834151, 0, 876, 1182, 1177, 15, 7.24%, 0, 0, 3, 13.98
1747834156, 0, 878, 1182, 1177, 15, 7.24%, 0, 0, 3, 14.58
1747834161, 0, 879, 1182, 1177, 15, 7.24%, 0, 0, 3, 14.54
1747834166, 0, 881, 1182, 1177, 15, 7.24%, 0, 0, 3, 14.03
1747834172, 0, 882, 1182, 1177, 15, 7.24%, 0, 0, 3, 14.39
1747834177, 0, 886, 1182, 1177, 15, 7.24%, 0, 0, 3, 14.70
1747834182, 0, 887, 1182, 1177, 15, 7.24%, 0, 0, 3, 14.57
1747834187, 0, 890, 1182, 1177, 15, 7.24%, 0, 0, 3, 14.72
1747834192, 0, 891, 1182, 1177, 15, 7.24%, 0, 0, 3, 13.77
1747834197, 0, 893, 1182, 1177, 15, 7.24%, 0, 0, 3, 14.05
1747834202, 0, 896, 1182, 1177, 15, 7.24%, 0, 0, 3, 13.42
1747834207, 0, 898, 1182, 1177, 15, 7.24%, 0, 0, 3, 14.07
1747834212, 0, 900, 1182, 1177, 15, 7.24%, 0, 0, 3, 14.68
1747834218, 0, 901, 1183, 1178, 15, 7.24%, 0, 0, 3, 12.83
1747834228, 0, 902, 1183, 1178, 15, 7.24%, 0, 0, 3, 13.33
1747834233, 0, 905, 1183, 1178, 15, 7.24%, 0, 0, 3, 11.94
1747834238, 0, 908, 1183, 1178, 15, 7.24%, 0, 0, 3, 12.98
1747834243, 0, 909, 1183, 1178, 15, 7.24%, 0, 0, 3, 12.99
1747834248, 0, 912, 1183, 1178, 15, 7.24%, 0, 0, 3, 14.06
1747834253, 0, 914, 1183, 1178, 15, 7.24%, 0, 0, 3, 14.62
1747834259, 0, 916, 1183, 1178, 15, 7.24%, 0, 0, 3, 14.54
1747834264, 0, 918, 1183, 1178, 15, 7.24%, 0, 0, 3, 12.87
1747834269, 0, 919, 1183, 1178, 15, 7.24%, 0, 0, 3, 13.52
1747834274, 0, 920, 1183, 1178, 15, 7.24%, 0, 0, 3, 13.08
1747834279, 0, 922, 1183, 1178, 15, 7.24%, 0, 0, 3, 13.87
1747834284, 0, 923, 1183, 1178, 15, 7.24%, 0, 0, 3, 14.80
1747838746, 0, 924, 1183, 1177, 14, 7.24%, 0, 0, 3, 15.09
1747838752, 0, 924, 1184, 1178, 14, 7.24%, 0, 0, 4, 13.34
1747838757, 0, 925, 1184, 1178, 14, 7.24%, 0, 0, 4, 14.11
1747838762, 0, 928, 1184, 1178, 14, 7.24%, 0, 0, 4, 14.53
1747838767, 0, 929, 1184, 1178, 14, 7.24%, 0, 0, 4, 14.34
1747838772, 0, 930, 1184, 1178, 14, 7.24%, 0, 0, 4, 14.18
1747838777, 0, 934, 1184, 1178, 14, 7.24%, 0, 0, 4, 14.00
1747838782, 0, 935, 1184, 1178, 14, 7.24%, 0, 0, 4, 13.23
1747838787, 0, 936, 1184, 1178, 14, 7.24%, 0, 0, 4, 13.42
1747838792, 0, 937, 1185, 1179, 14, 7.24%, 0, 0, 4, 12.48
1747838797, 0, 940, 1185, 1179, 14, 7.24%, 0, 0, 4, 13.79
1747838803, 0, 941, 1185, 1179, 14, 7.24%, 0, 0, 4, 12.02
1747838808, 0, 942, 1185, 1179, 14, 7.24%, 0, 0, 4, 13.52
1747838813, 0, 944, 1185, 1179, 14, 7.24%, 0, 0, 4, 12.65
1747838818, 0, 945, 1185, 1179, 14, 7.24%, 0, 0, 4, 13.42
1747838823, 0, 946, 1185, 1179, 14, 7.24%, 0, 0, 4, 14.38
1747838828, 0, 949, 1185, 1179, 14, 7.24%, 0, 0, 4, 14.34
1747838834, 0, 950, 1185, 1179, 14, 7.24%, 0, 0, 4, 13.63
1747838839, 0, 952, 1185, 1179, 14, 7.24%, 0, 0, 4, 13.90
1747838844, 0, 953, 1185, 1179, 14, 7.24%, 0, 0, 4, 13.24
1747838849, 0, 954, 1185, 1179, 14, 7.24%, 0, 0, 4, 13.81
1747838854, 0, 960, 1185, 1179, 14, 7.24%, 0, 0, 4, 14.24
1747838859, 0, 960, 1186, 1180, 14, 7.24%, 0, 0, 4, 13.48
1747838865, 0, 961, 1186, 1180, 14, 7.24%, 0, 0, 4, 14.35
1747838870, 0, 964, 1186, 1180, 14, 7.24%, 0, 0, 4, 13.63
1747838875, 0, 965, 1186, 1180, 14, 7.24%, 0, 0, 4, 13.82
1747838880, 0, 968, 1186, 1180, 14, 7.24%, 0, 0, 4, 13.92
1747838885, 0, 969, 1186, 1180, 14, 7.24%, 0, 0, 4, 13.92
1747838890, 0, 972, 1186, 1180, 14, 7.24%, 0, 0, 4, 13.70
1747838895, 0, 977, 1186, 1180, 14, 7.24%, 0, 0, 4, 13.88
1747838900, 0, 978, 1186, 1180, 14, 7.24%, 0, 0, 4, 14.39
1747843945, 0, 980, 1186, 1179, 13, 7.24%, 0, 0, 4, 14.48
1747843950, 0, 982, 1186, 1179, 13, 7.24%, 0, 0, 4, 13.75
1747843956, 0, 983, 1186, 1179, 13, 7.24%, 0, 0, 4, 12.57
1747843961, 0, 984, 1186, 1179, 13, 7.24%, 0, 0, 4, 13.27
1747843966, 0, 986, 1186, 1179, 13, 7.24%, 0, 0, 4, 13.07
1747843971, 0, 987, 1186, 1179, 13, 7.24%, 0, 0, 4, 13.69
1747843976, 0, 988, 1186, 1179, 13, 7.24%, 0, 0, 4, 13.97
1747843981, 0, 990, 1186, 1179, 13, 7.24%, 0, 0, 4, 14.24
1747843986, 0, 991, 1186, 1179, 13, 7.24%, 0, 0, 4, 12.58
1747843992, 0, 992, 1186, 1179, 13, 7.24%, 0, 0, 4, 12.45
1747843997, 0, 995, 1186, 1179, 13, 7.24%, 0, 0, 4, 13.71
1747844002, 0, 996, 1186, 1179, 13, 7.24%, 0, 0, 4, 13.25
1747844007, 0, 997, 1186, 1179, 13, 7.24%, 0, 0, 4, 13.34
1747844012, 0, 999, 1186, 1179, 13, 7.24%, 0, 0, 4, 13.82
1747844017, 0, 1000, 1186, 1179, 13, 7.24%, 0, 0, 4, 11.92
1747844022, 0, 1001, 1186, 1179, 13, 7.24%, 0, 0, 4, 12.55
1747844027, 0, 1004, 1186, 1179, 13, 7.24%, 0, 0, 4, 14.07
1747844033, 0, 1005, 1186, 1179, 13, 7.24%, 0, 0, 4, 14.86
1747844038, 0, 1006, 1186, 1179, 13, 7.24%, 0, 0, 4, 13.79
1747844043, 0, 1009, 1186, 1179, 13, 7.24%, 0, 0, 4, 14.04
1747844048, 0, 1009, 1187, 1180, 13, 7.25%, 0, 0, 4, 14.28
1747844053, 0, 1011, 1187, 1180, 13, 7.25%, 0, 0, 4, 14.44
1747844058, 0, 1014, 1187, 1180, 13, 7.25%, 0, 0, 4, 14.28
1747844063, 0, 1015, 1188, 1181, 13, 7.25%, 0, 0, 4, 13.11
1747844073, 0, 1018, 1188, 1181, 13, 7.25%, 0, 0, 4, 13.35
1747844079, 0, 1019, 1188, 1181, 13, 7.25%, 0, 0, 4, 12.60
1747844084, 0, 1020, 1188, 1181, 13, 7.25%, 0, 0, 4, 14.51
1747844089, 0, 1022, 1188, 1181, 13, 7.25%, 0, 0, 4, 13.86
1747844094, 0, 1023, 1189, 1182, 13, 7.25%, 0, 0, 4, 13.80
1747844099, 0, 1025, 1189, 1182, 13, 7.25%, 0, 0, 4, 14.19
1747844104, 0, 1026, 1189, 1182, 13, 7.25%, 0, 0, 4, 14.37
1747844109, 0, 1027, 1189, 1182, 13, 7.25%, 0, 0, 4, 13.92
1747844114, 0, 1030, 1189, 1182, 13, 7.25%, 0, 0, 4, 14.14
1747844120, 0, 1031, 1189, 1182, 13, 7.25%, 0, 0, 4, 12.78
1747844125, 0, 1032, 1189, 1182, 13, 7.25%, 0, 0, 4, 13.80
1747844130, 0, 1036, 1189, 1182, 13, 7.25%, 0, 0, 4, 14.03
1747844135, 0, 1038, 1189, 1182, 13, 7.25%, 0, 0, 4, 12.29
1747844140, 0, 1039, 1189, 1182, 13, 7.25%, 0, 0, 4, 12.36
1747844145, 0, 1043, 1189, 1182, 13, 7.25%, 0, 0, 4, 13.29
1747844150, 0, 1044, 1189, 1182, 13, 7.25%, 0, 0, 4, 11.96
1747844155, 0, 1045, 1190, 1183, 13, 7.25%, 0, 0, 4, 13.02
1747844165, 0, 1047, 1190, 1183, 13, 7.25%, 0, 0, 4, 13.39
1747844171, 0, 1048, 1190, 1183, 13, 7.25%, 0, 0, 4, 12.25
1747844176, 0, 1049, 1190, 1183, 13, 7.25%, 0, 0, 4, 12.50
1747844181, 0, 1050, 1190, 1183, 13, 7.25%, 0, 0, 4, 11.37
1747844186, 0, 1054, 1190, 1183, 13, 7.25%, 0, 0, 4, 12.06
1747844191, 0, 1055, 1190, 1183, 13, 7.25%, 0, 0, 4, 14.40
1747844196, 0, 1056, 1190, 1183, 13, 7.25%, 0, 0, 4, 12.45
1747844202, 0, 1059, 1190, 1183, 13, 7.25%, 0, 0, 4, 13.94
1747844207, 0, 1060, 1190, 1183, 13, 7.25%, 0, 0, 4, 13.56
1747844212, 0, 1063, 1190, 1183, 13, 7.25%, 0, 0, 4, 14.78
1747844217, 0, 1064, 1191, 1184, 13, 7.25%, 0, 0, 4, 14.38
1747844227, 0, 1066, 1191, 1184, 13, 7.25%, 0, 0, 4, 13.66
1747844232, 0, 1067, 1191, 1184, 13, 7.25%, 0, 0, 4, 14.72
1747844237, 0, 1069, 1191, 1184, 13, 7.25%, 0, 0, 4, 15.03
1747844242, 0, 1070, 1191, 1184, 13, 7.25%, 0, 0, 4, 13.01
1747844248, 0, 1071, 1191, 1184, 13, 7.25%, 0, 0, 4, 14.05
1747844253, 0, 1073, 1191, 1184, 13, 7.25%, 0, 0, 4, 13.71
1747844990, 0, 1073, 1192, 1185, 13, 7.25%, 0, 0, 4, 21.79
1747847737, 0, 1073, 1193, 1186, 13, 7.25%, 0, 0, 4, 12.70
1747847961, 0, 1074, 1193, 1185, 12, 7.25%, 0, 0, 4, 14.33
1747847966, 0, 1076, 1193, 1185, 12, 7.25%, 0, 0, 4, 12.83
1747847971, 0, 1077, 1193, 1185, 12, 7.25%, 0, 0, 4, 11.90
1747847976, 0, 1078, 1193, 1185, 12, 7.25%, 0, 0, 4, 12.86
1747847982, 0, 1079, 1193, 1185, 12, 7.25%, 0, 0, 4, 12.25
1747847987, 0, 1081, 1193, 1185, 12, 7.25%, 0, 0, 4, 13.93
1747847992, 0, 1083, 1193, 1185, 12, 7.25%, 0, 0, 4, 14.11
1747847997, 0, 1085, 1193, 1185, 12, 7.25%, 0, 0, 4, 14.30
1747848002, 0, 1086, 1193, 1185, 12, 7.25%, 0, 0, 4, 13.30
1747848007, 0, 1087, 1193, 1185, 12, 7.25%, 0, 0, 4, 12.74
1747848013, 0, 1088, 1193, 1185, 12, 7.25%, 0, 0, 4, 12.15
1747848018, 0, 1089, 1193, 1185, 12, 7.25%, 0, 0, 4, 12.33
1747848023, 0, 1092, 1193, 1185, 12, 7.25%, 0, 0, 4, 12.89
1747848028, 0, 1093, 1193, 1185, 12, 7.25%, 0, 0, 4, 12.33
1747848033, 0, 1095, 1193, 1185, 12, 7.25%, 0, 0, 4, 14.12
1747848038, 0, 1097, 1193, 1185, 12, 7.25%, 0, 0, 4, 14.33
1747848043, 0, 1098, 1193, 1185, 12, 7.25%, 0, 0, 4, 13.67
1747848048, 0, 1099, 1193, 1185, 12, 7.25%, 0, 0, 4, 12.20
1747848054, 0, 1102, 1193, 1185, 12, 7.25%, 0, 0, 4, 13.86
1747848059, 0, 1103, 1193, 1185, 12, 7.25%, 0, 0, 4, 12.48
1747848064, 0, 1104, 1193, 1185, 12, 7.25%, 0, 0, 4, 12.14
1747848069, 0, 1107, 1193, 1185, 12, 7.25%, 0, 0, 4, 14.25
1747848074, 0, 1108, 1194, 1186, 12, 7.25%, 0, 0, 4, 14.38
1747848084, 0, 1115, 1194, 1186, 12, 7.25%, 0, 0, 4, 13.34
1747848089, 0, 1116, 1194, 1186, 12, 7.25%, 0, 0, 4, 12.65
1747848094, 0, 1117, 1194, 1186, 12, 7.25%, 0, 0, 4, 14.00
1747848100, 0, 1120, 1194, 1186, 12, 7.25%, 0, 0, 4, 14.63
1747848105, 0, 1121, 1194, 1186, 12, 7.25%, 0, 0, 4, 14.43
1747848110, 0, 1123, 1194, 1186, 12, 7.25%, 0, 0, 4, 14.26
1747848115, 0, 1124, 1194, 1186, 12, 7.25%, 0, 0, 4, 14.20
1747848120, 0, 1125, 1194, 1186, 12, 7.25%, 0, 0, 4, 12.85
1747848125, 0, 1127, 1194, 1186, 12, 7.25%, 0, 0, 4, 12.99
1747848130, 0, 1128, 1194, 1186, 12, 7.25%, 0, 0, 4, 13.34
1747848135, 0, 1130, 1194, 1186, 12, 7.25%, 0, 0, 4, 14.56
1747848141, 0, 1131, 1194, 1186, 12, 7.25%, 0, 0, 4, 14.12
1747848146, 0, 1132, 1194, 1186, 12, 7.25%, 0, 0, 4, 14.00
1747848151, 0, 1135, 1194, 1186, 12, 7.25%, 0, 0, 4, 14.36
1747848156, 0, 1136, 1194, 1186, 12, 7.25%, 0, 0, 4, 13.70
1747848161, 0, 1138, 1194, 1186, 12, 7.25%, 0, 0, 4, 14.17
1747848166, 0, 1139, 1194, 1186, 12, 7.25%, 0, 0, 4, 13.38
1747848171, 0, 1141, 1194, 1186, 12, 7.25%, 0, 0, 4, 13.99
1747848176, 0, 1144, 1194, 1186, 12, 7.25%, 0, 0, 4, 12.85
1747848182, 0, 1146, 1194, 1186, 12, 7.25%, 0, 0, 4, 14.60
1747848187, 0, 1147, 1194, 1186, 12, 7.25%, 0, 0, 4, 13.72
1747848192, 0, 1149, 1194, 1186, 12, 7.25%, 0, 0, 4, 14.27
1747848197, 0, 1150, 1195, 1187, 12, 7.25%, 0, 0, 4, 12.50
1747848207, 0, 1152, 1195, 1187, 13, 7.25%, 0, 0, 4, 12.59
1747848212, 0, 1154, 1196, 1188, 13, 7.25%, 0, 0, 4, 14.15
1747848223, 0, 1156, 1196, 1188, 13, 7.25%, 0, 0, 4, 15.07
1747848228, 0, 1157, 1196, 1188, 13, 7.25%, 0, 0, 4, 14.97
1747848233, 0, 1159, 1196, 1188, 13, 7.25%, 0, 0, 4, 14.21
1747848238, 0, 1160, 1196, 1188, 13, 7.25%, 0, 0, 4, 12.87
1747848243, 0, 1166, 1196, 1188, 13, 7.25%, 0, 0, 4, 14.05
1747848248, 0, 1167, 1196, 1188, 13, 7.25%, 0, 0, 4, 13.26
1747848253, 0, 1168, 1196, 1188, 13, 7.25%, 0, 0, 4, 15.13
1747848258, 0, 1169, 1196, 1188, 13, 7.25%, 0, 0, 4, 11.68
1747848884, 0, 1169, 1197, 1189, 13, 7.25%, 0, 0, 4, 7.44
