# unix_time, cycles_done, cur_path, paths_total, pending_total, pending_favs, map_size, unique_crashes, unique_hangs, max_depth, execs_per_sec
1747817457, 0, 0, 1, 1, 1, 3.78%, 0, 0, 1, 52.63
1747817462, 0, 0, 19, 19, 1, 4.69%, 0, 0, 2, 48.98
1747817467, 0, 0, 36, 36, 1, 4.69%, 0, 0, 2, 48.00
1747817472, 0, 0, 52, 52, 1, 4.69%, 0, 0, 2, 45.56
1747817477, 0, 0, 61, 61, 1, 5.00%, 0, 0, 2, 46.12
1747817482, 0, 0, 65, 65, 1, 5.03%, 0, 0, 2, 48.97
1747817487, 0, 0, 73, 73, 1, 5.03%, 0, 0, 2, 69.53
1747817492, 0, 0, 78, 78, 1, 5.04%, 0, 0, 2, 85.34
1747817497, 0, 0, 82, 82, 1, 5.04%, 0, 0, 2, 91.04
1747817503, 0, 0, 85, 85, 1, 5.04%, 0, 0, 2, 91.80
1747817508, 0, 0, 87, 87, 1, 5.04%, 0, 0, 2, 92.02
1747817513, 0, 0, 90, 90, 1, 5.04%, 0, 0, 2, 91.96
1747817518, 0, 0, 93, 93, 1, 5.04%, 0, 0, 2, 70.64
1747817523, 0, 0, 94, 94, 1, 5.04%, 0, 0, 2, 56.48
1747817528, 0, 0, 97, 97, 1, 5.04%, 0, 0, 2, 58.98
1747817533, 0, 0, 100, 100, 1, 5.04%, 0, 0, 2, 81.15
1747817538, 0, 0, 102, 102, 1, 5.05%, 0, 0, 2, 82.88
1747817548, 0, 0, 103, 103, 1, 5.05%, 0, 0, 2, 54.90
1747817554, 0, 0, 105, 105, 1, 5.05%, 0, 0, 2, 53.62
1747817569, 0, 0, 106, 106, 1, 5.05%, 0, 0, 2, 54.38
1747817579, 0, 0, 107, 107, 1, 5.05%, 0, 0, 2, 52.93
1747817584, 0, 0, 108, 108, 1, 5.05%, 0, 0, 2, 53.74
1747817594, 0, 0, 111, 111, 1, 5.06%, 0, 0, 2, 52.05
1747817604, 0, 0, 112, 112, 1, 5.06%, 0, 0, 2, 53.64
1747817620, 0, 0, 114, 114, 1, 5.06%, 0, 0, 2, 52.97
1747817630, 0, 0, 116, 116, 1, 5.06%, 0, 0, 2, 52.51
1747817676, 0, 0, 117, 117, 1, 5.06%, 0, 0, 2, 53.95
1747817681, 0, 0, 118, 118, 1, 5.06%, 0, 0, 2, 53.76
1747817686, 0, 0, 119, 119, 1, 5.06%, 0, 0, 2, 52.94
1747817691, 0, 0, 120, 120, 1, 5.06%, 0, 0, 2, 53.27
1747817706, 0, 0, 121, 121, 1, 5.06%, 0, 0, 2, 53.02
1747817711, 0, 0, 125, 125, 1, 5.06%, 0, 0, 2, 50.60
1747817721, 0, 0, 126, 126, 1, 5.06%, 0, 0, 2, 54.07
1747817726, 0, 0, 128, 128, 1, 5.06%, 0, 0, 2, 52.77
1747817736, 0, 0, 129, 129, 1, 5.06%, 0, 0, 2, 53.29
1747817746, 0, 0, 130, 130, 1, 5.06%, 0, 0, 2, 54.01
1747817756, 0, 0, 131, 131, 1, 5.06%, 0, 0, 2, 54.43
1747817761, 0, 1, 142, 141, 7, 5.06%, 0, 0, 2, 40.36
1747817766, 0, 1, 155, 154, 7, 5.06%, 0, 0, 2, 36.07
1747817772, 0, 1, 163, 162, 7, 5.08%, 0, 0, 2, 36.15
1747817777, 0, 1, 175, 174, 7, 5.08%, 0, 0, 2, 35.26
1747817782, 0, 1, 182, 181, 7, 5.08%, 0, 0, 2, 35.69
1747817787, 0, 1, 189, 188, 7, 5.08%, 0, 0, 2, 36.59
1747817792, 0, 1, 198, 197, 7, 5.08%, 0, 0, 2, 36.07
1747817797, 0, 1, 206, 205, 7, 5.08%, 0, 0, 2, 34.65
1747817802, 0, 1, 214, 213, 7, 5.08%, 0, 0, 2, 36.27
1747817807, 0, 1, 218, 217, 7, 5.08%, 0, 0, 2, 36.97
1747817812, 0, 1, 221, 220, 7, 5.08%, 0, 0, 2, 37.32
1747817817, 0, 1, 228, 227, 7, 5.08%, 0, 0, 2, 37.00
1747817822, 0, 1, 232, 231, 7, 5.08%, 0, 0, 2, 37.62
1747817827, 0, 1, 236, 235, 7, 5.08%, 0, 0, 2, 37.22
1747817833, 0, 1, 242, 241, 7, 5.08%, 0, 0, 2, 37.15
1747817838, 0, 1, 245, 244, 7, 5.08%, 0, 0, 2, 38.15
1747817843, 0, 1, 248, 247, 7, 5.08%, 0, 0, 2, 37.95
1747817848, 0, 1, 250, 249, 7, 5.08%, 0, 0, 2, 38.38
1747817853, 0, 1, 254, 253, 7, 5.08%, 0, 0, 2, 38.21
1747817858, 0, 1, 257, 256, 7, 5.08%, 0, 0, 2, 37.64
1747817863, 0, 1, 259, 258, 7, 5.08%, 0, 0, 2, 37.92
1747817868, 0, 1, 260, 259, 7, 5.08%, 0, 0, 2, 38.26
1747817873, 0, 1, 263, 262, 7, 5.08%, 0, 0, 2, 37.75
1747817878, 0, 1, 265, 264, 7, 5.08%, 0, 0, 2, 37.75
1747817883, 0, 1, 268, 267, 7, 5.08%, 0, 0, 2, 37.02
1747817888, 0, 1, 271, 270, 7, 5.08%, 0, 0, 2, 37.29
1747817893, 0, 1, 272, 271, 7, 5.08%, 0, 0, 2, 38.16
1747817899, 0, 1, 275, 274, 7, 5.08%, 0, 0, 2, 37.15
1747817904, 0, 2, 286, 285, 10, 5.11%, 0, 0, 2, 27.99
1747817909, 0, 2, 297, 296, 10, 5.12%, 0, 0, 2, 24.48
1747817914, 0, 2, 308, 307, 10, 5.12%, 0, 0, 2, 23.90
1747817919, 0, 2, 318, 317, 10, 5.12%, 0, 0, 2, 23.33
1747817924, 0, 2, 327, 326, 10, 5.12%, 0, 0, 2, 23.32
1747817929, 0, 2, 333, 332, 10, 5.12%, 0, 0, 2, 24.14
1747817934, 0, 2, 341, 340, 10, 5.12%, 0, 0, 2, 23.44
1747817939, 0, 2, 345, 344, 10, 5.12%, 0, 0, 2, 23.84
1747817945, 0, 2, 349, 348, 10, 5.12%, 0, 0, 2, 23.79
1747817950, 0, 2, 356, 355, 10, 5.12%, 0, 0, 2, 23.27
1747817955, 0, 2, 363, 362, 10, 5.12%, 0, 0, 2, 23.71
1747817960, 0, 2, 367, 366, 10, 5.12%, 0, 0, 2, 23.85
1747817965, 0, 2, 372, 371, 10, 5.12%, 0, 0, 2, 23.77
1747817970, 0, 2, 375, 374, 10, 5.12%, 0, 0, 2, 24.00
1747817975, 0, 2, 377, 376, 10, 5.12%, 0, 0, 2, 24.18
1747817980, 0, 2, 380, 379, 10, 5.12%, 0, 0, 2, 23.80
1747817990, 0, 2, 381, 380, 10, 5.12%, 0, 0, 2, 24.59
1747817996, 0, 2, 383, 382, 10, 5.13%, 0, 0, 2, 24.30
1747818001, 0, 2, 384, 383, 10, 5.13%, 0, 0, 2, 24.11
1747818006, 0, 2, 387, 386, 10, 5.13%, 0, 0, 2, 24.32
1747818011, 0, 2, 391, 390, 10, 5.13%, 0, 0, 2, 24.19
1747818016, 0, 2, 395, 394, 10, 5.14%, 0, 0, 2, 24.40
1747818021, 0, 2, 405, 404, 10, 5.14%, 0, 0, 2, 24.74
1747818026, 0, 2, 410, 409, 10, 5.17%, 0, 0, 2, 24.53
1747818031, 0, 2, 414, 413, 10, 5.17%, 0, 0, 2, 24.13
1747818057, 0, 2, 416, 415, 10, 5.17%, 0, 0, 2, 24.19
1747818062, 0, 2, 417, 416, 10, 5.17%, 0, 0, 2, 23.99
1747818097, 0, 2, 418, 417, 10, 5.17%, 0, 0, 2, 24.04
1747818103, 0, 2, 419, 418, 10, 5.17%, 0, 0, 2, 23.98
1747818108, 0, 2, 420, 419, 10, 5.17%, 0, 0, 2, 23.78
1747818113, 0, 2, 421, 420, 10, 5.17%, 0, 0, 2, 23.50
1747818123, 0, 3, 426, 425, 8, 5.17%, 0, 0, 2, 28.43
1747818128, 0, 3, 431, 430, 8, 5.17%, 0, 0, 2, 29.88
1747818133, 0, 3, 433, 432, 8, 5.17%, 0, 0, 2, 31.04
1747818138, 0, 3, 435, 434, 8, 5.17%, 0, 0, 2, 31.55
1747818143, 0, 3, 437, 436, 8, 5.17%, 0, 0, 2, 31.50
1747818148, 0, 3, 438, 437, 8, 5.17%, 0, 0, 2, 31.62
1747818153, 0, 3, 440, 439, 8, 5.17%, 0, 0, 2, 30.94
1747818158, 0, 3, 441, 440, 8, 5.17%, 0, 0, 2, 31.37
1747818173, 0, 3, 442, 441, 8, 5.17%, 0, 0, 2, 31.74
1747818184, 0, 3, 443, 442, 8, 5.17%, 0, 0, 2, 31.95
1747818209, 0, 3, 444, 443, 8, 5.17%, 0, 0, 2, 31.54
1747818250, 0, 3, 445, 444, 8, 5.17%, 0, 0, 2, 31.31
1747818255, 0, 5, 445, 444, 8, 5.17%, 0, 0, 2, 31.51
1747818260, 0, 6, 445, 444, 8, 5.17%, 0, 0, 2, 30.85
1747818265, 0, 8, 445, 444, 8, 5.17%, 0, 0, 2, 30.40
1747818270, 0, 10, 446, 445, 8, 5.18%, 0, 0, 2, 31.06
1747818275, 0, 10, 447, 446, 8, 5.18%, 0, 0, 2, 31.27
1747818285, 0, 11, 447, 446, 9, 5.18%, 0, 0, 2, 30.86
1747818290, 0, 12, 451, 450, 9, 5.18%, 0, 0, 2, 26.34
1747818296, 0, 12, 458, 457, 9, 5.18%, 0, 0, 2, 22.75
1747818301, 0, 12, 461, 460, 9, 5.18%, 0, 0, 2, 21.85
1747818306, 0, 12, 463, 462, 9, 5.18%, 0, 0, 2, 21.95
1747818311, 0, 12, 467, 466, 9, 5.18%, 0, 0, 2, 21.36
1747818316, 0, 12, 468, 467, 9, 5.18%, 0, 0, 2, 22.02
1747818321, 0, 12, 470, 469, 9, 5.18%, 0, 0, 2, 22.15
1747818326, 0, 12, 472, 471, 9, 5.18%, 0, 0, 2, 21.74
1747818337, 0, 12, 473, 472, 9, 5.18%, 0, 0, 2, 22.10
1747818342, 0, 12, 476, 475, 9, 5.18%, 0, 0, 2, 21.70
1747818357, 0, 12, 477, 476, 9, 5.18%, 0, 0, 2, 21.98
1747818362, 0, 12, 479, 478, 9, 5.18%, 0, 0, 2, 21.66
1747818373, 0, 12, 481, 480, 9, 5.18%, 0, 0, 2, 21.57
1747818378, 0, 12, 482, 481, 9, 5.18%, 0, 0, 2, 21.97
1747818383, 0, 12, 484, 483, 9, 5.18%, 0, 0, 2, 21.74
1747818393, 0, 12, 487, 486, 9, 5.18%, 0, 0, 2, 21.80
1747818404, 0, 12, 488, 487, 9, 5.18%, 0, 0, 2, 22.01
1747818409, 0, 12, 490, 489, 9, 5.18%, 0, 0, 2, 21.61
1747818414, 0, 12, 491, 490, 9, 5.18%, 0, 0, 2, 21.71
1747818419, 0, 12, 494, 493, 9, 5.18%, 0, 0, 2, 21.48
1747818429, 0, 12, 495, 494, 9, 5.18%, 0, 0, 2, 21.74
1747818440, 0, 12, 496, 495, 9, 5.18%, 0, 0, 2, 22.15
1747818445, 0, 12, 497, 496, 9, 5.18%, 0, 0, 2, 21.88
1747818460, 0, 12, 498, 497, 9, 5.18%, 0, 0, 2, 22.43
1747818476, 0, 12, 500, 499, 9, 5.18%, 0, 0, 2, 21.80
1747818492, 0, 12, 501, 500, 9, 5.18%, 0, 0, 2, 21.92
1747818497, 0, 13, 504, 503, 9, 5.18%, 0, 0, 2, 20.75
1747818502, 0, 13, 505, 504, 9, 5.18%, 0, 0, 2, 20.81
1747818507, 0, 13, 508, 507, 9, 5.18%, 0, 0, 2, 20.93
1747818512, 0, 13, 509, 508, 9, 5.18%, 0, 0, 2, 20.67
1747818517, 0, 13, 512, 511, 9, 5.18%, 0, 0, 2, 20.37
1747818522, 0, 13, 513, 512, 9, 5.18%, 0, 0, 2, 28.35
1747818527, 0, 13, 515, 514, 9, 5.18%, 0, 0, 2, 33.13
1747818532, 0, 13, 516, 515, 9, 5.18%, 0, 0, 2, 34.61
1747818537, 0, 13, 517, 516, 9, 5.18%, 0, 0, 2, 34.75
1747818543, 0, 13, 518, 517, 9, 5.18%, 0, 0, 2, 34.83
1747818553, 0, 13, 519, 518, 9, 5.18%, 0, 0, 2, 35.03
1747818558, 0, 13, 520, 519, 9, 5.18%, 0, 0, 2, 35.28
1747818563, 0, 13, 521, 520, 9, 5.18%, 0, 0, 2, 34.84
1747818573, 0, 13, 523, 522, 9, 5.18%, 0, 0, 2, 34.33
1747818589, 0, 13, 524, 523, 9, 5.18%, 0, 0, 2, 35.17
1747818594, 0, 13, 525, 524, 9, 5.18%, 0, 0, 2, 35.10
1747818615, 0, 13, 526, 525, 9, 5.18%, 0, 0, 2, 34.98
1747818620, 0, 13, 528, 527, 9, 5.18%, 0, 0, 2, 34.77
1747818630, 0, 17, 529, 528, 9, 5.21%, 0, 0, 2, 54.43
1747818635, 0, 17, 532, 531, 9, 5.21%, 0, 0, 2, 51.43
1747818640, 0, 17, 534, 533, 9, 5.21%, 0, 0, 2, 50.70
1747818645, 0, 17, 538, 537, 9, 5.21%, 0, 0, 2, 50.71
1747818655, 0, 17, 541, 540, 9, 5.21%, 0, 0, 2, 50.79
1747818666, 0, 17, 542, 541, 9, 5.22%, 0, 0, 2, 50.62
1747818671, 0, 17, 543, 542, 9, 5.22%, 0, 0, 2, 50.41
1747818686, 0, 17, 544, 543, 9, 5.22%, 0, 0, 2, 51.02
1747818701, 0, 17, 545, 544, 9, 5.22%, 0, 0, 2, 50.46
1747818711, 0, 17, 546, 545, 9, 5.23%, 0, 0, 2, 48.04
1747818716, 0, 19, 548, 547, 13, 5.23%, 0, 0, 2, 49.20
1747818721, 0, 19, 549, 548, 13, 5.23%, 0, 0, 2, 48.83
1747818732, 0, 19, 550, 549, 13, 5.23%, 0, 0, 2, 48.89
1747818742, 0, 19, 551, 550, 13, 5.23%, 0, 0, 2, 48.79
1747818758, 0, 19, 552, 551, 13, 5.23%, 0, 0, 2, 48.91
1747818763, 0, 19, 553, 552, 13, 5.23%, 0, 0, 2, 48.73
1747818768, 0, 19, 554, 553, 13, 5.23%, 0, 0, 2, 48.48
1747818799, 0, 19, 555, 554, 13, 5.23%, 0, 0, 2, 48.34
1747818804, 0, 20, 561, 560, 13, 5.23%, 0, 0, 2, 47.87
1747818809, 0, 20, 562, 561, 13, 5.23%, 0, 0, 2, 47.94
1747818814, 0, 20, 563, 562, 13, 5.23%, 0, 0, 2, 47.86
1747818850, 0, 20, 564, 563, 13, 5.23%, 0, 0, 2, 47.74
1747818870, 0, 20, 565, 564, 13, 5.23%, 0, 0, 2, 47.59
1747818890, 0, 21, 566, 565, 14, 5.23%, 0, 0, 2, 46.21
1747818895, 0, 21, 567, 566, 14, 5.23%, 0, 0, 2, 45.58
1747818901, 0, 23, 567, 566, 14, 5.23%, 0, 0, 2, 44.33
1747818906, 0, 24, 568, 567, 14, 5.23%, 0, 0, 2, 45.66
1747818911, 0, 25, 569, 568, 14, 5.23%, 0, 0, 2, 44.54
1747818916, 0, 25, 570, 569, 14, 5.23%, 0, 0, 2, 43.60
1747818921, 0, 26, 571, 570, 14, 5.23%, 0, 0, 2, 43.35
1747818926, 0, 26, 575, 574, 14, 5.25%, 0, 0, 2, 42.53
1747818931, 0, 26, 578, 577, 14, 5.25%, 0, 0, 2, 42.50
1747818962, 0, 26, 580, 579, 14, 5.25%, 0, 0, 2, 42.89
1747818972, 0, 26, 581, 580, 14, 5.25%, 0, 0, 2, 42.76
1747818977, 0, 26, 582, 581, 14, 5.25%, 0, 0, 2, 42.43
1747818982, 0, 26, 583, 582, 14, 5.25%, 0, 0, 2, 42.68
1747818992, 0, 26, 585, 584, 14, 5.25%, 0, 0, 2, 42.82
1747819022, 0, 27, 588, 587, 15, 5.25%, 0, 0, 2, 40.93
1747819028, 0, 27, 591, 590, 15, 5.25%, 0, 0, 2, 40.63
1747819043, 0, 27, 593, 592, 15, 5.25%, 0, 0, 2, 40.47
1747819048, 0, 27, 594, 593, 15, 5.72%, 0, 0, 2, 40.46
1747819054, 0, 27, 596, 595, 15, 5.72%, 0, 0, 2, 40.35
1747819069, 0, 27, 597, 596, 15, 5.72%, 0, 0, 2, 40.65
1747819090, 0, 27, 598, 597, 15, 5.72%, 0, 0, 2, 40.56
1747819105, 0, 27, 600, 599, 15, 5.72%, 0, 0, 2, 40.26
1747819110, 0, 27, 601, 600, 15, 5.72%, 0, 0, 2, 40.24
1747819126, 0, 28, 605, 604, 16, 5.74%, 0, 0, 2, 39.33
1747819131, 0, 28, 607, 606, 16, 5.74%, 0, 0, 2, 38.24
1747819136, 0, 28, 609, 608, 16, 5.74%, 0, 0, 2, 38.15
1747819141, 0, 28, 611, 610, 16, 5.76%, 0, 0, 2, 37.52
1747819146, 0, 28, 613, 612, 16, 5.76%, 0, 0, 2, 37.74
1747819151, 0, 28, 616, 615, 16, 5.76%, 0, 0, 2, 38.08
1747819156, 0, 28, 619, 618, 16, 5.76%, 0, 0, 2, 38.41
1747819166, 0, 28, 620, 619, 16, 5.76%, 0, 0, 2, 38.43
1747819171, 0, 28, 621, 620, 16, 5.76%, 0, 0, 2, 38.52
1747819177, 0, 28, 622, 621, 16, 5.76%, 0, 0, 2, 38.77
1747819202, 0, 28, 623, 622, 16, 5.76%, 0, 0, 2, 38.61
1747819233, 0, 28, 624, 623, 16, 5.76%, 0, 0, 2, 38.13
1747819238, 0, 30, 625, 624, 16, 5.76%, 0, 0, 2, 37.13
1747819243, 0, 31, 625, 624, 16, 5.76%, 0, 0, 2, 40.95
1747819248, 0, 32, 630, 629, 14, 5.76%, 0, 0, 2, 40.92
1747819253, 0, 32, 637, 636, 14, 5.85%, 0, 0, 2, 37.10
1747819259, 0, 32, 642, 641, 14, 5.86%, 0, 0, 2, 35.70
1747819264, 0, 32, 647, 646, 14, 5.88%, 0, 0, 2, 35.69
1747819269, 0, 32, 649, 648, 14, 5.89%, 0, 0, 2, 35.73
1747819274, 0, 32, 651, 650, 14, 5.89%, 0, 0, 2, 35.93
1747819279, 0, 32, 652, 651, 14, 5.89%, 0, 0, 2, 35.99
1747819284, 0, 32, 653, 652, 14, 5.89%, 0, 0, 2, 36.12
1747819289, 0, 32, 655, 654, 14, 5.90%, 0, 0, 2, 35.37
1747819294, 0, 32, 657, 656, 14, 5.90%, 0, 0, 2, 35.25
1747819299, 0, 32, 659, 658, 14, 5.90%, 0, 0, 2, 35.28
1747819304, 0, 32, 661, 660, 14, 5.90%, 0, 0, 2, 27.62
1747819310, 0, 32, 662, 661, 14, 5.90%, 0, 0, 2, 22.89
1747819320, 0, 32, 664, 663, 14, 5.90%, 0, 0, 2, 21.77
1747819325, 0, 32, 665, 664, 14, 5.90%, 0, 0, 2, 21.76
1747819345, 0, 32, 666, 665, 14, 5.90%, 0, 0, 2, 21.49
1747819360, 0, 32, 667, 666, 14, 5.90%, 0, 0, 2, 21.60
1747819391, 0, 32, 668, 667, 14, 5.90%, 0, 0, 2, 21.54
1747819396, 0, 32, 669, 668, 14, 5.90%, 0, 0, 2, 21.34
1747819406, 0, 32, 670, 669, 14, 5.90%, 0, 0, 2, 21.34
1747819421, 0, 33, 670, 669, 16, 5.90%, 0, 0, 2, 21.78
1747819426, 0, 34, 670, 669, 16, 5.90%, 0, 0, 2, 24.76
1747819431, 0, 35, 670, 669, 16, 5.90%, 0, 0, 2, 23.47
1747819437, 0, 36, 670, 669, 16, 5.90%, 0, 0, 2, 21.98
1747819442, 0, 36, 671, 670, 16, 5.90%, 0, 0, 2, 21.16
1747819447, 0, 37, 672, 671, 16, 5.90%, 0, 0, 2, 20.83
1747819452, 0, 37, 677, 676, 16, 5.90%, 0, 0, 2, 19.00
1747819457, 0, 37, 684, 683, 16, 5.90%, 0, 0, 2, 18.23
1747819462, 0, 37, 688, 687, 16, 5.90%, 0, 0, 2, 18.53
1747819467, 0, 37, 693, 692, 16, 5.90%, 0, 0, 2, 18.08
1747819473, 0, 37, 695, 694, 16, 5.90%, 0, 0, 2, 18.32
1747819478, 0, 37, 697, 696, 16, 5.90%, 0, 0, 2, 18.50
1747819483, 0, 37, 698, 697, 16, 5.90%, 0, 0, 2, 18.59
1747819488, 0, 37, 700, 699, 16, 5.90%, 0, 0, 2, 18.54
1747819493, 0, 37, 701, 700, 16, 5.90%, 0, 0, 2, 18.71
1747819498, 0, 37, 702, 701, 16, 5.90%, 0, 0, 2, 18.44
1747819503, 0, 37, 704, 703, 16, 5.90%, 0, 0, 2, 18.26
1747819514, 0, 37, 705, 704, 16, 5.90%, 0, 0, 2, 18.60
1747819519, 0, 37, 706, 705, 16, 5.90%, 0, 0, 2, 18.30
1747819524, 0, 37, 707, 706, 16, 5.90%, 0, 0, 2, 18.42
1747819534, 0, 37, 709, 708, 16, 5.90%, 0, 0, 2, 18.38
1747819539, 0, 37, 710, 709, 16, 5.90%, 0, 0, 2, 18.48
1747819560, 0, 37, 711, 710, 16, 5.90%, 0, 0, 2, 18.70
1747819565, 0, 37, 713, 712, 16, 5.90%, 0, 0, 2, 18.63
1747819611, 0, 37, 714, 713, 16, 5.90%, 0, 0, 2, 18.79
1747819626, 0, 37, 715, 714, 16, 5.90%, 0, 0, 2, 18.56
1747819631, 0, 37, 716, 715, 16, 5.90%, 0, 0, 2, 18.63
1747819636, 0, 37, 717, 716, 16, 5.90%, 0, 0, 2, 18.42
1747819642, 0, 37, 718, 717, 16, 5.90%, 0, 0, 2, 18.35
1747819657, 0, 37, 719, 718, 16, 5.90%, 0, 0, 2, 18.65
1747819667, 0, 37, 720, 719, 16, 5.90%, 0, 0, 2, 18.68
1747819678, 0, 37, 721, 720, 16, 5.90%, 0, 0, 2, 18.49
1747819693, 0, 38, 723, 722, 16, 5.90%, 0, 0, 2, 24.31
1747819698, 0, 38, 724, 723, 16, 5.90%, 0, 0, 2, 26.11
1747819709, 0, 38, 725, 724, 16, 5.90%, 0, 0, 2, 26.41
1747819714, 0, 38, 726, 725, 16, 5.90%, 0, 0, 2, 26.30
1747819848, 0, 39, 728, 727, 16, 5.91%, 0, 0, 2, 23.29
1747819853, 0, 39, 731, 730, 16, 5.99%, 0, 0, 2, 21.71
1747819858, 0, 39, 733, 732, 16, 5.99%, 0, 0, 2, 21.14
1747819868, 0, 39, 734, 733, 16, 5.99%, 0, 0, 2, 21.16
1747819873, 0, 39, 735, 734, 16, 5.99%, 0, 0, 2, 21.03
1747819879, 0, 39, 736, 735, 16, 5.99%, 0, 0, 2, 21.16
1747819884, 0, 39, 737, 736, 16, 5.99%, 0, 0, 2, 20.78
1747819889, 0, 39, 740, 739, 16, 5.99%, 0, 0, 2, 20.98
1747819894, 0, 39, 742, 741, 16, 5.99%, 0, 0, 2, 21.07
1747819931, 0, 39, 743, 742, 16, 5.99%, 0, 0, 2, 21.12
1747819941, 0, 39, 744, 743, 16, 5.99%, 0, 0, 2, 21.05
1747819946, 0, 39, 745, 744, 16, 5.99%, 0, 0, 2, 21.12
1747819972, 0, 39, 746, 745, 16, 5.99%, 0, 0, 2, 21.22
1747819977, 0, 39, 747, 746, 16, 5.99%, 0, 0, 2, 21.07
1747819988, 0, 39, 749, 748, 16, 5.99%, 0, 0, 2, 21.20
1747819993, 0, 39, 750, 749, 16, 5.99%, 0, 0, 2, 21.07
1747820019, 0, 39, 751, 750, 16, 6.00%, 0, 0, 2, 21.18
1747820044, 0, 39, 752, 751, 16, 6.00%, 0, 0, 2, 20.95
1747820050, 0, 40, 752, 751, 15, 6.00%, 0, 0, 2, 20.94
1747820060, 0, 41, 752, 751, 15, 6.00%, 0, 0, 2, 40.10
1747820180, 0, 42, 753, 751, 14, 6.00%, 0, 0, 3, 31.64
1747820191, 0, 42, 755, 753, 14, 6.00%, 0, 0, 3, 21.46
1747820196, 0, 42, 756, 754, 14, 6.00%, 0, 0, 3, 21.14
1747820222, 0, 42, 757, 755, 14, 6.00%, 0, 0, 3, 20.91
1747820304, 0, 42, 758, 756, 14, 6.00%, 0, 0, 3, 20.77
1747820360, 0, 42, 759, 757, 14, 6.00%, 0, 0, 3, 20.66
1747820381, 0, 43, 763, 761, 14, 6.02%, 0, 0, 3, 18.13
1747820386, 0, 43, 767, 765, 14, 6.02%, 0, 0, 3, 17.26
1747820391, 0, 43, 768, 766, 14, 6.03%, 0, 0, 3, 17.09
1747820396, 0, 43, 771, 769, 14, 6.03%, 0, 0, 3, 16.86
1747820402, 0, 43, 774, 772, 14, 6.03%, 0, 0, 3, 16.83
1747820407, 0, 43, 775, 773, 14, 6.03%, 0, 0, 3, 17.04
1747820412, 0, 43, 776, 774, 14, 6.03%, 0, 0, 3, 16.81
1747820417, 0, 43, 778, 776, 14, 6.03%, 0, 0, 3, 16.89
1747820422, 0, 43, 780, 778, 14, 6.03%, 0, 0, 3, 17.12
1747820438, 0, 43, 781, 779, 14, 6.05%, 0, 0, 3, 17.07
1747820448, 0, 43, 784, 782, 14, 6.05%, 0, 0, 3, 16.81
1747820453, 0, 43, 786, 784, 14, 6.05%, 0, 0, 3, 17.08
1747820463, 0, 43, 788, 786, 14, 6.05%, 0, 0, 3, 16.76
1747820484, 0, 43, 789, 787, 14, 6.05%, 0, 0, 3, 17.05
1747820494, 0, 43, 791, 789, 14, 6.05%, 0, 0, 3, 16.86
1747820499, 0, 43, 792, 790, 14, 6.05%, 0, 0, 3, 16.99
1747820525, 0, 43, 793, 791, 14, 6.05%, 0, 0, 3, 17.12
1747820540, 0, 43, 794, 792, 14, 6.05%, 0, 0, 3, 16.94
1747820556, 0, 43, 795, 793, 14, 6.05%, 0, 0, 3, 17.12
1747820561, 0, 43, 798, 796, 14, 6.05%, 0, 0, 3, 16.70
1747820582, 0, 43, 799, 797, 14, 6.05%, 0, 0, 3, 16.66
1747820638, 0, 46, 799, 797, 16, 6.05%, 0, 0, 3, 18.79
1747820643, 0, 48, 800, 798, 16, 6.05%, 0, 0, 3, 19.09
1747820648, 0, 48, 801, 799, 16, 6.05%, 0, 0, 3, 17.26
1747820653, 0, 48, 804, 802, 16, 6.05%, 0, 0, 3, 16.47
1747820659, 0, 48, 805, 803, 16, 6.05%, 0, 0, 3, 16.67
1747820664, 0, 48, 807, 805, 16, 6.05%, 0, 0, 3, 16.51
1747820669, 0, 48, 808, 806, 16, 6.05%, 0, 0, 3, 16.45
1747820674, 0, 48, 811, 809, 16, 6.05%, 0, 0, 3, 16.49
1747820679, 0, 48, 812, 810, 16, 6.05%, 0, 0, 3, 16.55
1747820720, 0, 48, 814, 812, 16, 6.05%, 0, 0, 3, 16.36
1747820730, 0, 48, 815, 813, 16, 6.05%, 0, 0, 3, 16.24
1747820735, 0, 48, 816, 814, 16, 6.05%, 0, 0, 3, 16.36
1747820740, 0, 48, 817, 815, 16, 6.05%, 0, 0, 3, 16.34
1747820771, 0, 48, 818, 816, 16, 6.05%, 0, 0, 3, 16.51
1747820776, 0, 48, 819, 817, 16, 6.05%, 0, 0, 3, 16.59
1747820801, 0, 48, 820, 818, 16, 6.05%, 0, 0, 3, 16.35
1747820806, 0, 48, 821, 819, 16, 6.05%, 0, 0, 3, 16.31
1747820816, 0, 48, 822, 820, 16, 6.05%, 0, 0, 3, 16.51
1747820822, 0, 48, 823, 821, 16, 6.05%, 0, 0, 3, 16.37
1747820872, 0, 48, 824, 822, 16, 6.05%, 0, 0, 3, 16.65
1747820902, 0, 49, 824, 822, 16, 6.05%, 0, 0, 3, 16.75
1747820907, 0, 49, 825, 823, 16, 6.05%, 0, 0, 3, 17.33
1747820917, 0, 50, 826, 824, 16, 6.05%, 0, 0, 3, 17.22
1747820922, 0, 50, 827, 825, 16, 6.05%, 0, 0, 3, 16.30
1747820928, 0, 50, 828, 826, 16, 6.05%, 0, 0, 3, 15.95
1747820933, 0, 50, 829, 827, 16, 6.05%, 0, 0, 3, 15.81
1747820938, 0, 50, 830, 828, 16, 6.05%, 0, 0, 3, 15.91
1747820974, 0, 50, 831, 829, 16, 6.05%, 0, 0, 3, 15.85
1747820979, 0, 50, 832, 830, 16, 6.05%, 0, 0, 3, 15.84
1747821004, 0, 50, 833, 831, 16, 6.05%, 0, 0, 3, 15.95
1747821071, 0, 50, 834, 832, 16, 6.05%, 0, 0, 3, 15.62
1747821087, 0, 50, 835, 833, 16, 6.05%, 0, 0, 3, 15.91
1747821123, 0, 50, 836, 834, 16, 6.05%, 0, 0, 3, 15.83
1747821138, 0, 50, 837, 835, 16, 6.05%, 0, 0, 3, 15.93
1747821169, 0, 50, 838, 836, 16, 6.05%, 0, 0, 3, 15.94
1747821184, 0, 51, 838, 836, 16, 6.05%, 0, 0, 3, 18.99
1747821190, 0, 52, 839, 837, 16, 6.06%, 0, 0, 3, 19.95
1747821200, 0, 53, 839, 837, 17, 6.06%, 0, 0, 3, 20.15
1747821210, 0, 54, 839, 837, 17, 6.06%, 0, 0, 3, 17.03
1747821215, 0, 54, 840, 838, 17, 6.07%, 0, 0, 3, 15.66
1747821225, 0, 55, 840, 838, 17, 6.07%, 0, 0, 3, 18.03
1747821230, 0, 57, 840, 838, 17, 6.07%, 0, 0, 3, 19.50
1747821241, 0, 60, 840, 838, 17, 6.07%, 0, 0, 3, 19.48
1747821246, 0, 61, 840, 838, 17, 6.07%, 0, 0, 3, 19.08
1747821251, 0, 62, 840, 838, 17, 6.07%, 0, 0, 3, 19.05
1747821256, 0, 63, 841, 839, 17, 6.07%, 0, 0, 3, 18.80
1747821261, 0, 63, 844, 842, 17, 6.07%, 0, 0, 3, 14.80
1747821266, 0, 63, 845, 843, 17, 6.07%, 0, 0, 3, 14.02
1747821271, 0, 63, 847, 845, 17, 6.07%, 0, 0, 3, 13.70
1747821281, 0, 63, 850, 848, 17, 6.07%, 0, 0, 3, 13.63
1747821286, 0, 63, 852, 850, 17, 6.07%, 0, 0, 3, 13.47
1747821291, 0, 63, 853, 851, 17, 6.07%, 0, 0, 3, 13.63
1747821296, 0, 63, 855, 853, 17, 6.07%, 0, 0, 3, 13.58
1747821301, 0, 63, 857, 855, 17, 6.07%, 0, 0, 3, 13.69
1747821306, 0, 63, 859, 857, 17, 6.07%, 0, 0, 3, 13.61
1747821311, 0, 63, 862, 860, 17, 6.07%, 0, 0, 3, 13.48
1747821322, 0, 63, 863, 861, 17, 6.07%, 0, 0, 3, 13.73
1747821327, 0, 63, 864, 862, 17, 6.07%, 0, 0, 3, 13.79
1747821347, 0, 63, 865, 863, 17, 6.07%, 0, 0, 3, 13.71
1747821352, 0, 63, 866, 864, 17, 6.07%, 0, 0, 3, 13.79
1747821373, 0, 63, 867, 865, 17, 6.07%, 0, 0, 3, 13.75
1747821378, 0, 63, 868, 866, 17, 6.07%, 0, 0, 3, 13.69
1747821383, 0, 63, 870, 868, 17, 6.07%, 0, 0, 3, 13.63
1747821398, 0, 63, 871, 869, 17, 6.07%, 0, 0, 3, 13.64
1747821505, 0, 63, 872, 870, 17, 6.07%, 0, 0, 3, 13.69
1747821556, 0, 63, 873, 871, 17, 6.07%, 0, 0, 3, 13.73
1747821561, 0, 63, 874, 872, 17, 6.07%, 0, 0, 3, 13.70
1747821576, 0, 65, 874, 872, 17, 6.07%, 0, 0, 3, 17.42
1747821581, 0, 65, 875, 873, 17, 6.07%, 0, 0, 3, 19.45
1747821592, 0, 66, 875, 873, 18, 6.07%, 0, 0, 3, 18.91
1747821597, 0, 67, 876, 874, 18, 6.07%, 0, 0, 3, 18.63
1747821612, 0, 70, 876, 874, 18, 6.07%, 0, 0, 3, 18.17
1747821617, 0, 71, 879, 877, 18, 6.07%, 0, 0, 3, 15.04
1747821623, 0, 71, 882, 880, 18, 6.07%, 0, 0, 3, 12.94
1747821628, 0, 71, 887, 885, 18, 6.07%, 0, 0, 3, 12.27
1747821633, 0, 71, 890, 888, 18, 6.07%, 0, 0, 3, 12.00
1747821638, 0, 71, 893, 891, 18, 6.07%, 0, 0, 3, 12.12
1747821643, 0, 71, 895, 893, 18, 6.07%, 0, 0, 3, 12.05
1747821648, 0, 71, 896, 894, 18, 6.07%, 0, 0, 3, 12.27
1747821653, 0, 71, 897, 895, 18, 6.07%, 0, 0, 3, 12.24
1747821659, 0, 71, 898, 896, 18, 6.07%, 0, 0, 3, 12.24
1747821674, 0, 71, 899, 897, 18, 6.07%, 0, 0, 3, 12.24
1747821684, 0, 71, 901, 899, 18, 6.08%, 0, 0, 3, 12.04
1747821689, 0, 71, 903, 901, 18, 6.08%, 0, 0, 3, 12.18
1747821812, 0, 71, 904, 902, 18, 6.08%, 0, 0, 3, 12.15
1747821858, 0, 71, 905, 903, 18, 6.08%, 0, 0, 3, 12.12
1747821874, 0, 71, 906, 904, 18, 6.08%, 0, 0, 3, 12.22
1747821961, 0, 71, 908, 906, 18, 6.08%, 0, 0, 3, 12.11
1747821971, 0, 72, 909, 907, 19, 6.08%, 0, 0, 3, 11.89
1747821976, 0, 72, 914, 912, 19, 6.08%, 0, 0, 3, 11.18
1747821981, 0, 72, 915, 913, 19, 6.08%, 0, 0, 3, 11.12
1747821987, 0, 72, 916, 914, 19, 6.08%, 0, 0, 3, 11.17
1747821992, 0, 72, 918, 916, 19, 6.08%, 0, 0, 3, 11.09
1747821997, 0, 72, 919, 917, 19, 6.08%, 0, 0, 3, 11.06
1747822007, 0, 72, 920, 918, 19, 6.08%, 0, 0, 3, 11.12
1747822068, 0, 72, 921, 919, 19, 6.08%, 0, 0, 3, 11.13
1747822073, 0, 72, 922, 920, 19, 6.08%, 0, 0, 3, 11.11
1747822084, 0, 72, 923, 921, 19, 6.08%, 0, 0, 3, 11.03
1747822089, 0, 72, 924, 922, 19, 6.08%, 0, 0, 3, 11.14
1747822165, 0, 72, 925, 923, 19, 6.08%, 0, 0, 3, 11.07
1747822191, 0, 72, 926, 924, 19, 6.08%, 0, 0, 3, 11.12
1747822242, 0, 72, 927, 925, 19, 6.08%, 0, 0, 3, 11.07
1747822257, 0, 72, 928, 926, 19, 6.08%, 0, 0, 3, 11.08
1747822262, 0, 72, 929, 927, 19, 6.08%, 0, 0, 3, 11.04
1747822267, 0, 72, 930, 928, 19, 6.08%, 0, 0, 3, 11.16
1747822288, 0, 72, 931, 929, 19, 6.08%, 0, 0, 3, 11.05
1747822293, 0, 72, 932, 930, 19, 6.08%, 0, 0, 3, 10.98
1747822354, 0, 75, 932, 930, 19, 6.08%, 0, 0, 3, 11.50
1747822364, 0, 76, 932, 930, 19, 6.08%, 0, 0, 3, 17.55
1747822369, 0, 76, 934, 932, 19, 6.08%, 0, 0, 3, 19.68
1747822390, 0, 77, 934, 932, 19, 6.08%, 0, 0, 3, 20.19
1747822395, 0, 78, 934, 932, 19, 6.08%, 0, 0, 3, 18.30
1747822400, 0, 78, 935, 933, 19, 6.08%, 0, 0, 3, 13.16
1747822405, 0, 78, 936, 934, 19, 6.08%, 0, 0, 3, 11.52
1747822415, 0, 78, 938, 936, 19, 6.08%, 0, 0, 3, 10.82
1747822436, 0, 78, 939, 937, 19, 6.08%, 0, 0, 3, 10.84
1747822452, 0, 78, 940, 938, 19, 6.08%, 0, 0, 3, 10.93
1747822478, 0, 78, 941, 939, 19, 6.08%, 0, 0, 3, 10.65
1747822733, 0, 78, 942, 940, 19, 6.08%, 0, 0, 3, 10.80
1747822754, 0, 78, 943, 941, 19, 6.08%, 0, 0, 3, 10.81
1747822780, 0, 79, 943, 941, 19, 6.08%, 0, 0, 3, 13.79
1747822790, 0, 80, 943, 941, 19, 6.08%, 0, 0, 3, 15.24
1747822796, 0, 81, 943, 941, 19, 6.08%, 0, 0, 3, 16.16
1747822801, 0, 81, 944, 942, 19, 6.21%, 0, 0, 3, 17.46
1747822806, 0, 81, 946, 944, 19, 6.21%, 0, 0, 3, 17.71
1747822842, 0, 81, 947, 945, 19, 6.21%, 0, 0, 3, 17.95
1747822868, 0, 81, 948, 946, 19, 6.21%, 0, 0, 3, 17.82
1747823027, 0, 82, 948, 946, 20, 6.21%, 0, 0, 3, 17.57
1747823037, 0, 83, 948, 946, 20, 6.21%, 0, 0, 3, 14.81
1747823043, 0, 84, 948, 946, 20, 6.21%, 0, 0, 3, 14.28
1747823053, 0, 85, 949, 947, 20, 6.21%, 0, 0, 3, 15.77
1747823068, 0, 86, 949, 947, 20, 6.21%, 0, 0, 3, 17.01
1747823073, 0, 86, 950, 948, 20, 6.21%, 0, 0, 3, 16.87
1747823084, 0, 87, 952, 950, 20, 6.21%, 0, 0, 3, 13.58
1747823089, 0, 87, 954, 952, 20, 6.21%, 0, 0, 3, 10.46
1747823094, 0, 87, 956, 954, 20, 6.21%, 0, 0, 3, 9.89
1747823099, 0, 87, 958, 956, 20, 6.21%, 0, 0, 3, 9.71
1747823104, 0, 87, 960, 958, 20, 6.21%, 0, 0, 3, 9.66
1747823109, 0, 87, 961, 959, 20, 6.21%, 0, 0, 3, 9.71
1747823114, 0, 87, 962, 960, 20, 6.21%, 0, 0, 3, 9.67
1747823119, 0, 87, 964, 962, 20, 6.21%, 0, 0, 3, 9.56
1747823124, 0, 87, 966, 964, 20, 6.21%, 0, 0, 3, 9.48
1747823150, 0, 87, 968, 966, 20, 6.21%, 0, 0, 3, 9.63
1747823155, 0, 87, 970, 968, 20, 6.21%, 0, 0, 3, 9.68
1747823160, 0, 87, 971, 969, 20, 6.21%, 0, 0, 3, 9.54
1747823201, 0, 87, 973, 971, 20, 6.21%, 0, 0, 3, 9.77
1747823206, 0, 87, 976, 974, 20, 6.21%, 0, 0, 3, 9.53
1747823237, 0, 87, 977, 975, 20, 6.21%, 0, 0, 3, 9.60
1747823288, 0, 87, 978, 976, 20, 6.21%, 0, 0, 3, 9.67
1747823293, 0, 87, 979, 977, 20, 6.21%, 0, 0, 3, 9.66
1747823304, 0, 87, 981, 979, 20, 6.21%, 0, 0, 3, 9.64
1747823350, 0, 87, 982, 980, 20, 6.21%, 0, 0, 3, 9.57
1747823365, 0, 87, 983, 981, 20, 6.21%, 0, 0, 3, 9.59
1747823512, 0, 87, 984, 982, 20, 6.21%, 0, 0, 3, 9.69
1747823532, 0, 88, 984, 982, 20, 6.21%, 0, 0, 3, 12.16
1747823543, 0, 89, 984, 982, 20, 6.21%, 0, 0, 3, 14.41
1747823548, 0, 90, 984, 982, 20, 6.21%, 0, 0, 3, 14.06
1747823553, 0, 90, 985, 983, 20, 6.21%, 0, 0, 3, 16.07
1747823568, 0, 91, 985, 983, 20, 6.21%, 0, 0, 3, 16.34
1747823574, 0, 92, 985, 983, 20, 6.21%, 0, 0, 3, 15.13
1747823584, 0, 93, 986, 984, 20, 6.21%, 0, 0, 3, 14.91
1747823589, 0, 93, 988, 986, 20, 6.28%, 0, 0, 3, 15.66
1747823599, 0, 93, 989, 987, 20, 6.28%, 0, 0, 3, 15.95
1747823619, 0, 93, 990, 988, 20, 6.28%, 0, 0, 3, 15.85
1747823624, 0, 93, 991, 989, 20, 6.29%, 0, 0, 3, 15.82
1747823634, 0, 93, 992, 990, 20, 6.29%, 0, 0, 3, 15.82
1747823650, 0, 93, 993, 991, 20, 6.29%, 0, 0, 3, 15.89
1747823665, 0, 93, 997, 995, 20, 6.37%, 0, 0, 3, 15.82
1747823675, 0, 93, 998, 996, 20, 6.37%, 0, 0, 3, 15.80
1747823680, 0, 93, 999, 997, 20, 6.37%, 0, 0, 3, 15.94
1747823695, 0, 93, 1000, 998, 20, 6.37%, 0, 0, 3, 15.85
1747823715, 0, 93, 1001, 999, 20, 6.37%, 0, 0, 3, 15.91
1747823725, 0, 93, 1002, 1000, 20, 6.37%, 0, 0, 3, 15.87
1747823781, 0, 93, 1004, 1002, 20, 6.37%, 0, 0, 3, 15.89
1747823851, 0, 94, 1004, 1002, 21, 6.37%, 0, 0, 3, 14.48
1747823862, 0, 95, 1005, 1003, 21, 6.37%, 0, 0, 3, 14.81
1747823877, 0, 96, 1005, 1003, 21, 6.37%, 0, 0, 3, 15.56
1747823882, 0, 96, 1006, 1004, 21, 6.37%, 0, 0, 3, 15.50
1747823892, 0, 97, 1006, 1004, 21, 6.37%, 0, 0, 3, 14.75
1747823897, 0, 97, 1007, 1005, 21, 6.37%, 0, 0, 3, 10.36
1747823902, 0, 97, 1009, 1007, 21, 6.37%, 0, 0, 3, 9.20
1747823923, 0, 97, 1010, 1008, 21, 6.37%, 0, 0, 3, 9.22
1747823928, 0, 97, 1011, 1009, 21, 6.37%, 0, 0, 3, 9.18
1747823933, 0, 97, 1012, 1010, 21, 6.37%, 0, 0, 3, 9.15
1747823954, 0, 97, 1013, 1011, 21, 6.37%, 0, 0, 3, 9.15
1747823959, 0, 97, 1014, 1012, 21, 6.37%, 0, 0, 3, 9.15
1747823974, 0, 97, 1015, 1013, 21, 6.37%, 0, 0, 3, 8.90
1747824066, 0, 97, 1016, 1014, 21, 6.37%, 0, 0, 3, 14.81
1747824087, 0, 97, 1017, 1015, 21, 6.37%, 0, 0, 3, 14.99
1747824153, 0, 97, 1019, 1017, 21, 6.37%, 0, 0, 3, 14.97
1747824225, 0, 98, 1019, 1017, 21, 6.37%, 0, 0, 3, 15.74
1747824235, 0, 101, 1019, 1017, 21, 6.37%, 0, 0, 3, 24.13
1747824240, 0, 103, 1021, 1019, 21, 6.37%, 0, 0, 3, 17.10
1747824245, 0, 103, 1022, 1020, 21, 6.37%, 0, 0, 3, 15.22
1747824343, 0, 103, 1023, 1021, 21, 6.37%, 0, 0, 3, 8.81
1747824379, 0, 103, 1024, 1022, 21, 6.37%, 0, 0, 3, 8.93
1747824400, 0, 103, 1026, 1024, 21, 6.42%, 0, 0, 3, 8.52
1747824405, 0, 103, 1029, 1027, 21, 6.42%, 0, 0, 3, 8.34
1747824410, 0, 103, 1032, 1030, 21, 6.42%, 0, 0, 3, 8.20
1747824415, 0, 103, 1034, 1032, 21, 6.42%, 0, 0, 3, 8.32
1747824420, 0, 103, 1037, 1035, 21, 6.42%, 0, 0, 3, 8.21
1747824426, 0, 103, 1039, 1037, 21, 6.42%, 0, 0, 3, 8.41
1747824436, 0, 103, 1040, 1038, 21, 6.42%, 0, 0, 3, 8.56
1747824441, 0, 103, 1041, 1039, 21, 6.42%, 0, 0, 3, 8.51
1747824446, 0, 103, 1042, 1040, 21, 6.42%, 0, 0, 3, 8.41
1747824451, 0, 103, 1043, 1041, 21, 6.42%, 0, 0, 3, 8.42
1747824456, 0, 103, 1045, 1043, 21, 6.42%, 0, 0, 3, 8.46
1747824467, 0, 103, 1046, 1044, 21, 6.42%, 0, 0, 3, 8.53
1747824477, 0, 103, 1047, 1045, 21, 6.42%, 0, 0, 3, 8.59
1747824534, 0, 103, 1048, 1046, 21, 6.42%, 0, 0, 3, 8.56
1747824606, 0, 103, 1049, 1047, 21, 6.42%, 0, 0, 3, 8.46
1747824683, 0, 103, 1050, 1048, 21, 6.42%, 0, 0, 3, 8.48
1747824729, 0, 104, 1050, 1048, 18, 6.42%, 0, 0, 3, 9.52
1747824734, 0, 104, 1053, 1051, 18, 6.42%, 0, 0, 3, 13.82
1747824759, 0, 104, 1054, 1052, 18, 6.42%, 0, 0, 3, 15.55
1747824785, 0, 104, 1055, 1053, 18, 6.42%, 0, 0, 3, 15.50
1747824964, 0, 104, 1056, 1054, 18, 6.42%, 0, 0, 3, 15.61
1747825000, 0, 105, 1056, 1054, 18, 6.42%, 0, 0, 3, 15.24
1747825005, 0, 105, 1058, 1056, 18, 6.42%, 0, 0, 3, 15.03
1747825030, 0, 106, 1058, 1056, 18, 6.42%, 0, 0, 3, 15.10
1747825035, 0, 106, 1059, 1057, 18, 6.42%, 0, 0, 3, 14.80
1747825040, 0, 106, 1060, 1058, 18, 6.42%, 0, 0, 3, 14.80
1747825051, 0, 106, 1061, 1059, 18, 6.42%, 0, 0, 3, 14.90
1747825081, 0, 106, 1062, 1060, 18, 6.42%, 0, 0, 3, 14.86
1747825174, 0, 107, 1062, 1060, 18, 6.42%, 0, 0, 3, 14.57
1747825184, 0, 108, 1062, 1060, 18, 6.42%, 0, 0, 3, 10.09
1747825189, 0, 108, 1063, 1061, 18, 6.42%, 0, 0, 3, 9.04
1747825214, 0, 110, 1063, 1061, 18, 6.42%, 0, 0, 3, 13.41
1747825219, 0, 111, 1064, 1062, 18, 6.42%, 0, 0, 3, 12.22
1747825224, 0, 111, 1066, 1064, 18, 6.42%, 0, 0, 3, 8.86
1747825229, 0, 111, 1067, 1065, 18, 6.43%, 0, 0, 3, 7.99
1747825234, 0, 111, 1068, 1066, 18, 6.43%, 0, 0, 3, 7.79
1747825239, 0, 111, 1069, 1067, 18, 6.43%, 0, 0, 3, 7.70
1747825255, 0, 111, 1071, 1069, 18, 6.43%, 0, 0, 3, 7.56
1747825265, 0, 111, 1072, 1070, 18, 6.43%, 0, 0, 3, 7.83
1747825291, 0, 111, 1073, 1071, 18, 6.43%, 0, 0, 3, 7.68
1747825327, 0, 111, 1074, 1072, 18, 6.43%, 0, 0, 3, 7.68
1747825389, 0, 111, 1075, 1073, 18, 6.43%, 0, 0, 3, 7.44
1747825440, 0, 111, 1076, 1074, 18, 6.43%, 0, 0, 3, 7.59
1747825538, 0, 111, 1077, 1075, 18, 6.43%, 0, 0, 3, 7.60
1747825559, 0, 111, 1078, 1076, 18, 6.43%, 0, 0, 3, 7.44
1747825580, 0, 111, 1079, 1077, 18, 6.43%, 0, 0, 3, 7.72
1747825585, 0, 111, 1080, 1078, 18, 6.43%, 0, 0, 3, 7.52
1747825600, 0, 111, 1082, 1080, 18, 6.43%, 0, 0, 3, 7.34
1747825652, 0, 111, 1083, 1081, 18, 6.43%, 0, 0, 3, 7.67
1747825776, 0, 112, 1083, 1081, 18, 6.43%, 0, 0, 3, 9.47
1747825786, 0, 113, 1085, 1083, 18, 6.44%, 0, 0, 3, 11.22
1747825791, 0, 113, 1087, 1085, 18, 6.44%, 0, 0, 3, 8.48
1747825796, 0, 113, 1088, 1086, 18, 6.44%, 0, 0, 3, 7.58
1747825801, 0, 113, 1089, 1087, 18, 6.44%, 0, 0, 3, 7.13
1747825806, 0, 113, 1091, 1089, 18, 6.45%, 0, 0, 3, 7.03
1747825817, 0, 113, 1092, 1090, 18, 6.45%, 0, 0, 3, 6.98
1747825822, 0, 113, 1093, 1091, 18, 6.47%, 0, 0, 3, 6.94
1747825837, 0, 113, 1094, 1092, 18, 6.47%, 0, 0, 3, 7.06
1747825842, 0, 113, 1096, 1094, 18, 6.47%, 0, 0, 3, 6.92
1747825848, 0, 113, 1097, 1095, 18, 6.47%, 0, 0, 3, 6.86
1747825858, 0, 113, 1098, 1096, 18, 6.47%, 0, 0, 3, 6.92
1747825869, 0, 113, 1099, 1097, 18, 6.47%, 0, 0, 3, 6.90
1747825931, 0, 113, 1100, 1098, 18, 6.47%, 0, 0, 3, 6.94
1747825962, 0, 113, 1101, 1099, 18, 6.66%, 0, 0, 3, 6.77
1747825972, 0, 113, 1102, 1100, 18, 6.66%, 0, 0, 3, 6.95
1747825977, 0, 113, 1103, 1101, 18, 6.66%, 0, 0, 3, 6.87
1747826121, 0, 113, 1104, 1102, 18, 6.67%, 0, 0, 3, 6.79
1747826378, 0, 113, 1105, 1103, 18, 6.67%, 0, 0, 3, 6.84
1747826393, 0, 113, 1106, 1104, 18, 6.67%, 0, 0, 3, 6.91
1747826398, 0, 114, 1108, 1106, 20, 6.67%, 0, 0, 3, 6.78
1747826403, 0, 114, 1110, 1108, 20, 6.67%, 0, 0, 3, 6.50
1747826408, 0, 114, 1112, 1110, 20, 6.67%, 0, 0, 3, 6.61
1747826414, 0, 114, 1114, 1112, 20, 6.67%, 0, 0, 3, 6.46
1747826419, 0, 114, 1116, 1114, 20, 6.67%, 0, 0, 3, 6.45
1747826424, 0, 114, 1118, 1116, 20, 6.68%, 0, 0, 3, 6.43
1747826429, 0, 114, 1120, 1118, 20, 6.68%, 0, 0, 3, 6.43
1747826434, 0, 114, 1122, 1120, 20, 6.68%, 0, 0, 3, 6.43
1747826439, 0, 114, 1123, 1121, 20, 6.68%, 0, 0, 3, 6.56
1747826444, 0, 114, 1124, 1122, 20, 6.68%, 0, 0, 3, 6.59
1747826455, 0, 114, 1126, 1124, 20, 6.68%, 0, 0, 3, 6.46
1747826460, 0, 114, 1128, 1126, 20, 6.68%, 0, 0, 3, 6.45
1747826470, 0, 114, 1129, 1127, 20, 6.68%, 0, 0, 3, 6.54
1747826475, 0, 114, 1130, 1128, 20, 6.68%, 0, 0, 3, 6.59
1747826506, 0, 114, 1131, 1129, 20, 6.68%, 0, 0, 3, 6.58
1747826537, 0, 114, 1132, 1130, 20, 6.68%, 0, 0, 3, 6.47
1747826542, 0, 114, 1133, 1131, 20, 6.68%, 0, 0, 3, 6.49
1747826547, 0, 114, 1134, 1132, 20, 6.68%, 0, 0, 3, 6.55
1747826573, 0, 114, 1135, 1133, 20, 6.68%, 0, 0, 3, 6.56
1747826578, 0, 114, 1136, 1134, 20, 6.68%, 0, 0, 3, 6.51
1747826594, 0, 114, 1137, 1135, 20, 6.68%, 0, 0, 3, 6.49
1747826778, 0, 114, 1138, 1136, 20, 6.68%, 0, 0, 3, 6.52
1747826953, 0, 114, 1139, 1137, 20, 6.68%, 0, 0, 3, 6.60
1747827061, 0, 116, 1141, 1139, 22, 6.68%, 0, 0, 3, 6.43
1747827082, 0, 116, 1143, 1141, 22, 6.68%, 0, 0, 3, 6.13
1747827097, 0, 116, 1145, 1143, 22, 6.68%, 0, 0, 3, 6.17
1747827123, 0, 116, 1146, 1144, 22, 6.68%, 0, 0, 3, 6.28
1747827139, 0, 116, 1148, 1146, 22, 6.70%, 0, 0, 3, 6.18
1747827144, 0, 116, 1150, 1148, 22, 6.71%, 0, 0, 3, 6.15
1747827154, 0, 116, 1151, 1149, 22, 6.71%, 0, 0, 3, 6.22
1747827196, 0, 116, 1152, 1150, 22, 6.71%, 0, 0, 3, 6.08
1747827206, 0, 116, 1153, 1151, 22, 6.71%, 0, 0, 3, 6.11
1747827242, 0, 116, 1154, 1152, 22, 6.71%, 0, 0, 3, 6.05
1747827253, 0, 116, 1156, 1154, 22, 6.71%, 0, 0, 3, 6.04
1747827315, 0, 116, 1157, 1155, 22, 6.71%, 0, 0, 3, 6.09
1747827330, 0, 116, 1158, 1156, 22, 6.71%, 0, 0, 3, 6.11
1747827335, 0, 116, 1159, 1157, 22, 6.71%, 0, 0, 3, 6.02
1747827346, 0, 116, 1160, 1158, 22, 6.71%, 0, 0, 3, 6.11
1747827392, 0, 116, 1161, 1159, 22, 6.71%, 0, 0, 3, 6.01
1747827398, 0, 116, 1162, 1160, 22, 6.71%, 0, 0, 3, 6.10
1747827403, 0, 116, 1163, 1161, 22, 6.71%, 0, 0, 3, 5.96
1747827527, 0, 116, 1164, 1162, 22, 6.71%, 0, 0, 3, 6.10
1747827579, 0, 116, 1165, 1163, 22, 6.71%, 0, 0, 3, 5.99
1747827646, 0, 116, 1166, 1164, 22, 6.71%, 0, 0, 3, 6.19
1747827760, 0, 117, 1166, 1164, 23, 6.71%, 0, 0, 3, 7.38
1747827775, 0, 118, 1168, 1166, 23, 6.71%, 0, 0, 3, 7.15
1747827780, 0, 118, 1171, 1169, 23, 6.71%, 0, 0, 3, 6.23
1747827786, 0, 118, 1173, 1171, 23, 6.71%, 0, 0, 3, 5.69
1747827791, 0, 118, 1174, 1172, 23, 6.71%, 0, 0, 3, 5.59
1747827796, 0, 118, 1175, 1173, 23, 6.72%, 0, 0, 3, 5.56
1747827801, 0, 118, 1176, 1174, 23, 6.72%, 0, 0, 3, 5.48
1747827811, 0, 118, 1177, 1175, 23, 6.72%, 0, 0, 3, 5.58
1747827816, 0, 118, 1178, 1176, 23, 6.72%, 0, 0, 3, 5.56
1747827821, 0, 118, 1181, 1179, 23, 6.72%, 0, 0, 3, 5.46
1747827826, 0, 118, 1183, 1181, 23, 6.72%, 0, 0, 3, 5.47
1747827831, 0, 118, 1184, 1182, 23, 6.72%, 0, 0, 3, 5.51
1747827847, 0, 118, 1185, 1183, 23, 6.72%, 0, 0, 3, 5.60
1747827852, 0, 118, 1186, 1184, 23, 6.72%, 0, 0, 3, 5.56
1747827857, 0, 118, 1187, 1185, 23, 6.72%, 0, 0, 3, 5.45
1747827873, 0, 118, 1188, 1186, 23, 6.72%, 0, 0, 3, 5.54
1747827883, 0, 118, 1189, 1187, 23, 6.72%, 0, 0, 3, 5.60
1747827888, 0, 118, 1190, 1188, 23, 6.72%, 0, 0, 3, 5.65
1747827893, 0, 118, 1191, 1189, 23, 6.72%, 0, 0, 3, 5.50
1747827898, 0, 118, 1192, 1190, 23, 6.72%, 0, 0, 3, 5.55
1747827908, 0, 118, 1193, 1191, 23, 6.72%, 0, 0, 3, 5.52
1747827914, 0, 118, 1194, 1192, 23, 6.72%, 0, 0, 3, 5.62
1747827919, 0, 118, 1195, 1193, 23, 6.72%, 0, 0, 3, 5.58
1747827987, 0, 118, 1196, 1194, 23, 6.72%, 0, 0, 3, 5.44
1747828039, 0, 118, 1197, 1195, 23, 6.72%, 0, 0, 3, 5.61
1747828346, 0, 118, 1198, 1196, 23, 6.72%, 0, 0, 3, 5.67
1747828501, 0, 118, 1199, 1197, 23, 6.72%, 0, 0, 3, 5.56
1747828553, 0, 119, 1199, 1197, 26, 6.72%, 0, 0, 3, 8.26
1747828564, 0, 120, 1199, 1197, 26, 6.72%, 0, 0, 3, 11.05
1747828579, 0, 121, 1199, 1197, 26, 6.72%, 0, 0, 3, 11.20
1747828584, 0, 121, 1200, 1198, 26, 6.72%, 0, 0, 3, 13.46
1747828594, 0, 121, 1201, 1199, 26, 6.72%, 0, 0, 3, 14.06
1747828615, 0, 123, 1201, 1199, 27, 6.72%, 0, 0, 3, 13.92
1747828625, 0, 124, 1201, 1199, 27, 6.72%, 0, 0, 3, 13.46
1747828635, 0, 125, 1201, 1199, 27, 6.72%, 0, 0, 3, 13.78
1747828641, 0, 125, 1202, 1200, 27, 6.72%, 0, 0, 3, 13.75
1747828656, 0, 126, 1203, 1201, 27, 6.72%, 0, 0, 3, 9.60
1747828661, 0, 126, 1205, 1203, 27, 6.72%, 0, 0, 3, 7.06
1747828708, 0, 126, 1206, 1204, 27, 6.72%, 0, 0, 3, 5.47
1747828734, 0, 126, 1207, 1205, 27, 6.72%, 0, 0, 3, 5.31
1747828739, 0, 126, 1208, 1206, 27, 6.72%, 0, 0, 3, 5.23
1747828750, 0, 126, 1209, 1207, 27, 6.72%, 0, 0, 3, 5.41
1747829349, 0, 126, 1210, 1208, 27, 6.72%, 0, 0, 3, 5.30
1747829422, 0, 127, 1210, 1208, 26, 6.72%, 0, 0, 3, 6.58
1747829432, 0, 128, 1210, 1208, 26, 6.72%, 0, 0, 3, 13.14
1747829437, 0, 128, 1211, 1209, 26, 6.72%, 0, 0, 3, 13.30
1747829453, 0, 129, 1211, 1209, 26, 6.72%, 0, 0, 3, 13.32
1747829463, 0, 130, 1211, 1209, 26, 6.72%, 0, 0, 3, 13.60
1747829473, 0, 131, 1211, 1209, 26, 6.72%, 0, 0, 3, 13.31
1747829483, 0, 132, 1211, 1209, 26, 6.72%, 0, 0, 3, 13.55
1747829493, 0, 133, 1211, 1209, 26, 6.72%, 0, 0, 3, 13.67
1747829498, 0, 134, 1211, 1209, 26, 6.72%, 0, 0, 3, 13.70
1747829508, 0, 135, 1211, 1209, 26, 6.72%, 0, 0, 3, 13.58
1747829519, 0, 136, 1211, 1209, 26, 6.72%, 0, 0, 3, 13.36
1747829529, 0, 137, 1211, 1209, 26, 6.72%, 0, 0, 3, 10.40
1747829545, 0, 137, 1212, 1210, 26, 6.72%, 0, 0, 3, 5.72
1747829571, 0, 137, 1213, 1211, 26, 6.72%, 0, 0, 3, 5.42
1747829628, 0, 138, 1213, 1211, 26, 6.72%, 0, 0, 3, 10.49
1747829638, 0, 139, 1213, 1211, 26, 6.72%, 0, 0, 3, 13.36
1747829648, 0, 141, 1213, 1211, 26, 6.72%, 0, 0, 3, 8.31
1747829668, 0, 142, 1213, 1211, 26, 6.72%, 0, 0, 3, 5.23
1747829695, 0, 143, 1213, 1211, 26, 6.72%, 0, 0, 3, 5.38
1747829720, 0, 144, 1213, 1211, 26, 6.72%, 0, 0, 3, 5.32
1747829741, 0, 145, 1213, 1211, 26, 6.72%, 0, 0, 3, 5.33
1747829746, 0, 145, 1215, 1213, 26, 6.72%, 0, 0, 3, 5.15
1747829777, 0, 145, 1216, 1214, 26, 6.72%, 0, 0, 3, 5.26
1747829803, 0, 145, 1217, 1215, 26, 6.72%, 0, 0, 3, 5.22
1747829819, 0, 145, 1218, 1216, 26, 6.72%, 0, 0, 3, 5.44
1747829845, 0, 145, 1219, 1217, 26, 6.72%, 0, 0, 3, 5.07
1747829886, 0, 145, 1220, 1218, 26, 6.72%, 0, 0, 3, 5.10
1747829897, 0, 145, 1221, 1219, 26, 6.72%, 0, 0, 3, 5.18
1747829912, 0, 145, 1222, 1220, 26, 6.72%, 0, 0, 3, 5.19
1747829938, 0, 145, 1223, 1221, 26, 6.72%, 0, 0, 3, 5.14
1747830048, 0, 145, 1224, 1222, 26, 6.72%, 0, 0, 3, 5.23
1747830156, 0, 145, 1225, 1223, 26, 6.72%, 0, 0, 3, 5.15
1747830374, 0, 145, 1226, 1224, 26, 6.72%, 0, 0, 3, 5.21
1747830535, 0, 145, 1227, 1225, 26, 6.72%, 0, 0, 3, 5.12
1747830545, 0, 146, 1227, 1225, 26, 6.72%, 0, 0, 3, 5.27
1747830566, 0, 147, 1227, 1225, 26, 6.72%, 0, 0, 3, 5.33
1747830581, 0, 147, 1228, 1226, 26, 6.72%, 0, 0, 3, 5.14
1747830597, 0, 147, 1229, 1227, 26, 6.72%, 0, 0, 3, 5.10
1747830627, 0, 147, 1230, 1228, 26, 6.72%, 0, 0, 3, 5.07
1747830653, 0, 147, 1231, 1229, 26, 6.72%, 0, 0, 3, 5.14
1747830720, 0, 147, 1232, 1230, 26, 6.72%, 0, 0, 3, 5.10
1747830864, 0, 147, 1233, 1231, 26, 6.72%, 0, 0, 3, 5.00
1747831013, 0, 147, 1234, 1232, 26, 6.72%, 0, 0, 3, 5.04
1747831182, 0, 147, 1235, 1233, 26, 6.72%, 0, 0, 3, 5.10
1747831368, 0, 148, 1235, 1233, 26, 6.72%, 0, 0, 3, 5.20
1747831394, 0, 149, 1235, 1233, 26, 6.72%, 0, 0, 3, 5.25
1747831415, 0, 150, 1235, 1233, 26, 6.72%, 0, 0, 3, 8.67
1747831425, 0, 151, 1236, 1234, 26, 6.72%, 0, 0, 3, 12.89
1747831430, 0, 151, 1237, 1235, 26, 6.72%, 0, 0, 3, 12.79
1747831466, 0, 152, 1237, 1235, 26, 6.72%, 0, 0, 3, 13.14
1747831471, 0, 152, 1238, 1236, 26, 6.72%, 0, 0, 3, 13.49
1747831486, 0, 155, 1238, 1236, 26, 6.72%, 0, 0, 3, 13.65
1747831497, 0, 158, 1238, 1236, 26, 6.72%, 0, 0, 3, 7.94
1747831522, 0, 159, 1238, 1236, 26, 6.72%, 0, 0, 3, 11.60
1747831527, 0, 160, 1238, 1236, 26, 6.72%, 0, 0, 3, 13.19
1747831537, 0, 161, 1238, 1236, 26, 6.72%, 0, 0, 3, 13.56
1747831547, 0, 162, 1238, 1236, 26, 6.72%, 0, 0, 3, 13.13
1747831558, 0, 163, 1238, 1236, 26, 6.72%, 0, 0, 3, 10.38
1747831584, 0, 164, 1238, 1236, 26, 6.72%, 0, 0, 3, 5.22
1747831609, 0, 165, 1238, 1236, 26, 6.72%, 0, 0, 3, 11.60
1747831615, 0, 166, 1238, 1236, 26, 6.72%, 0, 0, 3, 13.03
1747831625, 0, 167, 1238, 1236, 26, 6.72%, 0, 0, 3, 12.64
1747831635, 0, 168, 1238, 1236, 26, 6.72%, 0, 0, 3, 13.44
1747831645, 0, 170, 1238, 1236, 26, 6.72%, 0, 0, 3, 13.13
1747831650, 0, 170, 1239, 1237, 26, 6.72%, 0, 0, 3, 12.56
1747831655, 0, 170, 1240, 1238, 26, 6.72%, 0, 0, 3, 12.47
1747831665, 0, 170, 1241, 1239, 26, 6.73%, 0, 0, 3, 12.46
1747831700, 0, 170, 1242, 1240, 26, 6.73%, 0, 0, 3, 12.45
1747831736, 0, 170, 1243, 1241, 26, 6.73%, 0, 0, 3, 12.62
1747831771, 0, 170, 1244, 1242, 26, 6.73%, 0, 0, 3, 12.47
1747831781, 0, 170, 1245, 1243, 26, 6.73%, 0, 0, 3, 12.54
1747831822, 0, 170, 1246, 1244, 26, 6.73%, 0, 0, 3, 12.47
1747831827, 0, 170, 1247, 1245, 26, 6.73%, 0, 0, 3, 12.38
1747831858, 0, 170, 1248, 1246, 26, 6.73%, 0, 0, 3, 12.38
1747831873, 0, 170, 1249, 1247, 26, 6.73%, 0, 0, 3, 12.49
1747831980, 0, 171, 1250, 1248, 28, 6.73%, 0, 0, 3, 12.44
1747831990, 0, 172, 1250, 1248, 28, 6.73%, 0, 0, 3, 10.25
1747832016, 0, 175, 1250, 1248, 28, 6.73%, 0, 0, 3, 8.48
1747832026, 0, 176, 1250, 1248, 28, 6.73%, 0, 0, 3, 9.59
1747832052, 0, 177, 1250, 1248, 28, 6.73%, 0, 0, 3, 10.14
1747832057, 0, 177, 1251, 1249, 28, 6.73%, 0, 0, 3, 11.74
1747832073, 0, 178, 1251, 1249, 28, 6.73%, 0, 0, 3, 12.41
1747832083, 0, 179, 1251, 1249, 28, 6.73%, 0, 0, 3, 9.34
1747832104, 0, 181, 1251, 1249, 28, 6.73%, 0, 0, 3, 5.48
1747832129, 0, 183, 1251, 1249, 28, 6.73%, 0, 0, 3, 5.09
1747832155, 0, 184, 1251, 1249, 28, 6.73%, 0, 0, 3, 8.21
1747832166, 0, 185, 1252, 1250, 28, 6.73%, 0, 0, 3, 11.77
1747832186, 0, 187, 1252, 1250, 28, 6.73%, 0, 0, 3, 11.69
1747832212, 0, 188, 1252, 1250, 28, 6.73%, 0, 0, 3, 5.32
1747832238, 0, 190, 1252, 1250, 28, 6.73%, 0, 0, 3, 5.17
1747832264, 0, 192, 1252, 1250, 28, 6.73%, 0, 0, 3, 10.70
1747832274, 0, 193, 1252, 1250, 28, 6.73%, 0, 0, 3, 11.90
1747832284, 0, 193, 1253, 1251, 28, 6.73%, 0, 0, 3, 11.82
1747832294, 0, 194, 1253, 1251, 28, 6.73%, 0, 0, 3, 8.82
1747832319, 0, 195, 1253, 1251, 28, 6.73%, 0, 0, 3, 9.07
1747832325, 0, 195, 1255, 1253, 28, 6.73%, 0, 0, 3, 10.70
1747832335, 0, 195, 1256, 1254, 28, 6.73%, 0, 0, 3, 11.43
1747832345, 0, 195, 1257, 1255, 28, 6.73%, 0, 0, 3, 11.40
1747832376, 0, 195, 1258, 1256, 28, 6.73%, 0, 0, 3, 11.41
1747832465, 0, 195, 1259, 1257, 28, 6.73%, 0, 0, 3, 11.45
1747832502, 0, 195, 1260, 1258, 28, 6.73%, 0, 0, 3, 11.49
1747832543, 0, 195, 1261, 1259, 28, 6.73%, 0, 0, 3, 11.49
1747832559, 0, 195, 1262, 1260, 28, 6.73%, 0, 0, 3, 11.49
1747832679, 0, 196, 1262, 1260, 28, 6.73%, 0, 0, 3, 11.51
1747832689, 0, 197, 1262, 1260, 28, 6.73%, 0, 0, 3, 11.29
1747832715, 0, 199, 1262, 1260, 28, 6.73%, 0, 0, 3, 6.83
1747832720, 0, 199, 1263, 1261, 28, 6.73%, 0, 0, 3, 9.89
1747832740, 0, 200, 1263, 1261, 28, 6.73%, 0, 0, 3, 7.65
1747832766, 0, 201, 1263, 1261, 28, 6.73%, 0, 0, 3, 5.06
1747832787, 0, 202, 1263, 1261, 28, 6.73%, 0, 0, 3, 5.69
1747832792, 0, 202, 1264, 1262, 28, 6.73%, 0, 0, 3, 10.63
1747832812, 0, 203, 1264, 1262, 28, 6.73%, 0, 0, 3, 7.54
1747832833, 0, 204, 1264, 1262, 28, 6.73%, 0, 0, 3, 5.11
1747832859, 0, 205, 1264, 1262, 28, 6.73%, 0, 0, 3, 7.73
1747832869, 0, 207, 1264, 1262, 28, 6.73%, 0, 0, 3, 10.91
1747832884, 0, 209, 1264, 1262, 28, 6.73%, 0, 0, 3, 11.15
1747832895, 0, 211, 1264, 1262, 28, 6.73%, 0, 0, 3, 12.00
1747832905, 0, 212, 1264, 1262, 28, 6.73%, 0, 0, 3, 9.13
1747832926, 0, 213, 1264, 1262, 28, 6.73%, 0, 0, 3, 5.81
1747832936, 0, 214, 1264, 1262, 28, 6.73%, 0, 0, 3, 11.85
1747832961, 0, 215, 1264, 1262, 28, 6.73%, 0, 0, 3, 5.10
1747832987, 0, 216, 1264, 1262, 28, 6.73%, 0, 0, 3, 7.46
1747832997, 0, 217, 1264, 1262, 28, 6.73%, 0, 0, 3, 11.39
1747833007, 0, 219, 1264, 1262, 28, 6.73%, 0, 0, 3, 12.37
1747833018, 0, 220, 1264, 1262, 28, 6.73%, 0, 0, 3, 12.11
1747833033, 0, 221, 1264, 1262, 28, 6.73%, 0, 0, 3, 11.20
1747833043, 0, 222, 1264, 1262, 28, 6.73%, 0, 0, 3, 7.62
1747833069, 0, 223, 1264, 1262, 28, 6.73%, 0, 0, 3, 5.10
1747833084, 0, 223, 1265, 1263, 28, 6.73%, 0, 0, 3, 5.11
1747833120, 0, 224, 1265, 1263, 28, 6.73%, 0, 0, 3, 5.08
1747833140, 0, 225, 1265, 1263, 28, 6.73%, 0, 0, 3, 5.46
1747833156, 0, 226, 1265, 1263, 28, 6.73%, 0, 0, 3, 7.93
1747833177, 0, 227, 1265, 1263, 28, 6.73%, 0, 0, 3, 5.38
1747833202, 0, 229, 1265, 1263, 28, 6.73%, 0, 0, 3, 5.16
1747833228, 0, 230, 1265, 1263, 28, 6.73%, 0, 0, 3, 5.09
1747833253, 0, 232, 1265, 1263, 28, 6.73%, 0, 0, 3, 8.77
1747833263, 0, 233, 1265, 1263, 28, 6.73%, 0, 0, 3, 7.91
1747833289, 0, 234, 1265, 1263, 28, 6.73%, 0, 0, 3, 9.03
1747833299, 0, 235, 1265, 1263, 28, 6.73%, 0, 0, 3, 11.16
1747833310, 0, 236, 1265, 1263, 28, 6.73%, 0, 0, 3, 9.06
1747833335, 0, 238, 1265, 1263, 28, 6.73%, 0, 0, 3, 5.15
1747833361, 0, 239, 1265, 1263, 28, 6.73%, 0, 0, 3, 9.28
1747833371, 0, 240, 1265, 1263, 28, 6.73%, 0, 0, 3, 7.93
1747833396, 0, 241, 1265, 1263, 28, 6.73%, 0, 0, 3, 9.20
1747833407, 0, 242, 1265, 1263, 28, 6.73%, 0, 0, 3, 8.28
1747833432, 0, 245, 1265, 1263, 28, 6.73%, 0, 0, 3, 8.95
1747833443, 0, 246, 1265, 1263, 28, 6.73%, 0, 0, 3, 11.19
1747833453, 0, 247, 1265, 1263, 28, 6.73%, 0, 0, 3, 11.21
1747833463, 0, 248, 1265, 1263, 28, 6.73%, 0, 0, 3, 11.22
1747833473, 0, 248, 1266, 1264, 28, 6.73%, 0, 0, 3, 11.15
1747833489, 0, 249, 1266, 1264, 28, 6.73%, 0, 0, 3, 11.32
1747833499, 0, 250, 1266, 1264, 28, 6.73%, 0, 0, 3, 9.69
1747833524, 0, 251, 1266, 1264, 28, 6.73%, 0, 0, 3, 7.94
1747833534, 0, 252, 1266, 1264, 28, 6.73%, 0, 0, 3, 11.86
1747833545, 0, 254, 1266, 1264, 28, 6.73%, 0, 0, 3, 9.94
1747833571, 0, 256, 1267, 1265, 28, 6.73%, 0, 0, 3, 7.52
1747833596, 0, 257, 1267, 1265, 28, 6.73%, 0, 0, 3, 11.15
1747833606, 0, 258, 1267, 1265, 28, 6.73%, 0, 0, 3, 8.09
1747833632, 0, 259, 1267, 1265, 28, 6.73%, 0, 0, 3, 9.03
1747833642, 0, 260, 1267, 1265, 28, 6.73%, 0, 0, 3, 7.95
1747833653, 0, 260, 1268, 1266, 28, 6.73%, 0, 0, 3, 5.47
1747833694, 0, 261, 1268, 1266, 28, 6.73%, 0, 0, 3, 5.25
1747833720, 0, 262, 1268, 1266, 28, 6.73%, 0, 0, 3, 9.43
1747833730, 0, 265, 1269, 1267, 28, 6.73%, 0, 0, 3, 11.53
1747833751, 0, 266, 1269, 1267, 28, 6.73%, 0, 0, 3, 8.87
1747833771, 0, 266, 1270, 1268, 28, 6.73%, 0, 0, 3, 5.00
1747833802, 0, 268, 1270, 1268, 28, 6.73%, 0, 0, 3, 4.98
1747833828, 0, 270, 1270, 1268, 28, 6.73%, 0, 0, 3, 5.00
1747833833, 0, 270, 1272, 1270, 28, 6.73%, 0, 0, 3, 4.91
1747833844, 0, 270, 1273, 1271, 28, 6.73%, 0, 0, 3, 4.93
1747833849, 0, 270, 1274, 1272, 28, 6.73%, 0, 0, 3, 4.87
1747833879, 0, 270, 1275, 1273, 28, 6.73%, 0, 0, 3, 4.83
1747833931, 0, 270, 1276, 1274, 28, 6.73%, 0, 0, 3, 4.91
1747833951, 0, 270, 1277, 1275, 28, 6.73%, 0, 0, 3, 4.91
1747833961, 0, 270, 1278, 1276, 28, 6.73%, 0, 0, 3, 4.87
1747834013, 0, 270, 1279, 1277, 28, 6.73%, 0, 0, 3, 4.99
1747834039, 0, 270, 1280, 1278, 28, 6.73%, 0, 0, 3, 5.07
1747834044, 0, 270, 1281, 1279, 28, 6.73%, 0, 0, 3, 6.96
1747834080, 0, 270, 1282, 1280, 28, 6.73%, 0, 0, 3, 8.50
1747834434, 0, 271, 1282, 1280, 27, 6.73%, 0, 0, 3, 8.68
1747834444, 0, 272, 1282, 1280, 27, 6.73%, 0, 0, 3, 11.40
1747834455, 0, 273, 1282, 1280, 27, 6.73%, 0, 0, 3, 11.64
1747834465, 0, 274, 1282, 1280, 27, 6.73%, 0, 0, 3, 9.78
1747834491, 0, 275, 1282, 1280, 27, 6.73%, 0, 0, 3, 7.26
1747834501, 0, 276, 1282, 1280, 27, 6.73%, 0, 0, 3, 10.89
1747834517, 0, 277, 1282, 1280, 27, 6.73%, 0, 0, 3, 6.78
1747834537, 0, 278, 1282, 1280, 27, 6.73%, 0, 0, 3, 5.07
1747834563, 0, 279, 1282, 1280, 27, 6.73%, 0, 0, 3, 5.04
1747834589, 0, 280, 1282, 1280, 27, 6.73%, 0, 0, 3, 5.09
1747834615, 0, 281, 1282, 1280, 27, 6.73%, 0, 0, 3, 9.00
1747834625, 0, 282, 1282, 1280, 27, 6.73%, 0, 0, 3, 11.15
1747834635, 0, 284, 1282, 1280, 27, 6.73%, 0, 0, 3, 11.21
1747834646, 0, 285, 1282, 1280, 27, 6.73%, 0, 0, 3, 10.70
1747834671, 0, 286, 1282, 1280, 27, 6.73%, 0, 0, 3, 5.06
1747834697, 0, 287, 1282, 1280, 27, 6.73%, 0, 0, 3, 8.45
1747834708, 0, 288, 1282, 1280, 27, 6.73%, 0, 0, 3, 8.65
1747834723, 0, 288, 1283, 1281, 27, 6.73%, 0, 0, 3, 8.37
1747834739, 0, 291, 1283, 1281, 24, 6.73%, 0, 0, 3, 8.48
1747834749, 0, 291, 1284, 1282, 24, 6.74%, 0, 0, 3, 8.70
1747834769, 0, 292, 1284, 1282, 25, 6.74%, 0, 0, 3, 8.79
1747834780, 0, 293, 1284, 1282, 25, 6.74%, 0, 0, 3, 11.91
1747834795, 0, 294, 1284, 1282, 25, 6.74%, 0, 0, 3, 8.73
1747834811, 0, 295, 1284, 1282, 25, 6.74%, 0, 0, 3, 16.55
1747834816, 0, 296, 1284, 1282, 25, 6.74%, 0, 0, 3, 12.40
1747834831, 0, 297, 1284, 1282, 25, 6.74%, 0, 0, 3, 15.98
1747834836, 0, 298, 1284, 1282, 25, 6.74%, 0, 0, 3, 19.20
1747834841, 0, 299, 1284, 1282, 25, 6.74%, 0, 0, 3, 20.16
1747834851, 0, 302, 1284, 1282, 25, 6.74%, 0, 0, 3, 11.57
1747834862, 0, 304, 1284, 1282, 25, 6.74%, 0, 0, 3, 10.08
1747834872, 0, 305, 1284, 1282, 25, 6.74%, 0, 0, 3, 19.19
1747834877, 0, 306, 1284, 1282, 25, 6.74%, 0, 0, 3, 14.02
1747834892, 0, 307, 1284, 1282, 25, 6.74%, 0, 0, 3, 8.62
1747834908, 0, 308, 1284, 1282, 25, 6.74%, 0, 0, 3, 8.40
1747834923, 0, 309, 1284, 1282, 25, 6.74%, 0, 0, 3, 8.58
1747834938, 0, 310, 1284, 1282, 25, 6.74%, 0, 0, 3, 8.65
1747834954, 0, 311, 1284, 1282, 25, 6.74%, 0, 0, 3, 17.21
1747834959, 0, 312, 1284, 1282, 25, 6.74%, 0, 0, 3, 12.25
1747834974, 0, 313, 1284, 1282, 25, 6.74%, 0, 0, 3, 8.65
1747834990, 0, 314, 1284, 1282, 25, 6.74%, 0, 0, 3, 8.40
1747835005, 0, 316, 1284, 1282, 25, 6.74%, 0, 0, 3, 8.35
1747835020, 0, 317, 1285, 1283, 25, 6.74%, 0, 0, 3, 8.43
1747835051, 0, 318, 1285, 1283, 25, 6.74%, 0, 0, 3, 8.46
1747835067, 0, 319, 1285, 1283, 25, 6.74%, 0, 0, 3, 8.48
1747835077, 0, 320, 1285, 1283, 25, 6.74%, 0, 0, 3, 8.81
1747835082, 0, 320, 1286, 1284, 25, 6.74%, 0, 0, 3, 16.68
1747835092, 0, 320, 1287, 1285, 25, 6.74%, 0, 0, 3, 18.64
1747835103, 0, 320, 1288, 1286, 25, 6.74%, 0, 0, 3, 18.65
1747835133, 0, 321, 1288, 1286, 24, 6.74%, 0, 0, 3, 18.78
1747835143, 0, 323, 1288, 1286, 24, 6.74%, 0, 0, 3, 12.21
1747835158, 0, 324, 1288, 1286, 24, 6.74%, 0, 0, 3, 8.72
1747835174, 0, 325, 1288, 1286, 24, 6.74%, 0, 0, 3, 16.06
1747835179, 0, 326, 1288, 1286, 24, 6.74%, 0, 0, 3, 17.72
1747835184, 0, 327, 1288, 1286, 24, 6.74%, 0, 0, 3, 15.90
1747835200, 0, 328, 1288, 1286, 24, 6.74%, 0, 0, 3, 8.51
1747835215, 0, 329, 1288, 1286, 24, 6.74%, 0, 0, 3, 8.51
1747835230, 0, 332, 1288, 1286, 24, 6.74%, 0, 0, 3, 8.37
1747835241, 0, 332, 1289, 1287, 24, 6.74%, 0, 0, 3, 8.67
1747835261, 0, 333, 1289, 1287, 24, 6.74%, 0, 0, 3, 8.39
1747835277, 0, 335, 1289, 1287, 24, 6.74%, 0, 0, 3, 8.35
1747835292, 0, 336, 1290, 1288, 24, 6.74%, 0, 0, 3, 11.63
1747835307, 0, 339, 1290, 1288, 24, 6.74%, 0, 0, 3, 13.65
1747835323, 0, 340, 1290, 1288, 24, 6.74%, 0, 0, 3, 8.52
1747835338, 0, 341, 1290, 1288, 24, 6.74%, 0, 0, 3, 8.55
1747835353, 0, 342, 1290, 1288, 24, 6.74%, 0, 0, 3, 8.32
1747835369, 0, 343, 1290, 1288, 24, 6.74%, 0, 0, 3, 8.46
1747835384, 0, 344, 1290, 1288, 24, 6.74%, 0, 0, 3, 8.44
1747835400, 0, 345, 1290, 1288, 24, 6.74%, 0, 0, 3, 8.48
1747835415, 0, 346, 1290, 1288, 24, 6.74%, 0, 0, 3, 8.31
1747835431, 0, 347, 1290, 1288, 24, 6.74%, 0, 0, 3, 8.51
1747835441, 0, 347, 1291, 1289, 24, 6.74%, 0, 0, 3, 8.40
1747835461, 0, 348, 1291, 1289, 19, 6.74%, 0, 0, 3, 14.20
1747835466, 0, 349, 1291, 1289, 19, 6.74%, 0, 0, 3, 14.01
1747835482, 0, 350, 1291, 1289, 19, 6.74%, 0, 0, 3, 11.21
1747835492, 0, 352, 1291, 1289, 19, 6.74%, 0, 0, 3, 10.94
1747835507, 0, 354, 1291, 1289, 19, 6.74%, 0, 0, 3, 8.66
1747835523, 0, 356, 1291, 1289, 19, 6.74%, 0, 0, 3, 8.49
1747835533, 0, 357, 1291, 1289, 19, 6.74%, 0, 0, 3, 9.49
1747835544, 0, 360, 1291, 1289, 19, 6.74%, 0, 0, 3, 11.78
1747835559, 0, 361, 1291, 1289, 19, 6.74%, 0, 0, 3, 8.60
1747835575, 0, 362, 1291, 1289, 19, 6.74%, 0, 0, 3, 11.56
1747835585, 0, 363, 1291, 1289, 19, 6.74%, 0, 0, 3, 7.07
1747835610, 0, 364, 1291, 1289, 19, 6.74%, 0, 0, 3, 4.77
1747835621, 0, 364, 1292, 1290, 19, 6.74%, 0, 0, 3, 4.60
1747835667, 0, 366, 1292, 1290, 19, 6.74%, 0, 0, 3, 4.69
1747835694, 0, 367, 1292, 1290, 19, 6.74%, 0, 0, 3, 4.66
1747835720, 0, 367, 1293, 1291, 19, 6.74%, 0, 0, 3, 4.51
1747835751, 0, 368, 1293, 1291, 19, 6.74%, 0, 0, 3, 4.69
1747835777, 0, 370, 1293, 1291, 19, 6.74%, 0, 0, 3, 4.79
1747835802, 0, 371, 1293, 1291, 19, 6.74%, 0, 0, 3, 4.65
1747835822, 0, 371, 1294, 1292, 19, 6.74%, 0, 0, 3, 4.59
1747835858, 0, 372, 1294, 1292, 19, 6.74%, 0, 0, 3, 4.66
1747835889, 0, 373, 1294, 1292, 19, 6.74%, 0, 0, 3, 4.63
1747835915, 0, 374, 1294, 1292, 19, 6.74%, 0, 0, 3, 4.66
1747835940, 0, 375, 1294, 1292, 19, 6.74%, 0, 0, 3, 4.71
1747835971, 0, 376, 1294, 1292, 19, 6.74%, 0, 0, 3, 8.55
1747835981, 0, 377, 1294, 1292, 19, 6.74%, 0, 0, 3, 7.57
1747836007, 0, 378, 1294, 1292, 19, 6.74%, 0, 0, 3, 4.66
1747836033, 0, 379, 1294, 1292, 19, 6.74%, 0, 0, 3, 4.77
1747836065, 0, 381, 1294, 1292, 19, 6.74%, 0, 0, 3, 4.76
1747836090, 0, 383, 1294, 1292, 19, 6.74%, 0, 0, 3, 7.82
1747836101, 0, 384, 1294, 1292, 19, 6.74%, 0, 0, 3, 9.02
1747836131, 0, 385, 1294, 1292, 19, 6.74%, 0, 0, 3, 4.62
1747836157, 0, 386, 1294, 1292, 19, 6.74%, 0, 0, 3, 4.62
1747836183, 0, 387, 1294, 1292, 19, 6.74%, 0, 0, 3, 4.60
1747836209, 0, 388, 1294, 1292, 19, 6.74%, 0, 0, 3, 4.60
1747836240, 0, 389, 1294, 1292, 19, 6.74%, 0, 0, 3, 4.65
1747836265, 0, 390, 1294, 1292, 19, 6.74%, 0, 0, 3, 4.70
1747836291, 0, 391, 1294, 1292, 19, 6.74%, 0, 0, 3, 4.66
1747836312, 0, 391, 1295, 1293, 19, 6.74%, 0, 0, 3, 4.79
1747836349, 0, 392, 1295, 1293, 19, 6.74%, 0, 0, 3, 4.64
1747836375, 0, 393, 1295, 1293, 19, 6.74%, 0, 0, 3, 4.63
1747836390, 0, 393, 1296, 1294, 19, 6.74%, 0, 0, 3, 4.61
1747836431, 0, 394, 1296, 1294, 19, 6.74%, 0, 0, 3, 4.67
1747836457, 0, 395, 1296, 1294, 19, 6.74%, 0, 0, 3, 4.75
1747836488, 0, 396, 1296, 1294, 19, 6.74%, 0, 0, 3, 4.70
1747836513, 0, 398, 1296, 1294, 19, 6.74%, 0, 0, 3, 4.61
1747836534, 0, 401, 1296, 1294, 19, 6.74%, 0, 0, 3, 8.34
1747836549, 0, 402, 1296, 1294, 19, 6.74%, 0, 0, 3, 8.70
1747836564, 0, 403, 1296, 1294, 19, 6.74%, 0, 0, 3, 8.44
1747836575, 0, 403, 1297, 1295, 19, 6.74%, 0, 0, 3, 8.48
1747836590, 0, 403, 1298, 1296, 19, 6.74%, 0, 0, 3, 8.53
1747836626, 0, 404, 1298, 1296, 19, 6.74%, 0, 0, 3, 8.32
1747836642, 0, 406, 1298, 1296, 19, 6.74%, 0, 0, 3, 8.56
1747836657, 0, 407, 1298, 1296, 19, 6.74%, 0, 0, 3, 8.57
1747836673, 0, 408, 1298, 1296, 19, 6.74%, 0, 0, 3, 8.20
1747836688, 0, 409, 1298, 1296, 19, 6.74%, 0, 0, 3, 8.53
1747836704, 0, 410, 1298, 1296, 19, 6.74%, 0, 0, 3, 8.45
1747836709, 0, 410, 1299, 1297, 19, 6.74%, 0, 0, 3, 8.32
1747836734, 0, 413, 1299, 1297, 19, 6.74%, 0, 0, 3, 8.34
1747836750, 0, 414, 1299, 1297, 19, 6.74%, 0, 0, 3, 8.43
1747836765, 0, 416, 1299, 1297, 19, 6.74%, 0, 0, 3, 8.51
1747836781, 0, 418, 1299, 1297, 19, 6.74%, 0, 0, 3, 8.43
1747836796, 0, 419, 1299, 1297, 19, 6.74%, 0, 0, 3, 8.36
1747836801, 0, 419, 1300, 1298, 19, 6.74%, 0, 0, 3, 8.30
1747836827, 0, 420, 1300, 1298, 19, 6.74%, 0, 0, 3, 8.39
1747836842, 0, 420, 1301, 1299, 19, 6.74%, 0, 0, 3, 8.31
1747836857, 0, 422, 1301, 1299, 19, 6.74%, 0, 0, 3, 8.45
1747836873, 0, 423, 1301, 1299, 19, 6.74%, 0, 0, 3, 8.39
1747836888, 0, 424, 1302, 1300, 19, 6.74%, 0, 0, 3, 8.46
1747836919, 0, 425, 1302, 1300, 19, 6.74%, 0, 0, 3, 8.45
1747836935, 0, 426, 1302, 1300, 19, 6.74%, 0, 0, 3, 8.53
1747836950, 0, 427, 1302, 1300, 19, 6.74%, 0, 0, 3, 8.31
1747836966, 0, 428, 1302, 1300, 19, 6.74%, 0, 0, 3, 8.45
1747836981, 0, 429, 1302, 1300, 19, 6.74%, 0, 0, 3, 8.40
1747836996, 0, 430, 1302, 1300, 19, 6.74%, 0, 0, 3, 8.44
1747837002, 0, 430, 1303, 1301, 19, 6.74%, 0, 0, 3, 8.30
1747837027, 0, 431, 1303, 1301, 19, 6.74%, 0, 0, 3, 8.47
1747837043, 0, 432, 1303, 1301, 19, 6.74%, 0, 0, 3, 8.44
1747837058, 0, 433, 1303, 1301, 19, 6.74%, 0, 0, 3, 8.46
1747837073, 0, 434, 1303, 1301, 19, 6.74%, 0, 0, 3, 8.41
1747837089, 0, 435, 1303, 1301, 19, 6.74%, 0, 0, 3, 8.55
1747837104, 0, 436, 1303, 1301, 19, 6.74%, 0, 0, 3, 8.35
1747837120, 0, 437, 1303, 1301, 19, 6.74%, 0, 0, 3, 8.57
1747837135, 0, 438, 1303, 1301, 19, 6.74%, 0, 0, 3, 8.45
1747837151, 0, 439, 1303, 1301, 19, 6.74%, 0, 0, 3, 8.54
1747837161, 0, 440, 1303, 1301, 19, 6.74%, 0, 0, 3, 8.45
1747837181, 0, 441, 1303, 1301, 19, 6.74%, 0, 0, 3, 8.31
1747837186, 0, 441, 1304, 1302, 19, 6.74%, 0, 0, 3, 8.27
1747837212, 0, 443, 1304, 1302, 19, 6.74%, 0, 0, 3, 8.35
1747837228, 0, 444, 1304, 1302, 19, 6.74%, 0, 0, 3, 8.30
1747837243, 0, 445, 1304, 1302, 19, 6.74%, 0, 0, 3, 8.33
1747837258, 0, 446, 1304, 1302, 19, 6.74%, 0, 0, 3, 8.32
1747837263, 0, 446, 1305, 1303, 19, 6.74%, 0, 0, 3, 8.44
1747837289, 0, 448, 1305, 1303, 19, 6.74%, 0, 0, 3, 8.36
1747837304, 0, 449, 1305, 1303, 19, 6.74%, 0, 0, 3, 8.41
1747837320, 0, 450, 1305, 1303, 19, 6.74%, 0, 0, 3, 8.31
1747837335, 0, 451, 1305, 1303, 19, 6.74%, 0, 0, 3, 8.33
1747837350, 0, 452, 1305, 1303, 19, 6.74%, 0, 0, 3, 8.42
1747837366, 0, 453, 1305, 1303, 19, 6.74%, 0, 0, 3, 8.29
1747837381, 0, 454, 1305, 1303, 19, 6.74%, 0, 0, 3, 8.45
1747837397, 0, 455, 1305, 1303, 19, 6.74%, 0, 0, 3, 8.16
1747837417, 0, 456, 1305, 1303, 19, 6.74%, 0, 0, 3, 4.98
1747837443, 0, 457, 1305, 1303, 19, 6.74%, 0, 0, 3, 4.85
1747837468, 0, 458, 1305, 1303, 19, 6.74%, 0, 0, 3, 4.98
1747837494, 0, 459, 1306, 1304, 19, 6.74%, 0, 0, 3, 4.80
1747837540, 0, 459, 1307, 1305, 19, 6.74%, 0, 0, 3, 4.83
1747837546, 0, 459, 1308, 1306, 19, 6.74%, 0, 0, 3, 4.74
1747837689, 0, 459, 1309, 1307, 19, 6.74%, 0, 0, 3, 4.80
1747837850, 0, 459, 1310, 1308, 19, 6.74%, 0, 0, 3, 4.72
1747838323, 0, 459, 1311, 1309, 19, 6.74%, 0, 0, 3, 4.87
1747838344, 0, 460, 1311, 1309, 19, 6.74%, 0, 0, 3, 4.81
1747838369, 0, 461, 1311, 1309, 19, 6.74%, 0, 0, 3, 4.81
1747838395, 0, 462, 1311, 1309, 19, 6.74%, 0, 0, 3, 4.77
1747838421, 0, 464, 1311, 1309, 19, 6.74%, 0, 0, 3, 5.00
1747838447, 0, 465, 1311, 1309, 19, 6.74%, 0, 0, 3, 4.85
1747838473, 0, 466, 1311, 1309, 19, 6.74%, 0, 0, 3, 4.88
1747838498, 0, 467, 1311, 1309, 19, 6.74%, 0, 0, 3, 4.84
1747838524, 0, 468, 1311, 1309, 19, 6.74%, 0, 0, 3, 4.87
1747838550, 0, 469, 1311, 1309, 19, 6.74%, 0, 0, 3, 4.82
1747838575, 0, 471, 1311, 1309, 19, 6.74%, 0, 0, 3, 4.88
1747838601, 0, 472, 1311, 1309, 19, 6.74%, 0, 0, 3, 4.95
1747838626, 0, 473, 1311, 1309, 19, 6.74%, 0, 0, 3, 4.96
1747838652, 0, 474, 1311, 1309, 19, 6.74%, 0, 0, 3, 4.86
1747838678, 0, 475, 1311, 1309, 19, 6.74%, 0, 0, 3, 4.80
1747838704, 0, 477, 1311, 1309, 19, 6.74%, 0, 0, 3, 7.46
1747840654, 0, 478, 1311, 1308, 19, 6.74%, 0, 0, 3, 10.60
1747840680, 0, 479, 1311, 1308, 19, 6.74%, 0, 0, 3, 4.82
1747840706, 0, 480, 1311, 1308, 19, 6.74%, 0, 0, 3, 4.82
1747840732, 0, 481, 1311, 1308, 19, 6.74%, 0, 0, 3, 4.93
1747840757, 0, 482, 1311, 1308, 19, 6.74%, 0, 0, 3, 4.85
1747840783, 0, 483, 1311, 1308, 19, 6.74%, 0, 0, 3, 4.91
1747840808, 0, 484, 1311, 1308, 19, 6.74%, 0, 0, 3, 4.88
1747840834, 0, 485, 1311, 1308, 19, 6.74%, 0, 0, 3, 4.82
1747840859, 0, 486, 1311, 1308, 19, 6.74%, 0, 0, 3, 4.85
1747840880, 0, 486, 1312, 1309, 19, 6.74%, 0, 0, 3, 4.83
1747840896, 0, 486, 1313, 1310, 19, 6.74%, 0, 0, 3, 4.81
1747840942, 0, 486, 1314, 1311, 19, 6.74%, 0, 0, 3, 4.76
1747840973, 0, 486, 1315, 1312, 19, 6.74%, 0, 0, 3, 4.64
1747841096, 0, 486, 1316, 1313, 19, 6.74%, 0, 0, 3, 4.74
1747841245, 0, 486, 1317, 1314, 19, 6.74%, 0, 0, 3, 4.72
1747841482, 0, 486, 1318, 1315, 19, 6.74%, 0, 0, 3, 4.85
1747841709, 0, 487, 1318, 1315, 19, 6.74%, 0, 0, 3, 4.87
1747841734, 0, 489, 1318, 1315, 19, 6.74%, 0, 0, 3, 4.90
1747841760, 0, 491, 1318, 1315, 19, 6.74%, 0, 0, 3, 4.93
1747841785, 0, 492, 1318, 1315, 19, 6.74%, 0, 0, 3, 4.86
1747841811, 0, 493, 1318, 1315, 19, 6.74%, 0, 0, 3, 4.87
1747841836, 0, 494, 1318, 1315, 19, 6.74%, 0, 0, 3, 4.83
1747841862, 0, 496, 1318, 1315, 19, 6.74%, 0, 0, 3, 4.82
1747841893, 0, 498, 1318, 1315, 19, 6.74%, 0, 0, 3, 4.86
1747841903, 0, 498, 1319, 1316, 19, 6.74%, 0, 0, 3, 4.87
1747841945, 0, 499, 1319, 1316, 19, 6.74%, 0, 0, 3, 4.93
1747841970, 0, 500, 1320, 1317, 19, 6.74%, 0, 0, 3, 4.74
1747841980, 0, 500, 1321, 1318, 19, 6.74%, 0, 0, 3, 4.70
1747842078, 0, 501, 1321, 1318, 19, 6.74%, 0, 0, 3, 4.79
1747842104, 0, 502, 1321, 1318, 19, 6.74%, 0, 0, 3, 4.80
1747842130, 0, 503, 1321, 1318, 19, 6.74%, 0, 0, 3, 4.83
1747842156, 0, 504, 1321, 1318, 19, 6.74%, 0, 0, 3, 4.92
1747842177, 0, 504, 1322, 1319, 19, 6.74%, 0, 0, 3, 4.64
1747842213, 0, 505, 1322, 1319, 19, 6.74%, 0, 0, 3, 4.83
1747842234, 0, 505, 1323, 1320, 19, 6.76%, 0, 0, 3, 4.90
1747842265, 0, 506, 1323, 1320, 19, 6.76%, 0, 0, 3, 4.81
1747842290, 0, 507, 1323, 1320, 19, 6.76%, 0, 0, 3, 4.89
1747842316, 0, 508, 1323, 1320, 19, 6.76%, 0, 0, 3, 4.82
1747842322, 0, 508, 1324, 1321, 19, 6.76%, 0, 0, 3, 4.65
1747842332, 0, 508, 1325, 1322, 19, 6.76%, 0, 0, 3, 4.55
1747842424, 0, 509, 1325, 1322, 19, 6.76%, 0, 0, 3, 4.80
1747842450, 0, 510, 1325, 1322, 19, 6.76%, 0, 0, 3, 4.88
1747842481, 0, 511, 1325, 1322, 19, 6.76%, 0, 0, 3, 4.83
1747842507, 0, 513, 1325, 1322, 19, 6.76%, 0, 0, 3, 4.77
1747842533, 0, 514, 1325, 1322, 19, 6.76%, 0, 0, 3, 4.91
1747842559, 0, 515, 1325, 1322, 19, 6.76%, 0, 0, 3, 4.81
1747842569, 0, 515, 1326, 1323, 19, 6.76%, 0, 0, 3, 4.72
1747842610, 0, 516, 1326, 1323, 19, 6.76%, 0, 0, 3, 4.74
1747842636, 0, 516, 1327, 1324, 19, 6.76%, 0, 0, 3, 4.65
1747842667, 0, 517, 1327, 1324, 19, 6.76%, 0, 0, 3, 4.69
1747842693, 0, 518, 1327, 1324, 19, 6.76%, 0, 0, 3, 4.85
1747842718, 0, 520, 1327, 1324, 19, 6.76%, 0, 0, 3, 5.03
1747842744, 0, 521, 1327, 1324, 19, 6.76%, 0, 0, 3, 4.90
1747842754, 0, 521, 1328, 1325, 19, 6.76%, 0, 0, 3, 4.62
1747842801, 0, 522, 1328, 1325, 19, 6.76%, 0, 0, 3, 4.63
1747842832, 0, 523, 1328, 1325, 19, 6.76%, 0, 0, 3, 4.79
1747842857, 0, 524, 1328, 1325, 19, 6.76%, 0, 0, 3, 4.91
1747842883, 0, 525, 1328, 1325, 19, 6.76%, 0, 0, 3, 4.60
1747842909, 0, 526, 1328, 1325, 19, 6.76%, 0, 0, 3, 4.72
1747842934, 0, 527, 1328, 1325, 19, 6.76%, 0, 0, 3, 4.94
1747842960, 0, 528, 1328, 1325, 19, 6.76%, 0, 0, 3, 4.86
1747842986, 0, 529, 1328, 1325, 19, 6.76%, 0, 0, 3, 4.86
1747843011, 0, 530, 1328, 1325, 19, 6.76%, 0, 0, 3, 4.82
1747843037, 0, 531, 1328, 1325, 19, 6.76%, 0, 0, 3, 4.68
1747843063, 0, 532, 1328, 1325, 19, 6.76%, 0, 0, 3, 4.98
1747843089, 0, 533, 1328, 1325, 19, 6.76%, 0, 0, 3, 4.75
1747843120, 0, 534, 1328, 1325, 19, 6.76%, 0, 0, 3, 4.68
1747843146, 0, 535, 1328, 1325, 19, 6.76%, 0, 0, 3, 4.65
1747843156, 0, 535, 1329, 1326, 19, 6.76%, 0, 0, 3, 4.65
1747843203, 0, 536, 1329, 1326, 19, 6.76%, 0, 0, 3, 4.81
1747843229, 0, 539, 1329, 1326, 19, 6.76%, 0, 0, 3, 4.82
1747843254, 0, 540, 1329, 1326, 19, 6.76%, 0, 0, 3, 4.89
1747843280, 0, 541, 1329, 1326, 19, 6.76%, 0, 0, 3, 4.86
1747843305, 0, 542, 1329, 1326, 19, 6.76%, 0, 0, 3, 4.79
1747843331, 0, 545, 1329, 1326, 19, 6.76%, 0, 0, 3, 4.75
1747843357, 0, 547, 1329, 1326, 19, 6.76%, 0, 0, 3, 4.83
1747843388, 0, 548, 1329, 1326, 19, 6.76%, 0, 0, 3, 4.73
1747843413, 0, 549, 1329, 1326, 19, 6.76%, 0, 0, 3, 30.25
1747844077, 0, 550, 1329, 1325, 18, 6.76%, 0, 0, 3, 4.53
1747844107, 0, 551, 1329, 1325, 18, 6.76%, 0, 0, 3, 4.75
1747844133, 0, 552, 1329, 1325, 18, 6.76%, 0, 0, 3, 4.91
1747844159, 0, 553, 1329, 1325, 18, 6.76%, 0, 0, 3, 4.72
1747844185, 0, 555, 1329, 1325, 18, 6.76%, 0, 0, 3, 4.79
1747844210, 0, 556, 1329, 1325, 18, 6.76%, 0, 0, 3, 4.89
1747844236, 0, 557, 1329, 1325, 18, 6.76%, 0, 0, 3, 4.74
1747844262, 0, 560, 1329, 1325, 18, 6.76%, 0, 0, 3, 4.69
1747844288, 0, 561, 1329, 1325, 18, 6.76%, 0, 0, 3, 4.80
1747844319, 0, 562, 1329, 1325, 18, 6.76%, 0, 0, 3, 4.88
1747844345, 0, 564, 1329, 1325, 18, 6.76%, 0, 0, 3, 4.78
1747844360, 0, 564, 1330, 1326, 18, 6.76%, 0, 0, 3, 4.62
1747844396, 0, 565, 1330, 1326, 18, 6.76%, 0, 0, 3, 4.65
1747844422, 0, 566, 1330, 1326, 18, 6.76%, 0, 0, 3, 4.87
1747844427, 0, 566, 1331, 1327, 18, 6.76%, 0, 0, 3, 4.60
1747844452, 0, 566, 1332, 1328, 18, 6.76%, 0, 0, 3, 4.52
1747844535, 0, 567, 1332, 1328, 18, 6.76%, 0, 0, 3, 4.61
1747844556, 0, 567, 1333, 1329, 18, 6.76%, 0, 0, 3, 4.68
1747844577, 0, 567, 1334, 1330, 18, 6.76%, 0, 0, 3, 4.49
1747844603, 0, 567, 1335, 1331, 18, 6.76%, 0, 0, 3, 4.49
1747844680, 0, 567, 1336, 1332, 18, 6.76%, 0, 0, 3, 4.56
1747844721, 0, 567, 1337, 1333, 18, 6.76%, 0, 0, 3, 4.59
1747844809, 0, 567, 1338, 1334, 18, 6.76%, 0, 0, 3, 4.65
1747845406, 0, 568, 1338, 1334, 18, 6.76%, 0, 0, 3, 4.70
1747845422, 0, 568, 1339, 1335, 18, 6.76%, 0, 0, 3, 4.57
1747845463, 0, 569, 1339, 1335, 18, 6.76%, 0, 0, 3, 4.75
1747845489, 0, 570, 1339, 1335, 18, 6.76%, 0, 0, 3, 4.77
1747845519, 0, 571, 1339, 1335, 18, 6.76%, 0, 0, 3, 4.86
1747845545, 0, 573, 1339, 1335, 18, 6.76%, 0, 0, 3, 4.73
1747845571, 0, 574, 1339, 1335, 18, 6.76%, 0, 0, 3, 4.79
1747845597, 0, 575, 1339, 1335, 18, 6.76%, 0, 0, 3, 4.66
1747845623, 0, 576, 1339, 1335, 18, 6.76%, 0, 0, 3, 4.72
1747845648, 0, 577, 1339, 1335, 18, 6.76%, 0, 0, 3, 4.74
1747845679, 0, 578, 1339, 1335, 18, 6.76%, 0, 0, 3, 4.72
1747845704, 0, 579, 1339, 1335, 18, 6.76%, 0, 0, 3, 4.68
1747845730, 0, 580, 1339, 1335, 18, 6.76%, 0, 0, 3, 4.65
1747845761, 0, 582, 1339, 1335, 18, 6.76%, 0, 0, 3, 4.67
1747845777, 0, 582, 1340, 1336, 18, 6.76%, 0, 0, 3, 4.56
1747845813, 0, 583, 1340, 1336, 18, 6.76%, 0, 0, 3, 4.78
1747845844, 0, 584, 1340, 1336, 18, 6.76%, 0, 0, 3, 4.68
1747845854, 0, 584, 1341, 1337, 18, 6.76%, 0, 0, 3, 4.77
1747845880, 0, 584, 1342, 1338, 18, 6.76%, 0, 0, 3, 4.56
1747845952, 0, 585, 1342, 1338, 18, 6.76%, 0, 0, 3, 4.71
1747845978, 0, 586, 1342, 1338, 18, 6.76%, 0, 0, 3, 4.70
1747846009, 0, 587, 1342, 1338, 18, 6.76%, 0, 0, 3, 4.64
1747846035, 0, 589, 1342, 1338, 18, 6.76%, 0, 0, 3, 4.69
1747846061, 0, 590, 1342, 1338, 18, 6.76%, 0, 0, 3, 4.66
1747846087, 0, 591, 1342, 1338, 18, 6.76%, 0, 0, 3, 4.64
1747846118, 0, 593, 1342, 1338, 18, 6.76%, 0, 0, 3, 4.65
1747846143, 0, 595, 1342, 1338, 18, 6.76%, 0, 0, 3, 4.57
1747846169, 0, 596, 1342, 1338, 18, 6.76%, 0, 0, 3, 4.63
1747846195, 0, 597, 1342, 1338, 18, 6.76%, 0, 0, 3, 4.64
1747846226, 0, 598, 1342, 1338, 18, 6.76%, 0, 0, 3, 4.78
1747846251, 0, 601, 1342, 1338, 18, 6.76%, 0, 0, 3, 4.57
1747846277, 0, 604, 1342, 1338, 18, 6.76%, 0, 0, 3, 4.61
1747846308, 0, 605, 1342, 1338, 18, 6.76%, 0, 0, 3, 4.64
1747846334, 0, 606, 1342, 1338, 18, 6.76%, 0, 0, 3, 4.60
1747846359, 0, 607, 1342, 1338, 18, 6.76%, 0, 0, 3, 4.58
1747846390, 0, 608, 1342, 1338, 18, 6.76%, 0, 0, 3, 4.52
1747846416, 0, 610, 1342, 1338, 18, 6.76%, 0, 0, 3, 4.60
1747846426, 0, 610, 1343, 1339, 18, 6.76%, 0, 0, 3, 4.64
1747846472, 0, 611, 1343, 1339, 18, 6.76%, 0, 0, 3, 4.66
1747846498, 0, 613, 1343, 1339, 18, 6.76%, 0, 0, 3, 4.62
1747846524, 0, 614, 1343, 1339, 18, 6.76%, 0, 0, 3, 4.65
1747846555, 0, 615, 1343, 1339, 18, 6.76%, 0, 0, 3, 4.66
1747846580, 0, 616, 1343, 1339, 18, 6.76%, 0, 0, 3, 4.67
1747846606, 0, 617, 1343, 1339, 18, 6.76%, 0, 0, 3, 4.70
1747846632, 0, 618, 1343, 1339, 18, 6.76%, 0, 0, 3, 4.63
1747846663, 0, 619, 1343, 1339, 18, 6.76%, 0, 0, 3, 4.64
1747846689, 0, 620, 1343, 1339, 18, 6.76%, 0, 0, 3, 4.75
1747846714, 0, 621, 1343, 1339, 18, 6.76%, 0, 0, 3, 4.70
1747846740, 0, 622, 1343, 1339, 18, 6.76%, 0, 0, 3, 4.67
1747846766, 0, 624, 1343, 1339, 18, 6.76%, 0, 0, 3, 4.78
1747846797, 0, 625, 1343, 1339, 18, 6.76%, 0, 0, 3, 4.74
1747846823, 0, 626, 1343, 1339, 18, 6.76%, 0, 0, 3, 4.72
1747846849, 0, 628, 1343, 1339, 18, 6.76%, 0, 0, 3, 4.67
1747846874, 0, 629, 1343, 1339, 18, 6.76%, 0, 0, 3, 4.57
1747846905, 0, 630, 1343, 1339, 18, 6.76%, 0, 0, 3, 4.64
1747846931, 0, 631, 1343, 1339, 18, 6.76%, 0, 0, 3, 4.58
1747846957, 0, 632, 1343, 1339, 18, 6.76%, 0, 0, 3, 4.69
1747846988, 0, 633, 1343, 1339, 18, 6.76%, 0, 0, 3, 4.62
1747847013, 0, 634, 1343, 1339, 18, 6.76%, 0, 0, 3, 4.71
1747847039, 0, 635, 1343, 1339, 18, 6.76%, 0, 0, 3, 4.66
1747847065, 0, 638, 1343, 1339, 18, 6.76%, 0, 0, 3, 4.60
1747847092, 0, 639, 1343, 1339, 18, 6.76%, 0, 0, 3, 4.80
1747847123, 0, 642, 1343, 1339, 18, 6.76%, 0, 0, 3, 4.68
1747847149, 0, 643, 1343, 1339, 18, 6.76%, 0, 0, 3, 4.74
1747847174, 0, 644, 1343, 1339, 18, 6.76%, 0, 0, 3, 4.68
1747847200, 0, 646, 1343, 1339, 18, 6.76%, 0, 0, 3, 4.64
1747847231, 0, 648, 1343, 1339, 18, 6.76%, 0, 0, 3, 4.72
1747847257, 0, 649, 1343, 1339, 18, 6.76%, 0, 0, 3, 4.63
1747847282, 0, 651, 1343, 1339, 18, 6.76%, 0, 0, 3, 4.65
1747847313, 0, 652, 1343, 1339, 18, 6.76%, 0, 0, 3, 4.61
1747847339, 0, 653, 1344, 1340, 18, 6.76%, 0, 0, 3, 4.57
1747847396, 0, 654, 1344, 1340, 18, 6.76%, 0, 0, 3, 4.52
1747847422, 0, 656, 1344, 1340, 18, 6.76%, 0, 0, 3, 4.71
1747847447, 0, 657, 1344, 1340, 18, 6.76%, 0, 0, 3, 4.49
1747847463, 0, 657, 1345, 1341, 18, 6.76%, 0, 0, 3, 4.51
1747847504, 0, 658, 1345, 1341, 18, 6.76%, 0, 0, 3, 4.71
1747847530, 0, 658, 1346, 1342, 18, 6.76%, 0, 0, 3, 4.48
1747847561, 0, 658, 1347, 1343, 18, 6.76%, 0, 0, 3, 4.48
1747847572, 0, 658, 1348, 1344, 18, 6.76%, 0, 0, 3, 4.48
1747847731, 0, 659, 1348, 1344, 18, 6.76%, 0, 0, 3, 4.78
1747847757, 0, 660, 1348, 1344, 18, 6.76%, 0, 0, 3, 4.66
1747847783, 0, 661, 1348, 1344, 18, 6.76%, 0, 0, 3, 4.72
1747847814, 0, 662, 1348, 1344, 18, 6.76%, 0, 0, 3, 4.51
1747847824, 0, 662, 1349, 1345, 18, 6.76%, 0, 0, 3, 4.56
1747847871, 0, 663, 1349, 1345, 18, 6.76%, 0, 0, 3, 4.56
1747847901, 0, 665, 1349, 1345, 18, 6.76%, 0, 0, 3, 4.49
1747847927, 0, 666, 1349, 1345, 18, 6.76%, 0, 0, 3, 4.62
1747847953, 0, 667, 1349, 1345, 18, 6.76%, 0, 0, 3, 4.68
1747847979, 0, 668, 1349, 1345, 18, 6.76%, 0, 0, 3, 4.58
1747848010, 0, 669, 1349, 1345, 18, 6.76%, 0, 0, 3, 4.76
1747848036, 0, 670, 1349, 1345, 18, 6.76%, 0, 0, 3, 4.65
1747848061, 0, 671, 1349, 1345, 18, 6.76%, 0, 0, 3, 4.64
1747848092, 0, 672, 1349, 1345, 18, 6.76%, 0, 0, 3, 4.60
1747848117, 0, 674, 1349, 1345, 18, 6.76%, 0, 0, 3, 4.72
1747848143, 0, 675, 1349, 1345, 18, 6.76%, 0, 0, 3, 4.65
1747848174, 0, 676, 1349, 1345, 18, 6.76%, 0, 0, 3, 4.56
1747848200, 0, 677, 1349, 1345, 18, 6.76%, 0, 0, 3, 4.60
1747848226, 0, 678, 1349, 1345, 18, 6.76%, 0, 0, 3, 4.54
1747848256, 0, 679, 1349, 1345, 18, 6.76%, 0, 0, 3, 4.61
1747848282, 0, 680, 1349, 1345, 18, 6.76%, 0, 0, 3, 4.61
1747848308, 0, 682, 1349, 1345, 18, 6.76%, 0, 0, 3, 4.60
1747848339, 0, 683, 1349, 1345, 18, 6.76%, 0, 0, 3, 4.58
1747848364, 0, 684, 1349, 1345, 18, 6.76%, 0, 0, 3, 4.53
1747848390, 0, 685, 1349, 1345, 18, 6.76%, 0, 0, 3, 4.54
1747848421, 0, 686, 1349, 1345, 18, 6.76%, 0, 0, 3, 4.57
1747848446, 0, 687, 1349, 1345, 18, 6.76%, 0, 0, 3, 4.65
1747848472, 0, 688, 1349, 1345, 18, 6.76%, 0, 0, 3, 4.76
1747848493, 0, 688, 1351, 1347, 18, 6.76%, 0, 0, 3, 4.30
1747848591, 0, 689, 1351, 1347, 18, 6.76%, 0, 0, 3, 4.49
1747848617, 0, 690, 1351, 1347, 18, 6.76%, 0, 0, 3, 4.49
1747848647, 0, 691, 1351, 1347, 18, 6.76%, 0, 0, 3, 4.66
1747848674, 0, 694, 1351, 1347, 18, 6.76%, 0, 0, 3, 4.58
1747848700, 0, 695, 1351, 1347, 18, 6.76%, 0, 0, 3, 4.52
1747848731, 0, 696, 1351, 1347, 18, 6.76%, 0, 0, 3, 4.68
1747848756, 0, 697, 1351, 1347, 18, 6.76%, 0, 0, 3, 4.64
1747848782, 0, 698, 1351, 1347, 18, 6.76%, 0, 0, 3, 4.61
1747848808, 0, 699, 1351, 1347, 18, 6.76%, 0, 0, 3, 4.69
1747848839, 0, 700, 1351, 1347, 18, 6.76%, 0, 0, 3, 4.59
1747848866, 0, 702, 1351, 1347, 18, 6.76%, 0, 0, 3, 4.62
1747848891, 0, 703, 1351, 1347, 18, 6.76%, 0, 0, 3, 4.55
1747848923, 0, 704, 1351, 1347, 18, 6.76%, 0, 0, 3, 4.64
1747848949, 0, 705, 1351, 1347, 18, 6.76%, 0, 0, 3, 4.65
1747848969, 0, 706, 1351, 1347, 18, 6.76%, 0, 0, 3, 7.58
1747848985, 0, 707, 1351, 1347, 18, 6.76%, 0, 0, 3, 7.68
1747849000, 0, 708, 1351, 1347, 18, 6.76%, 0, 0, 3, 8.04
1747849016, 0, 709, 1351, 1347, 18, 6.76%, 0, 0, 3, 7.83
1747849036, 0, 710, 1351, 1347, 18, 6.76%, 0, 0, 3, 7.95
1747849051, 0, 711, 1351, 1347, 18, 6.76%, 0, 0, 3, 7.91
1747849067, 0, 712, 1351, 1347, 18, 6.76%, 0, 0, 3, 7.72
1747849082, 0, 713, 1351, 1347, 18, 6.76%, 0, 0, 3, 7.54
1747849098, 0, 714, 1351, 1347, 18, 6.76%, 0, 0, 3, 7.65
1747849119, 0, 715, 1351, 1347, 18, 6.76%, 0, 0, 3, 7.86
1747849134, 0, 716, 1351, 1347, 18, 6.76%, 0, 0, 3, 7.82
1747849149, 0, 717, 1351, 1347, 18, 6.76%, 0, 0, 3, 7.57
1747849165, 0, 720, 1351, 1347, 18, 6.76%, 0, 0, 3, 7.79
1747849185, 0, 721, 1351, 1347, 18, 6.76%, 0, 0, 3, 7.95
1747849201, 0, 722, 1351, 1347, 18, 6.76%, 0, 0, 3, 7.82
1747849216, 0, 723, 1351, 1347, 18, 6.76%, 0, 0, 3, 7.96
1747849231, 0, 724, 1351, 1347, 18, 6.76%, 0, 0, 3, 7.91
1747849247, 0, 725, 1351, 1347, 18, 6.76%, 0, 0, 3, 7.74
1747849262, 0, 726, 1351, 1347, 18, 6.76%, 0, 0, 3, 7.77
1747849283, 0, 727, 1351, 1347, 18, 6.76%, 0, 0, 3, 7.74
1747849298, 0, 728, 1351, 1347, 18, 6.76%, 0, 0, 3, 7.53
1747849314, 0, 729, 1351, 1347, 18, 6.76%, 0, 0, 3, 7.60
1747849334, 0, 730, 1351, 1347, 18, 6.76%, 0, 0, 3, 7.59
1747849339, 0, 730, 1352, 1348, 18, 6.76%, 0, 0, 3, 7.72
1747849365, 0, 731, 1352, 1348, 19, 6.76%, 0, 0, 3, 7.84
1747849386, 0, 732, 1352, 1348, 19, 6.76%, 0, 0, 3, 7.80
1747849401, 0, 734, 1353, 1349, 19, 6.76%, 0, 0, 3, 7.53
1747849437, 0, 735, 1353, 1349, 19, 6.76%, 0, 0, 3, 5.33
1747849463, 0, 736, 1353, 1349, 19, 6.76%, 0, 0, 3, 4.59
1747849494, 0, 737, 1353, 1349, 19, 6.76%, 0, 0, 3, 4.72
1747849520, 0, 738, 1353, 1349, 19, 6.76%, 0, 0, 3, 4.53
1747849546, 0, 739, 1353, 1349, 19, 6.76%, 0, 0, 3, 4.52
1747849572, 0, 740, 1353, 1349, 19, 6.76%, 0, 0, 3, 4.66
1747849603, 0, 743, 1353, 1349, 19, 6.76%, 0, 0, 3, 4.67
1747849628, 0, 744, 1353, 1349, 19, 6.76%, 0, 0, 3, 4.65
1747849659, 0, 745, 1353, 1349, 19, 6.76%, 0, 0, 3, 4.48
1747849685, 0, 746, 1353, 1349, 19, 6.76%, 0, 0, 3, 4.47
1747849716, 0, 747, 1353, 1349, 19, 6.76%, 0, 0, 3, 4.44
1747849742, 0, 748, 1353, 1349, 19, 6.76%, 0, 0, 3, 4.47
1747849773, 0, 749, 1353, 1349, 19, 6.76%, 0, 0, 3, 4.54
1747849798, 0, 750, 1353, 1349, 19, 6.76%, 0, 0, 3, 4.47
1747849830, 0, 751, 1353, 1349, 19, 6.76%, 0, 0, 3, 4.42
1747849856, 0, 752, 1353, 1349, 19, 6.76%, 0, 0, 3, 4.54
1747849882, 0, 753, 1353, 1349, 19, 6.76%, 0, 0, 3, 4.59
1747849913, 0, 755, 1353, 1349, 19, 6.76%, 0, 0, 3, 4.55
1747849939, 0, 756, 1353, 1349, 19, 6.76%, 0, 0, 3, 4.61
1747849969, 0, 757, 1353, 1349, 19, 6.76%, 0, 0, 3, 4.32
1747849995, 0, 760, 1353, 1349, 19, 6.76%, 0, 0, 3, 4.39
1747850026, 0, 761, 1353, 1349, 19, 6.76%, 0, 0, 3, 4.45
1747850031, 0, 761, 1354, 1350, 19, 6.76%, 0, 0, 3, 4.28
1747850052, 0, 761, 1355, 1351, 19, 6.76%, 0, 0, 3, 4.38
1747850130, 0, 761, 1356, 1352, 19, 6.76%, 0, 0, 3, 4.32
1747850135, 0, 761, 1357, 1353, 19, 6.76%, 0, 0, 3, 4.27
1747850294, 0, 761, 1358, 1354, 19, 6.76%, 0, 0, 3, 4.39
1747850520, 0, 761, 1359, 1355, 19, 6.76%, 0, 0, 3, 4.50
1747850957, 0, 762, 1359, 1355, 19, 6.76%, 0, 0, 3, 4.49
1747850983, 0, 762, 1360, 1356, 19, 6.76%, 0, 0, 3, 4.31
1747851019, 0, 763, 1360, 1356, 19, 6.76%, 0, 0, 3, 4.43
1747851045, 0, 764, 1360, 1356, 19, 6.76%, 0, 0, 3, 4.60
1747851070, 0, 765, 1360, 1356, 19, 6.76%, 0, 0, 3, 4.64
1747851101, 0, 766, 1360, 1356, 19, 6.76%, 0, 0, 3, 4.52
1747851132, 0, 767, 1361, 1357, 19, 6.76%, 0, 0, 3, 4.27
1747851153, 0, 767, 1362, 1358, 19, 6.76%, 0, 0, 3, 4.36
1747851250, 0, 769, 1362, 1358, 19, 6.76%, 0, 0, 3, 4.42
1747851281, 0, 770, 1362, 1358, 19, 6.76%, 0, 0, 3, 4.29
1747851307, 0, 771, 1362, 1358, 19, 6.76%, 0, 0, 3, 4.45
1747851338, 0, 772, 1363, 1359, 19, 6.76%, 0, 0, 3, 4.38
1747851399, 0, 773, 1363, 1359, 19, 6.76%, 0, 0, 3, 4.35
1747851425, 0, 774, 1363, 1359, 19, 6.76%, 0, 0, 3, 4.47
1747851451, 0, 775, 1363, 1359, 19, 6.76%, 0, 0, 3, 4.63
1747851481, 0, 776, 1363, 1359, 19, 6.76%, 0, 0, 3, 4.61
1747851507, 0, 777, 1364, 1360, 19, 6.76%, 0, 0, 3, 4.49
1747851568, 0, 778, 1364, 1360, 19, 6.76%, 0, 0, 3, 4.40
1747851599, 0, 779, 1364, 1360, 19, 6.76%, 0, 0, 3, 4.33
1747851624, 0, 780, 1364, 1360, 19, 6.76%, 0, 0, 3, 4.44
1747851655, 0, 781, 1364, 1360, 19, 6.76%, 0, 0, 3, 4.38
1747851681, 0, 782, 1364, 1360, 19, 6.76%, 0, 0, 3, 4.50
1747851712, 0, 783, 1364, 1360, 19, 6.76%, 0, 0, 3, 4.54
1747851738, 0, 784, 1364, 1360, 19, 6.76%, 0, 0, 3, 4.41
1747851769, 0, 786, 1364, 1360, 19, 6.76%, 0, 0, 3, 4.57
1747851794, 0, 787, 1364, 1360, 19, 6.76%, 0, 0, 3, 4.60
1747851820, 0, 788, 1364, 1360, 19, 6.76%, 0, 0, 3, 4.73
1747851846, 0, 789, 1364, 1360, 19, 6.76%, 0, 0, 3, 4.54
1747851877, 0, 790, 1364, 1360, 19, 6.76%, 0, 0, 3, 4.50
1747851902, 0, 791, 1364, 1360, 19, 6.76%, 0, 0, 3, 4.53
1747851933, 0, 793, 1364, 1360, 19, 6.76%, 0, 0, 3, 4.46
1747851964, 0, 794, 1364, 1360, 19, 6.76%, 0, 0, 3, 4.56
1747851990, 0, 796, 1364, 1360, 19, 6.76%, 0, 0, 3, 4.60
1747852016, 0, 797, 1364, 1360, 19, 6.76%, 0, 0, 3, 4.54
1747852048, 0, 798, 1364, 1360, 19, 6.76%, 0, 0, 3, 4.31
1747852073, 0, 799, 1364, 1360, 19, 6.76%, 0, 0, 3, 4.56
1747852099, 0, 800, 1364, 1360, 19, 6.76%, 0, 0, 3, 4.64
1747852130, 0, 802, 1364, 1360, 19, 6.76%, 0, 0, 3, 4.67
1747852156, 0, 803, 1364, 1360, 19, 6.76%, 0, 0, 3, 4.64
1747852181, 0, 805, 1364, 1360, 19, 6.76%, 0, 0, 3, 4.65
1747852212, 0, 806, 1364, 1360, 19, 6.76%, 0, 0, 3, 4.65
1747852238, 0, 807, 1364, 1360, 19, 6.76%, 0, 0, 3, 4.50
1747852268, 0, 809, 1364, 1360, 19, 6.76%, 0, 0, 3, 4.46
1747852294, 0, 810, 1364, 1360, 19, 6.76%, 0, 0, 3, 4.51
1747852325, 0, 812, 1364, 1360, 19, 6.76%, 0, 0, 3, 4.33
1747852351, 0, 813, 1364, 1360, 19, 6.76%, 0, 0, 3, 4.53
1747852382, 0, 814, 1364, 1360, 19, 6.76%, 0, 0, 3, 4.65
1747852407, 0, 815, 1364, 1360, 19, 6.76%, 0, 0, 3, 4.53
1747852418, 0, 815, 1365, 1361, 19, 6.76%, 0, 0, 3, 4.17
1747852428, 0, 815, 1366, 1362, 19, 6.76%, 0, 0, 3, 4.21
1747852530, 0, 816, 1366, 1362, 19, 6.76%, 0, 0, 3, 4.58
1747852556, 0, 817, 1366, 1362, 19, 6.76%, 0, 0, 3, 4.61
1747852582, 0, 818, 1366, 1362, 19, 6.76%, 0, 0, 3, 4.63
1747852613, 0, 819, 1366, 1362, 19, 6.76%, 0, 0, 3, 4.55
1747852639, 0, 820, 1366, 1362, 19, 6.76%, 0, 0, 3, 4.61
1747852664, 0, 821, 1366, 1362, 19, 6.76%, 0, 0, 3, 4.68
1747852690, 0, 822, 1366, 1362, 19, 6.76%, 0, 0, 3, 4.68
1747852721, 0, 823, 1366, 1362, 19, 6.76%, 0, 0, 3, 4.50
1747852747, 0, 824, 1366, 1362, 19, 6.76%, 0, 0, 3, 4.56
1747852778, 0, 825, 1366, 1362, 19, 6.76%, 0, 0, 3, 4.69
1747852804, 0, 827, 1366, 1362, 19, 6.76%, 0, 0, 3, 4.67
1747852830, 0, 829, 1366, 1362, 19, 6.76%, 0, 0, 3, 4.52
1747852860, 0, 830, 1366, 1362, 19, 6.76%, 0, 0, 3, 4.53
1747852886, 0, 831, 1366, 1362, 19, 6.76%, 0, 0, 3, 4.44
1747852917, 0, 834, 1366, 1362, 19, 6.76%, 0, 0, 3, 4.33
1747852943, 0, 836, 1366, 1362, 19, 6.76%, 0, 0, 3, 4.32
1747852974, 0, 838, 1366, 1362, 19, 6.76%, 0, 0, 3, 4.55
1747853000, 0, 839, 1366, 1362, 19, 6.76%, 0, 0, 3, 4.65
1747853025, 0, 840, 1366, 1362, 19, 6.76%, 0, 0, 3, 4.72
1747853056, 0, 841, 1366, 1362, 19, 6.76%, 0, 0, 3, 4.34
1747853087, 0, 842, 1366, 1362, 19, 6.76%, 0, 0, 3, 4.39
1747853113, 0, 843, 1366, 1362, 19, 6.76%, 0, 0, 3, 4.57
1747853138, 0, 844, 1366, 1362, 19, 6.76%, 0, 0, 3, 4.63
1747853169, 0, 845, 1366, 1362, 19, 6.76%, 0, 0, 3, 4.62
1747853195, 0, 848, 1366, 1362, 19, 6.76%, 0, 0, 3, 4.53
1747853226, 0, 850, 1366, 1362, 19, 6.76%, 0, 0, 3, 4.35
1747853251, 0, 851, 1366, 1362, 19, 6.76%, 0, 0, 3, 4.54
1747853282, 0, 853, 1366, 1362, 19, 6.76%, 0, 0, 3, 4.46
1747853308, 0, 854, 1366, 1362, 19, 6.76%, 0, 0, 3, 4.35
1747853339, 0, 855, 1366, 1362, 19, 6.76%, 0, 0, 3, 4.58
1747853365, 0, 857, 1366, 1362, 19, 6.76%, 0, 0, 3, 4.64
1747853395, 0, 859, 1366, 1362, 19, 6.76%, 0, 0, 3, 4.54
1747853421, 0, 861, 1366, 1362, 19, 6.76%, 0, 0, 3, 4.53
1747853452, 0, 862, 1366, 1362, 19, 6.76%, 0, 0, 3, 4.35
1747853477, 0, 863, 1366, 1362, 19, 6.76%, 0, 0, 3, 4.43
1747853508, 0, 864, 1366, 1362, 19, 6.76%, 0, 0, 3, 4.44
1747853533, 0, 866, 1366, 1362, 19, 6.76%, 0, 0, 3, 4.47
1747853565, 0, 867, 1366, 1362, 19, 6.76%, 0, 0, 3, 4.72
1747853591, 0, 868, 1366, 1362, 19, 6.76%, 0, 0, 3, 4.40
1747853622, 0, 869, 1366, 1362, 19, 6.76%, 0, 0, 3, 4.32
1747853647, 0, 870, 1366, 1362, 19, 6.76%, 0, 0, 3, 4.52
1747853678, 0, 871, 1366, 1362, 19, 6.76%, 0, 0, 3, 6.74
1747853683, 0, 871, 1367, 1363, 19, 6.76%, 0, 0, 3, 7.21
1747853709, 0, 871, 1368, 1364, 19, 6.76%, 0, 0, 3, 7.27
1747853760, 0, 873, 1368, 1364, 19, 6.76%, 0, 0, 3, 4.46
1747853786, 0, 874, 1368, 1364, 19, 6.76%, 0, 0, 3, 4.60
1747853817, 0, 875, 1368, 1364, 19, 6.76%, 0, 0, 3, 4.52
1747853848, 0, 877, 1368, 1364, 19, 6.76%, 0, 0, 3, 4.64
1747853873, 0, 878, 1368, 1364, 19, 6.76%, 0, 0, 3, 4.65
1747853899, 0, 879, 1368, 1364, 19, 6.76%, 0, 0, 3, 4.57
1747853930, 0, 880, 1368, 1364, 19, 6.76%, 0, 0, 3, 4.60
1747853955, 0, 881, 1368, 1364, 19, 6.76%, 0, 0, 3, 4.48
1747853986, 0, 882, 1368, 1364, 19, 6.76%, 0, 0, 3, 4.44
1747854011, 0, 884, 1368, 1364, 19, 6.76%, 0, 0, 3, 4.46
1747854042, 0, 885, 1368, 1364, 19, 6.76%, 0, 0, 3, 4.45
1747854067, 0, 886, 1368, 1364, 19, 6.76%, 0, 0, 3, 4.76
1747854098, 0, 887, 1368, 1364, 19, 6.76%, 0, 0, 3, 4.53
1747854125, 0, 888, 1368, 1364, 19, 6.76%, 0, 0, 3, 4.52
1747854150, 0, 889, 1368, 1364, 19, 6.76%, 0, 0, 3, 4.60
1747854182, 0, 890, 1368, 1364, 19, 6.76%, 0, 0, 3, 4.38
1747854207, 0, 891, 1368, 1364, 19, 6.76%, 0, 0, 3, 4.36
1747854238, 0, 892, 1368, 1364, 19, 6.76%, 0, 0, 3, 4.61
1747854264, 0, 893, 1368, 1364, 19, 6.76%, 0, 0, 3, 4.63
1747854290, 0, 894, 1368, 1364, 19, 6.76%, 0, 0, 3, 4.50
1747854322, 0, 895, 1368, 1364, 19, 6.76%, 0, 0, 3, 4.65
1747854348, 0, 896, 1368, 1364, 19, 6.76%, 0, 0, 3, 4.49
1747854378, 0, 897, 1368, 1364, 19, 6.76%, 0, 0, 3, 4.32
1747854404, 0, 898, 1368, 1364, 19, 6.76%, 0, 0, 3, 4.29
1747854435, 0, 901, 1368, 1364, 19, 6.76%, 0, 0, 3, 4.46
1747854461, 0, 902, 1368, 1364, 19, 6.76%, 0, 0, 3, 4.60
1747854492, 0, 903, 1368, 1364, 19, 6.76%, 0, 0, 3, 4.62
1747854517, 0, 904, 1368, 1364, 19, 6.76%, 0, 0, 3, 4.44
1747854548, 0, 905, 1368, 1364, 19, 6.76%, 0, 0, 3, 4.39
1747854574, 0, 907, 1368, 1364, 19, 6.76%, 0, 0, 3, 4.26
1747854590, 0, 907, 1369, 1365, 19, 6.76%, 0, 0, 3, 4.11
1747854625, 0, 907, 1370, 1366, 19, 6.76%, 0, 0, 3, 4.04
1747854636, 0, 907, 1371, 1367, 19, 6.76%, 0, 0, 3, 4.10
1747854821, 0, 909, 1371, 1367, 19, 6.76%, 0, 0, 3, 4.33
1747854851, 0, 910, 1371, 1367, 19, 6.76%, 0, 0, 3, 4.43
1747854882, 0, 914, 1371, 1367, 19, 6.76%, 0, 0, 3, 4.25
1747854913, 0, 915, 1371, 1367, 19, 6.76%, 0, 0, 3, 4.40
1747854938, 0, 916, 1371, 1367, 19, 6.76%, 0, 0, 3, 4.51
1747854964, 0, 917, 1371, 1367, 19, 6.76%, 0, 0, 3, 4.58
1747854995, 0, 918, 1371, 1367, 19, 6.76%, 0, 0, 3, 4.52
1747855021, 0, 919, 1371, 1367, 19, 6.76%, 0, 0, 3, 4.69
1747855047, 0, 921, 1371, 1367, 19, 6.76%, 0, 0, 3, 4.72
1747855073, 0, 922, 1371, 1367, 19, 6.76%, 0, 0, 3, 4.72
1747855103, 0, 923, 1371, 1367, 19, 6.76%, 0, 0, 3, 4.52
1747855129, 0, 924, 1371, 1367, 19, 6.76%, 0, 0, 3, 4.75
1747855161, 0, 925, 1371, 1367, 19, 6.76%, 0, 0, 3, 4.49
1747855186, 0, 926, 1371, 1367, 19, 6.76%, 0, 0, 3, 4.48
1747855212, 0, 927, 1371, 1367, 19, 6.76%, 0, 0, 3, 4.60
1747855243, 0, 930, 1371, 1367, 19, 6.76%, 0, 0, 3, 4.64
1747855269, 0, 931, 1371, 1367, 19, 6.76%, 0, 0, 3, 4.58
1747855299, 0, 932, 1371, 1367, 19, 6.76%, 0, 0, 3, 4.47
1747855325, 0, 933, 1371, 1367, 19, 6.76%, 0, 0, 3, 4.75
1747855352, 0, 934, 1371, 1367, 19, 6.76%, 0, 0, 3, 4.66
1747855382, 0, 935, 1371, 1367, 19, 6.76%, 0, 0, 3, 4.41
1747855408, 0, 936, 1371, 1367, 19, 6.76%, 0, 0, 3, 4.36
1747855439, 0, 940, 1371, 1367, 19, 6.76%, 0, 0, 3, 4.36
1747855470, 0, 942, 1371, 1367, 19, 6.76%, 0, 0, 3, 4.59
1747855496, 0, 943, 1371, 1367, 19, 6.76%, 0, 0, 3, 4.66
1747855522, 0, 944, 1371, 1367, 19, 6.76%, 0, 0, 3, 4.72
1747855547, 0, 945, 1371, 1367, 19, 6.76%, 0, 0, 3, 4.69
1747855579, 0, 946, 1371, 1367, 19, 6.76%, 0, 0, 3, 14.87
1747857556, 0, 947, 1371, 1366, 18, 6.76%, 0, 0, 3, 9.70
1747857566, 0, 947, 1372, 1367, 18, 6.76%, 0, 0, 4, 4.64
1747857618, 0, 948, 1372, 1367, 18, 6.76%, 0, 0, 4, 4.52
1747857643, 0, 950, 1372, 1367, 18, 6.76%, 0, 0, 4, 4.62
1747857674, 0, 951, 1372, 1367, 18, 6.76%, 0, 0, 4, 4.31
1747857705, 0, 952, 1372, 1367, 18, 6.76%, 0, 0, 4, 4.49
1747857730, 0, 953, 1372, 1367, 18, 6.76%, 0, 0, 4, 4.34
1747857761, 0, 954, 1372, 1367, 18, 6.76%, 0, 0, 4, 4.30
1747857792, 0, 955, 1372, 1367, 18, 6.76%, 0, 0, 4, 4.40
1747857818, 0, 956, 1372, 1367, 18, 6.76%, 0, 0, 4, 4.45
1747857848, 0, 957, 1372, 1367, 18, 6.76%, 0, 0, 4, 4.45
1747857874, 0, 958, 1372, 1367, 18, 6.76%, 0, 0, 4, 4.62
1747857905, 0, 959, 1372, 1367, 18, 6.76%, 0, 0, 4, 4.57
1747857931, 0, 960, 1372, 1367, 18, 6.76%, 0, 0, 4, 4.58
1747857957, 0, 963, 1372, 1367, 18, 6.76%, 0, 0, 4, 4.47
1747857988, 0, 964, 1372, 1367, 18, 6.76%, 0, 0, 4, 4.70
1747858013, 0, 965, 1372, 1367, 18, 6.76%, 0, 0, 4, 4.59
1747858039, 0, 966, 1372, 1367, 18, 6.76%, 0, 0, 4, 4.64
1747858070, 0, 967, 1372, 1367, 18, 6.76%, 0, 0, 4, 4.70
1747858095, 0, 971, 1372, 1367, 18, 6.76%, 0, 0, 4, 4.57
1747858121, 0, 973, 1372, 1367, 18, 6.76%, 0, 0, 4, 4.47
1747858136, 0, 973, 1373, 1368, 18, 6.76%, 0, 0, 4, 4.24
1747858183, 0, 974, 1373, 1368, 18, 6.76%, 0, 0, 4, 4.37
1747858213, 0, 975, 1373, 1368, 18, 6.76%, 0, 0, 4, 4.35
1747858244, 0, 976, 1373, 1368, 18, 6.76%, 0, 0, 4, 4.36
1747858275, 0, 978, 1373, 1368, 18, 6.76%, 0, 0, 4, 4.63
1747858300, 0, 980, 1373, 1368, 18, 6.76%, 0, 0, 4, 4.70
1747858326, 0, 981, 1373, 1368, 18, 6.76%, 0, 0, 4, 4.58
1747858353, 0, 982, 1373, 1368, 18, 6.76%, 0, 0, 4, 4.52
1747858384, 0, 983, 1373, 1368, 18, 6.76%, 0, 0, 4, 4.61
1747858409, 0, 984, 1373, 1368, 18, 6.76%, 0, 0, 4, 4.48
1747858435, 0, 985, 1373, 1368, 18, 6.76%, 0, 0, 4, 4.50
1747858466, 0, 986, 1373, 1368, 18, 6.76%, 0, 0, 4, 4.67
1747858492, 0, 987, 1373, 1368, 18, 6.76%, 0, 0, 4, 4.23
1747858523, 0, 988, 1373, 1368, 18, 6.76%, 0, 0, 4, 4.38
1747858533, 0, 988, 1374, 1369, 18, 6.76%, 0, 0, 4, 4.14
1747858548, 0, 988, 1375, 1370, 18, 6.76%, 0, 0, 4, 4.22
1747858605, 0, 988, 1376, 1371, 18, 6.76%, 0, 0, 4, 4.40
1747858657, 0, 988, 1377, 1372, 18, 6.76%, 0, 0, 4, 4.24
1747858734, 0, 988, 1378, 1373, 18, 6.76%, 0, 0, 4, 4.38
1747858760, 0, 988, 1379, 1374, 18, 6.76%, 0, 0, 4, 4.37
1747858770, 0, 988, 1380, 1375, 18, 6.76%, 0, 0, 4, 4.43
1747858786, 0, 988, 1381, 1376, 18, 6.76%, 0, 0, 4, 4.58
1747858946, 0, 988, 1382, 1377, 18, 6.76%, 0, 0, 4, 4.25
1747858961, 0, 988, 1383, 1378, 18, 6.76%, 0, 0, 4, 4.19
1747859451, 0, 990, 1383, 1378, 18, 6.76%, 0, 0, 4, 4.68
1747859482, 0, 991, 1383, 1378, 18, 6.76%, 0, 0, 4, 4.43
1747859508, 0, 992, 1383, 1378, 18, 6.76%, 0, 0, 4, 4.40
1747859518, 0, 992, 1384, 1379, 18, 6.76%, 0, 0, 4, 4.06
1747859560, 0, 992, 1385, 1380, 18, 6.76%, 0, 0, 4, 4.12
1747859565, 0, 992, 1386, 1381, 18, 6.76%, 0, 0, 4, 4.12
1747859688, 0, 992, 1387, 1382, 18, 6.76%, 0, 0, 4, 4.19
1747859698, 0, 992, 1388, 1383, 18, 6.76%, 0, 0, 4, 4.26
1747859703, 0, 992, 1389, 1384, 18, 6.76%, 0, 0, 4, 4.16
1747859771, 0, 992, 1390, 1385, 18, 6.76%, 0, 0, 4, 4.14
1747859786, 0, 992, 1391, 1386, 18, 6.76%, 0, 0, 4, 4.28
1747859822, 0, 992, 1392, 1387, 18, 6.76%, 0, 0, 4, 4.29
1747859998, 0, 992, 1393, 1388, 18, 6.76%, 0, 0, 4, 4.07
1747860193, 0, 992, 1394, 1389, 18, 6.76%, 0, 0, 4, 4.28
1747860297, 0, 992, 1395, 1390, 18, 6.76%, 0, 0, 4, 4.29
1747860467, 0, 994, 1395, 1390, 18, 6.76%, 0, 0, 4, 4.63
1747860492, 0, 995, 1396, 1391, 18, 6.76%, 0, 0, 4, 4.22
1747860549, 0, 996, 1396, 1391, 18, 6.76%, 0, 0, 4, 4.37
1747860580, 0, 997, 1396, 1391, 18, 6.76%, 0, 0, 4, 4.50
1747860591, 0, 997, 1397, 1392, 18, 6.76%, 0, 0, 4, 3.95
1747860637, 0, 997, 1398, 1393, 18, 6.76%, 0, 0, 4, 4.12
