# unix_time, cycles_done, cur_path, paths_total, pending_total, pending_favs, map_size, unique_crashes, unique_hangs, max_depth, execs_per_sec
1747817515, 0, 0, 1, 1, 1, 3.78%, 0, 0, 1, 55.94
1747817520, 0, 0, 22, 22, 1, 4.67%, 0, 0, 2, 53.51
1747817525, 0, 0, 38, 38, 1, 4.69%, 0, 0, 2, 50.96
1747817530, 0, 0, 54, 54, 1, 4.69%, 0, 0, 2, 49.44
1747817535, 0, 0, 60, 60, 1, 4.69%, 0, 0, 2, 52.23
1747817541, 0, 0, 68, 68, 1, 4.96%, 0, 0, 2, 49.98
1747817546, 0, 0, 70, 70, 1, 4.96%, 0, 0, 2, 53.51
1747817551, 0, 0, 71, 71, 1, 4.96%, 0, 0, 2, 54.19
1747817556, 0, 0, 74, 74, 1, 5.01%, 0, 0, 2, 53.14
1747817561, 0, 0, 79, 79, 1, 5.02%, 0, 0, 2, 51.75
1747817566, 0, 0, 82, 82, 1, 5.03%, 0, 0, 2, 52.38
1747817571, 0, 0, 84, 84, 1, 5.04%, 0, 0, 2, 52.92
1747817576, 0, 0, 87, 87, 1, 5.04%, 0, 0, 2, 52.33
1747817581, 0, 0, 89, 89, 1, 5.04%, 0, 0, 2, 53.25
1747817586, 0, 0, 93, 93, 1, 5.04%, 0, 0, 2, 51.23
1747817592, 0, 0, 96, 96, 1, 5.04%, 0, 0, 2, 52.82
1747817597, 0, 0, 97, 97, 1, 5.04%, 0, 0, 2, 52.70
1747817602, 0, 0, 98, 98, 1, 5.04%, 0, 0, 2, 54.28
1747817607, 0, 0, 101, 101, 1, 5.05%, 0, 0, 2, 53.44
1747817612, 0, 0, 102, 102, 1, 5.05%, 0, 0, 2, 53.77
1747817632, 0, 0, 103, 103, 1, 5.07%, 0, 0, 2, 54.35
1747817648, 0, 0, 105, 105, 1, 5.07%, 0, 0, 2, 53.74
1747817663, 0, 0, 107, 107, 1, 5.07%, 0, 0, 2, 53.44
1747817668, 0, 0, 110, 110, 1, 5.07%, 0, 0, 2, 52.83
1747817673, 0, 0, 111, 111, 1, 5.07%, 0, 0, 2, 54.30
1747817683, 0, 0, 113, 113, 1, 5.07%, 0, 0, 2, 53.74
1747817688, 0, 0, 115, 115, 1, 5.07%, 0, 0, 2, 53.90
1747817708, 0, 0, 116, 116, 1, 5.07%, 0, 0, 2, 54.55
1747817719, 0, 0, 117, 117, 1, 5.07%, 0, 0, 2, 54.54
1747817724, 0, 0, 118, 118, 1, 5.07%, 0, 0, 2, 54.25
1747817729, 0, 0, 119, 119, 1, 5.07%, 0, 0, 2, 52.86
1747817739, 0, 0, 120, 120, 1, 5.07%, 0, 0, 2, 53.85
1747817744, 0, 0, 122, 122, 1, 5.07%, 0, 0, 2, 52.42
1747817759, 0, 0, 124, 124, 1, 5.07%, 0, 0, 2, 54.29
1747817769, 0, 0, 125, 125, 1, 5.07%, 0, 0, 2, 53.90
1747817780, 0, 0, 126, 126, 1, 5.07%, 0, 0, 2, 53.88
1747817790, 0, 0, 129, 129, 1, 5.07%, 0, 0, 2, 52.02
1747817836, 0, 0, 130, 130, 1, 5.07%, 0, 0, 2, 53.87
1747817846, 0, 1, 147, 146, 8, 5.07%, 0, 0, 2, 35.18
1747817851, 0, 1, 162, 161, 8, 5.08%, 0, 0, 2, 30.07
1747817856, 0, 1, 177, 176, 8, 5.11%, 0, 0, 2, 28.69
1747817861, 0, 1, 189, 188, 8, 5.11%, 0, 0, 2, 29.13
1747817866, 0, 1, 202, 201, 8, 5.11%, 0, 0, 2, 29.15
1747817871, 0, 1, 215, 214, 8, 5.11%, 0, 0, 2, 28.80
1747817876, 0, 1, 225, 224, 8, 5.11%, 0, 0, 2, 29.19
1747817881, 0, 1, 237, 236, 8, 5.11%, 0, 0, 2, 28.36
1747817887, 0, 1, 248, 247, 8, 5.11%, 0, 0, 2, 28.83
1747817892, 0, 1, 259, 258, 8, 5.11%, 0, 0, 2, 28.43
1747817897, 0, 1, 267, 266, 8, 5.11%, 0, 0, 2, 29.09
1747817902, 0, 1, 277, 276, 8, 5.11%, 0, 0, 2, 29.30
1747817907, 0, 1, 285, 284, 8, 5.11%, 0, 0, 2, 29.17
1747817912, 0, 1, 293, 292, 8, 5.11%, 0, 0, 2, 29.12
1747817918, 0, 1, 301, 300, 8, 5.11%, 0, 0, 2, 28.76
1747817923, 0, 1, 308, 307, 8, 5.11%, 0, 0, 2, 28.93
1747817928, 0, 1, 312, 311, 8, 5.11%, 0, 0, 2, 28.93
1747817933, 0, 1, 317, 316, 8, 5.12%, 0, 0, 2, 28.51
1747817938, 0, 1, 320, 319, 8, 5.12%, 0, 0, 2, 29.38
1747817943, 0, 1, 324, 323, 8, 5.12%, 0, 0, 2, 29.25
1747817948, 0, 1, 325, 324, 8, 5.12%, 0, 0, 2, 29.50
1747817953, 0, 1, 326, 325, 8, 5.12%, 0, 0, 2, 29.94
1747817958, 0, 1, 330, 329, 8, 5.12%, 0, 0, 2, 29.76
1747817963, 0, 1, 334, 333, 8, 5.12%, 0, 0, 2, 28.56
1747817969, 0, 1, 335, 334, 8, 5.12%, 0, 0, 2, 29.31
1747817974, 0, 1, 337, 336, 8, 5.12%, 0, 0, 2, 29.70
1747817979, 0, 1, 339, 338, 8, 5.13%, 0, 0, 2, 29.21
1747817984, 0, 1, 340, 339, 8, 5.13%, 0, 0, 2, 29.45
1747817989, 0, 1, 342, 341, 8, 5.13%, 0, 0, 2, 29.15
1747817994, 0, 1, 344, 343, 8, 5.13%, 0, 0, 2, 29.42
1747817999, 0, 1, 346, 345, 8, 5.13%, 0, 0, 2, 29.56
1747818004, 0, 1, 348, 347, 8, 5.13%, 0, 0, 2, 29.08
1747818009, 0, 1, 350, 349, 8, 5.13%, 0, 0, 2, 29.14
1747818020, 0, 1, 351, 350, 8, 5.13%, 0, 0, 2, 29.91
1747818030, 0, 1, 352, 351, 8, 5.13%, 0, 0, 2, 29.37
1747818035, 0, 1, 353, 352, 8, 5.13%, 0, 0, 2, 29.58
1747818045, 0, 3, 361, 360, 9, 5.13%, 0, 0, 2, 26.48
1747818050, 0, 3, 368, 367, 9, 5.13%, 0, 0, 2, 25.19
1747818056, 0, 3, 374, 373, 9, 5.13%, 0, 0, 2, 24.71
1747818061, 0, 3, 380, 379, 9, 5.13%, 0, 0, 2, 24.34
1747818066, 0, 3, 383, 382, 9, 5.13%, 0, 0, 2, 24.42
1747818071, 0, 3, 385, 384, 9, 5.13%, 0, 0, 2, 24.79
1747818076, 0, 3, 389, 388, 9, 5.13%, 0, 0, 2, 24.90
1747818081, 0, 3, 391, 390, 9, 5.13%, 0, 0, 2, 25.22
1747818086, 0, 3, 392, 391, 9, 5.13%, 0, 0, 2, 25.08
1747818092, 0, 3, 397, 396, 9, 5.13%, 0, 0, 2, 24.67
1747818097, 0, 3, 398, 397, 9, 5.13%, 0, 0, 2, 25.52
1747818102, 0, 3, 400, 399, 9, 5.13%, 0, 0, 2, 25.02
1747818122, 0, 3, 401, 400, 9, 5.13%, 0, 0, 2, 25.58
1747818127, 0, 3, 402, 401, 9, 5.13%, 0, 0, 2, 25.37
1747818132, 0, 3, 404, 403, 9, 5.13%, 0, 0, 2, 25.11
1747818137, 0, 3, 405, 404, 9, 5.14%, 0, 0, 2, 25.49
1747818142, 0, 3, 406, 405, 9, 5.14%, 0, 0, 2, 25.46
1747818152, 0, 3, 407, 406, 9, 5.14%, 0, 0, 2, 25.46
1747818158, 0, 3, 409, 408, 9, 5.14%, 0, 0, 2, 25.40
1747818163, 0, 3, 410, 409, 9, 5.14%, 0, 0, 2, 25.06
1747818168, 0, 3, 411, 410, 9, 5.14%, 0, 0, 2, 25.18
1747818173, 0, 3, 412, 411, 9, 5.14%, 0, 0, 2, 25.36
1747818188, 0, 3, 413, 412, 9, 5.14%, 0, 0, 2, 25.44
1747818198, 0, 3, 417, 416, 9, 5.15%, 0, 0, 2, 25.56
1747818204, 0, 3, 424, 423, 9, 5.18%, 0, 0, 2, 25.04
1747818229, 0, 4, 425, 424, 9, 5.20%, 0, 0, 2, 27.70
1747818239, 0, 5, 426, 425, 10, 5.20%, 0, 0, 2, 28.86
1747818245, 0, 5, 429, 428, 10, 5.21%, 0, 0, 2, 29.17
1747818260, 0, 5, 430, 429, 10, 5.21%, 0, 0, 2, 29.10
1747818270, 0, 5, 431, 430, 10, 5.21%, 0, 0, 2, 28.90
1747818275, 0, 5, 432, 431, 10, 5.21%, 0, 0, 2, 29.09
1747818280, 0, 5, 433, 432, 10, 5.21%, 0, 0, 2, 29.10
1747818286, 0, 5, 434, 433, 10, 5.21%, 0, 0, 2, 29.06
1747818291, 0, 5, 436, 435, 10, 5.21%, 0, 0, 2, 28.21
1747818306, 0, 5, 438, 437, 10, 5.21%, 0, 0, 2, 28.54
1747818321, 0, 5, 439, 438, 10, 5.21%, 0, 0, 2, 28.66
1747818346, 0, 5, 440, 439, 10, 5.21%, 0, 0, 2, 27.66
1747818377, 0, 5, 441, 440, 10, 5.22%, 0, 0, 2, 28.27
1747818382, 0, 5, 442, 441, 10, 5.22%, 0, 0, 2, 28.30
1747818387, 0, 6, 445, 444, 13, 5.22%, 0, 0, 2, 28.39
1747818392, 0, 6, 447, 446, 13, 5.22%, 0, 0, 2, 28.60
1747818397, 0, 6, 448, 447, 13, 5.22%, 0, 0, 2, 28.54
1747818402, 0, 6, 450, 449, 13, 5.22%, 0, 0, 2, 28.36
1747818407, 0, 6, 451, 450, 13, 5.23%, 0, 0, 2, 28.50
1747818412, 0, 6, 452, 451, 13, 5.23%, 0, 0, 2, 28.82
1747818418, 0, 6, 459, 458, 13, 5.23%, 0, 0, 2, 28.93
1747818423, 0, 6, 461, 460, 13, 5.23%, 0, 0, 2, 28.64
1747818428, 0, 6, 466, 465, 13, 5.23%, 0, 0, 2, 28.65
1747818438, 0, 6, 468, 467, 13, 5.23%, 0, 0, 2, 28.60
1747818443, 0, 6, 469, 468, 13, 5.23%, 0, 0, 2, 28.70
1747818453, 0, 6, 470, 469, 13, 5.23%, 0, 0, 2, 28.38
1747818498, 0, 6, 471, 470, 13, 5.23%, 0, 0, 2, 28.46
1747818514, 0, 6, 472, 471, 13, 5.23%, 0, 0, 2, 28.77
1747818524, 0, 6, 473, 472, 13, 5.23%, 0, 0, 2, 28.55
1747818534, 0, 6, 474, 473, 13, 5.23%, 0, 0, 2, 28.54
1747818539, 0, 7, 474, 473, 12, 5.23%, 0, 0, 2, 28.48
1747818544, 0, 8, 478, 477, 12, 5.23%, 0, 0, 2, 24.61
1747818549, 0, 8, 485, 484, 12, 5.23%, 0, 0, 2, 21.84
1747818554, 0, 8, 491, 490, 12, 5.23%, 0, 0, 2, 21.12
1747818559, 0, 8, 499, 498, 12, 5.23%, 0, 0, 2, 20.41
1747818564, 0, 8, 502, 501, 12, 5.23%, 0, 0, 2, 20.87
1747818569, 0, 8, 506, 505, 12, 5.23%, 0, 0, 2, 20.64
1747818574, 0, 8, 509, 508, 12, 5.23%, 0, 0, 2, 20.75
1747818580, 0, 8, 512, 511, 12, 5.23%, 0, 0, 2, 20.51
1747818585, 0, 8, 513, 512, 12, 5.23%, 0, 0, 2, 21.04
1747818590, 0, 8, 518, 517, 12, 5.23%, 0, 0, 2, 20.73
1747818595, 0, 8, 520, 519, 12, 5.23%, 0, 0, 2, 20.94
1747818600, 0, 8, 522, 521, 12, 5.23%, 0, 0, 2, 20.90
1747818605, 0, 8, 524, 523, 12, 5.23%, 0, 0, 2, 20.92
1747818610, 0, 8, 527, 526, 12, 5.23%, 0, 0, 2, 21.00
1747818620, 0, 8, 529, 528, 12, 5.23%, 0, 0, 2, 20.85
1747818625, 0, 8, 531, 530, 12, 5.23%, 0, 0, 2, 20.92
1747818646, 0, 8, 533, 532, 12, 5.23%, 0, 0, 2, 20.62
1747818651, 0, 8, 535, 534, 12, 5.23%, 0, 0, 2, 21.01
1747818656, 0, 8, 538, 537, 12, 5.23%, 0, 0, 2, 20.60
1747818666, 0, 8, 539, 538, 12, 5.23%, 0, 0, 2, 34.34
1747818671, 0, 8, 540, 539, 12, 5.23%, 0, 0, 2, 36.09
1747818676, 0, 8, 541, 540, 12, 5.23%, 0, 0, 2, 36.21
1747818681, 0, 8, 542, 541, 12, 5.23%, 0, 0, 2, 36.46
1747818686, 0, 8, 543, 542, 12, 5.23%, 0, 0, 2, 36.38
1747818692, 0, 8, 544, 543, 12, 5.23%, 0, 0, 2, 36.27
1747818702, 0, 8, 545, 544, 12, 5.23%, 0, 0, 2, 36.01
1747818707, 0, 8, 546, 545, 12, 5.23%, 0, 0, 2, 36.23
1747818717, 0, 8, 547, 546, 12, 5.23%, 0, 0, 2, 36.27
1747818722, 0, 10, 547, 546, 11, 5.23%, 0, 0, 2, 41.22
1747818727, 0, 13, 547, 546, 11, 5.23%, 0, 0, 2, 45.44
1747818732, 0, 15, 547, 546, 11, 5.23%, 0, 0, 2, 46.24
1747818737, 0, 15, 549, 548, 11, 5.23%, 0, 0, 2, 44.96
1747818743, 0, 15, 550, 549, 11, 5.23%, 0, 0, 2, 44.72
1747818748, 0, 15, 552, 551, 11, 5.23%, 0, 0, 2, 44.57
1747818763, 0, 15, 553, 552, 11, 5.23%, 0, 0, 2, 43.28
1747818773, 0, 15, 554, 553, 11, 5.23%, 0, 0, 2, 44.52
1747818829, 0, 17, 554, 553, 11, 5.23%, 0, 0, 2, 45.83
1747818834, 0, 21, 554, 553, 11, 5.23%, 0, 0, 2, 43.00
1747818839, 0, 21, 556, 555, 11, 5.23%, 0, 0, 2, 41.85
1747818844, 0, 21, 557, 556, 11, 5.23%, 0, 0, 2, 41.42
1747818860, 0, 21, 558, 557, 11, 5.23%, 0, 0, 2, 41.43
1747818870, 0, 21, 560, 559, 11, 5.23%, 0, 0, 2, 41.54
1747818896, 0, 21, 561, 560, 11, 5.25%, 0, 0, 2, 41.72
1747818937, 0, 23, 561, 560, 12, 5.25%, 0, 0, 2, 43.66
1747818942, 0, 23, 562, 561, 12, 5.25%, 0, 0, 2, 43.56
1747818947, 0, 24, 568, 567, 12, 5.25%, 0, 0, 2, 40.60
1747818952, 0, 24, 570, 569, 12, 5.25%, 0, 0, 2, 40.13
1747818957, 0, 24, 572, 571, 12, 5.25%, 0, 0, 2, 40.14
1747818978, 0, 24, 573, 572, 12, 5.25%, 0, 0, 2, 40.12
1747818983, 0, 24, 575, 574, 12, 5.71%, 0, 0, 2, 40.27
1747819003, 0, 24, 576, 575, 12, 5.71%, 0, 0, 2, 40.01
1747819008, 0, 24, 578, 577, 12, 5.73%, 0, 0, 2, 39.77
1747819029, 0, 24, 579, 578, 12, 5.73%, 0, 0, 2, 39.11
1747819044, 0, 24, 580, 579, 12, 5.74%, 0, 0, 2, 39.93
1747819049, 0, 25, 580, 579, 13, 5.74%, 0, 0, 2, 41.13
1747819054, 0, 27, 581, 580, 13, 5.74%, 0, 0, 2, 44.55
1747819060, 0, 27, 584, 583, 13, 5.74%, 0, 0, 2, 45.62
1747819070, 0, 27, 585, 584, 13, 5.74%, 0, 0, 2, 45.95
1747819146, 0, 29, 589, 588, 13, 5.76%, 0, 0, 2, 38.46
1747819152, 0, 29, 600, 599, 13, 5.76%, 0, 0, 2, 34.45
1747819157, 0, 29, 607, 606, 13, 5.76%, 0, 0, 2, 33.28
1747819162, 0, 29, 611, 610, 13, 5.76%, 0, 0, 2, 33.32
1747819167, 0, 29, 615, 614, 13, 5.76%, 0, 0, 2, 33.49
1747819172, 0, 29, 617, 616, 13, 5.76%, 0, 0, 2, 33.86
1747819177, 0, 29, 621, 620, 13, 5.76%, 0, 0, 2, 33.77
1747819182, 0, 29, 624, 623, 13, 5.76%, 0, 0, 2, 33.65
1747819187, 0, 29, 626, 625, 13, 5.76%, 0, 0, 2, 34.06
1747819192, 0, 29, 629, 628, 13, 5.76%, 0, 0, 2, 33.56
1747819197, 0, 29, 630, 629, 13, 5.76%, 0, 0, 2, 34.10
1747819202, 0, 29, 631, 630, 13, 5.76%, 0, 0, 2, 33.72
1747819208, 0, 29, 634, 633, 13, 5.76%, 0, 0, 2, 33.59
1747819213, 0, 29, 635, 634, 13, 5.76%, 0, 0, 2, 33.99
1747819218, 0, 29, 636, 635, 13, 5.88%, 0, 0, 2, 33.88
1747819223, 0, 29, 639, 638, 13, 5.88%, 0, 0, 2, 34.09
1747819228, 0, 29, 641, 640, 13, 5.88%, 0, 0, 2, 34.30
1747819249, 0, 29, 643, 642, 13, 5.88%, 0, 0, 2, 33.73
1747819254, 0, 29, 644, 643, 13, 5.88%, 0, 0, 2, 33.73
1747819264, 0, 29, 645, 644, 13, 5.88%, 0, 0, 2, 34.58
1747819274, 0, 29, 646, 645, 13, 5.88%, 0, 0, 2, 34.00
1747819285, 0, 30, 646, 645, 13, 5.88%, 0, 0, 2, 22.47
1747819290, 0, 31, 648, 647, 13, 5.88%, 0, 0, 2, 20.23
1747819295, 0, 31, 655, 654, 13, 5.88%, 0, 0, 2, 18.27
1747819300, 0, 31, 660, 659, 13, 5.88%, 0, 0, 2, 17.77
1747819305, 0, 31, 665, 664, 13, 5.88%, 0, 0, 2, 17.50
1747819310, 0, 31, 666, 665, 13, 5.88%, 0, 0, 2, 17.72
1747819316, 0, 31, 669, 668, 13, 5.88%, 0, 0, 2, 17.53
1747819321, 0, 31, 671, 670, 13, 5.88%, 0, 0, 2, 17.77
1747819326, 0, 31, 676, 675, 13, 5.88%, 0, 0, 2, 26.60
1747819331, 0, 31, 678, 677, 13, 5.88%, 0, 0, 2, 28.89
1747819336, 0, 31, 679, 678, 13, 5.88%, 0, 0, 2, 29.81
1747819341, 0, 31, 680, 679, 13, 5.88%, 0, 0, 2, 29.87
1747819347, 0, 31, 685, 684, 13, 5.88%, 0, 0, 2, 29.44
1747819352, 0, 31, 686, 685, 13, 5.88%, 0, 0, 2, 29.66
1747819357, 0, 31, 688, 687, 13, 5.88%, 0, 0, 2, 29.48
1747819367, 0, 31, 689, 688, 13, 5.88%, 0, 0, 2, 30.06
1747819372, 0, 31, 691, 690, 13, 5.89%, 0, 0, 2, 29.91
1747819377, 0, 31, 692, 691, 13, 5.89%, 0, 0, 2, 29.71
1747819393, 0, 31, 693, 692, 13, 5.89%, 0, 0, 2, 29.80
1747819398, 0, 31, 695, 694, 13, 5.89%, 0, 0, 2, 29.60
1747819413, 0, 31, 696, 695, 13, 5.89%, 0, 0, 2, 29.66
1747819423, 0, 31, 697, 696, 13, 5.89%, 0, 0, 2, 29.95
1747819454, 0, 32, 698, 697, 14, 5.89%, 0, 0, 2, 30.75
1747819459, 0, 33, 700, 699, 14, 5.89%, 0, 0, 2, 36.84
1747819474, 0, 35, 700, 699, 14, 5.89%, 0, 0, 2, 31.94
1747819479, 0, 36, 702, 701, 14, 5.89%, 0, 0, 2, 39.08
1747819485, 0, 36, 703, 702, 14, 5.89%, 0, 0, 2, 41.68
1747819505, 0, 38, 706, 705, 15, 5.89%, 0, 0, 2, 30.81
1747819510, 0, 38, 707, 706, 15, 5.89%, 0, 0, 2, 28.57
1747819515, 0, 38, 709, 708, 15, 5.89%, 0, 0, 2, 28.02
1747819521, 0, 38, 713, 712, 15, 5.89%, 0, 0, 2, 27.76
1747819526, 0, 38, 716, 715, 15, 5.89%, 0, 0, 2, 27.20
1747819531, 0, 38, 719, 718, 15, 5.89%, 0, 0, 2, 27.10
1747819536, 0, 38, 720, 719, 15, 5.89%, 0, 0, 2, 27.40
1747819541, 0, 38, 723, 722, 15, 5.89%, 0, 0, 2, 27.60
1747819546, 0, 38, 726, 725, 15, 5.89%, 0, 0, 2, 27.41
1747819552, 0, 38, 728, 727, 15, 5.90%, 0, 0, 2, 27.06
1747819557, 0, 38, 731, 730, 15, 5.90%, 0, 0, 2, 27.46
1747819567, 0, 38, 733, 732, 15, 5.90%, 0, 0, 2, 27.85
1747819572, 0, 38, 734, 733, 15, 5.90%, 0, 0, 2, 27.92
1747819598, 0, 38, 735, 734, 15, 5.90%, 0, 0, 2, 27.88
1747819623, 0, 38, 736, 735, 15, 5.90%, 0, 0, 2, 28.01
1747819634, 0, 38, 738, 737, 15, 5.90%, 0, 0, 2, 27.96
1747819659, 0, 39, 739, 738, 15, 5.90%, 0, 0, 2, 30.57
1747819664, 0, 41, 739, 738, 15, 5.90%, 0, 0, 2, 68.20
1747819690, 0, 42, 739, 737, 15, 5.90%, 0, 0, 2, 78.38
1747819695, 0, 43, 741, 739, 15, 5.90%, 0, 0, 3, 42.01
1747819700, 0, 43, 743, 741, 15, 5.90%, 0, 0, 3, 30.30
1747819705, 0, 43, 744, 742, 15, 5.90%, 0, 0, 3, 27.83
1747819710, 0, 43, 745, 743, 15, 5.90%, 0, 0, 3, 27.16
1747819716, 0, 43, 746, 744, 15, 5.90%, 0, 0, 3, 27.11
1747819721, 0, 43, 749, 747, 15, 5.90%, 0, 0, 3, 26.72
1747819726, 0, 43, 750, 748, 15, 5.90%, 0, 0, 3, 26.87
1747819731, 0, 43, 751, 749, 15, 5.96%, 0, 0, 3, 26.72
1747819736, 0, 43, 752, 750, 15, 5.96%, 0, 0, 3, 26.97
1747819741, 0, 43, 753, 751, 15, 5.96%, 0, 0, 3, 26.97
1747819751, 0, 43, 754, 752, 15, 5.96%, 0, 0, 3, 27.01
1747819756, 0, 43, 755, 753, 15, 5.96%, 0, 0, 3, 26.70
1747819766, 0, 43, 756, 754, 15, 5.96%, 0, 0, 3, 26.85
1747819777, 0, 43, 757, 755, 15, 5.96%, 0, 0, 3, 26.31
1747819782, 0, 43, 758, 756, 15, 5.96%, 0, 0, 3, 26.54
1747819802, 0, 43, 759, 757, 15, 5.96%, 0, 0, 3, 26.86
1747819817, 0, 43, 760, 758, 15, 5.96%, 0, 0, 3, 27.00
1747819843, 0, 43, 761, 759, 15, 5.96%, 0, 0, 3, 27.14
1747819853, 0, 45, 761, 759, 15, 5.96%, 0, 0, 3, 32.19
1747819858, 0, 48, 761, 759, 15, 5.96%, 0, 0, 3, 36.44
1747819863, 0, 48, 762, 760, 15, 5.96%, 0, 0, 3, 28.02
1747819868, 0, 48, 763, 761, 15, 5.96%, 0, 0, 3, 26.16
1747819879, 0, 52, 764, 762, 15, 5.96%, 0, 0, 3, 25.49
1747819884, 0, 52, 774, 772, 15, 5.96%, 0, 0, 3, 22.37
1747819889, 0, 52, 783, 781, 15, 5.97%, 0, 0, 3, 21.35
1747819894, 0, 52, 788, 786, 15, 5.97%, 0, 0, 3, 21.68
1747819899, 0, 52, 792, 790, 15, 5.97%, 0, 0, 3, 21.58
1747819904, 0, 52, 796, 794, 15, 5.97%, 0, 0, 3, 21.85
1747819909, 0, 52, 800, 798, 15, 5.97%, 0, 0, 3, 21.67
1747819914, 0, 52, 802, 800, 15, 5.97%, 0, 0, 3, 22.21
1747819919, 0, 52, 803, 801, 15, 5.97%, 0, 0, 3, 22.15
1747819930, 0, 52, 804, 802, 15, 5.97%, 0, 0, 3, 22.15
1747819935, 0, 52, 807, 805, 15, 5.97%, 0, 0, 3, 22.14
1747819940, 0, 52, 809, 807, 15, 5.97%, 0, 0, 3, 22.01
1747819950, 0, 52, 810, 808, 15, 5.97%, 0, 0, 3, 22.27
1747819966, 0, 52, 812, 810, 15, 5.97%, 0, 0, 3, 22.14
1747820007, 0, 52, 813, 811, 15, 5.97%, 0, 0, 3, 22.23
1747820012, 0, 52, 814, 812, 15, 5.97%, 0, 0, 3, 22.16
1747820022, 0, 52, 817, 815, 15, 5.97%, 0, 0, 3, 22.10
1747820027, 0, 52, 819, 817, 15, 5.97%, 0, 0, 3, 22.21
1747820043, 0, 52, 820, 818, 15, 5.97%, 0, 0, 3, 22.39
1747820053, 0, 52, 821, 819, 15, 5.97%, 0, 0, 3, 22.37
1747820069, 0, 52, 822, 820, 15, 5.97%, 0, 0, 3, 21.94
1747820089, 0, 54, 828, 826, 17, 5.97%, 0, 0, 3, 20.02
1747820094, 0, 54, 831, 829, 17, 5.97%, 0, 0, 3, 19.52
1747820099, 0, 54, 835, 833, 17, 5.97%, 0, 0, 3, 19.52
1747820105, 0, 54, 838, 836, 17, 5.97%, 0, 0, 3, 19.40
1747820110, 0, 54, 839, 837, 17, 5.97%, 0, 0, 3, 19.58
1747820120, 0, 54, 841, 839, 17, 5.97%, 0, 0, 3, 19.44
1747820125, 0, 54, 843, 841, 17, 5.97%, 0, 0, 3, 19.40
1747820130, 0, 54, 845, 843, 17, 5.97%, 0, 0, 3, 19.37
1747820135, 0, 54, 846, 844, 17, 5.97%, 0, 0, 3, 19.36
1747820176, 0, 54, 849, 847, 17, 5.97%, 0, 0, 3, 19.25
1747820186, 0, 54, 850, 848, 17, 5.97%, 0, 0, 3, 19.58
1747820232, 0, 54, 852, 850, 17, 5.97%, 0, 0, 3, 19.47
1747820242, 0, 54, 853, 851, 17, 5.97%, 0, 0, 3, 19.35
1747820257, 0, 54, 854, 852, 17, 5.97%, 0, 0, 3, 19.07
1747820262, 0, 54, 855, 853, 17, 5.97%, 0, 0, 3, 19.13
1747820293, 0, 54, 856, 854, 17, 5.97%, 0, 0, 3, 19.47
1747820313, 0, 55, 858, 856, 18, 6.10%, 0, 0, 3, 19.27
1747820318, 0, 55, 860, 858, 18, 6.10%, 0, 0, 3, 19.22
1747820323, 0, 55, 862, 860, 18, 6.10%, 0, 0, 3, 19.32
1747820328, 0, 55, 863, 861, 18, 6.10%, 0, 0, 3, 19.20
1747820334, 0, 55, 864, 862, 18, 6.11%, 0, 0, 3, 19.32
1747820344, 0, 55, 865, 863, 18, 6.11%, 0, 0, 3, 19.25
1747820354, 0, 55, 866, 864, 18, 6.11%, 0, 0, 3, 19.23
1747820364, 0, 55, 867, 865, 18, 6.11%, 0, 0, 3, 19.29
1747820421, 0, 55, 868, 866, 18, 6.11%, 0, 0, 3, 13.70
1747820451, 0, 55, 869, 867, 18, 6.11%, 0, 0, 3, 11.31
1747820467, 0, 55, 870, 868, 18, 6.11%, 0, 0, 3, 17.35
1747820492, 0, 55, 871, 869, 18, 6.11%, 0, 0, 3, 19.40
1747820533, 0, 55, 872, 870, 18, 6.11%, 0, 0, 3, 19.18
1747820549, 0, 56, 874, 872, 18, 6.11%, 0, 0, 3, 18.97
1747820554, 0, 56, 880, 878, 18, 6.15%, 0, 0, 3, 18.46
1747820569, 0, 56, 882, 880, 18, 6.15%, 0, 0, 3, 18.62
1747820579, 0, 56, 883, 881, 18, 6.15%, 0, 0, 3, 18.55
1747820600, 0, 56, 884, 882, 18, 6.15%, 0, 0, 3, 11.11
1747820631, 0, 56, 885, 883, 18, 6.15%, 0, 0, 3, 10.99
1747820657, 0, 56, 886, 884, 18, 6.15%, 0, 0, 3, 10.91
1747820683, 0, 56, 887, 885, 18, 6.15%, 0, 0, 3, 10.94
1747820838, 0, 56, 888, 886, 18, 6.15%, 0, 0, 3, 11.02
1747820879, 0, 56, 890, 888, 18, 6.15%, 0, 0, 3, 10.86
1747820905, 0, 56, 891, 889, 18, 6.15%, 0, 0, 3, 10.83
1747820910, 0, 57, 891, 889, 19, 6.15%, 0, 0, 3, 17.61
1747820915, 0, 57, 892, 890, 19, 6.15%, 0, 0, 3, 23.60
1747820921, 0, 57, 893, 891, 19, 6.15%, 0, 0, 3, 24.81
1747820931, 0, 57, 895, 893, 19, 6.15%, 0, 0, 3, 25.25
1747820936, 0, 57, 896, 894, 19, 6.15%, 0, 0, 3, 25.26
1747821074, 0, 59, 897, 895, 19, 6.15%, 0, 0, 3, 18.48
1747821080, 0, 59, 898, 896, 19, 6.15%, 0, 0, 3, 12.57
1747821085, 0, 59, 899, 897, 19, 6.15%, 0, 0, 3, 10.86
1747821090, 0, 59, 901, 899, 19, 6.15%, 0, 0, 3, 10.34
1747821095, 0, 59, 904, 902, 19, 6.15%, 0, 0, 3, 10.15
1747821100, 0, 59, 905, 903, 19, 6.15%, 0, 0, 3, 10.11
1747821105, 0, 59, 907, 905, 19, 6.15%, 0, 0, 3, 10.15
1747821110, 0, 59, 909, 907, 19, 6.15%, 0, 0, 3, 9.99
1747821115, 0, 59, 911, 909, 19, 6.15%, 0, 0, 3, 9.89
1747821141, 0, 59, 912, 910, 19, 6.15%, 0, 0, 3, 10.24
1747821151, 0, 59, 913, 911, 19, 6.15%, 0, 0, 3, 10.20
1747821166, 0, 59, 914, 912, 19, 6.15%, 0, 0, 3, 10.21
1747821172, 0, 59, 915, 913, 19, 6.15%, 0, 0, 3, 10.14
1747821192, 0, 59, 916, 914, 19, 6.15%, 0, 0, 3, 10.22
1747821337, 0, 59, 917, 915, 19, 6.15%, 0, 0, 3, 10.03
1747821404, 0, 59, 918, 916, 19, 6.15%, 0, 0, 3, 10.10
1747821419, 0, 59, 919, 917, 19, 6.15%, 0, 0, 3, 10.11
1747821450, 0, 59, 920, 918, 19, 6.15%, 0, 0, 3, 10.14
1747821491, 0, 61, 920, 918, 19, 6.15%, 0, 0, 3, 10.47
1747821496, 0, 61, 922, 920, 19, 6.15%, 0, 0, 3, 10.67
1747821502, 0, 61, 923, 921, 19, 6.15%, 0, 0, 3, 10.72
1747821512, 0, 61, 924, 922, 19, 6.15%, 0, 0, 3, 10.71
1747821651, 0, 61, 925, 923, 19, 6.15%, 0, 0, 3, 10.76
1747821875, 0, 62, 925, 923, 19, 6.15%, 0, 0, 3, 10.12
1747821885, 0, 62, 927, 925, 19, 6.15%, 0, 0, 3, 9.75
1747821916, 0, 62, 928, 926, 19, 6.15%, 0, 0, 3, 9.71
1747821921, 0, 62, 929, 927, 19, 6.15%, 0, 0, 3, 9.57
1747821931, 0, 62, 930, 928, 19, 6.15%, 0, 0, 3, 9.66
1747821951, 0, 62, 931, 929, 19, 6.15%, 0, 0, 3, 9.51
1747821957, 0, 62, 932, 930, 19, 6.15%, 0, 0, 3, 9.42
1747821967, 0, 62, 933, 931, 19, 6.15%, 0, 0, 3, 9.61
1747821982, 0, 62, 935, 933, 19, 6.15%, 0, 0, 3, 9.64
1747822008, 0, 62, 937, 935, 19, 6.15%, 0, 0, 3, 9.65
1747822023, 0, 62, 938, 936, 19, 6.15%, 0, 0, 3, 9.68
1747822033, 0, 62, 939, 937, 19, 6.15%, 0, 0, 3, 9.68
1747822125, 0, 62, 940, 938, 19, 6.15%, 0, 0, 3, 9.64
1747822140, 0, 62, 941, 939, 19, 6.15%, 0, 0, 3, 9.56
1747822161, 0, 62, 942, 940, 19, 6.15%, 0, 0, 3, 9.70
1747822237, 0, 62, 943, 941, 19, 6.15%, 0, 0, 3, 9.56
1747822278, 0, 62, 944, 942, 19, 6.15%, 0, 0, 3, 9.68
1747822314, 0, 63, 944, 942, 19, 6.15%, 0, 0, 3, 21.39
1747822319, 0, 67, 944, 942, 19, 6.15%, 0, 0, 3, 14.23
1747822329, 0, 68, 947, 945, 19, 6.15%, 0, 0, 3, 9.92
1747822334, 0, 68, 951, 949, 19, 6.15%, 0, 0, 3, 8.92
1747822339, 0, 68, 953, 951, 19, 6.15%, 0, 0, 3, 8.71
1747822344, 0, 68, 954, 952, 19, 6.15%, 0, 0, 3, 8.62
1747822349, 0, 68, 955, 953, 19, 6.15%, 0, 0, 3, 8.69
1747822354, 0, 68, 957, 955, 19, 6.15%, 0, 0, 3, 8.68
1747822369, 0, 68, 958, 956, 19, 6.15%, 0, 0, 3, 8.69
1747822420, 0, 68, 959, 957, 19, 6.15%, 0, 0, 3, 8.75
1747822450, 0, 68, 960, 958, 19, 6.15%, 0, 0, 3, 8.65
1747822461, 0, 68, 961, 959, 19, 6.15%, 0, 0, 3, 8.76
1747822466, 0, 68, 962, 960, 19, 6.15%, 0, 0, 3, 8.68
1747822471, 0, 68, 963, 961, 19, 6.15%, 0, 0, 3, 8.66
1747822623, 0, 68, 964, 962, 19, 6.15%, 0, 0, 3, 8.63
1747822689, 0, 68, 965, 963, 19, 6.15%, 0, 0, 3, 8.62
1747822817, 0, 69, 968, 966, 19, 6.15%, 0, 0, 3, 8.20
1747822822, 0, 69, 970, 968, 19, 6.15%, 0, 0, 3, 7.97
1747822828, 0, 69, 972, 970, 19, 6.15%, 0, 0, 3, 7.96
1747822838, 0, 69, 973, 971, 19, 6.15%, 0, 0, 3, 8.00
1747822843, 0, 69, 974, 972, 19, 6.15%, 0, 0, 3, 8.01
1747822848, 0, 69, 976, 974, 19, 6.15%, 0, 0, 3, 7.98
1747822853, 0, 69, 977, 975, 19, 6.15%, 0, 0, 3, 7.99
1747822858, 0, 69, 978, 976, 19, 6.15%, 0, 0, 3, 7.91
1747822869, 0, 69, 979, 977, 19, 6.15%, 0, 0, 3, 7.86
1747822951, 0, 69, 980, 978, 19, 6.15%, 0, 0, 3, 8.07
1747822993, 0, 69, 981, 979, 19, 6.15%, 0, 0, 3, 8.06
1747823039, 0, 69, 982, 980, 19, 6.15%, 0, 0, 3, 8.00
1747823266, 0, 69, 983, 981, 19, 6.15%, 0, 0, 3, 8.06
1747823338, 0, 70, 984, 982, 19, 6.15%, 0, 0, 3, 7.93
1747823343, 0, 70, 985, 983, 19, 6.15%, 0, 0, 3, 7.60
1747823348, 0, 70, 988, 986, 19, 6.15%, 0, 0, 3, 7.47
1747823379, 0, 70, 989, 987, 19, 6.15%, 0, 0, 3, 7.41
1747823389, 0, 70, 990, 988, 19, 6.15%, 0, 0, 3, 7.42
1747823394, 0, 70, 991, 989, 19, 6.15%, 0, 0, 3, 7.37
1747823400, 0, 70, 993, 991, 19, 6.16%, 0, 0, 3, 7.34
1747823486, 0, 70, 995, 993, 19, 6.16%, 0, 0, 3, 7.26
1747823537, 0, 70, 996, 994, 19, 6.16%, 0, 0, 3, 7.42
1747823588, 0, 70, 997, 995, 19, 6.16%, 0, 0, 3, 7.39
1747823770, 0, 70, 998, 996, 19, 6.16%, 0, 0, 3, 7.54
1747823902, 0, 71, 999, 997, 18, 6.16%, 0, 0, 3, 7.23
1747823907, 0, 71, 1001, 999, 18, 6.16%, 0, 0, 3, 7.08
1747823912, 0, 71, 1002, 1000, 18, 6.16%, 0, 0, 3, 6.98
1747823918, 0, 71, 1004, 1002, 18, 6.16%, 0, 0, 3, 6.85
1747823928, 0, 71, 1005, 1003, 18, 6.16%, 0, 0, 3, 6.95
1747823933, 0, 71, 1006, 1004, 18, 6.16%, 0, 0, 3, 6.97
1747823938, 0, 71, 1007, 1005, 18, 6.16%, 0, 0, 3, 6.89
1747823944, 0, 71, 1008, 1006, 18, 6.16%, 0, 0, 3, 6.88
1747824042, 0, 71, 1009, 1007, 18, 6.16%, 0, 0, 3, 6.82
1747824109, 0, 71, 1010, 1008, 18, 6.16%, 0, 0, 3, 6.87
1747824120, 0, 71, 1011, 1009, 18, 6.16%, 0, 0, 3, 6.90
1747824177, 0, 71, 1012, 1010, 18, 6.16%, 0, 0, 3, 6.88
1747824497, 0, 71, 1013, 1011, 18, 6.16%, 0, 0, 3, 6.86
1747824507, 0, 72, 1013, 1011, 18, 6.16%, 0, 0, 3, 12.19
1747824513, 0, 73, 1013, 1011, 18, 6.16%, 0, 0, 3, 19.21
1747824518, 0, 73, 1014, 1012, 18, 6.16%, 0, 0, 3, 23.23
1747824523, 0, 73, 1015, 1013, 18, 6.16%, 0, 0, 3, 24.33
1747824538, 0, 74, 1015, 1013, 18, 6.16%, 0, 0, 3, 13.01
1747824554, 0, 75, 1017, 1015, 18, 6.16%, 0, 0, 3, 7.03
1747824559, 0, 75, 1018, 1016, 18, 6.16%, 0, 0, 3, 6.63
1747824580, 0, 75, 1019, 1017, 18, 6.16%, 0, 0, 3, 6.50
1747824585, 0, 75, 1020, 1018, 18, 6.16%, 0, 0, 3, 6.51
1747824601, 0, 75, 1021, 1019, 18, 6.16%, 0, 0, 3, 6.48
1747824632, 0, 75, 1023, 1021, 18, 6.16%, 0, 0, 3, 6.47
1747824705, 0, 75, 1024, 1022, 18, 6.16%, 0, 0, 3, 6.53
1747824747, 0, 75, 1025, 1023, 18, 6.20%, 0, 0, 3, 6.37
1747825088, 0, 75, 1026, 1024, 18, 6.20%, 0, 0, 3, 6.59
1747825120, 0, 75, 1027, 1025, 18, 6.20%, 0, 0, 3, 6.57
1747825192, 0, 76, 1027, 1025, 19, 6.20%, 0, 0, 3, 8.40
1747825197, 0, 76, 1028, 1026, 19, 6.20%, 0, 0, 3, 18.58
1747825207, 0, 77, 1028, 1026, 19, 6.20%, 0, 0, 3, 21.44
1747825212, 0, 79, 1028, 1026, 19, 6.20%, 0, 0, 3, 16.48
1747825223, 0, 80, 1028, 1026, 19, 6.20%, 0, 0, 3, 13.78
1747825228, 0, 81, 1028, 1026, 19, 6.20%, 0, 0, 3, 20.03
1747825243, 0, 82, 1028, 1026, 19, 6.20%, 0, 0, 3, 10.56
1747825253, 0, 84, 1028, 1026, 19, 6.20%, 0, 0, 3, 13.29
1747825258, 0, 85, 1028, 1026, 19, 6.20%, 0, 0, 3, 21.51
1747825263, 0, 86, 1028, 1026, 19, 6.20%, 0, 0, 3, 23.21
1747825273, 0, 87, 1028, 1026, 19, 6.20%, 0, 0, 3, 33.40
1747825616, 0, 89, 1028, 1025, 19, 6.20%, 0, 0, 3, 32.75
1747825621, 0, 90, 1028, 1025, 19, 6.20%, 0, 0, 3, 25.24
1747825627, 0, 90, 1030, 1027, 19, 6.21%, 0, 0, 3, 22.10
1747825632, 0, 90, 1032, 1029, 19, 6.21%, 0, 0, 3, 21.39
1747825637, 0, 90, 1033, 1030, 19, 6.21%, 0, 0, 3, 21.21
1747825642, 0, 90, 1035, 1032, 19, 6.25%, 0, 0, 3, 21.16
1747825647, 0, 90, 1036, 1033, 19, 6.25%, 0, 0, 3, 21.18
1747825673, 0, 90, 1037, 1034, 19, 6.25%, 0, 0, 3, 21.18
1747825689, 0, 90, 1038, 1035, 19, 6.25%, 0, 0, 3, 21.25
1747825694, 0, 90, 1040, 1037, 19, 6.25%, 0, 0, 3, 21.22
1747825720, 0, 90, 1042, 1039, 19, 6.25%, 0, 0, 3, 21.22
1747825797, 0, 90, 1043, 1040, 19, 6.25%, 0, 0, 3, 21.17
1747825823, 0, 91, 1043, 1040, 18, 6.25%, 0, 0, 3, 20.64
1747825828, 0, 92, 1044, 1041, 18, 6.26%, 0, 0, 3, 20.55
1747825833, 0, 92, 1046, 1043, 18, 6.27%, 0, 0, 3, 21.14
1747825854, 0, 92, 1047, 1044, 18, 6.27%, 0, 0, 3, 21.12
1747825865, 0, 92, 1048, 1045, 18, 6.27%, 0, 0, 3, 21.17
1747825870, 0, 92, 1050, 1047, 18, 6.27%, 0, 0, 3, 21.19
1747825875, 0, 92, 1051, 1048, 18, 6.27%, 0, 0, 3, 21.12
1747825890, 0, 92, 1052, 1049, 18, 6.27%, 0, 0, 3, 21.32
1747826025, 0, 93, 1052, 1049, 18, 6.27%, 0, 0, 3, 20.83
1747826035, 0, 94, 1052, 1049, 18, 6.27%, 0, 0, 3, 11.42
1747826051, 0, 95, 1052, 1049, 18, 6.27%, 0, 0, 3, 13.95
1747826056, 0, 97, 1052, 1049, 18, 6.27%, 0, 0, 3, 19.94
1747826066, 0, 98, 1052, 1049, 18, 6.27%, 0, 0, 3, 11.16
1747826081, 0, 98, 1053, 1050, 18, 6.27%, 0, 0, 3, 6.89
1747826102, 0, 100, 1053, 1050, 18, 6.27%, 0, 0, 3, 13.28
1747826107, 0, 101, 1053, 1050, 18, 6.27%, 0, 0, 3, 19.04
1747826112, 0, 102, 1054, 1051, 18, 6.27%, 0, 0, 3, 22.06
1747826128, 0, 103, 1054, 1051, 18, 6.27%, 0, 0, 3, 19.30
1747826133, 0, 104, 1055, 1052, 18, 6.27%, 0, 0, 3, 16.87
1747826138, 0, 104, 1058, 1055, 18, 6.28%, 0, 0, 3, 9.94
1747826143, 0, 104, 1059, 1056, 18, 6.28%, 0, 0, 3, 7.44
1747826148, 0, 104, 1061, 1058, 18, 6.28%, 0, 0, 3, 6.48
1747826153, 0, 104, 1062, 1059, 18, 6.28%, 0, 0, 3, 6.05
1747826159, 0, 104, 1064, 1061, 18, 6.28%, 0, 0, 3, 5.84
1747826164, 0, 104, 1067, 1064, 18, 6.28%, 0, 0, 3, 5.80
1747826174, 0, 104, 1068, 1065, 18, 6.28%, 0, 0, 3, 5.81
1747826180, 0, 104, 1069, 1066, 18, 6.28%, 0, 0, 3, 5.74
1747826190, 0, 104, 1071, 1068, 18, 6.28%, 0, 0, 3, 5.72
1747826200, 0, 104, 1072, 1069, 18, 6.28%, 0, 0, 3, 5.82
1747826246, 0, 104, 1073, 1070, 18, 6.28%, 0, 0, 3, 5.86
1747826277, 0, 104, 1074, 1071, 18, 6.28%, 0, 0, 3, 5.85
1747826292, 0, 104, 1075, 1072, 18, 6.28%, 0, 0, 3, 5.81
1747826307, 0, 104, 1076, 1073, 18, 6.28%, 0, 0, 3, 5.91
1747826312, 0, 104, 1077, 1074, 18, 6.28%, 0, 0, 3, 5.91
1747826419, 0, 104, 1078, 1075, 18, 6.28%, 0, 0, 3, 5.96
1747826449, 0, 104, 1079, 1076, 18, 6.28%, 0, 0, 3, 5.84
1747826576, 0, 104, 1080, 1077, 18, 6.28%, 0, 0, 3, 5.86
1747826800, 0, 104, 1081, 1078, 18, 6.29%, 0, 0, 3, 5.78
1747826866, 0, 105, 1082, 1079, 19, 6.29%, 0, 0, 3, 10.93
1747826871, 0, 106, 1082, 1079, 19, 6.29%, 0, 0, 3, 18.33
1747826882, 0, 107, 1082, 1079, 19, 6.29%, 0, 0, 3, 18.86
1747826887, 0, 109, 1082, 1079, 19, 6.29%, 0, 0, 3, 19.06
1747826892, 0, 110, 1083, 1080, 19, 6.29%, 0, 0, 3, 17.08
1747826897, 0, 110, 1085, 1082, 19, 6.29%, 0, 0, 3, 10.20
1747826902, 0, 110, 1086, 1083, 19, 6.29%, 0, 0, 3, 7.42
1747826907, 0, 110, 1087, 1084, 19, 6.29%, 0, 0, 3, 6.23
1747826912, 0, 110, 1088, 1085, 19, 6.29%, 0, 0, 3, 5.77
1747826923, 0, 110, 1089, 1086, 19, 6.29%, 0, 0, 3, 5.48
1747826943, 0, 110, 1090, 1087, 19, 6.29%, 0, 0, 3, 5.47
1747826948, 0, 110, 1092, 1089, 19, 6.29%, 0, 0, 3, 5.39
1747826999, 0, 110, 1093, 1090, 19, 6.29%, 0, 0, 3, 5.56
1747827258, 0, 110, 1094, 1091, 19, 6.29%, 0, 0, 3, 5.54
1747827288, 0, 110, 1095, 1092, 19, 6.29%, 0, 0, 3, 5.54
1747827329, 0, 110, 1096, 1093, 19, 6.29%, 0, 0, 3, 5.47
1747827619, 0, 110, 1097, 1094, 19, 6.29%, 0, 0, 3, 5.49
1747827644, 0, 110, 1098, 1095, 19, 6.29%, 0, 0, 3, 5.51
1747827654, 0, 111, 1098, 1095, 19, 6.29%, 0, 0, 3, 5.55
1747827680, 0, 112, 1098, 1095, 19, 6.29%, 0, 0, 3, 5.42
1747827685, 0, 112, 1099, 1096, 19, 6.29%, 0, 0, 3, 5.36
1747827727, 0, 113, 1099, 1096, 19, 6.29%, 0, 0, 3, 5.36
1747827748, 0, 113, 1100, 1097, 19, 6.30%, 0, 0, 3, 5.12
1747827764, 0, 113, 1101, 1098, 19, 6.30%, 0, 0, 3, 5.25
1747827800, 0, 113, 1102, 1099, 19, 6.30%, 0, 0, 3, 5.16
1747827821, 0, 113, 1103, 1100, 19, 6.30%, 0, 0, 3, 5.26
1747827843, 0, 113, 1104, 1101, 19, 6.30%, 0, 0, 3, 5.22
1747827900, 0, 113, 1105, 1102, 19, 6.30%, 0, 0, 3, 5.29
1747827905, 0, 113, 1106, 1103, 19, 6.30%, 0, 0, 3, 5.13
1747828031, 0, 113, 1107, 1104, 19, 6.30%, 0, 0, 3, 5.16
1747828062, 0, 113, 1108, 1105, 19, 6.30%, 0, 0, 3, 5.15
1747828522, 0, 114, 1110, 1107, 16, 6.30%, 0, 0, 3, 5.04
1747828527, 0, 114, 1112, 1109, 16, 6.30%, 0, 0, 3, 4.82
1747828532, 0, 114, 1113, 1110, 16, 6.30%, 0, 0, 3, 4.82
1747828542, 0, 114, 1114, 1111, 16, 6.30%, 0, 0, 3, 4.93
1747828553, 0, 114, 1115, 1112, 16, 6.30%, 0, 0, 3, 4.90
1747828558, 0, 114, 1116, 1113, 16, 6.30%, 0, 0, 3, 4.85
1747828563, 0, 114, 1117, 1114, 16, 6.30%, 0, 0, 3, 4.83
1747828568, 0, 114, 1118, 1115, 16, 6.30%, 0, 0, 3, 4.88
1747828604, 0, 114, 1119, 1116, 16, 6.30%, 0, 0, 3, 4.80
1747828656, 0, 114, 1120, 1117, 16, 6.30%, 0, 0, 3, 4.80
1747829012, 0, 114, 1121, 1118, 16, 6.30%, 0, 0, 3, 4.76
1747829167, 0, 114, 1122, 1119, 16, 6.30%, 0, 0, 3, 4.73
1747829384, 0, 116, 1122, 1119, 16, 6.30%, 0, 0, 3, 14.21
1747829389, 0, 117, 1123, 1120, 16, 6.30%, 0, 0, 3, 12.27
1747829395, 0, 117, 1125, 1122, 16, 6.32%, 0, 0, 3, 6.24
1747829400, 0, 117, 1126, 1123, 16, 6.32%, 0, 0, 3, 4.92
1747829410, 0, 117, 1127, 1124, 16, 6.32%, 0, 0, 3, 4.64
1747829472, 0, 117, 1128, 1125, 16, 6.32%, 0, 0, 3, 4.61
1747829740, 0, 117, 1129, 1126, 16, 6.32%, 0, 0, 3, 4.56
1747829775, 0, 117, 1130, 1127, 16, 6.32%, 0, 0, 3, 4.69
1747829858, 0, 117, 1131, 1128, 16, 6.32%, 0, 0, 3, 4.53
1747830291, 0, 118, 1131, 1128, 17, 6.32%, 0, 0, 3, 5.08
1747830311, 0, 119, 1131, 1128, 17, 6.32%, 0, 0, 3, 10.42
1747830321, 0, 120, 1131, 1128, 17, 6.32%, 0, 0, 3, 10.61
1747830342, 0, 121, 1131, 1128, 17, 6.32%, 0, 0, 3, 11.87
1747830347, 0, 123, 1132, 1129, 17, 6.32%, 0, 0, 3, 15.31
1747830352, 0, 123, 1134, 1131, 17, 6.51%, 0, 0, 3, 6.94
1747830357, 0, 123, 1135, 1132, 17, 6.51%, 0, 0, 3, 5.01
1747830362, 0, 123, 1137, 1134, 17, 6.51%, 0, 0, 3, 4.58
1747830367, 0, 123, 1138, 1135, 17, 6.51%, 0, 0, 3, 4.37
1747830372, 0, 123, 1140, 1137, 17, 6.51%, 0, 0, 3, 4.33
1747830382, 0, 123, 1141, 1138, 17, 6.52%, 0, 0, 3, 4.31
1747830388, 0, 123, 1142, 1139, 17, 6.52%, 0, 0, 3, 4.31
1747830403, 0, 123, 1144, 1141, 17, 6.52%, 0, 0, 3, 4.25
1747830408, 0, 123, 1145, 1142, 17, 6.52%, 0, 0, 3, 4.33
1747830449, 0, 123, 1146, 1143, 17, 6.52%, 0, 0, 3, 4.46
1747830454, 0, 123, 1148, 1145, 17, 6.52%, 0, 0, 3, 4.31
1747830465, 0, 123, 1149, 1146, 17, 6.52%, 0, 0, 3, 4.41
1747830475, 0, 123, 1150, 1147, 17, 6.52%, 0, 0, 3, 4.32
1747830495, 0, 123, 1151, 1148, 17, 6.52%, 0, 0, 3, 4.33
1747830505, 0, 123, 1152, 1149, 17, 6.52%, 0, 0, 3, 4.27
1747830510, 0, 123, 1153, 1150, 17, 6.52%, 0, 0, 3, 4.30
1747830516, 0, 123, 1154, 1151, 17, 6.52%, 0, 0, 3, 4.30
1747830521, 0, 123, 1155, 1152, 17, 6.52%, 0, 0, 3, 4.29
1747830688, 0, 123, 1156, 1153, 17, 6.52%, 0, 0, 3, 4.37
1747831330, 0, 125, 1156, 1153, 19, 6.52%, 0, 0, 3, 4.67
1747831356, 0, 129, 1157, 1154, 19, 6.52%, 0, 0, 3, 14.64
1747831361, 0, 129, 1158, 1155, 19, 6.52%, 0, 0, 3, 17.67
1747831376, 0, 129, 1159, 1156, 19, 6.52%, 0, 0, 3, 18.40
1747831382, 0, 129, 1160, 1157, 19, 6.52%, 0, 0, 3, 18.54
1747831464, 0, 131, 1160, 1157, 19, 6.52%, 0, 0, 3, 18.44
1747831475, 0, 132, 1160, 1157, 19, 6.52%, 0, 0, 3, 20.59
1747831480, 0, 133, 1161, 1158, 19, 6.52%, 0, 0, 3, 19.27
1747831485, 0, 133, 1163, 1160, 19, 6.53%, 0, 0, 3, 18.27
1747831505, 0, 133, 1164, 1161, 19, 6.53%, 0, 0, 3, 17.76
1747831567, 0, 133, 1165, 1162, 19, 6.53%, 0, 0, 3, 17.80
1747831582, 0, 133, 1166, 1163, 19, 6.53%, 0, 0, 3, 17.85
1747831603, 0, 133, 1167, 1164, 19, 6.53%, 0, 0, 3, 17.72
1747831654, 0, 133, 1168, 1165, 19, 6.53%, 0, 0, 3, 17.79
1747831711, 0, 134, 1169, 1166, 19, 6.53%, 0, 0, 3, 13.08
1747831716, 0, 134, 1171, 1168, 19, 6.53%, 0, 0, 3, 6.49
1747831721, 0, 134, 1173, 1170, 19, 6.53%, 0, 0, 3, 4.75
1747831726, 0, 134, 1174, 1171, 19, 6.55%, 0, 0, 3, 4.30
1747831731, 0, 134, 1175, 1172, 19, 6.55%, 0, 0, 3, 4.17
1747831736, 0, 134, 1176, 1173, 19, 6.55%, 0, 0, 3, 4.08
1747831741, 0, 134, 1177, 1174, 19, 6.55%, 0, 0, 3, 4.11
1747831746, 0, 134, 1178, 1175, 19, 6.55%, 0, 0, 3, 4.13
1747831762, 0, 134, 1180, 1177, 19, 6.55%, 0, 0, 3, 4.10
1747831782, 0, 134, 1181, 1178, 19, 6.55%, 0, 0, 3, 4.13
1747831807, 0, 134, 1182, 1179, 19, 6.55%, 0, 0, 3, 4.12
1747831828, 0, 134, 1183, 1180, 19, 6.55%, 0, 0, 3, 4.11
1747831894, 0, 134, 1184, 1181, 19, 6.55%, 0, 0, 3, 4.10
1747831945, 0, 134, 1185, 1182, 19, 6.55%, 0, 0, 3, 4.13
1747832015, 0, 134, 1186, 1183, 19, 6.55%, 0, 0, 3, 4.17
1747832021, 0, 134, 1187, 1184, 19, 6.55%, 0, 0, 3, 4.11
1747832142, 0, 134, 1188, 1185, 19, 6.55%, 0, 0, 3, 4.11
1747832147, 0, 134, 1189, 1186, 19, 6.55%, 0, 0, 3, 4.13
1747832168, 0, 134, 1190, 1187, 19, 6.56%, 0, 0, 3, 4.09
1747832208, 0, 134, 1191, 1188, 19, 6.56%, 0, 0, 3, 4.08
1747832741, 0, 135, 1191, 1188, 18, 6.56%, 0, 0, 3, 4.18
1747832771, 0, 135, 1192, 1189, 18, 6.56%, 0, 0, 3, 4.05
1747832802, 0, 136, 1192, 1189, 18, 6.56%, 0, 0, 3, 7.32
1747832807, 0, 136, 1193, 1190, 18, 6.63%, 0, 0, 3, 13.40
1747832812, 0, 136, 1194, 1191, 18, 6.63%, 0, 0, 3, 15.17
1747832818, 0, 136, 1195, 1192, 18, 6.63%, 0, 0, 3, 15.46
1747832868, 0, 137, 1195, 1192, 18, 6.63%, 0, 0, 3, 14.65
1747832883, 0, 138, 1196, 1193, 18, 6.63%, 0, 0, 3, 6.83
1747832889, 0, 138, 1198, 1195, 18, 6.63%, 0, 0, 3, 4.71
1747832894, 0, 138, 1199, 1196, 18, 6.63%, 0, 0, 3, 4.16
1747832899, 0, 138, 1200, 1197, 18, 6.63%, 0, 0, 3, 4.01
1747832930, 0, 138, 1201, 1198, 18, 6.63%, 0, 0, 3, 3.94
1747832960, 0, 138, 1202, 1199, 18, 6.63%, 0, 0, 3, 3.89
1747833016, 0, 138, 1203, 1200, 18, 6.63%, 0, 0, 3, 3.95
1747833093, 0, 138, 1204, 1201, 18, 6.63%, 0, 0, 3, 3.93
1747833184, 0, 138, 1205, 1202, 18, 6.63%, 0, 0, 3, 3.93
1747833220, 0, 138, 1206, 1203, 18, 6.63%, 0, 0, 3, 3.93
1747833357, 0, 138, 1207, 1204, 18, 6.63%, 0, 0, 3, 3.98
1747833464, 0, 138, 1208, 1205, 18, 6.63%, 0, 0, 3, 3.96
1747833941, 0, 140, 1209, 1206, 18, 6.63%, 0, 0, 3, 3.93
1747834008, 0, 141, 1209, 1206, 18, 6.63%, 0, 0, 3, 10.80
1747834013, 0, 142, 1209, 1206, 18, 6.63%, 0, 0, 3, 14.01
1747834018, 0, 142, 1210, 1207, 18, 6.63%, 0, 0, 3, 15.23
1747834033, 0, 143, 1211, 1208, 18, 6.63%, 0, 0, 3, 8.50
1747834049, 0, 143, 1212, 1209, 18, 6.63%, 0, 0, 3, 4.02
1747834167, 0, 144, 1213, 1210, 18, 6.64%, 0, 0, 3, 3.85
1747834192, 0, 144, 1214, 1211, 18, 6.64%, 0, 0, 3, 3.79
1747834213, 0, 144, 1215, 1212, 18, 6.64%, 0, 0, 3, 4.02
1747834218, 0, 144, 1216, 1213, 18, 6.64%, 0, 0, 3, 3.93
1747834264, 0, 144, 1217, 1214, 18, 6.64%, 0, 0, 3, 3.92
1747834305, 0, 144, 1218, 1215, 18, 6.64%, 0, 0, 3, 3.91
1747834489, 0, 144, 1219, 1216, 18, 6.64%, 0, 0, 3, 3.98
1747834499, 0, 144, 1220, 1217, 18, 6.64%, 0, 0, 3, 3.86
1747834942, 0, 144, 1221, 1218, 18, 6.64%, 0, 0, 3, 3.85
1747835090, 0, 144, 1222, 1219, 18, 6.64%, 0, 0, 3, 3.91
1747835233, 0, 145, 1224, 1221, 19, 6.69%, 0, 0, 3, 10.62
1747835238, 0, 145, 1225, 1222, 19, 6.69%, 0, 0, 3, 14.41
1747835253, 0, 145, 1226, 1223, 19, 6.70%, 0, 0, 3, 15.76
1747835263, 0, 145, 1227, 1224, 19, 6.70%, 0, 0, 3, 15.67
1747835273, 0, 145, 1228, 1225, 19, 6.70%, 0, 0, 3, 15.75
1747835278, 0, 145, 1230, 1227, 19, 6.70%, 0, 0, 3, 15.75
1747835324, 0, 145, 1231, 1228, 19, 6.70%, 0, 0, 3, 15.73
1747835365, 0, 145, 1232, 1229, 19, 6.70%, 0, 0, 3, 15.79
1747835440, 0, 145, 1233, 1230, 19, 6.70%, 0, 0, 3, 15.71
1747835446, 0, 145, 1234, 1231, 19, 6.70%, 0, 0, 3, 15.72
1747835471, 0, 145, 1235, 1232, 19, 6.70%, 0, 0, 3, 15.74
1747835481, 0, 145, 1236, 1233, 19, 6.70%, 0, 0, 3, 15.70
1747835501, 0, 146, 1237, 1234, 17, 6.70%, 0, 0, 3, 15.26
1747835506, 0, 146, 1238, 1235, 17, 6.70%, 0, 0, 3, 15.06
1747835532, 0, 147, 1238, 1235, 17, 6.70%, 0, 0, 3, 15.07
1747835543, 0, 149, 1239, 1236, 17, 6.70%, 0, 0, 3, 9.63
1747835610, 0, 150, 1239, 1236, 17, 6.70%, 0, 0, 3, 7.30
1747835615, 0, 150, 1241, 1238, 17, 6.70%, 0, 0, 3, 13.10
1747835620, 0, 150, 1244, 1241, 17, 6.70%, 0, 0, 3, 14.31
1747835676, 0, 150, 1245, 1242, 17, 6.70%, 0, 0, 3, 14.68
1747835743, 0, 150, 1246, 1243, 17, 6.70%, 0, 0, 3, 14.78
1747835845, 0, 150, 1247, 1244, 17, 6.70%, 0, 0, 3, 14.77
1747835892, 0, 150, 1249, 1246, 17, 6.70%, 0, 0, 3, 14.62
1747835897, 0, 151, 1249, 1246, 17, 6.70%, 0, 0, 3, 14.50
1747835902, 0, 153, 1249, 1246, 17, 6.70%, 0, 0, 3, 14.42
1747835912, 0, 154, 1250, 1247, 17, 6.71%, 0, 0, 3, 10.58
1747835917, 0, 154, 1252, 1249, 17, 6.71%, 0, 0, 3, 5.66
1747835922, 0, 154, 1253, 1250, 17, 6.71%, 0, 0, 3, 4.28
1747835928, 0, 154, 1254, 1251, 17, 6.71%, 0, 0, 3, 3.83
1747835933, 0, 154, 1256, 1253, 17, 6.71%, 0, 0, 3, 3.74
1747835938, 0, 154, 1257, 1254, 17, 6.71%, 0, 0, 3, 3.66
1747835943, 0, 154, 1258, 1255, 17, 6.71%, 0, 0, 3, 3.63
1747835948, 0, 154, 1259, 1256, 17, 6.71%, 0, 0, 3, 3.61
1747835959, 0, 154, 1261, 1258, 17, 6.71%, 0, 0, 3, 3.70
1747835974, 0, 154, 1262, 1259, 17, 6.71%, 0, 0, 3, 3.65
1747835979, 0, 154, 1263, 1260, 17, 6.71%, 0, 0, 3, 3.66
1747835984, 0, 154, 1264, 1261, 17, 6.71%, 0, 0, 3, 3.60
1747836072, 0, 154, 1265, 1262, 17, 6.71%, 0, 0, 3, 3.61
1747836108, 0, 154, 1266, 1263, 17, 6.71%, 0, 0, 3, 3.70
1747836113, 0, 154, 1267, 1264, 17, 6.71%, 0, 0, 3, 3.66
1747836206, 0, 154, 1268, 1265, 17, 6.71%, 0, 0, 3, 3.68
1747836345, 0, 154, 1269, 1266, 17, 6.71%, 0, 0, 3, 3.64
1747836417, 0, 154, 1270, 1267, 17, 6.71%, 0, 0, 3, 3.60
1747836530, 0, 154, 1271, 1268, 17, 6.71%, 0, 0, 3, 3.65
1747836556, 0, 154, 1272, 1269, 17, 6.71%, 0, 0, 3, 3.62
1747836633, 0, 154, 1273, 1270, 17, 6.71%, 0, 0, 3, 3.71
1747837076, 0, 155, 1274, 1271, 19, 6.72%, 0, 0, 3, 3.57
1747837081, 0, 155, 1275, 1272, 19, 6.72%, 0, 0, 3, 3.52
1747837086, 0, 155, 1276, 1273, 19, 6.72%, 0, 0, 3, 3.55
1747837096, 0, 155, 1277, 1274, 19, 6.72%, 0, 0, 3, 3.53
1747837101, 0, 155, 1278, 1275, 19, 6.72%, 0, 0, 3, 3.50
1747837106, 0, 155, 1279, 1276, 19, 6.72%, 0, 0, 3, 3.64
1747837111, 0, 155, 1280, 1277, 19, 6.72%, 0, 0, 3, 3.56
1747837116, 0, 155, 1281, 1278, 19, 6.72%, 0, 0, 3, 3.53
1747837142, 0, 155, 1282, 1279, 19, 6.72%, 0, 0, 3, 3.55
1747837228, 0, 155, 1283, 1280, 19, 6.72%, 0, 0, 3, 3.57
1747837310, 0, 155, 1284, 1281, 19, 6.72%, 0, 0, 3, 3.57
1747837371, 0, 155, 1285, 1282, 19, 6.72%, 0, 0, 3, 3.56
1747837729, 0, 155, 1286, 1283, 19, 6.72%, 0, 0, 3, 3.52
1747837990, 0, 155, 1287, 1284, 19, 6.72%, 0, 0, 3, 3.49
1747838123, 0, 155, 1288, 1285, 19, 6.72%, 0, 0, 3, 3.57
1747838251, 0, 156, 1288, 1285, 17, 6.72%, 0, 0, 3, 3.60
1747838287, 0, 157, 1288, 1285, 17, 6.72%, 0, 0, 3, 5.96
1747838297, 0, 158, 1288, 1285, 17, 6.72%, 0, 0, 3, 10.14
1747838302, 0, 158, 1289, 1286, 17, 6.72%, 0, 0, 3, 5.53
1747838374, 0, 159, 1289, 1286, 17, 6.72%, 0, 0, 3, 10.61
1747838384, 0, 160, 1289, 1286, 17, 6.72%, 0, 0, 3, 14.06
1747838390, 0, 161, 1289, 1286, 17, 6.72%, 0, 0, 3, 14.07
1747838400, 0, 162, 1289, 1286, 17, 6.72%, 0, 0, 3, 10.80
1747838405, 0, 162, 1290, 1287, 17, 6.73%, 0, 0, 3, 5.71
1747838415, 0, 162, 1291, 1288, 17, 6.73%, 0, 0, 3, 3.69
1747838555, 0, 163, 1291, 1288, 17, 6.73%, 0, 0, 3, 3.54
1747838591, 0, 164, 1291, 1288, 17, 6.73%, 0, 0, 3, 10.07
1747838601, 0, 166, 1292, 1289, 17, 6.73%, 0, 0, 3, 6.90
1747838607, 0, 166, 1293, 1290, 17, 6.73%, 0, 0, 3, 4.50
1747838612, 0, 166, 1294, 1291, 17, 6.73%, 0, 0, 3, 3.70
1747838617, 0, 166, 1295, 1292, 17, 6.73%, 0, 0, 3, 3.45
1747838622, 0, 166, 1296, 1293, 17, 6.73%, 0, 0, 3, 3.42
1747838658, 0, 166, 1297, 1294, 17, 6.73%, 0, 0, 3, 3.44
1747838684, 0, 166, 1298, 1295, 17, 6.73%, 0, 0, 3, 3.42
1747838750, 0, 166, 1299, 1296, 17, 6.73%, 0, 0, 3, 3.40
1747838760, 0, 166, 1300, 1297, 17, 6.73%, 0, 0, 3, 3.32
1747838792, 0, 166, 1301, 1298, 17, 6.73%, 0, 0, 3, 3.48
1747838827, 0, 166, 1302, 1299, 17, 6.73%, 0, 0, 3, 3.39
1747838962, 0, 166, 1303, 1300, 17, 6.73%, 0, 0, 3, 3.39
1747839122, 0, 166, 1304, 1301, 17, 6.73%, 0, 0, 3, 3.34
1747839240, 0, 166, 1305, 1302, 17, 6.73%, 0, 0, 3, 3.52
1747839585, 0, 166, 1306, 1303, 17, 6.73%, 0, 0, 3, 3.38
1747839833, 0, 166, 1307, 1304, 17, 6.73%, 0, 0, 3, 3.36
1747839843, 0, 167, 1307, 1304, 17, 6.73%, 0, 0, 3, 3.44
1747839879, 0, 168, 1307, 1304, 17, 6.73%, 0, 0, 3, 10.32
1747839885, 0, 169, 1307, 1304, 17, 6.73%, 0, 0, 3, 13.43
1747839890, 0, 169, 1308, 1305, 17, 6.73%, 0, 0, 3, 6.55
1747839926, 0, 169, 1309, 1306, 17, 6.73%, 0, 0, 3, 3.42
1747839988, 0, 169, 1310, 1307, 17, 6.73%, 0, 0, 3, 3.41
1747840077, 0, 169, 1311, 1308, 17, 6.73%, 0, 0, 3, 3.43
1747840092, 0, 169, 1312, 1309, 17, 6.73%, 0, 0, 3, 3.37
1747840185, 0, 169, 1313, 1310, 17, 6.73%, 0, 0, 3, 3.43
1747840377, 0, 169, 1314, 1311, 17, 6.73%, 0, 0, 3, 3.44
1747840787, 0, 169, 1315, 1312, 17, 6.73%, 0, 0, 3, 3.43
1747840943, 0, 169, 1316, 1313, 17, 6.73%, 0, 0, 3, 3.36
1747841098, 0, 171, 1316, 1313, 18, 6.73%, 0, 0, 3, 3.39
1747841113, 0, 171, 1318, 1315, 18, 6.73%, 0, 0, 3, 3.30
1747841186, 0, 171, 1319, 1316, 18, 6.73%, 0, 0, 3, 3.31
1747841237, 0, 171, 1320, 1317, 18, 6.73%, 0, 0, 3, 3.27
1747841283, 0, 171, 1321, 1318, 18, 6.73%, 0, 0, 3, 3.29
1747841304, 0, 171, 1322, 1319, 18, 6.73%, 0, 0, 3, 3.29
1747841345, 0, 171, 1323, 1320, 18, 6.73%, 0, 0, 3, 3.28
1747841391, 0, 171, 1324, 1321, 18, 6.73%, 0, 0, 3, 3.26
1747841515, 0, 171, 1325, 1322, 18, 6.73%, 0, 0, 3, 3.24
1747841551, 0, 171, 1326, 1323, 18, 6.73%, 0, 0, 3, 3.30
1747841623, 0, 171, 1327, 1324, 18, 6.73%, 0, 0, 3, 3.28
1747841979, 0, 171, 1328, 1325, 18, 6.73%, 0, 0, 3, 3.58
1747842021, 0, 171, 1329, 1326, 18, 6.73%, 0, 0, 3, 3.46
1747842150, 0, 171, 1330, 1327, 18, 6.73%, 0, 0, 3, 3.26
1747842259, 0, 171, 1331, 1328, 18, 6.73%, 0, 0, 3, 3.27
1747842377, 0, 173, 1332, 1329, 19, 6.73%, 0, 0, 3, 11.67
1747842393, 0, 174, 1332, 1329, 19, 6.73%, 0, 0, 3, 11.17
1747842429, 0, 175, 1332, 1329, 19, 6.73%, 0, 0, 3, 3.44
1747842470, 0, 176, 1332, 1329, 19, 6.73%, 0, 0, 3, 3.42
1747842506, 0, 177, 1332, 1329, 19, 6.73%, 0, 0, 3, 10.31
1747842516, 0, 177, 1333, 1330, 19, 6.73%, 0, 0, 3, 13.93
1747842527, 0, 178, 1333, 1330, 19, 6.73%, 0, 0, 3, 14.01
1747842532, 0, 179, 1333, 1330, 19, 6.73%, 0, 0, 3, 14.00
1747842542, 0, 180, 1333, 1330, 19, 6.73%, 0, 0, 3, 14.02
1747842547, 0, 180, 1334, 1331, 19, 6.73%, 0, 0, 3, 13.98
1747842563, 0, 181, 1334, 1331, 19, 6.73%, 0, 0, 3, 7.77
1747842599, 0, 182, 1334, 1331, 19, 6.73%, 0, 0, 3, 3.38
1747842635, 0, 183, 1334, 1331, 19, 6.73%, 0, 0, 3, 4.73
1747842645, 0, 184, 1334, 1331, 19, 6.73%, 0, 0, 3, 14.43
1747842655, 0, 185, 1334, 1331, 19, 6.73%, 0, 0, 3, 14.21
1747842666, 0, 186, 1334, 1331, 19, 6.73%, 0, 0, 3, 13.03
1747842671, 0, 187, 1334, 1331, 19, 6.73%, 0, 0, 3, 12.41
1747842713, 0, 190, 1334, 1331, 19, 6.73%, 0, 0, 3, 3.42
1747842749, 0, 191, 1334, 1331, 19, 6.73%, 0, 0, 3, 7.74
1747842759, 0, 192, 1334, 1331, 19, 6.73%, 0, 0, 3, 8.62
1747842790, 0, 192, 1335, 1332, 19, 6.73%, 0, 0, 3, 3.29
1747842841, 0, 193, 1335, 1332, 19, 6.73%, 0, 0, 3, 3.32
1747842877, 0, 194, 1335, 1332, 19, 6.73%, 0, 0, 3, 7.33
1747842887, 0, 195, 1335, 1332, 19, 6.73%, 0, 0, 3, 8.91
1747842923, 0, 196, 1335, 1332, 19, 6.73%, 0, 0, 3, 3.42
1747842964, 0, 197, 1335, 1332, 19, 6.73%, 0, 0, 3, 8.24
1747842975, 0, 198, 1335, 1332, 19, 6.73%, 0, 0, 3, 7.66
1747843011, 0, 199, 1335, 1332, 19, 6.73%, 0, 0, 3, 3.31
1747843031, 0, 199, 1336, 1333, 19, 6.73%, 0, 0, 3, 3.18
1747843042, 0, 199, 1337, 1334, 19, 6.73%, 0, 0, 3, 3.16
1747843047, 0, 199, 1338, 1335, 19, 6.73%, 0, 0, 3, 3.18
1747843134, 0, 199, 1339, 1336, 19, 6.73%, 0, 0, 3, 3.18
1747843223, 0, 199, 1340, 1337, 19, 6.73%, 0, 0, 3, 3.25
1747843828, 0, 199, 1341, 1338, 19, 6.73%, 0, 0, 3, 3.14
1747843880, 0, 199, 1342, 1339, 19, 6.73%, 0, 0, 3, 3.19
1747843968, 0, 199, 1343, 1340, 19, 6.73%, 0, 0, 3, 3.24
1747844304, 0, 200, 1343, 1340, 19, 6.73%, 0, 0, 3, 3.29
1747844336, 0, 200, 1344, 1341, 19, 6.73%, 0, 0, 3, 3.24
1747844387, 0, 201, 1344, 1341, 19, 6.73%, 0, 0, 3, 9.03
1747844397, 0, 203, 1344, 1341, 19, 6.73%, 0, 0, 3, 7.61
1747844434, 0, 204, 1344, 1341, 19, 6.73%, 0, 0, 3, 4.64
1747844444, 0, 205, 1344, 1341, 19, 6.73%, 0, 0, 3, 13.18
1747844454, 0, 206, 1346, 1343, 19, 6.74%, 0, 0, 3, 12.04
1747844475, 0, 206, 1348, 1345, 19, 6.74%, 0, 0, 3, 11.81
1747844490, 0, 206, 1349, 1346, 19, 6.74%, 0, 0, 3, 11.79
1747844495, 0, 206, 1350, 1347, 19, 6.74%, 0, 0, 3, 11.78
1747844541, 0, 206, 1351, 1348, 19, 6.74%, 0, 0, 3, 11.83
1747844642, 0, 206, 1352, 1349, 19, 6.74%, 0, 0, 3, 11.82
1747844804, 0, 207, 1352, 1349, 20, 6.74%, 0, 0, 3, 11.87
1747844809, 0, 207, 1353, 1350, 20, 6.74%, 0, 0, 3, 11.98
1747844829, 0, 209, 1353, 1350, 21, 6.74%, 0, 0, 3, 12.02
1747844840, 0, 210, 1353, 1350, 21, 6.74%, 0, 0, 3, 7.67
1747844875, 0, 211, 1353, 1350, 21, 6.74%, 0, 0, 3, 4.32
1747844891, 0, 212, 1353, 1350, 21, 6.74%, 0, 0, 3, 6.00
1747844927, 0, 214, 1353, 1350, 21, 6.74%, 0, 0, 3, 3.35
1747844968, 0, 215, 1353, 1350, 21, 6.74%, 0, 0, 3, 3.32
1747845004, 0, 216, 1353, 1350, 21, 6.74%, 0, 0, 3, 7.36
1747845014, 0, 217, 1353, 1350, 21, 6.74%, 0, 0, 3, 8.84
1747845056, 0, 219, 1353, 1350, 21, 6.74%, 0, 0, 3, 3.38
1747845092, 0, 220, 1353, 1350, 21, 6.74%, 0, 0, 3, 3.26
1747845129, 0, 220, 1354, 1351, 21, 6.74%, 0, 0, 3, 3.19
1747845176, 0, 221, 1354, 1351, 21, 6.74%, 0, 0, 3, 3.26
1747845212, 0, 222, 1354, 1351, 21, 6.74%, 0, 0, 3, 3.24
1747845232, 0, 222, 1355, 1352, 21, 6.74%, 0, 0, 3, 3.19
1747845294, 0, 223, 1355, 1352, 21, 6.74%, 0, 0, 3, 3.14
1747845336, 0, 224, 1355, 1352, 21, 6.74%, 0, 0, 3, 3.18
1747845341, 0, 224, 1356, 1353, 21, 6.74%, 0, 0, 3, 3.17
1747845418, 0, 225, 1356, 1353, 21, 6.74%, 0, 0, 3, 3.28
1747845455, 0, 226, 1356, 1353, 21, 6.74%, 0, 0, 3, 3.43
1747845496, 0, 227, 1356, 1353, 21, 6.74%, 0, 0, 3, 3.30
1747845532, 0, 228, 1356, 1353, 21, 6.74%, 0, 0, 3, 3.48
1747845574, 0, 230, 1356, 1353, 21, 6.74%, 0, 0, 3, 3.22
1747845610, 0, 231, 1356, 1353, 21, 6.74%, 0, 0, 3, 3.26
1747845652, 0, 232, 1357, 1354, 21, 6.74%, 0, 0, 3, 8.63
1747845672, 0, 233, 1357, 1354, 21, 6.74%, 0, 0, 3, 9.10
1747845713, 0, 234, 1357, 1354, 21, 6.74%, 0, 0, 3, 3.29
1747845750, 0, 235, 1357, 1354, 21, 6.74%, 0, 0, 3, 3.27
1747845786, 0, 236, 1357, 1354, 21, 6.74%, 0, 0, 3, 3.48
1747845828, 0, 237, 1357, 1354, 21, 6.74%, 0, 0, 3, 3.22
1747845869, 0, 240, 1357, 1354, 21, 6.74%, 0, 0, 3, 3.24
1747845900, 0, 240, 1358, 1355, 21, 6.74%, 0, 0, 3, 3.17
1747845951, 0, 241, 1358, 1355, 21, 6.74%, 0, 0, 3, 8.19
1747845961, 0, 242, 1358, 1355, 21, 6.74%, 0, 0, 3, 7.73
1747846003, 0, 243, 1358, 1355, 21, 6.74%, 0, 0, 3, 3.43
1747846039, 0, 244, 1358, 1355, 21, 6.74%, 0, 0, 3, 3.35
1747846075, 0, 246, 1358, 1355, 21, 6.74%, 0, 0, 3, 3.27
1747846116, 0, 248, 1358, 1355, 21, 6.74%, 0, 0, 3, 3.23
1747846153, 0, 250, 1358, 1355, 21, 6.74%, 0, 0, 3, 3.16
1747846194, 0, 251, 1358, 1355, 21, 6.74%, 0, 0, 3, 3.26
1747846235, 0, 252, 1358, 1355, 21, 6.74%, 0, 0, 3, 3.17
1747846272, 0, 254, 1358, 1355, 21, 6.74%, 0, 0, 3, 3.22
1747846313, 0, 256, 1358, 1355, 21, 6.74%, 0, 0, 3, 3.19
1747846355, 0, 258, 1358, 1355, 21, 6.74%, 0, 0, 3, 3.39
1747846391, 0, 259, 1358, 1355, 21, 6.74%, 0, 0, 3, 3.37
1747846412, 0, 259, 1359, 1356, 21, 6.74%, 0, 0, 3, 3.19
1747846474, 0, 261, 1359, 1356, 21, 6.74%, 0, 0, 3, 3.25
1747846515, 0, 263, 1359, 1356, 21, 6.74%, 0, 0, 3, 3.24
1747846551, 0, 264, 1359, 1356, 21, 6.74%, 0, 0, 3, 3.31
1747846592, 0, 265, 1359, 1356, 21, 6.74%, 0, 0, 3, 3.24
1747846623, 0, 265, 1360, 1357, 21, 6.74%, 0, 0, 3, 3.10
1747846674, 0, 267, 1360, 1357, 21, 6.74%, 0, 0, 3, 6.86
1747846685, 0, 268, 1360, 1357, 21, 6.74%, 0, 0, 3, 8.96
1747846726, 0, 269, 1360, 1357, 21, 6.74%, 0, 0, 3, 3.20
1747846767, 0, 270, 1360, 1357, 21, 6.74%, 0, 0, 3, 3.17
1747846808, 0, 271, 1360, 1357, 21, 6.74%, 0, 0, 3, 7.57
1747846818, 0, 272, 1360, 1357, 21, 6.74%, 0, 0, 3, 8.05
1747846854, 0, 273, 1360, 1357, 21, 6.74%, 0, 0, 3, 3.33
1747846895, 0, 274, 1360, 1357, 21, 6.74%, 0, 0, 3, 3.14
1747846936, 0, 275, 1360, 1357, 21, 6.74%, 0, 0, 3, 3.14
1747846978, 0, 276, 1360, 1357, 21, 6.74%, 0, 0, 3, 3.31
1747847014, 0, 277, 1360, 1357, 21, 6.74%, 0, 0, 3, 3.26
1747847025, 0, 277, 1361, 1358, 21, 6.74%, 0, 0, 3, 3.12
1747847102, 0, 278, 1361, 1358, 21, 6.74%, 0, 0, 3, 3.19
1747847142, 0, 279, 1361, 1358, 21, 6.74%, 0, 0, 3, 3.15
1747847183, 0, 280, 1361, 1358, 21, 6.74%, 0, 0, 3, 3.18
1747847219, 0, 282, 1362, 1359, 21, 6.74%, 0, 0, 3, 3.33
1747847302, 0, 283, 1362, 1359, 21, 6.74%, 0, 0, 3, 3.25
1747847337, 0, 285, 1362, 1359, 21, 6.74%, 0, 0, 3, 3.16
1747847378, 0, 286, 1362, 1359, 21, 6.74%, 0, 0, 3, 3.18
1747847419, 0, 288, 1362, 1359, 21, 6.74%, 0, 0, 3, 3.16
1747847460, 0, 289, 1362, 1359, 21, 6.74%, 0, 0, 3, 3.17
1747847501, 0, 290, 1362, 1359, 21, 6.74%, 0, 0, 3, 3.20
1747847542, 0, 291, 1362, 1359, 21, 6.74%, 0, 0, 3, 3.18
1747847583, 0, 293, 1362, 1359, 21, 6.74%, 0, 0, 3, 3.13
1747847624, 0, 294, 1362, 1359, 21, 6.74%, 0, 0, 3, 3.19
1747847665, 0, 295, 1362, 1359, 21, 6.74%, 0, 0, 3, 3.16
1747847670, 0, 295, 1363, 1360, 21, 6.74%, 0, 0, 3, 3.06
1747847748, 0, 297, 1363, 1360, 21, 6.74%, 0, 0, 3, 3.15
1747847789, 0, 298, 1363, 1360, 21, 6.74%, 0, 0, 3, 3.12
1747847830, 0, 299, 1363, 1360, 21, 6.74%, 0, 0, 3, 3.24
1747847840, 0, 299, 1364, 1361, 21, 6.74%, 0, 0, 3, 3.09
1747847913, 0, 300, 1364, 1361, 21, 6.74%, 0, 0, 3, 3.20
1747847955, 0, 301, 1364, 1361, 21, 6.74%, 0, 0, 3, 3.30
1747847991, 0, 302, 1365, 1362, 21, 6.74%, 0, 0, 3, 3.14
1747848053, 0, 302, 1366, 1363, 21, 6.74%, 0, 0, 3, 3.01
1747848163, 0, 303, 1367, 1364, 21, 6.74%, 0, 0, 3, 3.04
1747848234, 0, 308, 1367, 1364, 21, 6.74%, 0, 0, 3, 5.22
1747848260, 0, 309, 1367, 1364, 21, 6.74%, 0, 0, 3, 5.37
1747848281, 0, 310, 1367, 1364, 21, 6.74%, 0, 0, 3, 5.32
1747848307, 0, 311, 1367, 1364, 21, 6.74%, 0, 0, 3, 5.32
1747848327, 0, 312, 1367, 1364, 21, 6.74%, 0, 0, 3, 5.31
1747848353, 0, 313, 1367, 1364, 21, 6.74%, 0, 0, 3, 5.50
1747848364, 0, 313, 1368, 1365, 21, 6.74%, 0, 0, 3, 5.45
1747848400, 0, 315, 1368, 1365, 19, 6.74%, 0, 0, 3, 5.24
1747848405, 0, 315, 1369, 1366, 19, 6.74%, 0, 0, 3, 5.03
1747848415, 0, 315, 1370, 1367, 19, 6.74%, 0, 0, 3, 5.09
1747848508, 0, 316, 1370, 1367, 19, 6.74%, 0, 0, 3, 5.09
1747848519, 0, 316, 1371, 1368, 19, 6.76%, 0, 0, 3, 5.06
1747848529, 0, 316, 1372, 1369, 19, 6.76%, 0, 0, 3, 5.17
1747848607, 0, 317, 1372, 1369, 18, 6.76%, 0, 0, 3, 5.04
1747848617, 0, 317, 1374, 1371, 18, 6.76%, 0, 0, 3, 4.91
1747848653, 0, 317, 1375, 1372, 18, 6.76%, 0, 0, 3, 5.03
1747848663, 0, 317, 1376, 1373, 18, 6.76%, 0, 0, 3, 5.06
1747848734, 0, 317, 1377, 1374, 18, 6.76%, 0, 0, 3, 4.87
1747848817, 0, 317, 1378, 1375, 18, 6.76%, 0, 0, 3, 5.01
1747849057, 0, 317, 1379, 1376, 18, 6.76%, 0, 0, 3, 4.88
1747849067, 0, 317, 1380, 1377, 18, 6.76%, 0, 0, 3, 4.93
1747849437, 0, 319, 1380, 1377, 19, 6.76%, 0, 0, 3, 4.99
1747849463, 0, 320, 1380, 1377, 19, 6.76%, 0, 0, 3, 5.27
1747849490, 0, 321, 1380, 1377, 19, 6.76%, 0, 0, 3, 5.22
1747849511, 0, 322, 1380, 1377, 19, 6.76%, 0, 0, 3, 5.25
1747849536, 0, 323, 1380, 1377, 19, 6.76%, 0, 0, 3, 5.25
1747849562, 0, 324, 1380, 1377, 19, 6.76%, 0, 0, 3, 5.05
1747849587, 0, 325, 1380, 1377, 19, 6.76%, 0, 0, 3, 5.36
1747849608, 0, 326, 1380, 1377, 19, 6.76%, 0, 0, 3, 13.38
1747849613, 0, 327, 1380, 1377, 19, 6.76%, 0, 0, 3, 14.88
1747849640, 0, 328, 1380, 1377, 19, 6.76%, 0, 0, 3, 5.39
1747849661, 0, 329, 1380, 1377, 19, 6.76%, 0, 0, 3, 5.29
1747849682, 0, 329, 1381, 1378, 19, 6.76%, 0, 0, 3, 4.91
1747849718, 0, 331, 1381, 1378, 19, 6.76%, 0, 0, 3, 5.08
1747849739, 0, 332, 1381, 1378, 19, 6.76%, 0, 0, 3, 5.20
1747849765, 0, 333, 1381, 1378, 19, 6.76%, 0, 0, 3, 5.29
1747849791, 0, 334, 1381, 1378, 19, 6.76%, 0, 0, 3, 15.01
1747849796, 0, 335, 1381, 1378, 19, 6.76%, 0, 0, 3, 13.08
1747849817, 0, 336, 1381, 1378, 19, 6.76%, 0, 0, 3, 8.74
1747849822, 0, 336, 1382, 1379, 19, 6.76%, 0, 0, 3, 16.51
1747849832, 0, 337, 1382, 1379, 19, 6.76%, 0, 0, 3, 13.01
1747849858, 0, 339, 1382, 1379, 19, 6.76%, 0, 0, 3, 5.16
1747849884, 0, 340, 1382, 1379, 19, 6.76%, 0, 0, 3, 5.14
1747849910, 0, 341, 1382, 1379, 19, 6.76%, 0, 0, 3, 5.12
1747849935, 0, 342, 1382, 1379, 19, 6.76%, 0, 0, 3, 15.72
1747849941, 0, 344, 1382, 1379, 19, 6.76%, 0, 0, 3, 11.75
1747849962, 0, 345, 1382, 1379, 19, 6.76%, 0, 0, 3, 5.46
1747849967, 0, 345, 1383, 1380, 19, 6.76%, 0, 0, 3, 4.94
1747850002, 0, 345, 1384, 1381, 19, 6.76%, 0, 0, 3, 4.88
1747850075, 0, 348, 1384, 1381, 19, 6.76%, 0, 0, 3, 4.84
1747850080, 0, 348, 1385, 1382, 19, 6.76%, 0, 0, 3, 4.82
1747850126, 0, 349, 1385, 1382, 19, 6.76%, 0, 0, 3, 4.83
1747850152, 0, 351, 1385, 1382, 19, 6.76%, 0, 0, 3, 5.01
1747850178, 0, 352, 1385, 1382, 19, 6.76%, 0, 0, 3, 4.95
1747850204, 0, 353, 1385, 1382, 19, 6.76%, 0, 0, 3, 4.77
1747850230, 0, 354, 1385, 1382, 19, 6.76%, 0, 0, 3, 11.51
1747850235, 0, 355, 1385, 1382, 19, 6.76%, 0, 0, 3, 15.11
1747850250, 0, 355, 1386, 1383, 19, 6.76%, 0, 0, 3, 5.04
1747850291, 0, 357, 1386, 1383, 19, 6.76%, 0, 0, 3, 4.96
1747850317, 0, 358, 1386, 1383, 19, 6.76%, 0, 0, 3, 5.35
1747850338, 0, 359, 1386, 1383, 19, 6.76%, 0, 0, 3, 5.42
1747850364, 0, 361, 1387, 1384, 19, 6.76%, 0, 0, 3, 4.97
1747850415, 0, 362, 1387, 1384, 19, 6.76%, 0, 0, 3, 4.71
1747850446, 0, 363, 1387, 1384, 19, 6.76%, 0, 0, 3, 4.97
1747850466, 0, 364, 1387, 1384, 19, 6.76%, 0, 0, 3, 5.16
1747850487, 0, 364, 1388, 1385, 19, 6.76%, 0, 0, 3, 4.89
1747850523, 0, 365, 1388, 1385, 19, 6.76%, 0, 0, 3, 5.06
1747850544, 0, 366, 1388, 1385, 19, 6.76%, 0, 0, 3, 5.30
1747850575, 0, 368, 1388, 1385, 19, 6.76%, 0, 0, 3, 15.13
1747850580, 0, 369, 1388, 1385, 19, 6.76%, 0, 0, 3, 10.28
1747850606, 0, 370, 1388, 1385, 19, 6.76%, 0, 0, 3, 5.14
1747850632, 0, 372, 1388, 1385, 19, 6.76%, 0, 0, 3, 5.25
1747850653, 0, 373, 1388, 1385, 19, 6.76%, 0, 0, 3, 5.46
1747850674, 0, 374, 1388, 1385, 19, 6.76%, 0, 0, 3, 5.65
1747850700, 0, 375, 1388, 1385, 19, 6.76%, 0, 0, 3, 5.26
1747850726, 0, 376, 1389, 1386, 19, 6.76%, 0, 0, 3, 5.07
1747850778, 0, 378, 1389, 1386, 19, 6.76%, 0, 0, 3, 4.75
1747850783, 0, 378, 1390, 1387, 19, 6.76%, 0, 0, 3, 4.69
1747850819, 0, 378, 1391, 1388, 19, 6.76%, 0, 0, 3, 4.56
1747850890, 0, 379, 1391, 1388, 19, 6.76%, 0, 0, 3, 4.81
1747850916, 0, 380, 1391, 1388, 19, 6.76%, 0, 0, 3, 5.16
1747850942, 0, 381, 1391, 1388, 19, 6.76%, 0, 0, 3, 5.56
1747850963, 0, 382, 1391, 1388, 19, 6.76%, 0, 0, 3, 5.31
1747850989, 0, 383, 1392, 1389, 19, 6.76%, 0, 0, 3, 4.75
1747851014, 0, 383, 1393, 1390, 19, 6.76%, 0, 0, 3, 4.62
1747851056, 0, 383, 1394, 1391, 19, 6.76%, 0, 0, 3, 4.56
1747851297, 0, 384, 1394, 1391, 19, 6.76%, 0, 0, 3, 2.78
1747851344, 0, 385, 1394, 1391, 19, 6.76%, 0, 0, 3, 3.00
1747851386, 0, 386, 1394, 1391, 19, 6.76%, 0, 0, 3, 3.12
1747851427, 0, 387, 1394, 1391, 19, 6.76%, 0, 0, 3, 3.02
1747851468, 0, 388, 1394, 1391, 19, 6.76%, 0, 0, 3, 2.83
1747851509, 0, 389, 1394, 1391, 19, 6.76%, 0, 0, 3, 3.10
1747851556, 0, 390, 1394, 1391, 19, 6.76%, 0, 0, 3, 2.87
1747851597, 0, 391, 1394, 1391, 19, 6.76%, 0, 0, 3, 3.14
1747851639, 0, 392, 1394, 1391, 19, 6.76%, 0, 0, 3, 3.03
1747851680, 0, 393, 1394, 1391, 19, 6.76%, 0, 0, 3, 3.05
1747851726, 0, 394, 1394, 1391, 19, 6.76%, 0, 0, 3, 4.53
1747851731, 0, 394, 1395, 1392, 19, 6.76%, 0, 0, 3, 8.63
1747851752, 0, 395, 1395, 1392, 19, 6.76%, 0, 0, 3, 8.48
1747851798, 0, 396, 1395, 1392, 19, 6.76%, 0, 0, 3, 2.75
1747851845, 0, 399, 1395, 1392, 19, 6.76%, 0, 0, 3, 2.80
1747851866, 0, 399, 1396, 1393, 19, 6.76%, 0, 0, 3, 2.68
1747851942, 0, 400, 1396, 1393, 19, 6.76%, 0, 0, 3, 3.14
1747851978, 0, 401, 1397, 1394, 19, 6.76%, 0, 0, 3, 3.12
1747852020, 0, 401, 1398, 1395, 19, 6.76%, 0, 0, 3, 2.67
1747852030, 0, 401, 1399, 1396, 19, 6.76%, 0, 0, 3, 2.67
1747852036, 0, 401, 1400, 1397, 19, 6.76%, 0, 0, 3, 2.71
1747852077, 0, 401, 1401, 1398, 19, 6.76%, 0, 0, 3, 2.69
1747852139, 0, 401, 1402, 1399, 19, 6.76%, 0, 0, 3, 4.50
1747852164, 0, 401, 1403, 1400, 19, 6.76%, 0, 0, 3, 4.55
1747852667, 0, 401, 1404, 1401, 19, 6.76%, 0, 0, 3, 4.51
1747852944, 0, 402, 1404, 1401, 19, 6.76%, 0, 0, 3, 4.52
1747852970, 0, 405, 1404, 1401, 19, 6.76%, 0, 0, 3, 4.67
1747853001, 0, 406, 1404, 1401, 19, 6.76%, 0, 0, 3, 5.11
1747853022, 0, 407, 1404, 1401, 19, 6.76%, 0, 0, 3, 11.37
1747853028, 0, 408, 1404, 1401, 19, 6.76%, 0, 0, 3, 15.60
1747853053, 0, 410, 1404, 1401, 19, 6.76%, 0, 0, 3, 5.43
1747853079, 0, 411, 1404, 1401, 19, 6.76%, 0, 0, 3, 5.00
1747853105, 0, 412, 1404, 1401, 19, 6.76%, 0, 0, 3, 5.36
1747853126, 0, 413, 1404, 1401, 19, 6.76%, 0, 0, 3, 5.24
1747853157, 0, 414, 1404, 1401, 19, 6.76%, 0, 0, 3, 4.59
1747853183, 0, 415, 1404, 1401, 19, 6.76%, 0, 0, 3, 4.83
1747853209, 0, 416, 1404, 1401, 19, 6.76%, 0, 0, 3, 5.35
1747853229, 0, 419, 1405, 1402, 19, 6.76%, 0, 0, 3, 5.01
1747853286, 0, 420, 1405, 1402, 19, 6.76%, 0, 0, 3, 4.50
1747853317, 0, 421, 1405, 1402, 19, 6.76%, 0, 0, 3, 4.54
1747853343, 0, 422, 1405, 1402, 19, 6.76%, 0, 0, 3, 4.63
1747853369, 0, 424, 1405, 1402, 19, 6.76%, 0, 0, 3, 10.18
1747853379, 0, 425, 1406, 1403, 19, 6.76%, 0, 0, 3, 7.92
1747853430, 0, 425, 1407, 1404, 19, 6.76%, 0, 0, 3, 4.39
1747853440, 0, 425, 1408, 1405, 19, 6.76%, 0, 0, 3, 4.40
1747853610, 0, 427, 1408, 1405, 19, 6.76%, 0, 0, 3, 4.53
1747853651, 0, 428, 1408, 1405, 19, 6.76%, 0, 0, 3, 2.78
1747853698, 0, 429, 1408, 1405, 19, 6.76%, 0, 0, 3, 2.73
1747853744, 0, 430, 1408, 1405, 19, 6.76%, 0, 0, 3, 7.16
1747853754, 0, 431, 1408, 1405, 19, 6.76%, 0, 0, 3, 10.16
1747853770, 0, 432, 1408, 1405, 19, 6.76%, 0, 0, 3, 5.90
1747853816, 0, 433, 1408, 1405, 19, 6.76%, 0, 0, 3, 2.77
1747853863, 0, 434, 1408, 1405, 19, 6.76%, 0, 0, 3, 3.00
1747853904, 0, 435, 1408, 1405, 19, 6.76%, 0, 0, 3, 2.94
1747853951, 0, 437, 1408, 1405, 19, 6.76%, 0, 0, 3, 2.67
1747853999, 0, 438, 1408, 1405, 19, 6.76%, 0, 0, 3, 2.71
1747854046, 0, 439, 1408, 1405, 19, 6.76%, 0, 0, 3, 2.73
1747854092, 0, 440, 1408, 1405, 19, 6.76%, 0, 0, 3, 2.73
1747854138, 0, 442, 1408, 1405, 19, 6.76%, 0, 0, 3, 2.78
1747854184, 0, 443, 1408, 1405, 19, 6.76%, 0, 0, 3, 2.73
1747854225, 0, 444, 1408, 1405, 19, 6.76%, 0, 0, 3, 3.08
1747854272, 0, 445, 1408, 1405, 19, 6.76%, 0, 0, 3, 2.76
1747854318, 0, 446, 1408, 1405, 19, 6.76%, 0, 0, 3, 2.78
1747854366, 0, 447, 1408, 1405, 19, 6.76%, 0, 0, 3, 3.13
1747854381, 0, 449, 1408, 1405, 19, 6.76%, 0, 0, 3, 6.74
1747854428, 0, 452, 1408, 1405, 19, 6.76%, 0, 0, 3, 2.69
1747854433, 0, 452, 1409, 1406, 19, 6.76%, 0, 0, 3, 2.64
1747854527, 0, 453, 1409, 1406, 19, 6.76%, 0, 0, 3, 2.69
1747854574, 0, 455, 1409, 1406, 19, 6.76%, 0, 0, 3, 2.61
1747854626, 0, 456, 1409, 1406, 19, 6.76%, 0, 0, 3, 2.56
1747854673, 0, 457, 1409, 1406, 19, 6.76%, 0, 0, 3, 2.65
1747854719, 0, 458, 1409, 1406, 19, 6.76%, 0, 0, 3, 5.24
1747854735, 0, 459, 1409, 1406, 19, 6.76%, 0, 0, 3, 5.92
1747854782, 0, 460, 1409, 1406, 19, 6.76%, 0, 0, 3, 2.59
1747854833, 0, 461, 1409, 1406, 19, 6.76%, 0, 0, 3, 2.68
1747854880, 0, 462, 1409, 1406, 19, 6.76%, 0, 0, 3, 8.10
1747854890, 0, 463, 1409, 1406, 19, 6.76%, 0, 0, 3, 6.91
1747854937, 0, 464, 1409, 1406, 19, 6.76%, 0, 0, 3, 2.70
1747854983, 0, 465, 1409, 1406, 19, 6.76%, 0, 0, 3, 4.82
1747854998, 0, 466, 1409, 1406, 19, 6.76%, 0, 0, 3, 6.00
1747855045, 0, 467, 1409, 1406, 19, 6.76%, 0, 0, 3, 2.62
1747855091, 0, 468, 1409, 1406, 19, 6.76%, 0, 0, 3, 2.75
1747855138, 0, 469, 1409, 1406, 19, 6.76%, 0, 0, 3, 2.72
1747855174, 0, 469, 1410, 1407, 19, 6.76%, 0, 0, 3, 2.59
1747855241, 0, 470, 1410, 1407, 19, 6.76%, 0, 0, 3, 2.56
1747855289, 0, 471, 1410, 1407, 19, 6.76%, 0, 0, 3, 2.69
1747855342, 0, 472, 1410, 1407, 19, 6.76%, 0, 0, 3, 2.64
1747855388, 0, 474, 1410, 1407, 19, 6.76%, 0, 0, 3, 2.55
1747855404, 0, 474, 1411, 1408, 19, 6.76%, 0, 0, 3, 2.54
1747855491, 0, 475, 1411, 1408, 19, 6.76%, 0, 0, 3, 2.91
1747855532, 0, 476, 1411, 1408, 19, 6.76%, 0, 0, 3, 2.91
1747855583, 0, 481, 1411, 1408, 19, 6.76%, 0, 0, 3, 2.67
1747855630, 0, 482, 1412, 1409, 19, 6.76%, 0, 0, 3, 2.64
1747855682, 0, 482, 1413, 1410, 19, 6.76%, 0, 0, 3, 2.63
1747855828, 0, 483, 1413, 1410, 19, 6.76%, 0, 0, 3, 2.63
1747855875, 0, 484, 1413, 1410, 19, 6.76%, 0, 0, 3, 2.77
1747855906, 0, 484, 1414, 1411, 19, 6.76%, 0, 0, 3, 2.52
1747855926, 0, 484, 1415, 1412, 19, 6.76%, 0, 0, 3, 2.53
1747856086, 0, 485, 1415, 1412, 19, 6.76%, 0, 0, 3, 2.63
1747856132, 0, 486, 1415, 1412, 19, 6.76%, 0, 0, 3, 2.62
1747856184, 0, 487, 1415, 1412, 19, 6.76%, 0, 0, 3, 2.70
1747856230, 0, 488, 1415, 1412, 19, 6.76%, 0, 0, 3, 2.68
1747856277, 0, 489, 1415, 1412, 19, 6.76%, 0, 0, 3, 2.67
1747856323, 0, 490, 1415, 1412, 19, 6.76%, 0, 0, 3, 2.63
1747856375, 0, 491, 1415, 1412, 19, 6.76%, 0, 0, 3, 2.72
1747856421, 0, 493, 1415, 1412, 19, 6.76%, 0, 0, 3, 2.69
1747856468, 0, 494, 1415, 1412, 19, 6.76%, 0, 0, 3, 2.72
1747856515, 0, 495, 1415, 1412, 19, 6.76%, 0, 0, 3, 2.66
1747856567, 0, 497, 1415, 1412, 19, 6.76%, 0, 0, 3, 2.63
1747856613, 0, 500, 1415, 1412, 19, 6.76%, 0, 0, 3, 2.70
1747856660, 0, 501, 1415, 1412, 19, 6.76%, 0, 0, 3, 2.61
1747856712, 0, 502, 1415, 1412, 19, 6.76%, 0, 0, 3, 2.60
1747856759, 0, 504, 1415, 1412, 19, 6.76%, 0, 0, 3, 2.67
1747856811, 0, 505, 1415, 1412, 19, 6.76%, 0, 0, 3, 2.57
1747856816, 0, 505, 1416, 1413, 19, 6.76%, 0, 0, 3, 2.52
1747856914, 0, 507, 1416, 1413, 19, 6.76%, 0, 0, 3, 7.36
1747856924, 0, 508, 1416, 1413, 19, 6.76%, 0, 0, 3, 7.80
1747856976, 0, 509, 1416, 1413, 19, 6.76%, 0, 0, 3, 2.66
1747857023, 0, 510, 1416, 1413, 19, 6.76%, 0, 0, 3, 2.70
1747857070, 0, 511, 1416, 1413, 19, 6.76%, 0, 0, 3, 2.77
1747857116, 0, 513, 1416, 1413, 19, 6.76%, 0, 0, 3, 2.67
1747857163, 0, 516, 1416, 1413, 19, 6.76%, 0, 0, 3, 2.61
1747857211, 0, 517, 1416, 1413, 19, 6.76%, 0, 0, 3, 2.70
1747857257, 0, 518, 1416, 1413, 19, 6.76%, 0, 0, 3, 2.76
1747857308, 0, 519, 1416, 1413, 19, 6.76%, 0, 0, 3, 2.60
1747857360, 0, 520, 1416, 1413, 19, 6.76%, 0, 0, 3, 2.60
1747857407, 0, 521, 1416, 1413, 19, 6.76%, 0, 0, 3, 2.51
1747857459, 0, 522, 1416, 1413, 19, 6.76%, 0, 0, 3, 2.55
1747857510, 0, 523, 1416, 1413, 19, 6.76%, 0, 0, 3, 2.49
1747857563, 0, 524, 1416, 1413, 19, 6.76%, 0, 0, 3, 2.56
1747857610, 0, 526, 1416, 1413, 19, 6.76%, 0, 0, 3, 2.54
1747857662, 0, 527, 1416, 1413, 19, 6.76%, 0, 0, 3, 2.48
1747857667, 0, 527, 1417, 1414, 19, 6.76%, 0, 0, 3, 2.47
1747857765, 0, 530, 1417, 1414, 19, 6.76%, 0, 0, 3, 2.52
1747857817, 0, 531, 1417, 1414, 19, 6.76%, 0, 0, 3, 2.56
1747857863, 0, 532, 1417, 1414, 19, 6.76%, 0, 0, 3, 2.73
1747857915, 0, 534, 1417, 1414, 19, 6.76%, 0, 0, 3, 2.53
1747857967, 0, 535, 1417, 1414, 19, 6.76%, 0, 0, 3, 2.55
1747858019, 0, 536, 1417, 1414, 19, 6.76%, 0, 0, 3, 2.51
1747858067, 0, 537, 1417, 1414, 19, 6.76%, 0, 0, 3, 2.57
1747858113, 0, 539, 1417, 1414, 19, 6.76%, 0, 0, 3, 4.18
1747858143, 0, 540, 1417, 1414, 19, 6.76%, 0, 0, 3, 4.32
1747858175, 0, 544, 1417, 1414, 19, 6.76%, 0, 0, 3, 4.33
1747858200, 0, 545, 1417, 1414, 19, 6.76%, 0, 0, 3, 4.47
1747858231, 0, 546, 1417, 1414, 19, 6.76%, 0, 0, 3, 4.37
1747858262, 0, 547, 1417, 1414, 19, 6.76%, 0, 0, 3, 4.25
1747858292, 0, 549, 1417, 1414, 19, 6.76%, 0, 0, 3, 4.18
1747858323, 0, 550, 1417, 1414, 19, 6.76%, 0, 0, 3, 4.25
1747858354, 0, 552, 1417, 1414, 19, 6.76%, 0, 0, 3, 4.15
1747858384, 0, 553, 1417, 1414, 19, 6.76%, 0, 0, 3, 4.19
1747858410, 0, 555, 1417, 1414, 19, 6.76%, 0, 0, 3, 4.22
1747858441, 0, 556, 1417, 1414, 19, 6.76%, 0, 0, 3, 4.19
1747858472, 0, 557, 1417, 1414, 19, 6.76%, 0, 0, 3, 4.22
1747858502, 0, 558, 1417, 1414, 19, 6.76%, 0, 0, 3, 4.17
1747858533, 0, 559, 1417, 1414, 19, 6.76%, 0, 0, 3, 4.18
1747858564, 0, 560, 1417, 1414, 19, 6.76%, 0, 0, 3, 4.15
1747858595, 0, 561, 1417, 1414, 19, 6.76%, 0, 0, 3, 4.21
1747858626, 0, 562, 1417, 1414, 19, 6.76%, 0, 0, 3, 4.23
1747858631, 0, 562, 1418, 1415, 19, 6.76%, 0, 0, 3, 4.26
1747858641, 0, 562, 1419, 1416, 19, 6.76%, 0, 0, 3, 4.19
1747858749, 0, 563, 1419, 1416, 19, 6.76%, 0, 0, 3, 4.15
1747858780, 0, 564, 1419, 1416, 19, 6.76%, 0, 0, 3, 4.20
1747858810, 0, 566, 1419, 1416, 19, 6.76%, 0, 0, 3, 4.13
1747858831, 0, 566, 1420, 1417, 19, 6.76%, 0, 0, 3, 4.40
1747858872, 0, 567, 1420, 1417, 19, 6.76%, 0, 0, 3, 4.24
1747858902, 0, 568, 1420, 1417, 19, 6.76%, 0, 0, 3, 4.20
1747858933, 0, 569, 1420, 1417, 19, 6.76%, 0, 0, 3, 4.20
1747858943, 0, 569, 1421, 1418, 19, 6.76%, 0, 0, 3, 4.06
1747858974, 0, 569, 1422, 1419, 19, 6.76%, 0, 0, 3, 4.21
1747859061, 0, 570, 1422, 1419, 19, 6.76%, 0, 0, 3, 3.23
1747859113, 0, 571, 1422, 1419, 19, 6.76%, 0, 0, 3, 2.48
1747859166, 0, 572, 1422, 1419, 19, 6.76%, 0, 0, 3, 2.46
1747859217, 0, 573, 1422, 1419, 19, 6.76%, 0, 0, 3, 2.59
1747859264, 0, 574, 1422, 1419, 19, 6.76%, 0, 0, 3, 3.89
1747859295, 0, 575, 1422, 1419, 19, 6.76%, 0, 0, 3, 4.28
1747859326, 0, 576, 1422, 1419, 19, 6.76%, 0, 0, 3, 4.17
1747859357, 0, 578, 1422, 1419, 19, 6.76%, 0, 0, 3, 4.17
1747859387, 0, 579, 1422, 1419, 19, 6.76%, 0, 0, 3, 4.12
1747859418, 0, 579, 1423, 1420, 19, 6.76%, 0, 0, 3, 4.29
1747859449, 0, 580, 1423, 1420, 19, 6.76%, 0, 0, 3, 4.30
1747859480, 0, 581, 1423, 1420, 19, 6.76%, 0, 0, 3, 4.20
1747859495, 0, 581, 1425, 1422, 19, 6.76%, 0, 0, 3, 4.12
1747859608, 0, 582, 1425, 1422, 19, 6.76%, 0, 0, 3, 4.09
1747859639, 0, 583, 1425, 1422, 19, 6.76%, 0, 0, 3, 4.28
1747859670, 0, 584, 1425, 1422, 19, 6.76%, 0, 0, 3, 4.18
1747859701, 0, 585, 1425, 1422, 19, 6.76%, 0, 0, 3, 4.14
1747859732, 0, 588, 1425, 1422, 19, 6.76%, 0, 0, 3, 4.15
1747859763, 0, 589, 1425, 1422, 19, 6.76%, 0, 0, 3, 4.19
1747859793, 0, 590, 1425, 1422, 19, 6.76%, 0, 0, 3, 4.12
1747859824, 0, 591, 1425, 1422, 19, 6.76%, 0, 0, 3, 4.27
1747859850, 0, 592, 1425, 1422, 19, 6.76%, 0, 0, 3, 4.26
1747859881, 0, 593, 1425, 1422, 19, 6.76%, 0, 0, 3, 4.25
1747859922, 0, 594, 1425, 1422, 19, 6.76%, 0, 0, 3, 2.49
1747859974, 0, 595, 1425, 1422, 19, 6.76%, 0, 0, 3, 2.46
1747859980, 0, 595, 1426, 1423, 19, 6.76%, 0, 0, 3, 2.36
1747859985, 0, 595, 1427, 1424, 19, 6.76%, 0, 0, 3, 2.31
1747860130, 0, 595, 1428, 1425, 19, 6.76%, 0, 0, 3, 4.03
1747860290, 0, 597, 1428, 1425, 19, 6.76%, 0, 0, 3, 4.04
1747860320, 0, 598, 1428, 1425, 19, 6.76%, 0, 0, 3, 4.21
1747860351, 0, 599, 1428, 1425, 19, 6.76%, 0, 0, 3, 4.09
1747860361, 0, 599, 1429, 1426, 19, 6.76%, 0, 0, 3, 4.05
1747860397, 0, 599, 1430, 1427, 19, 6.76%, 0, 0, 3, 4.08
1747860479, 0, 600, 1430, 1427, 19, 6.76%, 0, 0, 3, 4.13
1747860510, 0, 601, 1430, 1427, 19, 6.76%, 0, 0, 3, 4.18
1747860541, 0, 602, 1430, 1427, 19, 6.76%, 0, 0, 3, 4.08
1747860572, 0, 605, 1430, 1427, 19, 6.76%, 0, 0, 3, 4.20
1747860602, 0, 606, 1430, 1427, 19, 6.76%, 0, 0, 3, 4.17
1747860628, 0, 606, 1431, 1428, 19, 6.76%, 0, 0, 3, 4.05
1747860669, 0, 607, 1431, 1428, 19, 6.76%, 0, 0, 3, 4.11
1747860700, 0, 608, 1431, 1428, 19, 6.76%, 0, 0, 3, 4.61
