# unix_time, cycles_done, cur_path, paths_total, pending_total, pending_favs, map_size, unique_crashes, unique_hangs, max_depth, execs_per_sec
1747774285, 0, 0, 1, 1, 1, 5.03%, 0, 0, 1, 28.99
1747774290, 0, 0, 18, 18, 1, 5.83%, 0, 0, 2, 29.47
1747774295, 0, 0, 35, 35, 1, 5.83%, 0, 0, 2, 29.52
1747774300, 0, 0, 52, 52, 1, 5.83%, 0, 0, 2, 29.95
1747774305, 0, 0, 69, 69, 1, 5.83%, 0, 0, 2, 30.55
1747774310, 0, 0, 82, 82, 1, 5.97%, 0, 0, 2, 3.76
1747774316, 0, 0, 86, 86, 1, 6.26%, 0, 0, 2, 5.55
1747774321, 0, 0, 89, 89, 1, 6.26%, 0, 0, 2, 7.44
1747774326, 0, 0, 93, 93, 1, 6.27%, 0, 0, 2, 7.04
1747774331, 0, 0, 97, 97, 1, 6.27%, 0, 0, 2, 5.10
1747774336, 0, 0, 101, 101, 1, 6.27%, 0, 1, 2, 7.68
1747774341, 0, 0, 105, 105, 1, 6.27%, 0, 1, 2, 1.32
1747774346, 0, 0, 106, 106, 1, 6.27%, 0, 1, 2, 24.46
1747774351, 0, 0, 110, 110, 1, 6.27%, 0, 1, 2, 2.22
1747774357, 0, 0, 115, 115, 1, 6.27%, 0, 1, 2, 1.29
1747774362, 0, 0, 116, 116, 1, 6.27%, 0, 1, 2, 1.33
1747774367, 0, 0, 117, 117, 1, 6.28%, 0, 1, 2, 1.60
1747774378, 0, 0, 121, 121, 1, 6.28%, 0, 1, 2, 1.42
1747774389, 0, 0, 123, 123, 1, 6.28%, 0, 1, 2, 1.46
1747774394, 0, 0, 126, 126, 1, 6.28%, 0, 2, 2, 16.95
1747774399, 0, 0, 128, 128, 1, 6.28%, 0, 3, 2, 2.41
1747774405, 0, 0, 131, 131, 1, 6.28%, 0, 3, 2, 6.05
1747774410, 0, 0, 132, 132, 1, 6.28%, 0, 3, 2, 4.45
1747774415, 0, 0, 136, 136, 1, 6.28%, 0, 3, 2, 1.14
1747774426, 0, 0, 137, 137, 1, 6.28%, 0, 3, 2, 1.41
1747774431, 0, 0, 139, 139, 1, 6.28%, 0, 3, 2, 2.32
1747774436, 0, 0, 140, 140, 1, 6.28%, 0, 3, 2, 2.51
1747774442, 0, 0, 145, 145, 1, 6.28%, 0, 3, 2, 7.81
1747774447, 0, 0, 147, 147, 1, 6.28%, 0, 3, 2, 5.93
1747774452, 0, 0, 149, 149, 1, 6.28%, 0, 3, 2, 4.91
1747774457, 0, 0, 151, 151, 1, 6.28%, 0, 3, 2, 2.86
1747774463, 0, 0, 155, 155, 1, 6.28%, 0, 3, 2, 6.21
1747774474, 0, 0, 156, 156, 1, 6.28%, 0, 3, 2, 1.40
1747774479, 0, 0, 160, 160, 1, 6.28%, 0, 3, 2, 2.23
1747774485, 0, 0, 163, 163, 1, 6.28%, 0, 3, 2, 5.04
1747774490, 0, 0, 164, 164, 1, 6.28%, 0, 3, 2, 3.57
1747774495, 0, 0, 167, 167, 1, 6.28%, 0, 3, 2, 4.64
1747774500, 0, 0, 171, 171, 1, 6.28%, 0, 3, 2, 6.86
1747774505, 0, 0, 173, 173, 1, 6.28%, 0, 3, 2, 5.53
1747774511, 0, 0, 176, 176, 1, 6.28%, 0, 4, 2, 5.55
1747774516, 0, 0, 177, 177, 1, 6.30%, 0, 4, 2, 4.51
1747774521, 0, 0, 180, 180, 1, 6.30%, 0, 4, 2, 5.68
1747774526, 0, 0, 181, 181, 1, 6.30%, 0, 4, 2, 4.15
1747774531, 0, 0, 183, 183, 1, 6.30%, 0, 4, 2, 5.71
1747774536, 0, 0, 186, 186, 1, 6.30%, 0, 4, 2, 5.76
1747774542, 0, 0, 189, 189, 1, 6.30%, 0, 4, 2, 5.87
1747774547, 0, 0, 193, 193, 1, 6.30%, 0, 4, 2, 3.73
1747774552, 0, 0, 197, 197, 1, 6.30%, 0, 4, 2, 6.37
1747774557, 0, 0, 201, 201, 1, 6.30%, 0, 4, 2, 8.11
1747774563, 0, 0, 203, 203, 1, 6.30%, 0, 4, 2, 1.22
1747774568, 0, 0, 204, 204, 1, 6.30%, 0, 4, 2, 1.25
1747774574, 0, 0, 205, 205, 1, 6.30%, 0, 4, 2, 22.62
1747774579, 0, 0, 209, 209, 1, 6.30%, 0, 4, 2, 14.06
1747774584, 0, 0, 211, 211, 1, 6.30%, 0, 4, 2, 7.58
1747774589, 0, 0, 213, 213, 1, 6.30%, 0, 4, 2, 5.60
1747774595, 0, 0, 214, 214, 1, 6.32%, 0, 4, 2, 3.85
1747774601, 0, 0, 216, 216, 1, 6.32%, 0, 4, 2, 3.73
1747774606, 0, 0, 218, 218, 1, 6.32%, 0, 4, 2, 6.12
1747774611, 0, 0, 225, 225, 1, 6.32%, 0, 4, 2, 1.52
1747774621, 0, 0, 228, 228, 1, 6.32%, 0, 4, 2, 12.48
1747774626, 0, 0, 230, 230, 1, 6.32%, 0, 4, 2, 16.87
1747774631, 0, 0, 232, 232, 1, 6.32%, 0, 4, 2, 1.59
1747774637, 0, 0, 233, 233, 1, 6.32%, 0, 4, 2, 1.55
1747774642, 0, 0, 234, 234, 1, 6.32%, 0, 4, 2, 1.51
1747774647, 0, 0, 235, 235, 1, 6.32%, 0, 4, 2, 12.39
1747774652, 0, 0, 240, 240, 1, 6.32%, 0, 4, 2, 12.75
1747774658, 0, 0, 244, 244, 1, 6.32%, 0, 4, 2, 1.90
1747774663, 0, 0, 245, 245, 1, 6.32%, 0, 4, 2, 2.15
1747774668, 0, 0, 248, 248, 1, 6.32%, 0, 4, 2, 20.40
1747774674, 0, 0, 252, 252, 1, 6.32%, 0, 4, 2, 1.94
1747774684, 0, 0, 254, 254, 1, 6.32%, 0, 4, 2, 2.47
1747774689, 0, 0, 257, 257, 1, 6.32%, 0, 5, 2, 3.15
1747774700, 0, 0, 261, 261, 1, 6.32%, 0, 5, 2, 7.23
1747774705, 0, 0, 264, 264, 1, 6.32%, 0, 5, 2, 5.86
1747774710, 0, 0, 266, 266, 1, 6.32%, 0, 5, 2, 4.81
1747774715, 0, 0, 267, 267, 1, 6.32%, 0, 5, 2, 3.65
1747774726, 0, 0, 270, 270, 1, 6.32%, 0, 5, 2, 1.57
1747774731, 0, 0, 272, 272, 1, 6.32%, 0, 5, 2, 8.35
1747774736, 0, 0, 275, 275, 1, 6.32%, 0, 5, 2, 7.69
1747774741, 0, 0, 280, 280, 1, 6.32%, 0, 5, 2, 9.83
1747774747, 0, 0, 285, 285, 1, 6.32%, 0, 5, 2, 10.46
1747774752, 0, 0, 288, 288, 1, 6.32%, 0, 5, 2, 1.83
1747774757, 0, 0, 289, 289, 1, 6.32%, 0, 5, 2, 1.89
1747774762, 0, 0, 292, 292, 1, 6.32%, 0, 5, 2, 7.99
1747774774, 0, 0, 294, 294, 1, 6.32%, 0, 5, 2, 1.67
1747774779, 0, 0, 295, 295, 1, 6.32%, 0, 5, 2, 1.70
1747774784, 0, 0, 296, 296, 1, 6.32%, 0, 5, 2, 1.61
1747774789, 0, 0, 297, 297, 1, 6.32%, 0, 5, 2, 21.65
1747774795, 0, 0, 299, 299, 1, 6.38%, 0, 5, 2, 2.05
1747774801, 0, 0, 300, 300, 1, 6.38%, 0, 5, 2, 1.81
1747774806, 0, 0, 301, 301, 1, 6.38%, 0, 5, 2, 12.19
1747774811, 0, 0, 303, 303, 1, 6.38%, 0, 5, 2, 1.36
1747774817, 0, 0, 305, 305, 1, 6.38%, 0, 5, 2, 2.09
1747774827, 0, 0, 309, 309, 1, 6.38%, 0, 5, 2, 36.94
1747774833, 0, 0, 314, 314, 1, 6.38%, 0, 5, 2, 1.49
1747774838, 0, 0, 315, 315, 1, 6.38%, 0, 5, 2, 1.66
1747774843, 0, 0, 316, 316, 1, 6.38%, 0, 5, 2, 2.29
1747774848, 0, 0, 318, 318, 1, 6.38%, 0, 5, 2, 3.57
1747774853, 0, 0, 323, 323, 1, 6.38%, 0, 5, 2, 14.54
1747774858, 0, 0, 329, 329, 1, 6.38%, 0, 5, 2, 13.54
1747774864, 0, 0, 335, 335, 1, 6.38%, 0, 5, 2, 12.04
1747774869, 0, 0, 337, 337, 1, 6.38%, 0, 5, 2, 7.15
1747774874, 0, 0, 339, 339, 1, 6.38%, 0, 5, 2, 6.02
1747774879, 0, 0, 340, 340, 1, 6.38%, 0, 5, 2, 4.07
1747774885, 0, 0, 343, 343, 1, 6.38%, 0, 5, 2, 5.92
1747774890, 0, 0, 344, 344, 1, 6.38%, 0, 5, 2, 1.18
1747774895, 0, 0, 346, 346, 1, 6.38%, 0, 5, 2, 16.30
1747774900, 0, 0, 351, 351, 1, 6.38%, 0, 5, 2, 2.33
1747774905, 0, 0, 353, 353, 1, 6.39%, 0, 5, 2, 3.09
1747774911, 0, 0, 357, 357, 1, 6.39%, 0, 5, 2, 5.67
1747774916, 0, 0, 359, 359, 1, 6.39%, 0, 5, 2, 4.62
1747774921, 0, 0, 361, 361, 1, 6.39%, 0, 5, 2, 5.81
1747774926, 0, 0, 364, 364, 1, 6.39%, 0, 6, 2, 6.58
1747774931, 0, 0, 367, 367, 1, 6.39%, 0, 6, 2, 5.98
1747774943, 0, 0, 368, 368, 1, 6.39%, 0, 6, 2, 3.21
1747774948, 0, 0, 369, 369, 1, 6.39%, 0, 6, 2, 2.56
1747774954, 0, 0, 371, 371, 1, 6.39%, 0, 6, 2, 2.27
1747774959, 0, 0, 373, 373, 1, 6.39%, 0, 6, 2, 4.35
1747774964, 0, 0, 376, 376, 1, 6.39%, 0, 6, 2, 6.22
1747774969, 0, 0, 379, 379, 1, 6.39%, 0, 6, 2, 5.45
1747774975, 0, 0, 382, 382, 1, 6.39%, 0, 6, 2, 5.06
1747774980, 0, 0, 384, 384, 1, 6.39%, 0, 6, 2, 3.13
1747774985, 0, 0, 385, 385, 1, 6.39%, 0, 6, 2, 2.63
1747774990, 0, 0, 387, 387, 1, 6.39%, 0, 6, 2, 3.84
1747774995, 0, 0, 389, 389, 1, 6.39%, 0, 6, 2, 3.46
1747775006, 0, 0, 391, 391, 1, 6.39%, 0, 6, 2, 3.03
1747775012, 0, 0, 394, 394, 1, 6.39%, 0, 6, 2, 2.72
1747775017, 0, 0, 396, 396, 1, 6.39%, 0, 6, 2, 3.85
1747775022, 0, 0, 398, 398, 1, 6.39%, 0, 6, 2, 3.39
1747775028, 0, 0, 403, 403, 1, 6.39%, 0, 6, 2, 10.05
1747775033, 0, 0, 407, 407, 1, 6.39%, 0, 6, 2, 8.48
1747775038, 0, 0, 409, 409, 1, 6.39%, 0, 6, 2, 5.58
1747775043, 0, 0, 412, 412, 1, 6.39%, 0, 6, 2, 5.51
1747775048, 0, 0, 413, 413, 1, 6.39%, 0, 6, 2, 3.82
1747775054, 0, 0, 415, 415, 1, 6.39%, 0, 6, 2, 16.51
1747775059, 0, 0, 416, 416, 1, 6.39%, 0, 6, 2, 1.71
1747775064, 0, 0, 417, 417, 1, 6.39%, 0, 6, 2, 2.42
1747775070, 0, 0, 419, 419, 1, 6.39%, 0, 6, 2, 3.78
1747775080, 0, 0, 422, 422, 1, 6.39%, 0, 6, 2, 4.21
1747775086, 0, 0, 424, 424, 1, 6.39%, 0, 6, 2, 3.79
1747775091, 0, 0, 426, 426, 1, 6.39%, 0, 6, 2, 17.57
1747775096, 0, 0, 427, 427, 1, 6.39%, 0, 6, 2, 1.33
1747775101, 0, 0, 431, 431, 1, 6.39%, 0, 6, 2, 10.83
1747775107, 0, 0, 433, 433, 1, 6.39%, 0, 7, 2, 1.86
1747775112, 0, 0, 435, 435, 1, 6.39%, 0, 7, 2, 2.01
1747775123, 0, 0, 436, 436, 1, 6.39%, 0, 7, 2, 1.74
1747775128, 0, 0, 437, 437, 1, 6.39%, 0, 8, 2, 1.82
1747775133, 0, 0, 439, 439, 1, 6.39%, 0, 8, 2, 2.63
1747775144, 0, 0, 442, 442, 1, 6.39%, 0, 8, 2, 10.48
1747775149, 0, 0, 443, 443, 1, 6.39%, 0, 8, 2, 1.14
1747775154, 0, 0, 444, 444, 1, 6.39%, 0, 8, 2, 1.72
1747775160, 0, 0, 445, 445, 1, 6.39%, 0, 8, 2, 2.13
1747775165, 0, 0, 446, 446, 1, 6.39%, 0, 8, 2, 2.17
1747775171, 0, 0, 447, 447, 1, 6.39%, 0, 8, 2, 2.13
1747775176, 0, 0, 449, 449, 1, 6.39%, 0, 8, 2, 16.21
1747775181, 0, 0, 451, 451, 1, 6.39%, 0, 8, 2, 2.07
1747775186, 0, 0, 452, 452, 1, 6.39%, 0, 8, 2, 1.22
1747775191, 0, 0, 454, 454, 1, 6.39%, 0, 8, 2, 2.58
1747775196, 0, 0, 455, 455, 1, 6.39%, 0, 8, 2, 3.12
1747775201, 0, 0, 457, 457, 1, 6.39%, 0, 8, 2, 5.78
1747775207, 0, 0, 459, 459, 1, 6.39%, 0, 8, 2, 0.88
1747775212, 0, 0, 460, 460, 1, 6.39%, 0, 8, 2, 0.95
1747775223, 0, 0, 462, 462, 1, 6.39%, 0, 8, 2, 2.68
1747775228, 0, 0, 464, 464, 1, 6.39%, 0, 8, 2, 3.66
1747775234, 0, 0, 466, 466, 1, 6.39%, 0, 8, 2, 3.47
1747775239, 0, 0, 470, 470, 1, 6.39%, 0, 8, 2, 7.04
1747775244, 0, 0, 471, 471, 1, 6.39%, 0, 8, 2, 4.47
1747775249, 0, 0, 474, 474, 1, 6.39%, 0, 9, 2, 5.90
1747775254, 0, 0, 475, 475, 1, 6.39%, 0, 9, 2, 4.33
1747775259, 0, 0, 476, 476, 1, 6.39%, 0, 10, 2, 4.08
1747775265, 0, 0, 478, 478, 1, 6.39%, 0, 10, 2, 10.02
1747775270, 0, 0, 479, 479, 1, 6.39%, 0, 10, 2, 6.46
1747775275, 0, 0, 480, 480, 1, 6.39%, 0, 10, 2, 4.37
1747775281, 0, 0, 483, 483, 1, 6.39%, 0, 10, 2, 7.39
1747775291, 0, 0, 487, 487, 1, 6.39%, 0, 10, 2, 3.86
1747775302, 0, 0, 490, 490, 1, 6.39%, 0, 10, 2, 23.81
1747775308, 0, 0, 491, 491, 1, 6.39%, 0, 10, 2, 1.80
1747775313, 0, 0, 492, 492, 1, 6.39%, 0, 10, 2, 8.72
1747775318, 0, 0, 493, 493, 1, 6.39%, 0, 10, 2, 5.61
1747775323, 0, 0, 495, 495, 1, 6.39%, 0, 10, 2, 5.08
1747775328, 0, 0, 497, 497, 1, 6.39%, 0, 10, 2, 2.85
1747775334, 0, 0, 500, 500, 1, 6.39%, 0, 10, 2, 4.46
1747775344, 0, 0, 502, 502, 1, 6.39%, 0, 10, 2, 1.78
1747775349, 0, 0, 504, 504, 1, 6.39%, 0, 10, 2, 1.93
1747775355, 0, 0, 505, 505, 1, 6.39%, 0, 10, 2, 1.28
1747775361, 0, 0, 506, 506, 1, 6.39%, 0, 10, 2, 6.41
1747775366, 0, 0, 508, 508, 1, 6.39%, 0, 10, 2, 5.82
1747775377, 0, 0, 513, 513, 1, 6.39%, 0, 10, 2, 8.78
1747775382, 0, 0, 515, 515, 1, 6.39%, 0, 10, 2, 1.76
1747775387, 0, 0, 516, 516, 1, 6.39%, 0, 10, 2, 1.91
1747775393, 0, 0, 517, 517, 1, 6.39%, 0, 10, 2, 1.85
1747775398, 0, 0, 519, 519, 1, 6.39%, 0, 10, 2, 12.25
1747775403, 0, 0, 519, 519, 1, 6.39%, 0, 11, 2, 8.90
1747775408, 0, 0, 520, 520, 1, 6.45%, 0, 11, 2, 1.50
1747775414, 0, 0, 522, 522, 1, 6.45%, 0, 11, 2, 3.80
1747775419, 0, 0, 523, 523, 1, 6.45%, 0, 11, 2, 3.18
1747775424, 0, 0, 525, 525, 1, 6.45%, 0, 11, 2, 4.27
1747775429, 0, 0, 526, 526, 1, 6.45%, 0, 11, 2, 4.92
1747775440, 0, 0, 528, 528, 1, 6.45%, 0, 11, 2, 6.01
1747775445, 0, 0, 529, 529, 1, 6.45%, 0, 11, 2, 4.34
1747775451, 0, 0, 530, 530, 1, 6.45%, 0, 11, 2, 3.46
1747775456, 0, 0, 532, 532, 1, 6.45%, 0, 11, 2, 6.34
1747775461, 0, 0, 534, 534, 1, 6.45%, 0, 11, 2, 5.59
1747775466, 0, 0, 536, 536, 1, 6.45%, 0, 11, 2, 1.66
1747775477, 0, 0, 537, 537, 1, 6.45%, 0, 11, 2, 1.72
1747775482, 0, 0, 538, 538, 1, 6.45%, 0, 11, 2, 2.66
1747775488, 0, 0, 539, 539, 1, 6.45%, 0, 11, 2, 2.76
1747775493, 0, 0, 543, 543, 1, 6.45%, 0, 11, 2, 17.00
1747775498, 0, 0, 544, 544, 1, 6.45%, 0, 11, 2, 1.95
1747775503, 0, 0, 546, 546, 1, 6.45%, 0, 11, 2, 2.54
1747775514, 0, 0, 548, 548, 1, 6.45%, 0, 11, 2, 2.44
1747775519, 0, 0, 550, 550, 1, 6.45%, 0, 11, 2, 2.62
1747775529, 0, 0, 551, 551, 1, 6.45%, 0, 11, 2, 3.29
1747775534, 0, 0, 551, 551, 1, 6.45%, 0, 12, 2, 4.00
1747775540, 0, 0, 554, 554, 1, 6.45%, 0, 12, 2, 1.16
1747775551, 0, 0, 557, 557, 1, 6.45%, 0, 12, 2, 1.05
1747775562, 0, 0, 557, 557, 1, 6.45%, 0, 13, 2, 15.14
1747775567, 0, 0, 559, 559, 1, 6.45%, 0, 13, 2, 3.70
1747775573, 0, 0, 560, 560, 1, 6.45%, 0, 13, 2, 3.58
1747775578, 0, 0, 563, 563, 1, 6.45%, 0, 13, 2, 6.89
1747775583, 0, 0, 565, 565, 1, 6.45%, 0, 14, 2, 6.80
1747775588, 0, 0, 566, 566, 1, 6.45%, 0, 14, 2, 4.95
1747775594, 0, 0, 566, 566, 1, 6.45%, 0, 15, 2, 3.58
1747775599, 0, 0, 567, 567, 1, 6.45%, 0, 15, 2, 3.05
1747775605, 0, 0, 569, 569, 1, 6.45%, 0, 15, 2, 2.71
1747775610, 0, 0, 570, 570, 1, 6.45%, 0, 15, 2, 2.61
1747775615, 0, 0, 571, 571, 1, 6.45%, 0, 15, 2, 5.13
1747775620, 0, 0, 572, 572, 1, 6.45%, 0, 15, 2, 3.80
1747775625, 0, 0, 573, 573, 1, 6.45%, 0, 16, 2, 3.10
1747775631, 0, 0, 574, 574, 1, 6.45%, 0, 16, 2, 5.65
1747775636, 0, 0, 576, 576, 1, 6.45%, 0, 16, 2, 4.81
1747775641, 0, 0, 576, 576, 1, 6.45%, 0, 17, 2, 4.37
1747775646, 0, 0, 578, 578, 1, 6.45%, 0, 17, 2, 4.66
1747775657, 0, 0, 581, 581, 1, 6.45%, 0, 17, 2, 6.68
1747775662, 0, 0, 582, 582, 1, 6.45%, 0, 17, 2, 6.84
1747775672, 0, 0, 583, 583, 1, 6.45%, 0, 17, 2, 5.83
1747775678, 0, 0, 584, 584, 1, 6.45%, 0, 17, 2, 4.16
1747775688, 0, 0, 586, 586, 1, 6.45%, 0, 17, 2, 3.99
1747775700, 0, 0, 588, 588, 1, 6.45%, 0, 17, 2, 36.40
1747775705, 0, 0, 589, 589, 1, 6.45%, 0, 17, 2, 5.69
1747775710, 0, 0, 590, 590, 1, 6.45%, 0, 17, 2, 6.11
1747775715, 0, 0, 590, 590, 1, 6.45%, 0, 18, 2, 5.20
1747775721, 0, 0, 591, 591, 1, 6.45%, 0, 18, 2, 6.08
1747775731, 0, 0, 593, 593, 1, 6.45%, 0, 18, 2, 6.85
1747775737, 0, 0, 594, 594, 1, 6.45%, 0, 18, 2, 1.02
1747775747, 0, 0, 595, 595, 1, 6.45%, 0, 18, 2, 6.76
1747775752, 0, 0, 596, 596, 1, 6.45%, 0, 18, 2, 4.81
1747775758, 0, 0, 597, 597, 1, 6.45%, 0, 18, 2, 3.69
1747775763, 0, 0, 598, 598, 1, 6.45%, 0, 18, 2, 3.52
1747775768, 0, 0, 599, 599, 1, 6.45%, 0, 19, 2, 6.97
1747775774, 0, 0, 601, 601, 1, 6.45%, 0, 19, 2, 7.55
1747775780, 0, 0, 602, 602, 1, 6.45%, 0, 19, 2, 7.28
1747775785, 0, 0, 603, 603, 1, 6.45%, 0, 19, 2, 1.32
1747775790, 0, 0, 604, 604, 1, 6.45%, 0, 19, 2, 7.71
1747775795, 0, 0, 605, 605, 1, 6.45%, 0, 20, 2, 9.16
1747775801, 0, 0, 606, 606, 1, 6.45%, 0, 21, 2, 1.00
1747775816, 0, 0, 607, 607, 1, 6.45%, 0, 23, 2, 22.00
1747775822, 0, 0, 608, 608, 1, 6.45%, 0, 23, 2, 3.26
1747775827, 0, 0, 608, 608, 1, 6.45%, 0, 24, 2, 22.63
1747775832, 0, 0, 609, 609, 1, 6.45%, 0, 24, 2, 1.45
1747775838, 0, 0, 609, 609, 1, 6.45%, 0, 25, 2, 10.73
1747775843, 0, 0, 610, 610, 1, 6.45%, 0, 25, 2, 1.37
1747775859, 0, 0, 611, 611, 1, 6.45%, 0, 26, 2, 8.14
1747775865, 0, 0, 612, 612, 1, 6.45%, 0, 26, 2, 1.13
1747775870, 0, 0, 613, 613, 1, 6.45%, 0, 26, 2, 1.47
1747775875, 0, 0, 615, 615, 1, 6.45%, 0, 26, 2, 5.85
1747775880, 0, 0, 615, 615, 1, 6.45%, 0, 27, 2, 14.14
1747775886, 0, 0, 616, 616, 1, 6.45%, 0, 27, 2, 2.29
1747775891, 0, 0, 617, 617, 1, 6.77%, 0, 28, 2, 4.49
1747775902, 0, 0, 617, 617, 1, 6.77%, 0, 29, 2, 6.28
1747775918, 0, 0, 618, 618, 1, 6.77%, 0, 29, 2, 10.45
1747775923, 0, 0, 619, 619, 1, 6.77%, 0, 29, 2, 2.05
1747775933, 0, 0, 620, 620, 1, 6.77%, 0, 30, 2, 1.55
1747775939, 0, 0, 621, 621, 1, 6.77%, 0, 30, 2, 3.53
1747775944, 0, 0, 622, 622, 1, 6.77%, 0, 30, 2, 3.09
1747775949, 0, 0, 624, 624, 1, 6.77%, 0, 30, 2, 3.60
1747775965, 0, 0, 625, 625, 1, 6.77%, 0, 30, 2, 15.81
1747775971, 0, 0, 627, 627, 1, 6.77%, 0, 30, 2, 1.41
1747775981, 0, 0, 627, 627, 1, 6.77%, 0, 31, 2, 7.22
1747775992, 0, 0, 629, 629, 1, 6.77%, 0, 31, 2, 1.88
1747775998, 0, 0, 630, 630, 1, 6.77%, 0, 31, 2, 3.82
1747776003, 0, 0, 631, 631, 1, 6.77%, 0, 31, 2, 4.66
1747776013, 0, 0, 632, 632, 1, 6.77%, 0, 33, 2, 24.39
1747776018, 0, 0, 633, 633, 1, 6.77%, 0, 34, 2, 1.00
1747776030, 0, 0, 634, 634, 1, 6.77%, 0, 35, 2, 1.20
1747776035, 0, 0, 634, 634, 1, 6.77%, 0, 36, 2, 7.69
1747776040, 0, 0, 635, 635, 1, 6.77%, 0, 37, 2, 8.40
1747776046, 0, 0, 636, 636, 1, 6.77%, 0, 37, 2, 1.31
1747776056, 0, 0, 637, 637, 1, 6.77%, 0, 37, 2, 2.16
1747776062, 0, 0, 638, 638, 1, 6.77%, 0, 37, 2, 2.09
1747776078, 0, 0, 639, 639, 1, 6.77%, 0, 37, 2, 2.23
1747776104, 0, 0, 639, 639, 1, 6.77%, 0, 38, 2, 1.88
1747776109, 0, 0, 640, 640, 1, 6.77%, 0, 38, 2, 2.82
1747776125, 0, 0, 640, 640, 1, 6.77%, 0, 39, 2, 4.04
1747776130, 0, 0, 640, 640, 1, 6.77%, 0, 40, 2, 4.79
1747776145, 0, 0, 641, 641, 1, 6.77%, 0, 41, 2, 8.35
1747776156, 0, 0, 642, 642, 1, 6.77%, 0, 41, 2, 1.36
1747776167, 0, 0, 643, 643, 1, 6.77%, 0, 42, 2, 13.51
1747776172, 0, 0, 644, 644, 1, 6.77%, 0, 42, 2, 1.15
1747776183, 0, 0, 645, 645, 1, 6.77%, 0, 42, 2, 1.24
1747776188, 0, 0, 645, 645, 1, 6.77%, 0, 43, 2, 7.88
1747776194, 0, 0, 645, 645, 1, 6.77%, 0, 44, 2, 7.84
1747776200, 0, 0, 646, 646, 1, 6.77%, 0, 44, 2, 6.87
1747776215, 0, 0, 646, 646, 1, 6.77%, 0, 45, 2, 8.19
1747776220, 0, 0, 646, 646, 1, 6.77%, 0, 46, 2, 10.99
1747776226, 0, 0, 646, 646, 1, 6.77%, 0, 47, 2, 1.00
1747776231, 0, 0, 647, 647, 1, 6.77%, 0, 47, 2, 5.72
1747776242, 0, 0, 647, 647, 1, 6.77%, 0, 48, 2, 2.60
1747776247, 0, 0, 648, 648, 1, 6.77%, 0, 48, 2, 3.19
1747776257, 0, 0, 649, 649, 1, 6.77%, 0, 48, 2, 6.45
1747776262, 0, 0, 650, 650, 1, 6.77%, 0, 48, 2, 1.22
1747776283, 0, 0, 651, 651, 1, 6.77%, 0, 48, 2, 6.79
1747776300, 0, 0, 652, 652, 1, 6.77%, 0, 48, 2, 4.31
1747776305, 0, 0, 653, 653, 1, 6.77%, 0, 48, 2, 3.32
1747776310, 0, 0, 653, 653, 1, 6.77%, 0, 49, 2, 3.07
1747776316, 0, 0, 654, 654, 1, 6.77%, 0, 49, 2, 3.30
1747776332, 0, 0, 654, 654, 1, 6.77%, 0, 50, 2, 2.92
1747776343, 0, 0, 655, 655, 1, 6.77%, 0, 50, 2, 8.42
1747776359, 0, 0, 656, 656, 1, 6.77%, 0, 50, 2, 7.40
1747776370, 0, 0, 656, 656, 1, 6.77%, 0, 51, 2, 8.45
1747776375, 0, 0, 656, 656, 1, 6.77%, 0, 52, 2, 5.81
1747776391, 0, 0, 656, 656, 1, 6.77%, 0, 54, 2, 12.35
1747776422, 0, 0, 657, 657, 1, 6.77%, 0, 54, 2, 7.25
1747776442, 0, 0, 658, 658, 1, 6.77%, 0, 54, 2, 5.67
1747776447, 0, 0, 658, 658, 1, 6.77%, 0, 55, 2, 6.13
1747776452, 0, 0, 659, 659, 1, 6.77%, 0, 55, 2, 6.30
1747776464, 0, 0, 659, 659, 1, 6.77%, 0, 56, 2, 4.79
1747776475, 0, 0, 660, 660, 1, 6.77%, 0, 56, 2, 1.07
1747776538, 0, 0, 660, 660, 1, 6.77%, 0, 57, 2, 19.69
1747776548, 0, 0, 660, 660, 1, 6.77%, 0, 58, 2, 4.84
1747776554, 0, 0, 660, 660, 1, 6.77%, 0, 59, 2, 5.28
1747776580, 0, 0, 660, 660, 1, 6.77%, 0, 60, 2, 2.27
1747776596, 0, 0, 661, 661, 1, 6.77%, 0, 60, 2, 1.92
1747776607, 0, 0, 662, 662, 1, 6.77%, 0, 60, 2, 1.09
1747776617, 0, 0, 662, 662, 1, 6.77%, 0, 61, 2, 2.89
1747776623, 0, 0, 662, 662, 1, 6.77%, 0, 63, 2, 3.00
1747776634, 0, 0, 663, 663, 1, 6.77%, 0, 63, 2, 4.23
1747776645, 0, 0, 664, 664, 1, 6.77%, 0, 63, 2, 4.89
1747776655, 0, 0, 665, 665, 1, 6.77%, 0, 63, 2, 5.46
1747776660, 0, 0, 666, 666, 1, 6.77%, 0, 63, 2, 4.63
1747776666, 0, 0, 666, 666, 1, 6.77%, 0, 64, 2, 3.57
1747776671, 0, 0, 666, 666, 1, 6.77%, 0, 65, 2, 28.44
1747776676, 0, 0, 667, 667, 1, 6.77%, 0, 65, 2, 3.96
1747776681, 0, 0, 668, 668, 1, 6.77%, 0, 65, 2, 11.73
1747776718, 0, 0, 668, 668, 1, 6.77%, 0, 66, 2, 9.19
1747776724, 0, 0, 668, 668, 1, 6.77%, 0, 67, 2, 3.30
1747776734, 0, 0, 668, 668, 1, 6.77%, 0, 68, 2, 1.01
1747776750, 0, 0, 668, 668, 1, 6.77%, 0, 69, 2, 4.99
1747776756, 0, 0, 668, 668, 1, 6.77%, 0, 70, 2, 4.96
1747776761, 0, 0, 669, 669, 1, 6.77%, 0, 71, 2, 4.88
1747776797, 0, 0, 669, 669, 1, 6.77%, 0, 72, 2, 9.96
1747776803, 0, 1, 671, 670, 9, 6.77%, 0, 72, 2, 4.41
1747776809, 0, 1, 671, 670, 9, 6.77%, 0, 73, 2, 3.19
1747776814, 0, 1, 672, 671, 9, 6.77%, 0, 73, 2, 2.54
1747776819, 0, 1, 673, 672, 9, 6.77%, 0, 73, 2, 2.08
1747776830, 0, 1, 674, 673, 9, 6.77%, 0, 74, 2, 1.64
1747776836, 0, 1, 675, 674, 9, 6.79%, 0, 75, 2, 1.49
1747776847, 0, 1, 676, 675, 9, 6.79%, 0, 75, 2, 1.32
1747776857, 0, 1, 677, 676, 9, 6.79%, 0, 75, 2, 1.34
1747776863, 0, 1, 677, 676, 9, 6.79%, 0, 78, 2, 1.37
1747776869, 0, 1, 678, 677, 9, 6.79%, 0, 79, 2, 1.35
1747776880, 0, 1, 678, 677, 9, 6.79%, 0, 84, 2, 1.21
1747776885, 0, 1, 679, 678, 9, 6.79%, 0, 85, 2, 1.27
1747776890, 0, 1, 680, 679, 9, 6.79%, 0, 85, 2, 1.30
1747776901, 0, 1, 680, 679, 9, 6.79%, 0, 87, 2, 1.32
1747776906, 0, 1, 681, 680, 9, 6.79%, 0, 87, 2, 1.25
1747776912, 0, 1, 682, 681, 9, 6.80%, 0, 87, 2, 1.21
1747776922, 0, 1, 683, 682, 9, 6.80%, 0, 87, 2, 1.26
1747776928, 0, 1, 684, 683, 9, 6.80%, 0, 88, 2, 1.27
1747776938, 0, 1, 685, 684, 9, 6.80%, 0, 88, 2, 1.25
1747776949, 0, 1, 686, 685, 9, 6.80%, 0, 88, 2, 1.35
1747776959, 0, 1, 687, 686, 9, 6.80%, 0, 88, 2, 1.24
1747776965, 0, 1, 687, 686, 9, 6.80%, 0, 89, 2, 1.42
1747776970, 0, 1, 688, 687, 9, 6.81%, 0, 91, 2, 1.31
1747776981, 0, 1, 689, 688, 9, 6.81%, 0, 91, 2, 1.22
1747776986, 0, 1, 690, 689, 9, 6.81%, 0, 92, 2, 1.19
1747776997, 0, 1, 691, 690, 9, 6.81%, 0, 93, 2, 1.21
1747777007, 0, 1, 691, 690, 9, 6.81%, 0, 95, 2, 1.44
1747777012, 0, 1, 691, 690, 9, 6.81%, 0, 99, 2, 1.52
1747777017, 0, 1, 692, 691, 9, 6.81%, 0, 99, 2, 1.51
1747777023, 0, 1, 692, 691, 9, 6.81%, 0, 100, 2, 1.41
1747777028, 0, 1, 693, 692, 9, 6.81%, 0, 103, 2, 1.34
1747777039, 0, 1, 694, 693, 9, 6.81%, 0, 104, 2, 1.25
1747777050, 0, 1, 694, 693, 9, 6.81%, 0, 106, 2, 1.18
1747777056, 0, 1, 695, 694, 9, 6.81%, 0, 107, 2, 1.15
1747777062, 0, 1, 696, 695, 9, 6.81%, 0, 108, 2, 1.12
1747777072, 0, 1, 697, 696, 9, 6.81%, 0, 108, 2, 1.12
1747777083, 0, 1, 697, 696, 9, 6.81%, 0, 109, 2, 1.37
1747777088, 0, 1, 698, 697, 9, 6.81%, 0, 109, 2, 1.45
1747777099, 0, 1, 698, 697, 9, 6.81%, 0, 111, 2, 1.43
1747777104, 0, 1, 699, 698, 9, 6.81%, 0, 112, 2, 1.33
1747777109, 0, 1, 699, 698, 9, 6.81%, 0, 113, 2, 1.27
1747777115, 0, 1, 699, 698, 9, 6.81%, 0, 117, 2, 1.18
1747777120, 0, 1, 700, 699, 9, 6.81%, 0, 117, 2, 1.22
1747777126, 0, 1, 700, 699, 9, 6.81%, 0, 118, 2, 1.19
1747777131, 0, 1, 700, 699, 9, 6.81%, 0, 120, 2, 1.23
1747777136, 0, 1, 700, 699, 9, 6.81%, 0, 122, 2, 1.22
1747777142, 0, 1, 700, 699, 9, 6.81%, 0, 123, 2, 1.23
1747777147, 0, 1, 701, 700, 9, 6.81%, 0, 126, 2, 1.20
1747777157, 0, 1, 701, 700, 9, 6.81%, 0, 128, 2, 1.30
1747777163, 0, 1, 701, 700, 9, 6.81%, 0, 129, 2, 1.30
1747777168, 0, 1, 701, 700, 9, 6.81%, 0, 131, 2, 1.27
1747777174, 0, 1, 702, 701, 9, 6.81%, 0, 131, 2, 1.21
1747777184, 0, 1, 703, 702, 9, 6.81%, 0, 131, 2, 1.25
1747777195, 0, 1, 704, 703, 9, 6.81%, 0, 132, 2, 1.36
1747777205, 0, 1, 705, 704, 9, 6.81%, 0, 133, 2, 1.26
1747777217, 0, 1, 706, 705, 9, 6.81%, 0, 133, 2, 1.32
1747777222, 0, 1, 707, 706, 9, 6.81%, 0, 133, 2, 1.28
1747777227, 0, 1, 707, 706, 9, 6.81%, 0, 134, 2, 1.23
1747777233, 0, 1, 708, 707, 9, 6.81%, 0, 134, 2, 1.19
1747777243, 0, 1, 708, 707, 9, 6.81%, 0, 136, 2, 1.15
1747777259, 0, 1, 708, 707, 9, 6.81%, 0, 137, 2, 1.36
1747777265, 0, 1, 708, 707, 9, 6.81%, 0, 140, 2, 1.31
1747777270, 0, 1, 708, 707, 9, 6.81%, 0, 143, 2, 1.39
1747777275, 0, 1, 709, 708, 9, 6.81%, 0, 144, 2, 1.38
1747777287, 0, 1, 709, 708, 9, 6.81%, 0, 147, 2, 1.25
1747777292, 0, 1, 709, 708, 9, 6.81%, 0, 150, 2, 1.56
1747777304, 0, 1, 709, 708, 9, 6.81%, 0, 151, 2, 1.34
1747777310, 0, 1, 710, 709, 9, 6.81%, 0, 151, 2, 1.34
1747777315, 0, 1, 711, 710, 9, 6.81%, 0, 152, 2, 1.51
1747777327, 0, 1, 711, 710, 9, 6.81%, 0, 153, 2, 1.35
1747777338, 0, 1, 712, 711, 9, 6.81%, 0, 153, 2, 1.41
1747777349, 0, 1, 712, 711, 9, 6.81%, 0, 155, 2, 1.42
1747777360, 0, 1, 713, 712, 9, 6.81%, 0, 155, 2, 1.32
1747777371, 0, 1, 714, 713, 9, 6.81%, 0, 155, 2, 1.21
1747777382, 0, 1, 714, 713, 9, 6.81%, 0, 156, 2, 1.34
1747777388, 0, 1, 714, 713, 9, 6.81%, 0, 159, 2, 1.59
1747777393, 0, 1, 714, 713, 9, 6.81%, 0, 160, 2, 1.54
1747777398, 0, 1, 714, 713, 9, 6.81%, 0, 163, 2, 1.51
1747777410, 0, 1, 715, 714, 9, 6.81%, 0, 163, 2, 1.37
1747777416, 0, 1, 715, 714, 9, 6.81%, 0, 164, 2, 1.38
1747777422, 0, 1, 715, 714, 9, 6.81%, 0, 165, 2, 1.28
1747777427, 0, 1, 716, 715, 9, 6.81%, 0, 168, 2, 1.25
1747777439, 0, 1, 716, 715, 9, 6.81%, 0, 170, 2, 1.13
1747777444, 0, 1, 716, 715, 9, 6.81%, 0, 172, 2, 1.24
1747777449, 0, 1, 716, 715, 9, 6.81%, 0, 173, 2, 1.43
1747777455, 0, 1, 716, 715, 9, 6.81%, 0, 175, 2, 1.31
1747777471, 0, 1, 716, 715, 9, 6.81%, 0, 177, 2, 1.57
1747777476, 0, 1, 717, 716, 9, 6.81%, 0, 177, 2, 1.52
1747777487, 0, 1, 717, 716, 9, 6.81%, 0, 178, 2, 1.44
1747777504, 0, 1, 717, 716, 9, 6.81%, 0, 180, 2, 1.10
1747777509, 0, 1, 718, 717, 9, 6.81%, 0, 181, 2, 1.33
1747777526, 0, 1, 719, 718, 9, 6.81%, 0, 181, 2, 1.17
1747777553, 0, 1, 720, 719, 9, 6.81%, 0, 181, 2, 1.24
1747777559, 0, 1, 721, 720, 9, 6.81%, 0, 181, 2, 1.22
1747777574, 0, 1, 721, 720, 9, 6.81%, 0, 183, 2, 1.42
1747777580, 0, 1, 721, 720, 9, 6.81%, 0, 185, 2, 1.56
1747777586, 0, 1, 722, 721, 9, 6.81%, 0, 185, 2, 1.44
1747777591, 0, 1, 722, 721, 9, 6.81%, 0, 186, 2, 1.33
1747777597, 0, 1, 722, 721, 9, 6.81%, 0, 189, 2, 1.50
1747777608, 0, 1, 722, 721, 9, 6.81%, 0, 190, 2, 1.48
1747777613, 0, 1, 723, 722, 9, 6.81%, 0, 190, 2, 1.44
1747777624, 0, 1, 723, 722, 9, 6.81%, 0, 191, 2, 1.34
1747777629, 0, 1, 723, 722, 9, 6.81%, 0, 192, 2, 1.35
1747777634, 0, 1, 724, 723, 9, 6.81%, 0, 193, 2, 1.37
1747777645, 0, 1, 725, 724, 9, 6.85%, 0, 193, 2, 1.60
1747777662, 0, 1, 726, 725, 9, 6.85%, 0, 193, 2, 1.55
1747777689, 0, 1, 727, 726, 9, 6.85%, 0, 193, 2, 2.16
1747777694, 0, 1, 727, 726, 9, 6.85%, 0, 194, 2, 2.00
1747777699, 0, 1, 728, 727, 9, 6.86%, 0, 194, 2, 1.87
1747777715, 0, 1, 729, 728, 9, 6.86%, 0, 194, 2, 1.93
1747777720, 0, 1, 730, 729, 9, 6.86%, 0, 194, 2, 1.89
1747777741, 0, 1, 731, 730, 9, 6.86%, 0, 194, 2, 1.88
1747777747, 0, 1, 731, 730, 9, 6.86%, 0, 195, 2, 1.80
1747777752, 0, 1, 732, 731, 9, 6.86%, 0, 195, 2, 1.65
1747777757, 0, 1, 733, 732, 9, 6.86%, 0, 195, 2, 2.06
1747777768, 0, 1, 734, 733, 9, 6.86%, 0, 195, 2, 1.70
1747777774, 0, 1, 735, 734, 9, 6.86%, 0, 195, 2, 1.68
1747777795, 0, 1, 736, 735, 9, 6.86%, 0, 195, 2, 1.84
1747777805, 0, 1, 737, 736, 9, 6.86%, 0, 195, 2, 2.00
1747777822, 0, 1, 737, 736, 9, 6.86%, 0, 196, 2, 1.99
1747777837, 0, 1, 738, 737, 9, 6.86%, 0, 196, 2, 2.13
1747777848, 0, 1, 739, 738, 9, 6.86%, 0, 196, 2, 2.23
1747777865, 0, 1, 740, 739, 9, 6.86%, 0, 196, 2, 1.84
1747777870, 0, 1, 741, 740, 9, 6.86%, 0, 196, 2, 1.78
1747777881, 0, 1, 742, 741, 9, 6.86%, 0, 196, 2, 1.71
1747777886, 0, 1, 743, 742, 9, 6.86%, 0, 196, 2, 2.06
1747777923, 0, 1, 744, 743, 9, 6.86%, 0, 196, 2, 1.92
1747777928, 0, 1, 745, 744, 9, 6.86%, 0, 196, 2, 1.90
1747777933, 0, 1, 746, 745, 9, 6.86%, 0, 196, 2, 1.84
1747777945, 0, 1, 747, 746, 9, 6.86%, 0, 196, 2, 1.92
1747777955, 0, 1, 748, 747, 9, 6.86%, 0, 196, 2, 2.14
1747777967, 0, 1, 748, 747, 9, 6.86%, 0, 197, 2, 2.02
1747778004, 0, 1, 749, 748, 9, 6.86%, 0, 197, 2, 1.87
1747778009, 0, 1, 750, 749, 9, 6.86%, 0, 197, 2, 2.08
1747778025, 0, 1, 751, 750, 9, 6.86%, 0, 197, 2, 2.03
1747778048, 0, 1, 751, 750, 9, 6.86%, 0, 198, 2, 1.76
1747778063, 0, 1, 751, 750, 9, 6.86%, 0, 199, 2, 1.74
1747778079, 0, 1, 751, 750, 9, 6.86%, 0, 200, 2, 1.79
1747778084, 0, 1, 752, 751, 9, 6.86%, 0, 200, 2, 1.78
1747778089, 0, 1, 753, 752, 9, 6.86%, 0, 200, 2, 2.29
1747778133, 0, 1, 754, 753, 9, 6.86%, 0, 200, 2, 1.83
1747778149, 0, 1, 755, 754, 9, 6.86%, 0, 200, 2, 2.02
1747778165, 0, 1, 755, 754, 9, 6.86%, 0, 201, 2, 1.84
1747778191, 0, 1, 756, 755, 9, 6.86%, 0, 201, 2, 1.64
1747778203, 0, 1, 757, 756, 9, 6.86%, 0, 201, 2, 1.37
1747778208, 0, 1, 758, 757, 9, 6.86%, 0, 201, 2, 1.47
1747778219, 0, 1, 759, 758, 9, 6.86%, 0, 201, 2, 1.68
1747778241, 0, 1, 760, 759, 9, 6.86%, 0, 201, 2, 1.78
1747778279, 0, 1, 761, 760, 9, 6.86%, 0, 201, 2, 1.91
1747778290, 0, 1, 761, 760, 9, 6.86%, 0, 202, 2, 1.73
1747778300, 0, 1, 761, 760, 9, 6.86%, 0, 203, 2, 2.00
1747778306, 0, 1, 761, 760, 9, 6.86%, 0, 204, 2, 2.04
1747778348, 0, 1, 761, 760, 9, 6.86%, 0, 205, 2, 2.05
1747778379, 0, 1, 761, 760, 9, 6.86%, 0, 206, 2, 2.02
1747778385, 0, 1, 761, 760, 9, 6.86%, 0, 207, 2, 1.74
1747778390, 0, 1, 761, 760, 9, 6.86%, 0, 210, 2, 1.53
1747778407, 0, 1, 761, 760, 9, 6.86%, 0, 213, 2, 1.68
1747778412, 0, 1, 761, 760, 9, 6.86%, 0, 215, 2, 1.48
1747778418, 0, 3, 761, 760, 16, 6.86%, 0, 216, 2, 1.51
1747778429, 0, 3, 762, 761, 16, 6.86%, 0, 217, 2, 1.29
1747778439, 0, 3, 763, 762, 16, 6.86%, 0, 217, 2, 1.22
1747778449, 0, 3, 763, 762, 16, 6.86%, 0, 218, 2, 1.21
1747778455, 0, 3, 763, 762, 16, 6.86%, 0, 220, 2, 1.18
1747778460, 0, 3, 763, 762, 16, 6.86%, 0, 221, 2, 1.17
1747778465, 0, 3, 764, 763, 16, 6.86%, 0, 221, 2, 1.29
1747778476, 0, 3, 764, 763, 16, 6.86%, 0, 222, 2, 1.40
1747778482, 0, 3, 765, 764, 16, 6.86%, 0, 222, 2, 1.35
1747778493, 0, 3, 765, 764, 16, 6.86%, 0, 223, 2, 1.39
1747778499, 0, 3, 766, 765, 16, 6.86%, 0, 224, 2, 1.31
1747778509, 0, 3, 766, 765, 16, 6.86%, 0, 227, 2, 1.30
1747778515, 0, 3, 766, 765, 16, 6.86%, 0, 230, 2, 1.22
1747778521, 0, 3, 766, 765, 16, 6.86%, 0, 231, 2, 1.45
1747778531, 0, 3, 767, 766, 16, 6.86%, 0, 232, 2, 1.36
1747778542, 0, 3, 767, 766, 16, 6.86%, 0, 233, 2, 1.29
1747778548, 0, 3, 768, 767, 16, 6.86%, 0, 235, 2, 1.21
1747778559, 0, 3, 768, 767, 16, 6.86%, 0, 238, 2, 1.28
1747778565, 0, 3, 769, 768, 16, 6.86%, 0, 238, 2, 1.32
1747778576, 0, 3, 769, 768, 16, 6.86%, 0, 240, 2, 1.32
1747778586, 0, 3, 770, 769, 16, 6.86%, 0, 240, 2, 1.37
1747778597, 0, 3, 771, 770, 16, 6.86%, 0, 240, 2, 1.59
1747778602, 0, 3, 772, 771, 16, 6.86%, 0, 240, 2, 1.86
1747778612, 0, 3, 772, 771, 16, 6.86%, 0, 241, 2, 2.07
1747778618, 0, 3, 773, 772, 16, 6.86%, 0, 241, 2, 1.94
1747778682, 0, 3, 773, 772, 16, 6.86%, 0, 242, 2, 1.76
1747778720, 0, 3, 774, 773, 16, 6.86%, 0, 242, 2, 1.62
1747778741, 0, 3, 775, 774, 16, 6.86%, 0, 242, 2, 1.74
1747778768, 0, 3, 776, 775, 16, 6.86%, 0, 242, 2, 1.79
1747778791, 0, 3, 777, 776, 16, 6.86%, 0, 242, 2, 1.74
1747778817, 0, 3, 778, 777, 16, 6.86%, 0, 242, 2, 1.81
1747778827, 0, 3, 779, 778, 16, 6.86%, 0, 242, 2, 1.77
1747778838, 0, 3, 779, 778, 16, 6.86%, 0, 243, 2, 1.64
1747778896, 0, 3, 779, 778, 16, 6.86%, 0, 244, 2, 1.55
1747778901, 0, 3, 780, 779, 16, 6.86%, 0, 244, 2, 1.60
1747778911, 0, 3, 781, 780, 16, 6.86%, 0, 244, 2, 1.98
1747778960, 0, 3, 782, 781, 16, 6.86%, 0, 245, 2, 1.45
1747778970, 0, 3, 782, 781, 16, 6.86%, 0, 246, 2, 1.39
1747778976, 0, 3, 782, 781, 16, 6.86%, 0, 248, 2, 1.27
1747778992, 0, 3, 782, 781, 16, 6.86%, 0, 249, 2, 1.18
1747779003, 0, 3, 782, 781, 16, 6.86%, 0, 250, 2, 1.19
1747779009, 0, 3, 782, 781, 16, 6.86%, 0, 251, 2, 1.36
1747779015, 0, 3, 782, 781, 16, 6.86%, 0, 253, 2, 1.26
1747779020, 0, 3, 782, 781, 16, 6.86%, 0, 254, 2, 1.27
1747779026, 0, 3, 782, 781, 16, 6.86%, 0, 255, 2, 1.19
1747779031, 0, 3, 782, 781, 16, 6.86%, 0, 257, 2, 1.29
1747779036, 0, 3, 782, 781, 16, 6.86%, 0, 258, 2, 1.33
1747779052, 0, 3, 782, 781, 16, 6.86%, 0, 260, 2, 1.21
1747779062, 0, 3, 782, 781, 16, 6.86%, 0, 261, 2, 1.28
1747779068, 0, 3, 782, 781, 16, 6.86%, 0, 263, 2, 1.21
1747779078, 0, 3, 782, 781, 16, 6.86%, 0, 264, 2, 1.16
1747779083, 0, 3, 782, 781, 16, 6.86%, 0, 266, 2, 1.12
1747779089, 0, 3, 783, 782, 16, 6.86%, 0, 266, 2, 1.11
1747779100, 0, 3, 783, 782, 16, 6.86%, 0, 267, 2, 1.13
1747779112, 0, 3, 784, 783, 16, 6.86%, 0, 267, 2, 1.22
1747779123, 0, 3, 784, 783, 16, 6.86%, 0, 268, 2, 1.18
1747779135, 0, 3, 784, 783, 16, 6.86%, 0, 269, 2, 1.16
1747779151, 0, 3, 784, 783, 16, 6.86%, 0, 270, 2, 1.23
1747779157, 0, 3, 784, 783, 16, 6.86%, 0, 272, 2, 1.17
1747779168, 0, 3, 784, 783, 16, 6.86%, 0, 273, 2, 1.14
1747779174, 0, 3, 784, 783, 16, 6.86%, 0, 274, 2, 1.21
1747779190, 0, 3, 784, 783, 16, 6.86%, 0, 276, 2, 1.27
1747779196, 0, 3, 784, 783, 16, 6.86%, 0, 277, 2, 1.35
1747779207, 0, 3, 784, 783, 16, 6.86%, 0, 278, 2, 1.35
1747779224, 0, 3, 785, 784, 16, 6.86%, 0, 278, 2, 1.23
1747779236, 0, 3, 785, 784, 16, 6.86%, 0, 279, 2, 1.33
1747779241, 0, 3, 786, 785, 16, 6.86%, 0, 279, 2, 1.27
1747779252, 0, 3, 786, 785, 16, 6.86%, 0, 280, 2, 1.25
1747779258, 0, 3, 786, 785, 16, 6.86%, 0, 281, 2, 1.20
1747779297, 0, 3, 786, 785, 16, 6.86%, 0, 282, 2, 1.23
1747779302, 0, 3, 786, 785, 16, 6.86%, 0, 283, 2, 1.20
1747779330, 0, 3, 786, 785, 16, 6.86%, 0, 285, 2, 1.47
1747779357, 0, 3, 786, 785, 16, 6.86%, 0, 287, 2, 1.47
1747779363, 0, 3, 786, 785, 16, 6.86%, 0, 288, 2, 1.33
1747779374, 0, 3, 786, 785, 16, 6.86%, 0, 289, 2, 1.26
1747779384, 0, 3, 787, 786, 16, 6.86%, 0, 289, 2, 1.42
1747779407, 0, 3, 787, 786, 16, 6.86%, 0, 290, 2, 1.27
1747779417, 0, 3, 787, 786, 16, 6.86%, 0, 291, 2, 1.37
1747779422, 0, 3, 787, 786, 16, 6.86%, 0, 292, 2, 1.30
1747779428, 0, 3, 787, 786, 16, 6.86%, 0, 295, 2, 1.23
1747779450, 0, 3, 788, 787, 16, 6.86%, 0, 295, 2, 1.19
1747779461, 0, 3, 788, 787, 16, 6.86%, 0, 296, 2, 1.29
1747779472, 0, 3, 788, 787, 16, 6.86%, 0, 297, 2, 1.38
1747779533, 0, 3, 788, 787, 16, 6.86%, 0, 298, 2, 1.44
1747779543, 0, 3, 788, 787, 16, 6.86%, 0, 299, 2, 1.38
1747779576, 0, 3, 788, 787, 16, 6.86%, 0, 300, 2, 1.44
1747779587, 0, 3, 789, 788, 16, 6.86%, 0, 300, 2, 1.44
1747779609, 0, 3, 789, 788, 16, 6.86%, 0, 302, 2, 1.28
1747779632, 0, 3, 789, 788, 16, 6.86%, 0, 303, 2, 1.33
1747779638, 0, 3, 789, 788, 16, 6.86%, 0, 304, 2, 1.23
1747779648, 0, 3, 789, 788, 16, 6.86%, 0, 306, 2, 1.28
1747779670, 0, 3, 789, 788, 16, 6.86%, 0, 307, 2, 1.21
1747779702, 0, 3, 789, 788, 16, 6.86%, 0, 309, 2, 1.34
1747779741, 0, 3, 789, 788, 16, 6.86%, 0, 310, 2, 1.30
1747779757, 0, 3, 789, 788, 16, 6.86%, 0, 311, 2, 1.25
1747779790, 0, 3, 790, 789, 16, 6.86%, 0, 311, 2, 1.39
1747779807, 0, 3, 791, 790, 16, 6.86%, 0, 311, 2, 1.35
1747779824, 0, 3, 791, 790, 16, 6.86%, 0, 312, 2, 1.28
1747779841, 0, 3, 791, 790, 16, 6.86%, 0, 314, 2, 1.51
1747779846, 0, 4, 791, 790, 16, 6.86%, 0, 314, 2, 1.39
1747779870, 0, 4, 792, 791, 16, 6.86%, 0, 314, 2, 1.23
1747779875, 0, 4, 792, 791, 16, 6.86%, 0, 315, 2, 1.16
1747779881, 0, 4, 792, 791, 16, 6.86%, 0, 316, 2, 1.34
1747779887, 0, 4, 793, 792, 16, 6.86%, 0, 316, 2, 1.40
1747779904, 0, 4, 794, 793, 16, 6.86%, 0, 317, 2, 1.17
1747779921, 0, 4, 794, 793, 16, 6.86%, 0, 318, 2, 1.12
1747779948, 0, 4, 794, 793, 16, 6.86%, 0, 319, 2, 1.33
1747779959, 0, 4, 794, 793, 16, 6.86%, 0, 320, 2, 1.26
1747779970, 0, 4, 794, 793, 16, 6.86%, 0, 321, 2, 1.35
1747779981, 0, 4, 794, 793, 16, 6.86%, 0, 322, 2, 1.36
1747780018, 0, 4, 795, 794, 16, 6.86%, 0, 322, 2, 1.41
1747780058, 0, 4, 796, 795, 16, 6.86%, 0, 322, 2, 1.29
1747780102, 0, 4, 797, 796, 16, 6.86%, 0, 322, 2, 1.21
1747780131, 0, 4, 798, 797, 16, 6.86%, 0, 323, 2, 1.09
1747780141, 0, 4, 799, 798, 16, 6.86%, 0, 323, 2, 1.50
1747780152, 0, 4, 800, 799, 16, 6.86%, 0, 323, 2, 1.62
1747780158, 0, 4, 800, 799, 16, 6.86%, 0, 324, 2, 1.43
1747780202, 0, 4, 800, 799, 16, 6.86%, 0, 325, 2, 1.34
1747780207, 0, 4, 801, 800, 16, 6.86%, 0, 325, 2, 1.40
1747780219, 0, 4, 802, 801, 16, 6.86%, 0, 325, 2, 1.23
1747780263, 0, 4, 803, 802, 16, 6.86%, 0, 326, 2, 1.15
1747780279, 0, 4, 804, 803, 16, 6.86%, 0, 326, 2, 1.35
1747780322, 0, 4, 805, 804, 16, 6.86%, 0, 326, 2, 1.55
1747780343, 0, 4, 806, 805, 16, 6.86%, 0, 326, 2, 1.39
1747780359, 0, 4, 807, 806, 16, 6.86%, 0, 326, 2, 1.21
1747780370, 0, 4, 808, 807, 16, 6.86%, 0, 326, 2, 1.36
1747780381, 0, 4, 809, 808, 16, 6.86%, 0, 326, 2, 1.20
1747780398, 0, 4, 810, 809, 16, 6.86%, 0, 326, 2, 1.33
1747780410, 0, 4, 810, 809, 16, 6.86%, 0, 327, 2, 1.24
1747780421, 0, 4, 811, 810, 16, 6.86%, 0, 327, 2, 1.24
1747780454, 0, 4, 812, 811, 16, 6.86%, 0, 327, 2, 1.19
1747780476, 0, 4, 812, 811, 16, 6.86%, 0, 328, 2, 1.37
1747780493, 0, 4, 813, 812, 16, 6.86%, 0, 328, 2, 1.24
1747780499, 0, 4, 814, 813, 16, 6.86%, 0, 328, 2, 1.17
1747780544, 0, 4, 815, 814, 16, 6.86%, 0, 328, 2, 1.26
1747780555, 0, 4, 815, 814, 16, 6.86%, 0, 329, 2, 1.17
1747780565, 0, 4, 816, 815, 16, 6.86%, 0, 329, 2, 1.25
1747780582, 0, 4, 816, 815, 16, 6.86%, 0, 330, 2, 1.33
1747780604, 0, 4, 817, 816, 16, 6.86%, 0, 330, 2, 2.64
1747780621, 0, 4, 818, 817, 16, 6.86%, 0, 330, 2, 1.82
1747780632, 0, 4, 818, 817, 16, 6.86%, 0, 331, 2, 1.63
1747780655, 0, 4, 818, 817, 16, 6.86%, 0, 332, 2, 1.63
1747780661, 0, 4, 819, 818, 16, 6.86%, 0, 332, 2, 1.43
1747780683, 0, 4, 820, 819, 16, 6.86%, 0, 332, 2, 1.45
1747780727, 0, 4, 821, 820, 16, 6.86%, 0, 332, 2, 1.38
1747780744, 0, 4, 821, 820, 16, 6.86%, 0, 333, 2, 1.29
1747780755, 0, 4, 822, 821, 16, 6.86%, 0, 333, 2, 1.24
1747780766, 0, 4, 822, 821, 16, 6.86%, 0, 334, 2, 1.51
1747780777, 0, 4, 823, 822, 16, 6.86%, 0, 335, 2, 1.37
1747780794, 0, 4, 824, 823, 16, 6.86%, 0, 335, 2, 1.41
1747780816, 0, 4, 824, 823, 16, 6.86%, 0, 336, 2, 1.34
1747780826, 0, 4, 824, 823, 16, 6.86%, 0, 337, 2, 1.33
1747780832, 0, 4, 824, 823, 16, 6.86%, 0, 338, 2, 1.33
1747780843, 0, 4, 825, 824, 16, 6.86%, 0, 338, 2, 1.35
1747780859, 0, 4, 826, 825, 16, 6.86%, 0, 338, 2, 1.25
1747780887, 0, 4, 826, 825, 16, 6.86%, 0, 339, 2, 1.31
1747780942, 0, 4, 826, 825, 16, 6.86%, 0, 340, 2, 1.58
1747781046, 0, 4, 826, 825, 16, 6.86%, 0, 341, 2, 1.19
1747781095, 0, 4, 826, 825, 16, 6.86%, 0, 342, 2, 1.50
1747781111, 0, 4, 827, 826, 16, 6.86%, 0, 342, 2, 1.30
1747781199, 0, 4, 828, 827, 16, 6.86%, 0, 342, 2, 1.17
1747781232, 0, 4, 829, 828, 16, 6.86%, 0, 342, 2, 1.25
1747781249, 0, 4, 830, 829, 16, 6.86%, 0, 342, 2, 1.27
1747781275, 0, 4, 830, 829, 16, 6.86%, 0, 343, 2, 1.22
1747781319, 0, 4, 831, 830, 16, 6.86%, 0, 343, 2, 1.39
1747781386, 0, 4, 831, 830, 16, 6.86%, 0, 344, 2, 1.39
1747781391, 0, 4, 832, 831, 16, 6.86%, 0, 344, 2, 1.44
1747781481, 0, 5, 832, 831, 16, 6.86%, 0, 344, 2, 1.35
1747781526, 0, 6, 832, 831, 16, 6.86%, 0, 344, 2, 1.43
1747781570, 0, 7, 832, 831, 16, 6.86%, 0, 344, 2, 1.58
1747781615, 0, 8, 833, 832, 16, 6.86%, 0, 344, 2, 1.16
1747781675, 0, 8, 833, 832, 16, 6.86%, 0, 345, 2, 1.19
1747781708, 0, 9, 833, 832, 16, 6.86%, 0, 345, 2, 1.42
1747781714, 0, 9, 833, 832, 16, 6.86%, 0, 346, 2, 1.58
1747781740, 0, 9, 834, 833, 16, 6.86%, 0, 346, 2, 1.93
1747781789, 0, 12, 834, 833, 16, 6.86%, 0, 346, 2, 1.48
1747781800, 0, 12, 834, 833, 16, 6.86%, 0, 347, 2, 1.68
1747781823, 0, 12, 835, 834, 16, 6.86%, 0, 347, 2, 1.22
1747781872, 0, 12, 836, 835, 16, 6.86%, 0, 347, 2, 1.47
1747781899, 0, 12, 836, 835, 16, 6.86%, 0, 348, 2, 1.60
1747781970, 0, 15, 836, 835, 16, 6.86%, 0, 348, 2, 1.35
1747782014, 0, 17, 836, 835, 16, 6.86%, 0, 348, 2, 1.54
1747782053, 0, 19, 836, 835, 16, 6.86%, 0, 348, 2, 1.30
1747782096, 0, 22, 836, 835, 16, 6.86%, 0, 348, 2, 1.72
1747782134, 0, 23, 836, 835, 16, 6.86%, 0, 348, 2, 1.29
1747782140, 0, 23, 837, 836, 16, 6.86%, 0, 348, 2, 1.32
1747782168, 0, 23, 838, 837, 16, 6.86%, 0, 348, 2, 1.38
1747782180, 0, 23, 838, 837, 16, 6.86%, 0, 349, 2, 1.20
1747782185, 0, 23, 839, 838, 16, 6.86%, 0, 349, 2, 1.18
1747782262, 0, 23, 840, 839, 16, 6.86%, 0, 349, 2, 1.18
1747782350, 0, 23, 840, 839, 16, 6.86%, 0, 350, 2, 1.42
1747782404, 0, 23, 841, 840, 16, 6.86%, 0, 350, 2, 1.36
1747782437, 0, 23, 842, 841, 16, 6.86%, 0, 350, 2, 1.31
1747782509, 0, 23, 842, 841, 16, 6.86%, 0, 351, 2, 1.40
1747782574, 0, 23, 842, 841, 16, 6.86%, 0, 352, 2, 1.64
1747782601, 0, 23, 842, 841, 16, 6.86%, 0, 353, 2, 1.30
1747782607, 0, 23, 842, 841, 16, 6.86%, 0, 354, 2, 1.35
1747782746, 0, 23, 843, 842, 16, 6.86%, 0, 354, 2, 1.28
1747782807, 0, 23, 843, 842, 16, 6.86%, 0, 355, 2, 1.18
1747782812, 0, 23, 844, 843, 16, 6.86%, 0, 355, 2, 1.18
1747782914, 0, 23, 845, 844, 16, 6.86%, 0, 355, 2, 1.35
1747783002, 0, 23, 846, 845, 16, 6.86%, 0, 355, 2, 1.31
1747783074, 0, 23, 847, 846, 16, 6.86%, 0, 355, 2, 1.29
1747783159, 0, 23, 848, 847, 16, 6.86%, 0, 355, 2, 1.14
1747783197, 0, 23, 849, 848, 16, 6.86%, 0, 355, 2, 1.21
1747783350, 0, 23, 850, 849, 16, 6.86%, 0, 355, 2, 1.36
1747783443, 0, 23, 851, 850, 16, 6.86%, 0, 355, 2, 1.21
1747783509, 0, 23, 852, 851, 16, 6.86%, 0, 356, 2, 1.37
1747783525, 0, 23, 853, 852, 16, 6.86%, 0, 356, 2, 1.28
1747783596, 0, 25, 853, 852, 15, 6.86%, 0, 356, 2, 1.54
1747783639, 0, 28, 853, 852, 15, 6.86%, 0, 356, 2, 1.43
1747783678, 0, 29, 853, 852, 15, 6.86%, 0, 356, 2, 1.46
1747783705, 0, 29, 854, 853, 15, 6.86%, 0, 356, 2, 1.45
1747783765, 0, 30, 854, 853, 15, 6.86%, 0, 356, 2, 1.50
1747783776, 0, 30, 855, 854, 15, 6.86%, 0, 356, 2, 1.26
1747783852, 0, 31, 855, 854, 15, 6.86%, 0, 356, 2, 1.49
1747783879, 0, 31, 856, 855, 15, 6.86%, 0, 356, 2, 1.33
1747783885, 0, 31, 857, 856, 15, 6.86%, 0, 356, 2, 1.33
1747783918, 0, 31, 858, 857, 15, 6.86%, 0, 356, 2, 1.46
1747784031, 0, 31, 859, 858, 15, 6.86%, 0, 356, 2, 1.33
1747784136, 0, 31, 860, 859, 15, 6.86%, 0, 356, 2, 1.20
1747784170, 0, 31, 861, 860, 15, 6.86%, 0, 356, 2, 1.43
1747784203, 0, 31, 862, 861, 15, 6.86%, 0, 356, 2, 1.53
1747784226, 0, 31, 863, 862, 15, 6.86%, 0, 356, 2, 1.57
1747784242, 0, 31, 864, 863, 15, 6.86%, 0, 356, 2, 1.34
1747784263, 0, 31, 865, 864, 15, 6.86%, 0, 356, 2, 1.43
1747784328, 0, 31, 866, 865, 15, 6.86%, 0, 356, 2, 1.62
1747784389, 0, 31, 867, 866, 15, 6.86%, 0, 356, 2, 1.54
1747784421, 0, 31, 867, 866, 15, 6.86%, 0, 357, 2, 1.47
1747784426, 0, 31, 868, 867, 15, 6.86%, 0, 357, 2, 1.37
1747784448, 0, 31, 869, 868, 15, 6.86%, 0, 357, 2, 1.43
1747784475, 0, 31, 870, 869, 15, 6.86%, 0, 357, 2, 1.62
1747784539, 0, 31, 871, 870, 15, 6.86%, 0, 357, 2, 1.60
1747784593, 0, 31, 872, 871, 15, 6.86%, 0, 357, 2, 1.33
1747784604, 0, 31, 872, 871, 15, 6.86%, 0, 358, 2, 1.32
1747784615, 0, 31, 872, 871, 15, 6.86%, 0, 359, 2, 1.48
1747784626, 0, 31, 873, 872, 15, 6.87%, 0, 359, 2, 1.71
1747784659, 0, 31, 874, 873, 15, 6.87%, 0, 359, 2, 1.78
1747784691, 0, 31, 875, 874, 15, 6.87%, 0, 359, 2, 1.69
1747784718, 0, 31, 876, 875, 15, 6.87%, 0, 359, 2, 1.48
1747784745, 0, 31, 877, 876, 15, 6.87%, 0, 359, 2, 1.69
1747784781, 0, 31, 878, 877, 15, 6.87%, 0, 359, 2, 2.31
1747784792, 0, 31, 879, 878, 15, 6.87%, 0, 359, 2, 2.08
1747784803, 0, 31, 880, 879, 15, 6.87%, 0, 359, 2, 1.99
1747784851, 0, 31, 881, 880, 15, 6.87%, 0, 359, 2, 1.80
1747784893, 0, 31, 882, 881, 15, 6.87%, 0, 359, 2, 2.33
1747784919, 0, 31, 883, 882, 15, 6.87%, 0, 359, 2, 2.24
1747784951, 0, 31, 884, 883, 15, 6.87%, 0, 359, 2, 2.36
1747784988, 0, 31, 885, 884, 15, 6.87%, 0, 359, 2, 2.31
1747785014, 0, 31, 886, 885, 15, 6.87%, 0, 359, 2, 2.21
1747785036, 0, 31, 887, 886, 15, 6.87%, 0, 359, 2, 1.87
1747785122, 0, 32, 887, 886, 15, 6.87%, 0, 359, 2, 1.70
1747785137, 0, 32, 888, 887, 15, 6.87%, 0, 359, 2, 1.85
1747785197, 0, 33, 888, 887, 15, 6.87%, 0, 359, 2, 1.77
1747785234, 0, 35, 888, 887, 15, 6.87%, 0, 359, 2, 1.42
1747785277, 0, 36, 888, 887, 15, 6.87%, 0, 359, 2, 1.25
1747785315, 0, 37, 888, 887, 15, 6.87%, 0, 359, 2, 1.60
1747785320, 0, 37, 889, 888, 15, 6.87%, 0, 359, 2, 1.54
1747785374, 0, 37, 890, 889, 15, 6.87%, 0, 359, 2, 1.54
1747785395, 0, 37, 891, 890, 15, 6.87%, 0, 359, 2, 1.43
1747785405, 0, 37, 892, 891, 15, 6.87%, 0, 359, 2, 1.71
1747785426, 0, 37, 893, 892, 15, 6.87%, 0, 359, 2, 2.11
1747785442, 0, 37, 894, 893, 15, 6.87%, 0, 359, 2, 2.38
1747785539, 0, 37, 895, 894, 15, 6.87%, 0, 359, 2, 2.42
1747785560, 0, 37, 896, 895, 15, 6.87%, 0, 359, 2, 3.36
1747785581, 0, 37, 897, 896, 15, 6.87%, 0, 359, 2, 2.54
1747785633, 0, 37, 898, 897, 15, 6.87%, 0, 359, 2, 2.24
1747785660, 0, 37, 899, 898, 15, 6.87%, 0, 359, 2, 1.73
1747785940, 0, 37, 900, 899, 15, 6.87%, 0, 359, 2, 1.99
1747786115, 0, 37, 901, 900, 15, 6.87%, 0, 359, 2, 2.48
1747786175, 0, 37, 902, 901, 15, 6.87%, 0, 359, 2, 1.73
1747786202, 0, 37, 903, 902, 15, 6.87%, 0, 359, 2, 1.64
1747786240, 0, 37, 904, 903, 15, 6.87%, 0, 359, 2, 1.92
1747786267, 0, 38, 904, 903, 17, 6.87%, 0, 359, 2, 2.48
1747786288, 0, 39, 904, 903, 17, 6.87%, 0, 359, 2, 2.64
1747786294, 0, 39, 905, 904, 17, 6.87%, 0, 359, 2, 2.32
1747786304, 0, 39, 906, 905, 17, 6.87%, 0, 359, 2, 2.28
1747786321, 0, 39, 907, 906, 17, 6.87%, 0, 359, 2, 2.19
1747786352, 0, 39, 908, 907, 17, 6.87%, 0, 359, 2, 2.78
1747786357, 0, 39, 909, 908, 17, 6.87%, 0, 359, 2, 2.43
1747786373, 0, 39, 910, 909, 17, 6.87%, 0, 359, 2, 2.55
1747786390, 0, 39, 911, 910, 17, 6.87%, 0, 359, 2, 2.47
1747786400, 0, 39, 912, 911, 17, 6.87%, 0, 359, 2, 2.46
1747786441, 0, 39, 913, 912, 17, 6.87%, 0, 359, 2, 2.47
1747786515, 0, 39, 914, 913, 17, 6.87%, 0, 359, 2, 1.75
1747786532, 0, 39, 915, 914, 17, 6.87%, 0, 359, 2, 1.60
1747786575, 0, 39, 916, 915, 17, 6.87%, 0, 359, 2, 1.49
1747786659, 0, 39, 916, 915, 17, 6.87%, 0, 360, 2, 1.57
1747786665, 0, 39, 916, 915, 17, 6.87%, 0, 361, 2, 1.58
1747787351, 0, 41, 916, 915, 17, 6.87%, 0, 361, 2, 1.61
1747787383, 0, 42, 916, 915, 17, 6.87%, 0, 361, 2, 1.64
1747787420, 0, 44, 916, 915, 17, 6.87%, 0, 361, 2, 1.67
1747787453, 0, 46, 916, 915, 17, 6.87%, 0, 361, 2, 1.50
1747787485, 0, 46, 917, 916, 17, 6.87%, 0, 361, 2, 1.90
1747787529, 0, 48, 917, 916, 17, 6.87%, 0, 361, 2, 2.33
1747787549, 0, 49, 917, 916, 17, 6.87%, 0, 361, 2, 2.33
1747787576, 0, 51, 917, 916, 17, 6.87%, 0, 361, 2, 2.37
1747787581, 0, 51, 918, 917, 17, 6.87%, 0, 361, 2, 2.35
1747787629, 0, 52, 918, 917, 17, 6.87%, 0, 361, 2, 2.62
1747787634, 0, 52, 919, 918, 17, 6.87%, 0, 361, 2, 2.41
1747787681, 0, 55, 919, 918, 17, 6.87%, 0, 361, 2, 2.62
1747787702, 0, 56, 919, 918, 17, 6.87%, 0, 361, 2, 2.63
1747787713, 0, 56, 920, 919, 17, 6.87%, 0, 361, 2, 2.27
1747787761, 0, 57, 920, 919, 17, 6.87%, 0, 361, 2, 1.82
1747787794, 0, 58, 920, 919, 17, 6.87%, 0, 361, 2, 1.89
1747787831, 0, 59, 920, 919, 17, 6.87%, 0, 361, 2, 1.75
1747787864, 0, 60, 920, 919, 17, 6.87%, 0, 361, 2, 1.60
1747787895, 0, 62, 920, 919, 17, 6.87%, 0, 361, 2, 1.93
1747787927, 0, 64, 920, 919, 17, 6.87%, 0, 361, 2, 1.95
1747787964, 0, 67, 920, 919, 17, 6.87%, 0, 361, 2, 1.43
1747788002, 0, 68, 921, 920, 17, 6.87%, 0, 361, 2, 1.41
1747788041, 0, 68, 922, 921, 17, 6.87%, 0, 361, 2, 1.62
1747788160, 0, 70, 922, 921, 17, 6.87%, 0, 361, 2, 1.79
1747788198, 0, 71, 922, 921, 17, 6.87%, 0, 361, 2, 1.55
1747788230, 0, 72, 922, 921, 17, 6.87%, 0, 361, 2, 1.56
1747788268, 0, 73, 922, 921, 17, 6.87%, 0, 361, 2, 1.59
1747788278, 0, 73, 923, 922, 17, 6.87%, 0, 361, 2, 1.39
1747788289, 0, 73, 924, 923, 17, 6.87%, 0, 361, 2, 1.42
1747788329, 0, 73, 925, 924, 17, 6.87%, 0, 361, 2, 1.49
1747788372, 0, 73, 925, 924, 17, 6.87%, 0, 362, 2, 1.65
1747788452, 0, 73, 925, 924, 17, 6.87%, 0, 364, 2, 1.69
1747788486, 0, 73, 925, 924, 17, 6.87%, 0, 365, 2, 1.42
1747788556, 0, 73, 925, 924, 17, 6.87%, 0, 366, 2, 1.54
1747788567, 0, 74, 925, 924, 17, 6.87%, 0, 366, 2, 1.46
1747788600, 0, 75, 925, 924, 17, 6.87%, 0, 366, 2, 1.56
1747788632, 0, 76, 925, 924, 17, 6.87%, 0, 366, 2, 1.74
1747788671, 0, 77, 925, 924, 17, 6.87%, 0, 366, 2, 1.62
1747788703, 0, 78, 925, 924, 17, 6.87%, 0, 366, 2, 37.34
1747788784, 0, 78, 926, 925, 17, 6.87%, 0, 366, 3, 10.86
1747788870, 0, 79, 926, 924, 16, 6.87%, 0, 366, 3, 1.27
1747788897, 0, 79, 927, 925, 16, 6.87%, 0, 366, 3, 1.44
1747788914, 0, 79, 927, 925, 16, 6.87%, 0, 367, 3, 1.69
1747788947, 0, 80, 927, 925, 16, 6.87%, 0, 368, 3, 1.48
1747788985, 0, 81, 927, 925, 16, 6.87%, 0, 368, 3, 1.66
1747789018, 0, 82, 927, 925, 16, 6.87%, 0, 368, 3, 1.45
1747789061, 0, 83, 927, 925, 16, 6.87%, 0, 368, 3, 1.42
1747789095, 0, 84, 927, 925, 16, 6.87%, 0, 368, 3, 1.46
1747789127, 0, 88, 927, 925, 16, 6.87%, 0, 368, 3, 1.63
1747789165, 0, 89, 927, 925, 16, 6.87%, 0, 368, 3, 1.51
1747789198, 0, 91, 927, 925, 16, 6.87%, 0, 368, 3, 1.43
1747789236, 0, 92, 927, 925, 16, 6.87%, 0, 368, 3, 1.59
1747789275, 0, 93, 927, 925, 16, 6.87%, 0, 368, 3, 1.65
1747789311, 0, 94, 927, 925, 16, 6.87%, 0, 368, 3, 1.57
1747789317, 0, 94, 927, 925, 16, 6.87%, 0, 369, 3, 1.63
1747789343, 0, 95, 927, 925, 16, 6.87%, 0, 369, 3, 1.92
1747789358, 0, 95, 928, 926, 16, 6.87%, 0, 369, 3, 2.32
1747789401, 0, 96, 928, 926, 16, 6.87%, 0, 369, 3, 2.18
1747789421, 0, 97, 928, 926, 16, 6.87%, 0, 369, 3, 2.31
1747789448, 0, 98, 928, 926, 16, 6.87%, 0, 369, 3, 2.31
1747789469, 0, 99, 928, 926, 16, 6.87%, 0, 369, 3, 2.37
1747789494, 0, 101, 928, 926, 16, 6.87%, 0, 369, 3, 2.24
1747789505, 0, 101, 929, 927, 16, 6.87%, 0, 369, 3, 2.56
1747789527, 0, 101, 930, 928, 16, 6.87%, 0, 369, 3, 2.30
1747789549, 0, 101, 931, 929, 16, 6.87%, 0, 369, 3, 1.99
1747789624, 0, 101, 932, 930, 16, 6.87%, 0, 369, 3, 2.18
1747789681, 0, 101, 933, 931, 16, 6.87%, 0, 369, 3, 2.39
1747789733, 0, 101, 933, 931, 16, 6.87%, 0, 370, 3, 2.41
1747789843, 0, 101, 934, 932, 16, 6.87%, 0, 370, 3, 2.39
1747789949, 0, 101, 935, 933, 16, 6.87%, 0, 370, 3, 2.10
1747790244, 0, 101, 936, 934, 16, 6.87%, 0, 370, 3, 2.75
1747790259, 0, 102, 936, 934, 17, 6.87%, 0, 370, 3, 2.65
1747790281, 0, 103, 936, 934, 17, 6.87%, 0, 370, 3, 2.59
1747790301, 0, 104, 936, 934, 17, 6.87%, 0, 370, 3, 2.64
1747790328, 0, 106, 936, 934, 17, 6.87%, 0, 370, 3, 2.48
1747790349, 0, 107, 936, 934, 17, 6.87%, 0, 370, 3, 2.95
1747790371, 0, 108, 936, 934, 17, 6.87%, 0, 370, 3, 2.45
1747790392, 0, 109, 936, 934, 17, 6.87%, 0, 370, 3, 2.50
1747790418, 0, 110, 936, 934, 17, 6.87%, 0, 370, 3, 2.23
1747790440, 0, 111, 936, 934, 17, 6.87%, 0, 370, 3, 3.15
1747790466, 0, 112, 936, 934, 17, 6.87%, 0, 370, 3, 2.12
1747790488, 0, 112, 937, 935, 17, 6.87%, 0, 370, 3, 1.56
1747790536, 0, 112, 938, 936, 17, 6.87%, 0, 370, 3, 1.82
1747790612, 0, 113, 938, 936, 17, 6.87%, 0, 370, 3, 1.80
1747790649, 0, 114, 938, 936, 17, 6.87%, 0, 370, 3, 1.83
1747790682, 0, 116, 938, 936, 17, 6.87%, 0, 370, 3, 1.16
1747790719, 0, 119, 938, 936, 17, 6.87%, 0, 370, 3, 1.43
1747790757, 0, 120, 938, 936, 17, 6.87%, 0, 370, 3, 1.52
1747790788, 0, 121, 938, 936, 17, 6.87%, 0, 370, 3, 2.42
1747790810, 0, 123, 938, 936, 17, 6.87%, 0, 370, 3, 2.37
1747790836, 0, 124, 938, 936, 17, 6.87%, 0, 370, 3, 2.31
1747790857, 0, 125, 939, 937, 17, 6.87%, 0, 370, 3, 2.42
1747790914, 0, 126, 939, 937, 17, 6.87%, 0, 370, 3, 2.64
1747790935, 0, 129, 939, 937, 17, 6.87%, 0, 370, 3, 2.60
1747790956, 0, 130, 939, 937, 17, 6.87%, 0, 370, 3, 2.52
1747790977, 0, 131, 939, 937, 17, 6.87%, 0, 370, 3, 2.69
1747791003, 0, 132, 939, 937, 17, 6.87%, 0, 370, 3, 2.55
1747791014, 0, 132, 940, 938, 17, 6.87%, 0, 370, 3, 2.16
1747791060, 0, 133, 940, 938, 17, 6.87%, 0, 370, 3, 2.22
1747791081, 0, 134, 940, 938, 17, 6.87%, 0, 370, 3, 2.38
1747791102, 0, 135, 940, 938, 17, 6.87%, 0, 370, 3, 2.55
1747791123, 0, 137, 940, 938, 17, 6.87%, 0, 370, 3, 2.69
1747791149, 0, 138, 940, 938, 17, 6.87%, 0, 370, 3, 2.38
1747791170, 0, 139, 940, 938, 17, 6.87%, 0, 370, 3, 2.68
1747791191, 0, 140, 940, 938, 17, 6.87%, 0, 370, 3, 2.60
1747791217, 0, 141, 940, 938, 17, 6.87%, 0, 370, 3, 2.35
1747791243, 0, 142, 940, 938, 17, 6.87%, 0, 370, 3, 3.15
1747791260, 0, 145, 940, 938, 17, 6.87%, 0, 370, 3, 2.80
1747791285, 0, 146, 940, 938, 17, 6.87%, 0, 370, 3, 2.24
1747791307, 0, 147, 940, 938, 17, 6.87%, 0, 370, 3, 2.34
1747791334, 0, 148, 940, 938, 17, 6.87%, 0, 370, 3, 2.20
1747791356, 0, 149, 940, 938, 17, 6.87%, 0, 370, 3, 2.70
1747791372, 0, 150, 940, 938, 17, 6.87%, 0, 370, 3, 2.61
1747791399, 0, 151, 940, 938, 17, 6.87%, 0, 370, 3, 2.33
1747791425, 0, 152, 940, 938, 17, 6.87%, 0, 370, 3, 2.80
1747791451, 0, 153, 940, 938, 17, 6.87%, 0, 370, 3, 1.81
1747791478, 0, 153, 941, 939, 17, 6.87%, 0, 370, 3, 1.46
1747791532, 0, 154, 941, 939, 17, 6.87%, 0, 370, 3, 1.51
1747791564, 0, 155, 941, 939, 17, 6.87%, 0, 370, 3, 1.56
1747791601, 0, 157, 941, 939, 17, 6.87%, 0, 370, 3, 1.60
1747791634, 0, 158, 941, 939, 17, 6.87%, 0, 370, 3, 1.69
1747791666, 0, 159, 941, 939, 17, 6.87%, 0, 370, 3, 1.88
1747791698, 0, 160, 941, 939, 17, 6.87%, 0, 370, 3, 8.30
1747791724, 0, 161, 941, 939, 17, 6.87%, 0, 370, 3, 2.40
1747791744, 0, 162, 941, 939, 17, 6.87%, 0, 370, 3, 2.55
1747791771, 0, 163, 941, 939, 17, 6.87%, 0, 370, 3, 2.28
1747791792, 0, 164, 941, 939, 17, 6.87%, 0, 370, 3, 2.76
1747791812, 0, 165, 941, 939, 17, 6.87%, 0, 370, 3, 2.89
1747791833, 0, 166, 941, 939, 17, 6.87%, 0, 370, 3, 2.49
1747791859, 0, 167, 941, 939, 17, 6.87%, 0, 370, 3, 2.44
1747791880, 0, 169, 941, 939, 17, 6.87%, 0, 370, 3, 2.71
1747791902, 0, 170, 941, 939, 17, 6.87%, 0, 370, 3, 2.39
1747791923, 0, 172, 941, 939, 17, 6.87%, 0, 370, 3, 2.38
1747791951, 0, 173, 941, 939, 17, 6.87%, 0, 370, 3, 2.35
1747791972, 0, 174, 941, 939, 17, 6.87%, 0, 370, 3, 2.57
1747791993, 0, 175, 941, 939, 17, 6.87%, 0, 370, 3, 2.58
1747792019, 0, 177, 941, 939, 17, 6.87%, 0, 370, 3, 2.69
1747792040, 0, 178, 941, 939, 17, 6.87%, 0, 370, 3, 2.59
1747792061, 0, 180, 941, 939, 17, 6.87%, 0, 370, 3, 2.58
1747792083, 0, 181, 941, 939, 17, 6.87%, 0, 370, 3, 2.47
1747792104, 0, 182, 941, 939, 17, 6.87%, 0, 370, 3, 2.34
1747792125, 0, 182, 942, 940, 17, 6.87%, 0, 370, 3, 2.51
1747792151, 0, 184, 942, 940, 17, 6.87%, 0, 370, 3, 2.60
1747792172, 0, 185, 942, 940, 17, 6.87%, 0, 370, 3, 2.97
1747792182, 0, 185, 943, 941, 17, 6.87%, 0, 370, 3, 2.50
1747792225, 0, 186, 943, 941, 17, 6.87%, 0, 370, 3, 2.48
1747792247, 0, 186, 944, 942, 17, 6.87%, 0, 370, 3, 2.18
1747792278, 0, 188, 944, 942, 17, 6.87%, 0, 370, 3, 2.55
1747792304, 0, 189, 944, 942, 17, 6.87%, 0, 370, 3, 2.50
1747792330, 0, 190, 944, 942, 17, 6.87%, 0, 370, 3, 2.23
1747792351, 0, 191, 944, 942, 17, 6.87%, 0, 370, 3, 2.50
1747792378, 0, 194, 944, 942, 17, 6.87%, 0, 370, 3, 2.26
1747792399, 0, 195, 944, 942, 17, 6.87%, 0, 370, 3, 2.84
1747792420, 0, 196, 944, 942, 17, 6.87%, 0, 370, 3, 2.31
1747792442, 0, 198, 944, 942, 17, 6.87%, 0, 370, 3, 2.47
1747792463, 0, 199, 944, 942, 17, 6.87%, 0, 370, 3, 2.65
1747792490, 0, 200, 944, 942, 17, 6.87%, 0, 370, 3, 2.19
1747792496, 0, 200, 945, 943, 17, 6.87%, 0, 370, 3, 2.22
1747792544, 0, 203, 945, 943, 17, 6.87%, 0, 370, 3, 2.60
1747792565, 0, 204, 945, 943, 17, 6.87%, 0, 370, 3, 2.48
1747792587, 0, 206, 945, 943, 17, 6.87%, 0, 370, 3, 2.55
1747792613, 0, 206, 946, 944, 17, 6.87%, 0, 370, 3, 1.72
1747792656, 0, 208, 946, 944, 17, 6.87%, 0, 370, 3, 1.64
1747792678, 0, 208, 947, 945, 17, 6.87%, 0, 370, 3, 1.43
1747792732, 0, 209, 947, 945, 17, 6.87%, 0, 370, 3, 1.63
1747792759, 0, 211, 947, 945, 17, 6.87%, 0, 370, 3, 2.28
1747792780, 0, 212, 947, 945, 17, 6.87%, 0, 370, 3, 2.61
1747792807, 0, 213, 947, 945, 17, 6.87%, 0, 370, 3, 2.54
1747792828, 0, 214, 947, 945, 17, 6.87%, 0, 370, 3, 2.56
1747792855, 0, 215, 947, 945, 17, 6.87%, 0, 370, 3, 2.23
1747792876, 0, 216, 947, 945, 17, 6.87%, 0, 370, 3, 2.42
1747792902, 0, 217, 947, 945, 17, 6.87%, 0, 370, 3, 2.43
1747792923, 0, 218, 947, 945, 17, 6.87%, 0, 370, 3, 2.51
1747792944, 0, 219, 947, 945, 17, 6.87%, 0, 370, 3, 2.70
1747792970, 0, 221, 947, 945, 17, 6.87%, 0, 370, 3, 2.14
1747792997, 0, 222, 947, 945, 17, 6.87%, 0, 370, 3, 2.13
1747793023, 0, 223, 947, 945, 17, 6.87%, 0, 370, 3, 2.28
1747793044, 0, 224, 947, 945, 17, 6.87%, 0, 370, 3, 2.11
1747793071, 0, 225, 947, 945, 17, 6.87%, 0, 370, 3, 2.67
1747793093, 0, 226, 947, 945, 17, 6.87%, 0, 370, 3, 2.28
1747793114, 0, 226, 947, 945, 17, 6.87%, 0, 371, 3, 2.20
1747793119, 0, 227, 947, 945, 17, 6.87%, 0, 371, 3, 2.22
1747793124, 0, 227, 948, 946, 17, 6.87%, 0, 371, 3, 2.43
1747793177, 0, 228, 948, 946, 17, 6.87%, 0, 371, 3, 1.76
1747793214, 0, 229, 948, 946, 17, 6.87%, 0, 371, 3, 1.47
1747793246, 0, 231, 948, 946, 17, 6.87%, 0, 371, 3, 1.59
1747793278, 0, 232, 948, 946, 17, 6.87%, 0, 371, 3, 2.29
1747793305, 0, 233, 948, 946, 17, 6.87%, 0, 371, 3, 2.31
1747793332, 0, 234, 948, 946, 17, 6.87%, 0, 371, 3, 2.09
1747793352, 0, 235, 948, 946, 17, 6.87%, 0, 371, 3, 2.34
1747793378, 0, 236, 948, 946, 17, 6.87%, 0, 371, 3, 2.12
1747793400, 0, 238, 948, 946, 17, 6.87%, 0, 371, 3, 2.72
1747793427, 0, 240, 948, 946, 17, 6.87%, 0, 371, 3, 2.16
1747793448, 0, 241, 948, 946, 17, 6.87%, 0, 371, 3, 2.62
1747793468, 0, 242, 948, 946, 17, 6.87%, 0, 371, 3, 2.83
1747793495, 0, 243, 948, 946, 17, 6.87%, 0, 371, 3, 2.33
1747793516, 0, 244, 948, 946, 17, 6.87%, 0, 371, 3, 2.56
1747793541, 0, 246, 948, 946, 17, 6.87%, 0, 371, 3, 2.30
1747793562, 0, 247, 948, 946, 17, 6.87%, 0, 371, 3, 2.66
1747793583, 0, 248, 948, 946, 17, 6.87%, 0, 371, 3, 2.36
1747793610, 0, 249, 948, 946, 17, 6.87%, 0, 371, 3, 2.47
1747793632, 0, 250, 948, 946, 17, 6.87%, 0, 371, 3, 2.29
1747793653, 0, 250, 949, 947, 17, 6.87%, 0, 371, 3, 2.08
1747793694, 0, 251, 949, 947, 17, 6.87%, 0, 371, 3, 2.25
1747793715, 0, 253, 949, 947, 17, 6.87%, 0, 371, 3, 2.72
1747793742, 0, 254, 949, 947, 17, 6.87%, 0, 371, 3, 2.28
1747793763, 0, 255, 949, 947, 17, 6.87%, 0, 371, 3, 2.34
1747793790, 0, 256, 949, 947, 17, 6.87%, 0, 371, 3, 2.59
1747793811, 0, 257, 949, 947, 17, 6.87%, 0, 371, 3, 2.53
1747793827, 0, 257, 950, 948, 17, 6.87%, 0, 371, 3, 2.24
1747793870, 0, 258, 950, 948, 17, 6.87%, 0, 371, 3, 1.80
1747793907, 0, 259, 950, 948, 17, 6.87%, 0, 371, 3, 1.63
1747793944, 0, 260, 950, 948, 17, 6.87%, 0, 371, 3, 1.55
1747793982, 0, 261, 950, 948, 17, 6.87%, 0, 371, 3, 1.61
1747794015, 0, 262, 950, 948, 17, 6.87%, 0, 371, 3, 1.83
1747794025, 0, 262, 950, 948, 17, 6.87%, 0, 372, 3, 1.92
1747794047, 0, 263, 950, 948, 17, 6.87%, 0, 372, 3, 1.59
1747794084, 0, 264, 950, 948, 17, 6.87%, 0, 372, 3, 1.57
1747794117, 0, 265, 950, 948, 17, 6.87%, 0, 372, 3, 1.58
1747794150, 0, 266, 950, 948, 17, 6.87%, 0, 372, 3, 1.63
1747794188, 0, 268, 950, 948, 17, 6.87%, 0, 372, 3, 1.69
1747794221, 0, 270, 951, 949, 17, 6.87%, 0, 372, 3, 1.49
1747794285, 0, 270, 951, 949, 17, 6.87%, 0, 373, 3, 1.54
1747794302, 0, 271, 951, 949, 17, 6.87%, 0, 373, 3, 1.53
1747794335, 0, 272, 951, 949, 17, 6.87%, 0, 373, 3, 1.62
1747794367, 0, 273, 951, 949, 17, 6.87%, 0, 373, 3, 1.59
1747794405, 0, 274, 952, 950, 17, 6.87%, 0, 373, 3, 1.54
1747794479, 0, 275, 952, 950, 17, 6.87%, 0, 373, 3, 11.72
1747794763, 0, 276, 952, 949, 16, 6.87%, 0, 373, 3, 4.61
1747794806, 0, 277, 952, 949, 16, 6.87%, 0, 373, 3, 1.56
1747794839, 0, 278, 952, 949, 16, 6.87%, 0, 373, 3, 1.53
1747794877, 0, 279, 952, 949, 16, 6.87%, 0, 373, 3, 1.57
1747794908, 0, 280, 952, 949, 16, 6.87%, 0, 373, 3, 1.74
1747794945, 0, 281, 952, 949, 16, 6.87%, 0, 373, 3, 1.65
1747794977, 0, 282, 952, 949, 16, 6.87%, 0, 373, 3, 1.47
1747795015, 0, 284, 952, 949, 16, 6.87%, 0, 373, 3, 1.45
1747795053, 0, 285, 952, 949, 16, 6.87%, 0, 373, 3, 4.38
1747795308, 0, 286, 952, 948, 16, 6.87%, 0, 373, 3, 3.08
1747795345, 0, 287, 952, 948, 16, 6.87%, 0, 373, 3, 1.45
1747795383, 0, 288, 952, 948, 16, 6.87%, 0, 373, 3, 1.46
1747795421, 0, 289, 952, 948, 16, 6.87%, 0, 373, 3, 1.76
1747795459, 0, 290, 952, 948, 16, 6.87%, 0, 373, 3, 1.71
1747795491, 0, 292, 952, 948, 16, 6.87%, 0, 373, 3, 1.63
1747795524, 0, 293, 952, 948, 16, 6.87%, 0, 373, 3, 1.50
1747795556, 0, 293, 953, 949, 16, 6.87%, 0, 373, 3, 1.53
1747795604, 0, 294, 953, 949, 16, 6.87%, 0, 373, 3, 1.81
1747795636, 0, 295, 953, 949, 16, 6.87%, 0, 373, 3, 1.81
1747795673, 0, 297, 953, 949, 16, 6.87%, 0, 373, 3, 1.35
1747795711, 0, 298, 953, 949, 16, 6.87%, 0, 373, 3, 1.58
1747795744, 0, 299, 953, 949, 16, 6.87%, 0, 373, 3, 1.45
1747795777, 0, 300, 953, 949, 16, 6.87%, 0, 373, 3, 1.72
1747795815, 0, 301, 953, 949, 16, 6.87%, 0, 373, 3, 1.56
1747795852, 0, 302, 953, 949, 16, 6.87%, 0, 373, 3, 1.75
1747795890, 0, 303, 953, 949, 16, 6.87%, 0, 373, 3, 1.55
1747795921, 0, 304, 953, 949, 16, 6.87%, 0, 373, 3, 1.58
1747795965, 0, 305, 953, 949, 16, 6.87%, 0, 373, 3, 1.58
1747795997, 0, 306, 953, 949, 16, 6.87%, 0, 373, 3, 1.70
1747796029, 0, 307, 953, 949, 16, 6.87%, 0, 373, 3, 1.86
1747796062, 0, 308, 953, 949, 16, 6.87%, 0, 373, 3, 1.49
1747796094, 0, 309, 953, 949, 16, 6.87%, 0, 373, 3, 1.78
1747796127, 0, 310, 953, 949, 16, 6.87%, 0, 373, 3, 2.16
1747796165, 0, 311, 953, 949, 16, 6.87%, 0, 373, 3, 1.68
1747796198, 0, 312, 953, 949, 16, 6.87%, 0, 373, 3, 1.53
1747796236, 0, 313, 954, 950, 16, 6.87%, 0, 373, 3, 1.60
1747796306, 0, 314, 954, 950, 16, 6.87%, 0, 373, 3, 1.68
1747796344, 0, 315, 954, 950, 16, 6.87%, 0, 373, 3, 1.49
1747796382, 0, 318, 954, 950, 16, 6.87%, 0, 373, 3, 1.45
1747796419, 0, 320, 954, 950, 16, 6.87%, 0, 373, 3, 1.79
1747796457, 0, 322, 954, 950, 16, 6.87%, 0, 373, 3, 1.42
1747796468, 0, 322, 954, 950, 16, 6.87%, 0, 374, 3, 1.32
1747796495, 0, 323, 954, 950, 16, 6.87%, 0, 374, 3, 1.46
1747796522, 0, 324, 954, 950, 16, 6.87%, 0, 374, 3, 1.71
1747796558, 0, 325, 954, 950, 16, 6.87%, 0, 374, 3, 1.51
1747796600, 0, 326, 954, 950, 16, 6.87%, 0, 374, 3, 1.64
1747796632, 0, 327, 954, 950, 16, 6.87%, 0, 374, 3, 1.45
1747796669, 0, 329, 954, 950, 16, 6.87%, 0, 374, 3, 1.54
1747796701, 0, 331, 954, 950, 16, 6.87%, 0, 374, 3, 1.77
1747796738, 0, 332, 954, 950, 16, 6.87%, 0, 374, 3, 1.45
1747796770, 0, 333, 954, 950, 16, 6.87%, 0, 374, 3, 1.92
1747796807, 0, 334, 954, 950, 16, 6.87%, 0, 374, 3, 1.55
1747796845, 0, 335, 954, 950, 16, 6.87%, 0, 374, 3, 1.60
1747796877, 0, 336, 954, 950, 16, 6.87%, 0, 374, 3, 1.54
1747796915, 0, 337, 954, 950, 16, 6.87%, 0, 374, 3, 1.53
1747796953, 0, 339, 954, 950, 16, 6.87%, 0, 374, 3, 1.92
1747796984, 0, 341, 954, 950, 16, 6.87%, 0, 374, 3, 1.65
1747797017, 0, 342, 954, 950, 16, 6.87%, 0, 374, 3, 1.77
1747797049, 0, 343, 954, 950, 16, 6.87%, 0, 374, 3, 1.52
1747797087, 0, 344, 954, 950, 16, 6.87%, 0, 374, 3, 1.66
1747797124, 0, 346, 954, 950, 16, 6.87%, 0, 374, 3, 1.57
1747797156, 0, 348, 954, 950, 16, 6.87%, 0, 374, 3, 1.64
1747797188, 0, 349, 954, 950, 16, 6.87%, 0, 374, 3, 1.80
1747797222, 0, 351, 954, 950, 16, 6.87%, 0, 374, 3, 1.65
1747797260, 0, 352, 954, 950, 16, 6.87%, 0, 374, 3, 1.62
1747797297, 0, 353, 954, 950, 16, 6.87%, 0, 374, 3, 1.35
1747797335, 0, 354, 954, 950, 16, 6.87%, 0, 374, 3, 1.53
1747797373, 0, 356, 954, 950, 16, 6.87%, 0, 374, 3, 1.47
1747797399, 0, 358, 954, 950, 16, 6.87%, 0, 374, 3, 2.16
1747797425, 0, 359, 954, 950, 16, 6.87%, 0, 374, 3, 2.54
1747797446, 0, 360, 954, 950, 16, 6.87%, 0, 374, 3, 2.32
1747797473, 0, 361, 954, 950, 16, 6.87%, 0, 374, 3, 2.27
1747797496, 0, 362, 954, 950, 16, 6.87%, 0, 374, 3, 2.25
1747797522, 0, 364, 954, 950, 16, 6.87%, 0, 374, 3, 2.33
1747797543, 0, 365, 954, 950, 16, 6.87%, 0, 374, 3, 2.29
1747797569, 0, 366, 954, 950, 16, 6.87%, 0, 374, 3, 2.08
1747797596, 0, 367, 954, 950, 16, 6.87%, 0, 374, 3, 2.39
1747797618, 0, 368, 954, 950, 16, 6.87%, 0, 374, 3, 1.95
1747797645, 0, 369, 954, 950, 16, 6.87%, 0, 374, 3, 2.47
1747797665, 0, 370, 954, 950, 16, 6.87%, 0, 374, 3, 2.40
1747797692, 0, 371, 954, 950, 16, 6.87%, 0, 374, 3, 2.32
1747797718, 0, 372, 954, 950, 16, 6.87%, 0, 374, 3, 2.29
1747797738, 0, 374, 955, 951, 16, 6.87%, 0, 374, 3, 2.51
1747797787, 0, 375, 955, 951, 16, 6.87%, 0, 374, 3, 2.92
1747797814, 0, 376, 955, 951, 16, 6.87%, 0, 374, 3, 2.28
1747797830, 0, 376, 956, 952, 16, 6.87%, 0, 374, 3, 2.54
1747797861, 0, 377, 956, 952, 16, 6.87%, 0, 374, 3, 2.43
1747797882, 0, 378, 956, 952, 16, 6.87%, 0, 374, 3, 2.74
1747797908, 0, 379, 956, 952, 16, 6.87%, 0, 374, 3, 2.33
1747797929, 0, 380, 956, 952, 16, 6.87%, 0, 374, 3, 2.50
1747797955, 0, 381, 956, 952, 16, 6.87%, 0, 374, 3, 2.23
1747797982, 0, 382, 956, 952, 16, 6.87%, 0, 374, 3, 2.54
1747798003, 0, 383, 956, 952, 16, 6.87%, 0, 374, 3, 2.49
1747798025, 0, 384, 956, 952, 16, 6.87%, 0, 374, 3, 2.33
1747798051, 0, 385, 956, 952, 16, 6.87%, 0, 374, 3, 2.03
1747798088, 0, 388, 956, 952, 16, 6.87%, 0, 374, 3, 1.83
1747798121, 0, 389, 956, 952, 16, 6.87%, 0, 374, 3, 1.60
1747798153, 0, 390, 956, 952, 16, 6.87%, 0, 374, 3, 1.99
1747798186, 0, 391, 956, 952, 16, 6.87%, 0, 374, 3, 1.72
1747798223, 0, 392, 956, 952, 16, 6.87%, 0, 374, 3, 1.79
1747798255, 0, 393, 956, 952, 16, 6.87%, 0, 374, 3, 1.60
1747798288, 0, 394, 956, 952, 16, 6.87%, 0, 374, 3, 1.58
1747798305, 0, 394, 957, 953, 16, 6.87%, 0, 374, 3, 1.32
1747798370, 0, 395, 957, 953, 16, 6.87%, 0, 374, 3, 1.63
1747798396, 0, 395, 958, 954, 16, 6.87%, 0, 374, 3, 1.63
1747798444, 0, 396, 958, 954, 16, 6.87%, 0, 374, 3, 1.76
1747798477, 0, 397, 958, 954, 16, 6.87%, 0, 374, 3, 1.78
1747798515, 0, 398, 958, 954, 16, 6.87%, 0, 374, 3, 1.44
1747798548, 0, 399, 958, 954, 16, 6.87%, 0, 374, 3, 1.68
1747798579, 0, 400, 958, 954, 16, 6.87%, 0, 374, 3, 23.60
1747798676, 0, 401, 958, 953, 15, 6.87%, 0, 374, 3, 2.98
1747798714, 0, 402, 958, 953, 15, 6.87%, 0, 374, 3, 1.38
1747798752, 0, 403, 958, 953, 15, 6.87%, 0, 374, 3, 1.67
1747798785, 0, 404, 958, 953, 15, 6.87%, 0, 374, 3, 1.69
1747798818, 0, 405, 958, 953, 15, 6.87%, 0, 374, 3, 1.69
1747798857, 0, 407, 958, 953, 15, 6.87%, 0, 374, 3, 1.77
1747798894, 0, 408, 958, 953, 15, 6.87%, 0, 374, 3, 1.57
1747798926, 0, 410, 958, 953, 15, 6.87%, 0, 374, 3, 1.84
1747798964, 0, 414, 958, 953, 15, 6.87%, 0, 374, 3, 1.65
1747799001, 0, 415, 958, 953, 15, 6.87%, 0, 374, 3, 1.57
1747799038, 0, 416, 958, 953, 15, 6.87%, 0, 374, 3, 1.39
1747799076, 0, 417, 958, 953, 15, 6.87%, 0, 374, 3, 1.51
1747799108, 0, 418, 958, 953, 15, 6.87%, 0, 374, 3, 1.65
1747799146, 0, 420, 958, 953, 15, 6.87%, 0, 374, 3, 1.42
1747799184, 0, 421, 958, 953, 15, 6.87%, 0, 374, 3, 1.37
1747799222, 0, 423, 958, 953, 15, 6.87%, 0, 374, 3, 1.56
1747799255, 0, 424, 958, 953, 15, 6.87%, 0, 374, 3, 1.55
1747799292, 0, 425, 958, 953, 15, 6.87%, 0, 374, 3, 1.44
1747799330, 0, 426, 958, 953, 15, 6.87%, 0, 374, 3, 1.67
1747799362, 0, 427, 958, 953, 15, 6.87%, 0, 374, 3, 1.54
1747799400, 0, 428, 958, 953, 15, 6.87%, 0, 374, 3, 1.53
1747799433, 0, 429, 958, 953, 15, 6.87%, 0, 374, 3, 1.42
1747799471, 0, 430, 958, 953, 15, 6.87%, 0, 374, 3, 1.49
1747799508, 0, 432, 958, 953, 15, 6.87%, 0, 374, 3, 1.61
1747799546, 0, 434, 958, 953, 15, 6.87%, 0, 374, 3, 1.59
1747799578, 0, 435, 958, 953, 15, 6.87%, 0, 374, 3, 1.65
1747799610, 0, 436, 958, 953, 15, 6.87%, 0, 374, 3, 1.81
1747799648, 0, 437, 958, 953, 15, 6.87%, 0, 374, 3, 1.53
1747799685, 0, 438, 958, 953, 15, 6.87%, 0, 374, 3, 1.62
1747799718, 0, 441, 958, 953, 15, 6.87%, 0, 374, 3, 1.73
1747799750, 0, 443, 958, 953, 15, 6.87%, 0, 374, 3, 1.57
1747799787, 0, 444, 958, 953, 15, 6.87%, 0, 374, 3, 1.64
1747799819, 0, 445, 958, 953, 15, 6.87%, 0, 374, 3, 1.57
1747799857, 0, 446, 958, 953, 15, 6.87%, 0, 374, 3, 1.59
1747799894, 0, 447, 958, 953, 15, 6.87%, 0, 374, 3, 1.51
1747799928, 0, 448, 958, 953, 15, 6.87%, 0, 374, 3, 1.03
1747799967, 0, 449, 958, 953, 15, 6.87%, 0, 374, 3, 1.66
1747800000, 0, 450, 958, 953, 15, 6.87%, 0, 374, 3, 1.42
1747800037, 0, 451, 958, 953, 15, 6.87%, 0, 374, 3, 1.60
1747800074, 0, 453, 958, 953, 15, 6.87%, 0, 374, 3, 1.63
1747800107, 0, 454, 958, 953, 15, 6.87%, 0, 374, 3, 1.46
1747800144, 0, 455, 958, 953, 15, 6.87%, 0, 374, 3, 1.56
1747800186, 0, 457, 958, 953, 15, 6.87%, 0, 374, 3, 1.43
1747800219, 0, 459, 958, 953, 15, 6.87%, 0, 374, 3, 1.84
1747800251, 0, 460, 958, 953, 15, 6.87%, 0, 374, 3, 1.65
1747800289, 0, 461, 958, 953, 15, 6.87%, 0, 374, 3, 1.66
1747800321, 0, 462, 958, 953, 15, 6.87%, 0, 374, 3, 1.61
1747800354, 0, 463, 958, 953, 15, 6.87%, 0, 374, 3, 1.76
1747800385, 0, 464, 958, 953, 15, 6.87%, 0, 374, 3, 1.59
1747800418, 0, 464, 959, 954, 15, 6.87%, 0, 374, 3, 1.41
1747800467, 0, 465, 959, 954, 15, 6.87%, 0, 374, 3, 1.90
1747800500, 0, 466, 959, 954, 15, 6.87%, 0, 374, 3, 1.65
1747800536, 0, 467, 959, 954, 15, 6.87%, 0, 374, 3, 1.48
1747800575, 0, 468, 959, 954, 15, 6.87%, 0, 374, 3, 1.52
1747800612, 0, 469, 959, 954, 15, 6.87%, 0, 374, 3, 1.62
1747800639, 0, 469, 959, 954, 15, 6.87%, 0, 375, 3, 1.70
1747800644, 0, 471, 959, 954, 15, 6.87%, 0, 375, 3, 1.62
1747800682, 0, 472, 959, 954, 15, 6.87%, 0, 375, 3, 1.68
1747800713, 0, 474, 959, 954, 15, 6.87%, 0, 375, 3, 1.57
1747800751, 0, 475, 959, 954, 15, 6.87%, 0, 375, 3, 1.62
1747800783, 0, 476, 959, 954, 15, 6.87%, 0, 375, 3, 1.63
1747800822, 0, 478, 959, 954, 15, 6.87%, 0, 375, 3, 1.43
1747800854, 0, 479, 959, 954, 15, 6.87%, 0, 375, 3, 1.57
1747800885, 0, 480, 959, 954, 15, 6.87%, 0, 375, 3, 1.75
1747800912, 0, 480, 959, 954, 15, 6.87%, 0, 376, 3, 1.56
1747800923, 0, 481, 959, 954, 15, 6.87%, 0, 376, 3, 1.69
1747800955, 0, 482, 960, 955, 15, 6.87%, 0, 376, 3, 1.93
1747800982, 0, 482, 961, 956, 15, 6.87%, 0, 376, 3, 2.12
1747801057, 0, 483, 961, 956, 15, 6.87%, 0, 376, 3, 2.40
1747801077, 0, 484, 961, 956, 15, 6.87%, 0, 376, 3, 2.66
1747801104, 0, 485, 961, 956, 15, 6.87%, 0, 376, 3, 2.48
1747801126, 0, 486, 961, 956, 15, 6.87%, 0, 376, 3, 2.52
1747801142, 0, 487, 961, 956, 15, 6.87%, 0, 376, 3, 2.79
1747801153, 0, 487, 961, 956, 15, 6.87%, 0, 377, 3, 2.43
1747801169, 0, 489, 961, 956, 15, 6.87%, 0, 377, 3, 2.44
1747801190, 0, 490, 961, 956, 15, 6.87%, 0, 377, 3, 2.61
1747801211, 0, 491, 961, 956, 15, 6.87%, 0, 377, 3, 2.39
1747801232, 0, 491, 962, 957, 15, 6.87%, 0, 377, 3, 2.35
1747801263, 0, 492, 962, 957, 14, 6.87%, 0, 377, 3, 2.36
1747801284, 0, 493, 963, 958, 14, 6.87%, 0, 377, 3, 2.25
1747801342, 0, 494, 963, 958, 14, 6.87%, 0, 377, 3, 2.65
1747801363, 0, 495, 963, 958, 14, 6.87%, 0, 377, 3, 2.39
1747801390, 0, 497, 963, 958, 14, 6.87%, 0, 377, 3, 2.41
1747801410, 0, 498, 963, 958, 14, 6.87%, 0, 377, 3, 2.68
1747801432, 0, 499, 963, 958, 14, 6.87%, 0, 377, 3, 2.41
1747801458, 0, 500, 963, 958, 14, 6.87%, 0, 377, 3, 2.43
1747801485, 0, 502, 963, 958, 14, 6.87%, 0, 377, 3, 2.31
1747801507, 0, 503, 963, 958, 14, 6.87%, 0, 377, 3, 2.37
1747801528, 0, 504, 963, 958, 14, 6.87%, 0, 377, 3, 2.21
1747801555, 0, 505, 963, 958, 14, 6.87%, 0, 377, 3, 2.44
1747801581, 0, 506, 963, 958, 14, 6.87%, 0, 377, 3, 2.52
1747801602, 0, 507, 963, 958, 14, 6.87%, 0, 377, 3, 2.28
1747801624, 0, 508, 963, 958, 14, 6.87%, 0, 377, 3, 2.50
1747801650, 0, 511, 963, 958, 14, 6.87%, 0, 377, 3, 2.28
1747801676, 0, 512, 963, 958, 14, 6.87%, 0, 377, 3, 2.10
1747801702, 0, 513, 963, 958, 14, 6.87%, 0, 377, 3, 2.40
1747801723, 0, 514, 963, 958, 14, 6.87%, 0, 377, 3, 2.38
1747801750, 0, 515, 963, 958, 14, 6.87%, 0, 377, 3, 2.35
1747801771, 0, 516, 963, 958, 14, 6.87%, 0, 377, 3, 2.57
1747801798, 0, 517, 963, 958, 14, 6.87%, 0, 377, 3, 2.68
1747801819, 0, 518, 963, 958, 14, 6.87%, 0, 377, 3, 2.43
1747801835, 0, 518, 964, 959, 14, 6.87%, 0, 377, 3, 2.07
1747801857, 0, 518, 965, 960, 14, 6.87%, 0, 377, 3, 2.22
1747801930, 0, 519, 965, 960, 14, 6.87%, 0, 377, 3, 2.59
1747801952, 0, 520, 965, 960, 14, 6.87%, 0, 377, 3, 2.30
1747801978, 0, 521, 965, 960, 14, 6.87%, 0, 377, 3, 2.26
1747801998, 0, 522, 965, 960, 14, 6.87%, 0, 377, 3, 2.85
1747802024, 0, 523, 965, 960, 14, 6.87%, 0, 377, 3, 2.53
1747802050, 0, 525, 965, 960, 14, 6.87%, 0, 377, 3, 2.33
1747802072, 0, 527, 965, 960, 14, 6.87%, 0, 377, 3, 2.70
1747802093, 0, 528, 965, 960, 14, 6.87%, 0, 377, 3, 2.32
1747802119, 0, 529, 965, 960, 14, 6.87%, 0, 377, 3, 2.23
1747802146, 0, 530, 965, 960, 14, 6.87%, 0, 377, 3, 2.44
1747802172, 0, 531, 965, 960, 14, 6.87%, 0, 377, 3, 2.63
1747802194, 0, 532, 965, 960, 14, 6.87%, 0, 377, 3, 2.43
1747802215, 0, 533, 965, 960, 14, 6.87%, 0, 377, 3, 2.67
1747802236, 0, 535, 965, 960, 14, 6.87%, 0, 377, 3, 2.35
1747802262, 0, 535, 966, 961, 14, 6.87%, 0, 377, 3, 2.30
1747802289, 0, 536, 966, 961, 14, 6.87%, 0, 377, 3, 2.39
1747802310, 0, 537, 966, 961, 14, 6.87%, 0, 377, 3, 2.33
1747802336, 0, 538, 966, 961, 14, 6.87%, 0, 377, 3, 2.85
1747802357, 0, 539, 966, 961, 14, 6.87%, 0, 377, 3, 2.50
1747802379, 0, 540, 966, 961, 14, 6.87%, 0, 377, 3, 2.73
1747802394, 0, 541, 966, 961, 14, 6.87%, 0, 377, 3, 2.90
1747802420, 0, 544, 966, 961, 14, 6.87%, 0, 377, 3, 2.01
1747802453, 0, 545, 966, 961, 14, 6.87%, 0, 377, 3, 1.95
1747802490, 0, 546, 966, 961, 14, 6.87%, 0, 377, 3, 1.67
1747802522, 0, 547, 966, 961, 14, 6.87%, 0, 377, 3, 1.59
1747802560, 0, 548, 966, 961, 14, 6.87%, 0, 377, 3, 1.51
1747802597, 0, 549, 966, 961, 14, 6.87%, 0, 377, 3, 1.71
1747802630, 0, 550, 966, 961, 14, 6.87%, 0, 377, 3, 1.84
1747802666, 0, 552, 966, 961, 14, 6.87%, 0, 377, 3, 1.48
1747802704, 0, 553, 966, 961, 14, 6.87%, 0, 377, 3, 1.52
1747802736, 0, 554, 966, 961, 14, 6.87%, 0, 377, 3, 1.60
1747802774, 0, 556, 966, 961, 14, 6.87%, 0, 377, 3, 1.51
1747802813, 0, 557, 966, 961, 14, 6.87%, 0, 377, 3, 1.53
1747802851, 0, 558, 966, 961, 14, 6.87%, 0, 377, 3, 1.60
1747802882, 0, 559, 966, 961, 14, 6.87%, 0, 377, 3, 2.06
1747805216, 0, 560, 966, 960, 13, 6.87%, 0, 377, 3, 2.79
1747805237, 0, 561, 966, 960, 13, 6.87%, 0, 377, 3, 2.65
1747805258, 0, 563, 966, 960, 13, 6.87%, 0, 377, 3, 2.22
1747805285, 0, 564, 966, 960, 13, 6.87%, 0, 377, 3, 2.32
1747805306, 0, 565, 966, 960, 13, 6.87%, 0, 377, 3, 2.44
1747805333, 0, 566, 966, 960, 13, 6.87%, 0, 377, 3, 2.34
1747805355, 0, 567, 966, 960, 13, 6.87%, 0, 377, 3, 2.25
1747805381, 0, 568, 966, 960, 13, 6.87%, 0, 377, 3, 2.31
1747805402, 0, 569, 966, 960, 13, 6.87%, 0, 377, 3, 2.29
1747805429, 0, 571, 966, 960, 13, 6.87%, 0, 377, 3, 2.33
1747805455, 0, 572, 966, 960, 13, 6.87%, 0, 377, 3, 2.40
1747805476, 0, 573, 966, 960, 13, 6.87%, 0, 377, 3, 2.61
1747805498, 0, 574, 966, 960, 13, 6.87%, 0, 377, 3, 2.41
1747805524, 0, 575, 966, 960, 13, 6.87%, 0, 377, 3, 2.15
1747805546, 0, 576, 966, 960, 13, 6.87%, 0, 377, 3, 2.45
1747805572, 0, 578, 966, 960, 13, 6.87%, 0, 377, 3, 2.48
1747805593, 0, 580, 966, 960, 13, 6.87%, 0, 377, 3, 2.60
1747805614, 0, 581, 966, 960, 13, 6.87%, 0, 377, 3, 2.56
1747805647, 0, 582, 966, 960, 13, 6.87%, 0, 377, 3, 1.55
1747805686, 0, 583, 966, 960, 13, 6.87%, 0, 377, 3, 1.47
1747805718, 0, 584, 966, 960, 13, 6.87%, 0, 377, 3, 1.28
1747805755, 0, 585, 966, 960, 13, 6.87%, 0, 377, 3, 1.71
1747805788, 0, 586, 966, 960, 13, 6.87%, 0, 377, 3, 1.56
1747805826, 0, 587, 966, 960, 13, 6.87%, 0, 377, 3, 1.43
1747805864, 0, 588, 966, 960, 13, 6.87%, 0, 377, 3, 1.56
1747805897, 0, 589, 966, 960, 13, 6.87%, 0, 377, 3, 1.63
1747805928, 0, 592, 966, 960, 13, 6.87%, 0, 377, 3, 1.65
1747805966, 0, 593, 966, 960, 13, 6.87%, 0, 377, 3, 1.42
1747806005, 0, 594, 966, 960, 13, 6.87%, 0, 377, 3, 1.54
1747806037, 0, 595, 966, 960, 13, 6.87%, 0, 377, 3, 1.77
1747806074, 0, 596, 966, 960, 13, 6.87%, 0, 377, 3, 1.61
1747806106, 0, 597, 966, 960, 13, 6.87%, 0, 377, 3, 1.55
1747806149, 0, 598, 966, 960, 13, 6.87%, 0, 377, 3, 1.62
1747806182, 0, 600, 966, 960, 13, 6.87%, 0, 377, 3, 1.64
1747806218, 0, 601, 966, 960, 13, 6.87%, 0, 377, 3, 1.59
1747806255, 0, 602, 966, 960, 13, 6.87%, 0, 377, 3, 1.57
1747806294, 0, 603, 966, 960, 13, 6.87%, 0, 377, 3, 1.51
1747806332, 0, 604, 966, 960, 13, 6.87%, 0, 377, 3, 1.60
1747806364, 0, 605, 966, 960, 13, 6.87%, 0, 377, 3, 1.75
1747806401, 0, 606, 966, 960, 13, 6.87%, 0, 377, 3, 1.68
1747806439, 0, 607, 966, 960, 13, 6.87%, 0, 377, 3, 1.58
1747806477, 0, 608, 966, 960, 13, 6.87%, 0, 377, 3, 1.49
1747806510, 0, 609, 966, 960, 13, 6.87%, 0, 377, 3, 1.75
1747806542, 0, 610, 966, 960, 13, 6.87%, 0, 377, 3, 1.65
1747806581, 0, 611, 966, 960, 13, 6.87%, 0, 377, 3, 1.64
1747806618, 0, 612, 966, 960, 13, 6.87%, 0, 377, 3, 1.90
1747806645, 0, 613, 966, 960, 13, 6.87%, 0, 377, 3, 2.11
1747806683, 0, 614, 966, 960, 13, 6.87%, 0, 377, 3, 1.64
1747806714, 0, 615, 966, 960, 13, 6.87%, 0, 377, 3, 1.80
1747806752, 0, 616, 966, 960, 13, 6.87%, 0, 377, 3, 1.51
1747806789, 0, 617, 966, 960, 13, 6.87%, 0, 377, 3, 1.71
1747806822, 0, 618, 966, 960, 13, 6.87%, 0, 377, 3, 1.61
1747806854, 0, 619, 966, 960, 13, 6.87%, 0, 377, 3, 1.59
1747806891, 0, 621, 966, 960, 13, 6.87%, 0, 377, 3, 1.47
1747806930, 0, 622, 966, 960, 13, 6.87%, 0, 377, 3, 1.53
1747806962, 0, 623, 966, 960, 13, 6.87%, 0, 377, 3, 2.05
1747806994, 0, 624, 966, 960, 13, 6.87%, 0, 377, 3, 1.71
1747807031, 0, 625, 966, 960, 13, 6.87%, 0, 377, 3, 1.48
1747807063, 0, 626, 966, 960, 13, 6.87%, 0, 377, 3, 1.66
1747807101, 0, 627, 966, 960, 13, 6.87%, 0, 377, 3, 1.92
1747807133, 0, 628, 966, 960, 13, 6.87%, 0, 377, 3, 1.72
1747807165, 0, 629, 966, 960, 13, 6.87%, 0, 377, 3, 1.71
1747807198, 0, 630, 966, 960, 13, 6.87%, 0, 377, 3, 1.69
1747807237, 0, 630, 967, 961, 13, 6.87%, 0, 377, 3, 1.41
1747807277, 0, 631, 967, 961, 13, 6.87%, 0, 377, 3, 2.02
1747807310, 0, 632, 967, 961, 13, 6.87%, 0, 377, 3, 1.76
1747807347, 0, 633, 967, 961, 13, 6.87%, 0, 377, 3, 1.52
1747807386, 0, 634, 967, 961, 13, 6.87%, 0, 377, 3, 1.60
1747807418, 0, 635, 967, 961, 13, 6.87%, 0, 377, 3, 1.70
1747807456, 0, 637, 967, 961, 13, 6.87%, 0, 377, 3, 1.65
1747807495, 0, 638, 967, 961, 13, 6.87%, 0, 377, 3, 1.58
1747807527, 0, 639, 967, 961, 13, 6.87%, 0, 377, 3, 1.65
1747807565, 0, 640, 967, 961, 13, 6.87%, 0, 377, 3, 1.66
1747807598, 0, 642, 967, 961, 13, 6.87%, 0, 377, 3, 1.59
1747807632, 0, 643, 967, 961, 13, 6.87%, 0, 377, 3, 1.55
1747807670, 0, 644, 967, 961, 13, 6.87%, 0, 377, 3, 1.64
1747807702, 0, 648, 967, 961, 13, 6.87%, 0, 377, 3, 1.76
1747807734, 0, 649, 967, 961, 13, 6.87%, 0, 377, 3, 1.63
1747807772, 0, 650, 967, 961, 13, 6.87%, 0, 377, 3, 1.50
1747807804, 0, 651, 967, 961, 13, 6.87%, 0, 377, 3, 1.80
1747807843, 0, 653, 967, 961, 13, 6.87%, 0, 377, 3, 1.74
1747807875, 0, 654, 967, 961, 13, 6.87%, 0, 377, 3, 1.50
1747807912, 0, 655, 967, 961, 13, 6.87%, 0, 377, 3, 1.54
1747807950, 0, 656, 967, 961, 13, 6.87%, 0, 377, 3, 1.48
1747807983, 0, 658, 967, 961, 13, 6.87%, 0, 377, 3, 1.49
1747808020, 0, 659, 967, 961, 13, 6.87%, 0, 377, 3, 1.57
1747808052, 0, 660, 967, 961, 13, 6.87%, 0, 377, 3, 1.64
1747808085, 0, 661, 967, 961, 13, 6.87%, 0, 377, 3, 1.70
1747808121, 0, 662, 967, 961, 13, 6.87%, 0, 377, 3, 1.90
1747808152, 0, 663, 967, 961, 13, 6.87%, 0, 377, 3, 1.86
1747808192, 0, 664, 967, 961, 13, 6.87%, 0, 377, 3, 1.56
1747808229, 0, 665, 967, 961, 13, 6.87%, 0, 377, 3, 1.49
1747808261, 0, 667, 967, 961, 13, 6.87%, 0, 377, 3, 1.64
1747808295, 0, 670, 967, 961, 13, 6.87%, 0, 377, 3, 1.72
1747808327, 0, 671, 967, 961, 13, 6.87%, 0, 377, 3, 1.56
1747808365, 0, 672, 967, 961, 13, 6.87%, 0, 377, 3, 1.74
1747808402, 0, 673, 967, 961, 13, 6.87%, 0, 377, 3, 1.41
1747808440, 0, 674, 967, 961, 13, 6.87%, 0, 377, 3, 1.45
1747808477, 0, 676, 967, 961, 13, 6.87%, 0, 377, 3, 1.63
1747808509, 0, 677, 967, 961, 13, 6.87%, 0, 377, 3, 1.67
1747808541, 0, 678, 967, 961, 13, 6.87%, 0, 377, 3, 1.63
1747808579, 0, 679, 967, 961, 13, 6.87%, 0, 377, 3, 1.65
1747808617, 0, 680, 967, 961, 13, 6.87%, 0, 377, 3, 1.61
1747808649, 0, 681, 967, 961, 13, 6.87%, 0, 377, 3, 1.57
1747808687, 0, 683, 967, 961, 13, 6.87%, 0, 377, 3, 1.66
1747808719, 0, 684, 967, 961, 13, 6.87%, 0, 377, 3, 1.61
1747808758, 0, 685, 967, 961, 13, 6.87%, 0, 377, 3, 1.42
1747808790, 0, 686, 967, 961, 13, 6.87%, 0, 377, 3, 1.51
1747808828, 0, 687, 967, 961, 13, 6.87%, 0, 377, 3, 1.53
1747808866, 0, 688, 967, 961, 13, 6.87%, 0, 377, 3, 1.48
1747808899, 0, 689, 967, 961, 13, 6.87%, 0, 377, 3, 1.56
1747808936, 0, 690, 967, 961, 13, 6.87%, 0, 377, 3, 1.46
1747808974, 0, 691, 967, 961, 13, 6.87%, 0, 377, 3, 1.66
1747809005, 0, 695, 967, 961, 13, 6.87%, 0, 377, 3, 1.62
1747809037, 0, 696, 967, 961, 13, 6.87%, 0, 377, 3, 1.80
1747809080, 0, 697, 967, 961, 13, 6.87%, 0, 377, 3, 1.62
1747809113, 0, 698, 967, 961, 13, 6.87%, 0, 377, 3, 1.54
1747809145, 0, 699, 967, 961, 13, 6.87%, 0, 377, 3, 1.67
1747809176, 0, 700, 967, 961, 13, 6.87%, 0, 377, 3, 1.85
1747809213, 0, 701, 967, 961, 13, 6.87%, 0, 377, 3, 1.67
1747809251, 0, 702, 967, 961, 13, 6.87%, 0, 377, 3, 1.64
1747809282, 0, 703, 967, 961, 13, 6.87%, 0, 377, 3, 1.58
1747809320, 0, 705, 967, 961, 13, 6.87%, 0, 377, 3, 1.54
1747809357, 0, 706, 967, 961, 13, 6.87%, 0, 377, 3, 1.45
1747809394, 0, 708, 967, 961, 13, 6.87%, 0, 377, 3, 1.43
1747809431, 0, 710, 967, 961, 13, 6.87%, 0, 377, 3, 1.82
1747809465, 0, 711, 967, 961, 13, 6.87%, 0, 377, 3, 1.49
1747809503, 0, 712, 967, 961, 13, 6.87%, 0, 377, 3, 1.49
1747809535, 0, 713, 967, 961, 13, 6.87%, 0, 377, 3, 1.83
1747809568, 0, 715, 967, 961, 13, 6.87%, 0, 377, 3, 1.60
1747809606, 0, 716, 967, 961, 13, 6.87%, 0, 377, 3, 1.46
1747809643, 0, 717, 967, 961, 13, 6.87%, 0, 377, 3, 1.59
1747809680, 0, 718, 967, 961, 13, 6.87%, 0, 377, 3, 1.77
1747809718, 0, 719, 967, 961, 13, 6.87%, 0, 377, 3, 1.46
1747809756, 0, 721, 967, 961, 13, 6.87%, 0, 377, 3, 1.61
1747809788, 0, 723, 967, 961, 13, 6.87%, 0, 377, 3, 1.70
1747809820, 0, 723, 967, 961, 13, 6.87%, 0, 378, 3, 1.42
1747809826, 0, 724, 967, 961, 13, 6.87%, 0, 378, 3, 1.48
1747809863, 0, 725, 967, 961, 13, 6.87%, 0, 378, 3, 1.49
1747809900, 0, 726, 967, 961, 13, 6.87%, 0, 378, 3, 1.45
1747809933, 0, 727, 967, 961, 13, 6.87%, 0, 378, 3, 1.48
1747809971, 0, 728, 967, 961, 13, 6.87%, 0, 378, 3, 1.69
1747810008, 0, 730, 967, 961, 13, 6.87%, 0, 378, 3, 1.64
1747810040, 0, 731, 967, 961, 13, 6.87%, 0, 378, 3, 1.76
1747810073, 0, 732, 967, 961, 13, 6.87%, 0, 378, 3, 1.70
1747810111, 0, 733, 967, 961, 13, 6.87%, 0, 378, 3, 1.39
1747810143, 0, 734, 967, 961, 13, 6.87%, 0, 378, 3, 1.65
1747810186, 0, 735, 967, 961, 13, 6.87%, 0, 378, 3, 1.58
1747810218, 0, 736, 967, 961, 13, 6.87%, 0, 378, 3, 1.86
1747810255, 0, 737, 967, 961, 13, 6.87%, 0, 378, 3, 1.68
1747810287, 0, 739, 967, 961, 13, 6.87%, 0, 378, 3, 1.78
1747810326, 0, 740, 967, 961, 13, 6.87%, 0, 378, 3, 1.61
1747810363, 0, 741, 967, 961, 13, 6.87%, 0, 378, 3, 1.67
1747810396, 0, 742, 967, 961, 13, 6.87%, 0, 378, 3, 1.66
1747810434, 0, 743, 967, 961, 13, 6.87%, 0, 378, 3, 1.50
1747810466, 0, 744, 967, 961, 13, 6.87%, 0, 378, 3, 1.40
1747810503, 0, 745, 967, 961, 13, 6.87%, 0, 378, 3, 1.57
1747810541, 0, 748, 967, 961, 13, 6.87%, 0, 378, 3, 1.71
1747810573, 0, 748, 968, 962, 13, 6.87%, 0, 378, 3, 1.56
1747810613, 0, 749, 968, 962, 13, 6.87%, 0, 378, 3, 1.53
1747810651, 0, 750, 968, 962, 13, 6.87%, 0, 378, 3, 1.77
1747810684, 0, 751, 968, 962, 13, 6.87%, 0, 378, 3, 1.65
1747810716, 0, 755, 968, 962, 13, 6.87%, 0, 378, 3, 1.48
1747810755, 0, 756, 968, 962, 13, 6.87%, 0, 378, 3, 1.44
1747810794, 0, 757, 968, 962, 13, 6.87%, 0, 378, 3, 1.52
1747810832, 0, 759, 968, 962, 13, 6.87%, 0, 378, 3, 1.64
1747810865, 0, 760, 968, 962, 13, 6.87%, 0, 378, 3, 1.62
1747810897, 0, 762, 968, 962, 13, 6.87%, 0, 378, 3, 1.23
1747810935, 0, 763, 968, 962, 13, 6.87%, 0, 378, 3, 1.59
1747810961, 0, 764, 968, 962, 13, 6.87%, 0, 378, 3, 2.14
1747810988, 0, 766, 968, 962, 13, 6.87%, 0, 378, 3, 2.17
1747811009, 0, 766, 969, 963, 13, 6.87%, 0, 378, 3, 1.99
1747811042, 0, 769, 969, 963, 13, 6.87%, 0, 378, 3, 2.59
1747811063, 0, 770, 969, 963, 13, 6.87%, 0, 378, 3, 2.35
1747811089, 0, 771, 969, 963, 13, 6.87%, 0, 378, 3, 2.41
1747811110, 0, 772, 969, 963, 13, 6.87%, 0, 378, 3, 2.35
1747811136, 0, 773, 969, 963, 13, 6.87%, 0, 378, 3, 2.39
1747811157, 0, 775, 969, 963, 13, 6.87%, 0, 378, 3, 2.68
1747811184, 0, 777, 969, 963, 13, 6.87%, 0, 378, 3, 2.10
1747811206, 0, 778, 969, 963, 13, 6.87%, 0, 378, 3, 2.20
1747811232, 0, 779, 969, 963, 13, 6.87%, 0, 378, 3, 2.58
1747811254, 0, 780, 969, 963, 13, 6.87%, 0, 378, 3, 2.36
1747811275, 0, 781, 969, 963, 13, 6.87%, 0, 378, 3, 2.52
1747811296, 0, 782, 969, 963, 13, 6.87%, 0, 378, 3, 2.40
1747811322, 0, 784, 969, 963, 13, 6.87%, 0, 378, 3, 2.68
1747811343, 0, 785, 969, 963, 13, 6.87%, 0, 378, 3, 2.54
1747811365, 0, 786, 969, 963, 13, 6.87%, 0, 378, 3, 2.44
1747811386, 0, 791, 969, 963, 13, 6.87%, 0, 378, 3, 2.56
1747811406, 0, 792, 969, 963, 13, 6.87%, 0, 378, 3, 2.39
1747811433, 0, 794, 969, 963, 13, 6.87%, 0, 378, 3, 2.33
1747811454, 0, 795, 969, 963, 13, 6.87%, 0, 378, 3, 2.57
1747811474, 0, 796, 969, 963, 13, 6.87%, 0, 378, 3, 2.48
1747811501, 0, 797, 969, 963, 13, 6.87%, 0, 378, 3, 2.32
1747811522, 0, 798, 969, 963, 13, 6.87%, 0, 378, 3, 2.72
1747811543, 0, 799, 969, 963, 13, 6.87%, 0, 378, 3, 2.27
1747811569, 0, 801, 969, 963, 13, 6.87%, 0, 378, 3, 2.18
1747811590, 0, 802, 969, 963, 13, 6.87%, 0, 378, 3, 2.72
1747811612, 0, 803, 969, 963, 13, 6.87%, 0, 378, 3, 2.59
1747811638, 0, 804, 969, 963, 13, 6.87%, 0, 378, 3, 2.46
1747811659, 0, 805, 969, 963, 13, 6.87%, 0, 378, 3, 2.68
1747811681, 0, 807, 969, 963, 13, 6.87%, 0, 378, 3, 2.46
1747811702, 0, 809, 969, 963, 13, 6.87%, 0, 378, 3, 2.41
1747811728, 0, 810, 969, 963, 13, 6.87%, 0, 378, 3, 2.45
1747811749, 0, 811, 969, 963, 13, 6.87%, 0, 378, 3, 2.54
1747811775, 0, 812, 969, 963, 13, 6.87%, 0, 378, 3, 2.13
1747811796, 0, 813, 969, 963, 13, 6.87%, 0, 378, 3, 2.83
1747811823, 0, 814, 969, 963, 13, 6.87%, 0, 378, 3, 2.35
1747811844, 0, 815, 969, 963, 13, 6.87%, 0, 378, 3, 2.51
1747811870, 0, 817, 969, 963, 13, 6.87%, 0, 378, 3, 2.47
1747811891, 0, 818, 969, 963, 13, 6.87%, 0, 378, 3, 2.46
1747811913, 0, 819, 969, 963, 13, 6.87%, 0, 378, 3, 2.62
1747811934, 0, 820, 969, 963, 13, 6.87%, 0, 378, 3, 2.86
1747811961, 0, 821, 969, 963, 13, 6.87%, 0, 378, 3, 2.50
1747811987, 0, 824, 969, 963, 13, 6.87%, 0, 378, 3, 2.36
1747812014, 0, 827, 969, 963, 13, 6.87%, 0, 378, 3, 2.45
1747812035, 0, 828, 969, 963, 13, 6.87%, 0, 378, 3, 2.19
1747812062, 0, 829, 969, 963, 13, 6.87%, 0, 378, 3, 2.54
1747812082, 0, 830, 969, 963, 13, 6.87%, 0, 378, 3, 2.67
1747812103, 0, 831, 969, 963, 13, 6.87%, 0, 378, 3, 2.77
1747812125, 0, 832, 969, 963, 13, 6.87%, 0, 378, 3, 2.70
1747812147, 0, 833, 969, 963, 13, 6.87%, 0, 378, 3, 2.46
1747812168, 0, 834, 969, 963, 13, 6.87%, 0, 378, 3, 2.71
1747812188, 0, 834, 970, 964, 13, 6.87%, 0, 378, 3, 2.19
1747812204, 0, 834, 971, 965, 13, 6.87%, 0, 378, 3, 2.36
1747812271, 0, 835, 971, 965, 13, 6.87%, 0, 378, 3, 2.74
1747812291, 0, 836, 971, 965, 13, 6.87%, 0, 378, 3, 2.52
1747812312, 0, 836, 972, 966, 13, 6.87%, 0, 378, 3, 2.45
1747812338, 0, 837, 972, 966, 13, 6.87%, 0, 378, 3, 2.33
1747812371, 0, 840, 972, 966, 13, 6.87%, 0, 378, 3, 1.58
1747812404, 0, 841, 972, 966, 13, 6.87%, 0, 378, 3, 1.66
1747812436, 0, 845, 972, 966, 13, 6.87%, 0, 378, 3, 1.85
1747812473, 0, 847, 972, 966, 13, 6.87%, 0, 378, 3, 1.68
1747812504, 0, 848, 972, 966, 13, 6.87%, 0, 378, 3, 1.68
1747812541, 0, 849, 972, 966, 13, 6.87%, 0, 378, 3, 1.61
1747812574, 0, 850, 972, 966, 13, 6.87%, 0, 378, 3, 1.61
1747812612, 0, 851, 972, 966, 13, 6.87%, 0, 378, 3, 1.56
1747812644, 0, 852, 972, 966, 13, 6.87%, 0, 378, 3, 1.77
1747812682, 0, 853, 972, 966, 13, 6.87%, 0, 378, 3, 1.62
1747812709, 0, 854, 972, 966, 13, 6.87%, 0, 378, 3, 2.14
1747812746, 0, 855, 972, 966, 13, 6.87%, 0, 378, 3, 1.84
1747812784, 0, 856, 972, 966, 13, 6.87%, 0, 378, 3, 1.55
1747812816, 0, 857, 972, 966, 13, 6.87%, 0, 378, 3, 1.53
1747812849, 0, 858, 972, 966, 13, 6.87%, 0, 378, 3, 1.80
1747812881, 0, 859, 972, 966, 13, 6.87%, 0, 378, 3, 1.99
1747812921, 0, 860, 972, 966, 13, 6.87%, 0, 378, 3, 1.51
1747812953, 0, 862, 972, 966, 13, 6.87%, 0, 378, 3, 1.65
1747812991, 0, 863, 972, 966, 13, 6.87%, 0, 378, 3, 1.55
1747812997, 0, 863, 972, 966, 13, 6.87%, 0, 379, 3, 1.43
1747813029, 0, 864, 972, 966, 13, 6.87%, 0, 379, 3, 1.42
1747813068, 0, 866, 972, 966, 13, 6.87%, 0, 379, 3, 1.54
1747813106, 0, 867, 972, 966, 13, 6.87%, 0, 379, 3, 1.62
1747813138, 0, 870, 972, 966, 13, 6.87%, 0, 379, 3, 1.52
1747813169, 0, 871, 972, 966, 13, 6.87%, 0, 379, 3, 1.66
1747813201, 0, 872, 972, 966, 13, 6.87%, 0, 379, 3, 1.72
1747813239, 0, 873, 972, 966, 13, 6.87%, 0, 379, 3, 1.70
1747813275, 0, 874, 972, 966, 13, 6.87%, 0, 379, 3, 1.60
1747813308, 0, 875, 972, 966, 13, 6.87%, 0, 379, 3, 1.55
1747813345, 0, 876, 972, 966, 13, 6.87%, 0, 379, 3, 1.63
1747813377, 0, 877, 972, 966, 13, 6.87%, 0, 379, 3, 1.79
1747813414, 0, 879, 972, 966, 13, 6.87%, 0, 379, 3, 1.62
1747813442, 0, 879, 973, 967, 13, 6.87%, 0, 379, 3, 1.58
1747813490, 0, 881, 973, 967, 13, 6.87%, 0, 379, 3, 1.59
1747813522, 0, 882, 973, 967, 13, 6.87%, 0, 379, 3, 1.88
1747813555, 0, 884, 973, 967, 13, 6.87%, 0, 379, 3, 1.56
1747813581, 0, 884, 974, 968, 13, 6.87%, 0, 379, 3, 1.64
1747813630, 0, 886, 974, 968, 13, 6.87%, 0, 379, 3, 1.51
1747813662, 0, 887, 974, 968, 13, 6.87%, 0, 379, 3, 1.51
1747813700, 0, 888, 974, 968, 13, 6.87%, 0, 379, 3, 1.68
1747813733, 0, 889, 974, 968, 13, 6.87%, 0, 379, 3, 1.70
1747813773, 0, 891, 974, 968, 13, 6.87%, 0, 379, 3, 1.47
1747813806, 0, 892, 974, 968, 13, 6.87%, 0, 379, 3, 1.55
1747813838, 0, 893, 974, 968, 13, 6.87%, 0, 379, 3, 1.88
1747813872, 0, 894, 974, 968, 13, 6.87%, 0, 379, 3, 1.65
1747813910, 0, 895, 974, 968, 13, 6.87%, 0, 379, 3, 1.59
1747813943, 0, 896, 974, 968, 13, 6.87%, 0, 379, 3, 1.65
1747813975, 0, 897, 974, 968, 13, 6.87%, 0, 379, 3, 1.82
1747814009, 0, 899, 974, 968, 13, 6.87%, 0, 379, 3, 1.79
1747814041, 0, 900, 974, 968, 13, 6.87%, 0, 379, 3, 1.83
