# unix_time, cycles_done, cur_path, paths_total, pending_total, pending_favs, map_size, unique_crashes, unique_hangs, max_depth, execs_per_sec
1747817458, 0, 0, 1, 1, 1, 3.78%, 0, 0, 1, 55.17
1747817463, 0, 0, 20, 20, 1, 5.02%, 0, 0, 2, 53.98
1747817468, 0, 0, 38, 38, 1, 5.24%, 0, 0, 2, 51.08
1747817473, 0, 0, 51, 51, 1, 5.32%, 0, 0, 2, 49.58
1747817478, 0, 0, 60, 60, 1, 5.34%, 0, 0, 2, 48.90
1747817483, 0, 0, 65, 65, 1, 5.34%, 0, 0, 2, 51.13
1747817488, 0, 0, 72, 72, 1, 5.34%, 0, 0, 2, 74.88
1747817493, 0, 0, 79, 79, 1, 5.34%, 0, 0, 2, 86.02
1747817498, 0, 0, 85, 85, 1, 5.40%, 0, 0, 2, 85.75
1747817503, 0, 0, 91, 91, 1, 5.40%, 0, 0, 2, 87.87
1747817508, 0, 0, 99, 99, 1, 5.40%, 0, 0, 2, 88.10
1747817514, 0, 0, 103, 103, 1, 5.40%, 0, 0, 2, 89.36
1747817519, 0, 0, 107, 107, 1, 5.40%, 0, 0, 2, 66.22
1747817524, 0, 0, 109, 109, 1, 5.40%, 0, 0, 2, 55.72
1747817529, 0, 0, 113, 113, 1, 5.40%, 0, 0, 2, 52.22
1747817534, 0, 0, 115, 115, 1, 5.57%, 0, 0, 2, 52.24
1747817539, 0, 0, 117, 117, 1, 5.57%, 0, 0, 2, 52.71
1747817544, 0, 0, 120, 120, 1, 5.57%, 0, 0, 2, 53.49
1747817549, 0, 0, 121, 121, 1, 5.57%, 0, 0, 2, 53.95
1747817554, 0, 0, 122, 122, 1, 5.57%, 0, 0, 2, 53.80
1747817564, 0, 0, 126, 126, 1, 5.57%, 0, 0, 2, 51.68
1747817585, 0, 0, 128, 128, 1, 5.57%, 0, 0, 2, 53.45
1747817595, 0, 0, 129, 129, 1, 5.57%, 0, 0, 2, 54.36
1747817605, 0, 0, 130, 130, 1, 5.57%, 0, 0, 2, 53.34
1747817610, 0, 0, 131, 131, 1, 5.57%, 0, 0, 2, 53.69
1747817615, 0, 0, 132, 132, 1, 5.57%, 0, 0, 2, 54.27
1747817620, 0, 0, 133, 133, 1, 5.57%, 0, 0, 2, 54.16
1747817625, 0, 0, 134, 134, 1, 5.57%, 0, 0, 2, 53.38
1747817651, 0, 0, 135, 135, 1, 5.57%, 0, 0, 2, 54.41
1747817656, 0, 0, 136, 136, 1, 5.57%, 0, 0, 2, 54.16
1747817661, 0, 0, 137, 137, 1, 5.57%, 0, 0, 2, 54.09
1747817666, 0, 0, 138, 138, 1, 5.57%, 0, 0, 2, 54.39
1747817671, 0, 0, 139, 139, 1, 5.57%, 0, 0, 2, 54.31
1747817697, 0, 0, 140, 140, 1, 5.57%, 0, 0, 2, 54.88
1747817702, 0, 0, 141, 141, 1, 5.57%, 0, 0, 2, 54.18
1747817707, 0, 0, 143, 143, 1, 5.57%, 0, 0, 2, 52.39
1747817712, 0, 0, 144, 144, 1, 5.57%, 0, 0, 2, 52.51
1747817717, 0, 0, 145, 145, 1, 5.57%, 0, 0, 2, 54.00
1747817722, 0, 0, 147, 147, 1, 5.57%, 0, 0, 2, 53.43
1747817747, 0, 0, 148, 148, 1, 5.57%, 0, 0, 2, 53.76
1747817752, 0, 0, 149, 149, 1, 5.60%, 0, 0, 2, 54.39
1747817768, 0, 1, 151, 150, 4, 5.61%, 0, 0, 2, 51.46
1747817773, 0, 1, 168, 167, 4, 5.62%, 0, 0, 2, 35.31
1747817778, 0, 1, 182, 181, 4, 5.65%, 0, 0, 2, 30.80
1747817783, 0, 1, 195, 194, 4, 5.65%, 0, 0, 2, 29.37
1747817788, 0, 1, 207, 206, 4, 5.65%, 0, 0, 2, 29.49
1747817793, 0, 1, 219, 218, 4, 5.65%, 0, 0, 2, 29.12
1747817798, 0, 1, 229, 228, 4, 5.65%, 0, 0, 2, 28.86
1747817803, 0, 1, 239, 238, 4, 5.66%, 0, 0, 2, 29.31
1747817808, 0, 1, 248, 247, 4, 5.66%, 0, 0, 2, 28.43
1747817813, 0, 1, 256, 255, 4, 5.66%, 0, 0, 2, 28.85
1747817818, 0, 1, 258, 257, 4, 5.67%, 0, 0, 2, 30.27
1747817823, 0, 1, 265, 264, 4, 5.67%, 0, 0, 2, 29.11
1747817829, 0, 1, 268, 267, 4, 5.67%, 0, 0, 2, 29.42
1747817834, 0, 1, 272, 271, 4, 5.67%, 0, 0, 2, 29.73
1747817839, 0, 1, 276, 275, 4, 5.67%, 0, 0, 2, 30.02
1747817844, 0, 1, 280, 279, 4, 5.67%, 0, 0, 2, 30.18
1747817849, 0, 1, 285, 284, 4, 5.67%, 0, 0, 2, 29.08
1747817854, 0, 1, 287, 286, 4, 5.67%, 0, 0, 2, 30.25
1747817859, 0, 1, 289, 288, 4, 5.67%, 0, 0, 2, 29.66
1747817864, 0, 1, 295, 294, 4, 5.67%, 0, 0, 2, 29.26
1747817869, 0, 1, 299, 298, 4, 5.67%, 0, 0, 2, 30.07
1747817874, 0, 1, 301, 300, 4, 5.67%, 0, 0, 2, 29.95
1747817879, 0, 1, 303, 302, 4, 5.67%, 0, 0, 2, 30.45
1747817884, 0, 1, 306, 305, 4, 5.67%, 0, 0, 2, 29.86
1747817889, 0, 1, 307, 306, 4, 5.67%, 0, 0, 2, 30.66
1747817895, 0, 1, 309, 308, 4, 5.67%, 0, 0, 2, 30.54
1747817900, 0, 1, 311, 310, 4, 5.67%, 0, 0, 2, 29.69
1747817905, 0, 1, 313, 312, 4, 5.67%, 0, 0, 2, 30.28
1747817910, 0, 1, 314, 313, 4, 5.67%, 0, 0, 2, 30.07
1747817915, 0, 1, 315, 314, 4, 5.67%, 0, 0, 2, 30.66
1747817920, 0, 1, 318, 317, 4, 5.67%, 0, 0, 2, 29.74
1747817925, 0, 1, 320, 319, 4, 5.67%, 0, 0, 2, 29.98
1747817935, 0, 1, 321, 320, 4, 5.67%, 0, 0, 2, 30.78
1747817940, 0, 1, 323, 322, 4, 5.67%, 0, 0, 2, 29.48
1747817945, 0, 1, 326, 325, 4, 5.67%, 0, 0, 2, 29.66
1747817950, 0, 1, 327, 326, 4, 5.67%, 0, 0, 2, 30.17
1747817956, 0, 3, 328, 327, 12, 5.70%, 0, 0, 2, 34.45
1747817961, 0, 3, 338, 337, 12, 5.83%, 0, 0, 2, 24.59
1747817966, 0, 3, 347, 346, 12, 5.83%, 0, 0, 2, 22.41
1747817971, 0, 3, 356, 355, 12, 6.14%, 0, 0, 2, 22.09
1747817976, 0, 3, 365, 364, 12, 6.14%, 0, 0, 2, 22.08
1747817981, 0, 3, 372, 371, 12, 6.14%, 0, 0, 2, 21.81
1747817986, 0, 3, 379, 378, 12, 6.14%, 0, 0, 2, 21.67
1747817991, 0, 3, 385, 384, 12, 6.14%, 0, 0, 2, 21.67
1747817997, 0, 3, 391, 390, 12, 6.52%, 0, 0, 2, 21.58
1747818002, 0, 3, 398, 397, 12, 6.52%, 0, 0, 2, 20.81
1747818007, 0, 3, 405, 404, 12, 6.52%, 0, 0, 2, 20.93
1747818012, 0, 3, 411, 410, 12, 6.54%, 0, 0, 2, 21.26
1747818017, 0, 3, 416, 415, 12, 6.54%, 0, 0, 2, 21.98
1747818022, 0, 3, 419, 418, 12, 6.54%, 0, 0, 2, 22.08
1747818027, 0, 3, 422, 421, 12, 6.54%, 0, 0, 2, 22.13
1747818032, 0, 3, 425, 424, 12, 6.54%, 0, 0, 2, 22.00
1747818037, 0, 3, 431, 430, 12, 6.55%, 0, 0, 2, 22.12
1747818042, 0, 3, 436, 435, 12, 6.57%, 0, 0, 2, 20.90
1747818047, 0, 3, 439, 438, 12, 6.57%, 0, 0, 2, 21.99
1747818052, 0, 3, 440, 439, 12, 6.57%, 0, 0, 2, 22.31
1747818058, 0, 3, 445, 444, 12, 6.57%, 0, 0, 2, 21.97
1747818063, 0, 3, 447, 446, 12, 6.58%, 0, 0, 2, 22.02
1747818068, 0, 3, 451, 450, 12, 6.58%, 0, 0, 2, 22.03
1747818073, 0, 3, 453, 452, 12, 6.58%, 0, 0, 2, 21.97
1747818083, 0, 3, 456, 455, 12, 6.58%, 0, 0, 2, 22.16
1747818088, 0, 3, 457, 456, 12, 6.66%, 0, 0, 2, 22.57
1747818093, 0, 3, 461, 460, 12, 6.66%, 0, 0, 2, 21.51
1747818098, 0, 3, 464, 463, 12, 6.66%, 0, 0, 2, 21.52
1747818103, 0, 3, 465, 464, 12, 6.66%, 0, 0, 2, 22.41
1747818109, 0, 3, 466, 465, 12, 6.66%, 0, 0, 2, 22.71
1747818114, 0, 3, 468, 467, 12, 6.67%, 0, 0, 2, 22.49
1747818119, 0, 3, 469, 468, 12, 6.67%, 0, 0, 2, 22.29
1747818124, 0, 3, 472, 471, 12, 6.67%, 0, 0, 2, 21.77
1747818129, 0, 3, 474, 473, 12, 6.67%, 0, 0, 2, 22.46
1747818134, 0, 3, 475, 474, 12, 6.67%, 0, 0, 2, 22.57
1747818139, 0, 3, 478, 477, 12, 6.67%, 0, 0, 2, 22.30
1747818144, 0, 3, 480, 479, 12, 6.67%, 0, 0, 2, 21.70
1747818149, 0, 3, 481, 480, 12, 6.67%, 0, 0, 2, 22.29
1747818154, 0, 3, 483, 482, 12, 6.67%, 0, 0, 2, 22.00
1747818159, 0, 3, 485, 484, 12, 6.67%, 0, 0, 2, 22.08
1747818165, 0, 3, 487, 486, 12, 6.67%, 0, 0, 2, 21.96
1747818170, 0, 3, 490, 489, 12, 6.74%, 0, 0, 2, 21.73
1747818180, 0, 3, 492, 491, 12, 6.74%, 0, 0, 2, 22.42
1747818185, 0, 3, 494, 493, 12, 6.74%, 0, 0, 2, 22.51
1747818190, 0, 3, 496, 495, 12, 6.74%, 0, 0, 2, 22.08
1747818200, 0, 3, 497, 496, 12, 6.74%, 0, 0, 2, 22.82
1747818205, 0, 4, 499, 498, 14, 6.74%, 0, 0, 2, 21.25
1747818210, 0, 4, 508, 507, 14, 6.91%, 0, 0, 2, 19.26
1747818215, 0, 4, 516, 515, 14, 6.91%, 0, 0, 2, 19.00
1747818220, 0, 4, 523, 522, 14, 6.92%, 0, 0, 2, 18.80
1747818225, 0, 4, 528, 527, 14, 6.93%, 0, 0, 2, 18.94
1747818231, 0, 4, 536, 535, 14, 6.93%, 0, 0, 2, 18.84
1747818236, 0, 4, 541, 540, 14, 6.93%, 0, 0, 2, 18.38
1747818241, 0, 4, 545, 544, 14, 6.93%, 0, 0, 2, 19.07
1747818246, 0, 4, 549, 548, 14, 6.93%, 0, 0, 2, 18.53
1747818251, 0, 4, 552, 551, 14, 6.93%, 0, 0, 2, 19.03
1747818256, 0, 4, 555, 554, 14, 6.93%, 0, 0, 2, 18.68
1747818261, 0, 4, 558, 557, 14, 6.93%, 0, 0, 2, 18.97
1747818266, 0, 4, 561, 560, 14, 6.93%, 0, 0, 2, 18.89
1747818271, 0, 4, 565, 564, 14, 6.93%, 0, 0, 2, 18.98
1747818276, 0, 4, 567, 566, 14, 6.93%, 0, 0, 2, 19.18
1747818281, 0, 4, 570, 569, 14, 6.94%, 0, 0, 2, 18.76
1747818287, 0, 4, 571, 570, 14, 6.94%, 0, 0, 2, 18.93
1747818292, 0, 4, 572, 571, 14, 6.94%, 0, 0, 2, 19.26
1747818297, 0, 4, 575, 574, 14, 6.94%, 0, 0, 2, 19.29
1747818302, 0, 4, 578, 577, 14, 6.94%, 0, 0, 2, 18.69
1747818307, 0, 4, 581, 580, 14, 6.94%, 0, 0, 2, 19.31
1747818312, 0, 4, 582, 581, 14, 6.94%, 0, 0, 2, 19.25
1747818323, 0, 4, 584, 583, 14, 6.94%, 0, 0, 2, 19.37
1747818328, 0, 4, 585, 584, 14, 6.95%, 0, 0, 2, 19.30
1747818333, 0, 4, 586, 585, 14, 6.95%, 0, 0, 2, 19.17
1747818338, 0, 4, 589, 588, 14, 6.96%, 0, 0, 2, 18.96
1747818343, 0, 4, 592, 591, 14, 6.96%, 0, 0, 2, 18.75
1747818348, 0, 4, 595, 594, 14, 6.96%, 0, 0, 2, 18.64
1747818353, 0, 4, 599, 598, 14, 6.96%, 0, 0, 2, 18.63
1747818358, 0, 4, 602, 601, 14, 6.96%, 0, 0, 2, 18.74
1747818363, 0, 4, 604, 603, 14, 6.96%, 0, 0, 2, 19.31
1747818374, 0, 4, 605, 604, 14, 6.96%, 0, 0, 2, 19.70
1747818379, 0, 4, 607, 606, 14, 6.99%, 0, 0, 2, 19.55
1747818384, 0, 4, 608, 607, 14, 6.99%, 0, 0, 2, 19.63
1747818389, 0, 4, 609, 608, 14, 6.99%, 0, 0, 2, 18.39
1747818394, 0, 4, 611, 610, 14, 6.99%, 0, 0, 2, 18.65
1747818404, 0, 4, 613, 612, 14, 7.00%, 0, 0, 2, 17.28
1747818409, 0, 4, 614, 613, 14, 7.00%, 0, 0, 2, 18.88
1747818415, 0, 4, 617, 616, 14, 7.00%, 0, 0, 2, 18.24
1747818420, 0, 4, 619, 618, 14, 7.00%, 0, 0, 2, 19.13
1747818425, 0, 4, 620, 619, 14, 7.00%, 0, 0, 2, 19.40
1747818430, 0, 4, 622, 621, 14, 7.00%, 0, 0, 2, 18.76
1747818435, 0, 4, 623, 622, 14, 7.00%, 0, 0, 2, 19.18
1747818440, 0, 4, 625, 624, 14, 7.00%, 0, 0, 2, 19.33
1747818450, 0, 4, 626, 625, 14, 7.01%, 0, 0, 2, 19.14
1747818460, 0, 4, 627, 626, 14, 7.01%, 0, 0, 2, 19.62
1747818466, 0, 4, 630, 629, 14, 7.01%, 0, 0, 2, 19.10
1747818476, 0, 4, 632, 631, 14, 7.01%, 0, 0, 2, 19.22
1747818481, 0, 5, 640, 639, 17, 7.08%, 0, 0, 2, 15.58
1747818486, 0, 5, 648, 647, 17, 7.08%, 0, 0, 2, 14.59
1747818491, 0, 5, 655, 654, 17, 7.08%, 0, 0, 2, 14.63
1747818496, 0, 5, 662, 661, 17, 7.09%, 0, 0, 2, 14.17
1747818501, 0, 5, 670, 669, 17, 7.09%, 0, 0, 2, 14.50
1747818506, 0, 5, 677, 676, 17, 7.09%, 0, 0, 2, 14.37
1747818512, 0, 5, 683, 682, 17, 7.09%, 0, 0, 2, 14.72
1747818517, 0, 5, 688, 687, 17, 7.09%, 0, 0, 2, 14.86
1747818522, 0, 5, 693, 692, 17, 7.09%, 0, 0, 2, 14.71
1747818527, 0, 5, 700, 699, 17, 7.10%, 0, 0, 2, 14.84
1747818532, 0, 5, 705, 704, 17, 7.10%, 0, 0, 2, 14.63
1747818537, 0, 5, 710, 709, 17, 7.10%, 0, 0, 2, 14.46
1747818542, 0, 5, 716, 715, 17, 7.10%, 0, 0, 2, 14.60
1747818547, 0, 5, 722, 721, 17, 7.10%, 0, 0, 2, 14.47
1747818552, 0, 5, 726, 725, 17, 7.10%, 0, 0, 2, 14.77
1747818557, 0, 5, 728, 727, 17, 7.10%, 0, 0, 2, 14.75
1747818562, 0, 5, 733, 732, 17, 7.10%, 0, 0, 2, 14.30
1747818567, 0, 5, 737, 736, 17, 7.10%, 0, 0, 2, 14.67
1747818573, 0, 5, 740, 739, 17, 7.10%, 0, 0, 2, 14.66
1747818578, 0, 5, 743, 742, 17, 7.10%, 0, 0, 2, 14.81
1747818583, 0, 5, 746, 745, 17, 7.10%, 0, 0, 2, 15.21
1747818588, 0, 5, 750, 749, 17, 7.11%, 0, 0, 2, 14.62
1747818593, 0, 5, 755, 754, 17, 7.11%, 0, 0, 2, 14.69
1747818598, 0, 5, 758, 757, 17, 7.12%, 0, 0, 2, 14.83
1747818603, 0, 5, 762, 761, 17, 7.12%, 0, 0, 2, 14.33
1747818608, 0, 5, 765, 764, 17, 7.12%, 0, 0, 2, 14.41
1747818613, 0, 5, 769, 768, 17, 7.12%, 0, 0, 2, 14.82
1747818618, 0, 5, 772, 771, 17, 7.12%, 0, 0, 2, 14.87
1747818623, 0, 5, 774, 773, 17, 7.12%, 0, 0, 2, 14.91
1747818629, 0, 5, 777, 776, 17, 7.12%, 0, 0, 2, 14.71
1747818634, 0, 5, 779, 778, 17, 7.12%, 0, 0, 2, 14.58
1747818639, 0, 5, 783, 782, 17, 7.12%, 0, 0, 2, 14.56
1747818644, 0, 5, 784, 783, 17, 7.12%, 0, 0, 2, 14.82
1747818649, 0, 5, 785, 784, 17, 7.12%, 0, 0, 2, 14.99
1747818654, 0, 5, 786, 785, 17, 7.12%, 0, 0, 2, 15.04
1747818659, 0, 5, 789, 788, 17, 7.12%, 0, 0, 2, 14.71
1747818669, 0, 5, 790, 789, 17, 7.12%, 0, 0, 2, 14.95
1747818674, 0, 5, 791, 790, 17, 7.12%, 0, 0, 2, 14.82
1747818679, 0, 5, 793, 792, 17, 7.12%, 0, 0, 2, 15.09
1747818684, 0, 5, 795, 794, 17, 7.12%, 0, 0, 2, 15.08
1747818689, 0, 5, 797, 796, 17, 7.12%, 0, 0, 2, 14.97
1747818695, 0, 5, 799, 798, 17, 7.12%, 0, 0, 2, 14.52
1747818705, 0, 5, 800, 799, 17, 7.12%, 0, 0, 2, 14.92
1747818710, 0, 5, 801, 800, 17, 7.12%, 0, 0, 2, 14.92
1747818715, 0, 5, 804, 803, 17, 7.12%, 0, 0, 2, 14.74
1747818720, 0, 5, 806, 805, 17, 7.12%, 0, 0, 2, 14.84
1747818725, 0, 5, 807, 806, 17, 7.12%, 0, 0, 2, 14.94
1747818730, 0, 5, 808, 807, 17, 7.12%, 0, 0, 2, 14.88
1747818735, 0, 5, 809, 808, 17, 7.12%, 0, 0, 2, 14.73
1747818745, 0, 5, 811, 810, 17, 7.12%, 0, 0, 2, 14.86
1747818751, 0, 5, 812, 811, 17, 7.12%, 0, 0, 2, 14.84
1747818766, 0, 5, 814, 813, 17, 7.12%, 0, 0, 2, 14.79
1747818771, 0, 5, 815, 814, 17, 7.12%, 0, 0, 2, 15.19
1747818792, 0, 5, 816, 815, 17, 7.12%, 0, 0, 2, 15.05
1747818802, 0, 5, 817, 816, 17, 7.12%, 0, 0, 2, 15.11
1747818807, 0, 5, 819, 818, 17, 7.12%, 0, 0, 2, 14.57
1747818817, 0, 5, 822, 821, 17, 7.12%, 0, 0, 2, 14.52
1747818823, 0, 5, 823, 822, 17, 7.12%, 0, 0, 2, 14.94
1747818828, 0, 5, 824, 823, 17, 7.12%, 0, 0, 2, 14.87
1747818833, 0, 5, 825, 824, 17, 7.12%, 0, 0, 2, 14.72
1747818843, 0, 5, 827, 826, 17, 7.12%, 0, 0, 2, 14.88
1747818853, 0, 5, 828, 827, 17, 7.12%, 0, 0, 2, 15.15
1747818858, 0, 6, 829, 828, 18, 7.12%, 0, 0, 2, 19.70
1747818863, 0, 8, 829, 828, 18, 7.12%, 0, 0, 2, 33.91
1747818869, 0, 9, 833, 832, 18, 7.12%, 0, 0, 2, 20.42
1747818874, 0, 9, 838, 837, 18, 7.12%, 0, 0, 2, 14.28
1747818879, 0, 9, 842, 841, 18, 7.12%, 0, 0, 2, 12.69
1747818884, 0, 9, 846, 845, 18, 7.12%, 0, 0, 2, 12.54
1747818889, 0, 9, 849, 848, 18, 7.12%, 0, 0, 2, 12.66
1747818894, 0, 9, 850, 849, 18, 7.12%, 0, 0, 2, 12.78
1747818899, 0, 9, 853, 852, 18, 7.12%, 0, 0, 2, 12.43
1747818904, 0, 9, 855, 854, 18, 7.12%, 0, 0, 2, 12.84
1747818909, 0, 9, 856, 855, 18, 7.12%, 0, 0, 2, 12.72
1747818915, 0, 9, 860, 859, 18, 7.12%, 0, 0, 2, 12.52
1747818920, 0, 9, 861, 860, 18, 7.12%, 0, 0, 2, 12.70
1747818925, 0, 9, 866, 865, 18, 7.12%, 0, 0, 2, 12.60
1747818930, 0, 9, 869, 868, 18, 7.12%, 0, 0, 2, 12.36
1747818935, 0, 9, 871, 870, 18, 7.12%, 0, 0, 2, 12.46
1747818940, 0, 9, 872, 871, 18, 7.12%, 0, 0, 2, 12.97
1747818945, 0, 9, 873, 872, 18, 7.12%, 0, 0, 2, 12.61
1747818950, 0, 9, 875, 874, 18, 7.12%, 0, 0, 2, 12.54
1747818955, 0, 9, 877, 876, 18, 7.12%, 0, 0, 2, 12.73
1747818961, 0, 9, 878, 877, 18, 7.12%, 0, 0, 2, 12.66
1747818971, 0, 9, 879, 878, 18, 7.12%, 0, 0, 2, 12.66
1747818976, 0, 9, 880, 879, 18, 7.12%, 0, 0, 2, 12.63
1747818981, 0, 9, 882, 881, 18, 7.12%, 0, 0, 2, 12.64
1747818986, 0, 9, 884, 883, 18, 7.12%, 0, 0, 2, 12.88
1747818997, 0, 9, 885, 884, 18, 7.12%, 0, 0, 2, 12.90
1747819012, 0, 9, 888, 887, 18, 7.12%, 0, 0, 2, 12.57
1747819017, 0, 9, 889, 888, 18, 7.12%, 0, 0, 2, 12.80
1747819022, 0, 9, 892, 891, 18, 7.12%, 0, 0, 2, 12.45
1747819032, 0, 9, 893, 892, 18, 7.12%, 0, 0, 2, 12.76
1747819037, 0, 9, 894, 893, 18, 7.12%, 0, 0, 2, 12.78
1747819042, 0, 9, 895, 894, 18, 7.13%, 0, 0, 2, 12.83
1747819047, 0, 9, 896, 895, 18, 7.13%, 0, 0, 2, 12.74
1747819052, 0, 9, 897, 896, 18, 7.27%, 0, 0, 2, 13.25
1747819058, 0, 9, 898, 897, 18, 7.28%, 0, 0, 2, 13.23
1747819063, 0, 9, 899, 898, 18, 7.28%, 0, 0, 2, 12.82
1747819068, 0, 9, 900, 899, 18, 7.28%, 0, 0, 2, 12.89
1747819078, 0, 9, 901, 900, 18, 7.28%, 0, 0, 2, 12.67
1747819093, 0, 9, 902, 901, 18, 7.28%, 0, 0, 2, 12.70
1747819099, 0, 9, 903, 902, 18, 7.28%, 0, 0, 2, 13.00
1747819104, 0, 9, 904, 903, 18, 7.28%, 0, 0, 2, 12.91
1747819109, 0, 9, 905, 904, 18, 7.28%, 0, 0, 2, 12.92
1747819124, 0, 9, 906, 905, 18, 7.28%, 0, 0, 2, 12.54
1747819170, 0, 9, 908, 907, 18, 7.28%, 0, 0, 2, 20.58
1747819175, 0, 9, 909, 908, 18, 7.28%, 0, 0, 2, 21.63
1747819190, 0, 9, 910, 909, 18, 7.28%, 0, 0, 2, 21.78
1747819195, 0, 9, 911, 910, 18, 7.28%, 0, 0, 2, 22.33
1747819200, 0, 9, 912, 911, 18, 7.28%, 0, 0, 2, 16.05
1747819211, 0, 9, 913, 912, 18, 7.28%, 0, 0, 2, 13.05
1747819216, 0, 10, 914, 913, 19, 7.28%, 0, 0, 2, 17.52
1747819221, 0, 11, 914, 913, 19, 7.28%, 0, 0, 2, 21.10
1747819226, 0, 11, 915, 914, 19, 7.28%, 0, 0, 2, 14.66
1747819231, 0, 11, 917, 916, 19, 7.28%, 0, 0, 2, 12.81
1747819237, 0, 11, 918, 917, 19, 7.28%, 0, 0, 2, 12.77
1747819242, 0, 11, 922, 921, 19, 7.37%, 0, 0, 2, 11.84
1747819247, 0, 11, 925, 924, 19, 7.37%, 0, 0, 2, 11.62
1747819252, 0, 11, 927, 926, 19, 7.37%, 0, 0, 2, 11.84
1747819257, 0, 11, 929, 928, 19, 7.37%, 0, 0, 2, 11.99
1747819262, 0, 11, 930, 929, 19, 7.37%, 0, 0, 2, 12.20
1747819272, 0, 11, 932, 931, 19, 7.37%, 0, 0, 2, 11.86
1747819278, 0, 11, 934, 933, 19, 7.37%, 0, 0, 2, 11.92
1747819283, 0, 11, 935, 934, 19, 7.37%, 0, 0, 2, 12.09
1747819293, 0, 11, 937, 936, 19, 7.37%, 0, 0, 2, 12.26
1747819303, 0, 11, 938, 937, 19, 7.37%, 0, 0, 2, 12.03
1747819308, 0, 11, 940, 939, 19, 7.37%, 0, 0, 2, 11.71
1747819313, 0, 11, 942, 941, 19, 7.37%, 0, 0, 2, 11.60
1747819318, 0, 11, 943, 942, 19, 7.37%, 0, 0, 2, 11.53
1747819324, 0, 11, 945, 944, 19, 7.37%, 0, 0, 2, 11.69
1747819334, 0, 11, 946, 945, 19, 7.37%, 0, 0, 2, 11.89
1747819339, 0, 11, 947, 946, 19, 7.37%, 0, 0, 2, 12.01
1747819344, 0, 11, 949, 948, 19, 7.37%, 0, 0, 2, 11.85
1747819349, 0, 11, 950, 949, 19, 7.37%, 0, 0, 2, 11.77
1747819359, 0, 11, 951, 950, 19, 7.37%, 0, 0, 2, 11.79
1747819370, 0, 11, 953, 952, 19, 7.38%, 0, 0, 2, 12.00
1747819390, 0, 11, 954, 953, 19, 7.38%, 0, 0, 2, 12.31
1747819400, 0, 11, 955, 954, 19, 7.38%, 0, 0, 2, 11.84
1747819406, 0, 11, 956, 955, 19, 7.38%, 0, 0, 2, 11.71
1747819411, 0, 11, 957, 956, 19, 7.38%, 0, 0, 2, 11.94
1747819426, 0, 11, 958, 957, 19, 7.38%, 0, 0, 2, 11.98
1747819431, 0, 11, 959, 958, 19, 7.38%, 0, 0, 2, 12.04
1747819446, 0, 11, 960, 959, 19, 7.38%, 0, 0, 2, 11.71
1747819452, 0, 11, 961, 960, 19, 7.38%, 0, 0, 2, 11.73
1747819462, 0, 11, 962, 961, 19, 7.38%, 0, 0, 2, 11.93
1747819472, 0, 11, 963, 962, 19, 7.38%, 0, 0, 2, 12.03
1747819493, 0, 11, 965, 964, 19, 7.38%, 0, 0, 2, 12.18
1747819539, 0, 11, 966, 965, 19, 7.38%, 0, 0, 2, 12.11
1747819579, 0, 11, 967, 966, 19, 7.38%, 0, 0, 2, 11.88
1747819600, 0, 12, 967, 966, 20, 7.38%, 0, 0, 2, 11.82
1747819610, 0, 14, 968, 967, 20, 7.38%, 0, 0, 2, 12.14
1747819615, 0, 14, 970, 969, 20, 7.38%, 0, 0, 2, 11.95
1747819620, 0, 14, 971, 970, 20, 7.38%, 0, 0, 2, 12.77
1747819625, 0, 14, 973, 972, 20, 7.38%, 0, 0, 2, 12.17
1747819631, 0, 14, 974, 973, 20, 7.38%, 0, 0, 2, 12.05
1747819667, 0, 14, 975, 974, 20, 7.38%, 0, 0, 2, 12.59
1747819672, 0, 14, 976, 975, 20, 7.38%, 0, 0, 2, 12.10
1747819718, 0, 14, 977, 976, 20, 7.38%, 0, 0, 2, 12.08
1747819779, 0, 14, 979, 978, 20, 7.43%, 0, 0, 2, 12.03
1747819784, 0, 14, 980, 979, 20, 7.43%, 0, 0, 2, 12.08
1747819800, 0, 14, 982, 981, 20, 7.43%, 0, 0, 2, 12.24
1747819810, 0, 14, 984, 983, 20, 7.43%, 0, 0, 2, 12.27
1747819866, 0, 14, 985, 984, 20, 7.43%, 0, 0, 2, 11.87
1747819871, 0, 14, 986, 985, 20, 7.43%, 0, 0, 2, 12.36
1747819876, 0, 14, 987, 986, 20, 7.43%, 0, 0, 2, 12.20
1747819933, 0, 14, 988, 987, 20, 7.43%, 0, 0, 2, 12.17
1747819938, 0, 14, 989, 988, 20, 7.43%, 0, 0, 2, 11.83
1747819959, 0, 15, 989, 988, 21, 7.43%, 0, 0, 2, 12.36
1747819964, 0, 15, 990, 989, 21, 7.43%, 0, 0, 2, 12.14
1747819974, 0, 15, 992, 991, 21, 7.43%, 0, 0, 2, 12.44
1747819979, 0, 15, 993, 992, 21, 7.43%, 0, 0, 2, 11.99
1747819984, 0, 15, 994, 993, 21, 7.43%, 0, 0, 2, 12.01
1747820051, 0, 15, 995, 994, 21, 7.43%, 0, 0, 2, 12.06
1747820092, 0, 15, 996, 995, 21, 7.43%, 0, 0, 2, 12.30
1747820112, 0, 15, 997, 996, 21, 7.43%, 0, 0, 2, 11.73
1747820128, 0, 15, 998, 997, 21, 7.43%, 0, 0, 2, 11.93
1747820133, 0, 15, 999, 998, 21, 7.43%, 0, 0, 2, 12.11
1747820179, 0, 15, 1000, 999, 21, 7.43%, 0, 0, 2, 12.00
1747820307, 0, 16, 1001, 1000, 21, 7.43%, 0, 0, 2, 12.00
1747820317, 0, 16, 1002, 1001, 21, 7.43%, 0, 0, 2, 12.23
1747820343, 0, 16, 1003, 1002, 21, 7.43%, 0, 0, 2, 12.13
1747820379, 0, 16, 1004, 1003, 21, 7.43%, 0, 0, 2, 12.27
1747820389, 0, 16, 1005, 1004, 21, 7.43%, 0, 0, 2, 12.64
1747820404, 0, 16, 1006, 1005, 21, 7.43%, 0, 0, 2, 11.70
1747820420, 0, 16, 1007, 1006, 21, 7.43%, 0, 0, 2, 12.02
1747820430, 0, 16, 1008, 1007, 21, 7.43%, 0, 0, 2, 11.83
1747820445, 0, 16, 1009, 1008, 21, 7.43%, 0, 0, 2, 12.30
1747820517, 0, 16, 1010, 1009, 21, 7.44%, 0, 0, 2, 12.19
1747820558, 0, 16, 1011, 1010, 21, 7.44%, 0, 0, 2, 12.01
1747820625, 0, 16, 1012, 1011, 21, 7.44%, 0, 0, 2, 12.32
1747820650, 0, 18, 1012, 1011, 23, 7.44%, 0, 0, 2, 12.00
1747820660, 0, 19, 1012, 1011, 23, 7.44%, 0, 0, 2, 12.19
1747820671, 0, 20, 1012, 1011, 23, 7.44%, 0, 0, 2, 12.36
1747820676, 0, 20, 1013, 1012, 23, 7.44%, 0, 0, 2, 11.66
1747820686, 0, 20, 1014, 1013, 23, 7.44%, 0, 0, 2, 12.12
1747820717, 0, 22, 1014, 1013, 23, 7.44%, 0, 0, 2, 11.75
1747820727, 0, 22, 1015, 1014, 23, 7.44%, 0, 0, 2, 11.66
1747820732, 0, 22, 1016, 1015, 23, 7.44%, 0, 0, 2, 11.56
1747820743, 0, 22, 1017, 1016, 23, 7.44%, 0, 0, 2, 11.85
1747820748, 0, 22, 1018, 1017, 23, 7.44%, 0, 0, 2, 11.24
1747820753, 0, 22, 1019, 1018, 23, 7.45%, 0, 0, 2, 11.69
1747820758, 0, 22, 1020, 1019, 23, 7.45%, 0, 0, 2, 11.74
1747820769, 0, 22, 1021, 1020, 23, 7.45%, 0, 0, 2, 11.69
1747820774, 0, 22, 1022, 1021, 23, 7.45%, 0, 0, 2, 11.76
1747820784, 0, 22, 1023, 1022, 23, 7.46%, 0, 0, 2, 12.33
1747820799, 0, 22, 1024, 1023, 23, 7.46%, 0, 0, 2, 11.57
1747820810, 0, 22, 1025, 1024, 23, 7.46%, 0, 0, 2, 11.34
1747820825, 0, 22, 1026, 1025, 23, 7.46%, 0, 0, 2, 11.77
1747820840, 0, 22, 1027, 1026, 23, 7.48%, 0, 0, 2, 11.77
1747820861, 0, 22, 1028, 1027, 23, 7.49%, 0, 0, 2, 11.76
1747820969, 0, 22, 1029, 1028, 23, 7.49%, 0, 0, 2, 11.18
1747821010, 0, 22, 1030, 1029, 23, 7.49%, 0, 0, 2, 11.48
1747821031, 0, 22, 1031, 1030, 23, 7.49%, 0, 0, 2, 11.84
1747821041, 0, 22, 1032, 1031, 23, 7.49%, 0, 0, 2, 11.91
1747821077, 0, 24, 1032, 1031, 24, 7.49%, 0, 0, 2, 11.49
1747821087, 0, 25, 1032, 1031, 24, 7.49%, 0, 0, 2, 12.19
1747821092, 0, 25, 1033, 1032, 24, 7.49%, 0, 0, 2, 11.82
1747821113, 0, 25, 1034, 1033, 24, 7.49%, 0, 0, 2, 11.31
1747821133, 0, 25, 1035, 1034, 24, 7.49%, 0, 0, 2, 11.35
1747821164, 0, 25, 1036, 1035, 24, 7.49%, 0, 0, 2, 11.94
1747821190, 0, 25, 1037, 1036, 24, 7.49%, 0, 0, 2, 11.85
1747821246, 0, 25, 1038, 1037, 24, 7.49%, 0, 0, 2, 11.66
1747821262, 0, 25, 1039, 1038, 24, 7.49%, 0, 0, 2, 11.74
1747821282, 0, 25, 1040, 1039, 24, 7.49%, 0, 0, 2, 11.59
1747821292, 0, 25, 1041, 1040, 24, 7.50%, 0, 0, 2, 11.45
1747821318, 0, 25, 1042, 1041, 24, 7.50%, 0, 0, 2, 11.47
1747821442, 0, 25, 1043, 1042, 24, 7.51%, 0, 0, 2, 11.38
1747821452, 0, 26, 1043, 1042, 23, 7.51%, 0, 0, 2, 11.53
1747821462, 0, 27, 1043, 1042, 23, 7.51%, 0, 0, 2, 11.90
1747821472, 0, 28, 1043, 1042, 23, 7.51%, 0, 0, 2, 11.19
1747821482, 0, 30, 1043, 1042, 23, 7.51%, 0, 0, 2, 11.78
1747821498, 0, 31, 1043, 1042, 23, 7.51%, 0, 0, 2, 11.90
1747821508, 0, 32, 1043, 1042, 23, 7.51%, 0, 0, 2, 11.51
1747821518, 0, 33, 1043, 1042, 23, 7.51%, 0, 0, 2, 11.54
1747821529, 0, 34, 1043, 1042, 23, 7.51%, 0, 0, 2, 11.71
1747821539, 0, 35, 1043, 1042, 23, 7.51%, 0, 0, 2, 11.46
1747821549, 0, 36, 1043, 1042, 23, 7.51%, 0, 0, 2, 11.90
1747821565, 0, 37, 1043, 1042, 23, 7.51%, 0, 0, 2, 11.93
1747821575, 0, 38, 1043, 1042, 23, 7.51%, 0, 0, 2, 11.90
1747821586, 0, 39, 1043, 1042, 23, 7.51%, 0, 0, 2, 11.63
1747821596, 0, 40, 1043, 1042, 23, 7.51%, 0, 0, 2, 11.24
1747821601, 0, 40, 1045, 1044, 23, 7.51%, 0, 0, 2, 10.89
1747821611, 0, 40, 1046, 1045, 23, 7.51%, 0, 0, 2, 11.30
1747821617, 0, 40, 1047, 1046, 23, 7.51%, 0, 0, 2, 11.31
1747821643, 0, 40, 1048, 1047, 23, 7.51%, 0, 0, 2, 11.47
1747821648, 0, 40, 1049, 1048, 23, 7.51%, 0, 0, 2, 11.09
1747821699, 0, 40, 1050, 1049, 23, 7.51%, 0, 0, 2, 11.39
1747821704, 0, 40, 1051, 1050, 23, 7.51%, 0, 0, 2, 11.33
1747821709, 0, 40, 1053, 1052, 23, 7.51%, 0, 0, 2, 11.32
1747821735, 0, 40, 1054, 1053, 23, 7.51%, 0, 0, 2, 11.24
1747821796, 0, 40, 1055, 1054, 23, 7.51%, 0, 0, 2, 11.14
1747821852, 0, 40, 1056, 1055, 23, 7.51%, 0, 0, 2, 11.38
1747821909, 0, 40, 1057, 1056, 23, 7.51%, 0, 0, 2, 11.21
1747821966, 0, 41, 1057, 1056, 23, 7.51%, 0, 0, 2, 11.15
1747821982, 0, 42, 1057, 1056, 23, 7.51%, 0, 0, 2, 11.86
1747821992, 0, 43, 1057, 1056, 23, 7.51%, 0, 0, 2, 11.51
1747822002, 0, 44, 1057, 1056, 23, 7.51%, 0, 0, 2, 11.21
1747822012, 0, 45, 1057, 1056, 23, 7.51%, 0, 0, 2, 11.23
1747822022, 0, 46, 1057, 1056, 23, 7.51%, 0, 0, 2, 11.96
1747822038, 0, 47, 1057, 1056, 23, 7.51%, 0, 0, 2, 10.75
1747822043, 0, 47, 1058, 1057, 23, 7.51%, 0, 0, 2, 10.98
1747822048, 0, 47, 1059, 1058, 23, 7.51%, 0, 0, 2, 10.45
1747822053, 0, 47, 1061, 1060, 23, 7.51%, 0, 0, 2, 10.54
1747822058, 0, 47, 1062, 1061, 23, 7.51%, 0, 0, 2, 10.45
1747822074, 0, 47, 1063, 1062, 23, 7.51%, 0, 0, 2, 10.53
1747822089, 0, 47, 1064, 1063, 23, 7.51%, 0, 0, 2, 10.35
1747822171, 0, 47, 1065, 1064, 23, 7.51%, 0, 0, 2, 10.57
1747822182, 0, 47, 1066, 1065, 23, 7.51%, 0, 0, 2, 10.78
1747822192, 0, 47, 1067, 1066, 23, 7.51%, 0, 0, 2, 10.62
1747822223, 0, 47, 1069, 1068, 23, 7.55%, 0, 0, 2, 10.42
1747822238, 0, 47, 1070, 1069, 23, 7.57%, 0, 0, 2, 10.60
1747822341, 0, 47, 1071, 1070, 23, 7.57%, 0, 0, 2, 10.71
1747822371, 0, 47, 1072, 1071, 23, 7.57%, 0, 0, 2, 10.32
1747822428, 0, 47, 1073, 1072, 23, 7.58%, 0, 0, 2, 10.68
1747822433, 0, 48, 1075, 1074, 26, 7.58%, 0, 0, 2, 10.20
1747822443, 0, 48, 1076, 1075, 26, 7.58%, 0, 0, 2, 10.43
1747822448, 0, 48, 1077, 1076, 26, 7.58%, 0, 0, 2, 10.34
1747822484, 0, 48, 1078, 1077, 26, 7.58%, 0, 0, 2, 10.34
1747822489, 0, 48, 1079, 1078, 26, 7.58%, 0, 0, 2, 10.31
1747822525, 0, 48, 1080, 1079, 26, 7.58%, 0, 0, 2, 10.28
1747822551, 0, 48, 1081, 1080, 26, 7.58%, 0, 0, 2, 10.38
1747822576, 0, 48, 1082, 1081, 26, 7.58%, 0, 0, 2, 10.34
1747822648, 0, 48, 1083, 1082, 26, 7.61%, 0, 0, 2, 10.44
1747822684, 0, 48, 1084, 1083, 26, 7.61%, 0, 0, 2, 10.92
1747822803, 0, 48, 1085, 1084, 26, 7.61%, 0, 0, 2, 10.73
1747822823, 0, 50, 1085, 1084, 27, 7.61%, 0, 0, 2, 11.11
1747822833, 0, 51, 1085, 1084, 27, 7.61%, 0, 0, 2, 11.20
1747822843, 0, 52, 1085, 1084, 27, 7.61%, 0, 0, 2, 10.72
1747822854, 0, 53, 1085, 1084, 27, 7.61%, 0, 0, 2, 10.59
1747822870, 0, 55, 1085, 1084, 27, 7.61%, 0, 0, 2, 10.54
1747822880, 0, 55, 1087, 1086, 27, 7.61%, 0, 0, 2, 10.56
1747822895, 0, 55, 1088, 1087, 27, 7.61%, 0, 0, 2, 10.26
1747822911, 0, 55, 1089, 1088, 27, 7.61%, 0, 0, 2, 10.50
1747823055, 0, 55, 1090, 1089, 27, 7.61%, 0, 0, 2, 10.26
1747823070, 0, 55, 1091, 1090, 27, 7.61%, 0, 0, 2, 10.09
1747823239, 0, 55, 1092, 1091, 27, 7.61%, 0, 0, 2, 10.95
1747823260, 0, 56, 1093, 1092, 27, 7.61%, 0, 0, 2, 10.96
1747823270, 0, 56, 1094, 1093, 27, 7.72%, 0, 0, 2, 10.57
1747823275, 0, 56, 1095, 1094, 27, 7.72%, 0, 0, 2, 10.70
1747823311, 0, 56, 1096, 1095, 27, 7.72%, 0, 0, 2, 10.54
1747823316, 0, 56, 1097, 1096, 27, 7.72%, 0, 0, 2, 10.83
1747823321, 0, 56, 1098, 1097, 27, 7.72%, 0, 0, 2, 11.03
1747823327, 0, 56, 1099, 1098, 27, 7.72%, 0, 0, 2, 10.45
1747823337, 0, 56, 1100, 1099, 27, 7.72%, 0, 0, 2, 10.60
1747823378, 0, 56, 1101, 1100, 27, 7.72%, 0, 0, 2, 10.37
1747823414, 0, 56, 1102, 1101, 27, 7.72%, 0, 0, 2, 10.55
1747823424, 0, 56, 1103, 1102, 27, 7.72%, 0, 0, 2, 10.38
1747823434, 0, 56, 1104, 1103, 27, 7.72%, 0, 0, 2, 10.14
1747823440, 0, 56, 1105, 1104, 27, 7.72%, 0, 0, 2, 10.34
1747823450, 0, 56, 1106, 1105, 27, 7.72%, 0, 0, 2, 10.66
1747823455, 0, 56, 1107, 1106, 27, 7.72%, 0, 0, 2, 10.50
1747823470, 0, 56, 1108, 1107, 27, 7.72%, 0, 0, 2, 10.36
1747823486, 0, 56, 1109, 1108, 27, 7.72%, 0, 0, 2, 9.90
1747823568, 0, 56, 1110, 1109, 27, 7.72%, 0, 0, 2, 10.23
1747823609, 0, 56, 1111, 1110, 27, 7.72%, 0, 0, 2, 10.20
1747823635, 0, 56, 1112, 1111, 27, 7.72%, 0, 0, 2, 10.54
1747823666, 0, 57, 1112, 1111, 27, 7.72%, 0, 0, 2, 10.40
1747823676, 0, 57, 1113, 1112, 27, 7.72%, 0, 0, 2, 9.97
1747823691, 0, 59, 1113, 1112, 27, 7.72%, 0, 0, 2, 10.35
1747823702, 0, 59, 1114, 1113, 27, 7.73%, 0, 0, 2, 10.27
1747823717, 0, 60, 1114, 1113, 26, 7.73%, 0, 0, 2, 10.17
1747823722, 0, 60, 1115, 1114, 26, 7.73%, 0, 0, 2, 9.79
1747823742, 0, 62, 1115, 1114, 26, 7.73%, 0, 0, 2, 10.47
1747823752, 0, 64, 1115, 1114, 26, 7.73%, 0, 0, 2, 10.99
1747823768, 0, 65, 1116, 1115, 26, 7.73%, 0, 0, 2, 10.62
1747823794, 0, 66, 1116, 1115, 26, 7.73%, 0, 0, 2, 10.58
1747823804, 0, 67, 1116, 1115, 26, 7.73%, 0, 0, 2, 10.24
1747823814, 0, 68, 1116, 1115, 26, 7.73%, 0, 0, 2, 10.29
1747823829, 0, 69, 1116, 1115, 26, 7.73%, 0, 0, 2, 10.35
1747823840, 0, 69, 1117, 1116, 26, 7.73%, 0, 0, 2, 10.19
1747823855, 0, 70, 1117, 1116, 26, 7.73%, 0, 0, 2, 10.38
1747823866, 0, 71, 1117, 1116, 26, 7.73%, 0, 0, 2, 10.29
1747823881, 0, 73, 1117, 1116, 26, 7.73%, 0, 0, 2, 10.63
1747823886, 0, 73, 1118, 1117, 26, 7.73%, 0, 0, 2, 10.15
1747823891, 0, 73, 1119, 1118, 26, 7.73%, 0, 0, 2, 10.07
1747823927, 0, 74, 1119, 1118, 26, 7.73%, 0, 0, 2, 10.35
1747823937, 0, 74, 1120, 1119, 26, 7.73%, 0, 0, 2, 10.30
1747823958, 0, 75, 1120, 1119, 26, 7.73%, 0, 0, 2, 10.23
1747823963, 0, 75, 1121, 1120, 26, 7.75%, 0, 0, 2, 10.44
1747823968, 0, 75, 1122, 1121, 26, 7.76%, 0, 0, 2, 10.13
1747823978, 0, 75, 1125, 1124, 26, 7.76%, 0, 0, 2, 9.80
1747823988, 0, 75, 1126, 1125, 26, 7.76%, 0, 0, 2, 10.06
1747824003, 0, 75, 1127, 1126, 26, 7.76%, 0, 0, 2, 10.08
1747824039, 0, 75, 1128, 1127, 26, 7.76%, 0, 0, 2, 10.07
1747824060, 0, 75, 1129, 1128, 26, 7.76%, 0, 0, 2, 10.02
1747824065, 0, 75, 1130, 1129, 26, 7.76%, 0, 0, 2, 10.28
1747824096, 0, 75, 1132, 1131, 26, 7.76%, 0, 0, 2, 10.13
1747824137, 0, 75, 1133, 1132, 26, 7.76%, 0, 0, 2, 10.12
1747824167, 0, 75, 1134, 1133, 26, 7.76%, 0, 0, 2, 10.43
1747824306, 0, 75, 1135, 1134, 26, 7.76%, 0, 0, 2, 10.23
1747824321, 0, 75, 1136, 1135, 26, 7.76%, 0, 0, 2, 10.39
1747824326, 0, 75, 1137, 1136, 26, 7.76%, 0, 0, 2, 10.32
1747824367, 0, 76, 1138, 1137, 29, 7.76%, 0, 0, 2, 9.81
1747824387, 0, 76, 1139, 1138, 29, 7.76%, 0, 0, 2, 10.18
1747824413, 0, 76, 1140, 1139, 29, 7.76%, 0, 0, 2, 10.30
1747824464, 0, 76, 1141, 1140, 29, 7.76%, 0, 0, 2, 9.89
1747824490, 0, 76, 1142, 1141, 29, 7.76%, 0, 0, 2, 10.13
1747824505, 0, 76, 1143, 1142, 29, 7.76%, 0, 0, 2, 10.05
1747824679, 0, 76, 1144, 1143, 29, 7.76%, 0, 0, 2, 9.95
1747824776, 0, 77, 1144, 1143, 29, 7.76%, 0, 0, 2, 10.01
1747824781, 0, 77, 1145, 1144, 29, 7.77%, 0, 0, 2, 9.30
1747824786, 0, 77, 1146, 1145, 29, 7.77%, 0, 0, 2, 9.33
1747824802, 0, 77, 1147, 1146, 29, 7.77%, 0, 0, 2, 9.41
1747824822, 0, 77, 1148, 1147, 29, 7.77%, 0, 0, 2, 9.65
1747824827, 0, 77, 1150, 1149, 29, 7.77%, 0, 0, 2, 9.45
1747824853, 0, 77, 1151, 1150, 29, 7.77%, 0, 0, 2, 9.75
1747824868, 0, 77, 1153, 1152, 29, 7.77%, 0, 0, 2, 9.92
1747824878, 0, 77, 1154, 1153, 29, 7.77%, 0, 0, 2, 9.52
1747824894, 0, 77, 1155, 1154, 29, 7.77%, 0, 0, 2, 9.78
1747824925, 0, 77, 1156, 1155, 29, 7.77%, 0, 0, 2, 9.74
1747824930, 0, 77, 1158, 1157, 29, 7.77%, 0, 0, 2, 9.52
1747824970, 0, 77, 1159, 1158, 29, 7.77%, 0, 0, 2, 9.56
1747824991, 0, 77, 1160, 1159, 29, 7.77%, 0, 0, 2, 9.91
1747825047, 0, 77, 1161, 1160, 29, 7.77%, 0, 0, 2, 9.71
1747825083, 0, 77, 1162, 1161, 29, 7.77%, 0, 0, 2, 9.85
1747825098, 0, 77, 1163, 1162, 29, 7.77%, 0, 0, 2, 9.74
1747825118, 0, 77, 1164, 1163, 29, 7.77%, 0, 0, 2, 9.77
1747825170, 0, 77, 1165, 1164, 29, 7.77%, 0, 0, 2, 9.54
1747825206, 0, 78, 1165, 1164, 29, 7.77%, 0, 0, 2, 9.91
1747825221, 0, 79, 1166, 1165, 29, 7.77%, 0, 0, 2, 9.39
1747825231, 0, 79, 1167, 1166, 29, 7.77%, 0, 0, 2, 9.20
1747825237, 0, 79, 1168, 1167, 29, 7.77%, 0, 0, 2, 9.33
1747825329, 0, 80, 1168, 1167, 29, 7.77%, 0, 0, 2, 9.72
1747825334, 0, 80, 1169, 1168, 29, 7.77%, 0, 0, 2, 10.09
1747825349, 0, 80, 1170, 1169, 29, 7.77%, 0, 0, 2, 10.08
1747825359, 0, 80, 1171, 1170, 29, 7.77%, 0, 0, 2, 10.45
1747825395, 0, 80, 1172, 1171, 29, 7.77%, 0, 0, 2, 9.97
1747825400, 0, 80, 1173, 1172, 29, 7.77%, 0, 0, 2, 9.99
1747825446, 0, 80, 1174, 1173, 29, 7.77%, 0, 0, 2, 10.32
1747825482, 0, 80, 1175, 1174, 29, 7.77%, 0, 0, 2, 10.12
1747825528, 0, 80, 1176, 1175, 29, 7.77%, 0, 0, 2, 10.01
1747825533, 0, 80, 1177, 1176, 29, 7.77%, 0, 0, 2, 10.12
1747825579, 0, 80, 1178, 1177, 29, 7.77%, 0, 0, 2, 10.21
1747825584, 0, 80, 1179, 1178, 29, 7.77%, 0, 0, 2, 10.14
1747825630, 0, 80, 1180, 1179, 29, 7.77%, 0, 0, 2, 10.09
1747825640, 0, 80, 1181, 1180, 29, 7.77%, 0, 0, 2, 10.29
1747825666, 0, 80, 1182, 1181, 29, 7.77%, 0, 0, 2, 10.28
1747825686, 0, 80, 1183, 1182, 29, 7.77%, 0, 0, 2, 10.03
1747825702, 0, 80, 1184, 1183, 29, 7.77%, 0, 0, 2, 10.05
1747825732, 0, 81, 1184, 1183, 30, 7.77%, 0, 0, 2, 10.44
1747825738, 0, 81, 1185, 1184, 30, 7.77%, 0, 0, 2, 9.62
1747825743, 0, 81, 1186, 1185, 30, 7.77%, 0, 0, 2, 9.30
1747825748, 0, 81, 1187, 1186, 30, 7.77%, 0, 0, 2, 8.99
1747825753, 0, 81, 1188, 1187, 30, 7.77%, 0, 0, 2, 8.93
1747825768, 0, 81, 1189, 1188, 30, 7.77%, 0, 0, 2, 9.61
1747825778, 0, 81, 1190, 1189, 30, 7.77%, 0, 0, 2, 9.48
1747825804, 0, 81, 1191, 1190, 30, 7.77%, 0, 0, 2, 9.40
1747825850, 0, 81, 1192, 1191, 30, 7.77%, 0, 0, 2, 9.49
1747825875, 0, 81, 1193, 1192, 30, 7.77%, 0, 0, 2, 9.53
1747825921, 0, 81, 1194, 1193, 30, 7.77%, 0, 0, 2, 9.50
1747825983, 0, 81, 1195, 1194, 30, 7.77%, 0, 0, 2, 9.83
1747826024, 0, 81, 1196, 1195, 30, 7.82%, 0, 0, 2, 9.37
1747826178, 0, 82, 1196, 1195, 30, 7.82%, 0, 0, 2, 9.54
1747826193, 0, 84, 1196, 1195, 30, 7.82%, 0, 0, 2, 9.53
1747826198, 0, 84, 1197, 1196, 30, 7.82%, 0, 0, 2, 9.17
1747826219, 0, 85, 1197, 1196, 30, 7.82%, 0, 0, 2, 10.01
1747826229, 0, 86, 1197, 1196, 30, 7.82%, 0, 0, 2, 9.95
1747826245, 0, 91, 1197, 1196, 30, 7.82%, 0, 0, 2, 9.41
1747826250, 0, 91, 1198, 1197, 30, 7.82%, 0, 0, 2, 9.54
1747826275, 0, 92, 1198, 1197, 30, 7.82%, 0, 0, 2, 10.19
1747826286, 0, 93, 1199, 1198, 30, 7.82%, 0, 0, 2, 9.45
1747826316, 0, 94, 1199, 1198, 30, 7.82%, 0, 0, 2, 9.82
1747826326, 0, 96, 1199, 1198, 30, 7.82%, 0, 0, 2, 10.06
1747826336, 0, 97, 1199, 1198, 30, 7.82%, 0, 0, 2, 10.38
1747826347, 0, 97, 1200, 1199, 30, 7.82%, 0, 0, 2, 10.63
1747826357, 0, 97, 1201, 1200, 30, 7.82%, 0, 0, 2, 10.20
1747826388, 0, 98, 1201, 1200, 30, 7.82%, 0, 0, 2, 10.43
1747826393, 0, 98, 1202, 1201, 30, 7.82%, 0, 0, 2, 9.72
1747826418, 0, 99, 1202, 1201, 30, 7.82%, 0, 0, 2, 9.35
1747826428, 0, 99, 1203, 1202, 30, 7.82%, 0, 0, 2, 9.30
1747826439, 0, 99, 1204, 1203, 30, 7.82%, 0, 0, 2, 9.16
1747826454, 0, 99, 1205, 1204, 30, 7.82%, 0, 0, 2, 9.20
1747826479, 0, 99, 1206, 1205, 30, 7.82%, 0, 0, 2, 9.61
1747826545, 0, 99, 1207, 1206, 30, 7.82%, 0, 0, 2, 9.19
1747826571, 0, 99, 1208, 1207, 30, 7.83%, 0, 0, 2, 9.19
1747826597, 0, 99, 1209, 1208, 30, 7.83%, 0, 0, 2, 9.39
1747826643, 0, 99, 1210, 1209, 30, 7.83%, 0, 0, 2, 9.14
1747826710, 0, 99, 1211, 1210, 30, 7.83%, 0, 0, 2, 9.45
1747826802, 0, 99, 1213, 1212, 30, 7.83%, 0, 0, 2, 9.06
1747826817, 0, 99, 1214, 1213, 30, 7.83%, 0, 0, 2, 9.42
1747826863, 0, 101, 1214, 1213, 28, 7.83%, 0, 0, 2, 9.70
1747826873, 0, 101, 1215, 1214, 28, 7.83%, 0, 0, 2, 9.66
1747826884, 0, 101, 1216, 1215, 28, 7.83%, 0, 0, 2, 9.93
1747826914, 0, 102, 1216, 1215, 28, 7.83%, 0, 0, 2, 12.55
1747826925, 0, 103, 1216, 1215, 28, 7.83%, 0, 0, 2, 10.00
1747826940, 0, 105, 1216, 1215, 28, 7.83%, 0, 0, 2, 10.29
1747826950, 0, 106, 1216, 1215, 28, 7.83%, 0, 0, 2, 10.60
1747826960, 0, 106, 1217, 1216, 28, 7.83%, 0, 0, 2, 10.32
1747826976, 0, 107, 1217, 1216, 28, 7.83%, 0, 0, 2, 9.94
1747826981, 0, 107, 1218, 1217, 28, 7.83%, 0, 0, 2, 9.49
1747827001, 0, 108, 1218, 1217, 28, 7.83%, 0, 0, 2, 9.69
1747827006, 0, 108, 1219, 1218, 28, 7.83%, 0, 0, 2, 9.29
1747827011, 0, 108, 1220, 1219, 28, 7.83%, 0, 0, 2, 8.70
1747827016, 0, 108, 1221, 1220, 28, 7.83%, 0, 0, 2, 8.57
1747827052, 0, 108, 1222, 1221, 28, 7.83%, 0, 0, 2, 9.08
1747827063, 0, 108, 1223, 1222, 28, 7.83%, 0, 0, 2, 8.83
1747827068, 0, 108, 1224, 1223, 28, 7.83%, 0, 0, 2, 9.10
1747827078, 0, 108, 1225, 1224, 28, 7.83%, 0, 0, 2, 9.07
1747827108, 0, 108, 1228, 1227, 28, 7.83%, 0, 0, 2, 8.98
1747827170, 0, 108, 1229, 1228, 28, 7.83%, 0, 0, 2, 8.97
1747827323, 0, 108, 1230, 1229, 28, 7.83%, 0, 0, 2, 15.45
1747827333, 0, 108, 1231, 1230, 28, 7.83%, 0, 0, 2, 15.62
1747827359, 0, 109, 1231, 1230, 30, 7.83%, 0, 0, 2, 15.36
1747827364, 0, 110, 1231, 1230, 30, 7.83%, 0, 0, 2, 15.97
1747827374, 0, 111, 1231, 1230, 30, 7.83%, 0, 0, 2, 16.58
1747827379, 0, 112, 1231, 1230, 30, 7.83%, 0, 0, 2, 17.46
1747827389, 0, 113, 1231, 1230, 30, 7.83%, 0, 0, 2, 12.00
1747827399, 0, 114, 1231, 1230, 30, 7.83%, 0, 0, 2, 10.63
1747827415, 0, 115, 1231, 1230, 30, 7.83%, 0, 0, 2, 9.01
1747827430, 0, 116, 1231, 1230, 30, 7.83%, 0, 0, 2, 9.33
1747827440, 0, 118, 1231, 1230, 30, 7.83%, 0, 0, 2, 9.30
1747827456, 0, 119, 1231, 1230, 30, 7.83%, 0, 0, 2, 10.11
1747827466, 0, 120, 1231, 1230, 30, 7.83%, 0, 0, 2, 9.69
1747827481, 0, 121, 1231, 1230, 30, 7.83%, 0, 0, 2, 8.81
1747827497, 0, 122, 1231, 1230, 30, 7.83%, 0, 0, 2, 9.55
1747827507, 0, 123, 1231, 1230, 30, 7.83%, 0, 0, 2, 9.15
1747827523, 0, 124, 1231, 1230, 30, 7.83%, 0, 0, 2, 9.29
1747827528, 0, 124, 1232, 1231, 30, 7.83%, 0, 0, 2, 9.09
1747827554, 0, 126, 1232, 1231, 30, 7.83%, 0, 0, 2, 9.13
1747827564, 0, 127, 1232, 1231, 30, 7.83%, 0, 0, 2, 8.95
1747827579, 0, 127, 1233, 1232, 30, 7.83%, 0, 0, 2, 9.10
1747827595, 0, 128, 1234, 1233, 30, 7.83%, 0, 0, 2, 9.80
1747827620, 0, 129, 1234, 1233, 30, 7.83%, 0, 0, 2, 9.33
1747827636, 0, 132, 1234, 1233, 30, 7.83%, 0, 0, 2, 8.74
1747827641, 0, 132, 1235, 1234, 30, 7.83%, 0, 0, 2, 8.59
1747827656, 0, 132, 1236, 1235, 30, 7.83%, 0, 0, 2, 9.08
1747827666, 0, 132, 1237, 1236, 30, 7.83%, 0, 0, 2, 8.98
1747827753, 0, 133, 1237, 1236, 30, 7.83%, 0, 0, 2, 9.20
1747827759, 0, 133, 1238, 1237, 30, 7.83%, 0, 0, 2, 8.66
1747827779, 0, 134, 1238, 1237, 30, 7.83%, 0, 0, 2, 9.18
1747827794, 0, 136, 1238, 1237, 30, 7.83%, 0, 0, 2, 9.73
1747827804, 0, 138, 1238, 1237, 30, 7.83%, 0, 0, 2, 9.85
1747827815, 0, 138, 1239, 1238, 30, 7.83%, 0, 0, 2, 9.39
1747827835, 0, 139, 1239, 1238, 30, 7.83%, 0, 0, 2, 9.16
1747827851, 0, 141, 1240, 1239, 30, 7.83%, 0, 0, 2, 8.91
1747827876, 0, 142, 1240, 1239, 30, 7.83%, 0, 0, 2, 9.19
1747827892, 0, 143, 1240, 1239, 30, 7.83%, 0, 0, 2, 9.31
1747827907, 0, 144, 1240, 1239, 30, 7.83%, 0, 0, 2, 9.10
1747827917, 0, 146, 1240, 1239, 30, 7.83%, 0, 0, 2, 9.33
1747827932, 0, 148, 1240, 1239, 30, 7.83%, 0, 0, 2, 9.22
1747827948, 0, 149, 1240, 1239, 30, 7.83%, 0, 0, 2, 9.88
1747827958, 0, 151, 1240, 1239, 30, 7.83%, 0, 0, 2, 9.87
1747827973, 0, 152, 1240, 1239, 30, 7.83%, 0, 0, 2, 9.31
1747827989, 0, 155, 1240, 1239, 30, 7.83%, 0, 0, 2, 9.45
1747827999, 0, 156, 1240, 1239, 30, 7.83%, 0, 0, 2, 8.84
1747828014, 0, 156, 1241, 1240, 30, 7.83%, 0, 0, 2, 9.05
1747828030, 0, 157, 1241, 1240, 30, 7.83%, 0, 0, 2, 9.81
1747828045, 0, 158, 1241, 1240, 30, 7.83%, 0, 0, 2, 9.35
1747828050, 0, 158, 1242, 1241, 30, 7.83%, 0, 0, 2, 8.59
1747828071, 0, 159, 1242, 1241, 30, 7.83%, 0, 0, 2, 9.36
1747828086, 0, 160, 1242, 1241, 30, 7.83%, 0, 0, 2, 9.65
1747828096, 0, 162, 1242, 1241, 30, 7.83%, 0, 0, 2, 9.02
1747828112, 0, 164, 1242, 1241, 30, 7.83%, 0, 0, 2, 9.76
1747828117, 0, 164, 1243, 1242, 30, 7.83%, 0, 0, 2, 8.95
1747828143, 0, 165, 1243, 1242, 30, 7.83%, 0, 0, 2, 8.80
1747828148, 0, 165, 1244, 1243, 30, 7.83%, 0, 0, 2, 8.80
1747828168, 0, 166, 1244, 1243, 30, 7.83%, 0, 0, 2, 8.78
1747828184, 0, 166, 1245, 1244, 30, 7.83%, 0, 0, 2, 8.70
1747828189, 0, 166, 1246, 1245, 30, 7.83%, 0, 0, 2, 8.73
1747828219, 0, 166, 1247, 1246, 30, 7.83%, 0, 0, 2, 8.74
1747828286, 0, 167, 1247, 1246, 30, 7.83%, 0, 0, 2, 9.03
1747828301, 0, 169, 1247, 1246, 30, 7.83%, 0, 0, 2, 9.65
1747828312, 0, 170, 1247, 1246, 30, 7.83%, 0, 0, 2, 9.74
1747828327, 0, 172, 1247, 1246, 30, 7.83%, 0, 0, 2, 9.30
1747828342, 0, 173, 1247, 1246, 30, 7.83%, 0, 0, 2, 8.76
1747828357, 0, 174, 1247, 1246, 30, 7.83%, 0, 0, 2, 9.37
1747828368, 0, 176, 1247, 1246, 30, 7.83%, 0, 0, 2, 9.22
1747828383, 0, 177, 1247, 1246, 30, 7.83%, 0, 0, 2, 8.81
1747828398, 0, 178, 1247, 1246, 30, 7.83%, 0, 0, 2, 9.12
1747828404, 0, 178, 1248, 1247, 30, 7.83%, 0, 0, 2, 8.72
1747828409, 0, 178, 1249, 1248, 30, 7.83%, 0, 0, 2, 8.83
1747828419, 0, 178, 1250, 1249, 30, 7.83%, 0, 0, 2, 8.65
1747828424, 0, 178, 1251, 1250, 30, 7.83%, 0, 0, 2, 8.58
1747828460, 0, 178, 1252, 1251, 30, 7.83%, 0, 0, 2, 8.59
1747828542, 0, 178, 1253, 1252, 30, 7.83%, 0, 0, 2, 8.54
1747828579, 0, 178, 1254, 1253, 30, 7.83%, 0, 0, 2, 8.78
1747828589, 0, 178, 1256, 1255, 30, 7.83%, 0, 0, 2, 8.41
1747828752, 0, 178, 1257, 1256, 30, 7.86%, 0, 0, 2, 13.80
1747828772, 0, 178, 1258, 1257, 30, 7.86%, 0, 0, 2, 14.83
1747828813, 0, 178, 1259, 1258, 30, 7.86%, 0, 0, 2, 14.80
1747828823, 0, 179, 1259, 1258, 28, 7.86%, 0, 0, 2, 15.32
1747828829, 0, 180, 1259, 1258, 28, 7.86%, 0, 0, 2, 14.90
1747828839, 0, 181, 1260, 1259, 28, 7.86%, 0, 0, 2, 14.76
1747828859, 0, 182, 1260, 1259, 28, 7.86%, 0, 0, 2, 14.94
1747828865, 0, 183, 1260, 1259, 28, 7.86%, 0, 0, 2, 15.70
1747828875, 0, 184, 1260, 1259, 28, 7.86%, 0, 0, 2, 15.29
1747828880, 0, 185, 1260, 1259, 28, 7.86%, 0, 0, 2, 15.10
1747828890, 0, 186, 1260, 1259, 28, 7.86%, 0, 0, 2, 15.87
1747828896, 0, 187, 1260, 1259, 28, 7.86%, 0, 0, 2, 16.37
1747828901, 0, 187, 1261, 1260, 28, 7.86%, 0, 0, 2, 15.53
1747828916, 0, 189, 1261, 1260, 28, 7.86%, 0, 0, 2, 14.88
1747828921, 0, 191, 1261, 1260, 28, 7.86%, 0, 0, 2, 14.85
1747828932, 0, 192, 1261, 1260, 28, 7.86%, 0, 0, 2, 15.07
1747828942, 0, 193, 1261, 1260, 28, 7.86%, 0, 0, 2, 16.50
1747828947, 0, 195, 1261, 1260, 28, 7.86%, 0, 0, 2, 16.41
1747828957, 0, 196, 1261, 1260, 28, 7.86%, 0, 0, 2, 15.93
1747828963, 0, 197, 1261, 1260, 28, 7.86%, 0, 0, 2, 16.52
1747828973, 0, 198, 1261, 1260, 28, 7.86%, 0, 0, 2, 16.59
1747828978, 0, 200, 1261, 1260, 28, 7.86%, 0, 0, 2, 16.06
1747828993, 0, 201, 1261, 1260, 28, 7.86%, 0, 0, 2, 9.12
1747828998, 0, 201, 1262, 1261, 28, 7.86%, 0, 0, 2, 8.39
1747829024, 0, 202, 1262, 1261, 29, 7.86%, 0, 0, 2, 8.68
1747829029, 0, 202, 1265, 1264, 29, 7.86%, 0, 0, 2, 8.64
1747829034, 0, 202, 1266, 1265, 29, 7.88%, 0, 0, 2, 8.29
1747829055, 0, 202, 1267, 1266, 29, 7.88%, 0, 0, 2, 8.65
1747829080, 0, 202, 1268, 1267, 29, 7.88%, 0, 0, 2, 9.02
1747829101, 0, 202, 1269, 1268, 29, 7.88%, 0, 0, 2, 8.67
1747829111, 0, 202, 1270, 1269, 29, 7.88%, 0, 0, 2, 8.69
1747829127, 0, 202, 1271, 1270, 29, 7.88%, 0, 0, 2, 8.25
1747829204, 0, 202, 1272, 1271, 29, 7.88%, 0, 0, 2, 8.53
1747829250, 0, 202, 1273, 1272, 29, 7.88%, 0, 0, 2, 8.48
1747829255, 0, 202, 1274, 1273, 29, 7.88%, 0, 0, 2, 8.80
1747829383, 0, 202, 1275, 1274, 29, 7.88%, 0, 0, 2, 8.72
1747829501, 0, 203, 1275, 1274, 29, 7.88%, 0, 0, 2, 9.62
1747829512, 0, 204, 1275, 1274, 29, 7.88%, 0, 0, 2, 9.69
1747829527, 0, 205, 1275, 1274, 29, 7.88%, 0, 0, 2, 9.16
1747829543, 0, 207, 1275, 1274, 29, 7.88%, 0, 0, 2, 9.34
1747829553, 0, 208, 1275, 1274, 29, 7.88%, 0, 0, 2, 9.17
1747829563, 0, 208, 1276, 1275, 29, 7.88%, 0, 0, 2, 8.92
1747829584, 0, 209, 1276, 1275, 29, 7.88%, 0, 0, 2, 8.72
1747829599, 0, 210, 1276, 1275, 29, 7.88%, 0, 0, 2, 8.84
1747829610, 0, 211, 1276, 1275, 29, 7.88%, 0, 0, 2, 8.81
1747829625, 0, 212, 1276, 1275, 29, 7.88%, 0, 0, 2, 9.20
1747829641, 0, 213, 1276, 1275, 29, 7.88%, 0, 0, 2, 9.22
1747829656, 0, 214, 1276, 1275, 29, 7.88%, 0, 0, 2, 9.72
1747829666, 0, 216, 1276, 1275, 29, 7.88%, 0, 0, 2, 9.63
1747829681, 0, 217, 1276, 1275, 29, 7.88%, 0, 0, 2, 9.24
1747829692, 0, 217, 1277, 1276, 29, 7.89%, 0, 0, 2, 9.01
1747829707, 0, 218, 1278, 1277, 30, 7.89%, 0, 0, 2, 8.71
1747829738, 0, 219, 1278, 1277, 30, 7.89%, 0, 0, 2, 8.82
1747829753, 0, 220, 1278, 1277, 30, 7.89%, 0, 0, 2, 9.07
1747829769, 0, 221, 1278, 1277, 30, 7.89%, 0, 0, 2, 10.05
1747829779, 0, 222, 1278, 1277, 30, 7.89%, 0, 0, 2, 9.60
1747829794, 0, 224, 1278, 1277, 30, 7.89%, 0, 0, 2, 9.11
1747829804, 0, 224, 1279, 1278, 30, 7.89%, 0, 0, 2, 8.92
1747829825, 0, 225, 1279, 1278, 30, 7.89%, 0, 0, 2, 9.38
1747829835, 0, 227, 1279, 1278, 30, 7.89%, 0, 0, 2, 10.24
1747829850, 0, 229, 1279, 1278, 30, 7.89%, 0, 0, 2, 9.30
1747829866, 0, 231, 1279, 1278, 30, 7.89%, 0, 0, 2, 9.07
1747829876, 0, 232, 1279, 1278, 30, 7.89%, 0, 0, 2, 9.19
1747829892, 0, 233, 1279, 1278, 30, 7.89%, 0, 0, 2, 9.52
1747829907, 0, 236, 1279, 1278, 30, 7.89%, 0, 0, 2, 9.13
1747829917, 0, 238, 1279, 1278, 30, 7.89%, 0, 0, 2, 9.01
1747829933, 0, 239, 1279, 1278, 30, 7.89%, 0, 0, 2, 9.07
1747829948, 0, 241, 1279, 1278, 30, 7.89%, 0, 0, 2, 8.74
1747829964, 0, 242, 1280, 1279, 30, 7.89%, 0, 0, 2, 9.12
1747829989, 0, 243, 1280, 1279, 30, 7.89%, 0, 0, 2, 9.44
1747830004, 0, 244, 1280, 1279, 30, 7.89%, 0, 0, 2, 9.12
1747830019, 0, 245, 1280, 1279, 30, 7.89%, 0, 0, 2, 8.60
1747830035, 0, 246, 1280, 1279, 30, 7.89%, 0, 0, 2, 8.75
1747830045, 0, 247, 1280, 1279, 30, 7.89%, 0, 0, 2, 8.84
1747830060, 0, 250, 1280, 1279, 30, 7.89%, 0, 0, 2, 8.85
1747830076, 0, 251, 1280, 1279, 30, 7.89%, 0, 0, 2, 8.86
1747830091, 0, 252, 1280, 1279, 30, 7.89%, 0, 0, 2, 9.48
1747830106, 0, 253, 1280, 1279, 30, 7.89%, 0, 0, 2, 9.28
1747830117, 0, 254, 1280, 1279, 30, 7.89%, 0, 0, 2, 9.19
1747830127, 0, 254, 1281, 1280, 30, 7.89%, 0, 0, 2, 9.19
1747830147, 0, 255, 1281, 1280, 30, 7.89%, 0, 0, 2, 9.04
1747830157, 0, 256, 1281, 1280, 30, 7.89%, 0, 0, 2, 8.80
1747830173, 0, 257, 1281, 1280, 30, 7.89%, 0, 0, 2, 8.88
1747830188, 0, 260, 1281, 1280, 30, 7.89%, 0, 0, 2, 8.89
1747830204, 0, 261, 1281, 1280, 30, 7.89%, 0, 0, 2, 9.42
1747830214, 0, 262, 1281, 1280, 30, 7.89%, 0, 0, 2, 9.52
1747830229, 0, 263, 1281, 1280, 30, 7.89%, 0, 0, 2, 9.34
1747830245, 0, 264, 1281, 1280, 30, 7.89%, 0, 0, 2, 9.80
1747830255, 0, 265, 1281, 1280, 30, 7.89%, 0, 0, 2, 9.63
1747830270, 0, 266, 1281, 1280, 30, 7.89%, 0, 0, 2, 9.48
1747830280, 0, 267, 1281, 1280, 30, 7.89%, 0, 0, 2, 10.22
1747830285, 0, 267, 1282, 1281, 30, 7.89%, 0, 0, 2, 8.94
1747830311, 0, 268, 1282, 1281, 30, 7.89%, 0, 0, 2, 8.95
1747830327, 0, 269, 1282, 1281, 30, 7.89%, 0, 0, 2, 8.59
1747830342, 0, 271, 1282, 1281, 30, 7.89%, 0, 0, 2, 9.47
1747830352, 0, 272, 1282, 1281, 30, 7.89%, 0, 0, 2, 10.02
1747830368, 0, 273, 1282, 1281, 30, 7.89%, 0, 0, 2, 8.65
1747830383, 0, 275, 1282, 1281, 30, 7.89%, 0, 0, 2, 8.78
1747830399, 0, 277, 1282, 1281, 30, 7.89%, 0, 0, 2, 9.60
1747830409, 0, 278, 1282, 1281, 30, 7.89%, 0, 0, 2, 9.95
1747830424, 0, 279, 1282, 1281, 30, 7.89%, 0, 0, 2, 9.29
1747830440, 0, 280, 1282, 1281, 30, 7.89%, 0, 0, 2, 8.85
1747830450, 0, 281, 1282, 1281, 30, 7.89%, 0, 0, 2, 9.00
1747830455, 0, 281, 1283, 1282, 30, 7.89%, 0, 0, 2, 8.96
1747830481, 0, 282, 1283, 1282, 30, 7.89%, 0, 0, 2, 9.52
1747830496, 0, 283, 1283, 1282, 30, 7.89%, 0, 0, 2, 9.00
1747830507, 0, 285, 1283, 1282, 30, 7.89%, 0, 0, 2, 8.95
1747830522, 0, 288, 1283, 1282, 30, 7.89%, 0, 0, 2, 8.75
1747830538, 0, 289, 1283, 1282, 30, 7.89%, 0, 0, 2, 9.76
1747830553, 0, 290, 1283, 1282, 30, 7.89%, 0, 0, 2, 9.24
1747830563, 0, 291, 1283, 1282, 30, 7.89%, 0, 0, 2, 8.92
1747830579, 0, 292, 1283, 1282, 30, 7.89%, 0, 0, 2, 9.04
1747830589, 0, 292, 1284, 1283, 30, 7.89%, 0, 0, 2, 8.67
1747830609, 0, 293, 1284, 1283, 30, 7.89%, 0, 0, 2, 9.33
1747830625, 0, 294, 1284, 1283, 30, 7.89%, 0, 0, 2, 9.23
1747830635, 0, 295, 1284, 1283, 30, 7.89%, 0, 0, 2, 9.19
1747830645, 0, 295, 1285, 1284, 30, 7.89%, 0, 0, 2, 8.86
1747830666, 0, 296, 1285, 1284, 30, 7.89%, 0, 0, 2, 9.04
1747830681, 0, 298, 1285, 1284, 30, 7.89%, 0, 0, 2, 9.10
1747830697, 0, 299, 1285, 1284, 30, 7.89%, 0, 0, 2, 8.84
1747830707, 0, 300, 1285, 1284, 30, 7.89%, 0, 0, 2, 8.41
1747830723, 0, 301, 1285, 1284, 30, 7.89%, 0, 0, 2, 9.01
1747830738, 0, 302, 1285, 1284, 30, 7.89%, 0, 0, 2, 8.81
1747830753, 0, 303, 1285, 1284, 30, 7.89%, 0, 0, 2, 8.68
1747830764, 0, 304, 1285, 1284, 30, 7.89%, 0, 0, 2, 9.10
1747830779, 0, 304, 1286, 1285, 30, 7.90%, 0, 0, 2, 8.14
1747830789, 0, 304, 1287, 1286, 30, 7.90%, 0, 0, 2, 8.23
1747830805, 0, 304, 1288, 1287, 30, 7.90%, 0, 0, 2, 8.75
1747830815, 0, 304, 1289, 1288, 30, 7.90%, 0, 0, 2, 8.63
1747830820, 0, 304, 1290, 1289, 30, 7.90%, 0, 0, 2, 8.19
1747831015, 0, 304, 1291, 1290, 30, 7.90%, 0, 0, 2, 8.23
1747831102, 0, 304, 1292, 1291, 30, 7.90%, 0, 0, 2, 8.30
1747831143, 0, 304, 1293, 1292, 30, 7.90%, 0, 0, 2, 8.55
1747831237, 0, 304, 1294, 1293, 30, 7.90%, 0, 0, 2, 8.12
1747831247, 0, 304, 1295, 1294, 30, 7.90%, 0, 0, 2, 8.29
1747831257, 0, 305, 1296, 1295, 29, 7.90%, 0, 0, 2, 8.48
1747831288, 0, 306, 1296, 1295, 29, 7.90%, 0, 0, 2, 8.66
1747831293, 0, 306, 1297, 1296, 29, 7.90%, 0, 0, 2, 8.25
1747831308, 0, 306, 1298, 1297, 29, 7.90%, 0, 0, 2, 8.06
1747831349, 0, 309, 1298, 1297, 29, 7.90%, 0, 0, 2, 8.25
1747831359, 0, 309, 1299, 1298, 29, 7.90%, 0, 0, 2, 8.11
1747831379, 0, 309, 1300, 1299, 29, 7.90%, 0, 0, 2, 8.61
1747831405, 0, 309, 1301, 1300, 29, 7.90%, 0, 0, 2, 8.35
1747831410, 0, 309, 1302, 1301, 29, 7.90%, 0, 0, 2, 8.03
1747831457, 0, 309, 1303, 1302, 29, 7.90%, 0, 0, 2, 8.19
1747831595, 0, 309, 1304, 1303, 29, 7.92%, 0, 0, 2, 8.34
1747831704, 0, 309, 1305, 1304, 29, 7.92%, 0, 0, 2, 8.43
1747831734, 0, 309, 1306, 1305, 29, 7.92%, 0, 0, 2, 8.00
1747831796, 0, 309, 1307, 1306, 29, 7.92%, 0, 0, 2, 7.84
1747831847, 0, 310, 1307, 1306, 29, 7.92%, 0, 0, 2, 8.76
1747831863, 0, 312, 1307, 1306, 29, 7.92%, 0, 0, 2, 8.88
1747831878, 0, 313, 1308, 1307, 29, 7.92%, 0, 0, 2, 8.33
1747831909, 0, 315, 1308, 1307, 29, 7.92%, 0, 0, 2, 8.84
1747831924, 0, 316, 1308, 1307, 29, 7.92%, 0, 0, 2, 9.03
1747831934, 0, 316, 1309, 1308, 29, 7.92%, 0, 0, 2, 8.88
1747831950, 0, 317, 1309, 1308, 29, 7.92%, 0, 0, 2, 8.80
1747831965, 0, 318, 1309, 1308, 29, 7.92%, 0, 0, 2, 8.55
1747831981, 0, 319, 1309, 1308, 29, 7.92%, 0, 0, 2, 8.45
1747831996, 0, 321, 1310, 1309, 29, 7.92%, 0, 0, 2, 8.34
1747832027, 0, 322, 1310, 1309, 29, 7.92%, 0, 0, 2, 8.25
1747832042, 0, 324, 1310, 1309, 29, 7.92%, 0, 0, 2, 8.65
1747832057, 0, 326, 1310, 1309, 29, 7.92%, 0, 0, 2, 8.44
1747832067, 0, 326, 1311, 1310, 29, 7.92%, 0, 0, 2, 8.02
1747832088, 0, 327, 1311, 1310, 30, 7.92%, 0, 0, 2, 7.99
1747832103, 0, 328, 1311, 1310, 30, 7.92%, 0, 0, 2, 8.53
1747832119, 0, 328, 1313, 1312, 30, 7.92%, 0, 0, 2, 7.67
1747832170, 0, 329, 1313, 1312, 30, 7.92%, 0, 0, 2, 8.74
1747832180, 0, 329, 1314, 1313, 30, 7.92%, 0, 0, 2, 8.57
1747832195, 0, 330, 1314, 1313, 30, 7.92%, 0, 0, 2, 9.34
1747832206, 0, 330, 1315, 1314, 30, 7.92%, 0, 0, 2, 8.63
1747832226, 0, 332, 1315, 1314, 30, 7.92%, 0, 0, 2, 8.65
1747832242, 0, 335, 1316, 1315, 30, 7.92%, 0, 0, 2, 8.59
1747832278, 0, 336, 1316, 1315, 30, 7.92%, 0, 0, 2, 7.70
1747832293, 0, 337, 1316, 1315, 30, 7.92%, 0, 0, 2, 8.13
1747832309, 0, 338, 1316, 1315, 30, 7.92%, 0, 0, 2, 8.86
1747832324, 0, 339, 1316, 1315, 30, 7.92%, 0, 0, 2, 8.26
1747832339, 0, 340, 1316, 1315, 30, 7.92%, 0, 0, 2, 10.05
1747832350, 0, 341, 1316, 1315, 30, 7.92%, 0, 0, 2, 9.35
1747832365, 0, 341, 1317, 1316, 30, 7.92%, 0, 0, 2, 7.82
1747832370, 0, 341, 1318, 1317, 30, 7.92%, 0, 0, 2, 7.85
1747832416, 0, 342, 1318, 1317, 27, 7.92%, 0, 0, 2, 8.30
1747832431, 0, 342, 1319, 1318, 27, 7.93%, 0, 0, 2, 7.68
1747832452, 0, 343, 1319, 1318, 28, 7.93%, 0, 0, 2, 8.41
1747832462, 0, 345, 1319, 1318, 28, 7.93%, 0, 0, 2, 9.18
1747832477, 0, 346, 1319, 1318, 28, 7.93%, 0, 0, 2, 8.68
1747832493, 0, 347, 1319, 1318, 28, 7.93%, 0, 0, 2, 8.61
1747832508, 0, 347, 1320, 1319, 28, 7.93%, 0, 0, 2, 7.92
1747832524, 0, 348, 1320, 1319, 28, 7.93%, 0, 0, 2, 8.77
1747832539, 0, 349, 1320, 1319, 28, 7.93%, 0, 0, 2, 8.52
1747832555, 0, 350, 1321, 1320, 28, 7.93%, 0, 0, 2, 8.28
1747832565, 0, 350, 1322, 1321, 28, 7.93%, 0, 0, 2, 7.60
1747832570, 0, 350, 1323, 1322, 28, 7.93%, 0, 0, 2, 7.64
1747832575, 0, 350, 1324, 1323, 28, 7.93%, 0, 0, 2, 7.37
1747832606, 0, 350, 1325, 1324, 28, 7.93%, 0, 0, 2, 7.70
1747832632, 0, 350, 1326, 1325, 28, 7.93%, 0, 0, 2, 8.03
1747832672, 0, 350, 1327, 1326, 28, 7.93%, 0, 0, 2, 8.01
1747832688, 0, 350, 1328, 1327, 28, 7.93%, 0, 0, 2, 8.39
1747832698, 0, 350, 1329, 1328, 28, 7.93%, 0, 0, 2, 7.69
1747832821, 0, 350, 1330, 1329, 28, 7.96%, 0, 0, 2, 7.61
1747832878, 0, 350, 1331, 1330, 28, 7.97%, 0, 0, 2, 7.65
1747832914, 0, 350, 1332, 1331, 28, 7.97%, 0, 0, 2, 7.88
1747832919, 0, 350, 1333, 1332, 28, 7.97%, 0, 0, 2, 7.75
1747833021, 0, 350, 1334, 1333, 28, 8.00%, 0, 0, 2, 7.96
1747833083, 0, 351, 1334, 1333, 32, 8.00%, 0, 0, 2, 8.14
1747833099, 0, 352, 1334, 1333, 32, 8.00%, 0, 0, 2, 8.64
1747833114, 0, 355, 1334, 1333, 32, 8.00%, 0, 0, 2, 8.60
1747833129, 0, 356, 1334, 1333, 32, 8.00%, 0, 0, 2, 8.20
1747833145, 0, 358, 1334, 1333, 32, 8.00%, 0, 0, 2, 8.34
1747833160, 0, 359, 1334, 1333, 32, 8.00%, 0, 0, 2, 8.41
1747833176, 0, 361, 1334, 1333, 32, 8.00%, 0, 0, 2, 8.23
1747833186, 0, 361, 1335, 1334, 32, 8.00%, 0, 0, 2, 7.94
1747833196, 0, 361, 1336, 1335, 32, 8.00%, 0, 0, 2, 7.72
1747833207, 0, 361, 1337, 1336, 32, 8.00%, 0, 0, 2, 7.88
1747833237, 0, 361, 1338, 1337, 32, 8.00%, 0, 0, 2, 7.62
1747833252, 0, 361, 1339, 1338, 32, 8.00%, 0, 0, 2, 7.78
1747833298, 0, 361, 1340, 1339, 32, 8.00%, 0, 0, 2, 7.60
1747833452, 0, 361, 1341, 1340, 32, 8.09%, 0, 0, 2, 8.00
1747833508, 0, 361, 1342, 1341, 32, 8.09%, 0, 0, 2, 7.59
1747833539, 0, 361, 1343, 1342, 32, 8.10%, 0, 0, 2, 8.02
1747833580, 0, 361, 1344, 1343, 32, 8.10%, 0, 0, 2, 7.77
1747833616, 0, 361, 1345, 1344, 32, 8.10%, 0, 0, 2, 7.87
1747833626, 0, 361, 1346, 1345, 32, 8.10%, 0, 0, 2, 7.59
1747833642, 0, 361, 1347, 1346, 32, 8.10%, 0, 0, 2, 8.16
1747833709, 0, 363, 1347, 1346, 30, 8.10%, 0, 0, 2, 8.10
1747833724, 0, 364, 1348, 1347, 30, 8.10%, 0, 0, 2, 7.70
1747833755, 0, 366, 1348, 1347, 30, 8.10%, 0, 0, 2, 7.51
1747833770, 0, 368, 1348, 1347, 30, 8.10%, 0, 0, 2, 8.77
1747833786, 0, 369, 1348, 1347, 30, 8.10%, 0, 0, 2, 8.72
1747833801, 0, 370, 1348, 1347, 30, 8.10%, 0, 0, 2, 8.71
1747833816, 0, 371, 1348, 1347, 30, 8.10%, 0, 0, 2, 9.16
1747833827, 0, 372, 1348, 1347, 30, 8.10%, 0, 0, 2, 9.63
1747833842, 0, 374, 1348, 1347, 30, 8.10%, 0, 0, 2, 9.26
1747833852, 0, 375, 1348, 1347, 30, 8.10%, 0, 0, 2, 13.74
1747833862, 0, 376, 1348, 1347, 30, 8.10%, 0, 0, 2, 14.07
1747833873, 0, 377, 1348, 1347, 30, 8.10%, 0, 0, 2, 13.84
1747833878, 0, 377, 1349, 1348, 30, 8.10%, 0, 0, 2, 13.36
1747833893, 0, 378, 1349, 1348, 30, 8.10%, 0, 0, 2, 14.91
1747833898, 0, 379, 1349, 1348, 30, 8.10%, 0, 0, 2, 15.27
1747833909, 0, 380, 1350, 1349, 30, 8.10%, 0, 0, 2, 14.07
1747833929, 0, 382, 1350, 1349, 26, 8.10%, 0, 0, 2, 15.62
1747833934, 0, 383, 1350, 1349, 26, 8.10%, 0, 0, 2, 16.85
1747833944, 0, 384, 1350, 1349, 26, 8.10%, 0, 0, 2, 15.13
1747833955, 0, 385, 1350, 1349, 26, 8.10%, 0, 0, 2, 14.59
1747833960, 0, 386, 1350, 1349, 26, 8.10%, 0, 0, 2, 14.46
1747833970, 0, 387, 1350, 1349, 26, 8.10%, 0, 0, 2, 13.69
1747833980, 0, 388, 1350, 1349, 26, 8.10%, 0, 0, 2, 14.06
1747833991, 0, 389, 1350, 1349, 26, 8.10%, 0, 0, 2, 15.09
1747833996, 0, 392, 1350, 1349, 26, 8.10%, 0, 0, 2, 15.15
1747834006, 0, 393, 1350, 1349, 26, 8.10%, 0, 0, 2, 14.35
1747834016, 0, 394, 1350, 1349, 26, 8.10%, 0, 0, 2, 15.05
1747834026, 0, 395, 1350, 1349, 26, 8.10%, 0, 0, 2, 13.95
1747834032, 0, 396, 1350, 1349, 26, 8.10%, 0, 0, 2, 14.20
1747834042, 0, 397, 1350, 1349, 26, 8.10%, 0, 0, 2, 13.96
1747834052, 0, 398, 1350, 1349, 26, 8.10%, 0, 0, 2, 14.23
1747834062, 0, 399, 1350, 1349, 26, 8.10%, 0, 0, 2, 14.24
1747834067, 0, 400, 1350, 1349, 26, 8.10%, 0, 0, 2, 14.17
1747834078, 0, 401, 1350, 1349, 26, 8.10%, 0, 0, 2, 13.53
1747834093, 0, 402, 1350, 1349, 26, 8.10%, 0, 0, 2, 8.33
1747834109, 0, 403, 1350, 1349, 26, 8.10%, 0, 0, 2, 8.05
1747834124, 0, 404, 1350, 1349, 26, 8.10%, 0, 0, 2, 9.17
1747834139, 0, 405, 1350, 1349, 26, 8.10%, 0, 0, 2, 9.03
1747834149, 0, 406, 1350, 1349, 26, 8.10%, 0, 0, 2, 8.62
1747834165, 0, 407, 1350, 1349, 26, 8.10%, 0, 0, 2, 9.31
1747834180, 0, 408, 1350, 1349, 26, 8.10%, 0, 0, 2, 8.61
1747834196, 0, 409, 1350, 1349, 26, 8.10%, 0, 0, 2, 8.27
1747834211, 0, 410, 1350, 1349, 26, 8.10%, 0, 0, 2, 8.79
1747834216, 0, 410, 1351, 1350, 26, 8.10%, 0, 0, 2, 7.80
1747834221, 0, 410, 1352, 1351, 26, 8.10%, 0, 0, 2, 7.30
1747834226, 0, 410, 1353, 1352, 26, 8.10%, 0, 0, 2, 7.52
1747834232, 0, 410, 1354, 1353, 26, 8.10%, 0, 0, 2, 7.54
1747834247, 0, 410, 1355, 1354, 26, 8.10%, 0, 0, 2, 7.96
1747834314, 0, 410, 1356, 1355, 26, 8.10%, 0, 0, 2, 7.63
1747834330, 0, 410, 1357, 1356, 26, 8.10%, 0, 0, 2, 7.44
1747834448, 0, 410, 1358, 1357, 26, 8.10%, 0, 0, 2, 7.46
1747834515, 0, 410, 1359, 1358, 26, 8.10%, 0, 0, 2, 7.49
1747834607, 0, 410, 1360, 1359, 26, 8.11%, 0, 0, 2, 7.73
1747834747, 0, 411, 1360, 1359, 26, 8.11%, 0, 0, 2, 8.37
1747834762, 0, 412, 1360, 1359, 26, 8.11%, 0, 0, 2, 8.40
1747834777, 0, 413, 1360, 1359, 26, 8.11%, 0, 0, 2, 8.47
1747834788, 0, 414, 1360, 1359, 26, 8.11%, 0, 0, 2, 8.40
1747834803, 0, 415, 1360, 1359, 26, 8.11%, 0, 0, 2, 8.83
1747834818, 0, 416, 1361, 1360, 26, 8.11%, 0, 0, 2, 8.66
1747834844, 0, 416, 1362, 1361, 26, 8.11%, 0, 0, 2, 7.37
1747834849, 0, 416, 1363, 1362, 26, 8.11%, 0, 0, 2, 7.48
1747834854, 0, 416, 1365, 1364, 26, 8.11%, 0, 0, 2, 7.47
1747834875, 0, 416, 1366, 1365, 26, 8.11%, 0, 0, 2, 7.77
1747834891, 0, 416, 1367, 1366, 26, 8.11%, 0, 0, 2, 7.38
1747834906, 0, 416, 1368, 1367, 26, 8.11%, 0, 0, 2, 8.25
1747834932, 0, 416, 1369, 1368, 26, 8.11%, 0, 0, 2, 8.20
1747834994, 0, 416, 1370, 1369, 26, 8.11%, 0, 0, 2, 8.09
1747834999, 0, 416, 1371, 1370, 26, 8.11%, 0, 0, 2, 7.94
1747835081, 0, 416, 1372, 1371, 26, 8.11%, 0, 0, 2, 7.63
1747835111, 0, 416, 1373, 1372, 26, 8.11%, 0, 0, 2, 7.39
1747835271, 0, 416, 1374, 1373, 26, 8.11%, 0, 0, 2, 7.92
1747835292, 0, 416, 1375, 1374, 26, 8.11%, 0, 0, 2, 7.42
1747835313, 0, 416, 1376, 1375, 26, 8.11%, 0, 0, 2, 7.28
1747835369, 0, 417, 1376, 1375, 26, 8.11%, 0, 0, 2, 8.72
1747835380, 0, 420, 1376, 1375, 26, 8.11%, 0, 0, 2, 9.41
1747835385, 0, 420, 1377, 1376, 26, 8.11%, 0, 0, 2, 8.18
1747835405, 0, 420, 1378, 1377, 26, 8.11%, 0, 0, 2, 7.47
1747835452, 0, 421, 1378, 1377, 26, 8.11%, 0, 0, 2, 8.62
1747835468, 0, 422, 1378, 1377, 26, 8.11%, 0, 0, 2, 8.74
1747835478, 0, 423, 1378, 1377, 26, 8.11%, 0, 0, 2, 9.01
1747835493, 0, 424, 1378, 1377, 26, 8.11%, 0, 0, 2, 8.93
1747835508, 0, 425, 1378, 1377, 26, 8.11%, 0, 0, 2, 8.09
1747835513, 0, 425, 1379, 1378, 26, 8.11%, 0, 0, 2, 7.73
1747835519, 0, 425, 1380, 1379, 26, 8.12%, 0, 0, 2, 7.38
1747835529, 0, 425, 1381, 1380, 26, 8.12%, 0, 0, 2, 7.35
1747835534, 0, 425, 1382, 1381, 26, 8.17%, 0, 0, 2, 7.25
1747835539, 0, 425, 1383, 1382, 26, 8.17%, 0, 0, 2, 7.30
1747835554, 0, 425, 1384, 1383, 26, 8.17%, 0, 0, 2, 7.63
1747835575, 0, 425, 1385, 1384, 26, 8.17%, 0, 0, 2, 7.71
1747835585, 0, 425, 1386, 1385, 26, 8.17%, 0, 0, 2, 7.39
1747835595, 0, 425, 1387, 1386, 26, 8.17%, 0, 0, 2, 7.08
1747835616, 0, 425, 1388, 1387, 26, 8.17%, 0, 0, 2, 7.84
1747835621, 0, 425, 1389, 1388, 26, 8.17%, 0, 0, 2, 7.11
1747835637, 0, 425, 1390, 1389, 26, 8.17%, 0, 0, 2, 7.11
1747835652, 0, 425, 1391, 1390, 26, 8.17%, 0, 0, 2, 7.78
1747835668, 0, 425, 1392, 1391, 26, 8.17%, 0, 0, 2, 7.64
1747835725, 0, 425, 1393, 1392, 26, 8.17%, 0, 0, 2, 8.04
1747835735, 0, 425, 1394, 1393, 26, 8.17%, 0, 0, 2, 7.89
1747835776, 0, 425, 1395, 1394, 26, 8.17%, 0, 0, 2, 7.76
1747835786, 0, 425, 1396, 1395, 26, 8.17%, 0, 0, 2, 7.31
1747835905, 0, 425, 1397, 1396, 26, 8.17%, 0, 0, 2, 7.52
1747835920, 0, 425, 1398, 1397, 26, 8.17%, 0, 0, 2, 7.62
1747835956, 0, 425, 1399, 1398, 26, 8.17%, 0, 0, 2, 7.61
1747836002, 0, 425, 1400, 1399, 26, 8.17%, 0, 0, 2, 7.35
1747836008, 0, 425, 1401, 1400, 26, 8.17%, 0, 0, 2, 7.11
1747836023, 0, 425, 1402, 1401, 26, 8.17%, 0, 0, 2, 7.51
1747836080, 0, 426, 1402, 1401, 27, 8.17%, 0, 0, 2, 7.58
1747836095, 0, 427, 1402, 1401, 27, 8.17%, 0, 0, 2, 7.59
1747836116, 0, 428, 1403, 1402, 27, 8.17%, 0, 0, 2, 7.95
1747836146, 0, 429, 1403, 1402, 27, 8.17%, 0, 0, 2, 7.48
1747836167, 0, 432, 1403, 1402, 27, 8.17%, 0, 0, 2, 12.63
1747836177, 0, 434, 1403, 1402, 27, 8.17%, 0, 0, 2, 13.99
1747836182, 0, 435, 1403, 1402, 27, 8.17%, 0, 0, 2, 13.55
1747836192, 0, 436, 1403, 1402, 27, 8.17%, 0, 0, 2, 13.26
1747836203, 0, 437, 1403, 1402, 27, 8.17%, 0, 0, 2, 12.98
1747836213, 0, 439, 1403, 1402, 27, 8.17%, 0, 0, 2, 13.48
1747836223, 0, 440, 1403, 1402, 27, 8.17%, 0, 0, 2, 14.63
1747836233, 0, 441, 1404, 1403, 27, 8.17%, 0, 0, 2, 13.32
1747836239, 0, 441, 1405, 1404, 27, 8.17%, 0, 0, 2, 12.90
1747836269, 0, 441, 1406, 1405, 27, 8.17%, 0, 0, 2, 12.52
1747836289, 0, 441, 1407, 1406, 27, 8.17%, 0, 0, 2, 12.52
1747836295, 0, 441, 1408, 1407, 27, 8.17%, 0, 0, 2, 12.60
1747836315, 0, 441, 1409, 1408, 27, 8.17%, 0, 0, 2, 12.82
1747836335, 0, 441, 1411, 1410, 27, 8.17%, 0, 0, 2, 12.39
1747836345, 0, 441, 1412, 1411, 27, 8.17%, 0, 0, 2, 12.35
1747836371, 0, 441, 1413, 1412, 27, 8.17%, 0, 0, 2, 12.24
1747836392, 0, 441, 1414, 1413, 27, 8.17%, 0, 0, 2, 13.08
1747836397, 0, 441, 1416, 1415, 27, 8.17%, 0, 0, 2, 12.30
1747836505, 0, 441, 1417, 1416, 27, 8.17%, 0, 0, 2, 12.03
1747836510, 0, 441, 1418, 1417, 27, 8.17%, 0, 0, 2, 12.09
1747836566, 0, 442, 1418, 1417, 28, 8.17%, 0, 0, 2, 12.69
1747836576, 0, 443, 1418, 1417, 28, 8.17%, 0, 0, 2, 12.61
1747836582, 0, 443, 1419, 1418, 28, 8.17%, 0, 0, 2, 12.13
1747836597, 0, 445, 1419, 1418, 28, 8.17%, 0, 0, 2, 13.03
1747836607, 0, 446, 1419, 1418, 28, 8.17%, 0, 0, 2, 13.44
1747836617, 0, 447, 1419, 1418, 28, 8.17%, 0, 0, 2, 13.11
1747836627, 0, 448, 1419, 1418, 28, 8.17%, 0, 0, 2, 13.00
1747836638, 0, 449, 1419, 1418, 28, 8.17%, 0, 0, 2, 13.13
1747836648, 0, 450, 1419, 1418, 28, 8.17%, 0, 0, 2, 12.80
1747836658, 0, 451, 1419, 1418, 28, 8.17%, 0, 0, 2, 12.99
1747836663, 0, 451, 1420, 1419, 28, 8.17%, 0, 0, 2, 12.46
1747836679, 0, 454, 1420, 1419, 28, 8.17%, 0, 0, 2, 12.41
1747836689, 0, 455, 1420, 1419, 28, 8.17%, 0, 0, 2, 13.82
1747836699, 0, 456, 1420, 1419, 28, 8.17%, 0, 0, 2, 13.05
1747836710, 0, 457, 1420, 1419, 28, 8.17%, 0, 0, 2, 14.15
1747836715, 0, 458, 1420, 1419, 28, 8.17%, 0, 0, 2, 14.41
1747836725, 0, 460, 1420, 1419, 28, 8.17%, 0, 0, 2, 14.33
1747836735, 0, 461, 1420, 1419, 28, 8.17%, 0, 0, 2, 14.03
1747836745, 0, 462, 1420, 1419, 28, 8.17%, 0, 0, 2, 15.67
1747836750, 0, 463, 1420, 1419, 28, 8.17%, 0, 0, 2, 15.97
1747836760, 0, 465, 1422, 1421, 28, 8.17%, 0, 0, 2, 13.29
1747836801, 0, 465, 1423, 1422, 28, 8.17%, 0, 0, 2, 12.30
1747836842, 0, 466, 1423, 1422, 28, 8.17%, 0, 0, 2, 12.71
1747836852, 0, 467, 1423, 1422, 28, 8.17%, 0, 0, 2, 14.02
1747836862, 0, 468, 1423, 1422, 28, 8.17%, 0, 0, 2, 14.44
1747836873, 0, 469, 1423, 1422, 28, 8.17%, 0, 0, 2, 16.63
1747836878, 0, 470, 1423, 1422, 28, 8.17%, 0, 0, 2, 15.30
1747836888, 0, 471, 1423, 1422, 28, 8.17%, 0, 0, 2, 13.79
1747836898, 0, 472, 1423, 1422, 28, 8.17%, 0, 0, 2, 12.31
1747836909, 0, 473, 1423, 1422, 28, 8.17%, 0, 0, 2, 12.82
1747836919, 0, 474, 1423, 1422, 28, 8.17%, 0, 0, 2, 12.37
1747836924, 0, 474, 1424, 1423, 28, 8.17%, 0, 0, 2, 12.61
1747836929, 0, 474, 1425, 1424, 28, 8.17%, 0, 0, 2, 12.48
1747836960, 0, 475, 1425, 1424, 28, 8.17%, 0, 0, 2, 12.09
1747836970, 0, 476, 1425, 1424, 28, 8.17%, 0, 0, 2, 13.54
1747836980, 0, 477, 1425, 1424, 28, 8.17%, 0, 0, 2, 14.52
1747836990, 0, 478, 1425, 1424, 28, 8.17%, 0, 0, 2, 13.32
1747837001, 0, 479, 1425, 1424, 28, 8.17%, 0, 0, 2, 12.97
1747837011, 0, 480, 1425, 1424, 28, 8.17%, 0, 0, 2, 13.49
1747837016, 0, 482, 1425, 1424, 28, 8.17%, 0, 0, 2, 14.51
1747837021, 0, 482, 1426, 1425, 28, 8.17%, 0, 0, 2, 12.84
1747837036, 0, 482, 1427, 1426, 28, 8.17%, 0, 0, 2, 12.07
1747837052, 0, 482, 1428, 1427, 28, 8.17%, 0, 0, 2, 12.20
1747837067, 0, 482, 1429, 1428, 28, 8.17%, 0, 0, 2, 12.31
1747837098, 0, 482, 1430, 1429, 28, 8.17%, 0, 0, 2, 12.99
1747837113, 0, 482, 1431, 1430, 28, 8.17%, 0, 0, 2, 12.00
1747837134, 0, 482, 1432, 1431, 28, 8.17%, 0, 0, 2, 12.79
1747837155, 0, 482, 1433, 1432, 28, 8.17%, 0, 0, 2, 12.31
1747837160, 0, 482, 1434, 1433, 28, 8.17%, 0, 0, 2, 12.17
1747837186, 0, 482, 1435, 1434, 28, 8.17%, 0, 0, 2, 12.40
1747837191, 0, 482, 1436, 1435, 28, 8.17%, 0, 0, 2, 11.95
1747837226, 0, 482, 1437, 1436, 28, 8.17%, 0, 0, 2, 12.05
1747837303, 0, 482, 1438, 1437, 28, 8.17%, 0, 0, 2, 12.77
1747837386, 0, 483, 1438, 1437, 29, 8.17%, 0, 0, 2, 7.27
1747837396, 0, 483, 1439, 1438, 29, 8.17%, 0, 0, 2, 7.74
1747837411, 0, 483, 1440, 1439, 29, 8.25%, 0, 0, 2, 7.16
1747837462, 0, 485, 1440, 1439, 30, 8.25%, 0, 0, 2, 8.70
1747837473, 0, 486, 1440, 1439, 30, 8.25%, 0, 0, 2, 8.90
1747837488, 0, 487, 1440, 1439, 30, 8.25%, 0, 0, 2, 9.38
1747837503, 0, 488, 1440, 1439, 30, 8.25%, 0, 0, 2, 7.98
1747837514, 0, 488, 1441, 1440, 30, 8.25%, 0, 0, 2, 7.07
1747837539, 0, 489, 1441, 1440, 30, 8.25%, 0, 0, 2, 8.09
1747837555, 0, 490, 1441, 1440, 30, 8.25%, 0, 0, 2, 8.01
1747837560, 0, 490, 1442, 1441, 30, 8.32%, 0, 0, 2, 7.32
1747837570, 0, 490, 1443, 1442, 30, 8.33%, 0, 0, 2, 6.92
1747837627, 0, 491, 1445, 1444, 30, 8.33%, 0, 0, 2, 7.51
1747837638, 0, 491, 1447, 1446, 30, 8.33%, 0, 0, 2, 7.10
1747837653, 0, 491, 1448, 1447, 30, 8.33%, 0, 0, 2, 6.78
1747837658, 0, 491, 1449, 1448, 30, 8.33%, 0, 0, 2, 7.24
1747837664, 0, 491, 1450, 1449, 30, 8.33%, 0, 0, 2, 7.22
1747837669, 0, 491, 1451, 1450, 30, 8.33%, 0, 0, 2, 7.13
1747837751, 0, 491, 1452, 1451, 30, 8.33%, 0, 0, 2, 7.36
1747837802, 0, 491, 1453, 1452, 30, 8.33%, 0, 0, 2, 7.23
1747837823, 0, 491, 1454, 1453, 30, 8.33%, 0, 0, 2, 7.19
1747837828, 0, 491, 1455, 1454, 30, 8.33%, 0, 0, 2, 6.92
1747837833, 0, 491, 1456, 1455, 30, 8.33%, 0, 0, 2, 7.17
1747837885, 0, 491, 1457, 1456, 30, 8.34%, 0, 0, 2, 7.14
1747838210, 0, 492, 1457, 1456, 32, 8.34%, 0, 0, 2, 7.28
1747838225, 0, 493, 1457, 1456, 32, 8.34%, 0, 0, 2, 7.68
1747838241, 0, 495, 1457, 1456, 32, 8.34%, 0, 0, 2, 8.75
1747838256, 0, 496, 1457, 1456, 32, 8.34%, 0, 0, 2, 9.72
1747838266, 0, 497, 1457, 1456, 32, 8.34%, 0, 0, 2, 11.97
1747838271, 0, 497, 1458, 1457, 32, 8.34%, 0, 0, 2, 11.92
1747838282, 0, 497, 1459, 1458, 32, 8.34%, 0, 0, 2, 12.33
1747838312, 0, 498, 1459, 1458, 32, 8.34%, 0, 0, 2, 13.22
1747838323, 0, 499, 1459, 1458, 32, 8.34%, 0, 0, 2, 16.50
1747838328, 0, 501, 1459, 1458, 32, 8.34%, 0, 0, 2, 15.45
1747838338, 0, 502, 1459, 1458, 32, 8.34%, 0, 0, 2, 15.75
1747838343, 0, 503, 1459, 1458, 32, 8.34%, 0, 0, 2, 14.84
1747838349, 0, 503, 1460, 1459, 32, 8.34%, 0, 0, 2, 13.55
1747838354, 0, 503, 1462, 1461, 32, 8.34%, 0, 0, 2, 12.26
1747838364, 0, 503, 1463, 1462, 32, 8.34%, 0, 0, 2, 12.31
1747838369, 0, 503, 1464, 1463, 32, 8.35%, 0, 0, 2, 12.43
1747838431, 0, 503, 1465, 1464, 32, 8.35%, 0, 0, 2, 12.19
1747838452, 0, 503, 1466, 1465, 32, 8.35%, 0, 0, 2, 12.11
1747838528, 0, 503, 1467, 1466, 32, 8.35%, 0, 0, 2, 11.68
1747838548, 0, 503, 1468, 1467, 32, 8.35%, 0, 0, 2, 12.40
1747838620, 0, 503, 1469, 1468, 32, 8.35%, 0, 0, 2, 6.93
1747838692, 0, 503, 1470, 1469, 32, 8.35%, 0, 0, 2, 6.82
1747838744, 0, 505, 1470, 1469, 33, 8.35%, 0, 0, 2, 8.08
1747838759, 0, 506, 1470, 1469, 33, 8.35%, 0, 0, 2, 8.22
1747838775, 0, 509, 1470, 1469, 33, 8.35%, 0, 0, 2, 7.44
1747838795, 0, 511, 1470, 1469, 33, 8.35%, 0, 0, 2, 7.41
1747838811, 0, 513, 1470, 1469, 33, 8.35%, 0, 0, 2, 7.27
1747838826, 0, 514, 1470, 1469, 33, 8.35%, 0, 0, 2, 8.12
1747838841, 0, 516, 1470, 1469, 33, 8.35%, 0, 0, 2, 8.63
1747838857, 0, 517, 1470, 1469, 33, 8.35%, 0, 0, 2, 7.88
1747838872, 0, 518, 1470, 1469, 33, 8.35%, 0, 0, 2, 7.16
1747838883, 0, 518, 1471, 1470, 33, 8.35%, 0, 0, 2, 7.18
1747838913, 0, 519, 1471, 1470, 33, 8.35%, 0, 0, 2, 8.15
1747838929, 0, 520, 1471, 1470, 33, 8.35%, 0, 0, 2, 7.71
1747838939, 0, 520, 1472, 1471, 33, 8.35%, 0, 0, 2, 7.04
1747838960, 0, 520, 1473, 1472, 33, 8.35%, 0, 0, 2, 7.04
1747839001, 0, 521, 1473, 1472, 33, 8.35%, 0, 0, 2, 7.81
1747839016, 0, 522, 1473, 1472, 33, 8.35%, 0, 0, 2, 7.60
1747839032, 0, 523, 1473, 1472, 33, 8.35%, 0, 0, 2, 7.78
1747839042, 0, 523, 1474, 1473, 33, 8.35%, 0, 0, 2, 7.06
1747839063, 0, 523, 1475, 1474, 33, 8.35%, 0, 0, 2, 7.34
1747839104, 0, 524, 1475, 1474, 33, 8.35%, 0, 0, 2, 7.66
1747839124, 0, 525, 1475, 1474, 33, 8.35%, 0, 0, 2, 7.83
1747839140, 0, 526, 1475, 1474, 33, 8.35%, 0, 0, 2, 7.57
1747839150, 0, 526, 1476, 1475, 33, 8.35%, 0, 0, 2, 6.99
1747839176, 0, 527, 1476, 1475, 33, 8.35%, 0, 0, 2, 7.74
1747839192, 0, 528, 1476, 1475, 33, 8.35%, 0, 0, 2, 7.83
1747839207, 0, 528, 1477, 1476, 33, 8.35%, 0, 0, 2, 7.34
1747839228, 0, 529, 1477, 1476, 33, 8.35%, 0, 0, 2, 8.03
1747839243, 0, 530, 1477, 1476, 33, 8.35%, 0, 0, 2, 8.68
1747839259, 0, 531, 1477, 1476, 33, 8.35%, 0, 0, 2, 7.65
1747839274, 0, 532, 1477, 1476, 33, 8.35%, 0, 0, 2, 7.43
1747839295, 0, 533, 1477, 1476, 33, 8.35%, 0, 0, 2, 7.12
1747839310, 0, 534, 1477, 1476, 33, 8.35%, 0, 0, 2, 8.04
1747839326, 0, 535, 1477, 1476, 33, 8.35%, 0, 0, 2, 8.48
1747839341, 0, 536, 1477, 1476, 33, 8.35%, 0, 0, 2, 6.95
1747839362, 0, 537, 1477, 1476, 33, 8.35%, 0, 0, 2, 7.25
1747839378, 0, 538, 1477, 1476, 33, 8.35%, 0, 0, 2, 7.68
1747839383, 0, 538, 1479, 1478, 33, 8.35%, 0, 0, 2, 6.68
1747839424, 0, 538, 1480, 1479, 33, 8.35%, 0, 0, 2, 7.24
1747839522, 0, 539, 1480, 1479, 33, 8.35%, 0, 0, 2, 7.72
1747839537, 0, 540, 1480, 1479, 33, 8.35%, 0, 0, 2, 8.76
1747839553, 0, 541, 1480, 1479, 33, 8.35%, 0, 0, 2, 8.42
1747839569, 0, 542, 1480, 1479, 33, 8.35%, 0, 0, 2, 7.86
1747839584, 0, 544, 1480, 1479, 33, 8.35%, 0, 0, 2, 7.10
1747839600, 0, 545, 1480, 1479, 33, 8.35%, 0, 0, 2, 8.60
1747839620, 0, 547, 1480, 1479, 33, 8.35%, 0, 0, 2, 8.72
1747839631, 0, 548, 1480, 1479, 33, 8.35%, 0, 0, 2, 8.85
1747839651, 0, 549, 1480, 1479, 33, 8.35%, 0, 0, 2, 7.66
1747839667, 0, 550, 1480, 1479, 33, 8.35%, 0, 0, 2, 7.15
1747839687, 0, 551, 1480, 1479, 33, 8.35%, 0, 0, 2, 8.89
1747839697, 0, 552, 1480, 1479, 33, 8.35%, 0, 0, 2, 10.23
1747839712, 0, 554, 1480, 1479, 33, 8.35%, 0, 0, 2, 9.20
1747839728, 0, 555, 1480, 1479, 33, 8.35%, 0, 0, 2, 7.93
1747839743, 0, 556, 1480, 1479, 33, 8.35%, 0, 0, 2, 7.56
1747839763, 0, 557, 1481, 1480, 33, 8.36%, 0, 0, 2, 7.02
1747839799, 0, 558, 1481, 1480, 32, 8.36%, 0, 0, 2, 8.13
1747839805, 0, 558, 1482, 1481, 32, 8.36%, 0, 0, 2, 8.94
1747839830, 0, 559, 1482, 1481, 32, 8.36%, 0, 0, 2, 8.72
1747839846, 0, 561, 1482, 1481, 32, 8.36%, 0, 0, 2, 8.58
1747839856, 0, 562, 1482, 1481, 32, 8.36%, 0, 0, 2, 8.63
1747839861, 0, 562, 1483, 1482, 32, 8.36%, 0, 0, 2, 7.05
1747839871, 0, 562, 1484, 1483, 32, 8.36%, 0, 0, 2, 6.88
1747839933, 0, 563, 1485, 1484, 32, 8.36%, 0, 0, 2, 7.17
1747839938, 0, 563, 1486, 1485, 32, 8.36%, 0, 0, 2, 6.59
1747840010, 0, 564, 1486, 1485, 32, 8.36%, 0, 0, 2, 8.12
1747840025, 0, 566, 1486, 1485, 32, 8.36%, 0, 0, 2, 8.41
1747840040, 0, 567, 1486, 1485, 32, 8.36%, 0, 0, 2, 7.63
1747840056, 0, 570, 1486, 1485, 32, 8.36%, 0, 0, 2, 13.44
1747841644, 0, 571, 1486, 1484, 31, 8.36%, 0, 0, 2, 11.19
1747841660, 0, 573, 1486, 1484, 31, 8.36%, 0, 0, 2, 7.22
1747841681, 0, 575, 1486, 1484, 31, 8.36%, 0, 0, 2, 7.73
1747841696, 0, 576, 1486, 1484, 31, 8.36%, 0, 0, 2, 6.80
1747841716, 0, 577, 1486, 1484, 31, 8.36%, 0, 0, 2, 8.27
1747841732, 0, 578, 1486, 1484, 31, 8.36%, 0, 0, 2, 8.77
1747841742, 0, 579, 1486, 1484, 31, 8.36%, 0, 0, 2, 8.25
1747841763, 0, 580, 1486, 1484, 31, 8.36%, 0, 0, 2, 8.01
1747841778, 0, 581, 1486, 1484, 31, 8.36%, 0, 0, 2, 8.64
1747841794, 0, 582, 1486, 1484, 31, 8.36%, 0, 0, 2, 8.36
1747841809, 0, 585, 1486, 1484, 31, 8.36%, 0, 0, 2, 9.14
1747841819, 0, 586, 1486, 1484, 31, 8.36%, 0, 0, 2, 8.86
1747841840, 0, 587, 1486, 1484, 31, 8.36%, 0, 0, 2, 8.01
1747841855, 0, 588, 1486, 1484, 31, 8.36%, 0, 0, 2, 9.25
1747841865, 0, 589, 1486, 1484, 31, 8.36%, 0, 0, 2, 9.39
1747841880, 0, 592, 1486, 1484, 31, 8.36%, 0, 0, 2, 8.29
1747841901, 0, 593, 1486, 1484, 31, 8.36%, 0, 0, 2, 7.27
1747841916, 0, 594, 1486, 1484, 31, 8.36%, 0, 0, 2, 7.38
1747841931, 0, 595, 1486, 1484, 31, 8.36%, 0, 0, 2, 8.75
1747841947, 0, 597, 1486, 1484, 31, 8.36%, 0, 0, 2, 9.06
1747841962, 0, 598, 1486, 1484, 31, 8.36%, 0, 0, 2, 8.79
1747841972, 0, 599, 1486, 1484, 31, 8.36%, 0, 0, 2, 8.88
1747841988, 0, 600, 1486, 1484, 31, 8.36%, 0, 0, 2, 8.34
1747842003, 0, 601, 1486, 1484, 31, 8.36%, 0, 0, 2, 8.70
1747842023, 0, 602, 1486, 1484, 31, 8.36%, 0, 0, 2, 7.24
1747842038, 0, 603, 1486, 1484, 31, 8.36%, 0, 0, 2, 7.20
1747842059, 0, 604, 1486, 1484, 31, 8.36%, 0, 0, 2, 7.79
1747842074, 0, 606, 1486, 1484, 31, 8.36%, 0, 0, 2, 8.61
1747842090, 0, 607, 1486, 1484, 31, 8.36%, 0, 0, 2, 8.19
1747842105, 0, 608, 1486, 1484, 31, 8.36%, 0, 0, 2, 8.95
1747842115, 0, 609, 1486, 1484, 31, 8.36%, 0, 0, 2, 9.01
1747842131, 0, 610, 1486, 1484, 31, 8.36%, 0, 0, 2, 8.43
1747842136, 0, 610, 1487, 1485, 31, 8.36%, 0, 0, 3, 7.37
1747842172, 0, 611, 1487, 1485, 31, 8.36%, 0, 0, 3, 7.19
1747842187, 0, 612, 1487, 1485, 31, 8.36%, 0, 0, 3, 7.24
1747842208, 0, 613, 1487, 1485, 31, 8.36%, 0, 0, 3, 7.15
1747842223, 0, 614, 1487, 1485, 31, 8.36%, 0, 0, 3, 8.08
1747842239, 0, 615, 1487, 1485, 31, 8.36%, 0, 0, 3, 9.18
1747842254, 0, 617, 1487, 1485, 31, 8.36%, 0, 0, 3, 8.29
1747842270, 0, 618, 1487, 1485, 31, 8.36%, 0, 0, 3, 7.67
1747842285, 0, 619, 1487, 1485, 31, 8.36%, 0, 0, 3, 7.59
1747842300, 0, 620, 1487, 1485, 31, 8.36%, 0, 0, 3, 7.60
1747842321, 0, 621, 1487, 1485, 31, 8.36%, 0, 0, 3, 7.25
1747842336, 0, 622, 1487, 1485, 31, 8.36%, 0, 0, 3, 7.31
1747842351, 0, 622, 1488, 1486, 31, 8.37%, 0, 0, 3, 6.84
1747842377, 0, 623, 1488, 1486, 31, 8.37%, 0, 0, 3, 6.77
1747842393, 0, 623, 1489, 1487, 31, 8.37%, 0, 0, 3, 7.12
1747842413, 0, 625, 1489, 1487, 31, 8.37%, 0, 0, 3, 7.13
1747842434, 0, 626, 1489, 1487, 31, 8.37%, 0, 0, 3, 6.97
1747842449, 0, 627, 1489, 1487, 31, 8.37%, 0, 0, 3, 6.83
1747842470, 0, 628, 1489, 1487, 31, 8.37%, 0, 0, 3, 7.42
1747842485, 0, 629, 1489, 1487, 31, 8.37%, 0, 0, 3, 7.40
1747842501, 0, 630, 1489, 1487, 31, 8.37%, 0, 0, 3, 8.27
1747842516, 0, 631, 1489, 1487, 31, 8.37%, 0, 0, 3, 7.47
1747842527, 0, 631, 1490, 1488, 31, 8.37%, 0, 0, 3, 7.03
1747842552, 0, 631, 1491, 1489, 31, 8.37%, 0, 0, 3, 6.61
1747842593, 0, 632, 1491, 1489, 31, 8.37%, 0, 0, 3, 7.31
1747842614, 0, 635, 1491, 1489, 31, 8.37%, 0, 0, 3, 8.44
1747842624, 0, 638, 1491, 1489, 31, 8.37%, 0, 0, 3, 8.75
1747842645, 0, 639, 1491, 1489, 31, 8.37%, 0, 0, 3, 7.41
1747842661, 0, 640, 1491, 1489, 31, 8.37%, 0, 0, 3, 7.20
1747842681, 0, 641, 1491, 1489, 31, 8.37%, 0, 0, 3, 7.67
1747842697, 0, 645, 1491, 1489, 31, 8.37%, 0, 0, 3, 8.10
1747842712, 0, 646, 1491, 1489, 31, 8.37%, 0, 0, 3, 7.74
1747842722, 0, 646, 1492, 1490, 31, 8.37%, 0, 0, 3, 6.70
1747842748, 0, 646, 1493, 1491, 31, 8.37%, 0, 0, 3, 6.85
1747842789, 0, 647, 1493, 1491, 31, 8.37%, 0, 0, 3, 7.84
1747842805, 0, 648, 1493, 1491, 31, 8.37%, 0, 0, 3, 8.38
1747842820, 0, 649, 1493, 1491, 31, 8.37%, 0, 0, 3, 8.04
1747842835, 0, 650, 1493, 1491, 31, 8.37%, 0, 0, 3, 7.15
1747842856, 0, 651, 1493, 1491, 31, 8.37%, 0, 0, 3, 8.97
1747842866, 0, 652, 1493, 1491, 31, 8.37%, 0, 0, 3, 8.69
1747842887, 0, 653, 1493, 1491, 31, 8.37%, 0, 0, 3, 8.81
1747842897, 0, 654, 1493, 1491, 31, 8.37%, 0, 0, 3, 8.88
1747842902, 0, 654, 1494, 1492, 31, 8.37%, 0, 0, 3, 7.33
1747842918, 0, 654, 1495, 1493, 31, 8.37%, 0, 0, 3, 6.98
1747842959, 0, 654, 1496, 1494, 31, 8.37%, 0, 0, 3, 7.19
1747843011, 0, 654, 1497, 1495, 31, 8.37%, 0, 0, 3, 6.72
1747843068, 0, 654, 1498, 1496, 31, 8.37%, 0, 0, 3, 7.17
1747843104, 0, 654, 1499, 1497, 31, 8.37%, 0, 0, 3, 6.92
1747843222, 0, 654, 1500, 1498, 31, 8.37%, 0, 0, 3, 6.83
1747843412, 0, 654, 1501, 1499, 31, 8.37%, 0, 0, 3, 6.77
1747843433, 0, 654, 1502, 1500, 31, 8.37%, 0, 0, 3, 7.33
1747843500, 0, 655, 1502, 1500, 29, 8.37%, 0, 0, 3, 7.21
1747843515, 0, 655, 1503, 1501, 29, 8.37%, 0, 0, 3, 7.42
1747843536, 0, 655, 1504, 1502, 29, 8.37%, 0, 0, 3, 6.84
1747843577, 0, 656, 1504, 1502, 29, 8.37%, 0, 0, 3, 6.99
1747843592, 0, 657, 1504, 1502, 29, 8.37%, 0, 0, 3, 6.97
1747843612, 0, 658, 1504, 1502, 29, 8.37%, 0, 0, 3, 7.55
1747843617, 0, 658, 1505, 1503, 29, 8.37%, 0, 0, 3, 7.12
1747843648, 0, 659, 1505, 1503, 29, 8.37%, 0, 0, 3, 8.34
1747843664, 0, 661, 1505, 1503, 29, 8.37%, 0, 0, 3, 8.40
1747843679, 0, 662, 1505, 1503, 29, 8.37%, 0, 0, 3, 7.97
1747843694, 0, 663, 1505, 1503, 29, 8.37%, 0, 0, 3, 7.25
1747843715, 0, 664, 1505, 1503, 29, 8.37%, 0, 0, 3, 6.99
1747843730, 0, 666, 1505, 1503, 29, 8.37%, 0, 0, 3, 7.09
1747843751, 0, 667, 1505, 1503, 29, 8.37%, 0, 0, 3, 6.95
1747843766, 0, 668, 1505, 1503, 29, 8.37%, 0, 0, 3, 7.28
1747843787, 0, 669, 1505, 1503, 29, 8.37%, 0, 0, 3, 8.25
1747843802, 0, 670, 1505, 1503, 29, 8.37%, 0, 0, 3, 8.77
1747843818, 0, 671, 1505, 1503, 29, 8.37%, 0, 0, 3, 7.74
1747843833, 0, 672, 1505, 1503, 29, 8.37%, 0, 0, 3, 7.54
1747843843, 0, 672, 1506, 1504, 29, 8.37%, 0, 0, 3, 7.14
1747843869, 0, 673, 1506, 1504, 29, 8.37%, 0, 0, 3, 7.51
1747843884, 0, 674, 1506, 1504, 29, 8.37%, 0, 0, 3, 8.38
1747843905, 0, 676, 1506, 1504, 29, 8.37%, 0, 0, 3, 7.19
1747843920, 0, 677, 1506, 1504, 29, 8.37%, 0, 0, 3, 7.43
1747843941, 0, 678, 1506, 1504, 29, 8.37%, 0, 0, 3, 7.14
1747843956, 0, 680, 1506, 1504, 29, 8.37%, 0, 0, 3, 7.61
1747843972, 0, 681, 1506, 1504, 29, 8.37%, 0, 0, 3, 11.42
1747843982, 0, 682, 1506, 1504, 29, 8.37%, 0, 0, 3, 11.86
1747843987, 0, 682, 1507, 1505, 29, 8.37%, 0, 0, 3, 11.70
1747843992, 0, 682, 1508, 1506, 29, 8.37%, 0, 0, 3, 11.45
1747844023, 0, 683, 1508, 1506, 29, 8.37%, 0, 0, 3, 13.04
1747844033, 0, 684, 1508, 1506, 29, 8.37%, 0, 0, 3, 13.12
1747844039, 0, 684, 1509, 1507, 29, 8.37%, 0, 0, 3, 11.85
1747844054, 0, 684, 1510, 1508, 29, 8.37%, 0, 0, 3, 11.83
1747844090, 0, 685, 1510, 1508, 29, 8.37%, 0, 0, 3, 7.96
1747844105, 0, 686, 1511, 1509, 29, 8.37%, 0, 0, 3, 7.73
1747844141, 0, 687, 1511, 1509, 29, 8.37%, 0, 0, 3, 7.01
1747844162, 0, 688, 1511, 1509, 29, 8.37%, 0, 0, 3, 6.99
1747844182, 0, 689, 1511, 1509, 29, 8.37%, 0, 0, 3, 6.91
1747844198, 0, 690, 1511, 1509, 29, 8.37%, 0, 0, 3, 7.02
1747844214, 0, 690, 1512, 1510, 29, 8.37%, 0, 0, 3, 6.82
1747844239, 0, 692, 1512, 1510, 29, 8.37%, 0, 0, 3, 6.82
1747844255, 0, 693, 1512, 1510, 29, 8.37%, 0, 0, 3, 7.52
1747844270, 0, 695, 1512, 1510, 29, 8.37%, 0, 0, 3, 8.19
1747844286, 0, 696, 1512, 1510, 29, 8.37%, 0, 0, 3, 7.64
1747844301, 0, 697, 1512, 1510, 29, 8.37%, 0, 0, 3, 8.94
1747844316, 0, 697, 1513, 1511, 29, 8.37%, 0, 0, 3, 6.87
1747844337, 0, 698, 1513, 1511, 29, 8.37%, 0, 0, 3, 7.34
1747844357, 0, 699, 1513, 1511, 29, 8.37%, 0, 0, 3, 6.97
1747844373, 0, 700, 1513, 1511, 29, 8.37%, 0, 0, 3, 7.14
1747844393, 0, 701, 1513, 1511, 29, 8.37%, 0, 0, 3, 7.11
1747844414, 0, 702, 1513, 1511, 29, 8.37%, 0, 0, 3, 8.26
1747844424, 0, 703, 1513, 1511, 29, 8.37%, 0, 0, 3, 8.25
1747844444, 0, 704, 1513, 1511, 29, 8.37%, 0, 0, 3, 7.22
1747844460, 0, 705, 1513, 1511, 29, 8.37%, 0, 0, 3, 7.07
1747844481, 0, 706, 1513, 1511, 29, 8.37%, 0, 0, 3, 8.99
1747844496, 0, 707, 1513, 1511, 29, 8.37%, 0, 0, 3, 8.61
1747844511, 0, 708, 1513, 1511, 29, 8.37%, 0, 0, 3, 9.31
1747844521, 0, 709, 1513, 1511, 29, 8.37%, 0, 0, 3, 8.68
1747844542, 0, 712, 1513, 1511, 29, 8.37%, 0, 0, 3, 6.96
1747844557, 0, 714, 1513, 1511, 29, 8.37%, 0, 0, 3, 7.61
1747844572, 0, 715, 1513, 1511, 29, 8.37%, 0, 0, 3, 8.04
1747844593, 0, 717, 1513, 1511, 29, 8.37%, 0, 0, 3, 7.15
1747844598, 0, 717, 1514, 1512, 29, 8.37%, 0, 0, 3, 6.81
1747844629, 0, 719, 1514, 1512, 29, 8.37%, 0, 0, 3, 8.61
1747844644, 0, 720, 1514, 1512, 29, 8.37%, 0, 0, 3, 8.80
1747844654, 0, 722, 1514, 1512, 29, 8.37%, 0, 0, 3, 8.66
1747844670, 0, 727, 1514, 1512, 29, 8.37%, 0, 0, 3, 8.37
1747844685, 0, 729, 1514, 1512, 29, 8.37%, 0, 0, 3, 8.58
1747844706, 0, 731, 1514, 1512, 29, 8.37%, 0, 0, 3, 8.42
1747844716, 0, 732, 1514, 1512, 29, 8.37%, 0, 0, 3, 9.26
1747844732, 0, 734, 1514, 1512, 29, 8.37%, 0, 0, 3, 9.66
1747844747, 0, 736, 1514, 1512, 29, 8.37%, 0, 0, 3, 8.65
1747844762, 0, 737, 1514, 1512, 29, 8.37%, 0, 0, 3, 7.28
1747844783, 0, 738, 1514, 1512, 29, 8.37%, 0, 0, 3, 7.86
1747844798, 0, 739, 1514, 1512, 29, 8.37%, 0, 0, 3, 8.44
1747844814, 0, 740, 1514, 1512, 29, 8.37%, 0, 0, 3, 7.24
1747844829, 0, 741, 1514, 1512, 29, 8.37%, 0, 0, 3, 7.48
1747844834, 0, 741, 1515, 1513, 29, 8.37%, 0, 0, 3, 6.83
1747844840, 0, 741, 1516, 1514, 29, 8.38%, 0, 0, 3, 6.79
1747844865, 0, 741, 1517, 1515, 29, 8.38%, 0, 0, 3, 7.77
1747844906, 0, 741, 1518, 1516, 29, 8.38%, 0, 0, 3, 6.85
1747844968, 0, 741, 1519, 1517, 29, 8.38%, 0, 0, 3, 7.23
1747845020, 0, 741, 1520, 1518, 29, 8.38%, 0, 0, 3, 7.21
1747845184, 0, 741, 1521, 1519, 29, 8.38%, 0, 0, 3, 6.88
1747845400, 0, 741, 1522, 1520, 29, 8.38%, 0, 0, 3, 7.79
1747845425, 0, 744, 1522, 1520, 29, 8.38%, 0, 0, 3, 7.23
1747845441, 0, 745, 1522, 1520, 29, 8.38%, 0, 0, 3, 7.75
1747845456, 0, 746, 1522, 1520, 29, 8.38%, 0, 0, 3, 7.75
1747845477, 0, 747, 1522, 1520, 29, 8.38%, 0, 0, 3, 7.06
1747845492, 0, 748, 1522, 1520, 29, 8.38%, 0, 0, 3, 7.69
1747845512, 0, 749, 1522, 1520, 29, 8.38%, 0, 0, 3, 7.17
1747845533, 0, 750, 1522, 1520, 29, 8.38%, 0, 0, 3, 7.18
1747845548, 0, 751, 1522, 1520, 29, 8.38%, 0, 0, 3, 6.82
1747845569, 0, 752, 1522, 1520, 29, 8.38%, 0, 0, 3, 8.63
1747845584, 0, 753, 1522, 1520, 29, 8.38%, 0, 0, 3, 7.63
1747845600, 0, 755, 1522, 1520, 29, 8.38%, 0, 0, 3, 6.90
1747845620, 0, 757, 1522, 1520, 29, 8.38%, 0, 0, 3, 7.33
1747845636, 0, 758, 1522, 1520, 29, 8.38%, 0, 0, 3, 7.65
1747845651, 0, 759, 1522, 1520, 29, 8.38%, 0, 0, 3, 8.12
1747845656, 0, 759, 1523, 1521, 29, 8.38%, 0, 0, 3, 7.01
1747845692, 0, 760, 1523, 1521, 29, 8.38%, 0, 0, 3, 7.30
1747845707, 0, 761, 1523, 1521, 29, 8.38%, 0, 0, 3, 8.30
1747845723, 0, 762, 1523, 1521, 29, 8.38%, 0, 0, 3, 8.50
1747845738, 0, 763, 1523, 1521, 29, 8.38%, 0, 0, 3, 8.04
1747845753, 0, 764, 1523, 1521, 29, 8.38%, 0, 0, 3, 8.92
1747845769, 0, 765, 1523, 1521, 29, 8.38%, 0, 0, 3, 7.99
1747845784, 0, 766, 1523, 1521, 29, 8.38%, 0, 0, 3, 7.53
1747845805, 0, 767, 1523, 1521, 29, 8.38%, 0, 0, 3, 7.30
1747845820, 0, 768, 1523, 1521, 29, 8.38%, 0, 0, 3, 7.10
1747845841, 0, 769, 1523, 1521, 29, 8.38%, 0, 0, 3, 7.73
1747845856, 0, 771, 1523, 1521, 29, 8.38%, 0, 0, 3, 7.68
1747845871, 0, 773, 1523, 1521, 29, 8.38%, 0, 0, 3, 8.13
1747845892, 0, 774, 1523, 1521, 29, 8.38%, 0, 0, 3, 7.29
1747845907, 0, 775, 1523, 1521, 29, 8.38%, 0, 0, 3, 7.29
1747845928, 0, 776, 1523, 1521, 29, 8.38%, 0, 0, 3, 8.66
1747845938, 0, 777, 1523, 1521, 29, 8.38%, 0, 0, 3, 8.75
1747845958, 0, 779, 1523, 1521, 29, 8.38%, 0, 0, 3, 7.30
1747845974, 0, 780, 1523, 1521, 29, 8.38%, 0, 0, 3, 7.54
1747845989, 0, 781, 1523, 1521, 29, 8.38%, 0, 0, 3, 8.61
1747846005, 0, 782, 1523, 1521, 29, 8.38%, 0, 0, 3, 8.61
1747846020, 0, 783, 1523, 1521, 29, 8.38%, 0, 0, 3, 7.55
1747846040, 0, 784, 1523, 1521, 29, 8.38%, 0, 0, 3, 8.21
1747846051, 0, 784, 1524, 1522, 29, 8.38%, 0, 0, 3, 8.54
1747846071, 0, 785, 1524, 1522, 29, 8.38%, 0, 0, 3, 7.86
1747846087, 0, 786, 1524, 1522, 29, 8.38%, 0, 0, 3, 7.14
1747846102, 0, 787, 1524, 1522, 29, 8.38%, 0, 0, 3, 7.56
1747846123, 0, 788, 1524, 1522, 29, 8.38%, 0, 0, 3, 8.01
1747846138, 0, 789, 1524, 1522, 29, 8.38%, 0, 0, 3, 7.64
1747846154, 0, 790, 1524, 1522, 29, 8.38%, 0, 0, 3, 7.76
1747846169, 0, 791, 1524, 1522, 29, 8.38%, 0, 0, 3, 8.12
1747846190, 0, 792, 1525, 1523, 29, 8.38%, 0, 0, 3, 6.65
1747846226, 0, 794, 1525, 1523, 29, 8.38%, 0, 0, 3, 6.92
1747846246, 0, 795, 1525, 1523, 29, 8.38%, 0, 0, 3, 8.15
1747846257, 0, 796, 1525, 1523, 29, 8.38%, 0, 0, 3, 8.34
1747846272, 0, 796, 1526, 1524, 29, 8.38%, 0, 0, 3, 7.22
1747846297, 0, 797, 1526, 1524, 29, 8.38%, 0, 0, 3, 6.88
1747846313, 0, 798, 1526, 1524, 29, 8.38%, 0, 0, 3, 7.78
1747846328, 0, 799, 1526, 1524, 29, 8.38%, 0, 0, 3, 7.93
1747846349, 0, 800, 1526, 1524, 29, 8.38%, 0, 0, 3, 8.03
1747846359, 0, 802, 1526, 1524, 29, 8.38%, 0, 0, 3, 8.99
1747846375, 0, 803, 1526, 1524, 29, 8.38%, 0, 0, 3, 8.84
1747846390, 0, 804, 1526, 1524, 29, 8.38%, 0, 0, 3, 8.70
1747846405, 0, 805, 1526, 1524, 29, 8.38%, 0, 0, 3, 8.20
1747846421, 0, 806, 1526, 1524, 29, 8.38%, 0, 0, 3, 7.24
1747846431, 0, 806, 1527, 1525, 29, 8.38%, 0, 0, 3, 6.57
1747846462, 0, 807, 1527, 1525, 29, 8.38%, 0, 0, 3, 7.49
1747846478, 0, 809, 1527, 1525, 29, 8.38%, 0, 0, 3, 7.90
1747846493, 0, 810, 1528, 1526, 29, 8.38%, 0, 0, 3, 7.61
1747846519, 0, 810, 1529, 1527, 29, 8.38%, 0, 0, 3, 6.88
1747846570, 0, 811, 1529, 1527, 29, 8.38%, 0, 0, 3, 7.40
1747846586, 0, 812, 1529, 1527, 29, 8.38%, 0, 0, 3, 8.36
1747846601, 0, 812, 1530, 1528, 29, 8.38%, 0, 0, 3, 7.51
1747846617, 0, 814, 1530, 1528, 29, 8.38%, 0, 0, 3, 7.81
1747846637, 0, 815, 1530, 1528, 29, 8.38%, 0, 0, 3, 8.14
1747846653, 0, 816, 1530, 1528, 29, 8.38%, 0, 0, 3, 8.84
1747846669, 0, 817, 1530, 1528, 29, 8.38%, 0, 0, 3, 7.67
1747846684, 0, 820, 1530, 1528, 29, 8.38%, 0, 0, 3, 6.91
1747846705, 0, 822, 1530, 1528, 29, 8.38%, 0, 0, 3, 8.34
1747846715, 0, 824, 1530, 1528, 29, 8.38%, 0, 0, 3, 11.74
1747846731, 0, 825, 1530, 1528, 29, 8.38%, 0, 0, 3, 8.15
1747846747, 0, 826, 1530, 1528, 29, 8.38%, 0, 0, 3, 7.78
1747846767, 0, 827, 1530, 1528, 29, 8.38%, 0, 0, 3, 7.10
1747846783, 0, 827, 1531, 1529, 29, 8.38%, 0, 0, 3, 6.41
1747846808, 0, 828, 1531, 1529, 29, 8.38%, 0, 0, 3, 8.80
1747846819, 0, 829, 1531, 1529, 29, 8.38%, 0, 0, 3, 8.61
1747846840, 0, 830, 1531, 1529, 29, 8.38%, 0, 0, 3, 8.15
1747846855, 0, 831, 1531, 1529, 29, 8.38%, 0, 0, 3, 8.74
1747846870, 0, 833, 1531, 1529, 29, 8.38%, 0, 0, 3, 8.54
1747846881, 0, 835, 1531, 1529, 29, 8.38%, 0, 0, 3, 8.23
1747846901, 0, 836, 1531, 1529, 29, 8.38%, 0, 0, 3, 7.43
1747846921, 0, 837, 1531, 1529, 29, 8.38%, 0, 0, 3, 7.92
1747846937, 0, 838, 1531, 1529, 29, 8.38%, 0, 0, 3, 7.59
1747846952, 0, 839, 1531, 1529, 29, 8.38%, 0, 0, 3, 7.11
1747846973, 0, 842, 1531, 1529, 29, 8.38%, 0, 0, 3, 7.31
1747846988, 0, 844, 1531, 1529, 29, 8.38%, 0, 0, 3, 7.26
1747847009, 0, 845, 1531, 1529, 29, 8.38%, 0, 0, 3, 6.66
1747847020, 0, 845, 1532, 1530, 29, 8.38%, 0, 0, 3, 6.33
1747847051, 0, 846, 1532, 1530, 29, 8.38%, 0, 0, 3, 6.89
1747847061, 0, 846, 1533, 1531, 29, 8.38%, 0, 0, 3, 7.16
1747847066, 0, 846, 1534, 1532, 29, 8.38%, 0, 0, 3, 7.32
1747847123, 0, 847, 1534, 1532, 29, 8.38%, 0, 0, 3, 7.09
1747847144, 0, 848, 1534, 1532, 29, 8.38%, 0, 0, 3, 7.40
1747847159, 0, 849, 1534, 1532, 29, 8.38%, 0, 0, 3, 7.09
1747847175, 0, 849, 1535, 1533, 29, 8.38%, 0, 0, 3, 6.32
1747847201, 0, 850, 1535, 1533, 29, 8.38%, 0, 0, 3, 6.87
1747847221, 0, 851, 1535, 1533, 29, 8.38%, 0, 0, 3, 7.10
1747847236, 0, 852, 1535, 1533, 29, 8.38%, 0, 0, 3, 6.75
1747847252, 0, 853, 1535, 1533, 29, 8.38%, 0, 0, 3, 8.85
1747847272, 0, 854, 1535, 1533, 29, 8.38%, 0, 0, 3, 7.51
1747847288, 0, 855, 1535, 1533, 29, 8.38%, 0, 0, 3, 7.56
1747847303, 0, 856, 1535, 1533, 29, 8.38%, 0, 0, 3, 7.60
1747847324, 0, 857, 1535, 1533, 29, 8.38%, 0, 0, 3, 7.34
1747847344, 0, 858, 1535, 1533, 29, 8.38%, 0, 0, 3, 7.29
1747847360, 0, 859, 1535, 1533, 29, 8.38%, 0, 0, 3, 7.38
1747847380, 0, 860, 1535, 1533, 29, 8.38%, 0, 0, 3, 6.81
1747847396, 0, 861, 1535, 1533, 29, 8.38%, 0, 0, 3, 7.03
1747847416, 0, 862, 1535, 1533, 29, 8.38%, 0, 0, 3, 7.41
1747847432, 0, 863, 1535, 1533, 29, 8.38%, 0, 0, 3, 8.58
1747847447, 0, 864, 1535, 1533, 29, 8.38%, 0, 0, 3, 7.95
1747847467, 0, 865, 1535, 1533, 29, 8.38%, 0, 0, 3, 6.77
1747847483, 0, 866, 1535, 1533, 29, 8.38%, 0, 0, 3, 8.85
1747847498, 0, 867, 1535, 1533, 29, 8.38%, 0, 0, 3, 7.97
1747847513, 0, 868, 1535, 1533, 29, 8.38%, 0, 0, 3, 7.91
1747847534, 0, 869, 1535, 1533, 29, 8.38%, 0, 0, 3, 7.12
1747847550, 0, 870, 1535, 1533, 29, 8.38%, 0, 0, 3, 7.31
1747847571, 0, 871, 1535, 1533, 29, 8.38%, 0, 0, 3, 6.97
1747847586, 0, 872, 1535, 1533, 29, 8.38%, 0, 0, 3, 7.74
1747847607, 0, 873, 1535, 1533, 29, 8.38%, 0, 0, 3, 7.81
1747847623, 0, 874, 1535, 1533, 29, 8.38%, 0, 0, 3, 8.40
1747847638, 0, 876, 1535, 1533, 29, 8.38%, 0, 0, 3, 7.64
1747847653, 0, 877, 1535, 1533, 29, 8.38%, 0, 0, 3, 7.59
1747847674, 0, 878, 1535, 1533, 29, 8.38%, 0, 0, 3, 7.06
1747847689, 0, 880, 1535, 1533, 29, 8.38%, 0, 0, 3, 7.84
1747847710, 0, 881, 1535, 1533, 29, 8.38%, 0, 0, 3, 8.10
1747847725, 0, 882, 1535, 1533, 29, 8.38%, 0, 0, 3, 8.80
1747847741, 0, 883, 1535, 1533, 29, 8.38%, 0, 0, 3, 7.72
1747847756, 0, 885, 1535, 1533, 29, 8.38%, 0, 0, 3, 7.55
1747847777, 0, 886, 1535, 1533, 29, 8.38%, 0, 0, 3, 8.86
1747847787, 0, 888, 1535, 1533, 29, 8.38%, 0, 0, 3, 8.46
1747847792, 0, 888, 1536, 1534, 29, 8.38%, 0, 0, 3, 7.83
1747847823, 0, 889, 1536, 1534, 29, 8.38%, 0, 0, 3, 7.53
1747847839, 0, 893, 1536, 1534, 29, 8.38%, 0, 0, 3, 8.15
1747847859, 0, 894, 1536, 1534, 29, 8.38%, 0, 0, 3, 12.88
1747849889, 0, 895, 1536, 1533, 28, 8.38%, 0, 0, 3, 12.95
1747849910, 0, 896, 1536, 1533, 28, 8.38%, 0, 0, 3, 7.29
1747849925, 0, 897, 1536, 1533, 28, 8.38%, 0, 0, 3, 7.62
1747849940, 0, 900, 1536, 1533, 28, 8.38%, 0, 0, 3, 8.32
1747849956, 0, 901, 1536, 1533, 28, 8.38%, 0, 0, 3, 7.21
1747849977, 0, 902, 1536, 1533, 28, 8.38%, 0, 0, 3, 7.12
1747849997, 0, 903, 1536, 1533, 28, 8.38%, 0, 0, 3, 7.40
1747850013, 0, 904, 1537, 1534, 28, 8.38%, 0, 0, 3, 7.16
1747850049, 0, 905, 1537, 1534, 28, 8.38%, 0, 0, 3, 8.00
1747850064, 0, 906, 1537, 1534, 28, 8.38%, 0, 0, 3, 7.68
1747850079, 0, 908, 1537, 1534, 28, 8.38%, 0, 0, 3, 7.55
1747850095, 0, 909, 1537, 1534, 28, 8.38%, 0, 0, 3, 8.71
1747850110, 0, 910, 1537, 1534, 28, 8.38%, 0, 0, 3, 10.04
1747850228, 0, 910, 1538, 1535, 28, 8.38%, 0, 0, 3, 15.60
1747852888, 0, 911, 1538, 1534, 27, 8.38%, 0, 0, 3, 11.91
1747852898, 0, 912, 1538, 1534, 27, 8.38%, 0, 0, 3, 9.59
1747852918, 0, 913, 1538, 1534, 27, 8.38%, 0, 0, 3, 7.38
1747852923, 0, 913, 1539, 1535, 27, 8.38%, 0, 0, 3, 7.08
1747852954, 0, 915, 1539, 1535, 27, 8.38%, 0, 0, 3, 6.94
1747852975, 0, 916, 1539, 1535, 27, 8.38%, 0, 0, 3, 7.33
1747852991, 0, 917, 1539, 1535, 27, 8.38%, 0, 0, 3, 7.15
1747853006, 0, 918, 1539, 1535, 27, 8.38%, 0, 0, 3, 7.81
1747853022, 0, 919, 1539, 1535, 27, 8.38%, 0, 0, 3, 8.73
1747853037, 0, 919, 1540, 1536, 27, 8.38%, 0, 0, 3, 7.11
1747853063, 0, 920, 1540, 1536, 27, 8.38%, 0, 0, 3, 8.73
1747853068, 0, 920, 1541, 1537, 27, 8.38%, 0, 0, 3, 9.23
1747853089, 0, 921, 1541, 1537, 27, 8.38%, 0, 0, 3, 9.16
1747853104, 0, 922, 1541, 1537, 27, 8.38%, 0, 0, 3, 8.22
1747853119, 0, 923, 1541, 1537, 27, 8.38%, 0, 0, 3, 7.09
1747853140, 0, 924, 1541, 1537, 27, 8.38%, 0, 0, 3, 8.23
1747853155, 0, 925, 1541, 1537, 27, 8.38%, 0, 0, 3, 8.01
1747853171, 0, 926, 1541, 1537, 27, 8.38%, 0, 0, 3, 7.90
1747853186, 0, 928, 1541, 1537, 27, 8.38%, 0, 0, 3, 8.04
1747853202, 0, 929, 1541, 1537, 27, 8.38%, 0, 0, 3, 7.28
1747853223, 0, 930, 1541, 1537, 27, 8.38%, 0, 0, 3, 6.94
1747853238, 0, 931, 1541, 1537, 27, 8.38%, 0, 0, 3, 7.44
1747853258, 0, 933, 1541, 1537, 27, 8.38%, 0, 0, 3, 6.89
1747853274, 0, 935, 1541, 1537, 27, 8.38%, 0, 0, 3, 7.89
1747853290, 0, 936, 1541, 1537, 27, 8.38%, 0, 0, 3, 8.00
1747853310, 0, 937, 1541, 1537, 27, 8.38%, 0, 0, 3, 8.06
1747853325, 0, 938, 1541, 1537, 27, 8.38%, 0, 0, 3, 8.83
1747853336, 0, 939, 1541, 1537, 27, 8.38%, 0, 0, 3, 8.69
1747853357, 0, 940, 1541, 1537, 27, 8.38%, 0, 0, 3, 8.30
1747853367, 0, 941, 1541, 1537, 27, 8.38%, 0, 0, 3, 9.11
1747853382, 0, 943, 1541, 1537, 27, 8.38%, 0, 0, 3, 8.21
1747853403, 0, 944, 1541, 1537, 27, 8.38%, 0, 0, 3, 8.30
1747853418, 0, 945, 1541, 1537, 27, 8.38%, 0, 0, 3, 7.84
1747853433, 0, 947, 1541, 1537, 27, 8.38%, 0, 0, 3, 8.52
1747853448, 0, 948, 1541, 1537, 27, 8.38%, 0, 0, 3, 8.17
1747853464, 0, 949, 1541, 1537, 27, 8.38%, 0, 0, 3, 7.54
1747853479, 0, 950, 1541, 1537, 27, 8.38%, 0, 0, 3, 8.42
1747853495, 0, 951, 1541, 1537, 27, 8.38%, 0, 0, 3, 7.73
1747853515, 0, 952, 1541, 1537, 27, 8.38%, 0, 0, 3, 7.38
1747853531, 0, 954, 1541, 1537, 27, 8.38%, 0, 0, 3, 7.74
1747853546, 0, 955, 1541, 1537, 27, 8.38%, 0, 0, 3, 8.15
1747853567, 0, 956, 1541, 1537, 27, 8.38%, 0, 0, 3, 6.98
1747853583, 0, 958, 1541, 1537, 27, 8.38%, 0, 0, 3, 6.95
1747853598, 0, 959, 1541, 1537, 27, 8.38%, 0, 0, 3, 7.60
1747853619, 0, 960, 1541, 1537, 27, 8.38%, 0, 0, 3, 8.42
1747853629, 0, 961, 1541, 1537, 27, 8.38%, 0, 0, 3, 9.79
1747853650, 0, 962, 1541, 1537, 27, 8.38%, 0, 0, 3, 6.84
1747853671, 0, 963, 1541, 1537, 27, 8.38%, 0, 0, 3, 8.01
1747853686, 0, 964, 1541, 1537, 27, 8.38%, 0, 0, 3, 8.46
1747853701, 0, 965, 1541, 1537, 27, 8.38%, 0, 0, 3, 8.55
1747853712, 0, 966, 1541, 1537, 27, 8.38%, 0, 0, 3, 8.78
1747853727, 0, 970, 1541, 1537, 27, 8.38%, 0, 0, 3, 8.39
1747853747, 0, 972, 1541, 1537, 27, 8.38%, 0, 0, 3, 8.31
1747853757, 0, 973, 1541, 1537, 27, 8.38%, 0, 0, 3, 8.51
1747853773, 0, 974, 1541, 1537, 27, 8.38%, 0, 0, 3, 8.58
1747853788, 0, 976, 1541, 1537, 27, 8.38%, 0, 0, 3, 8.46
1747853804, 0, 977, 1541, 1537, 27, 8.38%, 0, 0, 3, 8.10
1747859952, 0, 978, 1541, 1536, 26, 8.38%, 0, 0, 3, 18.64
1747859963, 0, 979, 1541, 1536, 26, 8.38%, 0, 0, 3, 13.80
1747859973, 0, 980, 1541, 1536, 26, 8.38%, 0, 0, 3, 13.02
1747859983, 0, 981, 1541, 1536, 26, 8.38%, 0, 0, 3, 12.67
1747859994, 0, 982, 1541, 1536, 26, 8.38%, 0, 0, 3, 11.76
1747860004, 0, 983, 1541, 1536, 26, 8.38%, 0, 0, 3, 14.98
1747860009, 0, 984, 1541, 1536, 26, 8.38%, 0, 0, 3, 15.28
1747860024, 0, 985, 1541, 1536, 26, 8.38%, 0, 0, 3, 14.16
1747860030, 0, 988, 1541, 1536, 26, 8.38%, 0, 0, 3, 14.05
1747860040, 0, 989, 1541, 1536, 26, 8.38%, 0, 0, 3, 12.87
1747860050, 0, 993, 1541, 1536, 26, 8.38%, 0, 0, 3, 11.94
1747860066, 0, 994, 1541, 1536, 26, 8.38%, 0, 0, 3, 12.83
1747860071, 0, 995, 1541, 1536, 26, 8.38%, 0, 0, 3, 12.50
1747860081, 0, 996, 1541, 1536, 26, 8.38%, 0, 0, 3, 12.59
1747860096, 0, 997, 1541, 1536, 26, 8.38%, 0, 0, 3, 14.01
1747860102, 0, 999, 1541, 1536, 26, 8.38%, 0, 0, 3, 13.41
1747860107, 0, 999, 1542, 1537, 26, 8.38%, 0, 0, 3, 11.81
1747860127, 0, 1000, 1543, 1538, 28, 8.38%, 0, 0, 3, 11.59
1747860148, 0, 1002, 1543, 1538, 28, 8.38%, 0, 0, 3, 11.38
1747860158, 0, 1003, 1543, 1538, 28, 8.38%, 0, 0, 3, 12.97
1747860168, 0, 1004, 1543, 1538, 28, 8.38%, 0, 0, 3, 13.46
1747860178, 0, 1005, 1543, 1538, 28, 8.38%, 0, 0, 3, 13.83
1747860189, 0, 1006, 1543, 1538, 28, 8.38%, 0, 0, 3, 12.58
1747860199, 0, 1008, 1543, 1538, 28, 8.38%, 0, 0, 3, 12.21
1747860209, 0, 1009, 1543, 1538, 28, 8.38%, 0, 0, 3, 12.08
1747860220, 0, 1010, 1543, 1538, 28, 8.38%, 0, 0, 3, 12.24
1747860230, 0, 1010, 1544, 1539, 28, 8.38%, 0, 0, 3, 12.47
1747860240, 0, 1011, 1544, 1539, 28, 8.38%, 0, 0, 3, 14.02
1747860250, 0, 1012, 1544, 1539, 28, 8.38%, 0, 0, 3, 13.63
1747860260, 0, 1013, 1544, 1539, 28, 8.38%, 0, 0, 3, 12.67
1747860270, 0, 1014, 1544, 1539, 28, 8.38%, 0, 0, 3, 13.41
1747860275, 0, 1015, 1544, 1539, 28, 8.38%, 0, 0, 3, 14.32
1747860291, 0, 1016, 1544, 1539, 28, 8.38%, 0, 0, 3, 13.77
1747860296, 0, 1017, 1544, 1539, 28, 8.38%, 0, 0, 3, 13.77
1747860306, 0, 1018, 1544, 1539, 28, 8.38%, 0, 0, 3, 11.46
1747860316, 0, 1020, 1544, 1539, 28, 8.38%, 0, 0, 3, 12.34
1747860327, 0, 1021, 1544, 1539, 28, 8.38%, 0, 0, 3, 11.90
1747860342, 0, 1022, 1544, 1539, 28, 8.38%, 0, 0, 3, 25.07
