# unix_time, cycles_done, cur_path, paths_total, pending_total, pending_favs, map_size, unique_crashes, unique_hangs, max_depth, execs_per_sec
1747774284, 0, 0, 1, 1, 1, 5.03%, 0, 0, 1, 49.08
1747774289, 0, 0, 19, 19, 1, 5.83%, 0, 0, 2, 34.90
1747774294, 0, 0, 36, 36, 1, 5.83%, 0, 0, 2, 31.24
1747774299, 0, 0, 53, 53, 1, 5.83%, 0, 0, 2, 30.85
1747774304, 0, 0, 71, 71, 1, 5.83%, 0, 0, 2, 31.04
1747774309, 0, 0, 84, 84, 1, 5.98%, 0, 0, 2, 25.07
1747774315, 0, 0, 85, 85, 1, 5.98%, 0, 0, 2, 12.09
1747774320, 0, 0, 88, 88, 1, 6.00%, 0, 0, 2, 7.24
1747774325, 0, 0, 91, 91, 1, 6.04%, 0, 0, 2, 1.13
1747774330, 0, 0, 92, 92, 1, 6.04%, 0, 0, 2, 8.52
1747774335, 0, 0, 99, 99, 1, 6.19%, 0, 0, 2, 9.62
1747774341, 0, 0, 103, 103, 1, 6.19%, 0, 0, 2, 1.51
1747774346, 0, 0, 105, 105, 1, 6.19%, 0, 0, 2, 22.01
1747774351, 0, 0, 110, 110, 1, 6.19%, 0, 0, 2, 12.73
1747774356, 0, 0, 114, 114, 1, 6.19%, 0, 0, 2, 9.71
1747774362, 0, 0, 116, 116, 1, 6.19%, 0, 0, 2, 1.62
1747774367, 0, 0, 117, 117, 1, 6.19%, 0, 0, 2, 1.95
1747774372, 0, 0, 119, 119, 1, 6.19%, 0, 0, 2, 3.04
1747774378, 0, 0, 120, 120, 1, 6.19%, 0, 0, 2, 2.49
1747774383, 0, 0, 124, 124, 1, 6.19%, 0, 0, 2, 16.97
1747774388, 0, 0, 130, 130, 1, 6.19%, 0, 0, 2, 1.05
1747774399, 0, 0, 133, 133, 1, 6.19%, 0, 0, 2, 14.51
1747774404, 0, 0, 135, 135, 1, 6.19%, 0, 0, 2, 8.27
1747774409, 0, 0, 139, 139, 1, 6.19%, 0, 0, 2, 7.63
1747774414, 0, 0, 140, 140, 1, 6.19%, 0, 0, 2, 5.05
1747774419, 0, 0, 141, 141, 1, 6.19%, 0, 0, 2, 3.69
1747774425, 0, 0, 143, 143, 1, 6.19%, 0, 0, 2, 3.58
1747774430, 0, 0, 145, 145, 1, 6.19%, 0, 0, 2, 4.07
1747774440, 0, 0, 149, 149, 1, 6.19%, 0, 0, 2, 2.96
1747774445, 0, 0, 151, 151, 1, 6.19%, 0, 0, 2, 21.28
1747774450, 0, 0, 153, 153, 1, 6.28%, 0, 0, 2, 2.37
1747774456, 0, 0, 160, 160, 1, 6.28%, 0, 0, 2, 8.70
1747774461, 0, 0, 161, 161, 1, 6.28%, 0, 0, 2, 5.58
1747774466, 0, 0, 162, 162, 1, 6.28%, 0, 0, 2, 4.52
1747774472, 0, 0, 165, 165, 1, 6.35%, 0, 0, 2, 1.13
1747774482, 0, 0, 168, 168, 1, 6.35%, 0, 1, 2, 6.53
1747774487, 0, 0, 171, 171, 1, 6.35%, 0, 1, 2, 3.06
1747774493, 0, 0, 172, 172, 1, 6.35%, 0, 1, 2, 2.44
1747774498, 0, 0, 174, 174, 1, 6.35%, 0, 1, 2, 2.31
1747774503, 0, 0, 176, 176, 1, 6.35%, 0, 1, 2, 1.57
1747774508, 0, 0, 180, 180, 1, 6.35%, 0, 1, 2, 10.72
1747774514, 0, 0, 184, 184, 1, 6.35%, 0, 1, 2, 1.63
1747774519, 0, 0, 185, 185, 1, 6.35%, 0, 1, 2, 1.71
1747774524, 0, 0, 186, 186, 1, 6.35%, 0, 1, 2, 2.30
1747774529, 0, 0, 192, 192, 1, 6.35%, 0, 1, 2, 2.25
1747774535, 0, 0, 193, 193, 1, 6.35%, 0, 1, 2, 2.15
1747774540, 0, 0, 196, 196, 1, 6.35%, 0, 1, 2, 5.77
1747774545, 0, 0, 201, 201, 1, 6.35%, 0, 1, 2, 1.25
1747774556, 0, 0, 204, 204, 1, 6.35%, 0, 1, 2, 18.45
1747774561, 0, 0, 206, 206, 1, 6.35%, 0, 1, 2, 3.07
1747774566, 0, 0, 208, 208, 1, 6.35%, 0, 1, 2, 23.81
1747774572, 0, 0, 209, 209, 1, 6.35%, 0, 1, 2, 2.23
1747774577, 0, 0, 212, 212, 1, 6.35%, 0, 2, 2, 5.64
1747774588, 0, 0, 216, 216, 1, 6.35%, 0, 3, 2, 5.83
1747774593, 0, 0, 218, 218, 1, 6.35%, 0, 3, 2, 5.18
1747774599, 0, 0, 219, 219, 1, 6.35%, 0, 3, 2, 3.81
1747774604, 0, 0, 222, 222, 1, 6.35%, 0, 3, 2, 5.12
1747774609, 0, 0, 224, 224, 1, 6.35%, 0, 3, 2, 4.13
1747774614, 0, 0, 228, 228, 1, 6.35%, 0, 3, 2, 5.73
1747774620, 0, 0, 229, 229, 1, 6.35%, 0, 3, 2, 4.14
1747774630, 0, 0, 233, 233, 1, 6.35%, 0, 3, 2, 3.87
1747774635, 0, 0, 236, 236, 1, 6.35%, 0, 3, 2, 3.18
1747774640, 0, 0, 237, 237, 1, 6.35%, 0, 3, 2, 2.62
1747774645, 0, 0, 240, 240, 1, 6.35%, 0, 3, 2, 11.65
1747774650, 0, 0, 244, 244, 1, 6.35%, 0, 3, 2, 9.08
1747774655, 0, 0, 249, 249, 1, 6.35%, 0, 3, 2, 9.23
1747774660, 0, 0, 255, 255, 1, 6.35%, 0, 3, 2, 11.78
1747774666, 0, 0, 258, 258, 1, 6.35%, 0, 3, 2, 7.26
1747774671, 0, 0, 260, 260, 1, 6.35%, 0, 3, 2, 5.07
1747774676, 0, 0, 262, 262, 1, 6.35%, 0, 3, 2, 1.93
1747774681, 0, 0, 265, 265, 1, 6.35%, 0, 3, 2, 3.89
1747774686, 0, 0, 267, 267, 1, 6.35%, 0, 3, 2, 3.42
1747774691, 0, 0, 270, 270, 1, 6.35%, 0, 3, 2, 3.80
1747774697, 0, 0, 273, 273, 1, 6.35%, 0, 3, 2, 5.23
1747774702, 0, 0, 275, 275, 1, 6.35%, 0, 4, 2, 4.22
1747774707, 0, 0, 277, 277, 1, 6.35%, 0, 4, 2, 4.49
1747774713, 0, 0, 279, 279, 1, 6.35%, 0, 4, 2, 4.36
1747774719, 0, 0, 280, 280, 1, 6.35%, 0, 4, 2, 3.22
1747774724, 0, 0, 281, 281, 1, 6.35%, 0, 4, 2, 3.25
1747774729, 0, 0, 283, 283, 1, 6.35%, 0, 4, 2, 3.90
1747774734, 0, 0, 285, 285, 1, 6.35%, 0, 4, 2, 2.47
1747774739, 0, 0, 286, 286, 1, 6.35%, 0, 4, 2, 2.21
1747774745, 0, 0, 288, 288, 1, 6.35%, 0, 4, 2, 2.98
1747774756, 0, 0, 292, 292, 1, 6.35%, 0, 4, 2, 6.35
1747774761, 0, 0, 293, 293, 1, 6.35%, 0, 4, 2, 4.60
1747774766, 0, 0, 296, 296, 1, 6.35%, 0, 4, 2, 5.70
1747774772, 0, 0, 297, 297, 1, 6.35%, 0, 4, 2, 4.23
1747774777, 0, 0, 299, 299, 1, 6.35%, 0, 4, 2, 4.36
1747774782, 0, 0, 304, 304, 1, 6.35%, 0, 4, 2, 7.60
1747774787, 0, 0, 306, 306, 1, 6.35%, 0, 4, 2, 1.65
1747774792, 0, 0, 309, 309, 1, 6.35%, 0, 5, 2, 2.08
1747774797, 0, 0, 310, 310, 1, 6.35%, 0, 5, 2, 1.93
1747774808, 0, 0, 314, 314, 1, 6.35%, 0, 5, 2, 9.27
1747774813, 0, 0, 315, 315, 1, 6.35%, 0, 5, 2, 5.83
1747774818, 0, 0, 316, 316, 1, 6.35%, 0, 5, 2, 4.38
1747774823, 0, 0, 319, 319, 1, 6.35%, 0, 5, 2, 6.44
1747774828, 0, 0, 321, 321, 1, 6.35%, 0, 5, 2, 6.15
1747774833, 0, 0, 324, 324, 1, 6.35%, 0, 5, 2, 5.53
1747774839, 0, 0, 327, 327, 1, 6.35%, 0, 5, 2, 6.40
1747774844, 0, 0, 328, 328, 1, 6.35%, 0, 5, 2, 4.27
1747774850, 0, 0, 331, 331, 1, 6.35%, 0, 5, 2, 2.83
1747774855, 0, 0, 332, 332, 1, 6.35%, 0, 5, 2, 2.37
1747774861, 0, 0, 333, 333, 1, 6.35%, 0, 5, 2, 2.15
1747774866, 0, 0, 336, 336, 1, 6.35%, 0, 5, 2, 5.36
1747774871, 0, 0, 339, 339, 1, 6.35%, 0, 5, 2, 4.79
1747774882, 0, 0, 342, 342, 1, 6.35%, 0, 5, 2, 4.69
1747774888, 0, 0, 343, 343, 1, 6.35%, 0, 5, 2, 3.55
1747774893, 0, 0, 344, 344, 1, 6.35%, 0, 5, 2, 3.18
1747774898, 0, 0, 349, 349, 1, 6.35%, 0, 6, 2, 18.06
1747774903, 0, 0, 352, 352, 1, 6.35%, 0, 6, 2, 16.88
1747774908, 0, 0, 358, 358, 1, 6.35%, 0, 6, 2, 12.32
1747774913, 0, 0, 360, 360, 1, 6.35%, 0, 6, 2, 7.59
1747774919, 0, 0, 362, 362, 1, 6.35%, 0, 6, 2, 5.69
1747774924, 0, 0, 367, 367, 1, 6.35%, 0, 6, 2, 9.65
1747774929, 0, 0, 368, 368, 1, 6.35%, 0, 6, 2, 6.09
1747774934, 0, 0, 372, 372, 1, 6.35%, 0, 6, 2, 7.80
1747774940, 0, 0, 373, 373, 1, 6.35%, 0, 6, 2, 1.24
1747774945, 0, 0, 375, 375, 1, 6.35%, 0, 6, 2, 17.87
1747774950, 0, 0, 378, 378, 1, 6.35%, 0, 6, 2, 19.74
1747774955, 0, 0, 381, 381, 1, 6.35%, 0, 6, 2, 1.10
1747774966, 0, 0, 384, 384, 1, 6.35%, 0, 6, 2, 2.99
1747774977, 0, 0, 388, 388, 1, 6.35%, 0, 6, 2, 25.54
1747774982, 0, 0, 393, 393, 1, 6.36%, 0, 6, 2, 17.47
1747774987, 0, 0, 395, 395, 1, 6.36%, 0, 6, 2, 10.69
1747774992, 0, 0, 398, 398, 1, 6.36%, 0, 6, 2, 6.53
1747774997, 0, 0, 400, 400, 1, 6.36%, 0, 6, 2, 5.62
1747775002, 0, 0, 401, 401, 1, 6.36%, 0, 6, 2, 4.50
1747775007, 0, 0, 402, 402, 1, 6.36%, 0, 6, 2, 3.30
1747775012, 0, 0, 405, 405, 1, 6.36%, 0, 6, 2, 5.03
1747775018, 0, 0, 406, 406, 1, 6.36%, 0, 6, 2, 3.62
1747775023, 0, 0, 407, 407, 1, 6.36%, 0, 6, 2, 2.89
1747775028, 0, 0, 408, 408, 1, 6.36%, 0, 6, 2, 2.43
1747775033, 0, 0, 409, 409, 1, 6.36%, 0, 7, 2, 12.53
1747775038, 0, 0, 414, 414, 1, 6.36%, 0, 7, 2, 11.30
1747775044, 0, 0, 416, 416, 1, 6.36%, 0, 7, 2, 6.14
1747775054, 0, 0, 417, 417, 1, 6.36%, 0, 7, 2, 3.34
1747775059, 0, 0, 418, 418, 1, 6.36%, 0, 7, 2, 3.30
1747775064, 0, 0, 420, 420, 1, 6.36%, 0, 7, 2, 3.66
1747775069, 0, 0, 422, 422, 1, 6.36%, 0, 7, 2, 4.58
1747775075, 0, 0, 423, 423, 1, 6.36%, 0, 7, 2, 3.51
1747775085, 0, 0, 425, 425, 1, 6.36%, 0, 7, 2, 7.90
1747775090, 0, 0, 429, 429, 1, 6.36%, 0, 7, 2, 8.49
1747775096, 0, 0, 431, 431, 1, 6.36%, 0, 8, 2, 1.92
1747775101, 0, 0, 436, 436, 1, 6.36%, 0, 8, 2, 2.67
1747775106, 0, 0, 438, 438, 1, 6.36%, 0, 8, 2, 5.36
1747775111, 0, 0, 441, 441, 1, 6.38%, 0, 9, 2, 2.63
1747775116, 0, 0, 443, 443, 1, 6.38%, 0, 9, 2, 11.66
1747775122, 0, 0, 444, 444, 1, 6.38%, 0, 9, 2, 1.49
1747775127, 0, 0, 445, 445, 1, 6.38%, 0, 9, 2, 1.73
1747775132, 0, 0, 446, 446, 1, 6.38%, 0, 9, 2, 1.76
1747775137, 0, 0, 447, 447, 1, 6.38%, 0, 9, 2, 1.90
1747775142, 0, 0, 449, 449, 1, 6.38%, 0, 9, 2, 2.22
1747775147, 0, 0, 451, 451, 1, 6.38%, 0, 9, 2, 1.79
1747775153, 0, 0, 453, 453, 1, 6.38%, 0, 9, 2, 3.95
1747775158, 0, 0, 455, 455, 1, 6.38%, 0, 10, 2, 5.73
1747775163, 0, 0, 458, 458, 1, 6.38%, 0, 11, 2, 10.86
1747775169, 0, 0, 461, 461, 1, 6.38%, 0, 11, 2, 6.40
1747775174, 0, 0, 462, 462, 1, 6.38%, 0, 11, 2, 5.13
1747775179, 0, 0, 464, 464, 1, 6.38%, 0, 11, 2, 4.05
1747775184, 0, 0, 466, 466, 1, 6.38%, 0, 11, 2, 4.25
1747775190, 0, 0, 469, 469, 1, 6.38%, 0, 11, 2, 7.21
1747775195, 0, 0, 473, 473, 1, 6.38%, 0, 11, 2, 8.86
1747775206, 0, 0, 477, 477, 1, 6.38%, 0, 11, 2, 21.01
1747775211, 0, 0, 478, 478, 1, 6.38%, 0, 11, 2, 3.03
1747775217, 0, 0, 480, 480, 1, 6.38%, 0, 11, 2, 4.18
1747775227, 0, 0, 481, 481, 1, 6.38%, 0, 11, 2, 2.46
1747775233, 0, 0, 482, 482, 1, 6.38%, 0, 11, 2, 2.33
1747775238, 0, 0, 483, 483, 1, 6.38%, 0, 11, 2, 21.86
1747775243, 0, 0, 487, 487, 1, 6.38%, 0, 12, 2, 11.58
1747775248, 0, 0, 489, 489, 1, 6.38%, 0, 12, 2, 7.09
1747775254, 0, 0, 490, 490, 1, 6.38%, 0, 12, 2, 5.14
1747775259, 0, 0, 491, 491, 1, 6.38%, 0, 12, 2, 3.78
1747775264, 0, 0, 493, 493, 1, 6.38%, 0, 12, 2, 2.04
1747775269, 0, 0, 494, 494, 1, 6.38%, 0, 12, 2, 2.33
1747775275, 0, 0, 497, 497, 1, 6.38%, 0, 12, 2, 12.80
1747775280, 0, 0, 498, 498, 1, 6.38%, 0, 12, 2, 2.14
1747775285, 0, 0, 501, 501, 1, 6.38%, 0, 13, 2, 2.38
1747775290, 0, 0, 502, 502, 1, 6.38%, 0, 13, 2, 12.73
1747775295, 0, 0, 504, 504, 1, 6.38%, 0, 13, 2, 6.63
1747775301, 0, 0, 505, 505, 1, 6.38%, 0, 13, 2, 4.75
1747775306, 0, 0, 507, 507, 1, 6.38%, 0, 13, 2, 8.53
1747775311, 0, 0, 509, 509, 1, 6.38%, 0, 13, 2, 5.82
1747775317, 0, 0, 513, 513, 1, 6.38%, 0, 13, 2, 1.37
1747775327, 0, 0, 516, 516, 1, 6.38%, 0, 13, 2, 6.48
1747775332, 0, 0, 518, 518, 1, 6.38%, 0, 13, 2, 6.98
1747775337, 0, 0, 520, 520, 1, 6.38%, 0, 13, 2, 7.29
1747775343, 0, 0, 522, 522, 1, 6.38%, 0, 13, 2, 4.90
1747775348, 0, 0, 523, 523, 1, 6.38%, 0, 13, 2, 6.15
1747775353, 0, 0, 524, 524, 1, 6.38%, 0, 13, 2, 4.52
1747775358, 0, 0, 526, 526, 1, 6.38%, 0, 13, 2, 4.10
1747775363, 0, 0, 529, 529, 1, 6.38%, 0, 13, 2, 5.98
1747775369, 0, 0, 530, 530, 1, 6.38%, 0, 13, 2, 1.01
1747775379, 0, 0, 532, 532, 1, 6.38%, 0, 14, 2, 6.01
1747775385, 0, 0, 533, 533, 1, 6.38%, 0, 14, 2, 4.04
1747775390, 0, 0, 534, 534, 1, 6.38%, 0, 15, 2, 3.65
1747775400, 0, 0, 535, 535, 1, 6.38%, 0, 15, 2, 3.97
1747775405, 0, 0, 536, 536, 1, 6.38%, 0, 15, 2, 1.84
1747775411, 0, 0, 537, 537, 1, 6.38%, 0, 15, 2, 1.92
1747775421, 0, 0, 540, 540, 1, 6.38%, 0, 15, 2, 2.17
1747775426, 0, 0, 541, 541, 1, 6.38%, 0, 15, 2, 2.56
1747775431, 0, 0, 542, 542, 1, 6.38%, 0, 15, 2, 9.38
1747775437, 0, 0, 543, 543, 1, 6.38%, 0, 15, 2, 7.03
1747775442, 0, 0, 546, 546, 1, 6.38%, 0, 15, 2, 2.13
1747775447, 0, 0, 547, 547, 1, 6.38%, 0, 15, 2, 13.17
1747775452, 0, 0, 550, 550, 1, 6.38%, 0, 15, 2, 7.66
1747775457, 0, 0, 553, 553, 1, 6.38%, 0, 15, 2, 24.21
1747775462, 0, 0, 555, 555, 1, 6.38%, 0, 15, 2, 4.77
1747775473, 0, 0, 556, 556, 1, 6.38%, 0, 15, 2, 2.77
1747775478, 0, 0, 559, 559, 1, 6.38%, 0, 15, 2, 6.86
1747775483, 0, 0, 560, 560, 1, 6.38%, 0, 15, 2, 5.14
1747775488, 0, 0, 561, 561, 1, 6.38%, 0, 15, 2, 4.69
1747775493, 0, 0, 564, 564, 1, 6.38%, 0, 15, 2, 2.61
1747775498, 0, 0, 566, 566, 1, 6.38%, 0, 15, 2, 6.09
1747775504, 0, 0, 569, 569, 1, 6.46%, 0, 15, 2, 5.67
1747775509, 0, 0, 571, 571, 1, 6.47%, 0, 15, 2, 5.46
1747775514, 0, 0, 573, 573, 1, 6.47%, 0, 15, 2, 5.86
1747775519, 0, 0, 575, 575, 1, 6.47%, 0, 15, 2, 5.61
1747775524, 0, 0, 577, 577, 1, 6.47%, 0, 15, 2, 6.51
1747775530, 0, 0, 579, 579, 1, 6.47%, 0, 15, 2, 4.74
1747775535, 0, 0, 581, 581, 1, 6.47%, 0, 15, 2, 6.64
1747775540, 0, 0, 583, 583, 1, 6.47%, 0, 15, 2, 10.49
1747775545, 0, 0, 585, 585, 1, 6.47%, 0, 15, 2, 7.74
1747775550, 0, 0, 586, 586, 1, 6.47%, 0, 15, 2, 1.69
1747775555, 0, 0, 588, 588, 1, 6.47%, 0, 15, 2, 2.19
1747775561, 0, 0, 590, 590, 1, 6.47%, 0, 15, 2, 13.69
1747775566, 0, 0, 592, 592, 1, 6.47%, 0, 15, 2, 7.04
1747775571, 0, 0, 594, 594, 1, 6.47%, 0, 15, 2, 9.19
1747775576, 0, 0, 595, 595, 1, 6.47%, 0, 15, 2, 6.14
1747775581, 0, 0, 596, 596, 1, 6.47%, 0, 15, 2, 5.76
1747775587, 0, 0, 598, 598, 1, 6.47%, 0, 15, 2, 4.68
1747775592, 0, 0, 600, 600, 1, 6.47%, 0, 15, 2, 20.05
1747775597, 0, 0, 601, 601, 1, 6.47%, 0, 15, 2, 2.26
1747775603, 0, 0, 602, 602, 1, 6.50%, 0, 15, 2, 4.15
1747775614, 0, 0, 604, 604, 1, 6.50%, 0, 15, 2, 2.35
1747775624, 0, 0, 607, 607, 1, 6.50%, 0, 15, 2, 11.64
1747775629, 0, 0, 608, 608, 1, 6.50%, 0, 15, 2, 1.95
1747775634, 0, 0, 610, 610, 1, 6.50%, 0, 15, 2, 9.37
1747775644, 0, 0, 612, 612, 1, 6.50%, 0, 15, 2, 8.00
1747775649, 0, 0, 613, 613, 1, 6.50%, 0, 15, 2, 1.27
1747775660, 0, 0, 614, 614, 1, 6.50%, 0, 15, 2, 2.32
1747775665, 0, 0, 616, 616, 1, 6.50%, 0, 15, 2, 25.59
1747775670, 0, 0, 618, 618, 1, 6.50%, 0, 15, 2, 10.50
1747775675, 0, 0, 620, 620, 1, 6.50%, 0, 15, 2, 14.83
1747775680, 0, 0, 621, 621, 1, 6.50%, 0, 15, 2, 1.92
1747775692, 0, 0, 622, 622, 1, 6.50%, 0, 15, 2, 2.46
1747775697, 0, 0, 623, 623, 1, 6.50%, 0, 15, 2, 2.20
1747775708, 0, 0, 624, 624, 1, 6.50%, 0, 15, 2, 3.62
1747775718, 0, 0, 625, 625, 1, 6.50%, 0, 15, 2, 4.01
1747775723, 0, 0, 627, 627, 1, 6.50%, 0, 15, 2, 4.46
1747775744, 0, 0, 628, 628, 1, 6.50%, 0, 15, 2, 13.14
1747775749, 0, 0, 629, 629, 1, 6.50%, 0, 15, 2, 14.93
1747775754, 0, 0, 630, 630, 1, 6.50%, 0, 15, 2, 1.74
1747775760, 0, 0, 631, 631, 1, 6.50%, 0, 15, 2, 1.31
1747775770, 0, 0, 631, 631, 1, 6.50%, 0, 17, 2, 2.16
1747775775, 0, 0, 632, 632, 1, 6.50%, 0, 17, 2, 8.81
1747775780, 0, 0, 633, 633, 1, 6.50%, 0, 17, 2, 6.05
1747775786, 0, 0, 634, 634, 1, 6.50%, 0, 17, 2, 5.54
1747775791, 0, 0, 635, 635, 1, 6.50%, 0, 17, 2, 2.26
1747775796, 0, 0, 636, 636, 1, 6.50%, 0, 17, 2, 3.38
1747775812, 0, 0, 638, 638, 1, 6.50%, 0, 17, 2, 1.00
1747775822, 0, 0, 639, 639, 1, 6.50%, 0, 17, 2, 2.28
1747775827, 0, 0, 639, 639, 1, 6.50%, 0, 18, 2, 5.37
1747775833, 0, 0, 640, 640, 1, 6.50%, 0, 19, 2, 9.99
1747775838, 0, 0, 642, 642, 1, 6.50%, 0, 19, 2, 6.23
1747775849, 0, 0, 643, 643, 1, 6.50%, 0, 20, 2, 5.18
1747775855, 0, 0, 644, 644, 1, 6.50%, 0, 20, 2, 3.61
1747775865, 0, 0, 644, 644, 1, 6.50%, 0, 21, 2, 2.24
1747775881, 0, 0, 645, 645, 1, 6.50%, 0, 21, 2, 8.81
1747775886, 0, 0, 646, 646, 1, 6.50%, 0, 21, 2, 10.91
1747775891, 0, 0, 648, 648, 1, 6.50%, 0, 21, 2, 1.97
1747775902, 0, 0, 649, 649, 1, 6.50%, 0, 21, 2, 1.65
1747775912, 0, 0, 651, 651, 1, 6.50%, 0, 21, 2, 10.78
1747775917, 0, 0, 651, 651, 1, 6.50%, 0, 22, 2, 3.18
1747775933, 0, 0, 652, 652, 1, 6.50%, 0, 22, 2, 4.40
1747775944, 0, 0, 653, 653, 1, 6.50%, 0, 22, 2, 4.17
1747775949, 0, 0, 653, 653, 1, 6.50%, 0, 23, 2, 21.46
1747775955, 0, 0, 654, 654, 1, 6.50%, 0, 23, 2, 2.43
1747775960, 0, 0, 655, 655, 1, 6.50%, 0, 23, 2, 2.64
1747775971, 0, 0, 655, 655, 1, 6.50%, 0, 24, 2, 4.66
1747775976, 0, 0, 656, 656, 1, 6.50%, 0, 24, 2, 3.77
1747775981, 0, 0, 657, 657, 1, 6.50%, 0, 25, 2, 4.69
1747775997, 0, 0, 657, 657, 1, 6.50%, 0, 26, 2, 9.01
1747776002, 0, 0, 657, 657, 1, 6.50%, 0, 27, 2, 14.32
1747776012, 0, 0, 658, 658, 1, 6.50%, 0, 27, 2, 1.12
1747776033, 0, 0, 659, 659, 1, 6.50%, 0, 27, 2, 1.48
1747776039, 0, 0, 660, 660, 1, 6.50%, 0, 27, 2, 4.23
1747776049, 0, 0, 661, 661, 1, 6.50%, 0, 27, 2, 1.46
1747776060, 0, 0, 661, 661, 1, 6.50%, 0, 28, 2, 14.12
1747776076, 0, 0, 662, 662, 1, 6.50%, 0, 28, 2, 1.48
1747776081, 0, 0, 663, 663, 1, 6.50%, 0, 28, 2, 2.11
1747776102, 0, 0, 664, 664, 1, 6.50%, 0, 28, 2, 1.26
1747776107, 0, 0, 664, 664, 1, 6.50%, 0, 29, 2, 1.82
1747776112, 0, 0, 665, 665, 1, 6.50%, 0, 31, 2, 6.04
1747776117, 0, 0, 666, 666, 1, 6.50%, 0, 32, 2, 7.08
1747776122, 0, 0, 666, 666, 1, 6.50%, 0, 33, 2, 10.56
1747776128, 0, 0, 668, 668, 1, 6.50%, 0, 33, 2, 6.84
1747776133, 0, 0, 669, 669, 1, 6.50%, 0, 33, 2, 5.62
1747776144, 0, 0, 669, 669, 1, 6.50%, 0, 34, 2, 5.72
1747776149, 0, 0, 669, 669, 1, 6.50%, 0, 35, 2, 8.49
1747776154, 0, 0, 669, 669, 1, 6.50%, 0, 37, 2, 7.67
1747776171, 0, 0, 671, 671, 1, 6.50%, 0, 37, 2, 4.18
1747776176, 0, 0, 671, 671, 1, 6.50%, 0, 38, 2, 5.42
1747776192, 0, 0, 672, 672, 1, 6.50%, 0, 38, 2, 15.44
1747776197, 0, 0, 672, 672, 1, 6.50%, 0, 39, 2, 8.74
1747776203, 0, 0, 672, 672, 1, 6.50%, 0, 40, 2, 9.31
1747776208, 0, 0, 672, 672, 1, 6.50%, 0, 41, 2, 6.15
1747776213, 0, 0, 672, 672, 1, 6.50%, 0, 42, 2, 6.24
1747776218, 0, 0, 673, 673, 1, 6.50%, 0, 42, 2, 6.18
1747776224, 0, 0, 674, 674, 1, 6.50%, 0, 42, 2, 5.96
1747776235, 0, 0, 674, 674, 1, 6.50%, 0, 43, 2, 1.71
1747776240, 0, 0, 675, 675, 1, 6.50%, 0, 43, 2, 1.28
1747776245, 0, 0, 675, 675, 1, 6.50%, 0, 44, 2, 7.60
1747776251, 0, 0, 675, 675, 1, 6.50%, 0, 45, 2, 5.96
1747776256, 0, 0, 675, 675, 1, 6.50%, 0, 46, 2, 18.43
1747776272, 0, 0, 675, 675, 1, 6.50%, 0, 47, 2, 1.00
1747776309, 0, 0, 676, 676, 1, 6.50%, 0, 47, 2, 9.36
1747776314, 0, 0, 676, 676, 1, 6.50%, 0, 49, 2, 7.28
1747776319, 0, 0, 677, 677, 1, 6.50%, 0, 49, 2, 1.11
1747776330, 0, 0, 677, 677, 1, 6.50%, 0, 50, 2, 1.59
1747776340, 0, 0, 678, 678, 1, 6.50%, 0, 50, 2, 7.37
1747776378, 0, 0, 678, 678, 1, 6.50%, 0, 51, 2, 1.54
1747776404, 0, 0, 679, 679, 1, 6.50%, 0, 52, 2, 17.65
1747776425, 0, 0, 680, 680, 1, 6.50%, 0, 52, 2, 1.42
1747776441, 0, 0, 681, 681, 1, 6.50%, 0, 53, 2, 5.22
1747776457, 0, 0, 681, 681, 1, 6.50%, 0, 54, 2, 2.65
1747776467, 0, 0, 682, 682, 1, 6.50%, 0, 55, 2, 13.44
1747776472, 0, 0, 682, 682, 1, 6.50%, 0, 56, 2, 8.95
1747776483, 0, 0, 682, 682, 1, 6.50%, 0, 58, 2, 1.00
1747776504, 0, 0, 682, 682, 1, 6.50%, 0, 59, 2, 2.67
1747776520, 0, 0, 683, 683, 1, 6.50%, 0, 59, 2, 7.27
1747776541, 0, 0, 684, 684, 1, 6.50%, 0, 59, 2, 4.02
1747776551, 0, 0, 685, 685, 1, 6.50%, 0, 59, 2, 6.63
1747776572, 0, 0, 685, 685, 1, 6.50%, 0, 60, 2, 5.75
1747776577, 0, 0, 685, 685, 1, 6.50%, 0, 61, 2, 8.93
1747776582, 0, 0, 685, 685, 1, 6.50%, 0, 62, 2, 7.82
1747776588, 0, 0, 686, 686, 1, 6.50%, 0, 62, 2, 1.03
1747776610, 0, 0, 686, 686, 1, 6.50%, 0, 63, 2, 13.10
1747776626, 0, 0, 686, 686, 1, 6.50%, 0, 64, 2, 1.84
1747776631, 0, 0, 687, 687, 1, 6.50%, 0, 64, 2, 8.94
1747776648, 0, 0, 688, 688, 1, 6.50%, 0, 64, 2, 1.03
1747776663, 0, 0, 688, 688, 1, 6.50%, 0, 65, 2, 9.20
1747776673, 0, 0, 688, 688, 1, 6.50%, 0, 66, 2, 8.13
1747776684, 0, 0, 689, 689, 1, 6.50%, 0, 66, 2, 3.70
1747776711, 0, 0, 690, 690, 1, 6.50%, 0, 66, 2, 1.40
1747776721, 0, 0, 690, 690, 1, 6.50%, 0, 67, 2, 3.72
1747776726, 0, 0, 690, 690, 1, 6.50%, 0, 68, 2, 5.60
1747776779, 0, 0, 691, 691, 1, 6.50%, 0, 69, 2, 1.91
1747776789, 0, 0, 691, 691, 1, 6.50%, 0, 70, 2, 4.74
1747776794, 0, 0, 691, 691, 1, 6.50%, 0, 72, 2, 5.76
1747776805, 0, 0, 691, 691, 1, 6.50%, 0, 73, 2, 12.50
1747776831, 0, 0, 691, 691, 1, 6.50%, 0, 75, 2, 1.76
1747776846, 0, 0, 691, 691, 1, 6.50%, 0, 76, 2, 4.35
1747776852, 0, 0, 691, 691, 1, 6.50%, 0, 77, 2, 6.72
1747776894, 0, 0, 691, 691, 1, 6.50%, 0, 78, 2, 5.02
1747776904, 0, 0, 691, 691, 1, 6.50%, 0, 79, 2, 6.83
1747776915, 0, 0, 691, 691, 1, 6.50%, 0, 80, 2, 9.67
1747776921, 0, 0, 692, 692, 1, 6.50%, 0, 80, 2, 5.46
1747776936, 0, 0, 693, 693, 1, 6.50%, 0, 80, 2, 8.87
1747776968, 0, 0, 693, 693, 1, 6.50%, 0, 82, 2, 1.72
1747776989, 0, 0, 694, 694, 1, 6.80%, 0, 82, 2, 7.95
1747777015, 0, 0, 695, 695, 1, 6.80%, 0, 83, 2, 2.33
1747777051, 0, 0, 695, 695, 1, 6.80%, 0, 84, 2, 17.02
1747777062, 0, 0, 696, 696, 1, 6.80%, 0, 84, 2, 11.79
1747777067, 0, 0, 696, 696, 1, 6.80%, 0, 85, 2, 1.10
1747777072, 0, 0, 696, 696, 1, 6.80%, 0, 86, 2, 8.69
1747777099, 0, 0, 697, 697, 1, 6.80%, 0, 86, 2, 1.25
1747777104, 0, 0, 697, 697, 1, 6.80%, 0, 87, 2, 5.92
1747777141, 0, 0, 697, 697, 1, 6.80%, 0, 88, 2, 3.55
1747777162, 0, 0, 697, 697, 1, 6.80%, 0, 89, 2, 2.43
1747777172, 0, 0, 697, 697, 1, 6.80%, 0, 90, 2, 3.85
1747777178, 0, 0, 697, 697, 1, 6.80%, 0, 91, 2, 3.35
1747777183, 0, 0, 697, 697, 1, 6.80%, 0, 93, 2, 3.52
1747777194, 0, 0, 698, 698, 1, 6.80%, 0, 93, 2, 15.25
1747777199, 0, 0, 699, 699, 1, 6.80%, 0, 93, 2, 12.71
1747777220, 0, 0, 699, 699, 1, 6.80%, 0, 94, 2, 2.36
1747777225, 0, 0, 699, 699, 1, 6.80%, 0, 95, 2, 24.63
1747777230, 0, 0, 699, 699, 1, 6.80%, 0, 96, 2, 4.86
1747777241, 0, 0, 699, 699, 1, 6.80%, 0, 98, 2, 11.00
1747777278, 0, 0, 699, 699, 1, 6.80%, 0, 99, 2, 4.88
1747777283, 0, 0, 699, 699, 1, 6.80%, 0, 101, 2, 5.99
1747777289, 0, 0, 699, 699, 1, 6.80%, 0, 103, 2, 1.00
1747777310, 0, 0, 699, 699, 1, 6.80%, 0, 104, 2, 3.45
1747777321, 0, 0, 700, 700, 1, 6.80%, 0, 104, 2, 2.71
1747777332, 0, 0, 700, 700, 1, 6.80%, 0, 105, 2, 5.09
1747777342, 0, 0, 700, 700, 1, 6.80%, 0, 106, 2, 6.32
1747777374, 0, 0, 700, 700, 1, 6.80%, 0, 107, 2, 1.59
1747777395, 0, 0, 701, 701, 1, 6.80%, 0, 108, 2, 1.46
1747777406, 0, 0, 701, 701, 1, 6.80%, 0, 109, 2, 3.45
1747777433, 0, 0, 701, 701, 1, 6.80%, 0, 110, 2, 8.81
1747777443, 0, 0, 701, 701, 1, 6.80%, 0, 111, 2, 1.00
1747777454, 0, 0, 701, 701, 1, 6.80%, 0, 112, 2, 3.62
1747777475, 0, 0, 701, 701, 1, 6.80%, 0, 113, 2, 3.19
1747777495, 0, 0, 702, 702, 1, 6.80%, 0, 113, 2, 5.94
1747777501, 0, 0, 703, 703, 1, 6.80%, 0, 113, 2, 4.16
1747777506, 0, 0, 704, 704, 1, 6.80%, 0, 113, 2, 10.07
1747777538, 0, 0, 704, 704, 1, 6.80%, 0, 114, 2, 26.45
1747777564, 0, 0, 704, 704, 1, 6.80%, 0, 115, 2, 5.88
1747777580, 0, 0, 704, 704, 1, 6.80%, 0, 116, 2, 6.70
1747777601, 0, 0, 705, 705, 1, 6.80%, 0, 116, 2, 2.57
1747777628, 0, 0, 705, 705, 1, 6.80%, 0, 117, 2, 1.00
1747777633, 0, 0, 705, 705, 1, 6.80%, 0, 118, 2, 2.65
1747777644, 0, 0, 705, 705, 1, 6.80%, 0, 119, 2, 4.59
1747777680, 0, 0, 705, 705, 1, 6.80%, 0, 121, 2, 3.69
1747777696, 0, 0, 705, 705, 1, 6.80%, 0, 122, 2, 7.01
1747777702, 0, 0, 705, 705, 1, 6.80%, 0, 123, 2, 1.23
1747777775, 0, 0, 705, 705, 1, 6.80%, 0, 124, 2, 13.45
1747777798, 0, 0, 705, 705, 1, 6.80%, 0, 125, 2, 7.17
1747777809, 0, 0, 705, 705, 1, 6.80%, 0, 126, 2, 2.92
1747777814, 0, 0, 705, 705, 1, 6.80%, 0, 127, 2, 5.20
1747777820, 0, 0, 705, 705, 1, 6.80%, 0, 128, 2, 5.61
1747777825, 0, 0, 705, 705, 1, 6.80%, 0, 129, 2, 1.07
1747777862, 0, 0, 705, 705, 1, 6.80%, 0, 130, 2, 3.00
1747777883, 0, 0, 705, 705, 1, 6.80%, 0, 131, 2, 13.96
1747777920, 0, 0, 705, 705, 1, 6.80%, 0, 132, 2, 5.44
1747777941, 0, 0, 705, 705, 1, 6.80%, 0, 133, 2, 3.90
1747777957, 0, 0, 705, 705, 1, 6.80%, 0, 134, 2, 1.90
1747777977, 0, 0, 705, 705, 1, 6.80%, 0, 135, 2, 2.31
1747777988, 0, 0, 705, 705, 1, 6.80%, 0, 136, 2, 9.42
1747778003, 0, 0, 705, 705, 1, 6.80%, 0, 137, 2, 12.49
1747778024, 0, 0, 706, 706, 1, 6.80%, 0, 137, 2, 4.34
1747778045, 0, 0, 706, 706, 1, 6.80%, 0, 138, 2, 1.19
1747778050, 0, 0, 706, 706, 1, 6.80%, 0, 139, 2, 2.89
1747778055, 0, 0, 706, 706, 1, 6.80%, 0, 141, 2, 3.97
1747778060, 0, 0, 706, 706, 1, 6.80%, 0, 142, 2, 3.60
1747778071, 0, 0, 706, 706, 1, 6.80%, 0, 143, 2, 8.86
1747778081, 0, 0, 706, 706, 1, 6.80%, 0, 144, 2, 12.05
1747778124, 0, 0, 706, 706, 1, 6.80%, 0, 145, 2, 2.02
1747778145, 0, 0, 707, 707, 1, 6.80%, 0, 145, 2, 8.21
1747778156, 0, 0, 707, 707, 1, 6.80%, 0, 146, 2, 18.53
1747778177, 0, 0, 707, 707, 1, 6.80%, 0, 147, 2, 1.18
1747778203, 0, 0, 707, 707, 1, 6.80%, 0, 148, 2, 7.05
1747778219, 0, 0, 707, 707, 1, 6.80%, 0, 149, 2, 2.74
1747778235, 0, 0, 708, 708, 1, 6.80%, 0, 149, 2, 5.01
1747778267, 0, 0, 708, 708, 1, 6.80%, 0, 150, 2, 6.57
1747778282, 0, 0, 708, 708, 1, 6.80%, 0, 151, 2, 2.74
1747778299, 0, 0, 708, 708, 1, 6.80%, 0, 153, 2, 3.71
1747778315, 0, 0, 708, 708, 1, 6.80%, 0, 154, 2, 11.32
1747778321, 0, 0, 709, 709, 1, 6.80%, 0, 154, 2, 9.80
1747778336, 0, 0, 709, 709, 1, 6.80%, 0, 155, 2, 1.88
1747778347, 0, 0, 709, 709, 1, 6.80%, 0, 156, 2, 8.86
1747778364, 0, 0, 710, 710, 1, 6.81%, 0, 156, 2, 3.85
1747778370, 0, 0, 710, 710, 1, 6.81%, 0, 157, 2, 6.51
1747778375, 0, 0, 710, 710, 1, 6.81%, 0, 158, 2, 5.37
1747778386, 0, 0, 710, 710, 1, 6.81%, 0, 160, 2, 8.38
1747778391, 0, 1, 710, 709, 13, 6.81%, 0, 162, 2, 1.35
1747778397, 0, 1, 711, 710, 13, 6.82%, 0, 162, 2, 1.82
1747778402, 0, 1, 712, 711, 13, 6.82%, 0, 162, 2, 1.57
1747778413, 0, 1, 713, 712, 13, 6.83%, 0, 162, 2, 1.77
1747778418, 0, 1, 714, 713, 13, 6.83%, 0, 163, 2, 2.08
1747778424, 0, 1, 715, 714, 13, 6.83%, 0, 163, 2, 2.44
1747778429, 0, 1, 717, 716, 13, 6.83%, 0, 163, 2, 2.23
1747778445, 0, 1, 719, 718, 13, 6.83%, 0, 163, 2, 3.64
1747778450, 0, 1, 720, 719, 13, 6.84%, 0, 163, 2, 2.88
1747778455, 0, 1, 721, 720, 13, 6.84%, 0, 163, 2, 2.41
1747778461, 0, 1, 722, 721, 13, 6.84%, 0, 163, 2, 2.00
1747778467, 0, 1, 723, 722, 13, 6.84%, 0, 163, 2, 1.98
1747778472, 0, 1, 724, 723, 13, 6.84%, 0, 163, 2, 2.89
1747778478, 0, 1, 725, 724, 13, 6.84%, 0, 163, 2, 2.34
1747778483, 0, 1, 726, 725, 13, 6.84%, 0, 163, 2, 2.01
1747778489, 0, 1, 726, 725, 13, 6.84%, 0, 165, 2, 1.74
1747778495, 0, 1, 726, 725, 13, 6.84%, 0, 167, 2, 1.61
1747778500, 0, 1, 727, 726, 13, 6.84%, 0, 167, 2, 1.63
1747778505, 0, 1, 728, 727, 13, 6.84%, 0, 167, 2, 1.58
1747778516, 0, 1, 728, 727, 13, 6.84%, 0, 169, 2, 1.51
1747778521, 0, 1, 729, 728, 13, 6.84%, 0, 169, 2, 1.45
1747778527, 0, 1, 730, 729, 13, 6.84%, 0, 169, 2, 1.44
1747778538, 0, 1, 730, 729, 13, 6.84%, 0, 170, 2, 1.35
1747778543, 0, 1, 731, 730, 13, 6.84%, 0, 170, 2, 1.29
1747778553, 0, 1, 732, 731, 13, 6.84%, 0, 171, 2, 1.23
1747778563, 0, 1, 733, 732, 13, 6.84%, 0, 171, 2, 1.41
1747778569, 0, 1, 733, 732, 13, 6.84%, 0, 172, 2, 1.63
1747778574, 0, 1, 734, 733, 13, 6.84%, 0, 173, 2, 1.63
1747778585, 0, 1, 734, 733, 13, 6.84%, 0, 174, 2, 1.48
1747778591, 0, 1, 734, 733, 13, 6.84%, 0, 176, 2, 1.36
1747778596, 0, 1, 734, 733, 13, 6.84%, 0, 177, 2, 1.35
1747778602, 0, 1, 735, 734, 13, 6.84%, 0, 178, 2, 1.33
1747778612, 0, 1, 736, 735, 13, 6.84%, 0, 178, 2, 1.39
1747778617, 0, 1, 737, 736, 13, 6.84%, 0, 178, 2, 1.39
1747778628, 0, 1, 738, 737, 13, 6.84%, 0, 179, 2, 1.52
1747778634, 0, 1, 738, 737, 13, 6.84%, 0, 180, 2, 1.54
1747778639, 0, 1, 738, 737, 13, 6.84%, 0, 182, 2, 1.52
1747778656, 0, 1, 739, 738, 13, 6.84%, 0, 182, 2, 1.49
1747778666, 0, 1, 740, 739, 13, 6.84%, 0, 182, 2, 1.47
1747778682, 0, 1, 741, 740, 13, 6.84%, 0, 182, 2, 1.60
1747778688, 0, 1, 741, 740, 13, 6.84%, 0, 183, 2, 1.52
1747778693, 0, 1, 742, 741, 13, 6.84%, 0, 183, 2, 1.54
1747778704, 0, 1, 742, 741, 13, 6.84%, 0, 185, 2, 1.41
1747778710, 0, 1, 742, 741, 13, 6.84%, 0, 187, 2, 1.40
1747778715, 0, 1, 743, 742, 13, 6.84%, 0, 187, 2, 1.42
1747778720, 0, 1, 743, 742, 13, 6.84%, 0, 189, 2, 1.48
1747778731, 0, 1, 744, 743, 13, 6.84%, 0, 190, 2, 1.52
1747778742, 0, 1, 744, 743, 13, 6.84%, 0, 191, 2, 1.49
1747778753, 0, 1, 744, 743, 13, 6.84%, 0, 192, 2, 1.45
1747778758, 0, 1, 745, 744, 13, 6.84%, 0, 192, 2, 1.66
1747778769, 0, 1, 745, 744, 13, 6.84%, 0, 193, 2, 1.53
1747778779, 0, 1, 746, 745, 13, 6.84%, 0, 194, 2, 1.47
1747778785, 0, 1, 746, 745, 13, 6.84%, 0, 195, 2, 1.38
1747778796, 0, 1, 746, 745, 13, 6.84%, 0, 196, 2, 1.55
1747778807, 0, 1, 746, 745, 13, 6.84%, 0, 197, 2, 1.49
1747778812, 0, 1, 747, 746, 13, 6.84%, 0, 197, 2, 1.81
1747778829, 0, 1, 747, 746, 13, 6.84%, 0, 198, 2, 1.45
1747778834, 0, 1, 747, 746, 13, 6.84%, 0, 199, 2, 1.36
1747778839, 0, 1, 747, 746, 13, 6.84%, 0, 202, 2, 1.27
1747778844, 0, 1, 747, 746, 13, 6.84%, 0, 203, 2, 1.44
1747778850, 0, 1, 747, 746, 13, 6.84%, 0, 204, 2, 1.50
1747778856, 0, 1, 747, 746, 13, 6.84%, 0, 205, 2, 1.42
1747778861, 0, 1, 748, 747, 13, 6.84%, 0, 205, 2, 1.63
1747778872, 0, 1, 748, 747, 13, 6.84%, 0, 206, 2, 1.49
1747778877, 0, 1, 748, 747, 13, 6.84%, 0, 207, 2, 1.38
1747778882, 0, 1, 749, 748, 13, 6.84%, 0, 207, 2, 1.38
1747778888, 0, 1, 749, 748, 13, 6.84%, 0, 208, 2, 1.33
1747778894, 0, 1, 749, 748, 13, 6.84%, 0, 209, 2, 1.34
1747778905, 0, 1, 749, 748, 13, 6.84%, 0, 210, 2, 1.52
1747778911, 0, 1, 749, 748, 13, 6.84%, 0, 211, 2, 1.49
1747778916, 0, 1, 749, 748, 13, 6.84%, 0, 212, 2, 1.39
1747778922, 0, 1, 749, 748, 13, 6.84%, 0, 213, 2, 1.42
1747778927, 0, 1, 750, 749, 13, 6.84%, 0, 214, 2, 1.34
1747778943, 0, 1, 750, 749, 13, 6.84%, 0, 215, 2, 1.38
1747778948, 0, 1, 751, 750, 13, 6.84%, 0, 215, 2, 1.39
1747778959, 0, 1, 751, 750, 13, 6.84%, 0, 217, 2, 1.30
1747778970, 0, 1, 751, 750, 13, 6.84%, 0, 218, 2, 1.38
1747778980, 0, 1, 751, 750, 13, 6.84%, 0, 219, 2, 1.39
1747778991, 0, 1, 752, 751, 13, 6.84%, 0, 220, 2, 1.37
1747779001, 0, 1, 752, 751, 13, 6.84%, 0, 221, 2, 1.38
1747779006, 0, 1, 753, 752, 13, 6.84%, 0, 221, 2, 1.59
1747779012, 0, 1, 753, 752, 13, 6.84%, 0, 222, 2, 1.58
1747779018, 0, 1, 754, 753, 13, 6.84%, 0, 222, 2, 1.72
1747779023, 0, 1, 754, 753, 13, 6.84%, 0, 224, 2, 1.53
1747779034, 0, 1, 755, 754, 13, 6.84%, 0, 224, 2, 1.56
1747779051, 0, 1, 755, 754, 13, 6.84%, 0, 225, 2, 1.57
1747779056, 0, 1, 755, 754, 13, 6.84%, 0, 226, 2, 1.48
1747779061, 0, 1, 755, 754, 13, 6.84%, 0, 228, 2, 1.44
1747779073, 0, 1, 755, 754, 13, 6.84%, 0, 231, 2, 1.41
1747779078, 0, 1, 755, 754, 13, 6.84%, 0, 232, 2, 1.35
1747779084, 0, 1, 755, 754, 13, 6.84%, 0, 233, 2, 1.43
1747779089, 0, 1, 755, 754, 13, 6.84%, 0, 234, 2, 1.39
1747779100, 0, 1, 756, 755, 13, 6.84%, 0, 235, 2, 1.47
1747779116, 0, 1, 756, 755, 13, 6.84%, 0, 236, 2, 1.40
1747779132, 0, 1, 756, 755, 13, 6.84%, 0, 238, 2, 1.46
1747779138, 0, 1, 756, 755, 13, 6.84%, 0, 240, 2, 1.39
1747779143, 0, 1, 756, 755, 13, 6.84%, 0, 241, 2, 1.37
1747779149, 0, 1, 756, 755, 13, 6.84%, 0, 242, 2, 1.41
1747779159, 0, 1, 757, 756, 13, 6.84%, 0, 245, 2, 1.42
1747779176, 0, 1, 758, 757, 13, 6.84%, 0, 246, 2, 1.46
1747779191, 0, 1, 758, 757, 13, 6.84%, 0, 247, 2, 8.26
1747779202, 0, 1, 758, 757, 13, 6.84%, 0, 249, 2, 1.32
1747779213, 0, 1, 758, 757, 13, 6.84%, 0, 250, 2, 1.43
1747779224, 0, 1, 758, 757, 13, 6.84%, 0, 251, 2, 1.35
1747779230, 0, 1, 758, 757, 13, 6.84%, 0, 252, 2, 1.36
1747779246, 0, 1, 758, 757, 13, 6.84%, 0, 253, 2, 1.31
1747779262, 0, 1, 758, 757, 13, 6.84%, 0, 254, 2, 1.43
1747779267, 0, 1, 758, 757, 13, 6.84%, 0, 255, 2, 1.32
1747779278, 0, 1, 758, 757, 13, 6.84%, 0, 258, 2, 1.47
1747779289, 0, 1, 758, 757, 13, 6.84%, 0, 259, 2, 1.50
1747779294, 0, 1, 759, 758, 13, 6.84%, 0, 259, 2, 1.42
1747779327, 0, 1, 759, 758, 13, 6.84%, 0, 260, 2, 1.31
1747779333, 0, 1, 759, 758, 13, 6.84%, 0, 262, 2, 1.24
1747779349, 0, 1, 759, 758, 13, 6.84%, 0, 263, 2, 1.23
1747779354, 0, 1, 759, 758, 13, 6.84%, 0, 264, 2, 1.22
1747779370, 0, 1, 759, 758, 13, 6.84%, 0, 265, 2, 1.37
1747779376, 0, 1, 759, 758, 13, 6.84%, 0, 266, 2, 1.41
1747779398, 0, 1, 760, 759, 13, 6.84%, 0, 266, 2, 1.40
1747779414, 0, 1, 761, 760, 13, 6.84%, 0, 266, 2, 1.40
1747779425, 0, 1, 761, 760, 13, 6.84%, 0, 267, 2, 1.41
1747779431, 0, 1, 762, 761, 13, 6.84%, 0, 267, 2, 1.44
1747779453, 0, 1, 763, 762, 13, 6.84%, 0, 267, 2, 1.32
1747779469, 0, 1, 763, 762, 13, 6.84%, 0, 268, 2, 1.29
1747779485, 0, 1, 763, 762, 13, 6.84%, 0, 270, 2, 1.31
1747779512, 0, 1, 763, 762, 13, 6.84%, 0, 271, 2, 1.44
1747779523, 0, 1, 764, 763, 13, 6.84%, 0, 271, 2, 1.48
1747779539, 0, 1, 765, 764, 13, 6.84%, 0, 271, 2, 1.64
1747779550, 0, 1, 765, 764, 13, 6.84%, 0, 272, 2, 1.63
1747779565, 0, 1, 766, 765, 13, 6.84%, 0, 272, 2, 1.47
1747779604, 0, 1, 766, 765, 13, 6.84%, 0, 273, 2, 1.33
1747779620, 0, 1, 766, 765, 13, 6.84%, 0, 274, 2, 1.51
1747779631, 0, 1, 766, 765, 13, 6.84%, 0, 275, 2, 1.53
1747779642, 0, 1, 766, 765, 13, 6.84%, 0, 276, 2, 1.54
1747779653, 0, 1, 766, 765, 13, 6.84%, 0, 277, 2, 1.41
1747779659, 0, 1, 766, 765, 13, 6.84%, 0, 279, 2, 1.41
1747779675, 0, 1, 767, 766, 13, 6.84%, 0, 279, 2, 1.50
1747779692, 0, 1, 768, 767, 13, 6.84%, 0, 279, 2, 1.36
1747779708, 0, 1, 768, 767, 13, 6.84%, 0, 280, 2, 1.36
1747779719, 0, 1, 769, 768, 13, 6.84%, 0, 280, 2, 1.49
1747779725, 0, 1, 770, 769, 13, 6.84%, 0, 280, 2, 1.46
1747779735, 0, 1, 770, 769, 13, 6.84%, 0, 281, 2, 1.35
1747779741, 0, 1, 770, 769, 13, 6.84%, 0, 282, 2, 1.33
1747779746, 0, 1, 771, 770, 13, 6.84%, 0, 282, 2, 1.36
1747779752, 0, 1, 771, 770, 13, 6.84%, 0, 283, 2, 1.34
1747779768, 0, 1, 771, 770, 13, 6.84%, 0, 284, 2, 1.31
1747779796, 0, 1, 772, 771, 13, 6.84%, 0, 284, 2, 1.28
1747779811, 0, 1, 773, 772, 13, 6.84%, 0, 284, 2, 1.38
1747779822, 0, 1, 774, 773, 13, 6.85%, 0, 284, 2, 1.31
1747779859, 0, 1, 774, 773, 13, 6.85%, 0, 285, 2, 1.35
1747779870, 0, 1, 774, 773, 13, 6.85%, 0, 286, 2, 1.48
1747779887, 0, 1, 774, 773, 13, 6.85%, 0, 287, 2, 1.38
1747779892, 0, 1, 774, 773, 13, 6.85%, 0, 288, 2, 1.50
1747779898, 0, 1, 774, 773, 13, 6.85%, 0, 289, 2, 1.36
1747779903, 0, 1, 774, 773, 13, 6.85%, 0, 290, 2, 1.34
1747779936, 0, 1, 774, 773, 13, 6.85%, 0, 291, 2, 1.57
1747779947, 0, 1, 774, 773, 13, 6.85%, 0, 292, 2, 1.47
1747779968, 0, 1, 774, 773, 13, 6.85%, 0, 293, 2, 1.25
1747779974, 0, 1, 775, 774, 13, 6.85%, 0, 294, 2, 1.29
1747779990, 0, 1, 775, 774, 13, 6.85%, 0, 296, 2, 1.30
1747780001, 0, 1, 775, 774, 13, 6.85%, 0, 297, 2, 1.28
1747780007, 0, 1, 776, 775, 13, 6.85%, 0, 297, 2, 1.51
1747780071, 0, 1, 776, 775, 13, 6.85%, 0, 298, 2, 1.33
1747780076, 0, 1, 777, 776, 13, 6.85%, 0, 298, 2, 1.34
1747780092, 0, 1, 777, 776, 13, 6.85%, 0, 299, 2, 1.32
1747780097, 0, 1, 778, 777, 13, 6.85%, 0, 299, 2, 1.46
1747780124, 0, 1, 779, 778, 13, 6.85%, 0, 299, 2, 1.48
1747780134, 0, 1, 779, 778, 13, 6.85%, 0, 300, 2, 1.45
1747780150, 0, 1, 779, 778, 13, 6.85%, 0, 301, 2, 1.59
1747780172, 0, 1, 779, 778, 13, 6.85%, 0, 302, 2, 1.52
1747780178, 0, 1, 779, 778, 13, 6.85%, 0, 303, 2, 1.69
1747780183, 0, 1, 779, 778, 13, 6.85%, 0, 304, 2, 1.63
1747780226, 0, 1, 780, 779, 13, 6.85%, 0, 304, 2, 1.35
1747780247, 0, 1, 781, 780, 13, 6.85%, 0, 304, 2, 1.48
1747780301, 0, 1, 781, 780, 13, 6.85%, 0, 305, 2, 1.64
1747780329, 0, 1, 782, 781, 13, 6.85%, 0, 305, 2, 1.56
1747780346, 0, 1, 783, 782, 13, 6.85%, 0, 305, 2, 1.60
1747780438, 0, 1, 784, 783, 13, 6.85%, 0, 305, 2, 1.65
1747780444, 0, 1, 784, 783, 13, 6.85%, 0, 306, 2, 1.51
1747780471, 0, 1, 784, 783, 13, 6.85%, 0, 307, 2, 1.44
1747780476, 0, 1, 784, 783, 13, 6.85%, 0, 308, 2, 1.36
1747780539, 0, 1, 784, 783, 13, 6.85%, 0, 309, 2, 1.40
1747780637, 0, 1, 784, 783, 13, 6.85%, 0, 310, 2, 1.52
1747780653, 0, 1, 784, 783, 13, 6.85%, 0, 311, 2, 1.67
1747780728, 0, 1, 784, 783, 13, 6.85%, 0, 312, 2, 1.47
1747780771, 0, 1, 784, 783, 13, 6.85%, 0, 313, 2, 1.44
1747780798, 0, 1, 785, 784, 13, 6.85%, 0, 313, 2, 1.29
1747780852, 0, 1, 785, 784, 13, 6.85%, 0, 314, 2, 1.22
1747780858, 0, 1, 786, 785, 13, 6.85%, 0, 314, 2, 1.64
1747780880, 0, 1, 786, 785, 13, 6.85%, 0, 315, 2, 1.47
1747780890, 0, 1, 786, 785, 13, 6.85%, 0, 316, 2, 1.28
1747780918, 0, 1, 786, 785, 13, 6.85%, 0, 317, 2, 1.29
1747780923, 0, 1, 786, 785, 13, 6.85%, 0, 318, 2, 1.38
1747780939, 0, 1, 786, 785, 13, 6.85%, 0, 319, 2, 1.39
1747780955, 0, 1, 787, 786, 13, 6.85%, 0, 319, 2, 1.46
1747780999, 0, 1, 787, 786, 13, 6.85%, 0, 320, 2, 1.36
1747781043, 0, 1, 787, 786, 13, 6.85%, 0, 321, 2, 1.44
1747781059, 0, 1, 788, 787, 13, 6.85%, 0, 321, 2, 1.94
1747781102, 0, 1, 789, 788, 13, 6.85%, 0, 321, 2, 1.46
1747781119, 0, 1, 789, 788, 13, 6.85%, 0, 322, 2, 1.33
1747781140, 0, 1, 790, 789, 13, 6.85%, 0, 322, 2, 1.35
1747781194, 0, 1, 790, 789, 13, 6.85%, 0, 323, 2, 1.42
1747781279, 0, 1, 790, 789, 13, 6.85%, 0, 324, 2, 1.50
1747781334, 0, 1, 791, 790, 13, 6.85%, 0, 325, 2, 1.55
1747781387, 0, 1, 792, 791, 13, 6.86%, 0, 325, 2, 1.45
1747781489, 0, 1, 792, 791, 13, 6.86%, 0, 326, 2, 1.64
1747781565, 0, 1, 792, 791, 13, 6.86%, 0, 327, 2, 1.38
1747781582, 0, 1, 792, 791, 13, 6.86%, 0, 328, 2, 1.47
1747781652, 0, 1, 792, 791, 13, 6.86%, 0, 329, 2, 1.51
1747781657, 0, 1, 792, 791, 13, 6.86%, 0, 330, 2, 1.51
1747781721, 0, 1, 792, 791, 13, 6.86%, 0, 331, 2, 1.38
1747781819, 0, 1, 792, 791, 13, 6.86%, 0, 332, 2, 1.42
1747781901, 0, 2, 792, 791, 15, 6.86%, 0, 332, 2, 1.53
1747781907, 0, 2, 793, 792, 15, 6.86%, 0, 332, 2, 1.41
1747781912, 0, 2, 794, 793, 15, 6.86%, 0, 332, 2, 1.32
1747781924, 0, 2, 795, 794, 15, 6.86%, 0, 332, 2, 1.35
1747781934, 0, 2, 796, 795, 15, 6.86%, 0, 332, 2, 1.39
1747781946, 0, 2, 797, 796, 15, 6.86%, 0, 332, 2, 1.62
1747781956, 0, 2, 798, 797, 15, 6.86%, 0, 332, 2, 1.37
1747781971, 0, 2, 799, 798, 15, 6.86%, 0, 332, 2, 2.06
1747781993, 0, 2, 800, 799, 15, 6.86%, 0, 333, 2, 1.60
1747782015, 0, 2, 801, 800, 15, 6.86%, 0, 333, 2, 1.33
1747782041, 0, 2, 802, 801, 15, 6.86%, 0, 333, 2, 1.65
1747782052, 0, 2, 803, 802, 15, 6.86%, 0, 333, 2, 1.85
1747782057, 0, 2, 804, 803, 15, 6.86%, 0, 333, 2, 1.77
1747782074, 0, 2, 805, 804, 15, 6.86%, 0, 333, 2, 1.88
1747782102, 0, 2, 806, 805, 15, 6.86%, 0, 333, 2, 1.49
1747782112, 0, 2, 807, 806, 15, 6.86%, 0, 333, 2, 1.47
1747782118, 0, 2, 808, 807, 15, 6.86%, 0, 333, 2, 1.72
1747782139, 0, 2, 808, 807, 15, 6.86%, 0, 334, 2, 1.71
1747782155, 0, 2, 809, 808, 15, 6.86%, 0, 334, 2, 1.68
1747782188, 0, 2, 810, 809, 15, 6.86%, 0, 334, 2, 1.58
1747782198, 0, 2, 811, 810, 15, 6.86%, 0, 334, 2, 1.41
1747782221, 0, 2, 812, 811, 15, 6.86%, 0, 334, 2, 1.39
1747782226, 0, 2, 813, 812, 15, 6.86%, 0, 334, 2, 1.46
1747782232, 0, 2, 814, 813, 15, 6.86%, 0, 334, 2, 1.44
1747782243, 0, 2, 815, 814, 15, 6.86%, 0, 334, 2, 1.41
1747782260, 0, 2, 816, 815, 15, 6.86%, 0, 334, 2, 1.38
1747782281, 0, 2, 817, 816, 15, 6.86%, 0, 334, 2, 1.45
1747782297, 0, 2, 818, 817, 15, 6.86%, 0, 334, 2, 1.53
1747782313, 0, 2, 818, 817, 15, 6.86%, 0, 335, 2, 1.56
1747782373, 0, 2, 819, 818, 15, 6.86%, 0, 335, 2, 1.50
1747782390, 0, 2, 820, 819, 15, 6.86%, 0, 335, 2, 1.38
1747782431, 0, 2, 821, 820, 15, 6.86%, 0, 335, 2, 1.51
1747782453, 0, 2, 822, 821, 15, 6.86%, 0, 335, 2, 1.65
1747782491, 0, 2, 823, 822, 15, 6.86%, 0, 335, 2, 1.53
1747782507, 0, 2, 823, 822, 15, 6.86%, 0, 336, 2, 1.47
1747782512, 0, 2, 823, 822, 15, 6.86%, 0, 337, 2, 1.48
1747782540, 0, 2, 824, 823, 15, 6.86%, 0, 337, 2, 1.58
1747782551, 0, 2, 825, 824, 15, 6.86%, 0, 337, 2, 1.35
1747782563, 0, 2, 825, 824, 15, 6.86%, 0, 338, 2, 1.25
1747782628, 0, 2, 826, 825, 15, 6.86%, 0, 338, 2, 1.39
1747782651, 0, 2, 826, 825, 15, 6.86%, 0, 339, 2, 1.27
1747782699, 0, 2, 827, 826, 15, 6.86%, 0, 339, 2, 1.45
1747782704, 0, 2, 828, 827, 15, 6.86%, 0, 339, 2, 1.35
1747782753, 0, 2, 829, 828, 15, 6.86%, 0, 339, 2, 1.35
1747782844, 0, 2, 830, 829, 15, 6.86%, 0, 339, 2, 1.74
1747782871, 0, 2, 831, 830, 15, 6.86%, 0, 339, 2, 1.69
1747782882, 0, 2, 832, 831, 15, 6.86%, 0, 339, 2, 1.90
1747782887, 0, 2, 832, 831, 15, 6.86%, 0, 340, 2, 1.79
1747782952, 0, 2, 833, 832, 15, 6.86%, 0, 340, 2, 1.45
1747783001, 0, 2, 833, 832, 15, 6.86%, 0, 341, 2, 1.65
1747783012, 0, 2, 833, 832, 15, 6.86%, 0, 342, 2, 1.66
1747783051, 0, 2, 834, 833, 15, 6.86%, 0, 342, 2, 1.74
1747783067, 0, 2, 834, 833, 15, 6.86%, 0, 343, 2, 1.53
1747783072, 0, 2, 835, 834, 15, 6.86%, 0, 343, 2, 1.52
1747783094, 0, 2, 836, 835, 15, 6.86%, 0, 343, 2, 1.49
1747783104, 0, 2, 837, 836, 15, 6.86%, 0, 344, 2, 1.66
1747783148, 0, 2, 838, 837, 15, 6.86%, 0, 345, 2, 1.52
1747783289, 0, 2, 839, 838, 15, 6.86%, 0, 345, 2, 1.58
1747783375, 0, 2, 840, 839, 15, 6.86%, 0, 345, 2, 1.38
1747783475, 0, 2, 840, 839, 15, 6.86%, 0, 346, 2, 1.77
1747783486, 0, 2, 841, 840, 15, 6.86%, 0, 346, 2, 1.60
1747783519, 0, 2, 842, 841, 15, 6.86%, 0, 347, 2, 1.50
1747783584, 0, 2, 843, 842, 15, 6.86%, 0, 347, 2, 1.54
1747783633, 0, 2, 844, 843, 15, 6.86%, 0, 347, 2, 1.56
1747783661, 0, 2, 845, 844, 15, 6.86%, 0, 347, 2, 1.42
1747783752, 0, 2, 845, 844, 15, 6.86%, 0, 348, 2, 1.41
1747783828, 0, 2, 846, 845, 15, 6.86%, 0, 348, 2, 1.48
1747783886, 0, 2, 847, 846, 15, 6.86%, 0, 348, 2, 1.53
1747784038, 0, 2, 847, 846, 15, 6.86%, 0, 349, 2, 1.55
1747784092, 0, 2, 848, 847, 15, 6.86%, 0, 349, 2, 1.45
1747784151, 0, 2, 849, 848, 15, 6.86%, 0, 349, 2, 1.46
1747784224, 0, 2, 850, 849, 15, 6.86%, 0, 349, 2, 1.78
1747784230, 0, 2, 851, 850, 15, 6.86%, 0, 349, 2, 1.58
1747784283, 0, 2, 851, 850, 15, 6.86%, 0, 350, 2, 1.54
1747784355, 0, 2, 852, 851, 15, 6.86%, 0, 350, 2, 1.56
1747784420, 0, 2, 852, 851, 15, 6.86%, 0, 351, 2, 1.49
1747784431, 0, 2, 853, 852, 15, 6.86%, 0, 351, 2, 1.59
1747784495, 0, 2, 854, 853, 15, 6.86%, 0, 351, 2, 1.67
1747784505, 0, 2, 855, 854, 15, 6.87%, 0, 352, 2, 2.09
1747784521, 0, 2, 856, 855, 15, 6.87%, 0, 352, 2, 2.89
1747784531, 0, 2, 857, 856, 15, 6.87%, 0, 352, 2, 2.18
1747784547, 0, 2, 858, 857, 15, 6.87%, 0, 352, 2, 2.54
1747784601, 0, 2, 858, 857, 15, 6.87%, 0, 353, 2, 2.45
1747784659, 0, 2, 859, 858, 15, 6.87%, 0, 353, 2, 1.69
1747784696, 0, 2, 859, 858, 15, 6.87%, 0, 354, 2, 1.38
1747784771, 0, 2, 860, 859, 15, 6.87%, 0, 354, 2, 1.61
1747784804, 0, 2, 860, 859, 15, 6.87%, 0, 355, 2, 1.48
1747784918, 0, 2, 861, 860, 15, 6.87%, 0, 355, 2, 1.47
1747784972, 0, 2, 861, 860, 15, 6.87%, 0, 356, 2, 1.24
1747784994, 0, 2, 862, 861, 15, 6.87%, 0, 356, 2, 1.74
1747785009, 0, 2, 863, 862, 15, 6.87%, 0, 356, 2, 1.64
1747785165, 0, 2, 864, 863, 15, 6.87%, 0, 356, 2, 1.53
1747785187, 0, 3, 864, 863, 16, 6.87%, 0, 356, 2, 1.41
1747785203, 0, 3, 865, 864, 16, 6.87%, 0, 356, 2, 2.26
1747785228, 0, 3, 866, 865, 16, 6.87%, 0, 356, 2, 3.48
1747785234, 0, 3, 867, 866, 16, 6.87%, 0, 356, 2, 3.93
1747785319, 0, 3, 868, 867, 16, 6.87%, 0, 356, 2, 3.77
1747785325, 0, 3, 869, 868, 16, 6.87%, 0, 356, 2, 3.92
1747785362, 0, 3, 870, 869, 16, 6.87%, 0, 356, 2, 2.93
1747785446, 0, 3, 870, 869, 16, 6.87%, 0, 357, 2, 3.06
1747785678, 0, 3, 870, 869, 16, 6.87%, 0, 358, 2, 2.28
1747785780, 0, 3, 870, 869, 16, 6.87%, 0, 359, 2, 2.27
1747785801, 0, 3, 870, 869, 16, 6.87%, 0, 360, 2, 1.96
1747785914, 0, 3, 870, 869, 16, 6.87%, 0, 361, 2, 2.33
1747785946, 0, 3, 871, 870, 16, 6.87%, 0, 361, 2, 2.64
1747786044, 0, 3, 871, 870, 16, 6.87%, 0, 362, 2, 2.56
1747786166, 0, 3, 872, 871, 16, 6.87%, 0, 362, 2, 3.10
1747786258, 0, 3, 872, 871, 16, 6.87%, 0, 363, 2, 1.96
1747786687, 0, 3, 873, 872, 16, 6.87%, 0, 363, 2, 2.29
1747786816, 0, 3, 874, 873, 16, 6.87%, 0, 363, 2, 2.27
1747786913, 0, 3, 875, 874, 16, 6.87%, 0, 363, 2, 3.59
1747787007, 0, 3, 876, 875, 16, 6.87%, 0, 363, 2, 2.69
1747787090, 0, 3, 877, 876, 16, 6.87%, 0, 363, 2, 3.34
1747787228, 0, 5, 877, 876, 15, 6.87%, 0, 363, 2, 3.93
1747787239, 0, 5, 878, 877, 15, 6.87%, 0, 363, 2, 3.04
1747787249, 0, 5, 879, 878, 15, 6.87%, 0, 363, 2, 2.62
1747787270, 0, 5, 880, 879, 15, 6.87%, 0, 363, 2, 2.29
1747787302, 0, 5, 881, 880, 15, 6.87%, 0, 363, 2, 2.74
1747787318, 0, 5, 882, 881, 15, 6.87%, 0, 363, 2, 2.46
1747787344, 0, 5, 883, 882, 15, 6.87%, 0, 363, 2, 2.60
1747787386, 0, 5, 884, 883, 15, 6.87%, 0, 363, 2, 2.79
1747787396, 0, 5, 885, 884, 15, 6.87%, 0, 363, 2, 3.12
1747787459, 0, 5, 886, 885, 15, 6.87%, 0, 363, 2, 2.70
1747787502, 0, 5, 887, 886, 15, 6.87%, 0, 363, 2, 2.57
1747787528, 0, 5, 888, 887, 15, 6.87%, 0, 363, 2, 2.45
1747787612, 0, 5, 889, 888, 15, 6.87%, 0, 363, 2, 3.33
1747787623, 0, 5, 890, 889, 15, 6.87%, 0, 363, 2, 2.74
1747787649, 0, 5, 891, 890, 15, 6.87%, 0, 363, 2, 2.93
1747787660, 0, 5, 892, 891, 15, 6.87%, 0, 363, 2, 2.76
1747787671, 0, 5, 893, 892, 15, 6.87%, 0, 363, 2, 3.11
1747787702, 0, 5, 894, 893, 15, 6.87%, 0, 363, 2, 2.73
1747787713, 0, 5, 895, 894, 15, 6.87%, 0, 363, 2, 1.98
1747787797, 0, 5, 896, 895, 15, 6.87%, 0, 363, 2, 2.49
1747787802, 0, 5, 897, 896, 15, 6.87%, 0, 363, 2, 2.85
1747787849, 0, 5, 897, 896, 15, 6.87%, 0, 364, 2, 2.28
1747787974, 0, 5, 898, 897, 15, 6.87%, 0, 364, 2, 1.49
1747788157, 0, 5, 899, 898, 15, 6.87%, 0, 364, 2, 1.39
1747788462, 0, 5, 899, 898, 15, 6.87%, 0, 365, 2, 1.62
1747788472, 0, 5, 900, 899, 15, 6.87%, 0, 365, 2, 1.44
1747788693, 0, 5, 901, 900, 15, 6.87%, 0, 365, 2, 1.45
1747788804, 0, 5, 901, 900, 15, 6.87%, 0, 366, 2, 1.64
1747789064, 0, 5, 902, 901, 15, 6.87%, 0, 366, 2, 1.98
1747789230, 0, 5, 902, 901, 15, 6.87%, 0, 367, 2, 1.75
1747789441, 0, 5, 903, 902, 15, 6.87%, 0, 367, 2, 1.86
1747789478, 0, 5, 904, 903, 15, 6.87%, 0, 367, 2, 1.54
1747789554, 0, 5, 905, 904, 15, 6.87%, 0, 367, 2, 1.91
1747789724, 0, 6, 905, 904, 16, 6.87%, 0, 367, 2, 1.93
1747789804, 0, 7, 905, 904, 16, 6.87%, 0, 367, 2, 2.01
1747789889, 0, 8, 905, 904, 16, 6.87%, 0, 367, 2, 1.75
1747789971, 0, 10, 905, 904, 16, 6.87%, 0, 367, 2, 1.58
1747790060, 0, 11, 905, 904, 16, 6.87%, 0, 367, 2, 1.51
1747790142, 0, 11, 906, 905, 16, 6.87%, 0, 367, 2, 1.54
1747790153, 0, 11, 907, 906, 16, 6.87%, 0, 367, 2, 1.50
1747790400, 0, 12, 907, 906, 16, 6.87%, 0, 367, 2, 2.55
1747790410, 0, 12, 908, 907, 16, 6.87%, 0, 367, 2, 3.04
1747790415, 0, 12, 909, 908, 16, 6.87%, 0, 367, 2, 2.51
1747790521, 0, 12, 910, 909, 16, 6.87%, 0, 367, 2, 2.56
1747790720, 0, 12, 911, 910, 16, 6.87%, 0, 367, 2, 2.77
1747790741, 0, 12, 912, 911, 16, 6.87%, 0, 367, 2, 2.88
1747790901, 0, 12, 913, 912, 16, 6.87%, 0, 367, 2, 2.44
1747790974, 0, 12, 914, 913, 16, 6.87%, 0, 367, 2, 2.92
1747791011, 0, 12, 915, 914, 16, 6.87%, 0, 367, 2, 2.67
1747791086, 0, 12, 916, 915, 16, 6.87%, 0, 367, 2, 3.35
1747791196, 0, 12, 917, 916, 16, 6.87%, 0, 367, 2, 2.92
1747791291, 0, 12, 918, 917, 16, 6.87%, 0, 367, 2, 3.10
1747791392, 0, 12, 919, 918, 16, 6.87%, 0, 367, 2, 3.59
1747791434, 0, 12, 920, 919, 16, 6.87%, 0, 367, 2, 2.96
1747791498, 0, 12, 921, 920, 16, 6.87%, 0, 367, 2, 3.00
1747791519, 0, 12, 922, 921, 16, 6.87%, 0, 367, 2, 3.24
1747791760, 0, 12, 923, 922, 16, 6.87%, 0, 367, 2, 1.89
1747792164, 0, 13, 923, 922, 16, 6.87%, 0, 367, 2, 1.81
1747792234, 0, 14, 923, 922, 16, 6.87%, 0, 367, 2, 2.29
1747792304, 0, 16, 923, 922, 16, 6.87%, 0, 367, 2, 2.24
1747792369, 0, 18, 923, 922, 16, 6.87%, 0, 367, 2, 2.18
1747792451, 0, 19, 923, 922, 16, 6.87%, 0, 367, 2, 1.78
1747792532, 0, 20, 923, 922, 16, 6.87%, 0, 367, 2, 1.78
1747792600, 0, 20, 924, 923, 16, 6.87%, 0, 367, 2, 1.74
1747792691, 0, 21, 924, 923, 16, 6.87%, 0, 367, 2, 2.07
1747792702, 0, 21, 925, 924, 16, 6.87%, 0, 367, 2, 1.97
1747792718, 0, 21, 926, 925, 16, 6.87%, 0, 367, 2, 1.53
1747792820, 0, 21, 927, 926, 16, 6.87%, 0, 367, 2, 1.62
1747792841, 0, 21, 928, 927, 16, 6.88%, 0, 367, 2, 1.87
1747792980, 0, 21, 929, 928, 16, 6.88%, 0, 367, 2, 1.81
1747793093, 0, 21, 930, 929, 16, 6.88%, 0, 367, 2, 1.68
1747793147, 0, 21, 931, 930, 16, 6.88%, 0, 367, 2, 2.29
1747793248, 0, 21, 932, 931, 16, 6.88%, 0, 367, 2, 1.86
1747793412, 0, 21, 933, 932, 16, 6.88%, 0, 367, 2, 3.14
1747793417, 0, 21, 934, 933, 16, 6.88%, 0, 367, 2, 2.91
1747793522, 0, 21, 935, 934, 16, 6.88%, 0, 367, 2, 2.96
1747793627, 0, 21, 936, 935, 16, 6.88%, 0, 367, 2, 2.55
1747793664, 0, 21, 937, 936, 16, 6.88%, 0, 367, 2, 3.29
1747793754, 0, 21, 938, 937, 16, 6.88%, 0, 367, 2, 3.49
1747793835, 0, 21, 939, 938, 16, 6.88%, 0, 367, 2, 2.53
1747793840, 0, 21, 940, 939, 16, 6.88%, 0, 367, 2, 2.38
1747793956, 0, 21, 941, 940, 16, 6.88%, 0, 367, 2, 3.03
1747794134, 0, 21, 942, 941, 16, 6.88%, 0, 367, 2, 2.46
1747794445, 0, 21, 943, 942, 16, 6.88%, 0, 367, 2, 2.58
1747794487, 0, 22, 943, 942, 17, 6.88%, 0, 367, 2, 3.09
1747794492, 0, 22, 944, 943, 17, 6.88%, 0, 367, 2, 2.79
1747794508, 0, 22, 945, 944, 17, 6.88%, 0, 367, 2, 2.98
1747794650, 0, 22, 946, 945, 17, 6.88%, 0, 367, 2, 2.79
1747794745, 0, 22, 947, 946, 17, 6.88%, 0, 367, 2, 3.06
1747794750, 0, 22, 948, 947, 17, 6.88%, 0, 367, 2, 3.01
1747794792, 0, 22, 949, 948, 17, 6.88%, 0, 367, 2, 3.62
1747794807, 0, 22, 950, 949, 17, 6.88%, 0, 367, 2, 2.99
1747794929, 0, 22, 951, 950, 17, 6.88%, 0, 367, 2, 3.07
1747795111, 0, 22, 952, 951, 17, 6.88%, 0, 367, 2, 1.71
1747795127, 0, 22, 953, 952, 17, 6.88%, 0, 367, 2, 1.99
1747795186, 0, 22, 953, 952, 17, 6.88%, 0, 368, 2, 1.82
1747795257, 0, 22, 954, 953, 17, 6.88%, 0, 368, 2, 2.08
1747795305, 0, 22, 955, 954, 17, 6.88%, 0, 368, 2, 1.84
1747795398, 0, 22, 956, 955, 17, 6.88%, 0, 368, 2, 2.01
1747795462, 0, 22, 957, 956, 17, 6.88%, 0, 368, 2, 1.75
1747795537, 0, 22, 958, 957, 17, 6.88%, 0, 368, 2, 1.87
1747795591, 0, 22, 958, 957, 17, 6.88%, 0, 369, 2, 1.94
1747795627, 0, 22, 959, 958, 17, 6.88%, 0, 369, 2, 1.75
1747795730, 0, 22, 960, 959, 17, 6.88%, 0, 369, 2, 1.69
1747795756, 0, 22, 961, 960, 17, 6.88%, 0, 369, 2, 2.08
1747795858, 0, 22, 962, 961, 17, 6.88%, 0, 369, 2, 2.04
1747795869, 0, 22, 963, 962, 17, 6.88%, 0, 369, 2, 1.62
1747796137, 0, 22, 964, 963, 17, 6.88%, 0, 369, 2, 3.33
1747796196, 0, 22, 965, 964, 17, 6.88%, 0, 369, 2, 3.29
1747796207, 0, 22, 966, 965, 17, 6.88%, 0, 369, 2, 2.75
1747796495, 0, 23, 966, 965, 17, 6.88%, 0, 369, 2, 2.70
1747796560, 0, 24, 966, 965, 17, 6.88%, 0, 369, 2, 2.05
1747796570, 0, 24, 967, 966, 17, 6.88%, 0, 369, 2, 1.71
1747796623, 0, 24, 968, 967, 17, 6.88%, 0, 369, 2, 1.93
1747796639, 0, 24, 969, 968, 17, 6.88%, 0, 369, 2, 1.94
1747796666, 0, 24, 970, 969, 17, 6.88%, 0, 369, 2, 1.75
1747796682, 0, 24, 971, 970, 17, 6.88%, 0, 369, 2, 1.75
1747796894, 0, 24, 971, 970, 17, 6.88%, 0, 370, 2, 2.88
1747796989, 0, 24, 972, 971, 17, 6.88%, 0, 370, 2, 3.03
1747797410, 0, 24, 973, 972, 17, 6.88%, 0, 370, 2, 1.98
1747797894, 0, 24, 974, 973, 17, 6.88%, 0, 370, 2, 2.85
1747798112, 0, 24, 974, 973, 17, 6.88%, 0, 371, 2, 2.01
1747798486, 0, 24, 974, 973, 17, 6.88%, 0, 372, 2, 2.03
1747798593, 0, 24, 975, 974, 17, 6.88%, 0, 372, 2, 1.80
1747798629, 0, 24, 976, 975, 17, 6.88%, 0, 372, 2, 1.56
1747798689, 0, 24, 976, 975, 17, 6.88%, 0, 373, 2, 2.08
1747798727, 0, 25, 976, 975, 17, 6.88%, 0, 373, 2, 2.71
1747798793, 0, 26, 976, 975, 17, 6.88%, 0, 373, 2, 2.51
1747798846, 0, 26, 977, 976, 17, 6.88%, 0, 373, 2, 1.83
1747798939, 0, 27, 977, 976, 17, 6.88%, 0, 373, 2, 2.11
1747798997, 0, 27, 978, 977, 17, 6.88%, 0, 373, 2, 2.23
1747799083, 0, 28, 978, 977, 17, 6.88%, 0, 373, 2, 1.92
1747799159, 0, 29, 978, 977, 17, 6.88%, 0, 373, 2, 2.17
1747799229, 0, 30, 978, 977, 17, 6.88%, 0, 373, 2, 2.04
1747799303, 0, 31, 978, 977, 17, 6.88%, 0, 373, 2, 2.00
1747799378, 0, 32, 978, 977, 17, 6.88%, 0, 373, 2, 2.06
1747799448, 0, 33, 978, 977, 17, 6.88%, 0, 373, 2, 1.80
1747799495, 0, 39, 978, 977, 17, 6.88%, 0, 373, 2, 3.48
1747799532, 0, 39, 979, 978, 17, 6.88%, 0, 373, 2, 2.87
1747799574, 0, 39, 980, 979, 17, 6.88%, 0, 373, 2, 3.15
1747799584, 0, 39, 981, 980, 17, 6.88%, 0, 373, 2, 2.65
1747799632, 0, 39, 982, 981, 17, 6.88%, 0, 373, 2, 3.26
1747799659, 0, 39, 983, 982, 17, 6.88%, 0, 373, 2, 2.90
1747799707, 0, 39, 984, 983, 17, 6.88%, 0, 373, 2, 2.98
1747799743, 0, 39, 985, 984, 17, 6.88%, 0, 373, 2, 3.10
1747799895, 0, 39, 985, 984, 17, 6.88%, 0, 374, 2, 2.20
1747800100, 0, 39, 986, 985, 17, 6.88%, 0, 374, 2, 2.87
1747800484, 0, 39, 986, 985, 17, 6.88%, 0, 375, 2, 3.49
1747800522, 0, 39, 987, 986, 17, 6.88%, 0, 375, 2, 2.51
1747800715, 0, 39, 988, 987, 17, 6.88%, 0, 375, 2, 1.94
1747800944, 0, 39, 989, 988, 17, 6.88%, 0, 375, 2, 3.01
1747801143, 0, 39, 990, 989, 17, 6.89%, 0, 375, 2, 2.74
1747801195, 0, 39, 991, 990, 17, 6.89%, 0, 375, 2, 3.28
1747801226, 0, 40, 991, 990, 18, 6.89%, 0, 375, 2, 3.17
1747801253, 0, 40, 991, 990, 18, 6.89%, 0, 376, 2, 2.99
1747801274, 0, 41, 991, 990, 18, 6.89%, 0, 376, 2, 2.88
1747801285, 0, 41, 992, 991, 18, 6.89%, 0, 376, 2, 2.59
1747801328, 0, 41, 994, 993, 18, 6.92%, 0, 376, 2, 2.68
1747801354, 0, 41, 995, 994, 18, 6.92%, 0, 376, 2, 3.12
1747801359, 0, 41, 996, 995, 18, 6.92%, 0, 376, 2, 2.69
1747801402, 0, 41, 997, 996, 18, 6.92%, 0, 376, 2, 2.88
1747801429, 0, 41, 998, 997, 18, 6.92%, 0, 376, 2, 2.90
1747801455, 0, 41, 999, 998, 18, 6.92%, 0, 376, 2, 2.83
1747801471, 0, 41, 1000, 999, 18, 6.92%, 0, 376, 2, 2.61
1747801493, 0, 41, 1001, 1000, 18, 6.92%, 0, 376, 2, 2.38
1747801560, 0, 41, 1002, 1001, 18, 6.92%, 0, 376, 2, 3.29
1747801603, 0, 41, 1003, 1002, 18, 6.92%, 0, 376, 2, 3.01
1747801638, 0, 41, 1004, 1003, 18, 7.08%, 0, 376, 2, 3.16
1747801712, 0, 41, 1005, 1004, 18, 7.08%, 0, 376, 2, 1.92
1747801910, 0, 41, 1006, 1005, 18, 7.08%, 0, 376, 2, 3.00
1747801926, 0, 41, 1007, 1006, 18, 7.08%, 0, 376, 2, 2.63
1747801972, 0, 41, 1008, 1007, 18, 7.08%, 0, 376, 2, 1.99
1747802110, 0, 41, 1008, 1007, 18, 7.08%, 0, 377, 2, 1.98
1747802287, 0, 41, 1009, 1008, 18, 7.08%, 0, 377, 2, 1.82
1747802355, 0, 41, 1009, 1008, 18, 7.08%, 0, 378, 2, 1.83
1747802566, 0, 41, 1010, 1009, 18, 7.08%, 0, 378, 2, 1.61
1747802721, 0, 41, 1011, 1010, 18, 7.08%, 0, 378, 2, 1.99
1747802925, 0, 41, 1011, 1010, 18, 7.08%, 0, 379, 2, 2.35
1747802973, 0, 41, 1011, 1010, 18, 7.08%, 0, 380, 2, 1.76
1747803000, 0, 41, 1012, 1011, 18, 7.08%, 0, 380, 2, 2.12
1747803285, 0, 41, 1013, 1012, 18, 7.08%, 0, 380, 2, 1.63
1747803490, 0, 42, 1013, 1012, 17, 7.08%, 0, 380, 2, 1.95
1747803540, 0, 42, 1014, 1013, 17, 7.08%, 0, 380, 2, 1.99
1747803610, 0, 42, 1014, 1013, 17, 7.08%, 0, 381, 2, 1.93
1747803642, 0, 43, 1014, 1013, 17, 7.08%, 0, 381, 2, 2.04
1747803700, 0, 43, 1014, 1013, 17, 7.08%, 0, 382, 2, 2.73
1747803711, 0, 45, 1014, 1013, 17, 7.08%, 0, 382, 2, 2.28
1747803787, 0, 46, 1014, 1013, 17, 7.08%, 0, 382, 2, 1.93
1747803856, 0, 47, 1014, 1013, 17, 7.08%, 0, 382, 2, 1.91
1747803931, 0, 48, 1014, 1013, 17, 7.08%, 0, 382, 2, 2.04
1747803963, 0, 48, 1015, 1014, 17, 7.08%, 0, 382, 2, 1.89
1747804085, 0, 49, 1015, 1014, 17, 7.08%, 0, 382, 2, 1.80
1747804159, 0, 50, 1015, 1014, 17, 7.08%, 0, 382, 2, 1.90
1747804233, 0, 51, 1015, 1014, 17, 7.08%, 0, 382, 2, 1.79
1747804308, 0, 52, 1015, 1014, 17, 7.08%, 0, 382, 2, 2.19
1747804378, 0, 53, 1015, 1014, 17, 7.08%, 0, 382, 2, 2.24
1747804453, 0, 54, 1015, 1014, 17, 7.08%, 0, 382, 2, 1.73
1747804523, 0, 55, 1015, 1014, 17, 7.08%, 0, 382, 2, 2.29
1747804592, 0, 56, 1015, 1014, 17, 7.08%, 0, 382, 2, 2.05
1747804666, 0, 57, 1015, 1014, 17, 7.08%, 0, 382, 2, 1.91
1747804737, 0, 58, 1015, 1014, 17, 7.08%, 0, 382, 2, 2.51
1747804811, 0, 59, 1015, 1014, 17, 7.08%, 0, 382, 2, 2.00
1747804880, 0, 60, 1015, 1014, 17, 7.08%, 0, 382, 2, 1.85
1747804939, 0, 60, 1016, 1015, 17, 7.08%, 0, 382, 2, 2.08
1747804985, 0, 60, 1017, 1016, 17, 7.08%, 0, 382, 2, 2.28
1747805183, 0, 61, 1017, 1016, 17, 7.08%, 0, 382, 2, 1.91
1747805252, 0, 62, 1017, 1016, 17, 7.08%, 0, 382, 2, 2.37
1747805327, 0, 63, 1017, 1016, 17, 7.08%, 0, 382, 2, 1.95
1747805344, 0, 63, 1018, 1017, 17, 7.08%, 0, 382, 2, 1.91
1747805355, 0, 63, 1019, 1018, 17, 7.08%, 0, 382, 2, 1.51
1747805407, 0, 63, 1020, 1019, 17, 7.08%, 0, 382, 2, 1.81
1747805493, 0, 63, 1021, 1020, 17, 7.08%, 0, 382, 2, 1.96
1747805652, 0, 63, 1022, 1021, 17, 7.08%, 0, 382, 2, 1.88
1747805668, 0, 63, 1023, 1022, 17, 7.08%, 0, 383, 2, 1.85
1747805811, 0, 63, 1024, 1023, 17, 7.08%, 0, 383, 2, 2.11
1747806053, 0, 63, 1025, 1024, 17, 7.08%, 0, 383, 2, 1.65
1747806155, 0, 63, 1026, 1025, 17, 7.08%, 0, 383, 2, 1.87
1747806194, 0, 63, 1027, 1026, 17, 7.08%, 0, 383, 2, 1.81
1747806595, 0, 63, 1028, 1027, 17, 7.08%, 0, 383, 2, 1.79
1747806982, 0, 63, 1029, 1028, 17, 7.08%, 0, 383, 2, 1.73
1747807156, 0, 63, 1030, 1029, 17, 7.08%, 0, 383, 2, 1.76
1747807539, 0, 64, 1030, 1029, 17, 7.08%, 0, 383, 2, 3.37
1747807575, 0, 64, 1031, 1030, 17, 7.08%, 0, 383, 2, 2.66
1747807602, 0, 64, 1032, 1031, 17, 7.08%, 0, 383, 2, 2.59
1747807628, 0, 64, 1033, 1032, 17, 7.08%, 0, 383, 2, 2.96
1747807822, 0, 64, 1034, 1033, 17, 7.08%, 0, 383, 2, 2.78
1747807874, 0, 64, 1035, 1034, 17, 7.08%, 0, 383, 2, 2.64
1747807954, 0, 64, 1036, 1035, 17, 7.08%, 0, 383, 2, 2.80
1747807995, 0, 64, 1037, 1036, 17, 7.08%, 0, 383, 2, 2.70
1747808089, 0, 64, 1038, 1037, 17, 7.08%, 0, 383, 2, 2.77
1747808110, 0, 64, 1039, 1038, 17, 7.08%, 0, 383, 2, 2.33
1747808220, 0, 64, 1039, 1038, 17, 7.08%, 0, 384, 2, 1.93
1747808741, 0, 64, 1040, 1039, 17, 7.08%, 0, 384, 2, 1.67
1747809076, 0, 64, 1040, 1039, 17, 7.08%, 0, 385, 2, 2.13
1747809555, 0, 65, 1040, 1039, 18, 7.08%, 0, 385, 2, 2.17
1747809582, 0, 65, 1041, 1040, 18, 7.08%, 0, 385, 2, 2.45
1747809699, 0, 66, 1041, 1040, 18, 7.08%, 0, 385, 2, 1.91
1747809774, 0, 69, 1041, 1040, 18, 7.08%, 0, 385, 2, 1.88
1747809843, 0, 70, 1041, 1040, 18, 7.08%, 0, 385, 2, 2.04
1747809913, 0, 71, 1041, 1040, 18, 7.08%, 0, 385, 2, 1.96
1747809976, 0, 71, 1042, 1041, 18, 7.08%, 0, 385, 2, 2.17
1747810068, 0, 72, 1042, 1041, 18, 7.08%, 0, 385, 2, 2.19
1747810134, 0, 73, 1042, 1041, 18, 7.08%, 0, 385, 2, 1.86
1747810209, 0, 74, 1042, 1041, 18, 7.08%, 0, 385, 2, 2.07
1747810279, 0, 75, 1042, 1041, 18, 7.08%, 0, 385, 2, 2.04
1747810354, 0, 76, 1042, 1041, 18, 7.08%, 0, 385, 2, 1.84
1747810429, 0, 77, 1042, 1041, 18, 7.08%, 0, 385, 2, 2.25
1747810499, 0, 78, 1042, 1041, 18, 7.08%, 0, 385, 2, 2.49
1747810574, 0, 80, 1042, 1041, 18, 7.08%, 0, 385, 2, 2.17
1747810638, 0, 81, 1042, 1041, 18, 7.08%, 0, 385, 2, 1.93
1747810718, 0, 83, 1042, 1041, 18, 7.08%, 0, 385, 2, 2.00
1747810793, 0, 84, 1042, 1041, 18, 7.08%, 0, 385, 2, 1.99
1747810863, 0, 85, 1042, 1041, 18, 7.08%, 0, 385, 2, 2.04
1747810939, 0, 87, 1042, 1041, 18, 7.08%, 0, 385, 2, 1.90
1747811014, 0, 88, 1042, 1041, 18, 7.08%, 0, 385, 2, 1.84
1747811088, 0, 89, 1042, 1041, 18, 7.08%, 0, 385, 2, 1.83
1747811162, 0, 90, 1042, 1041, 18, 7.08%, 0, 385, 2, 2.43
1747811233, 0, 91, 1042, 1041, 18, 7.08%, 0, 385, 2, 2.32
1747811302, 0, 92, 1042, 1041, 18, 7.08%, 0, 385, 2, 2.04
1747811371, 0, 92, 1042, 1041, 18, 7.08%, 0, 386, 2, 1.83
1747811377, 0, 95, 1042, 1041, 18, 7.08%, 0, 386, 2, 2.04
1747811445, 0, 97, 1042, 1041, 18, 7.08%, 0, 386, 2, 1.91
1747811520, 0, 99, 1042, 1041, 18, 7.08%, 0, 386, 2, 1.82
1747811589, 0, 100, 1042, 1041, 18, 7.08%, 0, 386, 2, 2.17
1747811658, 0, 101, 1042, 1041, 18, 7.08%, 0, 386, 2, 2.18
1747811702, 0, 101, 1042, 1041, 18, 7.08%, 0, 387, 2, 1.97
1747811734, 0, 104, 1042, 1041, 18, 7.08%, 0, 387, 2, 2.01
1747811809, 0, 105, 1042, 1041, 18, 7.08%, 0, 387, 2, 1.94
1747811872, 0, 106, 1042, 1041, 18, 7.08%, 0, 387, 2, 2.19
1747811947, 0, 107, 1042, 1041, 18, 7.08%, 0, 387, 2, 2.05
1747812016, 0, 108, 1042, 1041, 18, 7.08%, 0, 387, 2, 1.99
1747812087, 0, 110, 1042, 1041, 18, 7.08%, 0, 387, 2, 2.04
1747812162, 0, 111, 1042, 1041, 18, 7.08%, 0, 387, 2, 2.14
1747812238, 0, 112, 1042, 1041, 18, 7.08%, 0, 387, 2, 1.72
1747812306, 0, 114, 1042, 1041, 18, 7.08%, 0, 387, 2, 2.36
1747812375, 0, 115, 1042, 1041, 18, 7.08%, 0, 387, 2, 2.16
1747812449, 0, 116, 1042, 1041, 18, 7.08%, 0, 387, 2, 1.98
1747812525, 0, 117, 1042, 1041, 18, 7.08%, 0, 387, 2, 1.81
1747812593, 0, 118, 1042, 1041, 18, 7.08%, 0, 387, 2, 2.20
1747812674, 0, 119, 1042, 1041, 18, 7.08%, 0, 387, 2, 1.87
1747812749, 0, 120, 1042, 1041, 18, 7.08%, 0, 387, 2, 1.80
1747812821, 0, 121, 1042, 1041, 18, 7.08%, 0, 387, 2, 1.95
1747812885, 0, 122, 1042, 1041, 18, 7.08%, 0, 387, 2, 2.15
1747812912, 0, 122, 1043, 1042, 18, 7.08%, 0, 387, 2, 1.78
1747813018, 0, 122, 1043, 1042, 18, 7.08%, 0, 388, 2, 2.28
1747813033, 0, 123, 1043, 1042, 18, 7.08%, 0, 388, 2, 1.98
1747813103, 0, 124, 1043, 1042, 18, 7.08%, 0, 388, 2, 2.20
1747813172, 0, 125, 1043, 1042, 18, 7.08%, 0, 388, 2, 2.01
1747813247, 0, 126, 1043, 1042, 18, 7.08%, 0, 388, 2, 2.08
1747813316, 0, 127, 1043, 1042, 18, 7.08%, 0, 388, 2, 1.91
1747813385, 0, 128, 1043, 1042, 18, 7.08%, 0, 388, 2, 2.10
1747813449, 0, 129, 1043, 1042, 18, 7.08%, 0, 388, 2, 2.29
1747813523, 0, 130, 1043, 1042, 18, 7.08%, 0, 388, 2, 1.16
1747813593, 0, 132, 1043, 1042, 18, 7.08%, 0, 388, 2, 1.97
1747813668, 0, 133, 1043, 1042, 18, 7.08%, 0, 388, 2, 2.01
1747813748, 0, 134, 1043, 1042, 18, 7.08%, 0, 388, 2, 1.79
1747813814, 0, 135, 1043, 1042, 18, 7.08%, 0, 388, 2, 2.70
1747813888, 0, 136, 1043, 1042, 18, 7.08%, 0, 388, 2, 1.90
1747813958, 0, 137, 1043, 1042, 18, 7.08%, 0, 388, 2, 2.23
1747814034, 0, 138, 1043, 1042, 18, 7.08%, 0, 388, 2, 2.00
1747814109, 0, 139, 1043, 1042, 18, 7.08%, 0, 388, 2, 2.23
1747814115, 0, 139, 1043, 1042, 18, 7.08%, 0, 389, 2, 1.93
1747814178, 0, 142, 1043, 1042, 18, 7.08%, 0, 389, 2, 2.05
1747814241, 0, 144, 1043, 1042, 18, 7.08%, 0, 389, 2, 2.07
1747814315, 0, 145, 1043, 1042, 18, 7.08%, 0, 389, 2, 1.98
1747814352, 0, 145, 1043, 1042, 18, 7.08%, 0, 390, 2, 1.98
1747814384, 0, 146, 1043, 1042, 18, 7.08%, 0, 390, 2, 2.00
1747814454, 0, 147, 1043, 1042, 18, 7.08%, 0, 390, 2, 2.06
1747814528, 0, 149, 1043, 1042, 18, 7.08%, 0, 390, 2, 2.13
1747814603, 0, 152, 1043, 1042, 18, 7.08%, 0, 390, 2, 1.72
1747814671, 0, 154, 1043, 1042, 18, 7.08%, 0, 390, 2, 1.94
1747814751, 0, 156, 1043, 1042, 18, 7.08%, 0, 390, 2, 2.18
1747814820, 0, 158, 1043, 1042, 18, 7.08%, 0, 390, 2, 2.21
1747814889, 0, 159, 1043, 1042, 18, 7.08%, 0, 390, 2, 1.87
1747814964, 0, 162, 1043, 1042, 18, 7.08%, 0, 390, 2, 2.16
1747815035, 0, 163, 1043, 1042, 18, 7.08%, 0, 390, 2, 2.11
1747815114, 0, 164, 1043, 1042, 18, 7.08%, 0, 390, 2, 2.10
1747815184, 0, 165, 1043, 1042, 18, 7.08%, 0, 390, 2, 1.89
1747815260, 0, 166, 1043, 1042, 18, 7.08%, 0, 390, 2, 1.81
1747815330, 0, 167, 1043, 1042, 18, 7.08%, 0, 390, 2, 2.08
1747815405, 0, 170, 1043, 1042, 18, 7.08%, 0, 390, 2, 2.06
1747815479, 0, 171, 1043, 1042, 18, 7.08%, 0, 390, 2, 1.83
1747815548, 0, 172, 1043, 1042, 18, 7.08%, 0, 390, 2, 2.04
1747815628, 0, 173, 1043, 1042, 18, 7.08%, 0, 390, 2, 1.86
1747815697, 0, 174, 1043, 1042, 18, 7.08%, 0, 390, 2, 1.99
1747815770, 0, 175, 1043, 1042, 18, 7.08%, 0, 390, 2, 2.23
1747815845, 0, 176, 1043, 1042, 18, 7.08%, 0, 390, 2, 1.78
1747815919, 0, 177, 1043, 1042, 18, 7.08%, 0, 390, 2, 1.86
1747815991, 0, 179, 1043, 1042, 18, 7.08%, 0, 390, 2, 2.37
1747816066, 0, 180, 1043, 1042, 18, 7.08%, 0, 390, 2, 2.01
1747816130, 0, 181, 1043, 1042, 18, 7.08%, 0, 390, 2, 2.37
1747816199, 0, 182, 1043, 1042, 18, 7.08%, 0, 390, 2, 1.99
1747816270, 0, 183, 1043, 1042, 18, 7.08%, 0, 390, 2, 2.14
1747816344, 0, 184, 1043, 1042, 18, 7.08%, 0, 390, 2, 2.03
1747816413, 0, 185, 1043, 1042, 18, 7.08%, 0, 390, 2, 1.94
1747816488, 0, 186, 1043, 1042, 18, 7.08%, 0, 390, 2, 1.86
1747816563, 0, 187, 1043, 1042, 18, 7.08%, 0, 390, 2, 2.12
1747816632, 0, 188, 1043, 1042, 18, 7.08%, 0, 390, 2, 1.93
1747816706, 0, 189, 1043, 1042, 18, 7.08%, 0, 390, 2, 2.25
1747816781, 0, 191, 1043, 1042, 18, 7.08%, 0, 390, 2, 1.79
1747816832, 0, 193, 1043, 1042, 18, 7.08%, 0, 390, 2, 3.30
1747816875, 0, 194, 1043, 1042, 18, 7.08%, 0, 390, 2, 3.16
1747816927, 0, 196, 1043, 1042, 18, 7.08%, 0, 390, 2, 3.34
1747816959, 0, 196, 1044, 1043, 18, 7.08%, 0, 390, 2, 2.65
1747817021, 0, 197, 1044, 1043, 18, 7.08%, 0, 390, 2, 3.93
1747817042, 0, 197, 1045, 1044, 18, 7.08%, 0, 390, 2, 3.22
1747817052, 0, 197, 1046, 1045, 18, 7.08%, 0, 390, 2, 2.69
1747817204, 0, 198, 1046, 1045, 17, 7.08%, 0, 390, 2, 3.34
1747817250, 0, 199, 1046, 1045, 17, 7.08%, 0, 390, 2, 3.44
1747817292, 0, 200, 1046, 1045, 17, 7.08%, 0, 390, 2, 3.17
1747817335, 0, 202, 1046, 1045, 17, 7.08%, 0, 390, 2, 3.52
1747817345, 0, 202, 1047, 1046, 17, 7.08%, 0, 390, 2, 2.89
1747817430, 0, 203, 1047, 1046, 17, 7.08%, 0, 390, 2, 3.11
1747817451, 0, 203, 1048, 1047, 17, 7.08%, 0, 390, 2, 3.25
