# unix_time, cycles_done, cur_path, paths_total, pending_total, pending_favs, map_size, unique_crashes, unique_hangs, max_depth, execs_per_sec
1747817515, 0, 0, 1, 1, 1, 3.78%, 0, 0, 1, 53.33
1747817520, 0, 0, 19, 19, 1, 5.50%, 0, 0, 2, 49.59
1747817525, 0, 0, 39, 39, 1, 5.52%, 0, 0, 2, 44.87
1747817530, 0, 0, 53, 53, 1, 5.53%, 0, 0, 2, 45.24
1747817535, 0, 0, 68, 68, 1, 5.55%, 0, 0, 2, 43.67
1747817540, 0, 0, 80, 80, 1, 5.55%, 0, 0, 2, 45.79
1747817546, 0, 0, 92, 92, 1, 5.55%, 0, 0, 2, 45.41
1747817551, 0, 0, 99, 99, 1, 5.55%, 0, 0, 2, 47.45
1747817556, 0, 0, 108, 108, 1, 5.55%, 0, 0, 2, 47.74
1747817561, 0, 0, 113, 113, 1, 5.55%, 0, 0, 2, 49.86
1747817566, 0, 0, 123, 123, 1, 5.55%, 0, 0, 2, 46.98
1747817571, 0, 0, 132, 132, 1, 5.55%, 0, 0, 2, 45.81
1747817576, 0, 0, 137, 137, 1, 5.55%, 0, 0, 2, 48.53
1747817581, 0, 0, 144, 144, 1, 5.55%, 0, 0, 2, 48.63
1747817586, 0, 0, 151, 151, 1, 5.55%, 0, 0, 2, 47.06
1747817591, 0, 0, 158, 158, 1, 5.56%, 0, 0, 2, 48.14
1747817596, 0, 0, 161, 161, 1, 5.56%, 0, 0, 2, 48.97
1747817601, 0, 0, 167, 167, 1, 5.56%, 0, 0, 2, 47.92
1747817606, 0, 0, 169, 169, 1, 5.56%, 0, 0, 2, 49.92
1747817611, 0, 0, 171, 171, 1, 5.56%, 0, 0, 2, 49.78
1747817616, 0, 0, 172, 172, 1, 5.56%, 0, 0, 2, 49.92
1747817621, 0, 0, 174, 174, 1, 5.56%, 0, 0, 2, 50.20
1747817627, 0, 0, 177, 177, 1, 5.56%, 0, 0, 2, 49.78
1747817632, 0, 0, 181, 181, 1, 5.56%, 0, 0, 2, 49.35
1747817637, 0, 0, 184, 184, 1, 5.57%, 0, 0, 2, 48.86
1747817642, 0, 0, 187, 187, 1, 5.57%, 0, 0, 2, 49.21
1747817647, 0, 0, 188, 188, 1, 5.57%, 0, 0, 2, 50.27
1747817652, 0, 0, 191, 191, 1, 5.57%, 0, 0, 2, 50.63
1747817657, 0, 0, 193, 193, 1, 5.57%, 0, 0, 2, 50.51
1747817662, 0, 0, 196, 196, 1, 5.57%, 0, 0, 2, 50.57
1747817667, 0, 0, 201, 201, 1, 5.57%, 0, 0, 2, 48.64
1747817672, 0, 0, 203, 203, 1, 5.57%, 0, 0, 2, 50.79
1747817677, 0, 0, 206, 206, 1, 5.57%, 0, 0, 2, 50.69
1747817683, 0, 0, 207, 207, 1, 5.57%, 0, 0, 2, 51.58
1747817688, 0, 0, 210, 210, 1, 5.57%, 0, 0, 2, 50.20
1747817693, 0, 0, 212, 212, 1, 5.59%, 0, 0, 2, 49.83
1747817703, 0, 0, 214, 214, 1, 5.59%, 0, 0, 2, 51.67
1747817708, 0, 0, 215, 215, 1, 5.59%, 0, 0, 2, 51.47
1747817713, 0, 0, 216, 216, 1, 5.59%, 0, 0, 2, 50.13
1747817718, 0, 0, 217, 217, 1, 5.59%, 0, 0, 2, 50.57
1747817723, 0, 0, 218, 218, 1, 5.59%, 0, 0, 2, 51.86
1747817733, 0, 0, 219, 219, 1, 5.59%, 0, 0, 2, 51.10
1747817738, 0, 0, 220, 220, 1, 5.59%, 0, 0, 2, 51.74
1747817743, 0, 0, 221, 221, 1, 5.59%, 0, 0, 2, 50.60
1747817748, 0, 0, 222, 222, 1, 5.69%, 0, 0, 2, 50.29
1747817753, 0, 0, 224, 224, 1, 5.69%, 0, 0, 2, 50.65
1747817774, 0, 0, 225, 225, 1, 5.69%, 0, 0, 2, 51.44
1747817784, 0, 0, 227, 227, 1, 5.69%, 0, 0, 2, 50.90
1747817794, 0, 0, 228, 228, 1, 5.69%, 0, 0, 2, 51.66
1747817799, 0, 0, 229, 229, 1, 5.69%, 0, 0, 2, 51.50
1747817819, 0, 0, 231, 231, 1, 5.69%, 0, 0, 2, 50.45
1747817834, 0, 0, 233, 233, 1, 5.69%, 0, 0, 2, 50.39
1747817839, 0, 0, 234, 234, 1, 5.69%, 0, 0, 2, 50.67
1747817844, 0, 0, 236, 236, 1, 5.69%, 0, 0, 2, 74.06
1747817849, 0, 0, 237, 237, 1, 5.69%, 0, 0, 2, 88.84
1747817865, 0, 2, 242, 241, 13, 5.72%, 0, 0, 2, 82.80
1747817870, 0, 2, 266, 265, 13, 5.74%, 0, 0, 2, 55.24
1747817875, 0, 2, 287, 286, 13, 5.76%, 0, 0, 2, 48.41
1747817880, 0, 2, 301, 300, 13, 5.76%, 0, 0, 2, 47.13
1747817885, 0, 2, 310, 309, 13, 5.76%, 0, 0, 2, 32.45
1747817890, 0, 2, 315, 314, 13, 5.76%, 0, 0, 2, 28.91
1747817895, 0, 2, 324, 323, 13, 5.76%, 0, 0, 2, 27.72
1747817900, 0, 2, 331, 330, 13, 5.76%, 0, 0, 2, 27.52
1747817905, 0, 2, 339, 338, 13, 5.78%, 0, 0, 2, 26.83
1747817911, 0, 2, 343, 342, 13, 5.78%, 0, 0, 2, 27.06
1747817916, 0, 2, 348, 347, 13, 5.78%, 0, 0, 2, 28.22
1747817921, 0, 2, 351, 350, 13, 5.78%, 0, 0, 2, 27.77
1747817926, 0, 2, 357, 356, 13, 5.78%, 0, 0, 2, 27.68
1747817931, 0, 2, 360, 359, 13, 5.78%, 0, 0, 2, 27.36
1747817936, 0, 2, 364, 363, 13, 5.78%, 0, 0, 2, 28.09
1747817941, 0, 2, 365, 364, 13, 5.78%, 0, 0, 2, 28.62
1747817946, 0, 2, 366, 365, 13, 5.78%, 0, 0, 2, 28.44
1747817951, 0, 2, 367, 366, 13, 5.78%, 0, 0, 2, 28.77
1747817956, 0, 2, 371, 370, 13, 5.78%, 0, 0, 2, 28.87
1747817962, 0, 2, 374, 373, 13, 5.78%, 0, 0, 2, 28.25
1747817967, 0, 2, 376, 375, 13, 5.78%, 0, 0, 2, 28.40
1747817972, 0, 2, 380, 379, 13, 5.78%, 0, 0, 2, 28.45
1747817977, 0, 2, 381, 380, 13, 5.78%, 0, 0, 2, 28.88
1747817982, 0, 2, 382, 381, 13, 5.78%, 0, 0, 2, 28.17
1747817992, 0, 2, 383, 382, 13, 5.78%, 0, 0, 2, 28.90
1747817997, 0, 2, 384, 383, 13, 5.78%, 0, 0, 2, 29.05
1747818002, 0, 2, 387, 386, 13, 5.78%, 0, 0, 2, 28.62
1747818007, 0, 2, 388, 387, 13, 5.78%, 0, 0, 2, 28.69
1747818012, 0, 2, 390, 389, 13, 5.91%, 0, 0, 2, 28.33
1747818017, 0, 2, 391, 390, 13, 5.91%, 0, 0, 2, 28.39
1747818022, 0, 2, 393, 392, 13, 5.91%, 0, 0, 2, 28.64
1747818033, 0, 2, 394, 393, 13, 5.91%, 0, 0, 2, 28.66
1747818043, 0, 3, 395, 394, 12, 5.91%, 0, 0, 2, 28.40
1747818048, 0, 3, 406, 405, 12, 5.94%, 0, 0, 2, 22.94
1747818053, 0, 3, 417, 416, 12, 6.29%, 0, 0, 2, 20.82
1747818058, 0, 3, 426, 425, 12, 6.30%, 0, 0, 2, 20.53
1747818063, 0, 3, 437, 436, 12, 6.30%, 0, 0, 2, 19.78
1747818068, 0, 3, 447, 446, 12, 6.30%, 0, 0, 2, 20.42
1747818073, 0, 3, 456, 455, 12, 6.30%, 0, 0, 2, 20.24
1747818078, 0, 3, 462, 461, 12, 6.30%, 0, 0, 2, 20.13
1747818084, 0, 3, 469, 468, 12, 6.30%, 0, 0, 2, 19.96
1747818089, 0, 3, 476, 475, 12, 6.30%, 0, 0, 2, 20.35
1747818094, 0, 3, 482, 481, 12, 6.30%, 0, 0, 2, 20.16
1747818099, 0, 3, 491, 490, 12, 6.31%, 0, 0, 2, 19.73
1747818104, 0, 3, 496, 495, 12, 6.31%, 0, 0, 2, 20.26
1747818109, 0, 3, 502, 501, 12, 6.31%, 0, 0, 2, 20.20
1747818114, 0, 3, 508, 507, 12, 6.50%, 0, 0, 2, 19.91
1747818120, 0, 3, 516, 515, 12, 6.50%, 0, 0, 2, 20.32
1747818125, 0, 3, 521, 520, 12, 6.50%, 0, 0, 2, 20.06
1747818130, 0, 3, 525, 524, 12, 6.50%, 0, 0, 2, 20.20
1747818135, 0, 3, 531, 530, 12, 6.50%, 0, 0, 2, 20.08
1747818140, 0, 3, 533, 532, 12, 6.50%, 0, 0, 2, 20.13
1747818145, 0, 3, 538, 537, 12, 6.54%, 0, 0, 2, 19.87
1747818150, 0, 3, 545, 544, 12, 6.54%, 0, 0, 2, 20.07
1747818155, 0, 3, 551, 550, 12, 6.54%, 0, 0, 2, 20.06
1747818161, 0, 3, 554, 553, 12, 6.54%, 0, 0, 2, 20.00
1747818166, 0, 3, 559, 558, 12, 6.54%, 0, 0, 2, 19.56
1747818171, 0, 3, 565, 564, 12, 6.56%, 0, 0, 2, 18.77
1747818176, 0, 3, 570, 569, 12, 6.56%, 0, 0, 2, 19.80
1747818186, 0, 3, 574, 573, 12, 6.56%, 0, 0, 2, 19.92
1747818191, 0, 3, 578, 577, 12, 6.56%, 0, 0, 2, 19.91
1747818196, 0, 3, 582, 581, 12, 6.56%, 0, 0, 2, 20.14
1747818201, 0, 3, 586, 585, 12, 6.56%, 0, 0, 2, 19.59
1747818207, 0, 3, 588, 587, 12, 6.56%, 0, 0, 2, 20.25
1747818212, 0, 3, 591, 590, 12, 6.62%, 0, 0, 2, 20.11
1747818217, 0, 3, 594, 593, 12, 6.62%, 0, 0, 2, 20.03
1747818222, 0, 3, 596, 595, 12, 6.62%, 0, 0, 2, 19.48
1747818227, 0, 3, 598, 597, 12, 6.62%, 0, 0, 2, 19.70
1747818232, 0, 3, 600, 599, 12, 6.62%, 0, 0, 2, 20.12
1747818237, 0, 3, 602, 601, 12, 6.62%, 0, 0, 2, 20.12
1747818242, 0, 3, 605, 604, 12, 6.62%, 0, 0, 2, 20.00
1747818247, 0, 3, 606, 605, 12, 6.62%, 0, 0, 2, 20.22
1747818253, 0, 3, 608, 607, 12, 6.62%, 0, 0, 2, 20.17
1747818258, 0, 3, 610, 609, 12, 6.62%, 0, 0, 2, 20.03
1747818263, 0, 3, 611, 610, 12, 6.62%, 0, 0, 2, 20.40
1747818268, 0, 3, 614, 613, 12, 6.63%, 0, 0, 2, 20.08
1747818273, 0, 3, 617, 616, 12, 6.63%, 0, 0, 2, 19.42
1747818278, 0, 3, 618, 617, 12, 6.63%, 0, 0, 2, 20.29
1747818283, 0, 3, 619, 618, 12, 6.63%, 0, 0, 2, 20.34
1747818289, 0, 3, 620, 619, 12, 6.63%, 0, 0, 2, 20.84
1747818294, 0, 3, 622, 621, 12, 6.63%, 0, 0, 2, 20.31
1747818299, 0, 3, 623, 622, 12, 6.63%, 0, 0, 2, 20.57
1747818304, 0, 3, 625, 624, 12, 6.63%, 0, 0, 2, 19.90
1747818309, 0, 3, 626, 625, 12, 6.63%, 0, 0, 2, 20.40
1747818314, 0, 3, 627, 626, 12, 6.63%, 0, 0, 2, 20.23
1747818335, 0, 3, 629, 628, 12, 6.63%, 0, 0, 2, 20.45
1747818340, 0, 4, 631, 630, 16, 6.65%, 0, 0, 2, 19.43
1747818345, 0, 4, 634, 633, 16, 6.65%, 0, 0, 2, 18.14
1747818350, 0, 4, 639, 638, 16, 6.65%, 0, 0, 2, 17.98
1747818355, 0, 4, 642, 641, 16, 6.65%, 0, 0, 2, 18.39
1747818360, 0, 4, 646, 645, 16, 6.65%, 0, 0, 2, 17.82
1747818365, 0, 4, 649, 648, 16, 6.65%, 0, 0, 2, 17.98
1747818370, 0, 4, 650, 649, 16, 6.65%, 0, 0, 2, 18.51
1747818376, 0, 4, 651, 650, 16, 6.65%, 0, 0, 2, 18.82
1747818381, 0, 4, 653, 652, 16, 6.65%, 0, 0, 2, 18.34
1747818386, 0, 4, 655, 654, 16, 6.65%, 0, 0, 2, 18.26
1747818391, 0, 4, 657, 656, 16, 6.65%, 0, 0, 2, 18.29
1747818396, 0, 4, 660, 659, 16, 6.65%, 0, 0, 2, 18.07
1747818411, 0, 4, 661, 660, 16, 6.65%, 0, 0, 2, 19.00
1747818416, 0, 4, 663, 662, 16, 6.65%, 0, 0, 2, 19.00
1747818421, 0, 4, 664, 663, 16, 6.65%, 0, 0, 2, 19.01
1747818427, 0, 4, 665, 664, 16, 6.65%, 0, 0, 2, 19.07
1747818432, 0, 4, 666, 665, 16, 6.65%, 0, 0, 2, 19.02
1747818437, 0, 4, 669, 668, 16, 6.65%, 0, 0, 2, 18.09
1747818442, 0, 4, 672, 671, 16, 6.65%, 0, 0, 2, 18.07
1747818457, 0, 4, 673, 672, 16, 6.65%, 0, 0, 2, 18.96
1747818468, 0, 4, 675, 674, 16, 6.65%, 0, 0, 2, 18.92
1747818473, 0, 4, 677, 676, 16, 6.65%, 0, 0, 2, 18.90
1747818478, 0, 4, 678, 677, 16, 6.65%, 0, 0, 2, 18.89
1747818483, 0, 4, 679, 678, 16, 6.65%, 0, 0, 2, 19.02
1747818488, 0, 4, 681, 680, 16, 6.65%, 0, 0, 2, 18.64
1747818494, 0, 4, 684, 683, 16, 6.65%, 0, 0, 2, 18.22
1747818509, 0, 4, 685, 684, 16, 6.65%, 0, 0, 2, 18.91
1747818519, 0, 4, 688, 687, 16, 6.65%, 0, 0, 2, 18.37
1747818524, 0, 4, 689, 688, 16, 6.65%, 0, 0, 2, 18.74
1747818534, 0, 4, 690, 689, 16, 6.65%, 0, 0, 2, 18.98
1747818539, 0, 4, 691, 690, 16, 6.65%, 0, 0, 2, 18.90
1747818544, 0, 4, 693, 692, 16, 6.67%, 0, 0, 2, 18.08
1747818549, 0, 4, 695, 694, 16, 6.67%, 0, 0, 2, 17.73
1747818555, 0, 4, 696, 695, 16, 6.67%, 0, 0, 2, 18.68
1747818560, 0, 4, 697, 696, 16, 6.67%, 0, 0, 2, 17.95
1747818565, 0, 4, 698, 697, 16, 6.67%, 0, 0, 2, 17.75
1747818575, 0, 4, 700, 699, 16, 6.73%, 0, 0, 2, 17.52
1747818585, 0, 4, 701, 700, 16, 6.73%, 0, 0, 2, 18.73
1747818596, 0, 5, 708, 707, 17, 6.76%, 0, 0, 2, 14.89
1747818601, 0, 5, 714, 713, 17, 6.76%, 0, 0, 2, 14.19
1747818606, 0, 5, 720, 719, 17, 6.76%, 0, 0, 2, 13.99
1747818611, 0, 5, 723, 722, 17, 6.76%, 0, 0, 2, 14.10
1747818616, 0, 5, 728, 727, 17, 6.76%, 0, 0, 2, 14.08
1747818621, 0, 5, 733, 732, 17, 6.76%, 0, 0, 2, 14.01
1747818627, 0, 5, 737, 736, 17, 6.76%, 0, 0, 2, 14.23
1747818632, 0, 5, 739, 738, 17, 6.76%, 0, 0, 2, 14.27
1747818637, 0, 5, 742, 741, 17, 6.76%, 0, 0, 2, 14.29
1747818642, 0, 5, 743, 742, 17, 6.76%, 0, 0, 2, 14.20
1747818647, 0, 5, 744, 743, 17, 6.76%, 0, 0, 2, 14.41
1747818652, 0, 5, 748, 747, 17, 6.76%, 0, 0, 2, 14.25
1747818657, 0, 5, 751, 750, 17, 6.76%, 0, 0, 2, 14.42
1747818662, 0, 5, 753, 752, 17, 6.76%, 0, 0, 2, 14.49
1747818668, 0, 5, 755, 754, 17, 6.76%, 0, 0, 2, 14.22
1747818673, 0, 5, 759, 758, 17, 6.76%, 0, 0, 2, 14.04
1747818678, 0, 5, 760, 759, 17, 6.76%, 0, 0, 2, 14.29
1747818688, 0, 5, 762, 761, 17, 6.76%, 0, 0, 2, 14.55
1747818693, 0, 5, 766, 765, 17, 6.86%, 0, 0, 2, 14.15
1747818698, 0, 5, 767, 766, 17, 6.86%, 0, 0, 2, 14.60
1747818709, 0, 5, 768, 767, 17, 6.87%, 0, 0, 2, 14.71
1747818719, 0, 5, 770, 769, 17, 6.87%, 0, 0, 2, 14.66
1747818724, 0, 5, 771, 770, 17, 6.87%, 0, 0, 2, 14.90
1747818729, 0, 5, 773, 772, 17, 6.87%, 0, 0, 2, 14.95
1747818734, 0, 5, 774, 773, 17, 6.87%, 0, 0, 2, 14.99
1747818739, 0, 5, 775, 774, 17, 6.87%, 0, 0, 2, 15.02
1747818744, 0, 5, 778, 777, 17, 6.87%, 0, 0, 2, 15.17
1747818749, 0, 5, 779, 778, 17, 6.87%, 0, 0, 2, 14.64
1747818760, 0, 5, 780, 779, 17, 6.87%, 0, 0, 2, 14.88
1747818770, 0, 5, 781, 780, 17, 6.87%, 0, 0, 2, 15.37
1747818780, 0, 5, 782, 781, 17, 6.87%, 0, 0, 2, 14.85
1747818785, 0, 5, 783, 782, 17, 6.87%, 0, 0, 2, 14.86
1747818801, 0, 5, 784, 783, 17, 6.87%, 0, 0, 2, 14.89
1747818806, 0, 5, 785, 784, 17, 6.87%, 0, 0, 2, 15.50
1747818821, 0, 5, 787, 786, 17, 6.87%, 0, 0, 2, 14.92
1747818847, 0, 5, 788, 787, 17, 6.87%, 0, 0, 2, 15.72
1747818852, 0, 5, 789, 788, 17, 6.87%, 0, 0, 2, 15.85
1747818857, 0, 5, 790, 789, 17, 6.87%, 0, 0, 2, 15.35
1747818862, 0, 5, 791, 790, 17, 6.87%, 0, 0, 2, 15.27
1747818882, 0, 5, 793, 792, 17, 6.87%, 0, 0, 2, 15.39
1747818888, 0, 5, 795, 794, 17, 6.87%, 0, 0, 2, 15.59
1747818903, 0, 5, 796, 795, 17, 6.87%, 0, 0, 2, 15.94
1747818908, 0, 5, 797, 796, 17, 6.87%, 0, 0, 2, 15.19
1747818913, 0, 5, 799, 798, 17, 6.87%, 0, 0, 2, 15.06
1747818918, 0, 6, 800, 799, 19, 6.88%, 0, 0, 2, 15.03
1747818923, 0, 6, 805, 804, 19, 6.88%, 0, 0, 2, 13.03
1747818929, 0, 6, 811, 810, 19, 6.88%, 0, 0, 2, 12.57
1747818934, 0, 6, 815, 814, 19, 6.88%, 0, 0, 2, 12.84
1747818939, 0, 6, 820, 819, 19, 6.89%, 0, 0, 2, 12.36
1747818944, 0, 6, 823, 822, 19, 6.89%, 0, 0, 2, 13.31
1747818949, 0, 6, 827, 826, 19, 6.89%, 0, 0, 2, 13.13
1747818954, 0, 6, 830, 829, 19, 6.89%, 0, 0, 2, 13.06
1747818959, 0, 6, 833, 832, 19, 6.89%, 0, 0, 2, 13.01
1747818964, 0, 6, 834, 833, 19, 6.89%, 0, 0, 2, 13.12
1747818969, 0, 6, 835, 834, 19, 6.89%, 0, 0, 2, 13.78
1747818974, 0, 6, 837, 836, 19, 6.89%, 0, 0, 2, 13.47
1747818980, 0, 6, 839, 838, 19, 6.89%, 0, 0, 2, 13.19
1747818985, 0, 6, 842, 841, 19, 6.89%, 0, 0, 2, 13.03
1747818990, 0, 6, 844, 843, 19, 6.89%, 0, 0, 2, 13.44
1747818995, 0, 6, 845, 844, 19, 6.90%, 0, 0, 2, 13.65
1747819000, 0, 6, 848, 847, 19, 6.90%, 0, 0, 2, 13.12
1747819010, 0, 6, 850, 849, 19, 6.90%, 0, 0, 2, 13.54
1747819015, 0, 6, 852, 851, 19, 6.90%, 0, 0, 2, 13.18
1747819026, 0, 6, 854, 853, 19, 6.90%, 0, 0, 2, 13.20
1747819031, 0, 6, 856, 855, 19, 6.90%, 0, 0, 2, 12.68
1747819036, 0, 6, 857, 856, 19, 6.90%, 0, 0, 2, 13.42
1747819041, 0, 6, 858, 857, 19, 6.90%, 0, 0, 2, 13.25
1747819046, 0, 6, 859, 858, 19, 6.90%, 0, 0, 2, 13.29
1747819056, 0, 6, 860, 859, 19, 6.91%, 0, 0, 2, 13.61
1747819061, 0, 6, 861, 860, 19, 6.91%, 0, 0, 2, 13.77
1747819066, 0, 6, 862, 861, 19, 6.91%, 0, 0, 2, 13.89
1747819072, 0, 6, 863, 862, 19, 6.91%, 0, 0, 2, 13.69
1747819082, 0, 6, 864, 863, 19, 6.91%, 0, 0, 2, 13.51
1747819092, 0, 6, 865, 864, 19, 6.91%, 0, 0, 2, 13.06
1747819102, 0, 6, 869, 868, 19, 6.92%, 0, 0, 2, 12.75
1747819107, 0, 6, 871, 870, 19, 6.92%, 0, 0, 2, 13.43
1747819112, 0, 6, 872, 871, 19, 6.92%, 0, 0, 2, 13.54
1747819133, 0, 6, 873, 872, 19, 6.92%, 0, 0, 2, 13.28
1747819148, 0, 6, 875, 874, 19, 6.92%, 0, 0, 2, 13.44
1747819158, 0, 6, 876, 875, 19, 6.92%, 0, 0, 2, 13.90
1747819168, 0, 6, 877, 876, 19, 6.92%, 0, 0, 2, 13.44
1747819173, 0, 6, 878, 877, 19, 6.92%, 0, 0, 2, 13.40
1747819184, 0, 6, 879, 878, 19, 6.92%, 0, 0, 2, 13.53
1747819194, 0, 6, 880, 879, 19, 6.92%, 0, 0, 2, 13.67
1747819199, 0, 6, 881, 880, 19, 6.92%, 0, 0, 2, 13.37
1747819220, 0, 6, 882, 881, 19, 6.92%, 0, 0, 2, 13.38
1747819265, 0, 6, 883, 882, 19, 6.92%, 0, 0, 2, 14.18
1747819276, 0, 8, 884, 883, 24, 6.92%, 0, 0, 2, 13.26
1747819281, 0, 8, 886, 885, 24, 6.92%, 0, 0, 2, 13.17
1747819291, 0, 8, 887, 886, 24, 6.92%, 0, 0, 2, 13.34
1747819296, 0, 8, 889, 888, 24, 6.92%, 0, 0, 2, 13.25
1747819311, 0, 8, 890, 889, 24, 6.92%, 0, 0, 2, 13.09
1747819322, 0, 8, 891, 890, 24, 6.92%, 0, 0, 2, 12.99
1747819337, 0, 8, 892, 891, 24, 6.93%, 0, 0, 2, 13.23
1747819373, 0, 8, 893, 892, 24, 6.93%, 0, 0, 2, 13.42
1747819378, 0, 8, 894, 893, 24, 6.93%, 0, 0, 2, 12.36
1747819389, 0, 8, 897, 896, 24, 6.93%, 0, 0, 2, 12.55
1747819399, 0, 8, 898, 897, 24, 6.93%, 0, 0, 2, 12.82
1747819404, 0, 8, 900, 899, 24, 6.93%, 0, 0, 2, 12.51
1747819414, 0, 8, 901, 900, 24, 6.93%, 0, 0, 2, 12.92
1747819434, 0, 8, 902, 901, 24, 6.93%, 0, 0, 2, 13.07
1747819460, 0, 8, 903, 902, 24, 6.93%, 0, 0, 2, 13.06
1747819470, 0, 8, 904, 903, 24, 6.93%, 0, 0, 2, 12.77
1747819475, 0, 8, 905, 904, 24, 6.93%, 0, 0, 2, 13.60
1747819480, 0, 8, 906, 905, 24, 6.93%, 0, 0, 2, 13.66
1747819485, 0, 8, 907, 906, 24, 6.93%, 0, 0, 2, 12.73
1747819491, 0, 8, 908, 907, 24, 6.93%, 0, 0, 2, 13.33
1747819501, 0, 8, 909, 908, 24, 6.93%, 0, 0, 2, 13.24
1747819521, 0, 8, 910, 909, 24, 6.93%, 0, 0, 2, 12.82
1747819557, 0, 8, 911, 910, 24, 6.93%, 0, 0, 2, 13.24
1747819583, 0, 8, 912, 911, 24, 6.93%, 0, 0, 2, 12.88
1747819593, 0, 8, 913, 912, 24, 6.93%, 0, 0, 2, 13.75
1747819598, 0, 8, 914, 913, 24, 6.93%, 0, 0, 2, 13.50
1747819603, 0, 8, 915, 914, 24, 6.93%, 0, 0, 2, 12.67
1747819608, 0, 9, 916, 915, 24, 6.93%, 0, 0, 2, 12.71
1747819619, 0, 9, 918, 917, 24, 6.93%, 0, 0, 2, 12.89
1747819624, 0, 9, 919, 918, 24, 6.93%, 0, 0, 2, 12.57
1747819670, 0, 9, 920, 919, 24, 6.93%, 0, 0, 2, 13.50
1747819680, 0, 9, 921, 920, 24, 6.93%, 0, 0, 2, 13.16
1747819711, 0, 9, 922, 921, 24, 6.93%, 0, 0, 2, 12.63
1747819716, 0, 9, 923, 922, 24, 6.93%, 0, 0, 2, 13.12
1747819721, 0, 9, 924, 923, 24, 6.93%, 0, 0, 2, 12.84
1747819777, 0, 9, 925, 924, 24, 6.93%, 0, 0, 2, 13.33
1747819782, 0, 9, 926, 925, 24, 6.93%, 0, 0, 2, 13.16
1747819839, 0, 9, 927, 926, 24, 6.93%, 0, 0, 2, 13.43
1747819885, 0, 9, 928, 927, 24, 6.93%, 0, 0, 2, 13.21
1747819890, 0, 9, 929, 928, 24, 6.93%, 0, 0, 2, 12.84
1747819926, 0, 10, 929, 928, 25, 6.93%, 0, 0, 2, 12.62
1747819931, 0, 10, 930, 929, 25, 6.93%, 0, 0, 2, 13.11
1747819941, 0, 10, 931, 930, 25, 6.93%, 0, 0, 2, 12.78
1747819957, 0, 10, 932, 931, 25, 6.93%, 0, 0, 2, 12.68
1747819987, 0, 10, 933, 932, 25, 6.93%, 0, 0, 2, 12.64
1747820064, 0, 10, 934, 933, 25, 6.93%, 0, 0, 2, 12.26
1747820074, 0, 10, 935, 934, 25, 6.93%, 0, 0, 2, 12.97
1747820136, 0, 10, 936, 935, 25, 6.93%, 0, 0, 2, 13.06
1747820177, 0, 10, 937, 936, 25, 6.93%, 0, 0, 2, 13.40
1747820182, 0, 10, 938, 937, 25, 6.93%, 0, 0, 2, 12.51
1747820197, 0, 10, 939, 938, 25, 6.93%, 0, 0, 2, 12.50
1747820223, 0, 10, 940, 939, 25, 6.94%, 0, 0, 2, 12.74
1747820253, 0, 11, 940, 939, 20, 6.94%, 0, 0, 2, 12.81
1747820263, 0, 12, 940, 939, 20, 6.94%, 0, 0, 2, 13.23
1747820269, 0, 12, 941, 940, 20, 6.94%, 0, 0, 2, 13.75
1747820284, 0, 13, 942, 941, 20, 6.94%, 0, 0, 2, 13.08
1747820304, 0, 15, 942, 941, 20, 6.94%, 0, 0, 2, 12.64
1747820310, 0, 15, 943, 942, 20, 6.94%, 0, 0, 2, 12.48
1747820325, 0, 16, 943, 942, 20, 6.94%, 0, 0, 2, 13.46
1747820335, 0, 18, 943, 942, 20, 6.94%, 0, 0, 2, 13.61
1747820340, 0, 19, 943, 942, 20, 6.94%, 0, 0, 2, 13.61
1747820350, 0, 21, 943, 942, 20, 6.94%, 0, 0, 2, 13.38
1747820361, 0, 22, 943, 942, 20, 6.94%, 0, 0, 2, 13.10
1747820371, 0, 24, 943, 942, 20, 6.94%, 0, 0, 2, 14.14
1747820381, 0, 25, 943, 942, 20, 6.94%, 0, 0, 2, 13.01
1747820392, 0, 26, 943, 942, 20, 6.94%, 0, 0, 2, 12.56
1747820402, 0, 27, 943, 942, 20, 6.94%, 0, 0, 2, 12.55
1747820412, 0, 28, 943, 942, 20, 6.94%, 0, 0, 2, 12.59
1747820422, 0, 29, 943, 942, 20, 6.94%, 0, 0, 2, 12.53
1747820433, 0, 30, 943, 942, 20, 6.94%, 0, 0, 2, 12.78
1747820443, 0, 31, 943, 942, 20, 6.94%, 0, 0, 2, 13.30
1747820453, 0, 32, 944, 943, 20, 6.94%, 0, 0, 2, 12.89
1747820474, 0, 33, 944, 943, 20, 6.94%, 0, 0, 2, 12.77
1747820479, 0, 33, 945, 944, 20, 6.94%, 0, 0, 2, 12.43
1747820495, 0, 34, 945, 944, 20, 6.94%, 0, 0, 2, 13.28
1747820505, 0, 35, 945, 944, 20, 6.94%, 0, 0, 2, 12.64
1747820515, 0, 36, 945, 944, 20, 6.94%, 0, 0, 2, 13.44
1747820520, 0, 37, 945, 944, 20, 6.94%, 0, 0, 2, 13.25
1747820525, 0, 37, 946, 945, 20, 6.94%, 0, 0, 2, 12.72
1747820536, 0, 37, 947, 946, 20, 6.94%, 0, 0, 2, 12.52
1747820566, 0, 38, 949, 948, 20, 6.94%, 0, 0, 2, 12.52
1747820582, 0, 38, 950, 949, 20, 6.94%, 0, 0, 2, 12.08
1747820592, 0, 38, 951, 950, 20, 6.94%, 0, 0, 2, 12.22
1747820597, 0, 38, 952, 951, 20, 6.94%, 0, 0, 2, 12.05
1747820607, 0, 38, 953, 952, 20, 6.94%, 0, 0, 2, 11.87
1747820623, 0, 38, 954, 953, 20, 6.94%, 0, 0, 2, 12.22
1747820638, 0, 38, 955, 954, 20, 6.94%, 0, 0, 2, 12.37
1747820643, 0, 38, 957, 956, 20, 6.94%, 0, 0, 2, 11.94
1747820653, 0, 38, 958, 957, 20, 6.94%, 0, 0, 2, 11.95
1747820658, 0, 38, 960, 959, 20, 6.94%, 0, 0, 2, 11.85
1747820669, 0, 38, 961, 960, 20, 6.94%, 0, 0, 2, 11.94
1747820714, 0, 38, 962, 961, 20, 6.94%, 0, 0, 2, 12.29
1747820745, 0, 38, 963, 962, 20, 6.94%, 0, 0, 2, 11.67
1747820755, 0, 38, 965, 964, 20, 6.94%, 0, 0, 2, 11.71
1747820760, 0, 38, 966, 965, 20, 6.94%, 0, 0, 2, 12.03
1747820781, 0, 38, 967, 966, 20, 6.94%, 0, 0, 2, 12.41
1747820827, 0, 38, 968, 967, 20, 6.94%, 0, 0, 2, 12.15
1747820842, 0, 38, 969, 968, 20, 6.94%, 0, 0, 2, 12.79
1747820873, 0, 38, 970, 969, 20, 6.94%, 0, 0, 2, 11.80
1747820889, 0, 38, 971, 970, 20, 6.94%, 0, 0, 2, 12.03
1747820914, 0, 39, 972, 971, 22, 6.94%, 0, 0, 2, 12.18
1747820940, 0, 40, 972, 971, 22, 6.94%, 0, 0, 2, 12.30
1747820950, 0, 41, 972, 971, 22, 6.94%, 0, 0, 2, 12.04
1747820955, 0, 41, 973, 972, 22, 6.94%, 0, 0, 2, 11.54
1747820966, 0, 41, 975, 974, 22, 6.94%, 0, 0, 2, 11.81
1747821017, 0, 41, 976, 975, 22, 6.94%, 0, 0, 2, 11.90
1747821022, 0, 41, 977, 976, 22, 6.94%, 0, 0, 2, 11.80
1747821028, 0, 41, 978, 977, 22, 6.94%, 0, 0, 2, 11.77
1747821038, 0, 41, 979, 978, 22, 6.94%, 0, 0, 2, 12.32
1747821043, 0, 41, 980, 979, 22, 7.18%, 0, 0, 2, 11.98
1747821053, 0, 41, 981, 980, 22, 7.18%, 0, 0, 2, 12.17
1747821058, 0, 41, 982, 981, 22, 7.18%, 0, 0, 2, 11.93
1747821079, 0, 41, 983, 982, 22, 7.18%, 0, 0, 2, 11.65
1747821130, 0, 41, 984, 983, 22, 7.18%, 0, 0, 2, 12.05
1747821249, 0, 41, 985, 984, 22, 7.18%, 0, 0, 2, 11.58
1747821300, 0, 42, 985, 984, 23, 7.18%, 0, 0, 2, 12.69
1747821310, 0, 43, 986, 985, 23, 7.18%, 0, 0, 2, 12.24
1747821331, 0, 44, 987, 986, 23, 7.18%, 0, 0, 2, 11.71
1747821351, 0, 44, 988, 987, 23, 7.18%, 0, 0, 2, 11.94
1747821372, 0, 45, 988, 987, 23, 7.18%, 0, 0, 2, 12.44
1747821382, 0, 46, 988, 987, 23, 7.18%, 0, 0, 2, 12.23
1747821393, 0, 46, 989, 988, 23, 7.19%, 0, 0, 2, 13.04
1747821403, 0, 47, 989, 988, 24, 7.19%, 0, 0, 2, 12.23
1747821418, 0, 49, 989, 988, 24, 7.19%, 0, 0, 2, 12.16
1747821429, 0, 50, 989, 988, 24, 7.19%, 0, 0, 2, 12.42
1747821439, 0, 53, 989, 988, 24, 7.19%, 0, 0, 2, 12.25
1747821449, 0, 55, 989, 988, 24, 7.19%, 0, 0, 2, 12.41
1747821459, 0, 56, 989, 988, 24, 7.19%, 0, 0, 2, 12.25
1747821469, 0, 57, 989, 988, 24, 7.19%, 0, 0, 2, 11.89
1747821480, 0, 59, 989, 988, 24, 7.19%, 0, 0, 2, 12.50
1747821485, 0, 59, 990, 989, 24, 7.19%, 0, 0, 2, 12.38
1747821500, 0, 59, 991, 990, 24, 7.19%, 0, 0, 2, 12.00
1747821516, 0, 59, 992, 991, 24, 7.19%, 0, 0, 2, 11.88
1747821567, 0, 60, 992, 991, 24, 7.19%, 0, 0, 2, 11.77
1747821577, 0, 61, 992, 991, 24, 7.19%, 0, 0, 2, 11.82
1747821587, 0, 62, 992, 991, 24, 7.19%, 0, 0, 2, 11.71
1747821592, 0, 62, 993, 992, 24, 7.19%, 0, 0, 2, 11.37
1747821603, 0, 62, 994, 993, 24, 7.19%, 0, 0, 2, 11.58
1747821633, 0, 64, 995, 994, 24, 7.19%, 0, 0, 2, 11.35
1747821654, 0, 66, 995, 994, 24, 7.19%, 0, 0, 2, 11.94
1747821664, 0, 68, 995, 994, 24, 7.19%, 0, 0, 2, 12.11
1747821679, 0, 69, 995, 994, 24, 7.19%, 0, 0, 2, 12.58
1747821689, 0, 70, 995, 994, 24, 7.19%, 0, 0, 2, 12.54
1747821700, 0, 72, 995, 994, 24, 7.19%, 0, 0, 2, 12.17
1747821710, 0, 73, 995, 994, 24, 7.19%, 0, 0, 2, 11.85
1747821720, 0, 74, 995, 994, 24, 7.19%, 0, 0, 2, 12.94
1747821730, 0, 76, 995, 994, 24, 7.19%, 0, 0, 2, 12.26
1747821741, 0, 76, 996, 995, 24, 7.19%, 0, 0, 2, 12.85
1747821746, 0, 76, 997, 996, 24, 7.19%, 0, 0, 2, 12.69
1747821772, 0, 77, 997, 996, 24, 7.19%, 0, 0, 2, 12.86
1747821777, 0, 77, 998, 997, 24, 7.19%, 0, 0, 2, 12.35
1747821792, 0, 78, 999, 998, 24, 7.19%, 0, 0, 2, 12.29
1747821812, 0, 79, 999, 998, 24, 7.19%, 0, 0, 2, 12.40
1747821823, 0, 80, 999, 998, 24, 7.19%, 0, 0, 2, 12.30
1747821833, 0, 81, 999, 998, 24, 7.19%, 0, 0, 2, 11.86
1747821838, 0, 81, 1000, 999, 24, 7.19%, 0, 0, 2, 12.09
1747821859, 0, 82, 1000, 999, 24, 7.19%, 0, 0, 2, 13.12
1747821870, 0, 83, 1001, 1000, 24, 7.19%, 0, 0, 2, 12.10
1747821880, 0, 83, 1002, 1001, 24, 7.19%, 0, 0, 2, 11.57
1747821910, 0, 84, 1002, 1001, 24, 7.19%, 0, 0, 2, 11.56
1747821926, 0, 85, 1002, 1001, 24, 7.19%, 0, 0, 2, 12.05
1747821936, 0, 86, 1002, 1001, 24, 7.19%, 0, 0, 2, 11.98
1747821946, 0, 87, 1002, 1001, 24, 7.19%, 0, 0, 2, 11.88
1747821956, 0, 88, 1002, 1001, 24, 7.19%, 0, 0, 2, 12.26
1747821961, 0, 88, 1003, 1002, 24, 7.19%, 0, 0, 2, 11.96
1747821977, 0, 91, 1003, 1002, 24, 7.19%, 0, 0, 2, 11.76
1747821987, 0, 92, 1003, 1002, 24, 7.19%, 0, 0, 2, 12.30
1747821997, 0, 93, 1003, 1002, 24, 7.19%, 0, 0, 2, 11.49
1747822008, 0, 94, 1003, 1002, 24, 7.19%, 0, 0, 2, 11.64
1747822013, 0, 94, 1004, 1003, 24, 7.19%, 0, 0, 2, 11.86
1747822033, 0, 95, 1004, 1003, 24, 7.19%, 0, 0, 2, 11.47
1747822044, 0, 97, 1004, 1003, 24, 7.19%, 0, 0, 2, 13.05
1747822054, 0, 98, 1004, 1003, 24, 7.19%, 0, 0, 2, 12.23
1747822064, 0, 99, 1004, 1003, 24, 7.19%, 0, 0, 2, 12.49
1747822074, 0, 100, 1004, 1003, 24, 7.19%, 0, 0, 2, 12.30
1747822085, 0, 101, 1004, 1003, 24, 7.19%, 0, 0, 2, 12.00
1747822095, 0, 102, 1004, 1003, 24, 7.19%, 0, 0, 2, 12.40
1747822105, 0, 103, 1004, 1003, 24, 7.19%, 0, 0, 2, 11.45
1747822115, 0, 105, 1004, 1003, 24, 7.19%, 0, 0, 2, 11.57
1747822120, 0, 105, 1005, 1004, 24, 7.19%, 0, 0, 2, 11.37
1747822125, 0, 105, 1006, 1005, 24, 7.19%, 0, 0, 2, 11.16
1747822130, 0, 105, 1007, 1006, 24, 7.19%, 0, 0, 2, 11.40
1747822140, 0, 105, 1008, 1007, 24, 7.19%, 0, 0, 2, 11.57
1747822197, 0, 105, 1009, 1008, 24, 7.19%, 0, 0, 2, 11.13
1747822223, 0, 105, 1010, 1009, 24, 7.19%, 0, 0, 2, 11.36
1747822243, 0, 105, 1011, 1010, 24, 7.19%, 0, 0, 2, 11.70
1747822326, 0, 105, 1012, 1011, 24, 7.25%, 0, 0, 2, 11.35
1747822341, 0, 105, 1013, 1012, 24, 7.25%, 0, 0, 2, 12.38
1747822418, 0, 105, 1014, 1013, 24, 7.25%, 0, 0, 2, 11.60
1747822464, 0, 105, 1015, 1014, 24, 7.25%, 0, 0, 2, 11.14
1747822480, 0, 106, 1015, 1014, 22, 7.25%, 0, 0, 2, 11.48
1747822490, 0, 107, 1015, 1014, 22, 7.25%, 0, 0, 2, 11.15
1747822500, 0, 108, 1016, 1015, 22, 7.25%, 0, 0, 2, 11.36
1747822505, 0, 108, 1017, 1016, 22, 7.25%, 0, 0, 2, 10.90
1747822510, 0, 108, 1018, 1017, 22, 7.25%, 0, 0, 2, 11.13
1747822515, 0, 108, 1019, 1018, 22, 7.25%, 0, 0, 2, 10.83
1747822520, 0, 108, 1021, 1020, 22, 7.26%, 0, 0, 2, 10.73
1747822531, 0, 108, 1022, 1021, 22, 7.26%, 0, 0, 2, 11.45
1747822541, 0, 108, 1023, 1022, 22, 7.26%, 0, 0, 2, 10.86
1747822592, 0, 108, 1024, 1023, 22, 7.26%, 0, 0, 2, 10.42
1747822602, 0, 108, 1025, 1024, 22, 7.26%, 0, 0, 2, 11.30
1747822607, 0, 108, 1026, 1025, 22, 7.26%, 0, 0, 2, 10.67
1747822633, 0, 108, 1027, 1026, 22, 7.26%, 0, 0, 2, 11.19
1747822648, 0, 108, 1028, 1027, 22, 7.26%, 0, 0, 2, 11.06
1747822684, 0, 108, 1029, 1028, 22, 7.26%, 0, 0, 2, 10.58
1747822719, 0, 108, 1030, 1029, 22, 7.26%, 0, 0, 2, 10.79
1747822776, 0, 108, 1031, 1030, 22, 7.26%, 0, 0, 2, 10.98
1747822822, 0, 108, 1032, 1031, 22, 7.26%, 0, 0, 2, 11.32
1747822837, 0, 108, 1033, 1032, 22, 7.26%, 0, 0, 2, 10.56
1747822853, 0, 108, 1034, 1033, 22, 7.26%, 0, 0, 2, 10.86
1747822863, 0, 108, 1035, 1034, 22, 7.26%, 0, 0, 2, 10.89
1747822878, 0, 109, 1035, 1034, 24, 7.26%, 0, 0, 2, 11.78
1747822889, 0, 110, 1035, 1034, 24, 7.26%, 0, 0, 2, 11.33
1747822899, 0, 111, 1035, 1034, 24, 7.26%, 0, 0, 2, 11.91
1747822904, 0, 111, 1036, 1035, 24, 7.26%, 0, 0, 2, 10.73
1747822909, 0, 111, 1038, 1037, 24, 7.26%, 0, 0, 2, 9.89
1747822914, 0, 111, 1039, 1038, 24, 7.26%, 0, 0, 2, 10.23
1747822940, 0, 111, 1040, 1039, 24, 7.26%, 0, 0, 2, 11.15
1747822970, 0, 111, 1041, 1040, 24, 7.26%, 0, 0, 2, 10.71
1747823048, 0, 111, 1043, 1042, 24, 7.26%, 0, 0, 2, 17.83
1747823068, 0, 111, 1044, 1043, 24, 7.26%, 0, 0, 2, 18.12
1747823073, 0, 111, 1045, 1044, 24, 7.26%, 0, 0, 2, 18.76
1747823088, 0, 111, 1046, 1045, 24, 7.26%, 0, 0, 2, 19.00
1747823160, 0, 111, 1047, 1046, 24, 7.26%, 0, 0, 2, 19.27
1747823180, 0, 112, 1047, 1046, 25, 7.26%, 0, 0, 2, 18.41
1747823186, 0, 113, 1047, 1046, 25, 7.26%, 0, 0, 2, 18.84
1747823191, 0, 114, 1047, 1046, 25, 7.26%, 0, 0, 2, 19.77
1747823201, 0, 115, 1047, 1046, 25, 7.26%, 0, 0, 2, 19.46
1747823206, 0, 116, 1047, 1046, 25, 7.26%, 0, 0, 2, 20.27
1747823211, 0, 117, 1047, 1046, 25, 7.26%, 0, 0, 2, 19.35
1747823221, 0, 118, 1047, 1046, 25, 7.26%, 0, 0, 2, 19.26
1747823226, 0, 119, 1047, 1046, 25, 7.26%, 0, 0, 2, 19.34
1747823231, 0, 119, 1048, 1047, 25, 7.26%, 0, 0, 2, 19.14
1747823242, 0, 119, 1050, 1049, 25, 7.26%, 0, 0, 2, 19.50
1747823303, 0, 121, 1050, 1049, 25, 7.26%, 0, 0, 2, 11.32
1747823314, 0, 121, 1051, 1050, 25, 7.26%, 0, 0, 2, 10.85
1747823329, 0, 123, 1051, 1050, 25, 7.26%, 0, 0, 2, 11.43
1747823339, 0, 124, 1051, 1050, 25, 7.26%, 0, 0, 2, 11.03
1747823349, 0, 125, 1051, 1050, 25, 7.26%, 0, 0, 2, 11.15
1747823360, 0, 126, 1051, 1050, 25, 7.26%, 0, 0, 2, 10.92
1747823370, 0, 128, 1051, 1050, 25, 7.26%, 0, 0, 2, 11.25
1747823385, 0, 129, 1051, 1050, 25, 7.26%, 0, 0, 2, 11.26
1747823396, 0, 131, 1051, 1050, 25, 7.26%, 0, 0, 2, 11.52
1747823406, 0, 133, 1051, 1050, 25, 7.26%, 0, 0, 2, 11.31
1747823416, 0, 134, 1051, 1050, 25, 7.26%, 0, 0, 2, 11.37
1747823432, 0, 137, 1051, 1050, 25, 7.26%, 0, 0, 2, 10.73
1747823442, 0, 138, 1052, 1051, 25, 7.26%, 0, 0, 2, 11.27
1747823447, 0, 138, 1053, 1052, 25, 7.26%, 0, 0, 2, 9.76
1747823462, 0, 138, 1055, 1054, 25, 7.26%, 0, 0, 2, 9.97
1747823473, 0, 138, 1056, 1055, 25, 7.26%, 0, 0, 2, 10.73
1747823529, 0, 138, 1057, 1056, 25, 7.26%, 0, 0, 2, 10.30
1747823549, 0, 138, 1058, 1057, 25, 7.26%, 0, 0, 2, 10.04
1747823585, 0, 138, 1059, 1058, 25, 7.26%, 0, 0, 2, 10.82
1747823591, 0, 138, 1060, 1059, 25, 7.26%, 0, 0, 2, 9.82
1747823668, 0, 138, 1061, 1060, 25, 7.30%, 0, 0, 2, 11.26
1747823785, 0, 138, 1062, 1061, 25, 7.30%, 0, 0, 2, 17.34
1747823795, 0, 138, 1063, 1062, 25, 7.30%, 0, 0, 2, 17.30
1747823815, 0, 139, 1063, 1062, 25, 7.30%, 0, 0, 2, 17.10
1747823821, 0, 140, 1063, 1062, 25, 7.30%, 0, 0, 2, 17.43
1747823826, 0, 140, 1065, 1064, 25, 7.31%, 0, 0, 2, 16.73
1747823831, 0, 140, 1066, 1065, 25, 7.31%, 0, 0, 2, 16.78
1747823836, 0, 140, 1069, 1068, 25, 7.31%, 0, 0, 2, 16.46
1747823857, 0, 140, 1071, 1070, 25, 7.31%, 0, 0, 2, 16.84
1747823862, 0, 140, 1072, 1071, 25, 7.31%, 0, 0, 2, 16.77
1747823867, 0, 140, 1073, 1072, 25, 7.31%, 0, 0, 2, 17.03
1747823877, 0, 140, 1074, 1073, 25, 7.31%, 0, 0, 2, 17.26
1747823923, 0, 140, 1075, 1074, 25, 7.31%, 0, 0, 2, 16.67
1747823934, 0, 140, 1076, 1075, 25, 7.31%, 0, 0, 2, 16.90
1747823939, 0, 140, 1077, 1076, 25, 7.31%, 0, 0, 2, 16.93
1747823959, 0, 140, 1078, 1077, 25, 7.31%, 0, 0, 2, 16.62
1747824015, 0, 140, 1079, 1078, 25, 7.31%, 0, 0, 2, 17.01
1747824051, 0, 140, 1080, 1079, 25, 7.31%, 0, 0, 2, 17.21
1747824067, 0, 141, 1080, 1079, 24, 7.31%, 0, 0, 2, 17.99
1747824072, 0, 141, 1081, 1080, 24, 7.31%, 0, 0, 2, 16.93
1747824082, 0, 142, 1081, 1080, 24, 7.31%, 0, 0, 2, 17.19
1747824092, 0, 143, 1081, 1080, 24, 7.31%, 0, 0, 2, 18.93
1747824097, 0, 144, 1081, 1080, 24, 7.31%, 0, 0, 2, 18.64
1747824102, 0, 145, 1081, 1080, 24, 7.31%, 0, 0, 2, 18.14
1747824113, 0, 146, 1081, 1080, 24, 7.31%, 0, 0, 2, 17.98
1747824118, 0, 147, 1082, 1081, 24, 7.31%, 0, 0, 2, 16.10
1747824133, 0, 148, 1082, 1081, 24, 7.31%, 0, 0, 2, 17.22
1747824143, 0, 149, 1082, 1081, 24, 7.31%, 0, 0, 2, 17.25
1747824148, 0, 150, 1082, 1081, 24, 7.31%, 0, 0, 2, 16.75
1747824159, 0, 151, 1082, 1081, 24, 7.31%, 0, 0, 2, 17.20
1747824164, 0, 152, 1082, 1081, 24, 7.31%, 0, 0, 2, 18.49
1747824169, 0, 153, 1082, 1081, 24, 7.31%, 0, 0, 2, 19.33
1747824179, 0, 154, 1082, 1081, 24, 7.31%, 0, 0, 2, 17.72
1747824184, 0, 154, 1083, 1082, 24, 7.31%, 0, 0, 2, 16.80
1747824194, 0, 154, 1084, 1083, 24, 7.31%, 0, 0, 2, 17.05
1747824210, 0, 155, 1084, 1083, 24, 7.31%, 0, 0, 2, 18.44
1747824215, 0, 157, 1084, 1083, 24, 7.31%, 0, 0, 2, 19.20
1747824220, 0, 159, 1084, 1083, 24, 7.31%, 0, 0, 2, 19.12
1747824230, 0, 160, 1085, 1084, 24, 7.31%, 0, 0, 2, 18.05
1747824246, 0, 162, 1085, 1084, 24, 7.31%, 0, 0, 2, 17.79
1747824251, 0, 164, 1085, 1084, 24, 7.31%, 0, 0, 2, 17.48
1747824261, 0, 165, 1085, 1084, 24, 7.31%, 0, 0, 2, 17.02
1747824266, 0, 165, 1086, 1085, 24, 7.31%, 0, 0, 2, 16.96
1747824276, 0, 166, 1086, 1085, 24, 7.31%, 0, 0, 2, 19.44
1747824281, 0, 167, 1086, 1085, 24, 7.31%, 0, 0, 2, 18.31
1747824286, 0, 167, 1087, 1086, 24, 7.31%, 0, 0, 2, 18.02
1747824296, 0, 168, 1087, 1086, 24, 7.31%, 0, 0, 2, 17.24
1747824302, 0, 170, 1088, 1087, 24, 7.31%, 0, 0, 2, 16.91
1747824317, 0, 171, 1088, 1087, 24, 7.31%, 0, 0, 2, 23.97
1747824496, 0, 171, 1089, 1088, 24, 7.31%, 0, 0, 3, 60.82
1747824502, 0, 171, 1091, 1090, 24, 7.32%, 0, 0, 3, 59.24
1747824532, 0, 172, 1091, 1089, 25, 7.32%, 0, 0, 3, 40.68
1747824538, 0, 173, 1091, 1089, 25, 7.32%, 0, 0, 3, 24.70
1747824548, 0, 174, 1091, 1089, 25, 7.32%, 0, 0, 3, 18.71
1747824553, 0, 174, 1092, 1090, 25, 7.32%, 0, 0, 3, 18.17
1747824563, 0, 175, 1092, 1090, 25, 7.32%, 0, 0, 3, 18.19
1747824568, 0, 177, 1092, 1090, 25, 7.32%, 0, 0, 3, 16.42
1747824573, 0, 178, 1092, 1090, 25, 7.32%, 0, 0, 3, 16.82
1747824584, 0, 179, 1092, 1090, 25, 7.32%, 0, 0, 3, 17.77
1747824589, 0, 180, 1093, 1091, 25, 7.32%, 0, 0, 3, 16.62
1747824594, 0, 180, 1094, 1092, 25, 7.32%, 0, 0, 3, 17.27
1747824614, 0, 180, 1095, 1093, 25, 7.32%, 0, 0, 3, 17.67
1747824655, 0, 181, 1095, 1093, 25, 7.32%, 0, 0, 3, 10.09
1747824660, 0, 181, 1096, 1094, 25, 7.32%, 0, 0, 3, 9.89
1747824665, 0, 181, 1097, 1095, 25, 7.32%, 0, 0, 3, 9.76
1747824696, 0, 181, 1098, 1096, 25, 7.32%, 0, 0, 3, 9.50
1747824737, 0, 181, 1099, 1097, 25, 7.32%, 0, 0, 3, 10.07
1747824742, 0, 181, 1100, 1098, 25, 7.32%, 0, 0, 3, 9.92
1747824763, 0, 181, 1101, 1099, 25, 7.32%, 0, 0, 3, 10.35
1747824788, 0, 181, 1102, 1100, 25, 7.32%, 0, 0, 3, 9.47
1747824931, 0, 181, 1103, 1101, 25, 7.32%, 0, 0, 3, 9.84
1747824947, 0, 181, 1104, 1102, 25, 7.32%, 0, 0, 3, 9.86
1747824982, 0, 181, 1105, 1103, 25, 7.32%, 0, 0, 3, 9.76
1747825069, 0, 182, 1105, 1103, 25, 7.32%, 0, 0, 3, 10.47
1747825085, 0, 183, 1106, 1104, 25, 7.32%, 0, 0, 3, 9.66
1747825110, 0, 184, 1106, 1104, 25, 7.32%, 0, 0, 3, 9.25
1747825125, 0, 185, 1106, 1104, 25, 7.32%, 0, 0, 3, 11.78
1747825136, 0, 186, 1106, 1104, 25, 7.32%, 0, 0, 3, 11.32
1747825146, 0, 187, 1107, 1105, 25, 7.32%, 0, 0, 3, 10.39
1747825172, 0, 188, 1107, 1105, 25, 7.32%, 0, 0, 3, 10.50
1747825182, 0, 189, 1107, 1105, 25, 7.32%, 0, 0, 3, 10.89
1747825197, 0, 190, 1107, 1105, 25, 7.32%, 0, 0, 3, 9.81
1747825208, 0, 192, 1107, 1105, 25, 7.32%, 0, 0, 3, 9.83
1747825213, 0, 192, 1108, 1106, 25, 7.32%, 0, 0, 3, 9.72
1747825238, 0, 193, 1108, 1106, 25, 7.32%, 0, 0, 3, 9.79
1747825248, 0, 194, 1108, 1106, 25, 7.32%, 0, 0, 3, 9.64
1747825264, 0, 195, 1108, 1106, 25, 7.32%, 0, 0, 3, 9.82
1747825269, 0, 195, 1109, 1107, 25, 7.32%, 0, 0, 3, 9.67
1747825289, 0, 197, 1109, 1107, 25, 7.32%, 0, 0, 3, 11.01
1747825299, 0, 198, 1109, 1107, 25, 7.32%, 0, 0, 3, 10.40
1747825310, 0, 200, 1109, 1107, 25, 7.32%, 0, 0, 3, 9.62
1747825325, 0, 201, 1109, 1107, 25, 7.32%, 0, 0, 3, 10.36
1747825336, 0, 202, 1109, 1107, 25, 7.32%, 0, 0, 3, 10.53
1747825351, 0, 203, 1109, 1107, 25, 7.32%, 0, 0, 3, 10.97
1747825361, 0, 204, 1109, 1107, 25, 7.32%, 0, 0, 3, 11.11
1747825372, 0, 205, 1109, 1107, 25, 7.32%, 0, 0, 3, 9.91
1747825382, 0, 205, 1111, 1109, 25, 7.32%, 0, 0, 3, 10.86
1747825423, 0, 207, 1111, 1109, 25, 7.32%, 0, 0, 3, 10.56
1747825433, 0, 208, 1111, 1109, 25, 7.32%, 0, 0, 3, 9.46
1747825448, 0, 209, 1111, 1109, 25, 7.32%, 0, 0, 3, 10.93
1747825459, 0, 211, 1111, 1109, 25, 7.32%, 0, 0, 3, 10.66
1747825469, 0, 212, 1111, 1109, 25, 7.32%, 0, 0, 3, 9.65
1747825484, 0, 214, 1111, 1109, 25, 7.32%, 0, 0, 3, 9.58
1747825500, 0, 215, 1111, 1109, 25, 7.32%, 0, 0, 3, 10.79
1747825510, 0, 218, 1111, 1109, 25, 7.32%, 0, 0, 3, 10.33
1747825520, 0, 219, 1111, 1109, 25, 7.32%, 0, 0, 3, 10.11
1747825536, 0, 220, 1111, 1109, 25, 7.32%, 0, 0, 3, 9.83
1747825546, 0, 221, 1111, 1109, 25, 7.32%, 0, 0, 3, 10.31
1747825561, 0, 225, 1111, 1109, 25, 7.32%, 0, 0, 3, 10.54
1747825571, 0, 226, 1111, 1109, 25, 7.32%, 0, 0, 3, 9.72
1747825587, 0, 227, 1111, 1109, 25, 7.32%, 0, 0, 3, 10.77
1747825597, 0, 228, 1111, 1109, 25, 7.32%, 0, 0, 3, 10.15
1747825607, 0, 229, 1111, 1109, 25, 7.32%, 0, 0, 3, 9.55
1747825623, 0, 230, 1112, 1110, 25, 7.32%, 0, 0, 3, 9.43
1747825648, 0, 232, 1112, 1110, 25, 7.32%, 0, 0, 3, 10.50
1747825658, 0, 233, 1112, 1110, 25, 7.32%, 0, 0, 3, 10.89
1747825674, 0, 236, 1112, 1110, 25, 7.32%, 0, 0, 3, 10.47
1747825684, 0, 237, 1112, 1110, 25, 7.32%, 0, 0, 3, 10.27
1747825694, 0, 237, 1113, 1111, 25, 7.32%, 0, 0, 3, 9.35
1747825714, 0, 238, 1113, 1111, 25, 7.32%, 0, 0, 3, 10.07
1747825725, 0, 240, 1113, 1111, 25, 7.32%, 0, 0, 3, 9.86
1747825735, 0, 240, 1114, 1112, 25, 7.32%, 0, 0, 3, 9.61
1747825750, 0, 241, 1114, 1112, 25, 7.32%, 0, 0, 3, 9.87
1747825766, 0, 242, 1114, 1112, 25, 7.32%, 0, 0, 3, 9.65
1747825776, 0, 243, 1114, 1112, 25, 7.32%, 0, 0, 3, 10.22
1747825791, 0, 244, 1114, 1112, 25, 7.32%, 0, 0, 3, 10.03
1747825802, 0, 245, 1114, 1112, 25, 7.32%, 0, 0, 3, 9.96
1747825817, 0, 246, 1114, 1112, 25, 7.32%, 0, 0, 3, 9.99
1747825828, 0, 247, 1114, 1112, 25, 7.32%, 0, 0, 3, 9.73
1747825843, 0, 248, 1114, 1112, 25, 7.32%, 0, 0, 3, 9.77
1747825853, 0, 249, 1114, 1112, 25, 7.32%, 0, 0, 3, 9.78
1747825869, 0, 250, 1114, 1112, 25, 7.32%, 0, 0, 3, 10.73
1747825879, 0, 251, 1114, 1112, 25, 7.32%, 0, 0, 3, 9.75
1747825895, 0, 252, 1114, 1112, 25, 7.32%, 0, 0, 3, 10.68
1747825905, 0, 253, 1114, 1112, 25, 7.32%, 0, 0, 3, 10.22
1747825920, 0, 254, 1114, 1112, 25, 7.32%, 0, 0, 3, 9.52
1747825930, 0, 254, 1115, 1113, 25, 7.32%, 0, 0, 3, 9.49
1747825941, 0, 254, 1116, 1114, 25, 7.32%, 0, 0, 3, 9.82
1747825972, 0, 256, 1116, 1114, 25, 7.32%, 0, 0, 3, 10.29
1747825987, 0, 258, 1116, 1114, 25, 7.32%, 0, 0, 3, 10.51
1747825997, 0, 259, 1116, 1114, 25, 7.32%, 0, 0, 3, 10.91
1747826008, 0, 260, 1116, 1114, 25, 7.32%, 0, 0, 3, 11.51
1747826023, 0, 261, 1116, 1114, 25, 7.32%, 0, 0, 3, 9.98
1747826033, 0, 262, 1116, 1114, 25, 7.32%, 0, 0, 3, 10.08
1747826049, 0, 263, 1116, 1114, 25, 7.32%, 0, 0, 3, 10.32
1747826059, 0, 264, 1116, 1114, 25, 7.32%, 0, 0, 3, 9.62
1747826069, 0, 264, 1117, 1115, 25, 7.34%, 0, 0, 3, 10.51
1747826084, 0, 265, 1117, 1115, 25, 7.34%, 0, 0, 3, 10.08
1747826100, 0, 266, 1117, 1115, 25, 7.34%, 0, 0, 3, 10.24
1747826110, 0, 267, 1117, 1115, 25, 7.34%, 0, 0, 3, 10.78
1747826120, 0, 269, 1117, 1115, 25, 7.34%, 0, 0, 3, 10.46
1747826125, 0, 269, 1118, 1116, 25, 7.34%, 0, 0, 3, 9.45
1747826152, 0, 270, 1118, 1116, 25, 7.34%, 0, 0, 3, 9.79
1747826162, 0, 271, 1118, 1116, 25, 7.34%, 0, 0, 3, 9.89
1747826177, 0, 272, 1118, 1116, 25, 7.34%, 0, 0, 3, 9.95
1747826187, 0, 273, 1118, 1116, 25, 7.34%, 0, 0, 3, 10.48
1747826193, 0, 273, 1119, 1117, 25, 7.34%, 0, 0, 3, 9.36
1747826213, 0, 274, 1119, 1117, 25, 7.34%, 0, 0, 3, 9.93
1747826228, 0, 277, 1119, 1117, 25, 7.34%, 0, 0, 3, 9.76
1747826239, 0, 278, 1119, 1117, 25, 7.34%, 0, 0, 3, 9.90
1747826254, 0, 279, 1119, 1117, 25, 7.34%, 0, 0, 3, 10.19
1747826264, 0, 280, 1119, 1117, 25, 7.34%, 0, 0, 3, 10.31
1747826274, 0, 281, 1119, 1117, 25, 7.34%, 0, 0, 3, 10.71
1747826290, 0, 283, 1119, 1117, 25, 7.34%, 0, 0, 3, 9.35
1747826300, 0, 284, 1119, 1117, 25, 7.34%, 0, 0, 3, 10.91
1747826315, 0, 285, 1119, 1117, 25, 7.34%, 0, 0, 3, 9.74
1747826326, 0, 287, 1119, 1117, 25, 7.34%, 0, 0, 3, 10.50
1747826336, 0, 288, 1119, 1117, 25, 7.34%, 0, 0, 3, 10.47
1747826351, 0, 290, 1119, 1117, 25, 7.34%, 0, 0, 3, 10.43
1747826361, 0, 292, 1119, 1117, 25, 7.34%, 0, 0, 3, 11.26
1747826372, 0, 293, 1119, 1117, 25, 7.34%, 0, 0, 3, 11.16
1747826387, 0, 294, 1119, 1117, 25, 7.34%, 0, 0, 3, 10.58
1747826397, 0, 295, 1119, 1117, 25, 7.34%, 0, 0, 3, 10.09
1747826413, 0, 296, 1120, 1118, 25, 7.34%, 0, 0, 3, 9.46
1747826428, 0, 296, 1121, 1119, 25, 7.34%, 0, 0, 3, 9.33
1747826469, 0, 297, 1121, 1119, 25, 7.34%, 0, 0, 3, 9.92
1747826480, 0, 298, 1121, 1119, 25, 7.34%, 0, 0, 3, 9.37
1747826495, 0, 299, 1121, 1119, 25, 7.34%, 0, 0, 3, 10.39
1747826505, 0, 301, 1121, 1119, 25, 7.34%, 0, 0, 3, 9.31
1747826520, 0, 303, 1121, 1119, 25, 7.34%, 0, 0, 3, 10.11
1747826531, 0, 304, 1121, 1119, 25, 7.34%, 0, 0, 3, 10.03
1747826546, 0, 305, 1121, 1119, 25, 7.34%, 0, 0, 3, 10.38
1747826556, 0, 307, 1121, 1119, 25, 7.34%, 0, 0, 3, 9.87
1747826567, 0, 307, 1122, 1120, 25, 7.34%, 0, 0, 3, 9.24
1747826582, 0, 308, 1122, 1120, 25, 7.34%, 0, 0, 3, 9.78
1747826592, 0, 308, 1123, 1121, 25, 7.34%, 0, 0, 3, 9.97
1747826613, 0, 309, 1123, 1121, 25, 7.34%, 0, 0, 3, 10.34
1747826618, 0, 309, 1124, 1122, 25, 7.34%, 0, 0, 3, 9.76
1747826638, 0, 310, 1124, 1122, 25, 7.34%, 0, 0, 3, 9.33
1747826653, 0, 311, 1124, 1122, 25, 7.34%, 0, 0, 3, 10.02
1747826664, 0, 312, 1124, 1122, 25, 7.34%, 0, 0, 3, 9.55
1747826669, 0, 312, 1125, 1123, 25, 7.34%, 0, 0, 3, 8.86
1747826679, 0, 312, 1126, 1124, 25, 7.35%, 0, 0, 3, 9.12
1747826684, 0, 312, 1127, 1125, 25, 7.35%, 0, 0, 3, 9.06
1747826699, 0, 312, 1128, 1126, 25, 7.35%, 0, 0, 3, 9.15
1747826710, 0, 312, 1129, 1127, 25, 7.35%, 0, 0, 3, 9.87
1747826715, 0, 312, 1130, 1128, 25, 7.35%, 0, 0, 3, 9.39
1747826725, 0, 312, 1131, 1129, 25, 7.35%, 0, 0, 3, 9.18
1747826740, 0, 312, 1132, 1130, 25, 7.35%, 0, 0, 3, 9.66
1747826960, 0, 312, 1133, 1131, 25, 7.35%, 0, 0, 3, 9.77
1747826976, 0, 312, 1134, 1132, 25, 7.35%, 0, 0, 3, 9.24
1747827089, 0, 313, 1134, 1132, 25, 7.35%, 0, 0, 3, 9.68
1747827104, 0, 314, 1135, 1133, 25, 7.35%, 0, 0, 3, 9.44
1747827120, 0, 314, 1136, 1134, 25, 7.35%, 0, 0, 3, 9.53
1747827140, 0, 314, 1137, 1135, 25, 7.35%, 0, 0, 3, 9.82
1747827213, 0, 315, 1137, 1135, 25, 7.35%, 0, 0, 3, 9.55
1747827228, 0, 317, 1137, 1135, 25, 7.35%, 0, 0, 3, 10.49
1747827238, 0, 318, 1137, 1135, 25, 7.35%, 0, 0, 3, 10.11
1747827244, 0, 318, 1138, 1136, 25, 7.35%, 0, 0, 3, 9.68
1747827264, 0, 319, 1138, 1136, 25, 7.35%, 0, 0, 3, 9.56
1747827280, 0, 320, 1138, 1136, 25, 7.35%, 0, 0, 3, 9.69
1747827285, 0, 320, 1139, 1137, 25, 7.35%, 0, 0, 3, 9.55
1747827305, 0, 321, 1139, 1137, 25, 7.35%, 0, 0, 3, 9.94
1747827316, 0, 323, 1139, 1137, 25, 7.35%, 0, 0, 3, 9.71
1747827331, 0, 326, 1139, 1137, 25, 7.35%, 0, 0, 3, 10.42
1747827341, 0, 328, 1139, 1137, 25, 7.35%, 0, 0, 3, 9.87
1747827357, 0, 329, 1139, 1137, 25, 7.35%, 0, 0, 3, 9.35
1747827367, 0, 330, 1139, 1137, 25, 7.35%, 0, 0, 3, 9.25
1747827383, 0, 331, 1139, 1137, 25, 7.35%, 0, 0, 3, 10.11
1747827393, 0, 332, 1139, 1137, 25, 7.35%, 0, 0, 3, 10.09
1747827408, 0, 333, 1139, 1137, 25, 7.35%, 0, 0, 3, 9.40
1747827424, 0, 334, 1139, 1137, 25, 7.35%, 0, 0, 3, 9.35
1747827434, 0, 336, 1139, 1137, 25, 7.35%, 0, 0, 3, 9.34
1747827449, 0, 337, 1139, 1137, 25, 7.35%, 0, 0, 3, 10.41
1747827459, 0, 338, 1139, 1137, 25, 7.35%, 0, 0, 3, 10.41
1747827474, 0, 342, 1139, 1137, 25, 7.35%, 0, 0, 3, 9.46
1747827480, 0, 342, 1140, 1138, 25, 7.46%, 0, 0, 3, 9.35
1747827500, 0, 343, 1140, 1138, 26, 7.46%, 0, 0, 3, 9.74
1747827515, 0, 344, 1140, 1138, 26, 7.46%, 0, 0, 3, 9.13
1747827531, 0, 345, 1140, 1138, 26, 7.46%, 0, 0, 3, 9.31
1747827541, 0, 346, 1140, 1138, 26, 7.46%, 0, 0, 3, 10.36
1747827551, 0, 347, 1140, 1138, 26, 7.46%, 0, 0, 3, 11.51
1747827567, 0, 350, 1140, 1138, 26, 7.46%, 0, 0, 3, 10.14
1747827577, 0, 351, 1140, 1138, 26, 7.46%, 0, 0, 3, 9.37
1747827593, 0, 354, 1140, 1138, 26, 7.46%, 0, 0, 3, 9.32
1747827608, 0, 355, 1140, 1138, 26, 7.46%, 0, 0, 3, 9.70
1747827619, 0, 356, 1140, 1138, 26, 7.46%, 0, 0, 3, 10.37
1747827634, 0, 358, 1140, 1138, 26, 7.46%, 0, 0, 3, 9.33
1747827644, 0, 358, 1141, 1139, 26, 7.46%, 0, 0, 3, 9.38
1747827649, 0, 358, 1142, 1140, 26, 7.46%, 0, 0, 3, 8.81
1747827654, 0, 358, 1143, 1141, 26, 7.46%, 0, 0, 3, 9.44
1747827670, 0, 358, 1144, 1142, 26, 7.46%, 0, 0, 3, 8.92
1747827680, 0, 358, 1145, 1143, 26, 7.46%, 0, 0, 3, 9.51
1747827706, 0, 358, 1146, 1144, 26, 7.46%, 0, 0, 3, 8.85
1747827722, 0, 358, 1147, 1145, 26, 7.46%, 0, 0, 3, 9.04
1747827747, 0, 358, 1148, 1146, 26, 7.47%, 0, 0, 3, 9.43
1747827916, 0, 358, 1149, 1147, 26, 7.47%, 0, 0, 3, 9.32
1747828004, 0, 358, 1150, 1148, 26, 7.47%, 0, 0, 3, 9.50
1747828075, 0, 359, 1150, 1148, 27, 7.47%, 0, 0, 3, 9.07
1747828085, 0, 360, 1150, 1148, 27, 7.47%, 0, 0, 3, 9.85
1747828096, 0, 360, 1151, 1149, 27, 7.47%, 0, 0, 3, 9.40
1747828101, 0, 360, 1152, 1150, 27, 7.47%, 0, 0, 3, 9.96
1747828106, 0, 360, 1153, 1151, 27, 7.47%, 0, 0, 3, 9.73
1747828116, 0, 360, 1154, 1152, 27, 7.47%, 0, 0, 3, 9.28
1747828271, 0, 360, 1155, 1153, 27, 7.47%, 0, 0, 3, 9.42
1747828384, 0, 360, 1156, 1154, 27, 7.47%, 0, 0, 3, 9.65
1747828507, 0, 362, 1156, 1154, 29, 7.47%, 0, 0, 3, 9.22
1747828517, 0, 364, 1156, 1154, 29, 7.47%, 0, 0, 3, 9.24
1747828532, 0, 366, 1156, 1154, 29, 7.47%, 0, 0, 3, 9.53
1747828548, 0, 367, 1156, 1154, 29, 7.47%, 0, 0, 3, 9.66
1747828558, 0, 369, 1156, 1154, 29, 7.47%, 0, 0, 3, 9.89
1747828568, 0, 371, 1156, 1154, 29, 7.47%, 0, 0, 3, 10.79
1747828574, 0, 371, 1157, 1155, 29, 7.47%, 0, 0, 3, 9.48
1747828579, 0, 371, 1158, 1156, 29, 7.47%, 0, 0, 3, 9.33
1747828625, 0, 372, 1158, 1156, 29, 7.47%, 0, 0, 3, 10.19
1747828641, 0, 373, 1158, 1156, 29, 7.47%, 0, 0, 3, 9.85
1747828651, 0, 374, 1158, 1156, 29, 7.47%, 0, 0, 3, 9.16
1747828666, 0, 375, 1158, 1156, 29, 7.47%, 0, 0, 3, 9.73
1747828677, 0, 376, 1158, 1156, 29, 7.47%, 0, 0, 3, 10.42
1747828692, 0, 377, 1158, 1156, 29, 7.47%, 0, 0, 3, 10.24
1747828702, 0, 379, 1158, 1156, 29, 7.47%, 0, 0, 3, 10.14
1747828717, 0, 380, 1158, 1156, 29, 7.47%, 0, 0, 3, 10.17
1747828728, 0, 381, 1158, 1156, 29, 7.47%, 0, 0, 3, 10.24
1747828738, 0, 383, 1158, 1156, 29, 7.47%, 0, 0, 3, 10.97
1747828753, 0, 384, 1158, 1156, 29, 7.47%, 0, 0, 3, 9.47
1747828769, 0, 385, 1158, 1156, 29, 7.47%, 0, 0, 3, 9.25
1747828779, 0, 386, 1158, 1156, 29, 7.47%, 0, 0, 3, 9.92
1747828794, 0, 387, 1158, 1156, 29, 7.47%, 0, 0, 3, 9.59
1747828809, 0, 388, 1158, 1156, 29, 7.47%, 0, 0, 3, 9.85
1747828820, 0, 389, 1158, 1156, 29, 7.47%, 0, 0, 3, 9.73
1747828825, 0, 389, 1159, 1157, 29, 7.47%, 0, 0, 3, 9.50
1747828851, 0, 390, 1160, 1158, 29, 7.47%, 0, 0, 3, 9.58
1747828877, 0, 391, 1160, 1158, 29, 7.47%, 0, 0, 3, 9.49
1747828892, 0, 392, 1160, 1158, 29, 7.47%, 0, 0, 3, 9.42
1747828902, 0, 393, 1160, 1158, 29, 7.47%, 0, 0, 3, 9.05
1747828918, 0, 394, 1160, 1158, 29, 7.47%, 0, 0, 3, 9.64
1747828933, 0, 395, 1160, 1158, 29, 7.47%, 0, 0, 3, 9.51
1747828943, 0, 396, 1160, 1158, 29, 7.47%, 0, 0, 3, 9.46
1747828958, 0, 397, 1160, 1158, 29, 7.47%, 0, 0, 3, 9.43
1747828974, 0, 398, 1160, 1158, 29, 7.47%, 0, 0, 3, 9.47
1747828984, 0, 399, 1160, 1158, 29, 7.47%, 0, 0, 3, 10.51
1747828989, 0, 399, 1161, 1159, 29, 7.47%, 0, 0, 3, 9.69
1747829015, 0, 401, 1161, 1159, 29, 7.47%, 0, 0, 3, 10.00
1747829025, 0, 403, 1161, 1159, 29, 7.47%, 0, 0, 3, 9.45
1747829041, 0, 404, 1161, 1159, 29, 7.47%, 0, 0, 3, 10.61
1747829051, 0, 405, 1161, 1159, 29, 7.47%, 0, 0, 3, 11.15
1747829061, 0, 406, 1161, 1159, 29, 7.47%, 0, 0, 3, 10.66
1747829071, 0, 406, 1162, 1160, 29, 7.47%, 0, 0, 3, 9.18
1747829092, 0, 407, 1162, 1160, 29, 7.47%, 0, 0, 3, 10.99
1747829102, 0, 408, 1162, 1160, 29, 7.47%, 0, 0, 3, 10.65
1747829112, 0, 409, 1162, 1160, 29, 7.47%, 0, 0, 3, 10.30
1747829128, 0, 412, 1162, 1160, 29, 7.47%, 0, 0, 3, 11.24
1747829138, 0, 413, 1162, 1160, 29, 7.47%, 0, 0, 3, 9.67
1747829154, 0, 414, 1162, 1160, 29, 7.47%, 0, 0, 3, 10.49
1747829164, 0, 415, 1162, 1160, 29, 7.47%, 0, 0, 3, 9.75
1747829179, 0, 416, 1162, 1160, 29, 7.47%, 0, 0, 3, 8.82
1747829189, 0, 417, 1162, 1160, 29, 7.47%, 0, 0, 3, 9.77
1747829205, 0, 418, 1162, 1160, 29, 7.47%, 0, 0, 3, 11.09
1747829215, 0, 419, 1162, 1160, 29, 7.47%, 0, 0, 3, 10.35
1747829226, 0, 420, 1162, 1160, 29, 7.47%, 0, 0, 3, 9.72
1747829241, 0, 421, 1162, 1160, 29, 7.47%, 0, 0, 3, 10.72
1747829251, 0, 422, 1162, 1160, 29, 7.47%, 0, 0, 3, 10.20
1747829266, 0, 423, 1162, 1160, 29, 7.47%, 0, 0, 3, 10.10
1747829282, 0, 424, 1162, 1160, 29, 7.47%, 0, 0, 3, 9.57
1747829292, 0, 425, 1162, 1160, 29, 7.47%, 0, 0, 3, 9.34
1747829307, 0, 426, 1162, 1160, 29, 7.47%, 0, 0, 3, 10.59
1747829317, 0, 428, 1162, 1160, 29, 7.47%, 0, 0, 3, 10.41
1747829333, 0, 429, 1162, 1160, 29, 7.47%, 0, 0, 3, 9.32
1747829343, 0, 429, 1163, 1161, 29, 7.47%, 0, 0, 3, 8.18
1747829353, 0, 429, 1164, 1162, 29, 7.47%, 0, 0, 3, 8.53
1747829359, 0, 429, 1165, 1163, 29, 7.47%, 0, 0, 3, 8.03
1747829410, 0, 429, 1166, 1164, 29, 7.47%, 0, 0, 3, 8.89
1747829415, 0, 429, 1167, 1165, 29, 7.47%, 0, 0, 3, 8.92
1747829425, 0, 429, 1168, 1166, 29, 7.47%, 0, 0, 3, 8.66
1747829446, 0, 429, 1169, 1167, 29, 7.47%, 0, 0, 3, 8.62
1747829508, 0, 429, 1170, 1168, 29, 7.47%, 0, 0, 3, 9.06
1747829549, 0, 429, 1171, 1169, 29, 7.47%, 0, 0, 3, 8.37
1747829795, 0, 429, 1172, 1170, 29, 7.47%, 0, 0, 3, 9.03
1747829800, 0, 430, 1172, 1170, 29, 7.47%, 0, 0, 3, 10.43
1747829811, 0, 431, 1172, 1170, 29, 7.47%, 0, 0, 3, 10.56
1747829826, 0, 432, 1172, 1170, 29, 7.47%, 0, 0, 3, 9.26
1747829836, 0, 433, 1172, 1170, 29, 7.47%, 0, 0, 3, 9.46
1747829852, 0, 434, 1172, 1170, 29, 7.47%, 0, 0, 3, 10.58
1747829862, 0, 435, 1172, 1170, 29, 7.47%, 0, 0, 3, 10.45
1747829877, 0, 437, 1172, 1170, 29, 7.47%, 0, 0, 3, 8.60
1747829883, 0, 437, 1173, 1171, 29, 7.47%, 0, 0, 3, 8.54
1747829893, 0, 437, 1174, 1172, 29, 7.47%, 0, 0, 3, 8.81
1747829923, 0, 437, 1175, 1173, 29, 7.47%, 0, 0, 3, 8.37
1747829944, 0, 437, 1176, 1174, 29, 7.47%, 0, 0, 3, 8.43
1747829959, 0, 437, 1177, 1175, 29, 7.47%, 0, 0, 3, 8.47
1747829964, 0, 437, 1178, 1176, 29, 7.47%, 0, 0, 3, 8.60
1747830093, 0, 437, 1179, 1177, 29, 7.47%, 0, 0, 3, 8.67
1747830175, 0, 437, 1180, 1178, 29, 7.48%, 0, 0, 3, 8.83
1747830180, 0, 437, 1181, 1179, 29, 7.48%, 0, 0, 3, 7.96
1747830297, 0, 437, 1183, 1181, 29, 7.48%, 0, 0, 3, 8.75
1747830302, 0, 437, 1184, 1182, 29, 7.48%, 0, 0, 3, 9.19
1747830359, 0, 438, 1184, 1182, 28, 7.48%, 0, 0, 3, 9.06
1747830374, 0, 439, 1184, 1182, 28, 7.48%, 0, 0, 3, 11.31
1747830385, 0, 441, 1184, 1182, 28, 7.48%, 0, 0, 3, 9.75
1747830400, 0, 443, 1184, 1182, 28, 7.48%, 0, 0, 3, 9.69
1747830410, 0, 444, 1185, 1183, 28, 7.48%, 0, 0, 3, 9.45
1747830441, 0, 445, 1185, 1183, 28, 7.48%, 0, 0, 3, 8.71
1747830456, 0, 446, 1185, 1183, 28, 7.48%, 0, 0, 3, 9.38
1747830466, 0, 447, 1185, 1183, 28, 7.48%, 0, 0, 3, 10.41
1747830477, 0, 448, 1185, 1183, 28, 7.48%, 0, 0, 3, 10.90
1747830492, 0, 450, 1185, 1183, 28, 7.48%, 0, 0, 3, 9.03
1747830508, 0, 451, 1187, 1185, 28, 7.49%, 0, 0, 3, 8.45
1747830564, 0, 451, 1188, 1186, 28, 7.49%, 0, 0, 3, 9.23
1747830569, 0, 451, 1189, 1187, 28, 7.49%, 0, 0, 3, 8.89
1747830657, 0, 451, 1190, 1188, 28, 7.49%, 0, 0, 3, 9.11
1747830734, 0, 451, 1191, 1189, 28, 7.49%, 0, 0, 3, 8.92
1747830831, 0, 451, 1192, 1190, 28, 7.49%, 0, 0, 3, 8.80
1747830872, 0, 451, 1193, 1191, 28, 7.49%, 0, 0, 3, 9.05
1747830975, 0, 452, 1193, 1191, 28, 7.49%, 0, 0, 3, 8.89
1747830985, 0, 453, 1193, 1191, 28, 7.49%, 0, 0, 3, 9.18
1747831001, 0, 455, 1193, 1191, 28, 7.49%, 0, 0, 3, 9.56
1747831016, 0, 456, 1193, 1191, 28, 7.49%, 0, 0, 3, 10.04
1747831031, 0, 457, 1193, 1191, 28, 7.49%, 0, 0, 3, 11.16
1747831041, 0, 458, 1193, 1191, 28, 7.49%, 0, 0, 3, 10.59
1747831052, 0, 459, 1193, 1191, 28, 7.49%, 0, 0, 3, 9.46
1747831067, 0, 460, 1193, 1191, 28, 7.49%, 0, 0, 3, 8.82
1747831082, 0, 461, 1193, 1191, 28, 7.49%, 0, 0, 3, 10.59
1747831088, 0, 461, 1194, 1192, 28, 7.49%, 0, 0, 3, 11.77
1747831103, 0, 462, 1194, 1192, 28, 7.49%, 0, 0, 3, 10.83
1747831118, 0, 465, 1194, 1192, 28, 7.49%, 0, 0, 3, 8.92
1747831134, 0, 466, 1194, 1192, 28, 7.49%, 0, 0, 3, 9.65
1747831144, 0, 467, 1194, 1192, 28, 7.49%, 0, 0, 3, 10.19
1747831160, 0, 468, 1194, 1192, 28, 7.49%, 0, 0, 3, 9.55
1747831175, 0, 470, 1194, 1192, 28, 7.49%, 0, 0, 3, 8.92
1747831185, 0, 471, 1194, 1192, 28, 7.49%, 0, 0, 3, 9.52
1747831200, 0, 472, 1194, 1192, 28, 7.49%, 0, 0, 3, 9.95
1747831211, 0, 473, 1194, 1192, 28, 7.49%, 0, 0, 3, 9.48
1747831226, 0, 474, 1194, 1192, 28, 7.49%, 0, 0, 3, 10.07
1747831236, 0, 475, 1194, 1192, 28, 7.49%, 0, 0, 3, 9.70
1747831251, 0, 476, 1194, 1192, 28, 7.49%, 0, 0, 3, 11.22
1747831262, 0, 477, 1194, 1192, 28, 7.49%, 0, 0, 3, 9.62
1747831277, 0, 478, 1194, 1192, 28, 7.49%, 0, 0, 3, 10.74
1747831287, 0, 479, 1194, 1192, 28, 7.49%, 0, 0, 3, 10.53
1747831298, 0, 480, 1194, 1192, 28, 7.49%, 0, 0, 3, 10.20
1747831308, 0, 481, 1194, 1192, 28, 7.49%, 0, 0, 3, 11.66
1747831323, 0, 482, 1194, 1192, 28, 7.49%, 0, 0, 3, 8.90
1747831339, 0, 483, 1194, 1192, 28, 7.49%, 0, 0, 3, 9.43
1747831344, 0, 483, 1195, 1193, 28, 7.49%, 0, 0, 3, 8.47
1747831370, 0, 485, 1195, 1193, 28, 7.49%, 0, 0, 3, 9.24
1747831380, 0, 487, 1195, 1193, 28, 7.49%, 0, 0, 3, 9.76
1747831395, 0, 488, 1195, 1193, 28, 7.49%, 0, 0, 3, 9.82
1747831411, 0, 490, 1195, 1193, 28, 7.49%, 0, 0, 3, 10.65
1747831421, 0, 491, 1195, 1193, 28, 7.49%, 0, 0, 3, 9.68
1747831431, 0, 492, 1195, 1193, 28, 7.49%, 0, 0, 3, 9.74
1747831447, 0, 493, 1195, 1193, 28, 7.49%, 0, 0, 3, 10.83
1747831457, 0, 495, 1195, 1193, 28, 7.49%, 0, 0, 3, 10.20
1747831472, 0, 496, 1195, 1193, 28, 7.49%, 0, 0, 3, 9.32
1747831488, 0, 497, 1195, 1193, 28, 7.49%, 0, 0, 3, 8.46
1747831498, 0, 498, 1195, 1193, 28, 7.49%, 0, 0, 3, 9.22
1747831514, 0, 499, 1195, 1193, 28, 7.49%, 0, 0, 3, 9.04
1747831529, 0, 501, 1195, 1193, 28, 7.49%, 0, 0, 3, 10.08
1747831539, 0, 502, 1195, 1193, 28, 7.49%, 0, 0, 3, 10.23
1747831555, 0, 505, 1195, 1193, 28, 7.49%, 0, 0, 3, 8.98
1747831570, 0, 508, 1195, 1193, 28, 7.49%, 0, 0, 3, 10.61
1747831580, 0, 509, 1195, 1193, 28, 7.49%, 0, 0, 3, 10.32
1747831596, 0, 510, 1195, 1193, 28, 7.49%, 0, 0, 3, 11.24
1747831606, 0, 511, 1195, 1193, 28, 7.49%, 0, 0, 3, 10.00
1747831611, 0, 511, 1196, 1194, 28, 7.49%, 0, 0, 3, 8.86
1747831621, 0, 511, 1197, 1195, 28, 7.49%, 0, 0, 3, 8.90
1747831662, 0, 512, 1197, 1195, 28, 7.49%, 0, 0, 3, 9.32
1747831678, 0, 513, 1197, 1195, 28, 7.49%, 0, 0, 3, 9.25
1747831688, 0, 514, 1197, 1195, 28, 7.49%, 0, 0, 3, 11.50
1747831703, 0, 515, 1197, 1195, 28, 7.49%, 0, 0, 3, 9.06
1747831719, 0, 516, 1197, 1195, 28, 7.49%, 0, 0, 3, 9.46
1747831734, 0, 517, 1197, 1195, 28, 7.49%, 0, 0, 3, 9.53
1747831744, 0, 519, 1197, 1195, 28, 7.49%, 0, 0, 3, 9.47
1747831760, 0, 520, 1197, 1195, 28, 7.49%, 0, 0, 3, 8.81
1747831775, 0, 521, 1197, 1195, 28, 7.49%, 0, 0, 3, 8.76
1747831791, 0, 522, 1197, 1195, 28, 7.49%, 0, 0, 3, 10.95
1747831801, 0, 524, 1197, 1195, 28, 7.49%, 0, 0, 3, 9.92
1747831811, 0, 526, 1197, 1195, 28, 7.49%, 0, 0, 3, 9.59
1747831827, 0, 528, 1197, 1195, 28, 7.49%, 0, 0, 3, 9.09
1747831837, 0, 528, 1198, 1196, 28, 7.49%, 0, 0, 3, 8.50
1747831858, 0, 529, 1198, 1196, 28, 7.49%, 0, 0, 3, 8.56
1747831873, 0, 531, 1198, 1196, 28, 7.49%, 0, 0, 3, 9.22
1747831889, 0, 532, 1198, 1196, 28, 7.49%, 0, 0, 3, 8.19
1747831894, 0, 532, 1199, 1197, 28, 7.49%, 0, 0, 3, 8.88
1747831914, 0, 532, 1200, 1198, 28, 7.49%, 0, 0, 3, 8.96
1747831945, 0, 533, 1200, 1198, 28, 7.49%, 0, 0, 3, 10.41
1747831956, 0, 534, 1200, 1198, 28, 7.49%, 0, 0, 3, 10.41
1747831971, 0, 535, 1200, 1198, 28, 7.49%, 0, 0, 3, 8.52
1747831986, 0, 536, 1200, 1198, 28, 7.49%, 0, 0, 3, 10.47
1747831997, 0, 537, 1200, 1198, 28, 7.49%, 0, 0, 3, 10.49
1747832012, 0, 538, 1200, 1198, 28, 7.49%, 0, 0, 3, 9.48
1747832027, 0, 539, 1200, 1198, 28, 7.49%, 0, 0, 3, 9.50
1747832038, 0, 540, 1200, 1198, 28, 7.49%, 0, 0, 3, 8.89
1747832053, 0, 541, 1200, 1198, 28, 7.49%, 0, 0, 3, 8.85
1747832068, 0, 542, 1200, 1198, 28, 7.49%, 0, 0, 3, 8.81
1747832084, 0, 543, 1200, 1198, 28, 7.49%, 0, 0, 3, 9.90
1747832094, 0, 544, 1200, 1198, 28, 7.49%, 0, 0, 3, 9.80
1747832110, 0, 545, 1200, 1198, 28, 7.49%, 0, 0, 3, 10.12
1747832120, 0, 546, 1200, 1198, 28, 7.49%, 0, 0, 3, 10.53
1747832130, 0, 547, 1200, 1198, 28, 7.49%, 0, 0, 3, 11.66
1747832140, 0, 549, 1200, 1198, 28, 7.49%, 0, 0, 3, 11.86
1747832155, 0, 550, 1200, 1198, 28, 7.49%, 0, 0, 3, 8.78
1747832171, 0, 551, 1200, 1198, 28, 7.49%, 0, 0, 3, 9.36
1747832186, 0, 552, 1201, 1199, 28, 7.49%, 0, 0, 3, 9.23
1747832207, 0, 552, 1202, 1200, 28, 7.49%, 0, 0, 3, 8.12
1747832243, 0, 553, 1202, 1200, 28, 7.49%, 0, 0, 3, 8.69
1747832258, 0, 555, 1202, 1200, 28, 7.49%, 0, 0, 3, 9.81
1747832269, 0, 556, 1202, 1200, 28, 7.49%, 0, 0, 3, 11.04
1747832289, 0, 557, 1202, 1200, 28, 7.49%, 0, 0, 3, 9.30
1747832299, 0, 558, 1202, 1200, 28, 7.49%, 0, 0, 3, 8.64
1747832315, 0, 560, 1202, 1200, 28, 7.49%, 0, 0, 3, 10.07
1747832325, 0, 562, 1202, 1200, 28, 7.49%, 0, 0, 3, 11.09
1747832340, 0, 563, 1202, 1200, 28, 7.49%, 0, 0, 3, 10.14
1747832350, 0, 564, 1202, 1200, 28, 7.49%, 0, 0, 3, 11.45
1747832361, 0, 566, 1202, 1200, 28, 7.49%, 0, 0, 3, 11.28
1747832376, 0, 567, 1202, 1200, 28, 7.49%, 0, 0, 3, 9.73
1747832391, 0, 568, 1202, 1200, 28, 7.49%, 0, 0, 3, 8.51
1747832407, 0, 574, 1202, 1200, 28, 7.49%, 0, 0, 3, 9.04
1747832422, 0, 577, 1202, 1200, 28, 7.49%, 0, 0, 3, 8.70
1747832433, 0, 579, 1202, 1200, 28, 7.49%, 0, 0, 3, 9.12
1747832448, 0, 580, 1202, 1200, 28, 7.49%, 0, 0, 3, 11.71
1747832458, 0, 581, 1202, 1200, 28, 7.49%, 0, 0, 3, 9.53
1747832474, 0, 582, 1202, 1200, 28, 7.49%, 0, 0, 3, 8.36
1747832484, 0, 583, 1202, 1200, 28, 7.49%, 0, 0, 3, 9.17
1747832500, 0, 584, 1202, 1200, 28, 7.49%, 0, 0, 3, 9.24
1747832515, 0, 585, 1202, 1200, 28, 7.49%, 0, 0, 3, 9.50
1747832526, 0, 586, 1202, 1200, 28, 7.49%, 0, 0, 3, 10.26
1747832536, 0, 586, 1203, 1201, 28, 7.49%, 0, 0, 3, 8.75
1747832556, 0, 589, 1203, 1201, 28, 7.49%, 0, 0, 3, 9.15
1747832572, 0, 590, 1203, 1201, 28, 7.49%, 0, 0, 3, 10.90
1747832582, 0, 591, 1203, 1201, 28, 7.49%, 0, 0, 3, 11.35
1747832592, 0, 592, 1203, 1201, 28, 7.49%, 0, 0, 3, 9.84
1747832608, 0, 593, 1203, 1201, 28, 7.49%, 0, 0, 3, 8.77
1747832623, 0, 594, 1203, 1201, 28, 7.49%, 0, 0, 3, 10.69
1747832634, 0, 595, 1203, 1201, 28, 7.49%, 0, 0, 3, 12.08
1747832644, 0, 596, 1203, 1201, 28, 7.49%, 0, 0, 3, 10.65
1747832659, 0, 597, 1203, 1201, 28, 7.49%, 0, 0, 3, 9.16
1747832675, 0, 598, 1203, 1201, 28, 7.49%, 0, 0, 3, 11.08
1747832685, 0, 599, 1203, 1201, 28, 7.49%, 0, 0, 3, 9.84
1747832696, 0, 600, 1203, 1201, 28, 7.49%, 0, 0, 3, 9.02
1747832711, 0, 601, 1203, 1201, 28, 7.49%, 0, 0, 3, 9.39
1747832726, 0, 602, 1203, 1201, 28, 7.49%, 0, 0, 3, 8.93
1747832742, 0, 602, 1204, 1202, 28, 7.49%, 0, 0, 3, 8.11
1747832757, 0, 603, 1204, 1202, 28, 7.49%, 0, 0, 3, 8.56
1747832773, 0, 604, 1204, 1202, 28, 7.49%, 0, 0, 3, 9.10
1747832788, 0, 605, 1204, 1202, 28, 7.49%, 0, 0, 3, 8.73
1747832803, 0, 606, 1204, 1202, 28, 7.49%, 0, 0, 3, 9.51
1747832814, 0, 607, 1204, 1202, 28, 7.49%, 0, 0, 3, 9.18
1747832829, 0, 609, 1204, 1202, 28, 7.49%, 0, 0, 3, 9.54
1747832845, 0, 610, 1204, 1202, 28, 7.49%, 0, 0, 3, 10.57
1747832855, 0, 611, 1204, 1202, 28, 7.49%, 0, 0, 3, 9.89
1747832870, 0, 612, 1204, 1202, 28, 7.49%, 0, 0, 3, 9.96
1747832880, 0, 613, 1204, 1202, 28, 7.49%, 0, 0, 3, 13.68
1747834699, 0, 615, 1204, 1201, 27, 7.49%, 0, 0, 3, 11.85
1747834715, 0, 616, 1204, 1201, 27, 7.49%, 0, 0, 3, 10.29
1747834725, 0, 616, 1205, 1202, 27, 7.49%, 0, 0, 3, 11.72
1747834735, 0, 617, 1205, 1202, 27, 7.49%, 0, 0, 3, 11.30
1747834745, 0, 618, 1205, 1202, 27, 7.49%, 0, 0, 3, 11.42
1747834761, 0, 619, 1205, 1202, 27, 7.49%, 0, 0, 3, 8.68
1747834776, 0, 620, 1205, 1202, 27, 7.49%, 0, 0, 3, 8.54
1747834792, 0, 621, 1205, 1202, 27, 7.49%, 0, 0, 3, 9.31
1747834802, 0, 622, 1205, 1202, 27, 7.49%, 0, 0, 3, 9.95
1747834817, 0, 623, 1205, 1202, 27, 7.49%, 0, 0, 3, 11.15
1747834828, 0, 624, 1205, 1202, 27, 7.49%, 0, 0, 3, 10.27
1747834838, 0, 625, 1205, 1202, 27, 7.49%, 0, 0, 3, 9.90
1747834853, 0, 626, 1205, 1202, 27, 7.49%, 0, 0, 3, 9.05
1747834869, 0, 627, 1205, 1202, 27, 7.49%, 0, 0, 3, 10.38
1747834879, 0, 628, 1205, 1202, 27, 7.49%, 0, 0, 3, 10.65
1747834894, 0, 630, 1205, 1202, 27, 7.49%, 0, 0, 3, 8.80
1747834910, 0, 631, 1205, 1202, 27, 7.49%, 0, 0, 3, 9.40
1747834920, 0, 632, 1205, 1202, 27, 7.49%, 0, 0, 3, 10.09
1747834935, 0, 633, 1205, 1202, 27, 7.49%, 0, 0, 3, 10.16
1747834945, 0, 634, 1205, 1202, 27, 7.49%, 0, 0, 3, 9.50
1747834961, 0, 635, 1205, 1202, 27, 7.49%, 0, 0, 3, 8.38
1747834976, 0, 636, 1205, 1202, 27, 7.49%, 0, 0, 3, 8.99
1747834987, 0, 637, 1205, 1202, 27, 7.49%, 0, 0, 3, 9.90
1747835002, 0, 638, 1205, 1202, 27, 7.49%, 0, 0, 3, 9.17
1747835018, 0, 640, 1205, 1202, 27, 7.49%, 0, 0, 3, 9.22
1747835028, 0, 642, 1205, 1202, 27, 7.49%, 0, 0, 3, 9.57
1747835044, 0, 643, 1205, 1202, 27, 7.49%, 0, 0, 3, 9.59
1747835054, 0, 644, 1205, 1202, 27, 7.49%, 0, 0, 3, 9.72
1747835069, 0, 645, 1205, 1202, 27, 7.49%, 0, 0, 3, 9.22
1747835085, 0, 646, 1205, 1202, 27, 7.49%, 0, 0, 3, 8.41
1747835100, 0, 647, 1205, 1202, 27, 7.49%, 0, 0, 3, 8.90
1747835110, 0, 649, 1205, 1202, 27, 7.49%, 0, 0, 3, 10.10
1747835120, 0, 650, 1205, 1202, 27, 7.49%, 0, 0, 3, 11.66
1747835136, 0, 651, 1205, 1202, 27, 7.49%, 0, 0, 3, 8.15
1747835151, 0, 652, 1205, 1202, 27, 7.49%, 0, 0, 3, 8.87
1747835166, 0, 653, 1205, 1202, 27, 7.49%, 0, 0, 3, 9.37
1747835177, 0, 654, 1205, 1202, 27, 7.49%, 0, 0, 3, 8.95
1747835192, 0, 655, 1205, 1202, 27, 7.49%, 0, 0, 3, 9.23
1747835202, 0, 655, 1206, 1203, 27, 7.51%, 0, 0, 3, 8.69
1747835212, 0, 655, 1207, 1204, 27, 7.51%, 0, 0, 3, 8.29
1747835254, 0, 656, 1207, 1204, 24, 7.51%, 0, 0, 3, 8.99
1747835269, 0, 658, 1207, 1204, 24, 7.51%, 0, 0, 3, 10.64
1747835279, 0, 659, 1207, 1204, 24, 7.51%, 0, 0, 3, 10.53
1747835295, 0, 660, 1207, 1204, 24, 7.51%, 0, 0, 3, 9.47
1747835305, 0, 662, 1207, 1204, 24, 7.51%, 0, 0, 3, 9.92
1747835320, 0, 665, 1207, 1204, 24, 7.51%, 0, 0, 3, 9.40
1747835331, 0, 666, 1207, 1204, 24, 7.51%, 0, 0, 3, 9.51
1747835346, 0, 668, 1207, 1204, 24, 7.51%, 0, 0, 3, 9.85
1747835356, 0, 669, 1207, 1204, 24, 7.51%, 0, 0, 3, 11.38
1747835371, 0, 670, 1207, 1204, 24, 7.51%, 0, 0, 3, 9.72
1747835387, 0, 671, 1207, 1204, 24, 7.51%, 0, 0, 3, 9.47
1747835397, 0, 672, 1207, 1204, 24, 7.51%, 0, 0, 3, 10.00
1747835413, 0, 673, 1207, 1204, 24, 7.51%, 0, 0, 3, 9.39
1747835428, 0, 674, 1207, 1204, 24, 7.51%, 0, 0, 3, 8.68
1747835439, 0, 675, 1207, 1204, 24, 7.51%, 0, 0, 3, 8.76
1747835454, 0, 676, 1207, 1204, 24, 7.51%, 0, 0, 3, 9.88
1747835469, 0, 677, 1207, 1204, 24, 7.51%, 0, 0, 3, 9.66
1747835479, 0, 678, 1207, 1204, 24, 7.51%, 0, 0, 3, 9.60
1747835495, 0, 679, 1207, 1204, 24, 7.51%, 0, 0, 3, 10.03
1747835505, 0, 680, 1207, 1204, 24, 7.51%, 0, 0, 3, 11.42
1747835520, 0, 681, 1207, 1204, 24, 7.51%, 0, 0, 3, 10.56
1747835531, 0, 682, 1207, 1204, 24, 7.51%, 0, 0, 3, 9.69
1747835546, 0, 685, 1207, 1204, 24, 7.51%, 0, 0, 3, 8.96
1747835556, 0, 686, 1207, 1204, 24, 7.51%, 0, 0, 3, 9.27
1747835572, 0, 687, 1207, 1204, 24, 7.51%, 0, 0, 3, 9.21
1747835587, 0, 688, 1207, 1204, 24, 7.51%, 0, 0, 3, 8.59
1747835598, 0, 688, 1208, 1205, 24, 7.51%, 0, 0, 3, 8.76
1747835613, 0, 688, 1209, 1206, 24, 7.51%, 0, 0, 3, 8.27
1747835644, 0, 689, 1209, 1206, 25, 7.51%, 0, 0, 3, 9.25
1747835659, 0, 690, 1209, 1206, 25, 7.51%, 0, 0, 3, 8.47
1747835675, 0, 691, 1209, 1206, 25, 7.51%, 0, 0, 3, 8.87
1747835690, 0, 692, 1209, 1206, 25, 7.51%, 0, 0, 3, 12.99
1747837288, 0, 693, 1209, 1205, 24, 7.51%, 0, 0, 3, 16.00
1747837304, 0, 694, 1209, 1205, 24, 7.51%, 0, 0, 3, 8.73
1747837319, 0, 695, 1209, 1205, 24, 7.51%, 0, 0, 3, 8.85
1747837334, 0, 697, 1209, 1205, 24, 7.51%, 0, 0, 3, 9.22
1747837350, 0, 698, 1209, 1205, 24, 7.51%, 0, 0, 3, 9.62
1747837360, 0, 699, 1209, 1205, 24, 7.51%, 0, 0, 3, 9.65
1747837375, 0, 700, 1209, 1205, 24, 7.51%, 0, 0, 3, 10.92
1747837386, 0, 701, 1209, 1205, 24, 7.51%, 0, 0, 3, 10.62
1747837401, 0, 702, 1209, 1205, 24, 7.51%, 0, 0, 3, 11.18
1747837412, 0, 704, 1209, 1205, 24, 7.51%, 0, 0, 3, 9.79
1747837427, 0, 705, 1209, 1205, 24, 7.51%, 0, 0, 3, 9.47
1747837437, 0, 707, 1209, 1205, 24, 7.51%, 0, 0, 3, 9.67
1747837453, 0, 709, 1209, 1205, 24, 7.51%, 0, 0, 3, 8.54
1747837468, 0, 710, 1209, 1205, 24, 7.51%, 0, 0, 3, 9.66
1747837479, 0, 711, 1209, 1205, 24, 7.51%, 0, 0, 3, 10.94
1747837494, 0, 712, 1209, 1205, 24, 7.51%, 0, 0, 3, 7.79
1747837509, 0, 713, 1209, 1205, 24, 7.51%, 0, 0, 3, 8.78
1747837525, 0, 714, 1209, 1205, 24, 7.51%, 0, 0, 3, 9.51
1747837535, 0, 715, 1209, 1205, 24, 7.51%, 0, 0, 3, 10.59
1747837551, 0, 716, 1209, 1205, 24, 7.51%, 0, 0, 3, 8.58
1747837567, 0, 717, 1209, 1205, 24, 7.51%, 0, 0, 3, 8.74
1747837582, 0, 718, 1209, 1205, 24, 7.51%, 0, 0, 3, 9.12
1747837592, 0, 719, 1209, 1205, 24, 7.51%, 0, 0, 3, 8.78
1747837608, 0, 721, 1210, 1206, 24, 7.51%, 0, 0, 3, 8.57
1747837618, 0, 721, 1211, 1207, 24, 7.51%, 0, 0, 3, 8.63
1747837674, 0, 722, 1211, 1207, 24, 7.51%, 0, 0, 3, 8.82
1747837685, 0, 724, 1211, 1207, 24, 7.51%, 0, 0, 3, 9.27
1747837700, 0, 725, 1211, 1207, 24, 7.51%, 0, 0, 3, 8.93
1747837716, 0, 726, 1211, 1207, 24, 7.51%, 0, 0, 3, 9.70
1747837731, 0, 727, 1211, 1207, 24, 7.51%, 0, 0, 3, 9.91
1747837741, 0, 728, 1211, 1207, 24, 7.51%, 0, 0, 3, 9.27
1747837757, 0, 730, 1211, 1207, 24, 7.51%, 0, 0, 3, 9.26
1747837772, 0, 731, 1211, 1207, 24, 7.51%, 0, 0, 3, 9.09
1747837783, 0, 732, 1211, 1207, 24, 7.51%, 0, 0, 3, 8.88
1747837798, 0, 733, 1211, 1207, 24, 7.51%, 0, 0, 3, 10.69
1747837808, 0, 735, 1211, 1207, 24, 7.51%, 0, 0, 3, 10.21
1747837824, 0, 736, 1211, 1207, 24, 7.51%, 0, 0, 3, 8.79
1747837839, 0, 737, 1211, 1207, 24, 7.51%, 0, 0, 3, 9.24
1747837849, 0, 738, 1211, 1207, 24, 7.51%, 0, 0, 3, 9.58
1747837865, 0, 739, 1211, 1207, 24, 7.51%, 0, 0, 3, 9.72
1747837875, 0, 740, 1211, 1207, 24, 7.51%, 0, 0, 3, 9.36
1747837890, 0, 742, 1211, 1207, 24, 7.51%, 0, 0, 3, 8.73
1747837906, 0, 744, 1211, 1207, 24, 7.51%, 0, 0, 3, 8.35
1747837921, 0, 745, 1211, 1207, 24, 7.51%, 0, 0, 3, 9.23
1747837937, 0, 746, 1211, 1207, 24, 7.51%, 0, 0, 3, 10.80
1747837947, 0, 747, 1211, 1207, 24, 7.51%, 0, 0, 3, 10.29
1747837957, 0, 749, 1211, 1207, 24, 7.51%, 0, 0, 3, 10.01
1747837972, 0, 751, 1211, 1207, 24, 7.51%, 0, 0, 3, 8.41
1747837988, 0, 752, 1211, 1207, 24, 7.51%, 0, 0, 3, 9.28
1747837998, 0, 753, 1211, 1207, 24, 7.51%, 0, 0, 3, 11.68
1747838013, 0, 754, 1211, 1207, 24, 7.51%, 0, 0, 3, 9.71
1747838029, 0, 755, 1211, 1207, 24, 7.51%, 0, 0, 3, 9.46
1747838039, 0, 756, 1211, 1207, 24, 7.51%, 0, 0, 3, 10.54
1747838054, 0, 757, 1211, 1207, 24, 7.51%, 0, 0, 3, 10.43
1747838065, 0, 758, 1211, 1207, 24, 7.51%, 0, 0, 3, 10.55
1747838080, 0, 759, 1211, 1207, 24, 7.51%, 0, 0, 3, 9.96
1747838090, 0, 761, 1211, 1207, 24, 7.51%, 0, 0, 3, 11.01
1747838106, 0, 762, 1211, 1207, 24, 7.51%, 0, 0, 3, 9.19
1747838121, 0, 763, 1211, 1207, 24, 7.51%, 0, 0, 3, 10.67
1747838131, 0, 765, 1211, 1207, 24, 7.51%, 0, 0, 3, 9.34
1747838146, 0, 766, 1211, 1207, 24, 7.51%, 0, 0, 3, 9.09
1747838161, 0, 768, 1211, 1207, 24, 7.51%, 0, 0, 3, 9.12
1747838177, 0, 769, 1211, 1207, 24, 7.51%, 0, 0, 3, 9.89
1747838187, 0, 770, 1211, 1207, 24, 7.51%, 0, 0, 3, 9.57
1747838202, 0, 771, 1211, 1207, 24, 7.51%, 0, 0, 3, 9.50
1747838218, 0, 773, 1211, 1207, 24, 7.51%, 0, 0, 3, 9.25
1747838228, 0, 775, 1211, 1207, 24, 7.51%, 0, 0, 3, 10.23
1747838244, 0, 776, 1211, 1207, 24, 7.51%, 0, 0, 3, 9.21
1747838259, 0, 777, 1211, 1207, 24, 7.51%, 0, 0, 3, 8.99
1747838274, 0, 778, 1211, 1207, 24, 7.51%, 0, 0, 3, 8.86
1747838285, 0, 780, 1211, 1207, 24, 7.51%, 0, 0, 3, 10.56
1747838295, 0, 782, 1211, 1207, 24, 7.51%, 0, 0, 3, 11.23
1747838310, 0, 784, 1211, 1207, 24, 7.51%, 0, 0, 3, 8.91
1747838325, 0, 785, 1211, 1207, 24, 7.51%, 0, 0, 3, 8.70
1747838341, 0, 789, 1211, 1207, 24, 7.51%, 0, 0, 3, 8.68
1747838356, 0, 790, 1211, 1207, 24, 7.51%, 0, 0, 3, 10.08
1747838367, 0, 791, 1211, 1207, 24, 7.51%, 0, 0, 3, 10.27
1747838382, 0, 793, 1211, 1207, 24, 7.51%, 0, 0, 3, 11.21
1747838392, 0, 795, 1211, 1207, 24, 7.51%, 0, 0, 3, 10.30
1747838407, 0, 796, 1211, 1207, 24, 7.51%, 0, 0, 3, 9.14
1747838418, 0, 797, 1211, 1207, 24, 7.51%, 0, 0, 3, 8.72
1747838433, 0, 799, 1211, 1207, 24, 7.51%, 0, 0, 3, 8.94
1747838448, 0, 800, 1211, 1207, 24, 7.51%, 0, 0, 3, 8.41
1747838464, 0, 802, 1211, 1207, 24, 7.51%, 0, 0, 3, 9.19
1747838479, 0, 803, 1211, 1207, 24, 7.51%, 0, 0, 3, 9.22
1747838489, 0, 803, 1212, 1208, 24, 7.51%, 0, 0, 3, 8.55
1747838510, 0, 804, 1212, 1208, 24, 7.51%, 0, 0, 3, 9.01
1747838525, 0, 805, 1212, 1208, 24, 7.51%, 0, 0, 3, 8.73
1747838535, 0, 806, 1212, 1208, 24, 7.51%, 0, 0, 3, 8.79
1747838551, 0, 807, 1212, 1208, 24, 7.51%, 0, 0, 3, 8.32
1747838566, 0, 808, 1212, 1208, 24, 7.51%, 0, 0, 3, 9.66
1747838582, 0, 809, 1212, 1208, 24, 7.51%, 0, 0, 3, 9.31
1747838592, 0, 810, 1212, 1208, 24, 7.51%, 0, 0, 3, 10.29
1747838608, 0, 811, 1212, 1208, 24, 7.51%, 0, 0, 3, 9.01
1747838618, 0, 813, 1212, 1208, 24, 7.51%, 0, 0, 3, 8.77
1747838633, 0, 814, 1212, 1208, 24, 7.51%, 0, 0, 3, 8.54
1747838649, 0, 815, 1212, 1208, 24, 7.51%, 0, 0, 3, 8.89
1747838664, 0, 816, 1212, 1208, 24, 7.51%, 0, 0, 3, 8.42
1747838680, 0, 818, 1212, 1208, 24, 7.51%, 0, 0, 3, 8.04
1747838695, 0, 819, 1212, 1208, 24, 7.51%, 0, 0, 3, 8.75
1747838710, 0, 820, 1212, 1208, 24, 7.51%, 0, 0, 3, 9.03
1747838726, 0, 821, 1212, 1208, 24, 7.51%, 0, 0, 3, 8.75
1747838741, 0, 822, 1212, 1208, 24, 7.51%, 0, 0, 3, 8.90
1747838752, 0, 823, 1212, 1208, 24, 7.51%, 0, 0, 3, 8.51
1747838767, 0, 824, 1212, 1208, 24, 7.51%, 0, 0, 3, 9.74
1747838783, 0, 825, 1212, 1208, 24, 7.51%, 0, 0, 3, 9.61
1747838788, 0, 825, 1213, 1209, 24, 7.52%, 0, 0, 3, 8.19
1747838814, 0, 826, 1213, 1209, 24, 7.52%, 0, 0, 3, 8.01
1747838829, 0, 827, 1213, 1209, 24, 7.52%, 0, 0, 3, 8.81
1747838844, 0, 828, 1213, 1209, 24, 7.52%, 0, 0, 3, 8.23
1747838860, 0, 830, 1213, 1209, 24, 7.52%, 0, 0, 3, 8.14
1747838875, 0, 831, 1213, 1209, 24, 7.52%, 0, 0, 3, 9.02
1747838890, 0, 833, 1213, 1209, 24, 7.52%, 0, 0, 3, 8.73
1747838901, 0, 836, 1213, 1209, 24, 7.52%, 0, 0, 3, 9.56
1747838916, 0, 837, 1213, 1209, 24, 7.52%, 0, 0, 3, 8.90
1747838931, 0, 838, 1213, 1209, 24, 7.52%, 0, 0, 3, 8.29
1747838947, 0, 839, 1213, 1209, 24, 7.52%, 0, 0, 3, 8.46
1747838962, 0, 840, 1213, 1209, 24, 7.52%, 0, 0, 3, 8.94
1747838977, 0, 841, 1213, 1209, 24, 7.52%, 0, 0, 3, 8.52
1747838993, 0, 842, 1213, 1209, 24, 7.52%, 0, 0, 3, 8.91
1747839008, 0, 844, 1213, 1209, 24, 7.52%, 0, 0, 3, 8.78
1747839024, 0, 848, 1213, 1209, 24, 7.52%, 0, 0, 3, 9.16
1747839034, 0, 849, 1213, 1209, 24, 7.52%, 0, 0, 3, 9.15
1747839049, 0, 850, 1213, 1209, 24, 7.52%, 0, 0, 3, 8.79
1747839065, 0, 851, 1213, 1209, 24, 7.52%, 0, 0, 3, 8.27
1747839080, 0, 852, 1213, 1209, 24, 7.52%, 0, 0, 3, 9.46
1747839091, 0, 853, 1213, 1209, 24, 7.52%, 0, 0, 3, 10.54
1747839107, 0, 854, 1213, 1209, 24, 7.52%, 0, 0, 3, 8.71
1747839122, 0, 855, 1213, 1209, 24, 7.52%, 0, 0, 3, 8.31
1747839127, 0, 855, 1214, 1210, 24, 7.52%, 0, 0, 3, 8.99
1747839153, 0, 856, 1214, 1210, 24, 7.52%, 0, 0, 3, 10.30
1747839158, 0, 856, 1215, 1211, 24, 7.52%, 0, 0, 3, 10.92
1747839173, 0, 859, 1215, 1211, 24, 7.52%, 0, 0, 3, 10.95
1747839189, 0, 860, 1215, 1211, 24, 7.52%, 0, 0, 3, 8.85
1747839205, 0, 861, 1215, 1211, 24, 7.52%, 0, 0, 3, 8.76
1747839215, 0, 862, 1215, 1211, 24, 7.52%, 0, 0, 3, 8.82
1747839230, 0, 863, 1216, 1212, 24, 7.52%, 0, 0, 3, 8.43
1747839261, 0, 864, 1216, 1212, 24, 7.52%, 0, 0, 3, 8.51
1747839277, 0, 865, 1216, 1212, 24, 7.52%, 0, 0, 3, 8.76
1747839292, 0, 868, 1216, 1212, 24, 7.52%, 0, 0, 3, 9.19
1747839307, 0, 869, 1216, 1212, 24, 7.52%, 0, 0, 3, 9.40
1747839323, 0, 870, 1216, 1212, 24, 7.52%, 0, 0, 3, 8.73
1747839338, 0, 871, 1216, 1212, 24, 7.52%, 0, 0, 3, 8.67
1747839354, 0, 872, 1216, 1212, 24, 7.52%, 0, 0, 3, 9.06
1747839364, 0, 873, 1216, 1212, 24, 7.52%, 0, 0, 3, 9.63
1747839379, 0, 874, 1216, 1212, 24, 7.52%, 0, 0, 3, 9.43
1747839395, 0, 875, 1216, 1212, 24, 7.52%, 0, 0, 3, 7.90
1747839410, 0, 876, 1216, 1212, 24, 7.52%, 0, 0, 3, 8.92
1747839420, 0, 877, 1216, 1212, 24, 7.52%, 0, 0, 3, 9.15
1747839436, 0, 878, 1216, 1212, 24, 7.52%, 0, 0, 3, 8.77
1747839451, 0, 879, 1216, 1212, 24, 7.52%, 0, 0, 3, 9.01
1747839466, 0, 881, 1216, 1212, 24, 7.52%, 0, 0, 3, 8.60
1747839482, 0, 882, 1216, 1212, 24, 7.52%, 0, 0, 3, 8.85
1747839487, 0, 882, 1217, 1213, 24, 7.52%, 0, 0, 3, 8.23
1747839512, 0, 882, 1218, 1214, 24, 7.52%, 0, 0, 3, 7.98
1747839543, 0, 883, 1218, 1214, 24, 7.52%, 0, 0, 3, 8.60
1747839554, 0, 886, 1218, 1214, 24, 7.52%, 0, 0, 3, 10.04
1747839569, 0, 887, 1218, 1214, 24, 7.52%, 0, 0, 3, 8.84
1747839584, 0, 888, 1218, 1214, 24, 7.52%, 0, 0, 3, 8.51
1747839600, 0, 889, 1218, 1214, 24, 7.52%, 0, 0, 3, 8.43
1747839615, 0, 890, 1218, 1214, 24, 7.52%, 0, 0, 3, 10.36
1747839626, 0, 891, 1218, 1214, 24, 7.52%, 0, 0, 3, 9.44
1747839641, 0, 892, 1218, 1214, 24, 7.52%, 0, 0, 3, 8.93
1747839657, 0, 893, 1218, 1214, 24, 7.52%, 0, 0, 3, 9.16
1747839672, 0, 894, 1218, 1214, 24, 7.52%, 0, 0, 3, 9.08
1747839687, 0, 896, 1218, 1214, 24, 7.52%, 0, 0, 3, 8.53
1747839698, 0, 897, 1218, 1214, 24, 7.52%, 0, 0, 3, 8.69
1747839713, 0, 898, 1218, 1214, 24, 7.52%, 0, 0, 3, 9.45
1747839729, 0, 899, 1218, 1214, 24, 7.52%, 0, 0, 3, 9.10
1747839744, 0, 900, 1218, 1214, 24, 7.52%, 0, 0, 3, 9.49
1747839754, 0, 901, 1218, 1214, 24, 7.52%, 0, 0, 3, 10.87
1747839765, 0, 902, 1218, 1214, 24, 7.52%, 0, 0, 3, 10.55
1747839780, 0, 903, 1218, 1214, 24, 7.52%, 0, 0, 3, 8.96
1747839795, 0, 904, 1218, 1214, 24, 7.52%, 0, 0, 3, 9.28
1747839811, 0, 906, 1218, 1214, 24, 7.52%, 0, 0, 3, 9.64
1747839826, 0, 907, 1218, 1214, 24, 7.52%, 0, 0, 3, 9.26
1747839836, 0, 908, 1218, 1214, 24, 7.52%, 0, 0, 3, 8.89
1747839852, 0, 911, 1218, 1214, 24, 7.52%, 0, 0, 3, 9.75
1747839862, 0, 912, 1218, 1214, 24, 7.52%, 0, 0, 3, 10.85
1747839877, 0, 917, 1218, 1214, 24, 7.52%, 0, 0, 3, 9.55
1747839893, 0, 920, 1218, 1214, 24, 7.52%, 0, 0, 3, 10.75
1747839903, 0, 921, 1218, 1214, 24, 7.52%, 0, 0, 3, 9.92
1747839918, 0, 922, 1218, 1214, 24, 7.52%, 0, 0, 3, 10.29
1747839928, 0, 923, 1218, 1214, 24, 7.52%, 0, 0, 3, 11.26
1747839939, 0, 924, 1218, 1214, 24, 7.52%, 0, 0, 3, 11.13
1747839954, 0, 929, 1218, 1214, 24, 7.52%, 0, 0, 3, 9.51
1747839969, 0, 930, 1218, 1214, 24, 7.52%, 0, 0, 3, 8.52
1747839985, 0, 932, 1218, 1214, 24, 7.52%, 0, 0, 3, 8.38
1747840000, 0, 934, 1218, 1214, 24, 7.52%, 0, 0, 3, 9.31
1747840011, 0, 936, 1218, 1214, 24, 7.52%, 0, 0, 3, 10.78
1747840021, 0, 937, 1218, 1214, 24, 7.52%, 0, 0, 3, 11.07
1747840036, 0, 938, 1218, 1214, 24, 7.52%, 0, 0, 3, 8.61
1747840051, 0, 939, 1218, 1214, 24, 7.52%, 0, 0, 3, 8.92
1747840067, 0, 941, 1218, 1214, 24, 7.52%, 0, 0, 3, 8.96
1747840082, 0, 942, 1218, 1214, 24, 7.52%, 0, 0, 3, 9.22
1747840093, 0, 943, 1218, 1214, 24, 7.52%, 0, 0, 3, 9.83
1747840108, 0, 944, 1218, 1214, 24, 7.52%, 0, 0, 3, 9.99
1747840118, 0, 945, 1218, 1214, 24, 7.52%, 0, 0, 3, 9.88
1747840134, 0, 946, 1218, 1214, 24, 7.52%, 0, 0, 3, 9.03
1747840149, 0, 947, 1218, 1214, 24, 7.52%, 0, 0, 3, 8.75
1747840165, 0, 947, 1219, 1215, 24, 7.52%, 0, 0, 3, 8.47
1747840170, 0, 947, 1220, 1216, 24, 7.52%, 0, 0, 3, 7.94
1747840212, 0, 948, 1222, 1218, 24, 7.53%, 0, 0, 3, 8.13
1747840273, 0, 949, 1222, 1218, 25, 7.53%, 0, 0, 3, 9.10
1747840284, 0, 949, 1223, 1219, 25, 7.53%, 0, 0, 3, 9.67
1747840299, 0, 950, 1223, 1219, 25, 7.53%, 0, 0, 3, 9.51
1747840314, 0, 951, 1223, 1219, 25, 7.53%, 0, 0, 3, 9.20
1747840319, 0, 951, 1224, 1220, 25, 7.53%, 0, 0, 3, 8.65
1747840329, 0, 951, 1225, 1221, 25, 7.53%, 0, 0, 3, 8.76
1747840350, 0, 951, 1226, 1222, 25, 7.53%, 0, 0, 3, 7.70
1747840370, 0, 951, 1227, 1223, 25, 7.53%, 0, 0, 3, 9.22
1747840416, 0, 951, 1228, 1224, 25, 7.53%, 0, 0, 3, 8.79
1747840441, 0, 951, 1229, 1225, 25, 7.53%, 0, 0, 3, 8.62
1747840497, 0, 951, 1230, 1226, 25, 7.53%, 0, 0, 3, 8.76
1747840626, 0, 951, 1231, 1227, 25, 7.53%, 0, 0, 3, 14.35
1747840631, 0, 951, 1232, 1228, 25, 7.53%, 0, 0, 3, 14.43
1747840687, 0, 951, 1233, 1229, 25, 7.53%, 0, 0, 3, 14.10
1747840718, 0, 952, 1233, 1229, 27, 7.53%, 0, 0, 3, 14.28
1747840728, 0, 953, 1233, 1229, 27, 7.53%, 0, 0, 3, 15.45
1747840733, 0, 953, 1234, 1230, 27, 7.53%, 0, 0, 3, 14.60
1747840744, 0, 953, 1235, 1231, 27, 7.53%, 0, 0, 3, 14.73
1747840764, 0, 955, 1235, 1231, 23, 7.53%, 0, 0, 3, 14.00
1747840774, 0, 956, 1235, 1231, 23, 7.53%, 0, 0, 3, 15.06
1747840779, 0, 957, 1235, 1231, 23, 7.53%, 0, 0, 3, 15.44
1747840790, 0, 958, 1235, 1231, 23, 7.53%, 0, 0, 3, 15.44
1747840800, 0, 959, 1235, 1231, 23, 7.53%, 0, 0, 3, 16.36
1747840805, 0, 961, 1235, 1231, 23, 7.53%, 0, 0, 3, 17.01
1747840815, 0, 962, 1235, 1231, 23, 7.53%, 0, 0, 3, 14.86
1747840825, 0, 964, 1235, 1231, 23, 7.53%, 0, 0, 3, 14.82
1747840830, 0, 966, 1235, 1231, 23, 7.53%, 0, 0, 3, 15.26
1747840841, 0, 967, 1235, 1231, 23, 7.53%, 0, 0, 3, 15.38
1747840851, 0, 968, 1235, 1231, 23, 7.53%, 0, 0, 3, 15.77
1747840856, 0, 969, 1235, 1231, 23, 7.53%, 0, 0, 3, 15.90
1747840866, 0, 970, 1235, 1231, 23, 7.53%, 0, 0, 3, 16.27
1747840871, 0, 972, 1235, 1231, 23, 7.53%, 0, 0, 3, 16.11
1747840882, 0, 974, 1235, 1231, 23, 7.53%, 0, 0, 3, 15.75
1747840887, 0, 975, 1235, 1231, 23, 7.53%, 0, 0, 3, 16.19
1747840892, 0, 975, 1236, 1232, 23, 7.53%, 0, 0, 3, 14.91
1747840907, 0, 977, 1236, 1232, 23, 7.53%, 0, 0, 3, 15.02
1747840917, 0, 978, 1236, 1232, 23, 7.53%, 0, 0, 3, 15.44
1747840922, 0, 979, 1236, 1232, 23, 7.53%, 0, 0, 3, 15.37
1747840933, 0, 980, 1237, 1233, 23, 7.53%, 0, 0, 3, 13.38
1747840953, 0, 981, 1237, 1233, 26, 7.53%, 0, 0, 3, 15.05
1747840958, 0, 984, 1237, 1233, 26, 7.53%, 0, 0, 3, 15.80
1747840968, 0, 985, 1237, 1233, 26, 7.53%, 0, 0, 3, 15.70
1747840974, 0, 986, 1237, 1233, 26, 7.53%, 0, 0, 3, 16.21
1747840984, 0, 987, 1237, 1233, 26, 7.53%, 0, 0, 3, 14.80
1747840994, 0, 988, 1237, 1233, 26, 7.53%, 0, 0, 3, 15.17
1747840999, 0, 988, 1238, 1234, 26, 7.53%, 0, 0, 3, 13.88
1747841014, 0, 989, 1238, 1234, 26, 7.53%, 0, 0, 3, 15.31
1747841020, 0, 990, 1238, 1234, 26, 7.53%, 0, 0, 3, 15.09
1747841030, 0, 991, 1238, 1234, 26, 7.53%, 0, 0, 3, 15.47
1747841035, 0, 992, 1238, 1234, 26, 7.53%, 0, 0, 3, 16.07
1747841045, 0, 993, 1238, 1234, 26, 7.53%, 0, 0, 3, 15.30
1747841055, 0, 994, 1238, 1234, 26, 7.53%, 0, 0, 3, 14.00
1747841060, 0, 995, 1238, 1234, 26, 7.53%, 0, 0, 3, 15.16
1747841070, 0, 997, 1238, 1234, 26, 7.53%, 0, 0, 3, 16.13
1747841080, 0, 998, 1238, 1234, 26, 7.53%, 0, 0, 3, 17.89
1747841086, 0, 999, 1238, 1234, 26, 7.53%, 0, 0, 3, 15.64
1747841096, 0, 999, 1239, 1235, 26, 7.53%, 0, 0, 3, 14.05
1747841106, 0, 1000, 1239, 1235, 26, 7.53%, 0, 0, 3, 14.30
1747841111, 0, 1002, 1239, 1235, 26, 7.53%, 0, 0, 3, 14.66
1747841121, 0, 1003, 1239, 1235, 26, 7.53%, 0, 0, 3, 14.09
1747841132, 0, 1004, 1239, 1235, 26, 7.53%, 0, 0, 3, 15.94
1747841137, 0, 1006, 1239, 1235, 26, 7.53%, 0, 0, 3, 15.12
1747841147, 0, 1007, 1239, 1235, 26, 7.53%, 0, 0, 3, 14.84
1747841157, 0, 1008, 1239, 1235, 26, 7.53%, 0, 0, 3, 14.83
1747841162, 0, 1010, 1239, 1235, 26, 7.53%, 0, 0, 3, 14.51
1747841173, 0, 1011, 1239, 1235, 26, 7.53%, 0, 0, 3, 15.92
1747841178, 0, 1011, 1240, 1236, 26, 7.53%, 0, 0, 3, 15.01
1747841193, 0, 1012, 1240, 1236, 26, 7.53%, 0, 0, 3, 16.83
1747841198, 0, 1013, 1240, 1236, 26, 7.53%, 0, 0, 3, 14.97
1747841209, 0, 1014, 1240, 1236, 26, 7.53%, 0, 0, 3, 15.02
1747841214, 0, 1015, 1240, 1236, 26, 7.53%, 0, 0, 3, 14.63
1747841224, 0, 1016, 1240, 1236, 26, 7.53%, 0, 0, 3, 15.71
1747841234, 0, 1017, 1240, 1236, 26, 7.53%, 0, 0, 3, 14.74
1747841240, 0, 1018, 1240, 1236, 26, 7.53%, 0, 0, 3, 13.86
1747841250, 0, 1020, 1240, 1236, 26, 7.53%, 0, 0, 3, 14.05
1747841260, 0, 1022, 1240, 1236, 26, 7.53%, 0, 0, 3, 16.09
1747841265, 0, 1023, 1240, 1236, 26, 7.53%, 0, 0, 3, 15.54
1747841276, 0, 1024, 1240, 1236, 26, 7.53%, 0, 0, 3, 14.20
1747841286, 0, 1025, 1240, 1236, 26, 7.53%, 0, 0, 3, 10.10
1747841306, 0, 1028, 1240, 1236, 26, 7.53%, 0, 0, 3, 8.73
1747841317, 0, 1029, 1240, 1236, 26, 7.53%, 0, 0, 3, 8.42
1747841337, 0, 1030, 1240, 1236, 26, 7.53%, 0, 0, 3, 8.90
1747841347, 0, 1031, 1240, 1236, 26, 7.53%, 0, 0, 3, 9.13
1747841362, 0, 1034, 1240, 1236, 26, 7.53%, 0, 0, 3, 9.78
1747841378, 0, 1037, 1240, 1236, 26, 7.53%, 0, 0, 3, 8.65
1747841393, 0, 1039, 1240, 1236, 26, 7.53%, 0, 0, 3, 8.16
1747841409, 0, 1041, 1240, 1236, 26, 7.53%, 0, 0, 3, 8.89
1747841424, 0, 1044, 1240, 1236, 26, 7.53%, 0, 0, 3, 8.35
1747841440, 0, 1046, 1240, 1236, 26, 7.53%, 0, 0, 3, 8.20
1747841455, 0, 1046, 1241, 1237, 26, 7.53%, 0, 0, 3, 8.12
1747841471, 0, 1048, 1241, 1237, 26, 7.53%, 0, 0, 3, 8.16
1747841486, 0, 1049, 1241, 1237, 26, 7.53%, 0, 0, 3, 9.55
1747841527, 0, 1049, 1242, 1238, 26, 7.53%, 0, 0, 3, 9.85
1747842661, 0, 1049, 1243, 1239, 26, 7.53%, 0, 0, 3, 10.33
1747847489, 0, 1049, 1244, 1240, 26, 7.53%, 0, 0, 3, 9.77
1747847515, 0, 1049, 1245, 1241, 26, 7.53%, 0, 0, 3, 9.89
1747848715, 0, 1049, 1246, 1242, 26, 7.54%, 0, 0, 3, 11.96
1747848965, 0, 1049, 1247, 1243, 26, 7.54%, 0, 0, 3, 10.17
1747849699, 0, 1050, 1247, 1242, 26, 7.54%, 0, 0, 3, 9.91
1747849710, 0, 1052, 1247, 1242, 26, 7.54%, 0, 0, 3, 9.81
1747849725, 0, 1054, 1247, 1242, 26, 7.54%, 0, 0, 3, 10.35
1747849735, 0, 1055, 1247, 1242, 26, 7.54%, 0, 0, 3, 9.26
1747849751, 0, 1056, 1247, 1242, 26, 7.54%, 0, 0, 3, 8.54
1747849766, 0, 1057, 1247, 1242, 26, 7.54%, 0, 0, 3, 8.76
1747849782, 0, 1058, 1247, 1242, 26, 7.54%, 0, 0, 3, 8.97
1747849797, 0, 1060, 1247, 1242, 26, 7.54%, 0, 0, 3, 9.80
1747849807, 0, 1061, 1247, 1242, 26, 7.54%, 0, 0, 3, 9.28
1747849822, 0, 1062, 1247, 1242, 26, 7.54%, 0, 0, 3, 7.91
1747849843, 0, 1063, 1247, 1242, 26, 7.54%, 0, 0, 3, 8.32
1747849853, 0, 1064, 1247, 1242, 26, 7.54%, 0, 0, 3, 8.47
1747849869, 0, 1065, 1247, 1242, 26, 7.54%, 0, 0, 3, 8.61
1747849879, 0, 1065, 1249, 1244, 26, 7.55%, 0, 0, 3, 7.36
1747849915, 0, 1065, 1250, 1245, 26, 7.55%, 0, 0, 3, 8.53
1747850002, 0, 1066, 1250, 1245, 26, 7.55%, 0, 0, 3, 8.50
1747850017, 0, 1067, 1250, 1245, 26, 7.55%, 0, 0, 3, 8.11
1747850033, 0, 1068, 1250, 1245, 26, 7.55%, 0, 0, 3, 8.29
1747850048, 0, 1070, 1250, 1245, 26, 7.55%, 0, 0, 3, 8.25
1747850059, 0, 1070, 1252, 1247, 26, 7.55%, 0, 0, 3, 7.92
1747850094, 0, 1070, 1253, 1248, 26, 7.55%, 0, 0, 3, 7.51
1747850146, 0, 1070, 1254, 1249, 26, 7.55%, 0, 0, 3, 7.63
1747850156, 0, 1070, 1255, 1250, 26, 7.55%, 0, 0, 3, 7.77
1747850382, 0, 1070, 1256, 1251, 26, 7.55%, 0, 0, 3, 7.89
1747850583, 0, 1072, 1256, 1251, 26, 7.55%, 0, 0, 3, 8.95
1747850593, 0, 1074, 1256, 1251, 26, 7.55%, 0, 0, 3, 8.72
1747850608, 0, 1075, 1256, 1251, 26, 7.55%, 0, 0, 3, 8.66
1747850624, 0, 1076, 1256, 1251, 26, 7.55%, 0, 0, 3, 9.23
1747850639, 0, 1077, 1256, 1251, 26, 7.55%, 0, 0, 3, 8.13
1747850655, 0, 1078, 1256, 1251, 26, 7.55%, 0, 0, 3, 7.74
1747850670, 0, 1079, 1256, 1251, 26, 7.55%, 0, 0, 3, 9.16
1747850685, 0, 1080, 1257, 1252, 26, 7.55%, 0, 0, 3, 8.93
1747850716, 0, 1081, 1258, 1253, 27, 7.55%, 0, 0, 3, 8.32
1747850747, 0, 1082, 1258, 1253, 27, 7.55%, 0, 0, 3, 8.53
1747850763, 0, 1083, 1258, 1253, 27, 7.55%, 0, 0, 3, 7.65
1747850778, 0, 1084, 1258, 1253, 27, 7.55%, 0, 0, 3, 9.87
1747850793, 0, 1085, 1258, 1253, 27, 7.55%, 0, 0, 3, 9.78
1747850803, 0, 1087, 1258, 1253, 27, 7.55%, 0, 0, 3, 9.74
1747850819, 0, 1088, 1258, 1253, 27, 7.55%, 0, 0, 3, 9.35
1747850829, 0, 1089, 1258, 1253, 27, 7.55%, 0, 0, 3, 9.81
1747850845, 0, 1090, 1258, 1253, 27, 7.55%, 0, 0, 3, 8.99
1747850860, 0, 1091, 1258, 1253, 27, 7.55%, 0, 0, 3, 8.07
1747850876, 0, 1092, 1258, 1253, 27, 7.55%, 0, 0, 3, 8.76
1747850886, 0, 1092, 1259, 1254, 27, 7.55%, 0, 0, 3, 7.73
1747850901, 0, 1092, 1260, 1255, 27, 7.55%, 0, 0, 3, 7.58
1747850937, 0, 1092, 1261, 1256, 27, 7.55%, 0, 0, 3, 7.57
1747850968, 0, 1092, 1262, 1257, 27, 7.55%, 0, 0, 3, 7.68
1747851029, 0, 1092, 1263, 1258, 27, 7.55%, 0, 0, 3, 7.97
1747851060, 0, 1092, 1265, 1260, 27, 7.55%, 0, 0, 3, 7.57
1747851081, 0, 1092, 1266, 1261, 27, 7.55%, 0, 0, 3, 8.26
1747851158, 0, 1092, 1267, 1262, 27, 7.55%, 0, 0, 3, 8.13
1747851163, 0, 1092, 1269, 1264, 27, 7.56%, 0, 0, 3, 8.31
1747851189, 0, 1092, 1270, 1265, 27, 7.56%, 0, 0, 3, 7.98
1747851425, 0, 1093, 1270, 1265, 27, 7.56%, 0, 0, 3, 8.47
