# unix_time, cycles_done, cur_path, paths_total, pending_total, pending_favs, map_size, unique_crashes, unique_hangs, max_depth, execs_per_sec
1747817456, 0, 0, 1, 1, 1, 3.78%, 0, 0, 1, 55.17
1747817461, 0, 0, 20, 20, 1, 4.67%, 0, 0, 2, 53.05
1747817466, 0, 0, 40, 40, 1, 4.75%, 0, 0, 2, 49.92
1747817472, 0, 0, 52, 52, 1, 4.91%, 0, 0, 2, 49.77
1747817477, 0, 0, 62, 62, 1, 5.02%, 0, 0, 2, 49.50
1747817482, 0, 0, 68, 68, 1, 5.03%, 0, 0, 2, 49.80
1747817487, 0, 0, 74, 74, 1, 5.05%, 0, 0, 2, 68.79
1747817492, 0, 0, 78, 78, 1, 5.05%, 0, 0, 2, 87.32
1747817497, 0, 0, 83, 83, 1, 5.05%, 0, 0, 2, 90.53
1747817502, 0, 0, 84, 84, 1, 5.05%, 0, 0, 2, 91.62
1747817512, 0, 0, 86, 86, 1, 5.05%, 0, 0, 2, 92.75
1747817518, 0, 0, 88, 88, 1, 5.05%, 0, 0, 2, 90.08
1747817523, 0, 0, 93, 93, 1, 5.06%, 0, 0, 2, 86.58
1747817528, 0, 0, 96, 96, 1, 5.06%, 0, 0, 2, 89.82
1747817538, 0, 0, 99, 99, 1, 5.06%, 0, 0, 2, 90.57
1747817543, 0, 0, 100, 100, 1, 5.06%, 0, 0, 2, 92.73
1747817548, 0, 0, 103, 103, 1, 5.07%, 0, 0, 2, 89.96
1747817553, 0, 0, 105, 105, 1, 5.07%, 0, 0, 2, 91.81
1747817559, 0, 0, 106, 106, 1, 5.07%, 0, 0, 2, 90.52
1747817564, 0, 0, 107, 107, 1, 5.07%, 0, 0, 2, 90.06
1747817569, 0, 0, 108, 108, 1, 5.07%, 0, 0, 2, 90.54
1747817584, 0, 0, 109, 109, 1, 5.07%, 0, 0, 2, 92.15
1747817594, 0, 0, 110, 110, 1, 5.07%, 0, 0, 2, 92.25
1747817615, 0, 0, 111, 111, 1, 5.07%, 0, 0, 2, 92.71
1747817620, 0, 0, 115, 115, 1, 5.07%, 0, 0, 2, 88.79
1747817625, 0, 0, 116, 116, 1, 5.07%, 0, 0, 2, 91.10
1747817630, 0, 0, 119, 119, 1, 5.07%, 0, 0, 2, 89.79
1747817635, 0, 0, 121, 121, 1, 5.07%, 0, 0, 2, 91.13
1747817641, 0, 0, 122, 122, 1, 5.07%, 0, 0, 2, 92.10
1747817646, 0, 0, 125, 125, 1, 5.07%, 0, 0, 2, 89.25
1747817651, 0, 0, 126, 126, 1, 5.07%, 0, 0, 2, 91.13
1747817656, 0, 0, 128, 128, 1, 5.07%, 0, 0, 2, 89.59
1747817661, 0, 1, 132, 131, 7, 5.07%, 0, 0, 2, 83.84
1747817666, 0, 1, 147, 146, 7, 5.07%, 0, 0, 2, 68.48
1747817671, 0, 1, 158, 157, 7, 5.07%, 0, 0, 2, 67.82
1747817677, 0, 1, 166, 165, 7, 5.07%, 0, 0, 2, 68.38
1747817682, 0, 1, 176, 175, 7, 5.07%, 0, 0, 2, 67.52
1747817687, 0, 1, 181, 180, 7, 5.07%, 0, 0, 2, 69.45
1747817692, 0, 1, 188, 187, 7, 5.07%, 0, 0, 2, 69.24
1747817697, 0, 1, 194, 193, 7, 5.07%, 0, 0, 2, 69.97
1747817702, 0, 1, 205, 204, 7, 5.07%, 0, 0, 2, 66.43
1747817708, 0, 1, 213, 212, 7, 5.07%, 0, 0, 2, 69.07
1747817713, 0, 1, 216, 215, 7, 5.07%, 0, 0, 2, 70.51
1747817718, 0, 1, 221, 220, 7, 5.07%, 0, 0, 2, 69.14
1747817723, 0, 1, 224, 223, 7, 5.07%, 0, 0, 2, 69.98
1747817728, 0, 1, 228, 227, 7, 5.07%, 0, 0, 2, 70.19
1747817733, 0, 3, 229, 228, 8, 5.07%, 0, 0, 2, 78.00
1747817738, 0, 3, 247, 246, 8, 5.08%, 0, 0, 2, 58.88
1747817743, 0, 3, 262, 261, 8, 5.10%, 0, 0, 2, 55.14
1747817748, 0, 3, 272, 271, 8, 5.10%, 0, 0, 2, 55.18
1747817753, 0, 3, 285, 284, 8, 5.10%, 0, 0, 2, 54.28
1747817758, 0, 3, 289, 288, 8, 5.10%, 0, 0, 2, 55.48
1747817763, 0, 3, 296, 295, 8, 5.10%, 0, 0, 2, 55.07
1747817768, 0, 3, 299, 298, 8, 5.10%, 0, 0, 2, 56.30
1747817774, 0, 3, 303, 302, 8, 5.10%, 0, 0, 2, 55.96
1747817779, 0, 3, 307, 306, 8, 5.11%, 0, 0, 2, 55.42
1747817784, 0, 3, 312, 311, 8, 5.11%, 0, 0, 2, 55.53
1747817789, 0, 3, 319, 318, 8, 5.11%, 0, 0, 2, 55.25
1747817794, 0, 3, 320, 319, 8, 5.11%, 0, 0, 2, 56.77
1747817799, 0, 3, 323, 322, 8, 5.12%, 0, 0, 2, 56.11
1747817804, 0, 3, 325, 324, 8, 5.12%, 0, 0, 2, 56.17
1747817809, 0, 3, 328, 327, 8, 5.12%, 0, 0, 2, 55.59
1747817814, 0, 3, 332, 331, 8, 5.12%, 0, 0, 2, 55.68
1747817819, 0, 3, 333, 332, 8, 5.12%, 0, 0, 2, 56.00
1747817824, 0, 4, 337, 336, 8, 5.13%, 0, 0, 2, 53.99
1747817829, 0, 4, 339, 338, 8, 5.13%, 0, 0, 2, 40.81
1747817835, 0, 4, 343, 342, 8, 5.13%, 0, 0, 2, 45.56
1747817840, 0, 4, 347, 346, 8, 5.13%, 0, 0, 2, 49.81
1747817845, 0, 4, 348, 347, 8, 5.13%, 0, 0, 2, 52.59
1747817850, 0, 4, 352, 351, 8, 5.13%, 0, 0, 2, 52.48
1747817855, 0, 4, 355, 354, 8, 5.13%, 0, 0, 2, 52.36
1747817865, 0, 4, 356, 355, 8, 5.13%, 0, 0, 2, 53.07
1747817871, 0, 4, 357, 356, 8, 5.13%, 0, 0, 2, 52.51
1747817876, 0, 4, 359, 358, 8, 5.16%, 0, 0, 2, 52.72
1747817881, 0, 4, 360, 359, 8, 5.16%, 0, 0, 2, 53.14
1747817886, 0, 4, 361, 360, 8, 5.16%, 0, 0, 2, 53.27
1747817891, 0, 4, 363, 362, 8, 5.16%, 0, 0, 2, 52.85
1747817901, 0, 4, 364, 363, 8, 5.16%, 0, 0, 2, 52.32
1747817907, 0, 4, 366, 365, 8, 5.16%, 0, 0, 2, 52.20
1747817912, 0, 5, 370, 369, 9, 5.16%, 0, 0, 2, 50.82
1747817917, 0, 5, 371, 370, 9, 5.16%, 0, 0, 2, 50.87
1747817922, 0, 5, 374, 373, 9, 5.18%, 0, 0, 2, 50.30
1747817927, 0, 5, 377, 376, 9, 5.18%, 0, 0, 2, 49.96
1747817937, 0, 5, 380, 379, 9, 5.18%, 0, 0, 2, 50.75
1747817942, 0, 5, 381, 380, 9, 5.18%, 0, 0, 2, 51.02
1747817947, 0, 5, 382, 381, 9, 5.18%, 0, 0, 2, 51.31
1747817952, 0, 5, 383, 382, 9, 5.19%, 0, 0, 2, 51.07
1747817957, 0, 5, 386, 385, 9, 5.19%, 0, 0, 2, 51.25
1747817962, 0, 5, 387, 386, 9, 5.19%, 0, 0, 2, 50.68
1747817973, 0, 5, 389, 388, 9, 5.19%, 0, 0, 2, 50.03
1747817978, 0, 5, 393, 392, 9, 5.19%, 0, 0, 2, 50.39
1747817983, 0, 5, 396, 395, 9, 5.19%, 0, 0, 2, 50.65
1747817988, 0, 5, 398, 397, 9, 5.19%, 0, 0, 2, 51.17
1747817993, 0, 5, 400, 399, 9, 5.19%, 0, 0, 2, 50.60
1747817998, 0, 6, 409, 408, 9, 5.19%, 0, 0, 2, 45.61
1747818003, 0, 6, 415, 414, 9, 5.19%, 0, 0, 2, 44.19
1747818008, 0, 6, 422, 421, 9, 5.19%, 0, 0, 2, 43.39
1747818013, 0, 6, 429, 428, 9, 5.19%, 0, 0, 2, 42.58
1747818018, 0, 6, 436, 435, 9, 5.22%, 0, 0, 2, 43.54
1747818024, 0, 6, 442, 441, 9, 5.22%, 0, 0, 2, 44.14
1747818029, 0, 6, 448, 447, 9, 5.22%, 0, 0, 2, 44.34
1747818034, 0, 6, 451, 450, 9, 5.22%, 0, 0, 2, 44.49
1747818039, 0, 6, 453, 452, 9, 5.22%, 0, 0, 2, 43.49
1747818044, 0, 6, 459, 458, 9, 5.22%, 0, 0, 2, 43.23
1747818049, 0, 6, 460, 459, 9, 5.22%, 0, 0, 2, 43.93
1747818054, 0, 6, 462, 461, 9, 5.22%, 0, 0, 2, 43.77
1747818059, 0, 6, 463, 462, 9, 5.22%, 0, 0, 2, 44.67
1747818064, 0, 6, 464, 463, 9, 5.22%, 0, 0, 2, 44.59
1747818074, 0, 6, 466, 465, 9, 5.22%, 0, 0, 2, 44.39
1747818084, 0, 6, 467, 466, 9, 5.22%, 0, 0, 2, 44.50
1747818095, 0, 6, 468, 467, 9, 5.22%, 0, 0, 2, 45.07
1747818100, 0, 7, 469, 468, 10, 5.22%, 0, 0, 2, 44.41
1747818105, 0, 7, 471, 470, 10, 5.22%, 0, 0, 2, 44.02
1747818110, 0, 7, 476, 475, 10, 5.22%, 0, 0, 2, 42.75
1747818115, 0, 7, 478, 477, 10, 5.22%, 0, 0, 2, 42.71
1747818120, 0, 7, 481, 480, 10, 5.22%, 0, 0, 2, 42.31
1747818130, 0, 7, 483, 482, 10, 5.24%, 0, 0, 2, 43.51
1747818135, 0, 7, 486, 485, 10, 5.24%, 0, 0, 2, 43.82
1747818141, 0, 7, 487, 486, 10, 5.24%, 0, 0, 2, 44.01
1747818146, 0, 7, 490, 489, 10, 5.24%, 0, 0, 2, 43.43
1747818151, 0, 7, 493, 492, 10, 5.24%, 0, 0, 2, 43.61
1747818156, 0, 7, 494, 493, 10, 5.24%, 0, 0, 2, 43.67
1747818166, 0, 7, 496, 495, 10, 5.24%, 0, 0, 2, 43.66
1747818171, 0, 7, 497, 496, 10, 5.24%, 0, 0, 2, 43.80
1747818177, 0, 7, 498, 497, 10, 5.24%, 0, 0, 2, 43.30
1747818182, 0, 7, 499, 498, 10, 5.24%, 0, 0, 2, 43.88
1747818192, 0, 7, 501, 500, 10, 5.24%, 0, 0, 2, 43.11
1747818197, 0, 7, 503, 502, 10, 5.24%, 0, 0, 2, 42.63
1747818202, 0, 8, 512, 511, 11, 5.71%, 0, 0, 2, 38.44
1747818207, 0, 8, 521, 520, 11, 5.71%, 0, 0, 2, 36.57
1747818213, 0, 8, 528, 527, 11, 5.71%, 0, 0, 2, 35.66
1747818218, 0, 8, 533, 532, 11, 5.71%, 0, 0, 2, 35.28
1747818223, 0, 8, 535, 534, 11, 5.71%, 0, 0, 2, 35.99
1747818228, 0, 8, 540, 539, 11, 5.71%, 0, 0, 2, 35.56
1747818233, 0, 8, 545, 544, 11, 5.72%, 0, 0, 2, 35.42
1747818238, 0, 8, 548, 547, 11, 5.74%, 0, 0, 2, 35.96
1747818243, 0, 8, 549, 548, 11, 5.74%, 0, 0, 2, 36.46
1747818248, 0, 8, 551, 550, 11, 5.74%, 0, 0, 2, 36.35
1747818254, 0, 8, 553, 552, 11, 5.74%, 0, 0, 2, 36.31
1747818259, 0, 8, 555, 554, 11, 5.75%, 0, 0, 2, 35.96
1747818264, 0, 8, 557, 556, 11, 5.75%, 0, 0, 2, 35.85
1747818279, 0, 8, 558, 557, 11, 5.75%, 0, 0, 2, 36.23
1747818284, 0, 8, 559, 558, 11, 5.75%, 0, 0, 2, 36.36
1747818290, 0, 8, 560, 559, 11, 5.75%, 0, 0, 2, 21.53
1747818295, 0, 8, 561, 560, 11, 5.75%, 0, 0, 2, 21.47
1747818320, 0, 8, 562, 561, 11, 5.75%, 0, 0, 2, 21.29
1747818325, 0, 8, 563, 562, 11, 5.75%, 0, 0, 2, 21.48
1747818331, 0, 8, 564, 563, 11, 5.75%, 0, 0, 2, 21.29
1747818336, 0, 8, 565, 564, 11, 5.75%, 0, 0, 2, 21.01
1747818341, 0, 8, 566, 565, 11, 5.75%, 0, 0, 2, 21.25
1747818346, 0, 8, 567, 566, 11, 5.75%, 0, 0, 2, 21.31
1747818351, 0, 8, 568, 567, 11, 5.75%, 0, 0, 2, 21.28
1747818356, 0, 8, 569, 568, 11, 5.75%, 0, 0, 2, 20.96
1747818361, 0, 9, 570, 569, 12, 5.75%, 0, 0, 2, 26.39
1747818366, 0, 9, 574, 573, 12, 5.75%, 0, 0, 2, 28.26
1747818371, 0, 9, 575, 574, 12, 5.75%, 0, 0, 2, 28.55
1747818377, 0, 9, 576, 575, 12, 5.75%, 0, 0, 2, 28.73
1747818397, 0, 9, 578, 577, 12, 5.75%, 0, 0, 2, 28.82
1747818402, 0, 9, 579, 578, 12, 5.75%, 0, 0, 2, 28.64
1747818412, 0, 9, 580, 579, 12, 5.75%, 0, 0, 2, 28.73
1747818427, 0, 9, 581, 580, 12, 5.75%, 0, 0, 2, 28.56
1747818442, 0, 9, 582, 581, 12, 5.75%, 0, 0, 2, 28.50
1747818452, 0, 9, 583, 582, 12, 5.76%, 0, 0, 2, 28.78
1747818508, 0, 10, 585, 584, 13, 5.76%, 0, 0, 2, 25.31
1747818513, 0, 10, 586, 585, 13, 5.76%, 0, 0, 2, 24.20
1747818543, 0, 10, 587, 586, 13, 5.76%, 0, 0, 2, 23.63
1747818549, 0, 10, 588, 587, 13, 5.76%, 0, 0, 2, 23.48
1747818579, 0, 10, 589, 588, 13, 5.76%, 0, 0, 2, 36.17
1747818589, 0, 10, 591, 590, 13, 5.76%, 0, 0, 2, 40.21
1747818595, 0, 10, 593, 592, 13, 5.76%, 0, 0, 2, 40.46
1747818615, 0, 10, 594, 593, 13, 5.76%, 0, 0, 2, 40.31
1747818630, 0, 10, 595, 594, 13, 5.76%, 0, 0, 2, 40.54
1747818635, 0, 10, 596, 595, 13, 5.76%, 0, 0, 2, 40.27
1747818641, 0, 11, 600, 599, 10, 5.88%, 0, 0, 2, 39.26
1747818646, 0, 11, 604, 603, 10, 5.88%, 0, 0, 2, 39.03
1747818651, 0, 11, 606, 605, 10, 5.88%, 0, 0, 2, 38.72
1747818656, 0, 11, 608, 607, 10, 5.88%, 0, 0, 2, 38.70
1747818666, 0, 11, 609, 608, 10, 5.88%, 0, 0, 2, 38.37
1747818671, 0, 11, 611, 610, 10, 5.88%, 0, 0, 2, 38.40
1747818676, 0, 11, 613, 612, 10, 5.88%, 0, 0, 2, 38.81
1747818682, 0, 11, 614, 613, 10, 5.88%, 0, 0, 2, 38.63
1747818692, 0, 11, 615, 614, 10, 5.88%, 0, 0, 2, 38.84
1747818702, 0, 11, 617, 616, 10, 5.88%, 0, 0, 2, 38.56
1747818717, 0, 11, 618, 617, 10, 5.88%, 0, 0, 2, 38.62
1747818723, 0, 11, 620, 619, 10, 5.88%, 0, 0, 2, 38.61
1747818728, 0, 11, 621, 620, 10, 5.88%, 0, 0, 2, 38.79
1747818748, 0, 11, 622, 621, 10, 5.88%, 0, 0, 2, 38.68
1747818753, 0, 13, 622, 621, 10, 5.88%, 0, 0, 2, 45.83
1747818758, 0, 15, 628, 627, 10, 5.88%, 0, 0, 2, 38.21
1747818763, 0, 15, 632, 631, 10, 5.88%, 0, 0, 2, 36.34
1747818768, 0, 15, 635, 634, 10, 5.90%, 0, 0, 2, 35.63
1747818774, 0, 15, 640, 639, 10, 5.90%, 0, 0, 2, 35.49
1747818779, 0, 15, 643, 642, 10, 5.90%, 0, 0, 2, 36.03
1747818784, 0, 15, 644, 643, 10, 5.90%, 0, 0, 2, 35.83
1747818789, 0, 15, 645, 644, 10, 5.90%, 0, 0, 2, 36.02
1747818794, 0, 15, 649, 648, 10, 5.90%, 0, 0, 2, 35.46
1747818799, 0, 15, 651, 650, 10, 5.90%, 0, 0, 2, 35.42
1747818804, 0, 15, 654, 653, 10, 5.90%, 0, 0, 2, 35.43
1747818824, 0, 15, 655, 654, 10, 5.90%, 0, 0, 2, 35.88
1747818834, 0, 15, 658, 657, 10, 5.90%, 0, 0, 2, 35.44
1747818840, 0, 15, 659, 658, 10, 5.90%, 0, 0, 2, 35.37
1747818845, 0, 15, 661, 660, 10, 5.90%, 0, 0, 2, 35.62
1747818865, 0, 15, 668, 667, 10, 5.90%, 0, 0, 2, 34.75
1747818870, 0, 15, 671, 670, 10, 5.90%, 0, 0, 2, 34.89
1747818875, 0, 15, 674, 673, 10, 5.90%, 0, 0, 2, 34.87
1747818880, 0, 15, 675, 674, 10, 5.90%, 0, 0, 2, 35.27
1747818885, 0, 16, 679, 678, 12, 5.90%, 0, 0, 2, 34.94
1747818891, 0, 16, 682, 681, 12, 5.90%, 0, 0, 2, 35.17
1747818896, 0, 16, 683, 682, 12, 5.90%, 0, 0, 2, 35.23
1747818901, 0, 16, 685, 684, 12, 5.90%, 0, 0, 2, 35.45
1747818906, 0, 16, 687, 686, 12, 5.90%, 0, 0, 2, 35.36
1747818911, 0, 16, 688, 687, 12, 5.90%, 0, 0, 2, 35.22
1747818916, 0, 16, 691, 690, 12, 5.90%, 0, 0, 2, 35.06
1747818921, 0, 16, 692, 691, 12, 5.90%, 0, 0, 2, 34.62
1747818926, 0, 16, 694, 693, 12, 5.90%, 0, 0, 2, 34.69
1747818931, 0, 16, 696, 695, 12, 5.90%, 0, 0, 2, 34.79
1747818936, 0, 16, 697, 696, 12, 5.90%, 0, 0, 2, 34.74
1747818946, 0, 16, 699, 698, 12, 5.90%, 0, 0, 2, 34.96
1747818951, 0, 16, 700, 699, 12, 5.90%, 0, 0, 2, 35.37
1747818962, 0, 16, 702, 701, 12, 5.90%, 0, 0, 2, 35.25
1747818967, 0, 16, 703, 702, 12, 5.90%, 0, 0, 2, 35.42
1747818972, 0, 16, 705, 704, 12, 5.90%, 0, 0, 2, 34.95
1747818982, 0, 16, 706, 705, 12, 5.90%, 0, 0, 2, 34.87
1747818997, 0, 16, 707, 706, 12, 5.90%, 0, 0, 2, 34.93
1747819007, 0, 17, 714, 713, 12, 5.90%, 0, 0, 2, 31.21
1747819013, 0, 17, 725, 724, 12, 5.90%, 0, 0, 2, 29.11
1747819018, 0, 17, 728, 727, 12, 5.90%, 0, 0, 2, 28.45
1747819023, 0, 17, 731, 730, 12, 5.90%, 0, 0, 2, 28.42
1747819028, 0, 17, 733, 732, 12, 5.90%, 0, 0, 2, 28.53
1747819033, 0, 17, 735, 734, 12, 5.90%, 0, 0, 2, 28.31
1747819038, 0, 17, 737, 736, 12, 5.90%, 0, 0, 2, 28.56
1747819043, 0, 17, 739, 738, 12, 5.90%, 0, 0, 2, 28.57
1747819048, 0, 17, 741, 740, 12, 5.90%, 0, 0, 2, 28.62
1747819053, 0, 17, 743, 742, 12, 5.90%, 0, 0, 2, 28.75
1747819058, 0, 17, 745, 744, 12, 5.90%, 0, 0, 2, 28.52
1747819063, 0, 17, 747, 746, 12, 5.90%, 0, 0, 2, 28.45
1747819068, 0, 17, 748, 747, 12, 5.90%, 0, 0, 2, 28.65
1747819073, 0, 17, 750, 749, 12, 5.94%, 0, 0, 2, 28.11
1747819078, 0, 17, 751, 750, 12, 5.94%, 0, 0, 2, 28.98
1747819083, 0, 17, 752, 751, 12, 5.94%, 0, 0, 2, 29.16
1747819089, 0, 17, 753, 752, 12, 5.94%, 0, 0, 2, 29.05
1747819094, 0, 17, 754, 753, 12, 5.94%, 0, 0, 2, 29.05
1747819109, 0, 17, 756, 755, 12, 5.94%, 0, 0, 2, 29.20
1747819114, 0, 17, 757, 756, 12, 5.94%, 0, 0, 2, 28.90
1747819125, 0, 17, 758, 757, 12, 5.94%, 0, 0, 2, 17.75
1747819181, 0, 17, 760, 759, 12, 5.94%, 0, 0, 2, 16.70
1747819197, 0, 18, 760, 759, 12, 5.94%, 0, 0, 2, 16.84
1747819202, 0, 18, 761, 760, 12, 5.94%, 0, 0, 2, 16.32
1747819212, 0, 18, 763, 762, 12, 5.94%, 0, 0, 2, 15.86
1747819217, 0, 18, 764, 763, 12, 5.94%, 0, 0, 2, 16.32
1747819223, 0, 18, 765, 764, 12, 5.94%, 0, 0, 2, 16.42
1747819228, 0, 18, 767, 766, 12, 5.94%, 0, 0, 2, 16.31
1747819233, 0, 18, 770, 769, 12, 5.94%, 0, 0, 2, 16.17
1747819238, 0, 18, 771, 770, 12, 5.94%, 0, 0, 2, 16.33
1747819243, 0, 18, 773, 772, 12, 5.94%, 0, 0, 2, 16.19
1747819248, 0, 18, 774, 773, 12, 5.94%, 0, 0, 2, 16.36
1747819268, 0, 18, 775, 774, 12, 5.94%, 0, 0, 2, 16.61
1747819319, 0, 18, 776, 775, 12, 5.94%, 0, 0, 2, 16.42
1747819334, 0, 18, 777, 776, 12, 5.94%, 0, 0, 2, 16.52
1747819375, 0, 18, 779, 778, 12, 5.94%, 0, 0, 2, 16.36
1747819456, 0, 19, 781, 780, 13, 5.94%, 0, 0, 2, 19.14
1747819482, 0, 20, 781, 780, 13, 5.94%, 0, 0, 2, 20.35
1747819487, 0, 21, 782, 781, 13, 5.94%, 0, 0, 2, 19.65
1747819492, 0, 21, 784, 783, 13, 5.94%, 0, 0, 2, 19.20
1747819497, 0, 21, 786, 785, 13, 5.94%, 0, 0, 2, 19.11
1747819507, 0, 21, 790, 789, 13, 5.95%, 0, 0, 2, 19.18
1747819512, 0, 21, 794, 793, 13, 6.03%, 0, 0, 2, 19.23
1747819517, 0, 21, 795, 794, 13, 6.03%, 0, 0, 2, 19.30
1747819522, 0, 21, 796, 795, 13, 6.03%, 0, 0, 2, 19.21
1747819532, 0, 21, 797, 796, 13, 6.04%, 0, 0, 2, 19.18
1747819553, 0, 21, 798, 797, 13, 6.04%, 0, 0, 2, 19.10
1747819578, 0, 21, 799, 798, 13, 6.04%, 0, 0, 2, 19.34
1747819583, 0, 21, 800, 799, 13, 6.04%, 0, 0, 2, 19.25
1747819670, 0, 21, 801, 800, 13, 6.04%, 0, 0, 2, 19.04
1747819705, 0, 21, 802, 801, 13, 6.04%, 0, 0, 2, 19.08
1747819710, 0, 22, 802, 801, 14, 6.04%, 0, 0, 2, 18.80
1747819715, 0, 22, 804, 803, 14, 6.04%, 0, 0, 2, 25.50
1747819725, 0, 22, 805, 804, 14, 6.04%, 0, 0, 2, 31.59
1747819745, 0, 23, 805, 804, 13, 6.04%, 0, 0, 2, 24.44
1747819750, 0, 24, 805, 804, 13, 6.04%, 0, 0, 2, 20.40
1747819755, 0, 25, 806, 805, 13, 6.04%, 0, 0, 2, 19.29
1747819765, 0, 25, 807, 806, 13, 6.04%, 0, 0, 2, 18.21
1747819771, 0, 25, 808, 807, 13, 6.04%, 0, 0, 2, 18.00
1747819786, 0, 25, 809, 808, 13, 6.04%, 0, 0, 2, 18.02
1747819791, 0, 25, 811, 810, 13, 6.05%, 0, 0, 2, 18.15
1747819806, 0, 25, 812, 811, 13, 6.05%, 0, 0, 2, 18.37
1747819821, 0, 25, 813, 812, 13, 6.05%, 0, 0, 2, 18.32
1747819831, 0, 25, 814, 813, 13, 6.05%, 0, 0, 2, 18.37
1747819836, 0, 25, 815, 814, 13, 6.05%, 0, 0, 2, 18.27
1747819846, 0, 25, 817, 816, 13, 6.05%, 0, 0, 2, 18.30
1747819856, 0, 25, 819, 818, 13, 6.05%, 0, 0, 2, 18.22
1747819871, 0, 25, 821, 820, 13, 6.05%, 0, 0, 2, 18.19
1747819876, 0, 25, 823, 822, 13, 6.05%, 0, 0, 2, 18.31
1747819886, 0, 25, 824, 823, 13, 6.05%, 0, 0, 2, 18.31
1747819907, 0, 25, 825, 824, 13, 6.05%, 0, 0, 2, 18.21
1747819932, 0, 25, 826, 825, 13, 6.06%, 0, 0, 2, 18.20
1747819957, 0, 25, 827, 826, 13, 6.06%, 0, 0, 2, 18.29
1747819982, 0, 25, 828, 827, 13, 6.06%, 0, 0, 2, 18.34
1747819993, 0, 26, 828, 827, 14, 6.06%, 0, 0, 2, 17.59
1747819998, 0, 26, 829, 828, 14, 6.06%, 0, 0, 2, 17.32
1747820003, 0, 26, 830, 829, 14, 6.06%, 0, 0, 2, 17.42
1747820008, 0, 26, 831, 830, 14, 6.06%, 0, 0, 2, 17.31
1747820013, 0, 26, 833, 832, 14, 6.06%, 0, 0, 2, 17.38
1747820018, 0, 26, 835, 834, 14, 6.06%, 0, 0, 2, 17.30
1747820033, 0, 26, 836, 835, 14, 6.06%, 0, 0, 2, 17.41
1747820084, 0, 26, 837, 836, 14, 6.06%, 0, 0, 2, 17.51
1747820119, 0, 26, 838, 837, 14, 6.06%, 0, 0, 2, 17.47
1747820154, 0, 26, 839, 838, 14, 6.06%, 0, 0, 2, 17.39
1747820195, 0, 26, 840, 839, 14, 6.06%, 0, 0, 2, 17.46
1747820215, 0, 26, 841, 840, 14, 6.06%, 0, 0, 2, 17.36
1747820231, 0, 27, 844, 843, 15, 6.06%, 0, 0, 2, 16.50
1747820236, 0, 27, 846, 845, 15, 6.06%, 0, 0, 2, 15.98
1747820241, 0, 27, 849, 848, 15, 6.06%, 0, 0, 2, 15.73
1747820246, 0, 27, 851, 850, 15, 6.06%, 0, 0, 2, 15.58
1747820256, 0, 27, 853, 852, 15, 6.06%, 0, 0, 2, 15.78
1747820272, 0, 27, 854, 853, 15, 6.06%, 0, 0, 2, 15.90
1747820277, 0, 27, 855, 854, 15, 6.06%, 0, 0, 2, 15.79
1747820282, 0, 27, 856, 855, 15, 6.06%, 0, 0, 2, 15.72
1747820317, 0, 27, 857, 856, 15, 6.06%, 0, 0, 2, 15.84
1747820328, 0, 27, 858, 857, 15, 6.06%, 0, 0, 2, 15.75
1747820333, 0, 27, 859, 858, 15, 6.06%, 0, 0, 2, 15.86
1747820439, 0, 27, 860, 859, 15, 6.06%, 0, 0, 2, 15.68
1747820500, 0, 29, 863, 862, 15, 6.07%, 0, 0, 2, 14.42
1747820505, 0, 29, 866, 865, 15, 6.07%, 0, 0, 2, 14.09
1747820510, 0, 29, 867, 866, 15, 6.07%, 0, 0, 2, 14.08
1747820515, 0, 29, 868, 867, 15, 6.07%, 0, 0, 2, 14.27
1747820520, 0, 29, 870, 869, 15, 6.07%, 0, 0, 2, 14.17
1747820525, 0, 29, 872, 871, 15, 6.07%, 0, 0, 2, 14.26
1747820530, 0, 29, 873, 872, 15, 6.07%, 0, 0, 2, 14.19
1747820561, 0, 29, 874, 873, 15, 6.07%, 0, 0, 2, 14.13
1747820566, 0, 29, 875, 874, 15, 6.07%, 0, 0, 2, 14.24
1747820596, 0, 29, 877, 876, 15, 6.07%, 0, 0, 2, 14.17
1747820601, 0, 29, 879, 878, 15, 6.07%, 0, 0, 2, 13.89
1747820616, 0, 29, 880, 879, 15, 6.07%, 0, 0, 2, 14.03
1747820637, 0, 29, 882, 881, 15, 6.07%, 0, 0, 2, 13.87
1747820642, 0, 29, 883, 882, 15, 6.08%, 0, 0, 2, 13.88
1747820647, 0, 29, 884, 883, 15, 6.08%, 0, 0, 2, 14.15
1747820672, 0, 29, 886, 885, 15, 6.08%, 0, 0, 2, 13.91
1747820697, 0, 29, 887, 886, 15, 6.08%, 0, 0, 2, 14.16
1747820743, 0, 29, 888, 887, 15, 6.08%, 0, 0, 2, 14.12
1747820768, 0, 29, 889, 888, 15, 6.08%, 0, 0, 2, 14.10
1747820799, 0, 29, 890, 889, 15, 6.08%, 0, 0, 2, 14.09
1747820804, 0, 31, 890, 889, 17, 6.08%, 0, 0, 2, 16.12
1747820809, 0, 34, 890, 889, 17, 6.08%, 0, 0, 2, 17.82
1747820819, 0, 34, 891, 890, 17, 6.20%, 0, 0, 2, 18.11
1747820824, 0, 36, 891, 890, 17, 6.20%, 0, 0, 2, 18.06
1747820829, 0, 36, 894, 893, 17, 6.20%, 0, 0, 2, 18.25
1747820844, 0, 36, 896, 895, 17, 6.20%, 0, 0, 2, 18.17
1747820854, 0, 36, 899, 898, 17, 6.22%, 0, 0, 2, 18.24
1747820860, 0, 36, 900, 899, 17, 6.22%, 0, 0, 2, 18.15
1747820865, 0, 36, 901, 900, 17, 6.22%, 0, 0, 2, 18.08
1747820870, 0, 36, 902, 901, 17, 6.22%, 0, 0, 2, 18.14
1747820875, 0, 36, 903, 902, 17, 6.22%, 0, 0, 2, 18.13
1747820880, 0, 36, 906, 905, 17, 6.22%, 0, 0, 2, 18.22
1747820885, 0, 36, 908, 907, 17, 6.22%, 0, 0, 2, 18.18
1747820951, 0, 36, 909, 908, 17, 6.22%, 0, 0, 2, 18.38
1747821032, 0, 37, 909, 908, 19, 6.22%, 0, 0, 2, 28.56
1747821037, 0, 37, 910, 909, 19, 6.22%, 0, 0, 2, 25.16
1747821042, 0, 37, 911, 910, 19, 6.22%, 0, 0, 2, 24.37
1747821053, 0, 38, 911, 910, 19, 6.22%, 0, 0, 2, 24.13
1747821058, 0, 38, 913, 912, 19, 6.22%, 0, 0, 2, 23.77
1747821063, 0, 38, 914, 913, 19, 6.22%, 0, 0, 2, 23.33
1747821078, 0, 38, 916, 915, 19, 6.22%, 0, 0, 2, 23.65
1747821083, 0, 38, 918, 917, 19, 6.22%, 0, 0, 2, 23.48
1747821123, 0, 38, 919, 918, 19, 6.22%, 0, 0, 2, 23.84
1747821164, 0, 38, 920, 919, 19, 6.22%, 0, 0, 2, 23.84
1747821230, 0, 39, 920, 919, 19, 6.22%, 0, 0, 2, 27.00
1747821235, 0, 40, 920, 919, 19, 6.22%, 0, 0, 2, 25.00
1747821240, 0, 40, 921, 920, 19, 6.22%, 0, 0, 2, 23.13
1747821245, 0, 41, 923, 922, 19, 6.22%, 0, 0, 2, 25.77
1747821250, 0, 41, 927, 926, 19, 6.22%, 0, 0, 2, 28.87
1747821255, 0, 41, 928, 927, 19, 6.22%, 0, 0, 2, 29.32
1747821260, 0, 41, 929, 928, 19, 6.22%, 0, 0, 2, 28.97
1747821266, 0, 41, 930, 929, 19, 6.22%, 0, 0, 2, 29.33
1747821276, 0, 41, 931, 930, 19, 6.22%, 0, 0, 2, 29.47
1747821281, 0, 41, 932, 931, 19, 6.22%, 0, 0, 2, 29.27
1747821291, 0, 41, 933, 932, 19, 6.22%, 0, 0, 2, 29.37
1747821297, 0, 41, 935, 934, 19, 6.35%, 0, 0, 2, 29.31
1747821312, 0, 41, 936, 935, 19, 6.35%, 0, 0, 2, 29.41
1747821388, 0, 44, 936, 935, 15, 6.35%, 0, 0, 2, 29.77
1747821393, 0, 45, 936, 935, 15, 6.35%, 0, 0, 2, 29.00
1747821399, 0, 46, 938, 937, 15, 6.35%, 0, 0, 2, 28.26
1747821404, 0, 46, 941, 940, 15, 6.35%, 0, 0, 2, 28.14
1747821409, 0, 46, 942, 941, 15, 6.35%, 0, 0, 2, 27.84
1747821414, 0, 46, 943, 942, 15, 6.36%, 0, 0, 2, 27.99
1747821419, 0, 46, 946, 945, 15, 6.36%, 0, 0, 2, 27.93
1747821439, 0, 46, 947, 946, 15, 6.36%, 0, 0, 2, 28.07
1747821450, 0, 46, 948, 947, 15, 6.36%, 0, 0, 2, 27.78
1747821460, 0, 46, 949, 948, 15, 6.36%, 0, 0, 2, 27.88
1747821465, 0, 46, 951, 950, 15, 6.36%, 0, 0, 2, 28.02
1747821481, 0, 46, 952, 951, 15, 6.36%, 0, 0, 2, 27.98
1747821491, 0, 46, 953, 952, 15, 6.36%, 0, 0, 2, 27.93
1747821527, 0, 46, 954, 953, 15, 6.36%, 0, 0, 2, 28.19
1747821532, 0, 46, 955, 954, 15, 6.36%, 0, 0, 2, 27.84
1747821537, 0, 46, 956, 955, 15, 6.36%, 0, 0, 2, 28.04
1747821547, 0, 48, 956, 955, 16, 6.36%, 0, 0, 2, 27.99
1747821552, 0, 49, 956, 955, 16, 6.36%, 0, 0, 2, 27.34
1747821557, 0, 50, 956, 955, 16, 6.36%, 0, 0, 2, 26.48
1747821563, 0, 51, 956, 955, 16, 6.36%, 0, 0, 2, 25.25
1747821568, 0, 51, 959, 958, 16, 6.36%, 0, 0, 2, 23.83
1747821573, 0, 51, 960, 959, 16, 6.36%, 0, 0, 2, 23.61
1747821578, 0, 51, 961, 960, 16, 6.36%, 0, 0, 2, 23.85
1747821593, 0, 51, 963, 962, 16, 6.36%, 0, 0, 2, 23.49
1747821684, 0, 51, 964, 963, 16, 6.36%, 0, 0, 2, 23.84
1747821689, 0, 51, 965, 964, 16, 6.36%, 0, 0, 2, 23.56
1747821740, 0, 52, 966, 965, 16, 6.36%, 0, 0, 2, 26.23
1747821750, 0, 53, 966, 965, 16, 6.36%, 0, 0, 2, 25.53
1747821756, 0, 55, 966, 965, 16, 6.36%, 0, 0, 2, 25.08
1747821761, 0, 56, 967, 966, 16, 6.37%, 0, 0, 2, 23.63
1747821766, 0, 56, 968, 967, 16, 6.37%, 0, 0, 2, 23.13
1747821776, 0, 56, 971, 970, 16, 6.37%, 0, 0, 2, 22.77
1747821797, 0, 56, 972, 971, 16, 6.37%, 0, 0, 2, 13.27
1747821828, 0, 56, 973, 972, 16, 6.37%, 0, 0, 2, 13.14
1747821858, 0, 56, 974, 973, 16, 6.37%, 0, 0, 2, 12.95
1747821874, 0, 56, 975, 974, 16, 6.37%, 0, 0, 2, 13.06
1747822058, 0, 57, 975, 974, 16, 6.37%, 0, 0, 2, 13.43
1747822069, 0, 58, 979, 978, 16, 6.37%, 0, 0, 2, 12.29
1747822074, 0, 58, 982, 981, 16, 6.37%, 0, 0, 2, 11.48
1747822079, 0, 58, 986, 985, 16, 6.37%, 0, 0, 2, 11.26
1747822084, 0, 58, 990, 989, 16, 6.37%, 0, 0, 2, 11.27
1747822089, 0, 58, 991, 990, 16, 6.37%, 0, 0, 2, 11.27
1747822099, 0, 58, 993, 992, 16, 6.37%, 0, 0, 2, 11.37
1747822140, 0, 58, 994, 993, 16, 6.37%, 0, 0, 2, 11.32
1747822156, 0, 58, 995, 994, 16, 6.37%, 0, 0, 2, 11.38
1747822181, 0, 58, 996, 995, 16, 6.37%, 0, 0, 2, 11.53
1747822186, 0, 58, 998, 997, 16, 6.37%, 0, 0, 2, 11.37
1747822192, 0, 58, 999, 998, 16, 6.37%, 0, 0, 2, 11.39
1747822223, 0, 58, 1001, 1000, 16, 6.37%, 0, 0, 2, 11.29
1747822244, 0, 58, 1002, 1001, 16, 6.37%, 0, 0, 2, 11.36
1747822259, 0, 58, 1003, 1002, 16, 6.37%, 0, 0, 2, 11.32
1747822264, 0, 58, 1004, 1003, 16, 6.37%, 0, 0, 2, 11.29
1747822445, 0, 60, 1005, 1004, 16, 6.37%, 0, 0, 2, 11.00
1747822450, 0, 60, 1007, 1006, 16, 6.37%, 0, 0, 2, 10.59
1747822456, 0, 60, 1009, 1008, 16, 6.37%, 0, 0, 2, 10.43
1747822466, 0, 60, 1010, 1009, 16, 6.37%, 0, 0, 2, 10.54
1747822471, 0, 60, 1012, 1011, 16, 6.37%, 0, 0, 2, 16.52
1747822552, 0, 60, 1013, 1012, 16, 6.37%, 0, 0, 2, 18.14
1747822557, 0, 60, 1014, 1013, 16, 6.37%, 0, 0, 2, 18.10
1747822654, 0, 60, 1015, 1014, 16, 6.37%, 0, 0, 2, 18.30
1747822684, 0, 61, 1018, 1017, 16, 6.37%, 0, 0, 2, 17.29
1747822689, 0, 61, 1022, 1021, 16, 6.37%, 0, 0, 2, 16.53
1747822700, 0, 61, 1023, 1022, 16, 6.37%, 0, 0, 2, 16.33
1747822705, 0, 61, 1024, 1023, 16, 6.37%, 0, 0, 2, 16.47
1747822745, 0, 61, 1025, 1024, 16, 6.37%, 0, 0, 2, 16.47
1747822771, 0, 61, 1026, 1025, 16, 6.37%, 0, 0, 2, 16.34
1747822791, 0, 61, 1027, 1026, 16, 6.37%, 0, 0, 2, 16.57
1747822816, 0, 61, 1028, 1027, 16, 6.37%, 0, 0, 2, 16.48
1747822842, 0, 61, 1029, 1028, 16, 6.37%, 0, 0, 2, 16.50
1747822888, 0, 61, 1030, 1029, 16, 6.37%, 0, 0, 2, 16.52
1747822898, 0, 61, 1031, 1030, 16, 6.37%, 0, 0, 2, 16.24
1747822913, 0, 61, 1032, 1031, 16, 6.37%, 0, 0, 2, 16.41
1747822949, 0, 62, 1032, 1031, 16, 6.37%, 0, 0, 2, 9.81
1747822954, 0, 62, 1033, 1032, 16, 6.37%, 0, 0, 2, 14.30
1747822964, 0, 66, 1033, 1032, 16, 6.37%, 0, 0, 2, 21.54
1747822974, 0, 67, 1033, 1032, 16, 6.37%, 0, 0, 2, 22.90
1747822979, 0, 69, 1037, 1036, 16, 6.37%, 0, 0, 2, 17.12
1747822984, 0, 69, 1040, 1039, 16, 6.37%, 0, 0, 2, 15.46
1747822989, 0, 69, 1041, 1040, 16, 6.37%, 0, 0, 2, 15.13
1747822995, 0, 69, 1042, 1041, 16, 6.37%, 0, 0, 2, 15.02
1747823000, 0, 69, 1043, 1042, 16, 6.37%, 0, 0, 2, 14.90
1747823005, 0, 69, 1044, 1043, 16, 6.37%, 0, 0, 2, 14.94
1747823015, 0, 69, 1045, 1044, 16, 6.37%, 0, 0, 2, 14.74
1747823025, 0, 69, 1047, 1046, 16, 6.37%, 0, 0, 2, 14.73
1747823031, 0, 69, 1049, 1048, 16, 6.37%, 0, 0, 2, 14.88
1747823036, 0, 69, 1050, 1049, 16, 6.37%, 0, 0, 2, 14.94
1747823066, 0, 69, 1051, 1050, 16, 6.37%, 0, 0, 2, 14.71
1747823097, 0, 69, 1052, 1051, 16, 6.37%, 0, 0, 2, 14.69
1747823113, 0, 69, 1053, 1052, 16, 6.37%, 0, 0, 2, 14.66
1747823154, 0, 69, 1054, 1053, 16, 6.37%, 0, 0, 2, 14.79
1747823185, 0, 69, 1055, 1054, 16, 6.37%, 0, 0, 2, 14.72
1747823231, 0, 69, 1056, 1055, 16, 6.37%, 0, 0, 2, 14.76
1747823266, 0, 70, 1056, 1055, 16, 6.37%, 0, 0, 2, 21.53
1747823272, 0, 71, 1057, 1056, 16, 6.37%, 0, 0, 2, 23.30
1747823277, 0, 71, 1058, 1057, 16, 6.37%, 0, 0, 2, 22.63
1747823287, 0, 71, 1059, 1058, 16, 6.37%, 0, 0, 2, 22.65
1747823312, 0, 71, 1060, 1059, 16, 6.37%, 0, 0, 2, 22.70
1747823322, 0, 71, 1061, 1060, 16, 6.37%, 0, 0, 2, 22.67
1747823408, 0, 71, 1062, 1061, 16, 6.37%, 0, 0, 2, 22.68
1747823454, 0, 72, 1063, 1062, 17, 6.37%, 0, 0, 2, 21.61
1747823459, 0, 72, 1064, 1063, 17, 6.37%, 0, 0, 2, 20.79
1747823480, 0, 74, 1064, 1063, 17, 6.37%, 0, 0, 2, 24.33
1747823485, 0, 75, 1064, 1063, 17, 6.37%, 0, 0, 2, 24.84
1747823490, 0, 76, 1065, 1064, 17, 6.37%, 0, 0, 2, 18.36
1747823495, 0, 76, 1066, 1065, 17, 6.37%, 0, 0, 2, 15.35
1747823521, 0, 76, 1067, 1066, 17, 6.37%, 0, 0, 2, 14.57
1747823526, 0, 76, 1068, 1067, 17, 6.37%, 0, 0, 2, 14.59
1747823592, 0, 76, 1069, 1068, 17, 6.37%, 0, 0, 2, 14.53
1747823597, 0, 76, 1070, 1069, 17, 6.37%, 0, 0, 2, 14.51
1747823623, 0, 76, 1071, 1070, 17, 6.37%, 0, 0, 2, 14.58
1747823766, 0, 76, 1072, 1071, 17, 6.37%, 0, 0, 2, 14.46
1747823776, 0, 78, 1077, 1076, 17, 6.37%, 0, 0, 2, 13.22
1747823781, 0, 78, 1079, 1078, 17, 6.37%, 0, 0, 2, 12.94
1747823787, 0, 78, 1080, 1079, 17, 6.37%, 0, 0, 2, 12.89
1747823792, 0, 78, 1082, 1081, 17, 6.37%, 0, 0, 2, 12.78
1747823828, 0, 78, 1083, 1082, 17, 6.37%, 0, 0, 2, 12.81
1747823838, 0, 78, 1084, 1083, 17, 6.37%, 0, 0, 2, 12.84
1747823848, 0, 78, 1085, 1084, 17, 6.38%, 0, 0, 2, 12.77
1747823966, 0, 78, 1086, 1085, 17, 6.38%, 0, 0, 2, 7.41
1747824027, 0, 78, 1087, 1086, 17, 6.38%, 0, 0, 2, 7.55
1747824270, 0, 80, 1088, 1087, 16, 6.38%, 0, 0, 2, 11.38
1747824286, 0, 80, 1089, 1088, 16, 6.38%, 0, 0, 2, 12.88
1747824291, 0, 80, 1090, 1089, 16, 6.38%, 0, 0, 2, 12.83
1747824347, 0, 81, 1090, 1089, 16, 6.38%, 0, 0, 2, 12.70
1747824367, 0, 82, 1090, 1089, 16, 6.38%, 0, 0, 2, 10.07
1747824378, 0, 83, 1090, 1089, 16, 6.38%, 0, 0, 2, 9.50
1747824383, 0, 83, 1091, 1090, 16, 6.38%, 0, 0, 2, 7.88
1747824388, 0, 83, 1092, 1091, 16, 6.38%, 0, 0, 2, 7.42
1747824403, 0, 83, 1093, 1092, 16, 6.38%, 0, 0, 2, 7.22
1747824440, 0, 83, 1094, 1093, 16, 6.38%, 0, 0, 2, 7.16
1747824628, 0, 83, 1095, 1094, 16, 6.38%, 0, 0, 2, 7.23
1747824731, 0, 83, 1096, 1095, 16, 6.38%, 0, 0, 2, 7.19
1747824948, 0, 84, 1096, 1095, 16, 6.38%, 0, 0, 2, 9.77
1747824958, 0, 85, 1096, 1095, 16, 6.38%, 0, 0, 2, 9.91
1747824969, 0, 85, 1097, 1096, 16, 6.39%, 0, 0, 2, 7.10
1747824974, 0, 85, 1098, 1097, 16, 6.39%, 0, 0, 2, 6.96
1747824979, 0, 85, 1099, 1098, 16, 6.39%, 0, 0, 2, 6.94
1747825109, 0, 86, 1099, 1098, 16, 6.39%, 0, 0, 2, 9.73
1747825119, 0, 87, 1099, 1098, 16, 6.39%, 0, 0, 2, 12.77
1747825129, 0, 88, 1099, 1098, 16, 6.39%, 0, 0, 2, 11.99
1747825140, 0, 89, 1099, 1098, 16, 6.39%, 0, 0, 2, 12.99
1747825150, 0, 90, 1102, 1101, 16, 6.39%, 0, 0, 2, 10.58
1747825155, 0, 90, 1104, 1103, 16, 6.39%, 0, 0, 2, 7.81
1747825160, 0, 90, 1105, 1104, 16, 6.42%, 0, 0, 2, 6.77
1747825165, 0, 90, 1106, 1105, 16, 6.43%, 0, 0, 2, 6.41
1747825206, 0, 90, 1107, 1106, 16, 6.43%, 0, 0, 2, 6.26
1747825216, 0, 90, 1108, 1107, 16, 6.43%, 0, 0, 2, 6.28
1747825226, 0, 90, 1109, 1108, 16, 6.43%, 0, 0, 2, 6.30
1747825257, 0, 90, 1110, 1109, 16, 6.43%, 0, 0, 2, 6.15
1747825262, 0, 90, 1111, 1110, 16, 6.43%, 0, 0, 2, 6.14
1747825298, 0, 90, 1112, 1111, 16, 6.43%, 0, 0, 2, 6.20
1747825309, 0, 90, 1113, 1112, 16, 6.43%, 0, 0, 2, 6.23
1747825385, 0, 90, 1114, 1113, 16, 6.43%, 0, 0, 2, 6.26
1747825508, 0, 90, 1115, 1114, 16, 6.43%, 0, 0, 2, 6.14
1747825565, 0, 90, 1116, 1115, 16, 6.43%, 0, 0, 2, 6.22
1747825596, 0, 90, 1117, 1116, 16, 6.43%, 0, 0, 2, 6.18
1747825657, 0, 90, 1118, 1117, 16, 6.43%, 0, 0, 2, 6.24
1747825825, 0, 92, 1118, 1117, 17, 6.43%, 0, 0, 2, 6.29
1747825831, 0, 92, 1120, 1119, 17, 6.43%, 0, 0, 2, 6.04
1747825836, 0, 92, 1121, 1120, 17, 6.43%, 0, 0, 2, 6.02
1747825841, 0, 92, 1122, 1121, 17, 6.43%, 0, 0, 2, 5.97
1747825872, 0, 92, 1123, 1122, 17, 6.43%, 0, 0, 2, 5.99
1747825903, 0, 92, 1124, 1123, 17, 6.43%, 0, 0, 2, 5.95
1747825965, 0, 92, 1125, 1124, 17, 6.43%, 0, 0, 2, 5.95
1747825980, 0, 92, 1126, 1125, 17, 6.43%, 0, 0, 2, 5.92
1747825986, 0, 92, 1128, 1127, 17, 6.43%, 0, 0, 2, 5.99
1747826048, 0, 92, 1129, 1128, 17, 6.43%, 0, 0, 2, 6.00
1747826294, 0, 92, 1130, 1129, 17, 6.43%, 0, 0, 2, 5.95
1747826526, 0, 93, 1130, 1129, 17, 6.43%, 0, 0, 2, 10.11
1747826537, 0, 94, 1131, 1130, 17, 6.43%, 0, 0, 2, 8.16
1747826547, 0, 94, 1132, 1131, 17, 6.45%, 0, 0, 2, 6.03
1747826552, 0, 94, 1133, 1132, 17, 6.45%, 0, 0, 2, 5.85
1747826573, 0, 94, 1134, 1133, 17, 6.45%, 0, 0, 2, 5.67
1747826578, 0, 94, 1135, 1134, 17, 6.45%, 0, 0, 2, 5.66
1747826583, 0, 94, 1137, 1136, 17, 6.45%, 0, 0, 2, 5.58
1747826726, 0, 94, 1138, 1137, 17, 6.45%, 0, 0, 2, 5.60
1747826852, 0, 94, 1139, 1138, 17, 6.45%, 0, 0, 2, 5.68
1747827090, 0, 94, 1140, 1139, 17, 6.45%, 0, 0, 2, 5.67
1747827269, 0, 95, 1140, 1139, 16, 6.45%, 0, 0, 2, 7.60
1747827279, 0, 96, 1140, 1139, 16, 6.45%, 0, 0, 2, 11.29
1747827294, 0, 99, 1140, 1139, 16, 6.45%, 0, 0, 2, 14.52
1747827299, 0, 99, 1141, 1140, 16, 6.46%, 0, 0, 2, 15.47
1747827310, 0, 101, 1142, 1141, 16, 6.46%, 0, 0, 2, 11.16
1747827315, 0, 101, 1143, 1142, 16, 6.46%, 0, 0, 2, 7.69
1747827320, 0, 101, 1144, 1143, 16, 6.46%, 0, 0, 2, 6.32
1747827331, 0, 101, 1145, 1144, 16, 6.46%, 0, 0, 2, 5.46
1747827336, 0, 101, 1146, 1145, 16, 6.46%, 0, 0, 2, 5.36
1747827341, 0, 101, 1147, 1146, 16, 6.46%, 0, 0, 2, 5.37
1747827352, 0, 101, 1148, 1147, 16, 6.46%, 0, 0, 2, 5.35
1747827362, 0, 101, 1150, 1149, 16, 6.46%, 0, 0, 2, 5.42
1747827404, 0, 101, 1151, 1150, 16, 6.46%, 0, 0, 2, 5.28
1747827483, 0, 101, 1152, 1151, 16, 6.46%, 0, 0, 2, 5.29
1747827535, 0, 101, 1153, 1152, 16, 6.46%, 0, 0, 2, 5.12
1747827666, 0, 101, 1154, 1153, 16, 6.46%, 0, 0, 2, 5.19
1747827938, 0, 101, 1155, 1154, 16, 6.46%, 0, 0, 2, 5.39
1747828100, 0, 102, 1155, 1154, 16, 6.46%, 0, 0, 2, 10.55
1747828110, 0, 103, 1155, 1154, 16, 6.46%, 0, 0, 2, 11.40
1747828120, 0, 104, 1155, 1154, 16, 6.46%, 0, 0, 2, 7.76
1747828125, 0, 104, 1157, 1156, 16, 6.46%, 0, 0, 2, 5.62
1747828131, 0, 104, 1158, 1157, 16, 6.46%, 0, 0, 2, 5.26
1747828136, 0, 104, 1159, 1158, 16, 6.46%, 0, 0, 2, 5.02
1747828141, 0, 104, 1160, 1159, 16, 6.46%, 0, 0, 2, 5.04
1747828146, 0, 104, 1161, 1160, 16, 6.46%, 0, 0, 2, 5.01
1747828177, 0, 104, 1162, 1161, 16, 6.46%, 0, 0, 2, 5.04
1747828198, 0, 104, 1163, 1162, 16, 6.46%, 0, 0, 2, 5.00
1747828358, 0, 104, 1164, 1163, 16, 6.46%, 0, 0, 2, 5.10
1747828472, 0, 104, 1165, 1164, 16, 6.46%, 0, 0, 2, 4.94
1747828565, 0, 104, 1166, 1165, 16, 6.46%, 0, 0, 2, 4.98
1747828591, 0, 104, 1167, 1166, 16, 6.46%, 0, 0, 2, 4.94
1747828663, 0, 104, 1168, 1167, 16, 6.46%, 0, 0, 2, 5.08
1747828757, 0, 104, 1169, 1168, 16, 6.46%, 0, 0, 2, 4.97
1747828839, 0, 104, 1170, 1169, 16, 6.46%, 0, 0, 2, 5.05
1747828947, 0, 105, 1170, 1169, 16, 6.46%, 0, 0, 2, 5.51
1747828958, 0, 106, 1170, 1169, 16, 6.46%, 0, 0, 2, 11.76
1747828973, 0, 107, 1170, 1169, 16, 6.46%, 0, 0, 2, 15.39
1747828978, 0, 109, 1170, 1169, 16, 6.46%, 0, 0, 2, 16.41
1747828988, 0, 110, 1172, 1171, 16, 6.48%, 0, 0, 2, 8.69
1747828994, 0, 110, 1173, 1172, 16, 6.48%, 0, 0, 2, 5.73
1747829020, 0, 110, 1174, 1173, 16, 6.51%, 0, 0, 2, 4.69
1747829025, 0, 110, 1175, 1174, 16, 6.51%, 0, 0, 2, 4.78
1747829046, 0, 110, 1176, 1175, 16, 6.51%, 0, 0, 2, 4.71
1747829061, 0, 110, 1177, 1176, 16, 6.51%, 0, 0, 2, 4.70
1747829133, 0, 110, 1178, 1177, 16, 6.51%, 0, 0, 2, 4.71
1747829148, 0, 110, 1179, 1178, 16, 6.61%, 0, 0, 2, 4.69
1747829298, 0, 110, 1180, 1179, 16, 6.67%, 0, 0, 2, 4.69
1747829335, 0, 110, 1181, 1180, 16, 6.67%, 0, 0, 2, 4.81
1747829350, 0, 110, 1182, 1181, 16, 6.67%, 0, 0, 2, 4.76
1747829412, 0, 110, 1183, 1182, 16, 6.67%, 0, 0, 2, 4.70
1747829458, 0, 110, 1184, 1183, 16, 6.67%, 0, 0, 2, 4.84
1747829864, 0, 111, 1184, 1183, 16, 6.67%, 0, 0, 2, 12.21
1747829869, 0, 112, 1184, 1183, 16, 6.67%, 0, 0, 2, 13.57
1747829879, 0, 113, 1184, 1183, 16, 6.67%, 0, 0, 2, 11.94
1747829894, 0, 114, 1187, 1186, 16, 6.68%, 0, 0, 2, 6.09
1747829900, 0, 114, 1189, 1188, 16, 6.68%, 0, 0, 2, 4.94
1747829905, 0, 114, 1191, 1190, 16, 6.68%, 0, 0, 2, 4.61
1747829910, 0, 114, 1193, 1192, 16, 6.68%, 0, 0, 2, 4.52
1747829915, 0, 114, 1194, 1193, 16, 6.68%, 0, 0, 2, 4.48
1747829920, 0, 114, 1196, 1195, 16, 6.68%, 0, 0, 2, 4.43
1747829925, 0, 114, 1198, 1197, 16, 6.68%, 0, 0, 2, 4.49
1747829930, 0, 114, 1200, 1199, 16, 6.68%, 0, 0, 2, 4.40
1747829951, 0, 114, 1202, 1201, 16, 6.70%, 0, 0, 2, 4.54
1747829966, 0, 114, 1203, 1202, 16, 6.70%, 0, 0, 2, 4.49
1747829971, 0, 114, 1204, 1203, 16, 6.71%, 0, 0, 2, 4.45
1747829976, 0, 114, 1205, 1204, 16, 6.71%, 0, 0, 2, 4.48
1747829987, 0, 114, 1206, 1205, 16, 6.71%, 0, 0, 2, 4.46
1747829992, 0, 114, 1207, 1206, 16, 6.71%, 0, 0, 2, 4.48
1747829997, 0, 114, 1208, 1207, 16, 6.71%, 0, 0, 2, 4.42
1747830002, 0, 114, 1209, 1208, 16, 6.71%, 0, 0, 2, 4.47
1747830007, 0, 114, 1210, 1209, 16, 6.71%, 0, 0, 2, 4.46
1747830012, 0, 114, 1211, 1210, 16, 6.71%, 0, 0, 2, 4.42
1747830018, 0, 114, 1212, 1211, 16, 6.71%, 0, 0, 2, 4.46
1747830023, 0, 114, 1213, 1212, 16, 6.71%, 0, 0, 2, 4.49
1747830074, 0, 114, 1214, 1213, 16, 6.71%, 0, 0, 2, 4.48
1747830089, 0, 114, 1215, 1214, 16, 6.71%, 0, 0, 2, 4.53
1747830130, 0, 114, 1216, 1215, 16, 6.71%, 0, 0, 2, 4.41
1747830140, 0, 114, 1217, 1216, 16, 6.71%, 0, 0, 2, 4.50
1747830145, 0, 114, 1218, 1217, 16, 6.71%, 0, 0, 2, 4.53
1747830201, 0, 114, 1219, 1218, 16, 6.71%, 0, 0, 2, 4.51
1747830221, 0, 114, 1220, 1219, 16, 6.71%, 0, 0, 2, 4.54
1747830237, 0, 114, 1221, 1220, 16, 6.71%, 0, 0, 2, 4.47
1747830262, 0, 114, 1222, 1221, 16, 6.71%, 0, 0, 2, 4.52
1747830267, 0, 114, 1223, 1222, 16, 6.71%, 0, 0, 2, 4.58
1747830283, 0, 114, 1224, 1223, 16, 6.71%, 0, 0, 2, 4.48
1747830490, 0, 114, 1225, 1224, 16, 6.73%, 0, 0, 2, 4.49
1747830694, 0, 114, 1226, 1225, 16, 6.73%, 0, 0, 2, 4.58
1747830867, 0, 115, 1228, 1227, 19, 6.73%, 0, 0, 2, 4.43
1747830872, 0, 115, 1229, 1228, 19, 6.73%, 0, 0, 2, 4.26
1747830878, 0, 115, 1230, 1229, 19, 6.73%, 0, 0, 2, 4.20
1747830908, 0, 115, 1231, 1230, 19, 6.73%, 0, 0, 2, 4.32
1747830918, 0, 115, 1232, 1231, 19, 6.73%, 0, 0, 2, 4.47
1747830923, 0, 115, 1233, 1232, 19, 6.73%, 0, 0, 2, 4.30
1747830939, 0, 115, 1234, 1233, 19, 6.73%, 0, 0, 2, 4.28
1747830959, 0, 115, 1235, 1234, 19, 6.73%, 0, 0, 2, 4.28
1747831021, 0, 115, 1236, 1235, 19, 6.73%, 0, 0, 2, 4.30
1747831031, 0, 115, 1237, 1236, 19, 6.73%, 0, 0, 2, 4.35
1747831112, 0, 115, 1238, 1237, 19, 6.73%, 0, 0, 2, 4.20
1747831249, 0, 115, 1239, 1238, 19, 6.73%, 0, 0, 2, 4.27
1747831300, 0, 115, 1240, 1239, 19, 6.73%, 0, 0, 2, 4.27
1747831499, 0, 115, 1241, 1240, 19, 6.73%, 0, 0, 2, 4.33
1747831575, 0, 115, 1242, 1241, 19, 6.73%, 0, 0, 2, 4.18
1747831753, 0, 115, 1243, 1242, 19, 6.73%, 0, 0, 2, 4.34
1747831814, 0, 115, 1244, 1243, 19, 6.73%, 0, 0, 2, 4.38
1747831840, 0, 116, 1244, 1243, 18, 6.73%, 0, 0, 2, 5.51
1747831850, 0, 117, 1244, 1243, 18, 6.73%, 0, 0, 2, 11.40
1747831871, 0, 118, 1244, 1243, 18, 6.73%, 0, 0, 2, 5.93
1747831887, 0, 119, 1244, 1243, 18, 6.73%, 0, 0, 2, 8.05
1747831908, 0, 120, 1244, 1243, 18, 6.73%, 0, 0, 2, 8.88
1747831913, 0, 120, 1245, 1244, 18, 6.73%, 0, 0, 2, 13.68
1747831923, 0, 120, 1246, 1245, 18, 6.74%, 0, 0, 2, 15.41
1747831933, 0, 120, 1247, 1246, 18, 6.74%, 0, 0, 2, 15.54
1747831938, 0, 120, 1248, 1247, 18, 6.74%, 0, 0, 2, 15.51
1747831943, 0, 120, 1249, 1248, 18, 6.74%, 0, 0, 2, 15.55
1747831949, 0, 120, 1251, 1250, 18, 6.74%, 0, 0, 2, 15.49
1747831959, 0, 120, 1252, 1251, 18, 6.74%, 0, 0, 2, 15.55
1747831990, 0, 120, 1253, 1252, 18, 6.74%, 0, 0, 2, 15.56
1747831995, 0, 120, 1254, 1253, 18, 6.74%, 0, 0, 2, 15.55
1747832015, 0, 120, 1255, 1254, 18, 6.74%, 0, 0, 2, 15.53
1747832076, 0, 120, 1256, 1255, 18, 6.74%, 0, 0, 2, 15.59
1747832132, 0, 120, 1257, 1256, 18, 6.74%, 0, 0, 2, 15.59
1747832178, 0, 121, 1258, 1257, 19, 6.74%, 0, 0, 2, 10.22
1747832183, 0, 121, 1259, 1258, 19, 6.74%, 0, 0, 2, 5.65
1747832239, 0, 121, 1260, 1259, 19, 6.74%, 0, 0, 2, 4.13
1747832265, 0, 121, 1261, 1260, 19, 6.74%, 0, 0, 2, 4.07
1747832388, 0, 121, 1262, 1261, 19, 6.74%, 0, 0, 2, 4.19
1747832454, 0, 121, 1263, 1262, 19, 6.74%, 0, 0, 2, 4.17
1747832485, 0, 121, 1264, 1263, 19, 6.74%, 0, 0, 2, 4.11
1747832561, 0, 121, 1265, 1264, 19, 6.74%, 0, 0, 2, 4.24
1747832628, 0, 121, 1266, 1265, 19, 6.74%, 0, 0, 2, 4.10
1747832862, 0, 121, 1267, 1266, 19, 6.74%, 0, 0, 2, 4.21
1747832908, 0, 121, 1268, 1267, 19, 6.74%, 0, 0, 2, 4.13
1747833177, 0, 123, 1268, 1267, 20, 6.74%, 0, 0, 2, 6.16
1747833187, 0, 124, 1268, 1267, 20, 6.74%, 0, 0, 2, 12.89
1747833198, 0, 126, 1268, 1267, 20, 6.74%, 0, 0, 2, 13.29
1747833208, 0, 127, 1268, 1267, 20, 6.74%, 0, 0, 2, 12.87
1747833218, 0, 129, 1268, 1267, 20, 6.74%, 0, 0, 2, 11.33
1747833228, 0, 130, 1268, 1267, 20, 6.74%, 0, 0, 2, 11.21
1747833239, 0, 131, 1268, 1267, 20, 6.74%, 0, 0, 2, 10.25
1747833244, 0, 131, 1269, 1268, 20, 6.74%, 0, 0, 2, 5.70
1747833249, 0, 131, 1270, 1269, 20, 6.74%, 0, 0, 2, 4.47
1747833254, 0, 131, 1271, 1270, 20, 6.74%, 0, 0, 2, 4.07
1747833259, 0, 131, 1272, 1271, 20, 6.74%, 0, 0, 2, 4.10
1747833274, 0, 131, 1273, 1272, 20, 6.74%, 0, 0, 2, 3.99
1747833279, 0, 131, 1274, 1273, 20, 6.74%, 0, 0, 2, 4.00
1747833285, 0, 131, 1275, 1274, 20, 6.74%, 0, 0, 2, 3.91
1747833290, 0, 131, 1276, 1275, 20, 6.74%, 0, 0, 2, 3.94
1747833315, 0, 131, 1277, 1276, 20, 6.74%, 0, 0, 2, 3.98
1747833357, 0, 131, 1278, 1277, 20, 6.74%, 0, 0, 2, 4.03
1747833387, 0, 131, 1279, 1278, 20, 6.74%, 0, 0, 2, 3.92
1747833398, 0, 131, 1280, 1279, 20, 6.75%, 0, 0, 2, 3.96
1747833423, 0, 131, 1281, 1280, 20, 6.75%, 0, 0, 2, 3.99
1747833428, 0, 131, 1282, 1281, 20, 6.75%, 0, 0, 2, 3.95
1747833459, 0, 131, 1283, 1282, 20, 6.75%, 0, 0, 2, 3.98
1747833490, 0, 131, 1284, 1283, 20, 6.75%, 0, 0, 2, 3.98
1747833577, 0, 131, 1285, 1284, 20, 6.75%, 0, 0, 2, 3.97
1747833582, 0, 131, 1286, 1285, 20, 6.75%, 0, 0, 2, 3.96
1747833597, 0, 131, 1287, 1286, 20, 6.75%, 0, 0, 2, 4.25
1747833638, 0, 131, 1288, 1287, 20, 6.75%, 0, 0, 2, 3.99
1747834297, 0, 132, 1288, 1287, 22, 6.75%, 0, 0, 2, 6.30
1747834307, 0, 133, 1288, 1287, 22, 6.75%, 0, 0, 2, 10.97
1747834317, 0, 134, 1288, 1287, 22, 6.75%, 0, 0, 2, 14.86
1747834322, 0, 134, 1289, 1288, 22, 6.75%, 0, 0, 2, 14.98
1747834333, 0, 135, 1289, 1288, 22, 6.75%, 0, 0, 2, 15.07
1747834338, 0, 135, 1290, 1289, 22, 6.75%, 0, 0, 2, 15.12
1747834353, 0, 136, 1290, 1289, 22, 6.75%, 0, 0, 2, 8.83
1747834374, 0, 136, 1291, 1290, 22, 6.75%, 0, 0, 2, 4.05
1747834415, 0, 137, 1291, 1290, 22, 6.75%, 0, 0, 2, 4.55
1747834431, 0, 138, 1291, 1290, 22, 6.75%, 0, 0, 2, 12.67
1747834441, 0, 139, 1291, 1290, 22, 6.75%, 0, 0, 2, 11.90
1747834451, 0, 140, 1293, 1292, 22, 6.75%, 0, 0, 2, 6.90
1747834456, 0, 140, 1295, 1294, 22, 6.75%, 0, 0, 2, 4.65
1747834461, 0, 140, 1296, 1295, 22, 6.75%, 0, 0, 2, 4.07
1747834466, 0, 140, 1297, 1296, 22, 6.75%, 0, 0, 2, 3.84
1747834477, 0, 140, 1298, 1297, 22, 6.75%, 0, 0, 2, 3.91
1747834482, 0, 140, 1299, 1298, 22, 6.75%, 0, 0, 2, 3.86
1747834487, 0, 140, 1300, 1299, 22, 6.75%, 0, 0, 2, 3.82
1747834507, 0, 140, 1301, 1300, 22, 6.75%, 0, 0, 2, 3.80
1747834559, 0, 140, 1302, 1301, 22, 6.75%, 0, 0, 2, 3.83
1747834590, 0, 140, 1303, 1302, 22, 6.75%, 0, 0, 2, 3.80
1747834626, 0, 140, 1304, 1303, 22, 6.75%, 0, 0, 2, 3.79
1747834827, 0, 140, 1305, 1304, 22, 6.75%, 0, 0, 2, 3.82
1747835548, 0, 143, 1305, 1304, 22, 6.75%, 0, 0, 2, 3.83
1747835564, 0, 143, 1306, 1305, 22, 6.75%, 0, 0, 2, 3.81
1747835579, 0, 143, 1307, 1306, 22, 6.75%, 0, 0, 2, 3.78
1747835688, 0, 144, 1307, 1306, 22, 6.75%, 0, 0, 2, 5.62
1747835703, 0, 145, 1307, 1306, 22, 6.75%, 0, 0, 2, 9.97
1747835713, 0, 147, 1307, 1306, 22, 6.75%, 0, 0, 2, 10.69
1747835719, 0, 147, 1308, 1307, 22, 6.75%, 0, 0, 2, 11.24
1747835734, 0, 148, 1308, 1307, 22, 6.75%, 0, 0, 2, 11.64
1747835739, 0, 148, 1309, 1308, 22, 6.75%, 0, 0, 2, 14.10
1747835755, 0, 150, 1309, 1308, 22, 6.75%, 0, 0, 2, 13.16
1747835765, 0, 153, 1309, 1308, 22, 6.75%, 0, 0, 2, 12.51
1747835775, 0, 154, 1309, 1308, 22, 6.75%, 0, 0, 2, 14.05
1747835785, 0, 155, 1309, 1308, 22, 6.75%, 0, 0, 2, 12.31
1747835796, 0, 156, 1309, 1308, 22, 6.75%, 0, 0, 2, 11.01
1747835806, 0, 158, 1309, 1308, 22, 6.75%, 0, 0, 2, 10.89
1747835817, 0, 159, 1309, 1308, 22, 6.75%, 0, 0, 2, 10.84
1747835832, 0, 162, 1309, 1308, 22, 6.75%, 0, 0, 2, 12.55
1747835842, 0, 163, 1309, 1308, 22, 6.75%, 0, 0, 2, 6.52
1747835858, 0, 163, 1310, 1309, 22, 6.75%, 0, 0, 2, 3.84
1747835894, 0, 163, 1311, 1310, 22, 6.75%, 0, 0, 2, 3.78
1747835955, 0, 163, 1312, 1311, 22, 6.75%, 0, 0, 2, 3.79
1747836007, 0, 163, 1313, 1312, 22, 6.75%, 0, 0, 2, 3.87
1747836022, 0, 163, 1314, 1313, 22, 6.75%, 0, 0, 2, 3.90
1747836028, 0, 163, 1315, 1314, 22, 6.75%, 0, 0, 2, 3.87
1747836115, 0, 163, 1317, 1316, 22, 6.75%, 0, 0, 2, 3.76
1747836145, 0, 163, 1318, 1317, 22, 6.75%, 0, 0, 2, 3.82
1747836453, 0, 163, 1319, 1318, 22, 6.75%, 0, 0, 2, 3.79
1747836936, 0, 165, 1319, 1318, 23, 6.75%, 0, 0, 2, 9.60
1747836946, 0, 166, 1319, 1318, 23, 6.75%, 0, 0, 2, 12.38
1747836957, 0, 167, 1319, 1318, 23, 6.75%, 0, 0, 2, 13.43
1747836962, 0, 167, 1320, 1319, 23, 6.75%, 0, 0, 2, 14.05
1747836977, 0, 168, 1320, 1319, 23, 6.75%, 0, 0, 2, 6.71
1747837008, 0, 169, 1320, 1319, 23, 6.75%, 0, 0, 2, 7.06
1747837018, 0, 170, 1320, 1319, 23, 6.75%, 0, 0, 2, 10.94
1747837028, 0, 171, 1320, 1319, 23, 6.75%, 0, 0, 2, 13.65
1747837039, 0, 172, 1320, 1319, 23, 6.75%, 0, 0, 2, 13.01
1747837049, 0, 173, 1320, 1319, 23, 6.75%, 0, 0, 2, 11.22
1747837064, 0, 174, 1320, 1319, 23, 6.75%, 0, 0, 2, 5.69
1747837095, 0, 175, 1320, 1319, 23, 6.75%, 0, 0, 2, 3.79
1747837131, 0, 176, 1320, 1319, 23, 6.75%, 0, 0, 2, 3.77
1747837136, 0, 176, 1321, 1320, 23, 6.75%, 0, 0, 2, 3.72
1747837142, 0, 176, 1322, 1321, 23, 6.75%, 0, 0, 2, 3.78
1747837183, 0, 176, 1323, 1322, 23, 6.75%, 0, 0, 2, 3.81
1747837219, 0, 176, 1324, 1323, 23, 6.75%, 0, 0, 2, 3.72
1747837295, 0, 176, 1325, 1324, 23, 6.75%, 0, 0, 2, 3.69
1747837336, 0, 176, 1326, 1325, 23, 6.75%, 0, 0, 2, 3.76
1747837351, 0, 176, 1327, 1326, 23, 6.75%, 0, 0, 2, 3.76
1747837448, 0, 176, 1328, 1327, 23, 6.75%, 0, 0, 2, 3.70
1747837530, 0, 176, 1329, 1328, 23, 6.75%, 0, 0, 2, 3.87
1747837868, 0, 176, 1330, 1329, 23, 6.75%, 0, 0, 2, 3.74
1747837965, 0, 176, 1331, 1330, 23, 6.75%, 0, 0, 2, 3.84
1747838237, 0, 177, 1331, 1330, 23, 6.75%, 0, 0, 2, 7.22
1747838247, 0, 178, 1331, 1330, 23, 6.75%, 0, 0, 2, 8.32
1747838283, 0, 179, 1331, 1330, 23, 6.75%, 0, 0, 2, 6.83
1747838293, 0, 180, 1331, 1330, 23, 6.75%, 0, 0, 2, 9.10
1747838329, 0, 181, 1331, 1330, 23, 6.75%, 0, 0, 2, 3.75
1747838365, 0, 182, 1331, 1330, 23, 6.75%, 0, 0, 2, 8.06
1747838375, 0, 184, 1331, 1330, 23, 6.75%, 0, 0, 2, 11.30
1747838386, 0, 185, 1331, 1330, 23, 6.75%, 0, 0, 2, 13.57
1747838396, 0, 186, 1331, 1330, 23, 6.75%, 0, 0, 2, 8.37
1747838432, 0, 187, 1331, 1330, 23, 6.75%, 0, 0, 2, 3.77
1747838462, 0, 188, 1331, 1330, 23, 6.75%, 0, 0, 2, 3.82
1747838467, 0, 188, 1332, 1331, 23, 6.75%, 0, 0, 2, 3.72
1747838473, 0, 188, 1333, 1332, 23, 6.75%, 0, 0, 2, 3.66
1747838600, 0, 188, 1334, 1333, 23, 6.76%, 0, 0, 2, 3.80
1747838742, 0, 189, 1334, 1333, 24, 6.76%, 0, 0, 2, 3.78
1747838773, 0, 189, 1335, 1334, 24, 6.76%, 0, 0, 2, 3.74
1747838814, 0, 190, 1335, 1334, 24, 6.76%, 0, 0, 2, 7.33
1747838824, 0, 191, 1335, 1334, 24, 6.76%, 0, 0, 2, 8.68
1747838860, 0, 192, 1335, 1334, 24, 6.76%, 0, 0, 2, 3.74
1747838896, 0, 193, 1335, 1334, 24, 6.76%, 0, 0, 2, 8.14
1747838906, 0, 194, 1335, 1334, 24, 6.76%, 0, 0, 2, 7.26
1747838942, 0, 195, 1335, 1334, 24, 6.76%, 0, 0, 2, 3.67
1747838972, 0, 196, 1335, 1334, 24, 6.76%, 0, 0, 2, 4.29
1747838982, 0, 197, 1335, 1334, 24, 6.76%, 0, 0, 2, 11.98
1747838997, 0, 199, 1335, 1334, 24, 6.76%, 0, 0, 2, 9.75
1747839013, 0, 200, 1335, 1334, 24, 6.76%, 0, 0, 2, 5.77
1747839044, 0, 201, 1335, 1334, 24, 6.76%, 0, 0, 2, 3.81
1747839079, 0, 202, 1335, 1334, 24, 6.76%, 0, 0, 2, 7.09
1747839090, 0, 203, 1335, 1334, 24, 6.76%, 0, 0, 2, 10.15
1747839100, 0, 204, 1335, 1334, 24, 6.76%, 0, 0, 2, 11.12
1747839136, 0, 207, 1335, 1334, 24, 6.76%, 0, 0, 2, 7.75
1747839146, 0, 208, 1335, 1334, 24, 6.76%, 0, 0, 2, 10.56
1747839162, 0, 209, 1335, 1334, 24, 6.76%, 0, 0, 2, 5.98
1747839192, 0, 209, 1336, 1335, 24, 6.76%, 0, 0, 2, 3.68
1747839233, 0, 212, 1336, 1335, 24, 6.76%, 0, 0, 2, 8.97
1747839243, 0, 214, 1336, 1335, 24, 6.76%, 0, 0, 2, 6.77
1747839279, 0, 215, 1336, 1335, 24, 6.76%, 0, 0, 2, 3.65
1747839310, 0, 216, 1336, 1335, 24, 6.76%, 0, 0, 2, 3.67
1747839320, 0, 216, 1338, 1337, 24, 6.76%, 0, 0, 2, 3.53
1747839360, 0, 216, 1339, 1338, 24, 6.76%, 0, 0, 2, 3.55
1747839438, 0, 216, 1340, 1339, 24, 6.76%, 0, 0, 2, 3.54
1747839550, 0, 216, 1341, 1340, 24, 6.76%, 0, 0, 2, 3.65
1747839627, 0, 216, 1342, 1341, 24, 6.76%, 0, 0, 2, 3.57
1747839920, 0, 216, 1343, 1342, 24, 6.76%, 0, 0, 2, 3.56
1747840465, 0, 217, 1343, 1342, 24, 6.76%, 0, 0, 2, 3.58
1747840470, 0, 217, 1344, 1343, 24, 6.76%, 0, 0, 2, 3.45
1747840490, 0, 217, 1345, 1344, 24, 6.76%, 0, 0, 2, 3.44
1747840516, 0, 217, 1346, 1345, 24, 6.76%, 0, 0, 2, 3.49
1747840537, 0, 217, 1347, 1346, 24, 6.76%, 0, 0, 2, 3.61
1747840568, 0, 217, 1348, 1347, 24, 6.76%, 0, 0, 2, 3.46
1747840702, 0, 217, 1349, 1348, 24, 6.76%, 0, 0, 2, 3.46
1747841598, 0, 217, 1350, 1349, 24, 6.76%, 0, 0, 2, 3.42
1747841655, 0, 219, 1350, 1349, 25, 6.76%, 0, 0, 2, 3.45
1747841665, 0, 219, 1351, 1350, 25, 6.76%, 0, 0, 2, 3.38
1747841670, 0, 219, 1352, 1351, 25, 6.76%, 0, 0, 2, 3.46
1747841686, 0, 219, 1353, 1352, 25, 6.76%, 0, 0, 2, 3.38
1747841959, 0, 220, 1353, 1352, 25, 6.76%, 0, 0, 2, 3.40
1747841970, 0, 220, 1354, 1353, 25, 6.76%, 0, 0, 2, 3.47
1747842036, 0, 221, 1354, 1353, 25, 6.76%, 0, 0, 2, 6.95
1747842046, 0, 222, 1354, 1353, 25, 6.76%, 0, 0, 2, 9.06
1747842082, 0, 223, 1354, 1353, 25, 6.76%, 0, 0, 2, 3.55
1747842113, 0, 223, 1355, 1354, 25, 6.76%, 0, 0, 2, 3.41
1747842159, 0, 224, 1355, 1354, 25, 6.76%, 0, 0, 2, 7.81
1747842164, 0, 224, 1356, 1355, 25, 6.76%, 0, 0, 2, 12.79
1747842175, 0, 224, 1357, 1356, 25, 6.76%, 0, 0, 2, 13.99
1747842185, 0, 224, 1358, 1357, 25, 6.76%, 0, 0, 2, 14.13
1747842210, 0, 224, 1360, 1359, 25, 6.76%, 0, 0, 2, 14.15
1747842307, 0, 224, 1361, 1360, 25, 6.76%, 0, 0, 2, 14.06
1747842455, 0, 225, 1361, 1360, 25, 6.76%, 0, 0, 2, 7.38
1747842491, 0, 226, 1361, 1360, 25, 6.76%, 0, 0, 2, 3.47
1747842526, 0, 228, 1361, 1360, 25, 6.76%, 0, 0, 2, 3.53
1747842557, 0, 228, 1362, 1361, 25, 6.76%, 0, 0, 2, 3.42
1747842603, 0, 229, 1362, 1361, 25, 6.76%, 0, 0, 2, 3.43
1747842640, 0, 232, 1362, 1361, 25, 6.76%, 0, 0, 2, 3.64
1747842671, 0, 234, 1362, 1361, 25, 6.76%, 0, 0, 2, 3.71
1747842712, 0, 235, 1363, 1362, 25, 6.76%, 0, 0, 2, 9.64
1747842717, 0, 235, 1364, 1363, 25, 6.76%, 0, 0, 2, 11.28
1747842752, 0, 235, 1365, 1364, 25, 6.76%, 0, 0, 2, 11.86
1747842798, 0, 236, 1365, 1364, 25, 6.76%, 0, 0, 2, 7.48
1747842833, 0, 237, 1365, 1364, 25, 6.76%, 0, 0, 2, 3.53
1747842869, 0, 238, 1365, 1364, 25, 6.76%, 0, 0, 2, 3.49
1747842906, 0, 242, 1365, 1364, 25, 6.76%, 0, 0, 2, 3.51
1747842942, 0, 244, 1365, 1364, 25, 6.76%, 0, 0, 2, 3.52
1747842978, 0, 245, 1365, 1364, 25, 6.76%, 0, 0, 2, 3.50
1747843019, 0, 246, 1365, 1364, 25, 6.76%, 0, 0, 2, 3.73
1747843050, 0, 247, 1365, 1364, 25, 6.76%, 0, 0, 2, 3.68
1747843086, 0, 248, 1365, 1364, 25, 6.76%, 0, 0, 2, 3.49
1747843091, 0, 248, 1366, 1365, 25, 6.76%, 0, 0, 2, 3.33
1747843096, 0, 248, 1367, 1366, 25, 6.76%, 0, 0, 2, 3.33
1747843117, 0, 248, 1368, 1367, 25, 6.76%, 0, 0, 2, 3.36
1747843132, 0, 248, 1369, 1368, 25, 6.76%, 0, 0, 2, 3.39
1747843184, 0, 248, 1370, 1369, 25, 6.76%, 0, 0, 2, 3.33
1747843225, 0, 248, 1371, 1370, 25, 6.76%, 0, 0, 2, 3.35
1747843231, 0, 248, 1372, 1371, 25, 6.76%, 0, 0, 2, 3.37
1747843832, 0, 248, 1373, 1372, 25, 6.76%, 0, 0, 2, 3.51
1747843848, 0, 248, 1374, 1373, 25, 6.76%, 0, 0, 2, 3.46
1747844315, 0, 249, 1374, 1373, 25, 6.76%, 0, 0, 2, 9.50
1747844325, 0, 250, 1374, 1373, 25, 6.76%, 0, 0, 2, 12.00
1747844336, 0, 251, 1374, 1373, 25, 6.76%, 0, 0, 2, 6.98
1747844372, 0, 252, 1374, 1373, 25, 6.76%, 0, 0, 2, 3.68
1747844408, 0, 253, 1374, 1373, 25, 6.76%, 0, 0, 2, 3.53
1747844418, 0, 253, 1375, 1374, 25, 6.76%, 0, 0, 2, 3.42
1747844470, 0, 253, 1376, 1375, 25, 6.76%, 0, 0, 2, 3.36
1747844475, 0, 253, 1377, 1376, 25, 6.76%, 0, 0, 2, 3.35
1747844542, 0, 253, 1378, 1377, 25, 6.76%, 0, 0, 2, 3.36
1747844649, 0, 253, 1379, 1378, 25, 6.76%, 0, 0, 2, 3.33
1747845626, 0, 254, 1379, 1378, 25, 6.76%, 0, 0, 2, 32.19
1747846207, 0, 255, 1379, 1377, 25, 6.76%, 0, 0, 2, 3.49
1747846243, 0, 256, 1379, 1377, 25, 6.76%, 0, 0, 2, 3.40
1747846284, 0, 257, 1379, 1377, 25, 6.76%, 0, 0, 2, 3.37
1747846320, 0, 258, 1379, 1377, 25, 6.76%, 0, 0, 2, 3.41
1747846357, 0, 260, 1379, 1377, 25, 6.76%, 0, 0, 2, 7.69
1747846367, 0, 261, 1379, 1377, 25, 6.76%, 0, 0, 2, 8.92
1747846403, 0, 262, 1379, 1377, 25, 6.76%, 0, 0, 2, 3.36
1747846429, 0, 262, 1380, 1378, 25, 6.76%, 0, 0, 3, 3.33
1747846481, 0, 263, 1380, 1378, 25, 6.76%, 0, 0, 3, 3.42
1747846522, 0, 264, 1380, 1378, 25, 6.76%, 0, 0, 3, 3.42
1747846558, 0, 265, 1380, 1378, 25, 6.76%, 0, 0, 3, 8.31
1747846568, 0, 266, 1380, 1378, 25, 6.76%, 0, 0, 3, 8.59
1747846573, 0, 266, 1381, 1379, 25, 6.76%, 0, 0, 3, 5.12
1747846645, 0, 268, 1381, 1379, 25, 6.76%, 0, 0, 3, 3.41
1747846682, 0, 269, 1381, 1379, 25, 6.76%, 0, 0, 3, 3.40
1747846718, 0, 272, 1381, 1379, 25, 6.76%, 0, 0, 3, 3.48
1747846754, 0, 273, 1381, 1379, 25, 6.76%, 0, 0, 3, 4.18
1747846764, 0, 274, 1381, 1379, 25, 6.76%, 0, 0, 3, 13.24
1747846774, 0, 275, 1381, 1379, 25, 6.76%, 0, 0, 3, 10.55
1747846810, 0, 276, 1381, 1379, 25, 6.76%, 0, 0, 3, 3.45
1747846816, 0, 276, 1382, 1380, 25, 6.76%, 0, 0, 3, 3.32
1747846872, 0, 276, 1383, 1381, 25, 6.76%, 0, 0, 3, 3.33
1747846902, 0, 276, 1384, 1382, 25, 6.76%, 0, 0, 3, 3.33
1747847127, 0, 278, 1384, 1382, 25, 6.76%, 0, 0, 3, 3.38
1747847163, 0, 279, 1384, 1382, 25, 6.76%, 0, 0, 3, 3.45
1747847199, 0, 280, 1384, 1382, 25, 6.76%, 0, 0, 3, 3.42
1747847240, 0, 281, 1384, 1382, 25, 6.76%, 0, 0, 3, 3.40
1747847277, 0, 284, 1384, 1382, 25, 6.76%, 0, 0, 3, 3.43
1747847313, 0, 286, 1384, 1382, 25, 6.76%, 0, 0, 3, 3.44
1747847349, 0, 288, 1384, 1382, 25, 6.76%, 0, 0, 3, 3.45
1747847386, 0, 290, 1384, 1382, 25, 6.76%, 0, 0, 3, 3.40
1747847427, 0, 292, 1384, 1382, 25, 6.76%, 0, 0, 3, 11.33
1747847432, 0, 293, 1384, 1382, 25, 6.76%, 0, 0, 3, 12.00
1747847474, 0, 294, 1384, 1382, 25, 6.76%, 0, 0, 3, 3.45
1747847510, 0, 295, 1384, 1382, 25, 6.76%, 0, 0, 3, 3.46
1747847520, 0, 295, 1385, 1383, 25, 6.76%, 0, 0, 3, 3.40
1747847587, 0, 296, 1385, 1383, 25, 6.76%, 0, 0, 3, 3.38
1747847628, 0, 297, 1385, 1383, 25, 6.76%, 0, 0, 3, 3.40
1747847664, 0, 298, 1385, 1383, 25, 6.76%, 0, 0, 3, 3.40
1747847700, 0, 299, 1385, 1383, 25, 6.76%, 0, 0, 3, 3.40
1747847737, 0, 300, 1385, 1383, 25, 6.76%, 0, 0, 3, 3.47
1747847778, 0, 302, 1385, 1383, 25, 6.76%, 0, 0, 3, 3.43
1747847814, 0, 303, 1385, 1383, 25, 6.76%, 0, 0, 3, 3.42
1747847850, 0, 304, 1385, 1383, 25, 6.76%, 0, 0, 3, 3.39
1747847886, 0, 305, 1385, 1383, 25, 6.76%, 0, 0, 3, 3.45
1747847927, 0, 307, 1385, 1383, 25, 6.76%, 0, 0, 3, 3.38
1747847958, 0, 307, 1386, 1384, 25, 6.76%, 0, 0, 3, 3.32
1747848004, 0, 308, 1386, 1384, 25, 6.76%, 0, 0, 3, 3.38
1747848045, 0, 309, 1386, 1384, 25, 6.76%, 0, 0, 3, 3.40
1747848060, 0, 309, 1387, 1385, 25, 6.76%, 0, 0, 3, 3.37
1747848122, 0, 310, 1387, 1385, 25, 6.76%, 0, 0, 3, 3.42
1747848158, 0, 312, 1387, 1385, 25, 6.76%, 0, 0, 3, 3.40
1747848194, 0, 313, 1387, 1385, 25, 6.76%, 0, 0, 3, 3.41
1747848231, 0, 314, 1387, 1385, 25, 6.76%, 0, 0, 3, 3.44
1747848272, 0, 315, 1387, 1385, 25, 6.76%, 0, 0, 3, 3.37
1747848308, 0, 316, 1387, 1385, 25, 6.76%, 0, 0, 3, 3.38
1747848323, 0, 316, 1388, 1386, 25, 6.76%, 0, 0, 3, 3.32
1747848390, 0, 317, 1388, 1386, 25, 6.76%, 0, 0, 3, 3.43
1747848426, 0, 318, 1388, 1386, 25, 6.76%, 0, 0, 3, 3.41
1747848462, 0, 319, 1388, 1386, 25, 6.76%, 0, 0, 3, 7.14
1747848472, 0, 321, 1388, 1386, 25, 6.76%, 0, 0, 3, 9.35
1747848508, 0, 322, 1388, 1386, 25, 6.76%, 0, 0, 3, 3.46
1747848549, 0, 323, 1388, 1386, 25, 6.76%, 0, 0, 3, 3.29
1747848585, 0, 324, 1388, 1386, 25, 6.76%, 0, 0, 3, 3.34
1747848626, 0, 325, 1388, 1386, 25, 6.76%, 0, 0, 3, 3.46
1747848662, 0, 327, 1388, 1386, 25, 6.76%, 0, 0, 3, 3.43
1747848698, 0, 329, 1388, 1386, 25, 6.76%, 0, 0, 3, 3.40
1747848735, 0, 330, 1388, 1386, 25, 6.76%, 0, 0, 3, 3.46
1747848755, 0, 330, 1389, 1387, 25, 6.76%, 0, 0, 3, 3.30
1747848817, 0, 331, 1389, 1387, 25, 6.76%, 0, 0, 3, 10.08
1747848827, 0, 333, 1389, 1387, 25, 6.76%, 0, 0, 3, 7.19
1747848863, 0, 334, 1389, 1387, 25, 6.76%, 0, 0, 3, 3.43
1747848899, 0, 335, 1389, 1387, 25, 6.76%, 0, 0, 3, 3.48
1747848935, 0, 336, 1389, 1387, 25, 6.76%, 0, 0, 3, 3.44
1747848961, 0, 336, 1390, 1388, 25, 6.76%, 0, 0, 3, 3.48
1747849013, 0, 338, 1390, 1388, 25, 6.76%, 0, 0, 3, 3.42
1747849054, 0, 339, 1390, 1388, 25, 6.76%, 0, 0, 3, 3.37
1747849090, 0, 340, 1390, 1388, 25, 6.76%, 0, 0, 3, 3.50
1747849095, 0, 340, 1391, 1389, 25, 6.76%, 0, 0, 3, 3.34
1747849168, 0, 341, 1391, 1389, 25, 6.76%, 0, 0, 3, 3.43
1747849183, 0, 341, 1392, 1390, 25, 6.76%, 0, 0, 3, 3.40
1747849245, 0, 341, 1393, 1391, 25, 6.76%, 0, 0, 3, 3.28
1747849326, 0, 342, 1393, 1391, 25, 6.76%, 0, 0, 3, 3.38
1747849363, 0, 343, 1393, 1391, 25, 6.76%, 0, 0, 3, 3.42
1747849398, 0, 344, 1393, 1391, 25, 6.76%, 0, 0, 3, 3.38
1747849440, 0, 348, 1393, 1391, 25, 6.76%, 0, 0, 3, 3.40
1747849476, 0, 349, 1393, 1391, 25, 6.76%, 0, 0, 3, 3.39
1747849512, 0, 350, 1393, 1391, 25, 6.76%, 0, 0, 3, 3.39
1747849553, 0, 353, 1393, 1391, 25, 6.76%, 0, 0, 3, 3.34
1747849588, 0, 354, 1393, 1391, 25, 6.76%, 0, 0, 3, 3.35
1747849630, 0, 356, 1393, 1391, 25, 6.76%, 0, 0, 3, 3.36
1747849666, 0, 358, 1393, 1391, 25, 6.76%, 0, 0, 3, 3.39
1747849707, 0, 359, 1393, 1391, 25, 6.76%, 0, 0, 3, 3.40
1747849743, 0, 360, 1393, 1391, 25, 6.76%, 0, 0, 3, 3.38
1747849779, 0, 361, 1393, 1391, 25, 6.76%, 0, 0, 3, 3.37
1747849815, 0, 362, 1393, 1391, 25, 6.76%, 0, 0, 3, 3.41
1747849856, 0, 363, 1393, 1391, 25, 6.76%, 0, 0, 3, 3.35
1747849893, 0, 365, 1393, 1391, 25, 6.76%, 0, 0, 3, 3.47
1747849924, 0, 366, 1393, 1391, 25, 6.76%, 0, 0, 3, 5.66
1747849945, 0, 367, 1393, 1391, 25, 6.76%, 0, 0, 3, 5.75
1747849966, 0, 368, 1393, 1391, 25, 6.76%, 0, 0, 3, 5.87
1747849986, 0, 369, 1393, 1391, 25, 6.76%, 0, 0, 3, 5.80
1747850013, 0, 370, 1393, 1391, 25, 6.76%, 0, 0, 3, 5.74
1747850034, 0, 371, 1393, 1391, 25, 6.76%, 0, 0, 3, 5.70
1747850055, 0, 372, 1393, 1391, 25, 6.76%, 0, 0, 3, 5.79
1747850075, 0, 373, 1393, 1391, 25, 6.76%, 0, 0, 3, 5.67
1747850102, 0, 375, 1393, 1391, 25, 6.76%, 0, 0, 3, 5.78
1747850123, 0, 376, 1393, 1391, 25, 6.76%, 0, 0, 3, 5.77
1747850144, 0, 377, 1393, 1391, 25, 6.76%, 0, 0, 3, 5.75
1747850170, 0, 378, 1393, 1391, 25, 6.76%, 0, 0, 3, 5.71
1747850190, 0, 379, 1393, 1391, 25, 6.76%, 0, 0, 3, 5.84
1747850211, 0, 380, 1393, 1391, 25, 6.76%, 0, 0, 3, 5.76
1747850216, 0, 380, 1394, 1392, 25, 6.76%, 0, 0, 3, 5.63
1747850221, 0, 380, 1395, 1393, 25, 6.76%, 0, 0, 3, 5.54
1747850226, 0, 380, 1396, 1394, 25, 6.76%, 0, 0, 3, 5.51
1747850252, 0, 380, 1397, 1395, 25, 6.76%, 0, 0, 3, 5.45
1747850319, 0, 380, 1398, 1396, 25, 6.76%, 0, 0, 3, 5.59
1747850570, 0, 380, 1399, 1397, 25, 6.76%, 0, 0, 3, 5.54
1747850611, 0, 380, 1400, 1398, 25, 6.76%, 0, 0, 3, 5.56
1747851067, 0, 382, 1400, 1398, 21, 6.76%, 0, 0, 3, 5.60
1747851078, 0, 382, 1401, 1399, 21, 6.76%, 0, 0, 3, 5.44
1747851114, 0, 383, 1401, 1399, 21, 6.76%, 0, 0, 3, 5.47
1747851140, 0, 386, 1402, 1400, 21, 6.76%, 0, 0, 3, 5.74
1747851186, 0, 387, 1402, 1400, 21, 6.76%, 0, 0, 3, 5.39
1747851206, 0, 388, 1402, 1400, 21, 6.76%, 0, 0, 3, 5.59
1747851232, 0, 389, 1402, 1400, 21, 6.76%, 0, 0, 3, 5.47
1747851252, 0, 391, 1402, 1400, 21, 6.76%, 0, 0, 3, 5.67
1747851279, 0, 393, 1402, 1400, 21, 6.76%, 0, 0, 3, 5.69
1747851300, 0, 394, 1402, 1400, 21, 6.76%, 0, 0, 3, 5.42
1747851326, 0, 397, 1402, 1400, 21, 6.76%, 0, 0, 3, 5.63
1747851346, 0, 398, 1402, 1400, 21, 6.76%, 0, 0, 3, 5.78
1747851367, 0, 399, 1402, 1400, 21, 6.76%, 0, 0, 3, 5.78
1747851393, 0, 400, 1402, 1400, 21, 6.76%, 0, 0, 3, 4.88
1747851429, 0, 401, 1402, 1400, 21, 6.76%, 0, 0, 3, 3.38
1747851465, 0, 402, 1402, 1400, 21, 6.76%, 0, 0, 3, 3.25
1747851506, 0, 403, 1402, 1400, 21, 6.76%, 0, 0, 3, 3.32
1747851543, 0, 404, 1402, 1400, 21, 6.76%, 0, 0, 3, 3.21
1747851584, 0, 405, 1402, 1400, 21, 6.76%, 0, 0, 3, 3.30
1747851620, 0, 406, 1402, 1400, 21, 6.76%, 0, 0, 3, 3.31
1747851661, 0, 407, 1402, 1400, 21, 6.76%, 0, 0, 3, 3.27
1747851697, 0, 408, 1402, 1400, 21, 6.76%, 0, 0, 3, 3.26
1747851739, 0, 410, 1402, 1400, 21, 6.76%, 0, 0, 3, 3.27
1747851764, 0, 410, 1403, 1401, 21, 6.76%, 0, 0, 3, 3.22
1747851821, 0, 411, 1403, 1401, 21, 6.76%, 0, 0, 3, 3.29
1747851857, 0, 412, 1403, 1401, 21, 6.76%, 0, 0, 3, 3.28
1747851899, 0, 414, 1403, 1401, 21, 6.76%, 0, 0, 3, 3.43
1747851935, 0, 416, 1403, 1401, 21, 6.76%, 0, 0, 3, 3.34
1747851976, 0, 417, 1403, 1401, 21, 6.76%, 0, 0, 3, 3.36
1747852011, 0, 418, 1403, 1401, 21, 6.76%, 0, 0, 3, 3.32
1747852048, 0, 419, 1403, 1401, 21, 6.76%, 0, 0, 3, 3.35
1747852089, 0, 420, 1403, 1401, 21, 6.76%, 0, 0, 3, 3.22
1747852130, 0, 421, 1403, 1401, 21, 6.76%, 0, 0, 3, 3.25
1747852161, 0, 422, 1403, 1401, 21, 6.76%, 0, 0, 3, 5.27
1747852182, 0, 423, 1403, 1401, 21, 6.76%, 0, 0, 3, 5.72
1747852208, 0, 424, 1403, 1401, 21, 6.76%, 0, 0, 3, 5.68
1747852229, 0, 425, 1403, 1401, 21, 6.76%, 0, 0, 3, 5.50
1747852254, 0, 426, 1403, 1401, 21, 6.76%, 0, 0, 3, 5.49
1747852275, 0, 428, 1403, 1401, 21, 6.76%, 0, 0, 3, 5.54
1747852300, 0, 431, 1403, 1401, 21, 6.76%, 0, 0, 3, 5.54
1747852321, 0, 432, 1403, 1401, 21, 6.76%, 0, 0, 3, 5.43
1747852347, 0, 433, 1403, 1401, 21, 6.76%, 0, 0, 3, 5.43
1747852352, 0, 433, 1404, 1402, 21, 6.76%, 0, 0, 3, 5.60
1747852393, 0, 434, 1404, 1402, 21, 6.76%, 0, 0, 3, 5.55
1747852419, 0, 436, 1404, 1402, 21, 6.76%, 0, 0, 3, 5.67
1747852440, 0, 437, 1404, 1402, 21, 6.76%, 0, 0, 3, 5.78
1747852460, 0, 439, 1404, 1402, 21, 6.76%, 0, 0, 3, 5.70
1747852486, 0, 440, 1404, 1402, 21, 6.76%, 0, 0, 3, 5.72
1747852507, 0, 441, 1404, 1402, 21, 6.76%, 0, 0, 3, 5.69
1747852532, 0, 443, 1404, 1402, 21, 6.76%, 0, 0, 3, 5.75
1747852553, 0, 444, 1404, 1402, 21, 6.76%, 0, 0, 3, 5.68
1747852574, 0, 445, 1404, 1402, 21, 6.76%, 0, 0, 3, 5.59
1747852599, 0, 448, 1404, 1402, 21, 6.76%, 0, 0, 3, 5.55
1747852620, 0, 449, 1404, 1402, 21, 6.76%, 0, 0, 3, 5.53
1747852646, 0, 450, 1404, 1402, 21, 6.76%, 0, 0, 3, 5.48
1747852672, 0, 451, 1404, 1402, 21, 6.76%, 0, 0, 3, 5.70
1747852692, 0, 452, 1404, 1402, 21, 6.76%, 0, 0, 3, 5.65
1747852713, 0, 453, 1404, 1402, 21, 6.76%, 0, 0, 3, 5.54
1747852739, 0, 454, 1404, 1402, 21, 6.76%, 0, 0, 3, 5.58
1747852775, 0, 455, 1404, 1402, 21, 6.76%, 0, 0, 3, 3.31
1747852811, 0, 456, 1404, 1402, 21, 6.76%, 0, 0, 3, 3.31
1747852852, 0, 458, 1405, 1403, 21, 6.76%, 0, 0, 3, 3.14
1747852934, 0, 460, 1405, 1403, 21, 6.76%, 0, 0, 3, 3.24
1747852955, 0, 460, 1406, 1404, 21, 6.76%, 0, 0, 3, 3.21
1747853017, 0, 461, 1406, 1404, 21, 6.76%, 0, 0, 3, 3.25
1747853032, 0, 461, 1407, 1405, 21, 6.76%, 0, 0, 3, 3.13
1747853094, 0, 461, 1408, 1406, 21, 6.76%, 0, 0, 3, 3.19
1747853177, 0, 462, 1408, 1406, 21, 6.76%, 0, 0, 3, 3.25
1747853218, 0, 463, 1408, 1406, 21, 6.76%, 0, 0, 3, 3.19
1747853259, 0, 464, 1408, 1406, 21, 6.76%, 0, 0, 3, 3.17
1747853295, 0, 465, 1408, 1406, 21, 6.76%, 0, 0, 3, 3.19
1747853337, 0, 466, 1408, 1406, 21, 6.76%, 0, 0, 3, 3.25
1747853378, 0, 467, 1408, 1406, 21, 6.76%, 0, 0, 3, 3.27
1747853419, 0, 468, 1408, 1406, 21, 6.76%, 0, 0, 3, 3.23
1747853450, 0, 468, 1409, 1407, 21, 6.76%, 0, 0, 3, 3.13
1747853502, 0, 469, 1409, 1407, 21, 6.76%, 0, 0, 3, 3.35
1747853538, 0, 470, 1409, 1407, 21, 6.76%, 0, 0, 3, 3.28
1747853575, 0, 471, 1409, 1407, 21, 6.76%, 0, 0, 3, 3.30
1747853616, 0, 472, 1409, 1407, 21, 6.76%, 0, 0, 3, 3.22
1747853657, 0, 473, 1409, 1407, 21, 6.76%, 0, 0, 3, 3.28
1747853693, 0, 474, 1409, 1407, 21, 6.76%, 0, 0, 3, 3.35
1747853734, 0, 475, 1409, 1407, 21, 6.76%, 0, 0, 3, 3.18
1747853744, 0, 475, 1410, 1408, 21, 6.76%, 0, 0, 3, 3.16
1747853816, 0, 476, 1410, 1408, 21, 6.76%, 0, 0, 3, 3.30
1747853852, 0, 477, 1410, 1408, 21, 6.76%, 0, 0, 3, 3.43
1747853893, 0, 480, 1410, 1408, 21, 6.76%, 0, 0, 3, 3.33
1747853919, 0, 481, 1410, 1408, 21, 6.76%, 0, 0, 3, 5.48
1747853939, 0, 482, 1410, 1408, 21, 6.76%, 0, 0, 3, 5.67
1747853966, 0, 484, 1410, 1408, 21, 6.76%, 0, 0, 3, 5.71
1747853986, 0, 485, 1410, 1408, 21, 6.76%, 0, 0, 3, 5.81
1747854007, 0, 486, 1410, 1408, 21, 6.76%, 0, 0, 3, 5.84
1747854028, 0, 487, 1410, 1408, 21, 6.76%, 0, 0, 3, 5.57
1747854054, 0, 488, 1410, 1408, 21, 6.76%, 0, 0, 3, 5.51
1747854090, 0, 490, 1410, 1408, 21, 6.76%, 0, 0, 3, 3.09
1747854131, 0, 491, 1410, 1408, 21, 6.76%, 0, 0, 3, 3.07
1747854173, 0, 492, 1410, 1408, 21, 6.76%, 0, 0, 3, 3.08
1747854214, 0, 493, 1410, 1408, 21, 6.76%, 0, 0, 3, 3.18
1747854235, 0, 493, 1411, 1409, 21, 6.76%, 0, 0, 3, 3.15
1747854296, 0, 494, 1411, 1409, 21, 6.76%, 0, 0, 3, 3.13
1747854338, 0, 495, 1411, 1409, 21, 6.76%, 0, 0, 3, 3.11
1747854380, 0, 496, 1411, 1409, 21, 6.76%, 0, 0, 3, 3.07
1747854422, 0, 498, 1411, 1409, 21, 6.76%, 0, 0, 3, 3.15
1747854463, 0, 499, 1411, 1409, 21, 6.76%, 0, 0, 3, 3.01
1747854505, 0, 501, 1411, 1409, 21, 6.76%, 0, 0, 3, 3.07
1747854546, 0, 502, 1411, 1409, 21, 6.76%, 0, 0, 3, 3.02
1747854588, 0, 503, 1411, 1409, 21, 6.76%, 0, 0, 3, 2.97
1747854630, 0, 504, 1411, 1409, 21, 6.76%, 0, 0, 3, 3.05
1747854671, 0, 506, 1411, 1409, 21, 6.76%, 0, 0, 3, 3.09
1747854718, 0, 507, 1411, 1409, 21, 6.76%, 0, 0, 3, 3.08
1747854723, 0, 507, 1412, 1410, 21, 6.76%, 0, 0, 3, 3.05
1747854739, 0, 507, 1413, 1411, 21, 6.76%, 0, 0, 3, 3.01
1747854791, 0, 507, 1414, 1412, 21, 6.76%, 0, 0, 3, 2.95
1747855004, 0, 507, 1415, 1413, 21, 6.76%, 0, 0, 3, 2.96
1747855399, 0, 508, 1415, 1413, 21, 6.76%, 0, 0, 3, 3.14
1747855435, 0, 510, 1415, 1413, 21, 6.76%, 0, 0, 3, 3.24
1747855477, 0, 511, 1415, 1413, 21, 6.76%, 0, 0, 3, 3.15
1747855518, 0, 513, 1415, 1413, 21, 6.76%, 0, 0, 3, 3.01
1747855538, 0, 513, 1416, 1414, 21, 6.76%, 0, 0, 3, 2.96
1747855574, 0, 513, 1417, 1415, 21, 6.76%, 0, 0, 3, 3.10
1747855687, 0, 514, 1417, 1415, 21, 6.76%, 0, 0, 3, 3.13
1747855728, 0, 515, 1417, 1415, 21, 6.76%, 0, 0, 3, 3.18
1747855765, 0, 515, 1418, 1416, 21, 6.76%, 0, 0, 3, 3.12
1747855811, 0, 516, 1418, 1416, 21, 6.76%, 0, 0, 3, 3.21
1747855852, 0, 517, 1418, 1416, 21, 6.76%, 0, 0, 3, 3.10
1747855893, 0, 519, 1418, 1416, 21, 6.76%, 0, 0, 3, 3.15
1747855935, 0, 520, 1418, 1416, 21, 6.76%, 0, 0, 3, 3.33
1747855970, 0, 524, 1418, 1416, 21, 6.76%, 0, 0, 3, 3.43
1747856006, 0, 525, 1418, 1416, 21, 6.76%, 0, 0, 3, 3.38
1747856048, 0, 526, 1418, 1416, 21, 6.76%, 0, 0, 3, 3.25
1747856088, 0, 527, 1418, 1416, 21, 6.76%, 0, 0, 3, 3.17
1747856130, 0, 529, 1418, 1416, 21, 6.76%, 0, 0, 3, 3.29
1747856166, 0, 530, 1418, 1416, 21, 6.76%, 0, 0, 3, 3.28
1747856207, 0, 531, 1418, 1416, 21, 6.76%, 0, 0, 3, 3.30
1747856243, 0, 532, 1418, 1416, 21, 6.76%, 0, 0, 3, 3.43
1747856279, 0, 533, 1418, 1416, 21, 6.76%, 0, 0, 3, 3.37
1747856320, 0, 534, 1418, 1416, 21, 6.76%, 0, 0, 3, 3.20
1747856362, 0, 535, 1418, 1416, 21, 6.76%, 0, 0, 3, 3.22
1747856398, 0, 536, 1418, 1416, 21, 6.76%, 0, 0, 3, 3.24
1747856440, 0, 537, 1418, 1416, 21, 6.76%, 0, 0, 3, 3.27
1747856480, 0, 539, 1418, 1416, 21, 6.76%, 0, 0, 3, 3.37
1747856516, 0, 540, 1418, 1416, 21, 6.76%, 0, 0, 3, 3.39
1747856553, 0, 542, 1418, 1416, 21, 6.76%, 0, 0, 3, 3.41
1747856594, 0, 543, 1418, 1416, 21, 6.76%, 0, 0, 3, 3.28
1747856635, 0, 544, 1418, 1416, 21, 6.76%, 0, 0, 3, 3.19
1747856676, 0, 545, 1418, 1416, 21, 6.76%, 0, 0, 3, 3.16
1747856712, 0, 546, 1418, 1416, 21, 6.76%, 0, 0, 3, 3.28
1747856753, 0, 548, 1418, 1416, 21, 6.76%, 0, 0, 3, 3.21
1747856795, 0, 549, 1418, 1416, 21, 6.76%, 0, 0, 3, 3.26
1747856830, 0, 552, 1418, 1416, 21, 6.76%, 0, 0, 3, 3.26
1747856871, 0, 553, 1418, 1416, 21, 6.76%, 0, 0, 3, 3.38
1747856907, 0, 554, 1418, 1416, 21, 6.76%, 0, 0, 3, 3.32
1747856948, 0, 555, 1418, 1416, 21, 6.76%, 0, 0, 3, 3.29
1747856989, 0, 556, 1418, 1416, 21, 6.76%, 0, 0, 3, 3.27
1747857025, 0, 557, 1418, 1416, 21, 6.76%, 0, 0, 3, 3.22
1747857066, 0, 558, 1418, 1416, 21, 6.76%, 0, 0, 3, 3.14
1747857108, 0, 559, 1418, 1416, 21, 6.76%, 0, 0, 3, 3.21
1747857148, 0, 560, 1418, 1416, 21, 6.76%, 0, 0, 3, 3.22
1747857185, 0, 561, 1418, 1416, 21, 6.76%, 0, 0, 3, 3.29
1747857226, 0, 562, 1418, 1416, 21, 6.76%, 0, 0, 3, 3.25
1747857267, 0, 563, 1418, 1416, 21, 6.76%, 0, 0, 3, 3.26
1747857303, 0, 564, 1418, 1416, 21, 6.76%, 0, 0, 3, 3.43
1747857339, 0, 565, 1418, 1416, 21, 6.76%, 0, 0, 3, 3.40
1747857380, 0, 566, 1418, 1416, 21, 6.76%, 0, 0, 3, 3.25
1747857421, 0, 568, 1418, 1416, 21, 6.76%, 0, 0, 3, 3.15
1747857458, 0, 570, 1418, 1416, 21, 6.76%, 0, 0, 3, 3.13
1747857498, 0, 571, 1418, 1416, 21, 6.76%, 0, 0, 3, 3.13
1747857539, 0, 572, 1418, 1416, 21, 6.76%, 0, 0, 3, 3.23
1747857580, 0, 574, 1418, 1416, 21, 6.76%, 0, 0, 3, 3.19
1747857621, 0, 576, 1418, 1416, 21, 6.76%, 0, 0, 3, 3.25
1747857662, 0, 577, 1418, 1416, 21, 6.76%, 0, 0, 3, 3.14
1747857703, 0, 578, 1418, 1416, 21, 6.76%, 0, 0, 3, 3.16
1747857739, 0, 579, 1418, 1416, 21, 6.76%, 0, 0, 3, 3.14
1747857754, 0, 579, 1419, 1417, 21, 6.76%, 0, 0, 3, 3.09
1747857827, 0, 581, 1419, 1417, 21, 6.76%, 0, 0, 3, 3.17
1747857863, 0, 582, 1419, 1417, 21, 6.76%, 0, 0, 3, 3.27
1747857904, 0, 583, 1419, 1417, 21, 6.76%, 0, 0, 3, 3.41
1747857940, 0, 584, 1419, 1417, 21, 6.76%, 0, 0, 3, 3.35
1747857982, 0, 585, 1419, 1417, 21, 6.76%, 0, 0, 3, 3.15
1747858023, 0, 586, 1419, 1417, 21, 6.76%, 0, 0, 3, 3.20
1747858064, 0, 587, 1419, 1417, 21, 6.76%, 0, 0, 3, 3.13
1747858105, 0, 588, 1419, 1417, 21, 6.76%, 0, 0, 3, 3.33
1747858142, 0, 589, 1419, 1417, 21, 6.76%, 0, 0, 3, 3.27
1747858182, 0, 590, 1419, 1417, 21, 6.76%, 0, 0, 3, 3.33
1747858218, 0, 591, 1419, 1417, 21, 6.76%, 0, 0, 3, 3.35
1747858259, 0, 592, 1419, 1417, 21, 6.76%, 0, 0, 3, 3.21
1747858300, 0, 593, 1419, 1417, 21, 6.76%, 0, 0, 3, 3.21
1747858341, 0, 595, 1419, 1417, 21, 6.76%, 0, 0, 3, 3.21
1747858382, 0, 596, 1419, 1417, 21, 6.76%, 0, 0, 3, 3.19
1747858418, 0, 597, 1419, 1417, 21, 6.76%, 0, 0, 3, 3.19
1747858459, 0, 598, 1419, 1417, 21, 6.76%, 0, 0, 3, 3.16
1747858500, 0, 599, 1419, 1417, 21, 6.76%, 0, 0, 3, 3.25
1747858541, 0, 600, 1419, 1417, 21, 6.76%, 0, 0, 3, 3.21
1747858582, 0, 601, 1419, 1417, 21, 6.76%, 0, 0, 3, 3.31
1747858618, 0, 602, 1419, 1417, 21, 6.76%, 0, 0, 3, 3.14
1747858659, 0, 603, 1419, 1417, 21, 6.76%, 0, 0, 3, 3.18
1747858680, 0, 603, 1420, 1418, 21, 6.76%, 0, 0, 3, 3.05
1747858746, 0, 604, 1420, 1418, 21, 6.76%, 0, 0, 3, 3.15
1747858782, 0, 605, 1420, 1418, 21, 6.76%, 0, 0, 3, 3.27
1747858823, 0, 606, 1420, 1418, 21, 6.76%, 0, 0, 3, 3.26
1747858864, 0, 607, 1420, 1418, 21, 6.76%, 0, 0, 3, 3.27
1747858900, 0, 608, 1420, 1418, 21, 6.76%, 0, 0, 3, 3.30
1747858941, 0, 609, 1420, 1418, 21, 6.76%, 0, 0, 3, 3.21
1747858981, 0, 611, 1420, 1418, 21, 6.76%, 0, 0, 3, 3.24
1747859018, 0, 612, 1420, 1418, 21, 6.76%, 0, 0, 3, 3.19
1747859059, 0, 613, 1420, 1418, 21, 6.76%, 0, 0, 3, 3.11
1747859100, 0, 614, 1420, 1418, 21, 6.76%, 0, 0, 3, 3.24
1747859141, 0, 616, 1420, 1418, 21, 6.76%, 0, 0, 3, 3.27
1747859182, 0, 617, 1420, 1418, 21, 6.76%, 0, 0, 3, 3.19
1747859219, 0, 619, 1420, 1418, 21, 6.76%, 0, 0, 3, 3.20
1747859260, 0, 621, 1420, 1418, 21, 6.76%, 0, 0, 3, 3.20
1747859301, 0, 623, 1420, 1418, 21, 6.76%, 0, 0, 3, 3.16
1747859342, 0, 624, 1420, 1418, 21, 6.76%, 0, 0, 3, 3.13
1747859383, 0, 625, 1420, 1418, 21, 6.76%, 0, 0, 3, 3.18
1747859424, 0, 626, 1420, 1418, 21, 6.76%, 0, 0, 3, 3.19
1747859461, 0, 627, 1420, 1418, 21, 6.76%, 0, 0, 3, 3.27
1747859481, 0, 627, 1421, 1419, 21, 6.76%, 0, 0, 3, 3.09
1747859548, 0, 628, 1421, 1419, 21, 6.76%, 0, 0, 3, 3.19
1747859584, 0, 629, 1421, 1419, 21, 6.76%, 0, 0, 3, 3.17
1747859625, 0, 630, 1421, 1419, 21, 6.76%, 0, 0, 3, 3.16
1747859666, 0, 631, 1421, 1419, 21, 6.76%, 0, 0, 3, 3.29
1747859708, 0, 632, 1421, 1419, 21, 6.76%, 0, 0, 3, 3.14
1747859749, 0, 633, 1421, 1419, 21, 6.76%, 0, 0, 3, 3.19
1747859785, 0, 635, 1421, 1419, 21, 6.76%, 0, 0, 3, 3.15
1747859826, 0, 636, 1421, 1419, 21, 6.76%, 0, 0, 3, 3.39
1747859862, 0, 640, 1421, 1419, 21, 6.76%, 0, 0, 3, 3.30
1747859903, 0, 641, 1421, 1419, 21, 6.76%, 0, 0, 3, 3.17
1747859945, 0, 642, 1421, 1419, 21, 6.76%, 0, 0, 3, 3.17
1747859985, 0, 645, 1421, 1419, 21, 6.76%, 0, 0, 3, 3.15
1747860027, 0, 646, 1421, 1419, 21, 6.76%, 0, 0, 3, 3.20
1747860068, 0, 648, 1421, 1419, 21, 6.76%, 0, 0, 3, 3.32
1747860104, 0, 649, 1421, 1419, 21, 6.76%, 0, 0, 3, 3.28
1747860144, 0, 650, 1421, 1419, 21, 6.76%, 0, 0, 3, 3.21
1747860186, 0, 652, 1421, 1419, 21, 6.76%, 0, 0, 3, 3.14
1747860227, 0, 653, 1421, 1419, 21, 6.76%, 0, 0, 3, 3.24
1747860268, 0, 654, 1421, 1419, 21, 6.76%, 0, 0, 3, 3.32
1747860304, 0, 658, 1421, 1419, 21, 6.76%, 0, 0, 3, 3.32
1747860340, 0, 658, 1422, 1420, 21, 6.76%, 0, 0, 3, 3.09
1747860386, 0, 659, 1422, 1420, 21, 6.76%, 0, 0, 3, 3.14
1747860427, 0, 660, 1422, 1420, 21, 6.76%, 0, 0, 3, 3.20
1747860468, 0, 661, 1422, 1420, 21, 6.76%, 0, 0, 3, 3.14
1747860510, 0, 663, 1422, 1420, 21, 6.76%, 0, 0, 3, 3.23
1747860551, 0, 665, 1422, 1420, 21, 6.76%, 0, 0, 3, 3.20
1747860587, 0, 666, 1422, 1420, 21, 6.76%, 0, 0, 3, 3.26
1747860628, 0, 667, 1422, 1420, 21, 6.76%, 0, 0, 3, 3.15
