# unix_time, cycles_done, cur_path, paths_total, pending_total, pending_favs, map_size, unique_crashes, unique_hangs, max_depth, execs_per_sec
1747817456, 0, 0, 1, 1, 1, 3.78%, 0, 0, 1, 55.17
1747817461, 0, 0, 20, 20, 1, 4.34%, 0, 0, 2, 52.70
1747817466, 0, 0, 37, 37, 1, 5.39%, 0, 0, 2, 50.31
1747817471, 0, 0, 53, 53, 1, 5.46%, 0, 0, 2, 48.62
1747817476, 0, 0, 64, 64, 1, 5.47%, 0, 0, 2, 47.24
1747817482, 0, 0, 76, 76, 1, 5.47%, 0, 0, 2, 48.00
1747817487, 0, 0, 93, 93, 1, 5.47%, 0, 0, 2, 64.07
1747817492, 0, 0, 108, 108, 1, 5.47%, 0, 0, 2, 80.97
1747817497, 0, 0, 123, 123, 1, 5.47%, 0, 0, 2, 85.24
1747817502, 0, 0, 134, 134, 1, 5.48%, 0, 0, 2, 86.56
1747817507, 0, 0, 140, 140, 1, 5.48%, 0, 0, 2, 90.48
1747817512, 0, 0, 150, 150, 1, 5.48%, 0, 0, 2, 88.21
1747817518, 0, 0, 157, 157, 1, 5.48%, 0, 0, 2, 72.66
1747817523, 0, 0, 166, 166, 1, 5.48%, 0, 0, 2, 53.75
1747817528, 0, 0, 170, 170, 1, 5.48%, 0, 0, 2, 51.70
1747817533, 0, 0, 175, 175, 1, 5.48%, 0, 0, 2, 50.60
1747817538, 0, 0, 178, 178, 1, 5.48%, 0, 0, 2, 51.59
1747817543, 0, 0, 180, 180, 1, 5.48%, 0, 0, 2, 52.15
1747817548, 0, 0, 184, 184, 1, 5.48%, 0, 0, 2, 50.78
1747817553, 0, 0, 189, 189, 1, 5.48%, 0, 0, 2, 50.68
1747817558, 0, 0, 191, 191, 1, 5.48%, 0, 0, 2, 52.35
1747817563, 0, 0, 193, 193, 1, 5.48%, 0, 0, 2, 51.30
1747817568, 0, 0, 195, 195, 1, 5.48%, 0, 0, 2, 52.47
1747817573, 0, 0, 198, 198, 1, 5.48%, 0, 0, 2, 50.98
1747817578, 0, 0, 201, 201, 1, 5.48%, 0, 0, 2, 51.60
1747817588, 0, 0, 202, 202, 1, 5.48%, 0, 0, 2, 53.60
1747817594, 0, 0, 205, 205, 1, 5.49%, 0, 0, 2, 52.19
1747817599, 0, 0, 208, 208, 1, 5.49%, 0, 0, 2, 52.06
1747817604, 0, 0, 210, 210, 1, 5.49%, 0, 0, 2, 51.95
1747817609, 0, 0, 212, 212, 1, 5.56%, 0, 0, 2, 51.44
1747817614, 0, 0, 216, 216, 1, 5.56%, 0, 0, 2, 50.14
1747817619, 0, 0, 217, 217, 1, 5.56%, 0, 0, 2, 52.98
1747817624, 0, 0, 218, 218, 1, 5.56%, 0, 0, 2, 52.94
1747817629, 0, 0, 219, 219, 1, 5.56%, 0, 0, 2, 53.22
1747817649, 0, 0, 220, 220, 1, 5.56%, 0, 0, 2, 53.26
1747817654, 0, 0, 221, 221, 1, 5.56%, 0, 0, 2, 52.60
1747817659, 0, 0, 223, 223, 1, 5.56%, 0, 0, 2, 53.30
1747817664, 0, 0, 225, 225, 1, 5.56%, 0, 0, 2, 52.32
1747817670, 0, 0, 226, 226, 1, 5.56%, 0, 0, 2, 53.09
1747817675, 0, 0, 229, 229, 1, 5.56%, 0, 0, 2, 52.69
1747817690, 0, 0, 230, 230, 1, 5.56%, 0, 0, 2, 52.66
1747817700, 0, 0, 232, 232, 1, 5.56%, 0, 0, 2, 51.76
1747817705, 0, 0, 234, 234, 1, 5.59%, 0, 0, 2, 51.26
1747817710, 0, 0, 237, 237, 1, 5.59%, 0, 0, 2, 51.03
1747817715, 0, 0, 238, 238, 1, 5.59%, 0, 0, 2, 52.50
1747817720, 0, 0, 239, 239, 1, 5.59%, 0, 0, 2, 52.36
1747817725, 0, 0, 242, 242, 1, 5.59%, 0, 0, 2, 52.57
1747817730, 0, 0, 244, 244, 1, 5.59%, 0, 0, 2, 51.76
1747817736, 0, 0, 247, 247, 1, 5.60%, 0, 0, 2, 50.14
1747817741, 0, 0, 248, 248, 1, 5.60%, 0, 0, 2, 52.24
1747817771, 0, 0, 249, 249, 1, 5.60%, 0, 0, 2, 53.18
1747817776, 0, 0, 250, 250, 1, 5.60%, 0, 0, 2, 52.62
1747817781, 0, 0, 251, 251, 1, 5.60%, 0, 0, 2, 52.94
1747817786, 0, 0, 252, 252, 1, 5.60%, 0, 0, 2, 53.63
1747817791, 0, 2, 257, 256, 12, 5.75%, 0, 0, 2, 46.09
1747817796, 0, 2, 272, 271, 12, 5.76%, 0, 0, 2, 34.83
1747817801, 0, 2, 286, 285, 12, 5.78%, 0, 0, 2, 31.97
1747817807, 0, 2, 298, 297, 12, 5.78%, 0, 0, 2, 31.49
1747817812, 0, 2, 309, 308, 12, 5.79%, 0, 0, 2, 31.58
1747817817, 0, 2, 319, 318, 12, 5.79%, 0, 0, 2, 31.35
1747817822, 0, 2, 330, 329, 12, 5.80%, 0, 0, 2, 30.42
1747817827, 0, 2, 335, 334, 12, 5.80%, 0, 0, 2, 31.93
1747817832, 0, 2, 342, 341, 12, 5.82%, 0, 0, 2, 31.72
1747817837, 0, 2, 348, 347, 12, 5.82%, 0, 0, 2, 31.52
1747817842, 0, 2, 351, 350, 12, 5.82%, 0, 0, 2, 32.84
1747817847, 0, 2, 355, 354, 12, 5.82%, 0, 0, 2, 32.58
1747817853, 0, 2, 359, 358, 12, 5.98%, 0, 0, 2, 31.70
1747817858, 0, 2, 364, 363, 12, 5.98%, 0, 0, 2, 32.21
1747817863, 0, 2, 367, 366, 12, 5.98%, 0, 0, 2, 32.89
1747817868, 0, 2, 371, 370, 12, 5.98%, 0, 0, 2, 32.11
1747817873, 0, 2, 373, 372, 12, 5.98%, 0, 0, 2, 32.98
1747817878, 0, 2, 378, 377, 12, 5.98%, 0, 0, 2, 31.50
1747817883, 0, 2, 381, 380, 12, 5.98%, 0, 0, 2, 32.45
1747817888, 0, 2, 384, 383, 12, 5.99%, 0, 0, 2, 32.17
1747817893, 0, 2, 386, 385, 12, 5.99%, 0, 0, 2, 32.66
1747817899, 0, 2, 389, 388, 12, 5.99%, 0, 0, 2, 32.85
1747817904, 0, 2, 393, 392, 12, 5.99%, 0, 0, 2, 32.29
1747817909, 0, 2, 394, 393, 12, 5.99%, 0, 0, 2, 32.77
1747817914, 0, 2, 396, 395, 12, 5.99%, 0, 0, 2, 32.84
1747817919, 0, 2, 400, 399, 12, 5.99%, 0, 0, 2, 32.37
1747817929, 0, 2, 402, 401, 12, 5.99%, 0, 0, 2, 32.18
1747817934, 0, 2, 404, 403, 12, 5.99%, 0, 0, 2, 32.33
1747817939, 0, 2, 405, 404, 12, 5.99%, 0, 0, 2, 32.67
1747817944, 0, 2, 407, 406, 12, 5.99%, 0, 0, 2, 32.70
1747817949, 0, 2, 409, 408, 12, 5.99%, 0, 0, 2, 32.47
1747817960, 0, 3, 415, 414, 12, 6.01%, 0, 0, 2, 27.00
1747817965, 0, 3, 426, 425, 12, 6.01%, 0, 0, 2, 25.44
1747817970, 0, 3, 437, 436, 12, 6.02%, 0, 0, 2, 24.91
1747817975, 0, 3, 447, 446, 12, 6.02%, 0, 0, 2, 24.46
1747817980, 0, 3, 456, 455, 12, 6.02%, 0, 0, 2, 24.68
1747817985, 0, 3, 464, 463, 12, 6.02%, 0, 0, 2, 24.69
1747817990, 0, 3, 471, 470, 12, 6.02%, 0, 0, 2, 24.83
1747817995, 0, 3, 479, 478, 12, 6.02%, 0, 0, 2, 24.48
1747818000, 0, 3, 484, 483, 12, 6.02%, 0, 0, 2, 25.10
1747818005, 0, 3, 491, 490, 12, 6.02%, 0, 0, 2, 24.87
1747818010, 0, 3, 496, 495, 12, 6.02%, 0, 0, 2, 25.02
1747818016, 0, 3, 500, 499, 12, 6.02%, 0, 0, 2, 25.11
1747818021, 0, 3, 504, 503, 12, 6.02%, 0, 0, 2, 25.06
1747818026, 0, 3, 507, 506, 12, 6.02%, 0, 0, 2, 25.15
1747818031, 0, 3, 512, 511, 12, 6.02%, 0, 0, 2, 24.70
1747818036, 0, 3, 518, 517, 12, 6.04%, 0, 0, 2, 24.53
1747818041, 0, 3, 519, 518, 12, 6.04%, 0, 0, 2, 25.58
1747818046, 0, 3, 523, 522, 12, 6.04%, 0, 0, 2, 25.24
1747818051, 0, 3, 527, 526, 12, 6.04%, 0, 0, 2, 25.04
1747818057, 0, 3, 531, 530, 12, 6.04%, 0, 0, 2, 24.91
1747818062, 0, 3, 533, 532, 12, 6.04%, 0, 0, 2, 24.71
1747818067, 0, 3, 536, 535, 12, 6.04%, 0, 0, 2, 24.69
1747818072, 0, 3, 539, 538, 12, 6.04%, 0, 0, 2, 25.15
1747818077, 0, 3, 542, 541, 12, 6.04%, 0, 0, 2, 25.36
1747818082, 0, 3, 543, 542, 12, 6.04%, 0, 0, 2, 25.58
1747818087, 0, 3, 546, 545, 12, 6.04%, 0, 0, 2, 24.98
1747818097, 0, 3, 548, 547, 12, 6.04%, 0, 0, 2, 24.91
1747818103, 0, 3, 549, 548, 12, 6.04%, 0, 0, 2, 25.12
1747818108, 0, 3, 552, 551, 12, 6.04%, 0, 0, 2, 25.42
1747818118, 0, 3, 553, 552, 12, 6.05%, 0, 0, 2, 25.44
1747818123, 0, 3, 554, 553, 12, 6.05%, 0, 0, 2, 25.53
1747818128, 0, 3, 555, 554, 12, 6.05%, 0, 0, 2, 25.65
1747818133, 0, 3, 557, 556, 12, 6.05%, 0, 0, 2, 25.35
1747818138, 0, 3, 559, 558, 12, 6.05%, 0, 0, 2, 25.19
1747818149, 0, 3, 560, 559, 12, 6.05%, 0, 0, 2, 25.38
1747818154, 0, 3, 561, 560, 12, 6.05%, 0, 0, 2, 25.55
1747818159, 0, 3, 562, 561, 12, 6.05%, 0, 0, 2, 25.58
1747818164, 0, 3, 564, 563, 12, 6.05%, 0, 0, 2, 25.13
1747818169, 0, 4, 565, 564, 12, 6.08%, 0, 0, 2, 24.88
1747818174, 0, 4, 572, 571, 12, 6.08%, 0, 0, 2, 21.09
1747818179, 0, 4, 579, 578, 12, 6.08%, 0, 0, 2, 21.05
1747818185, 0, 4, 586, 585, 12, 6.16%, 0, 0, 2, 20.55
1747818190, 0, 4, 592, 591, 12, 6.16%, 0, 0, 2, 20.70
1747818195, 0, 4, 597, 596, 12, 6.16%, 0, 0, 2, 20.90
1747818200, 0, 4, 600, 599, 12, 6.16%, 0, 0, 2, 21.27
1747818205, 0, 4, 604, 603, 12, 6.16%, 0, 0, 2, 21.22
1747818210, 0, 4, 606, 605, 12, 6.16%, 0, 0, 2, 21.13
1747818215, 0, 4, 610, 609, 12, 6.20%, 0, 0, 2, 20.76
1747818220, 0, 4, 612, 611, 12, 6.20%, 0, 0, 2, 20.99
1747818225, 0, 4, 616, 615, 12, 6.20%, 0, 0, 2, 21.18
1747818230, 0, 4, 622, 621, 12, 6.20%, 0, 0, 2, 20.71
1747818235, 0, 4, 626, 625, 12, 6.20%, 0, 0, 2, 20.68
1747818241, 0, 4, 628, 627, 12, 6.20%, 0, 0, 2, 21.30
1747818246, 0, 4, 631, 630, 12, 6.20%, 0, 0, 2, 21.11
1747818251, 0, 4, 632, 631, 12, 6.20%, 0, 0, 2, 21.59
1747818256, 0, 4, 635, 634, 12, 6.20%, 0, 0, 2, 20.92
1747818261, 0, 4, 636, 635, 12, 6.20%, 0, 0, 2, 21.31
1747818266, 0, 4, 637, 636, 12, 6.20%, 0, 0, 2, 21.48
1747818271, 0, 4, 642, 641, 12, 6.20%, 0, 0, 2, 20.76
1747818277, 0, 4, 645, 644, 12, 6.20%, 0, 0, 2, 21.00
1747818282, 0, 4, 647, 646, 12, 6.25%, 0, 0, 2, 20.52
1747818287, 0, 4, 649, 648, 12, 6.27%, 0, 0, 2, 20.59
1747818292, 0, 4, 651, 650, 12, 6.27%, 0, 0, 2, 21.66
1747818297, 0, 4, 654, 653, 12, 6.27%, 0, 0, 2, 21.59
1747818302, 0, 4, 657, 656, 12, 6.27%, 0, 0, 2, 21.34
1747818307, 0, 4, 660, 659, 12, 6.27%, 0, 0, 2, 21.12
1747818312, 0, 4, 662, 661, 12, 6.27%, 0, 0, 2, 21.88
1747818318, 0, 4, 663, 662, 12, 6.27%, 0, 0, 2, 21.86
1747818323, 0, 4, 665, 664, 12, 6.27%, 0, 0, 2, 22.03
1747818328, 0, 4, 667, 666, 12, 6.27%, 0, 0, 2, 22.18
1747818333, 0, 4, 668, 667, 12, 6.27%, 0, 0, 2, 22.06
1747818338, 0, 4, 669, 668, 12, 6.27%, 0, 0, 2, 21.88
1747818348, 0, 4, 672, 671, 12, 6.27%, 0, 0, 2, 22.09
1747818359, 0, 4, 674, 673, 12, 6.27%, 0, 0, 2, 22.24
1747818364, 0, 4, 676, 675, 12, 6.27%, 0, 0, 2, 22.33
1747818369, 0, 4, 677, 676, 12, 6.27%, 0, 0, 2, 22.11
1747818374, 0, 4, 679, 678, 12, 6.27%, 0, 0, 2, 21.79
1747818379, 0, 4, 680, 679, 12, 6.27%, 0, 0, 2, 22.27
1747818389, 0, 4, 681, 680, 12, 6.27%, 0, 0, 2, 22.45
1747818394, 0, 4, 683, 682, 12, 6.27%, 0, 0, 2, 22.14
1747818400, 0, 4, 684, 683, 12, 6.27%, 0, 0, 2, 21.68
1747818405, 0, 5, 686, 685, 12, 6.27%, 0, 0, 2, 20.59
1747818410, 0, 5, 693, 692, 12, 6.27%, 0, 0, 2, 16.03
1747818415, 0, 5, 701, 700, 12, 6.27%, 0, 0, 2, 15.06
1747818420, 0, 5, 709, 708, 12, 6.33%, 0, 0, 2, 14.56
1747818425, 0, 5, 717, 716, 12, 6.34%, 0, 0, 2, 14.77
1747818430, 0, 5, 723, 722, 12, 6.34%, 0, 0, 2, 15.37
1747818435, 0, 5, 729, 728, 12, 6.34%, 0, 0, 2, 15.19
1747818440, 0, 5, 735, 734, 12, 6.34%, 0, 0, 2, 14.98
1747818445, 0, 5, 740, 739, 12, 6.34%, 0, 0, 2, 15.31
1747818451, 0, 5, 747, 746, 12, 6.35%, 0, 0, 2, 14.97
1747818456, 0, 5, 753, 752, 12, 6.35%, 0, 0, 2, 15.25
1747818461, 0, 5, 758, 757, 12, 6.35%, 0, 0, 2, 14.93
1747818466, 0, 5, 763, 762, 12, 6.35%, 0, 0, 2, 14.69
1747818471, 0, 5, 766, 765, 12, 6.35%, 0, 0, 2, 14.87
1747818476, 0, 5, 772, 771, 12, 6.35%, 0, 0, 2, 15.22
1747818481, 0, 5, 775, 774, 12, 6.35%, 0, 0, 2, 14.98
1747818487, 0, 5, 779, 778, 12, 6.35%, 0, 0, 2, 14.75
1747818492, 0, 5, 783, 782, 12, 6.35%, 0, 0, 2, 14.81
1747818497, 0, 5, 785, 784, 12, 6.35%, 0, 0, 2, 15.57
1747818502, 0, 5, 789, 788, 12, 6.35%, 0, 0, 2, 14.66
1747818507, 0, 5, 791, 790, 12, 6.35%, 0, 0, 2, 15.10
1747818512, 0, 5, 796, 795, 12, 6.35%, 0, 0, 2, 14.70
1747818517, 0, 5, 797, 796, 12, 6.35%, 0, 0, 2, 14.74
1747818522, 0, 5, 800, 799, 12, 6.36%, 0, 0, 2, 14.99
1747818527, 0, 5, 802, 801, 12, 6.36%, 0, 0, 2, 15.11
1747818532, 0, 5, 804, 803, 12, 6.36%, 0, 0, 2, 15.39
1747818538, 0, 5, 805, 804, 12, 6.36%, 0, 0, 2, 15.09
1747818543, 0, 5, 807, 806, 12, 6.36%, 0, 0, 2, 15.00
1747818548, 0, 5, 813, 812, 12, 6.36%, 0, 0, 2, 14.79
1747818553, 0, 5, 814, 813, 12, 6.36%, 0, 0, 2, 14.87
1747818558, 0, 5, 818, 817, 12, 6.36%, 0, 0, 2, 14.92
1747818563, 0, 5, 820, 819, 12, 6.36%, 0, 0, 2, 15.07
1747818568, 0, 5, 822, 821, 12, 6.36%, 0, 0, 2, 15.04
1747818573, 0, 5, 825, 824, 12, 6.36%, 0, 0, 2, 15.19
1747818578, 0, 5, 826, 825, 12, 6.36%, 0, 0, 2, 15.05
1747818583, 0, 5, 828, 827, 12, 6.36%, 0, 0, 2, 14.61
1747818599, 0, 5, 829, 828, 12, 6.36%, 0, 0, 2, 15.07
1747818604, 0, 5, 831, 830, 12, 6.36%, 0, 0, 2, 15.19
1747818609, 0, 5, 834, 833, 12, 6.36%, 0, 0, 2, 14.87
1747818619, 0, 5, 839, 838, 12, 6.36%, 0, 0, 2, 15.03
1747818624, 0, 5, 840, 839, 12, 6.36%, 0, 0, 2, 15.14
1747818640, 0, 5, 842, 841, 12, 6.36%, 0, 0, 2, 14.91
1747818650, 0, 5, 843, 842, 12, 6.36%, 0, 0, 2, 15.04
1747818660, 0, 5, 846, 845, 12, 6.36%, 0, 0, 2, 14.70
1747818665, 0, 5, 847, 846, 12, 6.36%, 0, 0, 2, 14.79
1747818676, 0, 5, 849, 848, 12, 6.36%, 0, 0, 2, 15.22
1747818681, 0, 5, 850, 849, 12, 6.36%, 0, 0, 2, 15.14
1747818686, 0, 5, 851, 850, 12, 6.36%, 0, 0, 2, 15.11
1747818691, 0, 5, 853, 852, 12, 6.36%, 0, 0, 2, 14.99
1747818696, 0, 5, 854, 853, 12, 6.36%, 0, 0, 2, 15.03
1747818706, 0, 5, 855, 854, 12, 6.36%, 0, 0, 2, 14.92
1747818717, 0, 5, 856, 855, 12, 6.36%, 0, 0, 2, 15.13
1747818727, 0, 5, 857, 856, 12, 6.36%, 0, 0, 2, 14.73
1747818737, 0, 5, 858, 857, 12, 6.36%, 0, 0, 2, 14.97
1747818757, 0, 5, 859, 858, 12, 6.36%, 0, 0, 2, 14.68
1747818762, 0, 5, 861, 860, 12, 6.36%, 0, 0, 2, 14.84
1747818773, 0, 6, 861, 860, 17, 6.36%, 0, 0, 2, 14.44
1747818778, 0, 6, 862, 861, 17, 6.36%, 0, 0, 2, 14.07
1747818783, 0, 6, 865, 864, 17, 6.36%, 0, 0, 2, 13.92
1747818788, 0, 6, 868, 867, 17, 6.36%, 0, 0, 2, 13.64
1747818793, 0, 6, 870, 869, 17, 6.36%, 0, 0, 2, 13.51
1747818798, 0, 6, 873, 872, 17, 6.36%, 0, 0, 2, 13.45
1747818804, 0, 6, 875, 874, 17, 6.36%, 0, 0, 2, 13.29
1747818809, 0, 6, 876, 875, 17, 6.36%, 0, 0, 2, 13.79
1747818814, 0, 6, 878, 877, 17, 6.36%, 0, 0, 2, 13.42
1747818819, 0, 6, 880, 879, 17, 6.36%, 0, 0, 2, 13.23
1747818829, 0, 6, 884, 883, 17, 6.37%, 0, 0, 2, 12.54
1747818834, 0, 6, 887, 886, 17, 6.37%, 0, 0, 2, 12.68
1747818839, 0, 6, 888, 887, 17, 6.38%, 0, 0, 2, 12.94
1747818849, 0, 6, 889, 888, 17, 6.38%, 0, 0, 2, 13.28
1747818854, 0, 6, 893, 892, 17, 6.38%, 0, 0, 2, 12.53
1747818859, 0, 6, 895, 894, 17, 6.38%, 0, 0, 2, 12.69
1747818865, 0, 6, 899, 898, 17, 6.38%, 0, 0, 2, 13.13
1747818870, 0, 6, 901, 900, 17, 6.38%, 0, 0, 2, 12.62
1747818875, 0, 6, 902, 901, 17, 6.38%, 0, 0, 2, 13.12
1747818880, 0, 6, 903, 902, 17, 6.38%, 0, 0, 2, 13.12
1747818885, 0, 6, 904, 903, 17, 6.38%, 0, 0, 2, 12.88
1747818890, 0, 6, 905, 904, 17, 6.38%, 0, 0, 2, 12.25
1747818895, 0, 6, 906, 905, 17, 6.38%, 0, 0, 2, 12.85
1747818901, 0, 6, 909, 908, 17, 6.38%, 0, 0, 2, 12.90
1747818911, 0, 6, 910, 909, 17, 6.38%, 0, 0, 2, 12.97
1747818916, 0, 6, 911, 910, 17, 6.38%, 0, 0, 2, 12.96
1747818921, 0, 6, 912, 911, 17, 6.38%, 0, 0, 2, 12.96
1747818926, 0, 6, 913, 912, 17, 6.38%, 0, 0, 2, 12.66
1747818936, 0, 6, 914, 913, 17, 6.38%, 0, 0, 2, 12.65
1747818942, 0, 6, 916, 915, 17, 6.38%, 0, 0, 2, 12.81
1747818947, 0, 6, 918, 917, 17, 6.38%, 0, 0, 2, 12.56
1747818962, 0, 6, 920, 919, 17, 6.38%, 0, 0, 2, 12.88
1747818988, 0, 6, 921, 920, 17, 6.38%, 0, 0, 2, 12.94
1747818993, 0, 6, 922, 921, 17, 6.38%, 0, 0, 2, 12.47
1747819003, 0, 6, 923, 922, 17, 6.38%, 0, 0, 2, 12.52
1747819008, 0, 6, 924, 923, 17, 6.38%, 0, 0, 2, 12.47
1747819013, 0, 6, 925, 924, 17, 6.38%, 0, 0, 2, 12.98
1747819019, 0, 6, 926, 925, 17, 6.38%, 0, 0, 2, 13.10
1747819039, 0, 6, 927, 926, 17, 6.38%, 0, 0, 2, 13.01
1747819044, 0, 6, 928, 927, 17, 6.38%, 0, 0, 2, 13.18
1747819055, 0, 6, 929, 928, 17, 6.38%, 0, 0, 2, 12.37
1747819096, 0, 6, 930, 929, 17, 6.38%, 0, 0, 2, 13.47
1747819116, 0, 6, 931, 930, 17, 6.38%, 0, 0, 2, 12.75
1747819132, 0, 9, 931, 930, 17, 6.38%, 0, 0, 2, 12.83
1747819137, 0, 9, 933, 932, 17, 6.38%, 0, 0, 2, 12.52
1747819142, 0, 9, 936, 935, 17, 6.38%, 0, 0, 2, 11.96
1747819147, 0, 9, 937, 936, 17, 6.38%, 0, 0, 2, 11.68
1747819157, 0, 9, 940, 939, 17, 6.38%, 0, 0, 2, 11.65
1747819173, 0, 9, 941, 940, 17, 6.38%, 0, 0, 2, 12.71
1747819178, 0, 9, 943, 942, 17, 6.38%, 0, 0, 2, 12.11
1747819193, 0, 9, 944, 943, 17, 6.38%, 0, 0, 2, 12.82
1747819204, 0, 9, 945, 944, 17, 6.38%, 0, 0, 2, 11.93
1747819219, 0, 9, 947, 946, 17, 6.38%, 0, 0, 2, 11.78
1747819224, 0, 9, 949, 948, 17, 6.38%, 0, 0, 2, 11.10
1747819239, 0, 9, 950, 949, 17, 6.38%, 0, 0, 2, 12.57
1747819249, 0, 9, 951, 950, 17, 6.38%, 0, 0, 2, 12.29
1747819260, 0, 9, 953, 952, 17, 6.38%, 0, 0, 2, 11.54
1747819275, 0, 9, 954, 953, 17, 6.38%, 0, 0, 2, 12.22
1747819291, 0, 9, 956, 955, 17, 6.38%, 0, 0, 2, 12.12
1747819296, 0, 9, 957, 956, 17, 6.38%, 0, 0, 2, 12.65
1747819301, 0, 9, 959, 958, 17, 6.38%, 0, 0, 2, 12.85
1747819316, 0, 9, 960, 959, 17, 6.38%, 0, 0, 2, 12.14
1747819321, 0, 9, 961, 960, 17, 6.38%, 0, 0, 2, 12.17
1747819331, 0, 9, 962, 961, 17, 6.38%, 0, 0, 2, 12.45
1747819346, 0, 9, 963, 962, 17, 6.38%, 0, 0, 2, 12.58
1747819356, 0, 9, 964, 963, 17, 6.38%, 0, 0, 2, 12.74
1747819362, 0, 9, 965, 964, 17, 6.38%, 0, 0, 2, 12.40
1747819387, 0, 9, 966, 965, 17, 6.38%, 0, 0, 2, 12.40
1747819403, 0, 9, 967, 966, 17, 6.38%, 0, 0, 2, 12.26
1747819408, 0, 9, 969, 968, 17, 6.38%, 0, 0, 2, 12.55
1747819434, 0, 9, 970, 969, 17, 6.38%, 0, 0, 2, 12.08
1747819490, 0, 10, 971, 970, 17, 6.38%, 0, 0, 2, 11.49
1747819496, 0, 10, 973, 972, 17, 6.39%, 0, 0, 2, 10.98
1747819501, 0, 10, 974, 973, 17, 6.39%, 0, 0, 2, 11.58
1747819511, 0, 10, 975, 974, 17, 6.39%, 0, 0, 2, 11.50
1747819516, 0, 10, 976, 975, 17, 6.39%, 0, 0, 2, 10.50
1747819526, 0, 10, 977, 976, 17, 6.39%, 0, 0, 2, 10.67
1747819537, 0, 10, 978, 977, 17, 6.39%, 0, 0, 2, 10.77
1747819557, 0, 10, 979, 978, 17, 6.39%, 0, 0, 2, 10.97
1747819578, 0, 10, 981, 980, 17, 6.39%, 0, 0, 2, 10.55
1747819583, 0, 10, 982, 981, 17, 6.39%, 0, 0, 2, 11.11
1747819649, 0, 10, 984, 983, 17, 6.39%, 0, 0, 2, 10.17
1747819685, 0, 10, 986, 985, 17, 6.39%, 0, 0, 2, 10.26
1747819741, 0, 10, 987, 986, 17, 6.39%, 0, 0, 2, 11.34
1747819772, 0, 10, 988, 987, 17, 6.40%, 0, 0, 2, 11.05
1747819844, 0, 10, 989, 988, 17, 6.40%, 0, 0, 2, 11.06
1747819849, 0, 10, 990, 989, 17, 6.40%, 0, 0, 2, 10.96
1747819870, 0, 11, 990, 989, 17, 6.40%, 0, 0, 2, 11.17
1747819880, 0, 12, 992, 991, 17, 6.40%, 0, 0, 2, 10.76
1747819885, 0, 12, 994, 993, 17, 6.40%, 0, 0, 2, 11.08
1747819895, 0, 12, 995, 994, 17, 6.40%, 0, 0, 2, 12.17
1747819911, 0, 12, 996, 995, 17, 6.40%, 0, 0, 2, 12.26
1747819921, 0, 12, 997, 996, 17, 6.40%, 0, 0, 2, 12.62
1747819926, 0, 12, 999, 998, 17, 6.40%, 0, 0, 2, 11.09
1747819931, 0, 12, 1000, 999, 17, 6.40%, 0, 0, 2, 11.26
1747819936, 0, 12, 1002, 1001, 17, 6.89%, 0, 0, 2, 11.29
1747819946, 0, 12, 1003, 1002, 17, 6.89%, 0, 0, 2, 13.22
1747819951, 0, 12, 1004, 1003, 17, 6.89%, 0, 0, 2, 12.15
1747819957, 0, 12, 1005, 1004, 17, 6.89%, 0, 0, 2, 11.50
1747819972, 0, 12, 1006, 1005, 17, 6.89%, 0, 0, 2, 11.60
1747819983, 0, 12, 1007, 1006, 17, 6.89%, 0, 0, 2, 11.74
1747819988, 0, 12, 1009, 1008, 17, 6.89%, 0, 0, 2, 10.38
1747819998, 0, 12, 1010, 1009, 17, 6.89%, 0, 0, 2, 11.14
1747820003, 0, 12, 1012, 1011, 17, 6.89%, 0, 0, 2, 11.13
1747820019, 0, 12, 1013, 1012, 17, 6.89%, 0, 0, 2, 11.27
1747820039, 0, 12, 1014, 1013, 17, 6.89%, 0, 0, 2, 11.61
1747820044, 0, 12, 1015, 1014, 17, 6.89%, 0, 0, 2, 11.04
1747820054, 0, 12, 1016, 1015, 17, 6.89%, 0, 0, 2, 11.54
1747820060, 0, 12, 1018, 1017, 17, 7.02%, 0, 0, 2, 10.98
1747820065, 0, 12, 1019, 1018, 17, 7.02%, 0, 0, 2, 11.34
1747820075, 0, 12, 1022, 1021, 17, 7.02%, 0, 0, 2, 11.71
1747820080, 0, 12, 1024, 1023, 17, 7.02%, 0, 0, 2, 10.89
1747820090, 0, 12, 1025, 1024, 17, 7.02%, 0, 0, 2, 11.61
1747820095, 0, 12, 1026, 1025, 17, 7.02%, 0, 0, 2, 11.30
1747820105, 0, 12, 1027, 1026, 17, 7.02%, 0, 0, 2, 11.40
1747820115, 0, 12, 1028, 1027, 17, 7.02%, 0, 0, 2, 11.33
1747820136, 0, 12, 1029, 1028, 17, 7.02%, 0, 0, 2, 11.31
1747820141, 0, 12, 1030, 1029, 17, 7.02%, 0, 0, 2, 11.96
1747820151, 0, 12, 1031, 1030, 17, 7.02%, 0, 0, 2, 11.61
1747820162, 0, 12, 1032, 1031, 17, 7.02%, 0, 0, 2, 10.90
1747820208, 0, 12, 1033, 1032, 17, 7.02%, 0, 0, 2, 11.40
1747820258, 0, 13, 1034, 1033, 15, 7.14%, 0, 0, 2, 11.29
1747820264, 0, 13, 1035, 1034, 15, 7.14%, 0, 0, 2, 10.58
1747820274, 0, 13, 1036, 1035, 15, 7.14%, 0, 0, 2, 12.04
1747820289, 0, 13, 1037, 1036, 15, 7.14%, 0, 0, 2, 11.74
1747820310, 0, 13, 1038, 1037, 15, 7.16%, 0, 0, 2, 11.76
1747820325, 0, 13, 1039, 1038, 15, 7.22%, 0, 0, 2, 12.00
1747820335, 0, 13, 1040, 1039, 15, 7.22%, 0, 0, 2, 11.44
1747820351, 0, 13, 1041, 1040, 15, 7.22%, 0, 0, 2, 12.12
1747820366, 0, 13, 1042, 1041, 15, 7.22%, 0, 0, 2, 12.00
1747820377, 0, 13, 1043, 1042, 15, 7.22%, 0, 0, 2, 11.53
1747820397, 0, 13, 1045, 1044, 15, 7.22%, 0, 0, 2, 11.64
1747820422, 0, 13, 1046, 1045, 15, 7.22%, 0, 0, 2, 11.31
1747820438, 0, 13, 1047, 1046, 15, 7.22%, 0, 0, 2, 11.65
1747820453, 0, 13, 1048, 1047, 15, 7.22%, 0, 0, 2, 10.95
1747820469, 0, 13, 1049, 1048, 15, 7.22%, 0, 0, 2, 11.02
1747820474, 0, 13, 1050, 1049, 15, 7.22%, 0, 0, 2, 11.26
1747820484, 0, 13, 1051, 1050, 15, 7.22%, 0, 0, 2, 12.06
1747820571, 0, 13, 1052, 1051, 15, 7.23%, 0, 0, 2, 11.72
1747820612, 0, 14, 1052, 1051, 16, 7.23%, 0, 0, 2, 13.10
1747820623, 0, 15, 1053, 1052, 16, 7.23%, 0, 0, 2, 11.60
1747820633, 0, 15, 1054, 1053, 16, 7.23%, 0, 0, 2, 11.76
1747820638, 0, 15, 1055, 1054, 16, 7.23%, 0, 0, 2, 10.61
1747820649, 0, 15, 1056, 1055, 16, 7.23%, 0, 0, 2, 12.18
1747820659, 0, 15, 1057, 1056, 16, 7.23%, 0, 0, 2, 11.05
1747820679, 0, 15, 1058, 1057, 16, 7.23%, 0, 0, 2, 12.10
1747820705, 0, 15, 1059, 1058, 16, 7.23%, 0, 0, 2, 11.54
1747820725, 0, 15, 1060, 1059, 16, 7.23%, 0, 0, 2, 12.00
1747820782, 0, 15, 1061, 1060, 16, 7.23%, 0, 0, 2, 12.58
1747820812, 0, 15, 1062, 1061, 16, 7.23%, 0, 0, 2, 11.63
1747820848, 0, 15, 1063, 1062, 16, 7.23%, 0, 0, 2, 10.98
1747820940, 0, 15, 1064, 1063, 16, 7.23%, 0, 0, 2, 11.48
1747820971, 0, 16, 1064, 1063, 16, 7.23%, 0, 0, 2, 12.31
1747820981, 0, 17, 1064, 1063, 16, 7.23%, 0, 0, 2, 11.71
1747820992, 0, 18, 1064, 1063, 16, 7.23%, 0, 0, 2, 11.47
1747821002, 0, 20, 1064, 1063, 16, 7.23%, 0, 0, 2, 12.49
1747821012, 0, 23, 1064, 1063, 16, 7.23%, 0, 0, 2, 11.99
1747821022, 0, 23, 1066, 1065, 16, 7.23%, 0, 0, 2, 11.56
1747821043, 0, 23, 1067, 1066, 16, 7.23%, 0, 0, 2, 11.00
1747821048, 0, 23, 1068, 1067, 16, 7.23%, 0, 0, 2, 11.68
1747821079, 0, 23, 1069, 1068, 16, 7.23%, 0, 0, 2, 11.47
1747821130, 0, 23, 1070, 1069, 16, 7.23%, 0, 0, 2, 10.31
1747821150, 0, 23, 1071, 1070, 16, 7.23%, 0, 0, 2, 11.49
1747821176, 0, 23, 1072, 1071, 16, 7.23%, 0, 0, 2, 10.83
1747821191, 0, 23, 1073, 1072, 16, 7.23%, 0, 0, 2, 10.96
1747821212, 0, 23, 1074, 1073, 16, 7.23%, 0, 0, 2, 10.82
1747821248, 0, 23, 1075, 1074, 16, 7.23%, 0, 0, 2, 10.70
1747821269, 0, 23, 1076, 1075, 16, 7.23%, 0, 0, 2, 10.56
1747821382, 0, 24, 1076, 1075, 17, 7.23%, 0, 0, 2, 12.18
1747821387, 0, 24, 1077, 1076, 17, 7.23%, 0, 0, 2, 11.53
1747821392, 0, 24, 1078, 1077, 17, 7.23%, 0, 0, 2, 11.03
1747821402, 0, 24, 1080, 1079, 17, 7.23%, 0, 0, 2, 10.68
1747821423, 0, 24, 1081, 1080, 17, 7.23%, 0, 0, 2, 10.58
1747821433, 0, 24, 1082, 1081, 17, 7.23%, 0, 0, 2, 10.82
1747821443, 0, 24, 1083, 1082, 17, 7.23%, 0, 0, 2, 11.22
1747821464, 0, 24, 1084, 1083, 17, 7.23%, 0, 0, 2, 11.59
1747821530, 0, 24, 1086, 1085, 17, 7.23%, 0, 0, 2, 9.97
1747821750, 0, 25, 1087, 1086, 17, 7.23%, 0, 0, 2, 10.42
1747821770, 0, 25, 1088, 1087, 17, 7.23%, 0, 0, 2, 10.27
1747821790, 0, 25, 1089, 1088, 17, 7.23%, 0, 0, 2, 10.82
1747821801, 0, 25, 1090, 1089, 17, 7.23%, 0, 0, 2, 11.11
1747821857, 0, 25, 1091, 1090, 17, 7.23%, 0, 0, 2, 11.28
1747822001, 0, 25, 1092, 1091, 17, 7.23%, 0, 0, 2, 10.87
1747822098, 0, 25, 1093, 1092, 17, 7.23%, 0, 0, 2, 10.62
1747822113, 0, 28, 1093, 1092, 17, 7.23%, 0, 0, 2, 11.77
1747822123, 0, 29, 1093, 1092, 17, 7.23%, 0, 0, 2, 13.52
1747822134, 0, 29, 1094, 1093, 17, 7.23%, 0, 0, 2, 12.27
1747822144, 0, 30, 1094, 1093, 17, 7.23%, 0, 0, 2, 12.40
1747822159, 0, 31, 1094, 1093, 17, 7.23%, 0, 0, 2, 12.17
1747822170, 0, 33, 1094, 1093, 17, 7.23%, 0, 0, 2, 13.32
1747822175, 0, 34, 1094, 1093, 17, 7.23%, 0, 0, 2, 13.39
1747822190, 0, 35, 1094, 1093, 17, 7.23%, 0, 0, 2, 11.32
1747822200, 0, 36, 1094, 1093, 17, 7.23%, 0, 0, 2, 12.56
1747822211, 0, 37, 1095, 1094, 17, 7.23%, 0, 0, 2, 11.39
1747822231, 0, 38, 1095, 1094, 17, 7.23%, 0, 0, 2, 11.83
1747822241, 0, 39, 1095, 1094, 17, 7.23%, 0, 0, 2, 12.51
1747822251, 0, 40, 1095, 1094, 17, 7.23%, 0, 0, 2, 11.23
1747822262, 0, 41, 1095, 1094, 17, 7.23%, 0, 0, 2, 12.10
1747822272, 0, 43, 1095, 1094, 17, 7.23%, 0, 0, 2, 12.69
1747822287, 0, 44, 1096, 1095, 17, 7.23%, 0, 0, 2, 10.77
1747822292, 0, 44, 1097, 1096, 17, 7.23%, 0, 0, 2, 11.53
1747822303, 0, 44, 1098, 1097, 17, 7.23%, 0, 0, 2, 11.30
1747822379, 0, 46, 1100, 1099, 17, 7.23%, 0, 0, 2, 10.84
1747822389, 0, 46, 1101, 1100, 17, 7.23%, 0, 0, 2, 11.66
1747822436, 0, 46, 1102, 1101, 17, 7.23%, 0, 0, 2, 10.86
1747822533, 0, 46, 1103, 1102, 17, 7.23%, 0, 0, 2, 10.74
1747822743, 0, 47, 1103, 1102, 15, 7.23%, 0, 0, 2, 11.56
1747822758, 0, 48, 1103, 1102, 15, 7.23%, 0, 0, 2, 12.02
1747822769, 0, 49, 1103, 1102, 15, 7.23%, 0, 0, 2, 11.94
1747822779, 0, 50, 1103, 1102, 15, 7.23%, 0, 0, 2, 12.64
1747822789, 0, 51, 1103, 1102, 15, 7.23%, 0, 0, 2, 11.93
1747822799, 0, 52, 1103, 1102, 15, 7.23%, 0, 0, 2, 12.21
1747822810, 0, 53, 1103, 1102, 15, 7.23%, 0, 0, 2, 11.79
1747822820, 0, 54, 1103, 1102, 15, 7.23%, 0, 0, 2, 11.67
1747822830, 0, 55, 1103, 1102, 15, 7.23%, 0, 0, 2, 11.54
1747822840, 0, 55, 1104, 1103, 15, 7.23%, 0, 0, 2, 10.27
1747822856, 0, 56, 1105, 1104, 15, 7.23%, 0, 0, 2, 10.65
1747822866, 0, 56, 1106, 1105, 15, 7.23%, 0, 0, 2, 11.60
1747822902, 0, 57, 1106, 1105, 15, 7.23%, 0, 0, 2, 11.64
1747822913, 0, 58, 1106, 1105, 15, 7.23%, 0, 0, 2, 12.06
1747822918, 0, 58, 1107, 1106, 15, 7.23%, 0, 0, 2, 10.81
1747822938, 0, 59, 1108, 1107, 15, 7.23%, 0, 0, 2, 10.71
1747822959, 0, 62, 1108, 1107, 15, 7.23%, 0, 0, 2, 12.53
1747822969, 0, 63, 1108, 1107, 15, 7.23%, 0, 0, 2, 11.81
1747822979, 0, 64, 1108, 1107, 15, 7.23%, 0, 0, 2, 12.09
1747822990, 0, 65, 1108, 1107, 15, 7.23%, 0, 0, 2, 12.15
1747823000, 0, 66, 1108, 1107, 15, 7.23%, 0, 0, 2, 12.27
1747823010, 0, 67, 1108, 1107, 15, 7.23%, 0, 0, 2, 12.03
1747823025, 0, 68, 1108, 1107, 15, 7.23%, 0, 0, 2, 11.42
1747823031, 0, 68, 1109, 1108, 15, 7.23%, 0, 0, 2, 10.65
1747823046, 0, 68, 1110, 1109, 15, 7.23%, 0, 0, 2, 11.01
1747823072, 0, 69, 1110, 1109, 15, 7.23%, 0, 0, 2, 10.99
1747823082, 0, 70, 1110, 1109, 15, 7.23%, 0, 0, 2, 11.13
1747823092, 0, 70, 1111, 1110, 15, 7.23%, 0, 0, 2, 10.85
1747823108, 0, 71, 1111, 1110, 15, 7.23%, 0, 0, 2, 11.34
1747823118, 0, 72, 1112, 1111, 15, 7.23%, 0, 0, 2, 10.73
1747823123, 0, 72, 1113, 1112, 15, 7.23%, 0, 0, 2, 9.97
1747823128, 0, 72, 1114, 1113, 15, 7.23%, 0, 0, 2, 10.12
1747823215, 0, 73, 1114, 1113, 15, 7.23%, 0, 0, 2, 12.21
1747823225, 0, 74, 1114, 1113, 15, 7.23%, 0, 0, 2, 12.07
1747823235, 0, 75, 1115, 1114, 15, 7.23%, 0, 0, 2, 12.33
1747823256, 0, 76, 1116, 1115, 15, 7.23%, 0, 0, 2, 10.86
1747823282, 0, 77, 1116, 1115, 15, 7.23%, 0, 0, 2, 11.41
1747823287, 0, 77, 1117, 1116, 15, 7.23%, 0, 0, 2, 11.13
1747823307, 0, 79, 1117, 1116, 15, 7.23%, 0, 0, 2, 12.08
1747823317, 0, 80, 1117, 1116, 15, 7.23%, 0, 0, 2, 12.96
1747823327, 0, 81, 1117, 1116, 15, 7.23%, 0, 0, 2, 12.28
1747823338, 0, 83, 1117, 1116, 15, 7.23%, 0, 0, 2, 12.75
1747823348, 0, 85, 1119, 1118, 15, 7.23%, 0, 0, 2, 10.45
1747823353, 0, 85, 1120, 1119, 15, 7.23%, 0, 0, 2, 9.89
1747823358, 0, 85, 1121, 1120, 15, 7.23%, 0, 0, 2, 9.82
1747823373, 0, 85, 1123, 1122, 15, 7.23%, 0, 0, 2, 10.44
1747823378, 0, 85, 1124, 1123, 15, 7.23%, 0, 0, 2, 10.09
1747823476, 0, 85, 1125, 1124, 15, 7.23%, 0, 0, 2, 10.64
1747823501, 0, 85, 1126, 1125, 15, 7.23%, 0, 0, 2, 10.60
1747823726, 0, 86, 1126, 1125, 15, 7.23%, 0, 0, 2, 10.73
1747823737, 0, 87, 1126, 1125, 15, 7.23%, 0, 0, 2, 12.07
1747823742, 0, 87, 1127, 1126, 15, 7.23%, 0, 0, 2, 11.15
1747823763, 0, 89, 1127, 1126, 15, 7.23%, 0, 0, 2, 11.99
1747823773, 0, 90, 1128, 1127, 15, 7.23%, 0, 0, 2, 11.16
1747823799, 0, 92, 1128, 1127, 15, 7.23%, 0, 0, 2, 11.70
1747823804, 0, 92, 1129, 1128, 15, 7.23%, 0, 0, 2, 11.01
1747823814, 0, 92, 1130, 1129, 15, 7.23%, 0, 0, 2, 11.09
1747823819, 0, 92, 1131, 1130, 15, 7.23%, 0, 0, 2, 10.80
1747823855, 0, 92, 1132, 1131, 15, 7.23%, 0, 0, 2, 10.97
1747823875, 0, 92, 1133, 1132, 15, 7.23%, 0, 0, 2, 10.63
1747823982, 0, 92, 1134, 1133, 15, 7.23%, 0, 0, 2, 10.77
1747823987, 0, 92, 1135, 1134, 15, 7.24%, 0, 0, 2, 10.17
1747824172, 0, 93, 1135, 1134, 15, 7.24%, 0, 0, 2, 11.68
1747824183, 0, 94, 1135, 1134, 15, 7.24%, 0, 0, 2, 12.31
1747824193, 0, 95, 1135, 1134, 15, 7.24%, 0, 0, 2, 11.71
1747824203, 0, 97, 1135, 1134, 15, 7.24%, 0, 0, 2, 11.56
1747824213, 0, 98, 1135, 1134, 15, 7.24%, 0, 0, 2, 11.76
1747824223, 0, 99, 1135, 1134, 15, 7.24%, 0, 0, 2, 11.83
1747824228, 0, 99, 1136, 1135, 15, 7.24%, 0, 0, 2, 10.78
1747824233, 0, 99, 1137, 1136, 15, 7.24%, 0, 0, 2, 10.39
1747824269, 0, 100, 1137, 1136, 16, 7.24%, 0, 0, 2, 11.82
1747824279, 0, 101, 1137, 1136, 16, 7.24%, 0, 0, 2, 11.96
1747824295, 0, 102, 1137, 1136, 16, 7.24%, 0, 0, 2, 11.36
1747824305, 0, 103, 1137, 1136, 16, 7.24%, 0, 0, 2, 10.96
1747824315, 0, 104, 1137, 1136, 16, 7.24%, 0, 0, 2, 11.79
1747824325, 0, 105, 1137, 1136, 16, 7.24%, 0, 0, 2, 12.02
1747824336, 0, 106, 1137, 1136, 16, 7.24%, 0, 0, 2, 10.71
1747824346, 0, 107, 1137, 1136, 16, 7.24%, 0, 0, 2, 11.94
1747824361, 0, 108, 1137, 1136, 16, 7.24%, 0, 0, 2, 10.98
1747824371, 0, 109, 1137, 1136, 16, 7.24%, 0, 0, 2, 11.26
1747824381, 0, 110, 1137, 1136, 16, 7.24%, 0, 0, 2, 12.04
1747824392, 0, 111, 1137, 1136, 16, 7.24%, 0, 0, 2, 11.39
1747824397, 0, 111, 1138, 1137, 16, 7.24%, 0, 0, 2, 10.32
1747824417, 0, 112, 1138, 1137, 16, 7.24%, 0, 0, 2, 11.27
1747824427, 0, 113, 1138, 1137, 16, 7.24%, 0, 0, 2, 11.57
1747824438, 0, 114, 1138, 1137, 16, 7.24%, 0, 0, 2, 10.78
1747824448, 0, 115, 1138, 1137, 16, 7.24%, 0, 0, 2, 12.04
1747824458, 0, 116, 1138, 1137, 16, 7.24%, 0, 0, 2, 12.42
1747824474, 0, 117, 1138, 1137, 16, 7.24%, 0, 0, 2, 10.47
1747824484, 0, 118, 1138, 1137, 16, 7.24%, 0, 0, 2, 11.57
1747824494, 0, 119, 1138, 1137, 16, 7.24%, 0, 0, 2, 12.83
1747824505, 0, 121, 1138, 1137, 16, 7.24%, 0, 0, 2, 11.64
1747824510, 0, 121, 1139, 1138, 16, 7.25%, 0, 0, 2, 10.81
1747824530, 0, 122, 1140, 1139, 17, 7.25%, 0, 0, 2, 10.63
1747824556, 0, 123, 1140, 1139, 17, 7.25%, 0, 0, 2, 10.79
1747824566, 0, 124, 1140, 1139, 17, 7.25%, 0, 0, 2, 10.99
1747824571, 0, 124, 1141, 1140, 17, 7.25%, 0, 0, 2, 10.10
1747824576, 0, 124, 1142, 1141, 17, 7.25%, 0, 0, 2, 10.18
1747824617, 0, 125, 1142, 1141, 17, 7.25%, 0, 0, 2, 10.58
1747824627, 0, 126, 1142, 1141, 17, 7.25%, 0, 0, 2, 11.41
1747824638, 0, 127, 1142, 1141, 17, 7.25%, 0, 0, 2, 11.33
1747824648, 0, 128, 1142, 1141, 17, 7.25%, 0, 0, 2, 12.59
1747824658, 0, 129, 1143, 1142, 17, 7.25%, 0, 0, 2, 11.48
1747824684, 0, 130, 1143, 1142, 17, 7.25%, 0, 0, 2, 11.52
1747824699, 0, 132, 1143, 1142, 17, 7.25%, 0, 0, 2, 12.16
1747824710, 0, 133, 1143, 1142, 17, 7.25%, 0, 0, 2, 10.65
1747824720, 0, 134, 1143, 1142, 17, 7.25%, 0, 0, 2, 10.29
1747824730, 0, 135, 1143, 1142, 17, 7.25%, 0, 0, 2, 10.97
1747824740, 0, 136, 1143, 1142, 17, 7.25%, 0, 0, 2, 12.13
1747824756, 0, 137, 1144, 1143, 17, 7.25%, 0, 0, 2, 9.83
1747824781, 0, 138, 1144, 1143, 17, 7.25%, 0, 0, 2, 10.96
1747824792, 0, 141, 1144, 1143, 17, 7.25%, 0, 0, 2, 10.90
1747824802, 0, 142, 1144, 1143, 17, 7.25%, 0, 0, 2, 10.74
1747824812, 0, 143, 1144, 1143, 17, 7.25%, 0, 0, 2, 11.57
1747824827, 0, 146, 1144, 1143, 17, 7.25%, 0, 0, 2, 10.20
1747824838, 0, 148, 1145, 1144, 17, 7.25%, 0, 0, 2, 9.90
1747824863, 0, 149, 1145, 1144, 17, 7.25%, 0, 0, 2, 10.39
1747824879, 0, 150, 1145, 1144, 17, 7.25%, 0, 0, 2, 10.77
1747824889, 0, 151, 1145, 1144, 17, 7.25%, 0, 0, 2, 10.53
1747824899, 0, 151, 1146, 1145, 17, 7.25%, 0, 0, 2, 10.38
1747824915, 0, 152, 1146, 1145, 17, 7.25%, 0, 0, 2, 9.75
1747824930, 0, 154, 1146, 1145, 17, 7.25%, 0, 0, 2, 11.35
1747824940, 0, 157, 1146, 1145, 17, 7.25%, 0, 0, 2, 11.32
1747824951, 0, 158, 1146, 1145, 17, 7.25%, 0, 0, 2, 10.60
1747824961, 0, 159, 1146, 1145, 17, 7.25%, 0, 0, 2, 10.99
1747824976, 0, 160, 1146, 1145, 17, 7.25%, 0, 0, 2, 11.17
1747824986, 0, 161, 1146, 1145, 17, 7.25%, 0, 0, 2, 10.59
1747824996, 0, 161, 1147, 1146, 17, 7.25%, 0, 0, 2, 9.62
1747825001, 0, 161, 1148, 1147, 17, 7.25%, 0, 0, 2, 9.21
1747825017, 0, 161, 1149, 1148, 17, 7.25%, 0, 0, 2, 9.48
1747825032, 0, 161, 1150, 1149, 17, 7.25%, 0, 0, 2, 9.55
1747825114, 0, 161, 1151, 1150, 17, 7.25%, 0, 0, 2, 9.01
1747825176, 0, 161, 1152, 1151, 17, 7.25%, 0, 0, 2, 9.55
1747825186, 0, 161, 1153, 1152, 17, 7.25%, 0, 0, 2, 9.98
1747825386, 0, 161, 1154, 1153, 17, 7.25%, 0, 0, 2, 9.25
1747825396, 0, 163, 1154, 1153, 17, 7.25%, 0, 0, 2, 10.99
1747825406, 0, 165, 1154, 1153, 17, 7.25%, 0, 0, 2, 11.20
1747825422, 0, 167, 1154, 1153, 17, 7.25%, 0, 0, 2, 10.32
1747825432, 0, 167, 1155, 1154, 17, 7.25%, 0, 0, 2, 9.33
1747825447, 0, 168, 1155, 1154, 17, 7.25%, 0, 0, 2, 11.41
1747825458, 0, 170, 1155, 1154, 17, 7.25%, 0, 0, 2, 10.92
1747825463, 0, 170, 1156, 1155, 17, 7.25%, 0, 0, 2, 11.09
1747825473, 0, 170, 1157, 1156, 17, 7.25%, 0, 0, 2, 9.44
1747825504, 0, 171, 1157, 1156, 17, 7.25%, 0, 0, 2, 10.33
1747825514, 0, 171, 1158, 1157, 17, 7.25%, 0, 0, 2, 10.18
1747825529, 0, 172, 1158, 1157, 17, 7.25%, 0, 0, 2, 10.18
1747825545, 0, 173, 1158, 1157, 17, 7.25%, 0, 0, 2, 10.67
1747825555, 0, 174, 1159, 1158, 17, 7.25%, 0, 0, 2, 10.57
1747825581, 0, 176, 1159, 1158, 17, 7.25%, 0, 0, 2, 10.19
1747825591, 0, 177, 1159, 1158, 17, 7.25%, 0, 0, 2, 10.26
1747825596, 0, 177, 1160, 1159, 17, 7.25%, 0, 0, 2, 9.41
1747825617, 0, 179, 1160, 1159, 17, 7.25%, 0, 0, 2, 10.82
1747825627, 0, 180, 1160, 1159, 17, 7.25%, 0, 0, 2, 11.79
1747825637, 0, 181, 1160, 1159, 17, 7.25%, 0, 0, 2, 11.79
1747825648, 0, 182, 1160, 1159, 17, 7.25%, 0, 0, 2, 12.34
1747825663, 0, 183, 1160, 1159, 17, 7.25%, 0, 0, 2, 11.36
1747825673, 0, 184, 1160, 1159, 17, 7.25%, 0, 0, 2, 11.84
1747825683, 0, 185, 1161, 1160, 17, 7.25%, 0, 0, 2, 10.79
1747825709, 0, 186, 1161, 1160, 17, 7.25%, 0, 0, 2, 10.68
1747825719, 0, 187, 1161, 1160, 17, 7.25%, 0, 0, 2, 12.10
1747825729, 0, 187, 1162, 1161, 17, 7.25%, 0, 0, 2, 10.18
1747825750, 0, 188, 1162, 1161, 17, 7.25%, 0, 0, 2, 11.74
1747825760, 0, 189, 1162, 1161, 17, 7.25%, 0, 0, 2, 12.19
1747825770, 0, 190, 1162, 1161, 17, 7.25%, 0, 0, 2, 12.14
1747825780, 0, 191, 1162, 1161, 17, 7.25%, 0, 0, 2, 12.69
1747825791, 0, 192, 1162, 1161, 17, 7.25%, 0, 0, 2, 11.15
1747825796, 0, 192, 1163, 1162, 17, 7.25%, 0, 0, 2, 11.36
1747825811, 0, 193, 1163, 1162, 17, 7.25%, 0, 0, 2, 12.51
1747825816, 0, 193, 1164, 1163, 17, 7.25%, 0, 0, 2, 10.58
1747825837, 0, 194, 1164, 1163, 17, 7.25%, 0, 0, 2, 11.27
1747825847, 0, 195, 1164, 1163, 17, 7.25%, 0, 0, 2, 11.43
1747825862, 0, 196, 1164, 1163, 17, 7.25%, 0, 0, 2, 12.17
1747825873, 0, 197, 1164, 1163, 17, 7.25%, 0, 0, 2, 12.07
1747825883, 0, 199, 1164, 1163, 17, 7.25%, 0, 0, 2, 12.08
1747825893, 0, 200, 1164, 1163, 17, 7.25%, 0, 0, 2, 11.65
1747825903, 0, 201, 1164, 1163, 17, 7.25%, 0, 0, 2, 11.53
1747825914, 0, 202, 1164, 1163, 17, 7.25%, 0, 0, 2, 11.85
1747825924, 0, 203, 1164, 1163, 17, 7.25%, 0, 0, 2, 11.18
1747825929, 0, 203, 1165, 1164, 17, 7.25%, 0, 0, 2, 9.11
1747825955, 0, 204, 1165, 1164, 17, 7.25%, 0, 0, 2, 10.75
1747825965, 0, 205, 1165, 1164, 17, 7.25%, 0, 0, 2, 12.24
1747825975, 0, 206, 1165, 1164, 17, 7.25%, 0, 0, 2, 11.87
1747825985, 0, 207, 1165, 1164, 17, 7.25%, 0, 0, 2, 11.20
1747826001, 0, 208, 1165, 1164, 17, 7.25%, 0, 0, 2, 10.39
1747826011, 0, 209, 1165, 1164, 17, 7.25%, 0, 0, 2, 11.54
1747826021, 0, 210, 1165, 1164, 17, 7.25%, 0, 0, 2, 10.67
1747826031, 0, 212, 1165, 1164, 17, 7.25%, 0, 0, 2, 9.90
1747826047, 0, 213, 1165, 1164, 17, 7.25%, 0, 0, 2, 11.08
1747826057, 0, 214, 1165, 1164, 17, 7.25%, 0, 0, 2, 12.49
1747826067, 0, 215, 1165, 1164, 17, 7.25%, 0, 0, 2, 11.28
1747826083, 0, 216, 1165, 1164, 17, 7.25%, 0, 0, 2, 11.32
1747826093, 0, 218, 1165, 1164, 17, 7.25%, 0, 0, 2, 12.38
1747826104, 0, 219, 1165, 1164, 17, 7.25%, 0, 0, 2, 10.42
1747826114, 0, 221, 1165, 1164, 17, 7.25%, 0, 0, 2, 10.52
1747826129, 0, 222, 1165, 1164, 17, 7.25%, 0, 0, 2, 10.83
1747826139, 0, 223, 1165, 1164, 17, 7.25%, 0, 0, 2, 11.56
1747826150, 0, 224, 1165, 1164, 17, 7.25%, 0, 0, 2, 10.70
1747826160, 0, 227, 1165, 1164, 17, 7.25%, 0, 0, 2, 10.42
1747826175, 0, 228, 1165, 1164, 17, 7.25%, 0, 0, 2, 10.26
1747826185, 0, 229, 1165, 1164, 17, 7.25%, 0, 0, 2, 11.37
1747826195, 0, 230, 1165, 1164, 17, 7.25%, 0, 0, 2, 13.04
1747826205, 0, 232, 1165, 1164, 17, 7.25%, 0, 0, 2, 11.97
1747826216, 0, 233, 1165, 1164, 17, 7.25%, 0, 0, 2, 11.99
1747826226, 0, 235, 1165, 1164, 17, 7.25%, 0, 0, 2, 12.20
1747826231, 0, 235, 1166, 1165, 17, 7.25%, 0, 0, 2, 10.78
1747826252, 0, 236, 1166, 1165, 17, 7.25%, 0, 0, 2, 10.00
1747826267, 0, 237, 1166, 1165, 17, 7.25%, 0, 0, 2, 10.57
1747826277, 0, 238, 1166, 1165, 17, 7.25%, 0, 0, 2, 9.92
1747826293, 0, 239, 1166, 1165, 17, 7.25%, 0, 0, 2, 11.05
1747826303, 0, 241, 1166, 1165, 17, 7.25%, 0, 0, 2, 11.88
1747826313, 0, 242, 1166, 1165, 17, 7.25%, 0, 0, 2, 12.33
1747826323, 0, 245, 1166, 1165, 17, 7.25%, 0, 0, 2, 10.81
1747826333, 0, 246, 1166, 1165, 17, 7.25%, 0, 0, 2, 10.41
1747826349, 0, 247, 1166, 1165, 17, 7.25%, 0, 0, 2, 10.99
1747826359, 0, 248, 1166, 1165, 17, 7.25%, 0, 0, 2, 10.67
1747826374, 0, 249, 1166, 1165, 17, 7.25%, 0, 0, 2, 11.28
1747826385, 0, 250, 1166, 1165, 17, 7.25%, 0, 0, 2, 10.39
1747826395, 0, 251, 1166, 1165, 17, 7.25%, 0, 0, 2, 10.83
1747826405, 0, 252, 1166, 1165, 17, 7.25%, 0, 0, 2, 11.07
1747826420, 0, 253, 1166, 1165, 17, 7.25%, 0, 0, 2, 10.76
1747826431, 0, 254, 1166, 1165, 17, 7.25%, 0, 0, 2, 10.41
1747826441, 0, 255, 1166, 1165, 17, 7.25%, 0, 0, 2, 10.54
1747826457, 0, 257, 1166, 1165, 17, 7.25%, 0, 0, 2, 10.09
1747826467, 0, 258, 1166, 1165, 17, 7.25%, 0, 0, 2, 10.69
1747826477, 0, 260, 1166, 1165, 17, 7.25%, 0, 0, 2, 11.73
1747826492, 0, 261, 1166, 1165, 17, 7.25%, 0, 0, 2, 9.58
1747826503, 0, 263, 1166, 1165, 17, 7.25%, 0, 0, 2, 9.66
1747826518, 0, 264, 1166, 1165, 17, 7.25%, 0, 0, 2, 10.15
1747826529, 0, 265, 1166, 1165, 17, 7.25%, 0, 0, 2, 10.78
1747826539, 0, 266, 1166, 1165, 17, 7.25%, 0, 0, 2, 10.48
1747826554, 0, 267, 1166, 1165, 17, 7.25%, 0, 0, 2, 9.92
1747826565, 0, 268, 1166, 1165, 17, 7.25%, 0, 0, 2, 9.99
1747826580, 0, 269, 1166, 1165, 17, 7.25%, 0, 0, 2, 10.98
1747826590, 0, 270, 1166, 1165, 17, 7.25%, 0, 0, 2, 12.28
1747826601, 0, 272, 1166, 1165, 17, 7.25%, 0, 0, 2, 12.28
1747826611, 0, 273, 1166, 1165, 17, 7.25%, 0, 0, 2, 11.16
1747826621, 0, 274, 1166, 1165, 17, 7.25%, 0, 0, 2, 10.20
1747826631, 0, 275, 1166, 1165, 17, 7.25%, 0, 0, 2, 11.90
1747826647, 0, 276, 1166, 1165, 17, 7.25%, 0, 0, 2, 11.05
1747826657, 0, 277, 1166, 1165, 17, 7.25%, 0, 0, 2, 10.87
1747826672, 0, 278, 1166, 1165, 17, 7.25%, 0, 0, 2, 11.84
1747826682, 0, 279, 1166, 1165, 17, 7.25%, 0, 0, 2, 10.92
1747826692, 0, 280, 1166, 1165, 17, 7.25%, 0, 0, 2, 10.64
1747826703, 0, 281, 1166, 1165, 17, 7.25%, 0, 0, 2, 12.23
1747826718, 0, 282, 1166, 1165, 17, 7.25%, 0, 0, 2, 10.75
1747826728, 0, 284, 1166, 1165, 17, 7.25%, 0, 0, 2, 10.19
1747826738, 0, 285, 1166, 1165, 17, 7.25%, 0, 0, 2, 10.85
1747826754, 0, 286, 1166, 1165, 17, 7.25%, 0, 0, 2, 10.93
1747826764, 0, 287, 1166, 1165, 17, 7.25%, 0, 0, 2, 17.33
1747827187, 0, 288, 1166, 1164, 16, 7.25%, 0, 0, 2, 31.89
1747827202, 0, 289, 1166, 1164, 16, 7.25%, 0, 0, 2, 12.40
1747827213, 0, 290, 1166, 1164, 16, 7.25%, 0, 0, 2, 9.97
1747827223, 0, 291, 1166, 1164, 16, 7.25%, 0, 0, 2, 10.73
1747827233, 0, 292, 1166, 1164, 16, 7.25%, 0, 0, 2, 11.61
1747827249, 0, 294, 1166, 1164, 16, 7.25%, 0, 0, 2, 10.88
1747827259, 0, 295, 1166, 1164, 16, 7.25%, 0, 0, 2, 10.36
1747827270, 0, 296, 1166, 1164, 16, 7.25%, 0, 0, 2, 10.74
1747827285, 0, 297, 1166, 1164, 16, 7.25%, 0, 0, 2, 11.91
1747827295, 0, 298, 1166, 1164, 16, 7.25%, 0, 0, 2, 11.74
1747827306, 0, 299, 1166, 1164, 16, 7.25%, 0, 0, 2, 10.20
1747827316, 0, 300, 1166, 1164, 16, 7.25%, 0, 0, 2, 12.19
1747827326, 0, 300, 1167, 1165, 16, 7.25%, 0, 0, 3, 11.06
1747827341, 0, 301, 1167, 1165, 16, 7.25%, 0, 0, 3, 10.16
1747827357, 0, 302, 1167, 1165, 16, 7.25%, 0, 0, 3, 10.92
1747827367, 0, 303, 1167, 1165, 16, 7.25%, 0, 0, 3, 10.01
1747827382, 0, 304, 1167, 1165, 16, 7.25%, 0, 0, 3, 9.90
1747827392, 0, 306, 1167, 1165, 16, 7.25%, 0, 0, 3, 10.38
1747827408, 0, 307, 1167, 1165, 16, 7.25%, 0, 0, 3, 10.63
1747827418, 0, 308, 1167, 1165, 16, 7.25%, 0, 0, 3, 10.87
1747827428, 0, 309, 1167, 1165, 16, 7.25%, 0, 0, 3, 10.84
1747827433, 0, 309, 1168, 1166, 16, 7.25%, 0, 0, 3, 11.36
1747827454, 0, 311, 1168, 1166, 16, 7.25%, 0, 0, 3, 10.89
1747827464, 0, 312, 1168, 1166, 16, 7.25%, 0, 0, 3, 12.00
1747827480, 0, 313, 1168, 1166, 16, 7.25%, 0, 0, 3, 10.91
1747827490, 0, 314, 1168, 1166, 16, 7.25%, 0, 0, 3, 11.10
1747827500, 0, 314, 1169, 1167, 16, 7.25%, 0, 0, 3, 9.98
1747827516, 0, 315, 1169, 1167, 16, 7.25%, 0, 0, 3, 10.51
1747827526, 0, 316, 1169, 1167, 16, 7.25%, 0, 0, 3, 9.70
1747827541, 0, 319, 1169, 1167, 16, 7.25%, 0, 0, 3, 9.87
1747827551, 0, 320, 1169, 1167, 16, 7.25%, 0, 0, 3, 10.57
1747827567, 0, 321, 1169, 1167, 16, 7.25%, 0, 0, 3, 10.51
1747827577, 0, 322, 1169, 1167, 16, 7.25%, 0, 0, 3, 10.29
1747827593, 0, 323, 1169, 1167, 16, 7.25%, 0, 0, 3, 10.09
1747827603, 0, 324, 1169, 1167, 16, 7.25%, 0, 0, 3, 12.05
1747827613, 0, 325, 1169, 1167, 16, 7.25%, 0, 0, 3, 12.74
1747827623, 0, 326, 1169, 1167, 16, 7.25%, 0, 0, 3, 11.89
1747827633, 0, 326, 1170, 1168, 16, 7.25%, 0, 0, 3, 12.23
1747827643, 0, 328, 1170, 1168, 16, 7.25%, 0, 0, 3, 12.98
1747827654, 0, 329, 1170, 1168, 16, 7.25%, 0, 0, 3, 11.97
1747827669, 0, 330, 1171, 1169, 16, 7.25%, 0, 0, 3, 9.73
1747827679, 0, 330, 1172, 1170, 16, 7.25%, 0, 0, 3, 9.37
1747827705, 0, 330, 1173, 1171, 16, 7.25%, 0, 0, 3, 9.22
1747827772, 0, 331, 1173, 1171, 16, 7.25%, 0, 0, 3, 10.46
1747827783, 0, 332, 1173, 1171, 16, 7.25%, 0, 0, 3, 11.69
1747827793, 0, 333, 1173, 1171, 16, 7.25%, 0, 0, 3, 11.62
1747827803, 0, 334, 1173, 1171, 16, 7.25%, 0, 0, 3, 12.18
1747827818, 0, 335, 1173, 1171, 16, 7.25%, 0, 0, 3, 9.83
1747827823, 0, 335, 1174, 1172, 16, 7.25%, 0, 0, 3, 9.50
1747827844, 0, 338, 1174, 1172, 16, 7.25%, 0, 0, 3, 10.55
1747827859, 0, 339, 1174, 1172, 16, 7.25%, 0, 0, 3, 10.41
1747827869, 0, 340, 1174, 1172, 16, 7.25%, 0, 0, 3, 11.16
1747827880, 0, 341, 1174, 1172, 16, 7.25%, 0, 0, 3, 12.14
1747827890, 0, 342, 1174, 1172, 16, 7.25%, 0, 0, 3, 12.27
1747827905, 0, 343, 1174, 1172, 16, 7.25%, 0, 0, 3, 10.62
1747827916, 0, 344, 1174, 1172, 16, 7.25%, 0, 0, 3, 11.35
1747827926, 0, 346, 1174, 1172, 16, 7.25%, 0, 0, 3, 10.18
1747827941, 0, 347, 1174, 1172, 16, 7.25%, 0, 0, 3, 10.55
1747827951, 0, 348, 1174, 1172, 16, 7.25%, 0, 0, 3, 9.90
1747827967, 0, 349, 1174, 1172, 16, 7.25%, 0, 0, 3, 11.65
1747827977, 0, 350, 1174, 1172, 16, 7.25%, 0, 0, 3, 11.08
1747827987, 0, 351, 1175, 1173, 16, 7.25%, 0, 0, 3, 10.31
1747828013, 0, 352, 1175, 1173, 16, 7.25%, 0, 0, 3, 10.58
1747828028, 0, 353, 1175, 1173, 16, 7.25%, 0, 0, 3, 11.68
1747828038, 0, 354, 1176, 1174, 16, 7.25%, 0, 0, 3, 10.40
1747828059, 0, 354, 1177, 1175, 16, 7.29%, 0, 0, 3, 8.78
1747828090, 0, 355, 1177, 1175, 17, 7.29%, 0, 0, 3, 10.61
1747828100, 0, 356, 1177, 1175, 17, 7.29%, 0, 0, 3, 11.02
1747828115, 0, 357, 1177, 1175, 17, 7.29%, 0, 0, 3, 10.52
1747828126, 0, 358, 1177, 1175, 17, 7.29%, 0, 0, 3, 10.12
1747828131, 0, 358, 1178, 1176, 17, 7.29%, 0, 0, 3, 10.31
1747828151, 0, 359, 1178, 1176, 17, 7.29%, 0, 0, 3, 11.60
1747828161, 0, 360, 1178, 1176, 17, 7.29%, 0, 0, 3, 9.90
1747828177, 0, 361, 1178, 1176, 17, 7.29%, 0, 0, 3, 11.40
1747828187, 0, 362, 1178, 1176, 17, 7.29%, 0, 0, 3, 11.44
1747828198, 0, 362, 1179, 1177, 17, 7.29%, 0, 0, 3, 9.79
1747828213, 0, 363, 1179, 1177, 17, 7.29%, 0, 0, 3, 9.42
1747828223, 0, 364, 1179, 1177, 17, 7.29%, 0, 0, 3, 11.25
1747828234, 0, 365, 1179, 1177, 17, 7.29%, 0, 0, 3, 11.61
1747828244, 0, 366, 1179, 1177, 17, 7.29%, 0, 0, 3, 11.23
1747828259, 0, 367, 1179, 1177, 17, 7.29%, 0, 0, 3, 10.17
1747828269, 0, 368, 1179, 1177, 17, 7.29%, 0, 0, 3, 10.96
1747828284, 0, 369, 1179, 1177, 17, 7.29%, 0, 0, 3, 10.76
1747828295, 0, 370, 1179, 1177, 17, 7.29%, 0, 0, 3, 9.32
1747828310, 0, 371, 1179, 1177, 17, 7.29%, 0, 0, 3, 10.68
1747828321, 0, 371, 1180, 1178, 17, 7.29%, 0, 0, 3, 9.06
1747828326, 0, 371, 1181, 1179, 17, 7.29%, 0, 0, 3, 9.60
1747828362, 0, 372, 1181, 1179, 17, 7.29%, 0, 0, 3, 9.78
1747828377, 0, 373, 1181, 1179, 17, 7.29%, 0, 0, 3, 9.57
1747828387, 0, 374, 1181, 1179, 17, 7.29%, 0, 0, 3, 11.43
1747828397, 0, 375, 1181, 1179, 17, 7.29%, 0, 0, 3, 12.27
1747828413, 0, 376, 1181, 1179, 17, 7.29%, 0, 0, 3, 9.83
1747828423, 0, 377, 1181, 1179, 17, 7.29%, 0, 0, 3, 11.44
1747828433, 0, 378, 1181, 1179, 17, 7.29%, 0, 0, 3, 11.66
1747828444, 0, 379, 1181, 1179, 17, 7.29%, 0, 0, 3, 11.62
1747828454, 0, 379, 1182, 1180, 17, 7.29%, 0, 0, 3, 9.24
1747828474, 0, 381, 1182, 1180, 17, 7.29%, 0, 0, 3, 10.67
1747828485, 0, 382, 1182, 1180, 17, 7.29%, 0, 0, 3, 11.51
1747828495, 0, 383, 1182, 1180, 17, 7.29%, 0, 0, 3, 11.86
1747828510, 0, 385, 1182, 1180, 17, 7.29%, 0, 0, 3, 24.78
1747828938, 0, 386, 1182, 1179, 17, 7.29%, 0, 0, 3, 6.41
1747828954, 0, 388, 1182, 1179, 17, 7.29%, 0, 0, 3, 10.75
1747828964, 0, 389, 1182, 1179, 17, 7.29%, 0, 0, 3, 10.20
1747828974, 0, 390, 1182, 1179, 17, 7.29%, 0, 0, 3, 9.82
1747828979, 0, 390, 1183, 1180, 17, 7.29%, 0, 0, 3, 9.34
1747828999, 0, 390, 1184, 1181, 17, 7.29%, 0, 0, 3, 9.69
1747829005, 0, 390, 1185, 1182, 17, 7.29%, 0, 0, 3, 9.20
1747829025, 0, 390, 1186, 1183, 17, 7.29%, 0, 0, 3, 8.34
1747829046, 0, 390, 1187, 1184, 17, 7.29%, 0, 0, 3, 9.15
1747829067, 0, 390, 1188, 1185, 17, 7.29%, 0, 0, 3, 9.41
1747829077, 0, 390, 1189, 1186, 17, 7.29%, 0, 0, 3, 9.21
1747829138, 0, 390, 1190, 1187, 17, 7.29%, 0, 0, 3, 9.89
1747829335, 0, 390, 1191, 1188, 17, 7.29%, 0, 0, 3, 8.59
1747829407, 0, 391, 1191, 1188, 17, 7.29%, 0, 0, 3, 10.50
1747829422, 0, 392, 1191, 1188, 17, 7.29%, 0, 0, 3, 11.76
1747829432, 0, 393, 1192, 1189, 17, 7.29%, 0, 0, 3, 9.84
1747829442, 0, 393, 1193, 1190, 17, 7.29%, 0, 0, 3, 10.55
1747829488, 0, 395, 1193, 1190, 17, 7.29%, 0, 0, 3, 9.70
1747829504, 0, 397, 1193, 1190, 17, 7.29%, 0, 0, 3, 9.73
1747829509, 0, 397, 1194, 1191, 17, 7.29%, 0, 0, 3, 9.56
1747829530, 0, 399, 1194, 1191, 17, 7.29%, 0, 0, 3, 10.17
1747829540, 0, 401, 1194, 1191, 17, 7.29%, 0, 0, 3, 10.01
1747829556, 0, 404, 1194, 1191, 17, 7.29%, 0, 0, 3, 10.20
1747829566, 0, 405, 1194, 1191, 17, 7.29%, 0, 0, 3, 9.62
1747829581, 0, 407, 1194, 1191, 17, 7.29%, 0, 0, 3, 9.44
1747829591, 0, 408, 1194, 1191, 17, 7.29%, 0, 0, 3, 11.29
1747829607, 0, 410, 1194, 1191, 17, 7.29%, 0, 0, 3, 10.02
1747829622, 0, 411, 1194, 1191, 17, 7.29%, 0, 0, 3, 10.44
1747829632, 0, 412, 1194, 1191, 17, 7.29%, 0, 0, 3, 10.76
1747829642, 0, 413, 1194, 1191, 17, 7.29%, 0, 0, 3, 11.00
1747829658, 0, 414, 1195, 1192, 17, 7.29%, 0, 0, 3, 8.59
1747829683, 0, 416, 1195, 1192, 17, 7.29%, 0, 0, 3, 10.88
1747829699, 0, 417, 1195, 1192, 17, 7.29%, 0, 0, 3, 9.77
1747829709, 0, 418, 1195, 1192, 17, 7.29%, 0, 0, 3, 9.43
1747829725, 0, 419, 1195, 1192, 17, 7.29%, 0, 0, 3, 9.74
1747829740, 0, 420, 1195, 1192, 17, 7.29%, 0, 0, 3, 10.93
1747829750, 0, 421, 1195, 1192, 17, 7.29%, 0, 0, 3, 9.75
1747829766, 0, 422, 1195, 1192, 17, 7.29%, 0, 0, 3, 9.04
1747829776, 0, 426, 1195, 1192, 17, 7.29%, 0, 0, 3, 10.10
1747829792, 0, 427, 1195, 1192, 17, 7.29%, 0, 0, 3, 9.33
1747829802, 0, 428, 1195, 1192, 17, 7.29%, 0, 0, 3, 11.20
1747829817, 0, 430, 1195, 1192, 17, 7.29%, 0, 0, 3, 9.75
1747829833, 0, 431, 1195, 1192, 17, 7.29%, 0, 0, 3, 9.43
1747829838, 0, 431, 1197, 1194, 17, 7.29%, 0, 0, 3, 8.29
1747829889, 0, 433, 1197, 1194, 17, 7.29%, 0, 0, 3, 10.64
1747829899, 0, 434, 1197, 1194, 17, 7.29%, 0, 0, 3, 11.30
1747829909, 0, 435, 1197, 1194, 17, 7.29%, 0, 0, 3, 10.24
1747829925, 0, 437, 1197, 1194, 17, 7.29%, 0, 0, 3, 11.67
1747829935, 0, 438, 1197, 1194, 17, 7.29%, 0, 0, 3, 11.28
1747829945, 0, 440, 1197, 1194, 17, 7.29%, 0, 0, 3, 9.53
1747829961, 0, 441, 1198, 1195, 17, 7.29%, 0, 0, 3, 9.56
1747829987, 0, 442, 1198, 1195, 17, 7.29%, 0, 0, 3, 9.60
1747829997, 0, 442, 1199, 1196, 17, 7.29%, 0, 0, 3, 9.75
1747830007, 0, 442, 1200, 1197, 17, 7.29%, 0, 0, 3, 9.32
1747830043, 0, 444, 1200, 1197, 17, 7.29%, 0, 0, 3, 9.87
1747830054, 0, 445, 1200, 1197, 17, 7.29%, 0, 0, 3, 10.98
1747830069, 0, 446, 1200, 1197, 17, 7.29%, 0, 0, 3, 9.61
1747830084, 0, 447, 1200, 1197, 17, 7.29%, 0, 0, 3, 9.60
1747830095, 0, 449, 1200, 1197, 17, 7.29%, 0, 0, 3, 10.15
1747830100, 0, 449, 1201, 1198, 17, 7.29%, 0, 0, 3, 9.74
1747830120, 0, 449, 1202, 1199, 17, 7.32%, 0, 0, 3, 8.15
1747830157, 0, 450, 1202, 1199, 18, 7.32%, 0, 0, 3, 9.30
1747830167, 0, 452, 1203, 1200, 18, 7.32%, 0, 0, 3, 9.01
1747830177, 0, 452, 1204, 1201, 18, 7.32%, 0, 0, 3, 9.02
1747830218, 0, 452, 1205, 1202, 18, 7.32%, 0, 0, 3, 8.33
1747830280, 0, 453, 1205, 1202, 18, 7.32%, 0, 0, 3, 10.07
1747830285, 0, 453, 1206, 1203, 18, 7.32%, 0, 0, 3, 8.40
1747830290, 0, 453, 1207, 1204, 18, 7.32%, 0, 0, 3, 8.59
1747830336, 0, 454, 1207, 1204, 18, 7.32%, 0, 0, 3, 10.40
1747830351, 0, 455, 1207, 1204, 18, 7.32%, 0, 0, 3, 9.53
1747830362, 0, 456, 1207, 1204, 18, 7.32%, 0, 0, 3, 10.35
1747830377, 0, 457, 1207, 1204, 18, 7.32%, 0, 0, 3, 10.58
1747830387, 0, 458, 1207, 1204, 18, 7.32%, 0, 0, 3, 9.31
1747830402, 0, 460, 1207, 1204, 18, 7.32%, 0, 0, 3, 9.67
1747830418, 0, 461, 1207, 1204, 18, 7.32%, 0, 0, 3, 9.93
1747830428, 0, 462, 1207, 1204, 18, 7.32%, 0, 0, 3, 9.40
1747830443, 0, 464, 1207, 1204, 18, 7.32%, 0, 0, 3, 10.06
1747830454, 0, 465, 1207, 1204, 18, 7.32%, 0, 0, 3, 10.17
1747830469, 0, 466, 1207, 1204, 18, 7.32%, 0, 0, 3, 9.58
1747830485, 0, 467, 1207, 1204, 18, 7.32%, 0, 0, 3, 8.65
1747830495, 0, 468, 1207, 1204, 18, 7.32%, 0, 0, 3, 9.31
1747830510, 0, 471, 1207, 1204, 18, 7.32%, 0, 0, 3, 10.14
1747830520, 0, 472, 1207, 1204, 18, 7.32%, 0, 0, 3, 11.05
1747830536, 0, 473, 1207, 1204, 18, 7.32%, 0, 0, 3, 9.22
1747830551, 0, 474, 1207, 1204, 18, 7.32%, 0, 0, 3, 9.16
1747830561, 0, 475, 1207, 1204, 18, 7.32%, 0, 0, 3, 9.33
1747830577, 0, 476, 1207, 1204, 18, 7.32%, 0, 0, 3, 9.94
1747830587, 0, 477, 1207, 1204, 18, 7.32%, 0, 0, 3, 9.38
1747830602, 0, 478, 1207, 1204, 18, 7.32%, 0, 0, 3, 10.42
1747830613, 0, 479, 1207, 1204, 18, 7.32%, 0, 0, 3, 10.18
1747830628, 0, 480, 1207, 1204, 18, 7.32%, 0, 0, 3, 9.90
1747830638, 0, 481, 1207, 1204, 18, 7.32%, 0, 0, 3, 10.05
1747830654, 0, 482, 1207, 1204, 18, 7.32%, 0, 0, 3, 10.72
1747830664, 0, 483, 1207, 1204, 18, 7.32%, 0, 0, 3, 9.92
1747830674, 0, 483, 1208, 1205, 18, 7.46%, 0, 0, 3, 9.26
1747830695, 0, 484, 1210, 1207, 18, 7.46%, 0, 0, 3, 8.14
1747830726, 0, 484, 1211, 1208, 18, 7.46%, 0, 0, 3, 9.34
1747830736, 0, 484, 1212, 1209, 18, 7.47%, 0, 0, 3, 9.26
1747830756, 0, 484, 1213, 1210, 18, 7.47%, 0, 0, 3, 9.01
1747830829, 0, 484, 1214, 1211, 18, 7.47%, 0, 0, 3, 9.11
1747831003, 0, 484, 1215, 1212, 18, 7.47%, 0, 0, 3, 8.96
1747831008, 0, 484, 1216, 1213, 18, 7.47%, 0, 0, 3, 8.34
1747831131, 0, 485, 1216, 1213, 20, 7.47%, 0, 0, 3, 9.71
1747831141, 0, 488, 1216, 1213, 20, 7.47%, 0, 0, 3, 10.43
1747831146, 0, 488, 1217, 1214, 20, 7.47%, 0, 0, 3, 10.44
1747831152, 0, 488, 1218, 1215, 20, 7.47%, 0, 0, 3, 9.85
1747831157, 0, 488, 1219, 1216, 20, 7.47%, 0, 0, 3, 9.61
1747831183, 0, 488, 1220, 1217, 20, 7.47%, 0, 0, 3, 9.64
1747831306, 0, 488, 1221, 1218, 20, 7.47%, 0, 0, 3, 9.10
1747831578, 0, 489, 1221, 1218, 20, 7.47%, 0, 0, 3, 9.71
1747831588, 0, 491, 1221, 1218, 20, 7.47%, 0, 0, 3, 10.61
1747831603, 0, 492, 1221, 1218, 20, 7.47%, 0, 0, 3, 10.13
1747831614, 0, 493, 1221, 1218, 20, 7.47%, 0, 0, 3, 9.80
1747831629, 0, 494, 1221, 1218, 20, 7.47%, 0, 0, 3, 9.90
1747831644, 0, 495, 1221, 1218, 20, 7.47%, 0, 0, 3, 9.54
1747831655, 0, 496, 1221, 1218, 20, 7.47%, 0, 0, 3, 10.22
1747831670, 0, 497, 1221, 1218, 20, 7.47%, 0, 0, 3, 9.71
1747831685, 0, 500, 1222, 1219, 20, 7.47%, 0, 0, 3, 9.23
1747831706, 0, 500, 1223, 1220, 20, 7.48%, 0, 0, 3, 8.35
1747831716, 0, 500, 1224, 1221, 20, 7.48%, 0, 0, 3, 8.80
1747831721, 0, 500, 1225, 1222, 20, 7.48%, 0, 0, 3, 8.60
1747831742, 0, 500, 1226, 1223, 20, 7.48%, 0, 0, 3, 9.03
1747831762, 0, 500, 1227, 1224, 20, 7.48%, 0, 0, 3, 8.71
1747831788, 0, 500, 1228, 1225, 20, 7.48%, 0, 0, 3, 8.59
1747831793, 0, 500, 1229, 1226, 20, 7.48%, 0, 0, 3, 9.04
1747831881, 0, 500, 1230, 1227, 20, 7.48%, 0, 0, 3, 8.65
1747831912, 0, 500, 1231, 1228, 20, 7.48%, 0, 0, 3, 8.68
1747832056, 0, 500, 1232, 1229, 20, 7.48%, 0, 0, 3, 8.65
1747832071, 0, 500, 1233, 1230, 20, 7.48%, 0, 0, 3, 9.17
1747832097, 0, 500, 1234, 1231, 20, 7.48%, 0, 0, 3, 8.67
1747832128, 0, 501, 1234, 1231, 21, 7.48%, 0, 0, 3, 10.12
1747832143, 0, 503, 1234, 1231, 21, 7.48%, 0, 0, 3, 13.49
1747832154, 0, 504, 1234, 1231, 21, 7.48%, 0, 0, 3, 16.68
1747832159, 0, 505, 1234, 1231, 21, 7.48%, 0, 0, 3, 17.10
1747832169, 0, 506, 1234, 1231, 21, 7.48%, 0, 0, 3, 15.24
1747832174, 0, 507, 1234, 1231, 21, 7.48%, 0, 0, 3, 15.79
1747832184, 0, 508, 1234, 1231, 21, 7.48%, 0, 0, 3, 15.96
1747832189, 0, 509, 1234, 1231, 21, 7.48%, 0, 0, 3, 17.65
1747832199, 0, 510, 1234, 1231, 21, 7.48%, 0, 0, 3, 15.64
1747832210, 0, 511, 1235, 1232, 21, 7.48%, 0, 0, 3, 15.37
1747832225, 0, 512, 1235, 1232, 18, 7.48%, 0, 0, 3, 14.94
1747832230, 0, 513, 1235, 1232, 18, 7.48%, 0, 0, 3, 16.45
1747832235, 0, 513, 1236, 1233, 18, 7.48%, 0, 0, 3, 15.36
1747832246, 0, 513, 1237, 1234, 18, 7.48%, 0, 0, 3, 15.66
1747832251, 0, 513, 1238, 1235, 18, 7.48%, 0, 0, 3, 14.12
1747832302, 0, 515, 1239, 1236, 18, 7.48%, 0, 0, 3, 14.70
1747832317, 0, 517, 1239, 1236, 18, 7.48%, 0, 0, 3, 17.30
1747832322, 0, 518, 1239, 1236, 18, 7.48%, 0, 0, 3, 18.09
1747832333, 0, 519, 1239, 1236, 18, 7.48%, 0, 0, 3, 15.02
1747832343, 0, 520, 1239, 1236, 18, 7.48%, 0, 0, 3, 15.15
1747832348, 0, 521, 1239, 1236, 18, 7.48%, 0, 0, 3, 16.09
1747832358, 0, 522, 1239, 1236, 18, 7.48%, 0, 0, 3, 34.77
1747832933, 0, 523, 1239, 1235, 18, 7.48%, 0, 0, 3, 39.56
1747832944, 0, 526, 1239, 1235, 18, 7.48%, 0, 0, 3, 16.38
1747832949, 0, 526, 1240, 1236, 18, 7.48%, 0, 0, 3, 13.79
1747832954, 0, 526, 1241, 1237, 18, 7.48%, 0, 0, 3, 13.68
1747832990, 0, 527, 1241, 1237, 19, 7.48%, 0, 0, 3, 8.46
1747833000, 0, 527, 1242, 1238, 19, 7.48%, 0, 0, 3, 8.28
1747833006, 0, 527, 1243, 1239, 19, 7.48%, 0, 0, 3, 9.19
1747833047, 0, 529, 1243, 1239, 19, 7.48%, 0, 0, 3, 9.43
1747833062, 0, 531, 1243, 1239, 19, 7.48%, 0, 0, 3, 8.72
1747833078, 0, 532, 1243, 1239, 19, 7.48%, 0, 0, 3, 9.64
1747833088, 0, 533, 1243, 1239, 19, 7.48%, 0, 0, 3, 9.80
1747833103, 0, 534, 1243, 1239, 19, 7.48%, 0, 0, 3, 9.16
1747833114, 0, 535, 1243, 1239, 19, 7.48%, 0, 0, 3, 10.20
1747833129, 0, 537, 1243, 1239, 19, 7.48%, 0, 0, 3, 9.75
1747833145, 0, 539, 1243, 1239, 19, 7.48%, 0, 0, 3, 9.38
1747833155, 0, 541, 1243, 1239, 19, 7.48%, 0, 0, 3, 9.64
1747833171, 0, 542, 1243, 1239, 19, 7.48%, 0, 0, 3, 9.52
1747833186, 0, 543, 1243, 1239, 19, 7.48%, 0, 0, 3, 9.29
1747833196, 0, 544, 1243, 1239, 19, 7.48%, 0, 0, 3, 9.89
1747833212, 0, 545, 1243, 1239, 19, 7.48%, 0, 0, 3, 9.49
1747833222, 0, 546, 1243, 1239, 19, 7.48%, 0, 0, 3, 10.68
1747833237, 0, 547, 1243, 1239, 19, 7.48%, 0, 0, 3, 8.41
1747833253, 0, 548, 1243, 1239, 19, 7.48%, 0, 0, 3, 9.37
1747833268, 0, 549, 1243, 1239, 19, 7.48%, 0, 0, 3, 9.68
1747833279, 0, 550, 1243, 1239, 19, 7.48%, 0, 0, 3, 9.03
1747833294, 0, 551, 1243, 1239, 19, 7.48%, 0, 0, 3, 13.37
1747833304, 0, 552, 1243, 1239, 19, 7.48%, 0, 0, 3, 16.21
1747833309, 0, 554, 1243, 1239, 19, 7.48%, 0, 0, 3, 17.08
1747833320, 0, 555, 1243, 1239, 19, 7.48%, 0, 0, 3, 16.41
1747833325, 0, 557, 1243, 1239, 19, 7.48%, 0, 0, 3, 15.99
1747833330, 0, 557, 1244, 1240, 19, 7.48%, 0, 0, 3, 15.42
1747833346, 0, 558, 1244, 1240, 19, 7.48%, 0, 0, 3, 16.52
1747833351, 0, 559, 1244, 1240, 19, 7.48%, 0, 0, 3, 15.31
1747833361, 0, 560, 1244, 1240, 19, 7.48%, 0, 0, 3, 14.54
1747833366, 0, 561, 1244, 1240, 19, 7.48%, 0, 0, 3, 15.78
1747833376, 0, 562, 1245, 1241, 19, 7.48%, 0, 0, 3, 13.63
1747833392, 0, 565, 1245, 1241, 19, 7.48%, 0, 0, 3, 15.36
1747833402, 0, 566, 1245, 1241, 19, 7.48%, 0, 0, 3, 15.14
1747833412, 0, 567, 1245, 1241, 19, 7.48%, 0, 0, 3, 16.41
1747833418, 0, 568, 1245, 1241, 19, 7.48%, 0, 0, 3, 16.79
1747833428, 0, 570, 1245, 1241, 19, 7.48%, 0, 0, 3, 16.43
1747833433, 0, 571, 1245, 1241, 19, 7.48%, 0, 0, 3, 16.07
1747833443, 0, 572, 1245, 1241, 19, 7.48%, 0, 0, 3, 14.72
1747833448, 0, 573, 1245, 1241, 19, 7.48%, 0, 0, 3, 16.32
1747833458, 0, 574, 1245, 1241, 19, 7.48%, 0, 0, 3, 15.21
1747833468, 0, 575, 1245, 1241, 19, 7.48%, 0, 0, 3, 15.19
1747833473, 0, 576, 1245, 1241, 19, 7.48%, 0, 0, 3, 15.34
1747833478, 0, 576, 1246, 1242, 19, 7.48%, 0, 0, 3, 15.05
1747833494, 0, 579, 1247, 1243, 19, 7.48%, 0, 0, 3, 14.40
1747833509, 0, 582, 1247, 1243, 19, 7.48%, 0, 0, 3, 16.53
1747833519, 0, 583, 1247, 1243, 19, 7.48%, 0, 0, 3, 15.79
1747833524, 0, 584, 1247, 1243, 19, 7.48%, 0, 0, 3, 15.72
1747833529, 0, 584, 1248, 1244, 19, 7.48%, 0, 0, 3, 14.18
1747833545, 0, 586, 1248, 1244, 19, 7.48%, 0, 0, 3, 16.64
1747833550, 0, 587, 1248, 1244, 19, 7.48%, 0, 0, 3, 16.18
1747833560, 0, 588, 1248, 1244, 19, 7.48%, 0, 0, 3, 17.06
1747833565, 0, 589, 1248, 1244, 19, 7.48%, 0, 0, 3, 17.03
1747833575, 0, 590, 1248, 1244, 19, 7.48%, 0, 0, 3, 16.99
1747833581, 0, 591, 1248, 1244, 19, 7.48%, 0, 0, 3, 16.16
1747833591, 0, 592, 1248, 1244, 19, 7.48%, 0, 0, 3, 16.60
1747833596, 0, 593, 1248, 1244, 19, 7.48%, 0, 0, 3, 16.49
1747833606, 0, 594, 1248, 1244, 19, 7.48%, 0, 0, 3, 14.92
1747833617, 0, 595, 1248, 1244, 19, 7.48%, 0, 0, 3, 15.18
1747833622, 0, 596, 1248, 1244, 19, 7.48%, 0, 0, 3, 16.55
1747833632, 0, 597, 1248, 1244, 19, 7.48%, 0, 0, 3, 15.89
1747833637, 0, 598, 1248, 1244, 19, 7.48%, 0, 0, 3, 15.78
1747833648, 0, 599, 1248, 1244, 19, 7.48%, 0, 0, 3, 15.80
1747833658, 0, 600, 1248, 1244, 19, 7.48%, 0, 0, 3, 15.99
1747833663, 0, 601, 1248, 1244, 19, 7.48%, 0, 0, 3, 15.75
1747833673, 0, 602, 1248, 1244, 19, 7.48%, 0, 0, 3, 17.26
1747833678, 0, 603, 1248, 1244, 19, 7.48%, 0, 0, 3, 16.44
1747833688, 0, 605, 1248, 1244, 19, 7.48%, 0, 0, 3, 15.32
1747833699, 0, 606, 1248, 1244, 19, 7.48%, 0, 0, 3, 16.01
1747833704, 0, 607, 1249, 1245, 19, 7.48%, 0, 0, 3, 13.33
1747833714, 0, 607, 1250, 1246, 19, 7.49%, 0, 0, 3, 9.56
1747833761, 0, 610, 1250, 1246, 20, 7.49%, 0, 0, 3, 9.10
1747833771, 0, 610, 1251, 1247, 20, 7.49%, 0, 0, 3, 8.90
1747833791, 0, 611, 1251, 1247, 20, 7.49%, 0, 0, 3, 9.06
1747833807, 0, 612, 1251, 1247, 20, 7.49%, 0, 0, 3, 8.97
1747833822, 0, 614, 1251, 1247, 20, 7.49%, 0, 0, 3, 9.40
1747833838, 0, 616, 1251, 1247, 20, 7.49%, 0, 0, 3, 8.80
1747833848, 0, 617, 1251, 1247, 20, 7.49%, 0, 0, 3, 9.05
1747833863, 0, 618, 1251, 1247, 20, 7.49%, 0, 0, 3, 9.55
1747833879, 0, 620, 1251, 1247, 20, 7.49%, 0, 0, 3, 9.26
1747833889, 0, 621, 1251, 1247, 20, 7.49%, 0, 0, 3, 9.03
1747833904, 0, 622, 1251, 1247, 20, 7.49%, 0, 0, 3, 9.14
1747833919, 0, 625, 1251, 1247, 20, 7.49%, 0, 0, 3, 9.72
1747833930, 0, 626, 1251, 1247, 20, 7.49%, 0, 0, 3, 9.77
1747833945, 0, 627, 1251, 1247, 20, 7.49%, 0, 0, 3, 9.33
1747833961, 0, 628, 1251, 1247, 20, 7.49%, 0, 0, 3, 9.52
1747833971, 0, 629, 1251, 1247, 20, 7.49%, 0, 0, 3, 10.25
1747833986, 0, 630, 1251, 1247, 20, 7.49%, 0, 0, 3, 9.04
1747834002, 0, 631, 1251, 1247, 20, 7.49%, 0, 0, 3, 8.98
1747834017, 0, 632, 1251, 1247, 20, 7.49%, 0, 0, 3, 10.07
1747834027, 0, 633, 1251, 1247, 20, 7.49%, 0, 0, 3, 10.10
1747834043, 0, 634, 1251, 1247, 20, 7.49%, 0, 0, 3, 9.87
1747834058, 0, 635, 1251, 1247, 20, 7.49%, 0, 0, 3, 10.22
1747834068, 0, 637, 1251, 1247, 20, 7.49%, 0, 0, 3, 9.92
1747834084, 0, 638, 1251, 1247, 20, 7.49%, 0, 0, 3, 9.83
1747834099, 0, 640, 1251, 1247, 20, 7.49%, 0, 0, 3, 9.78
1747834110, 0, 641, 1251, 1247, 20, 7.49%, 0, 0, 3, 9.75
1747834125, 0, 642, 1251, 1247, 20, 7.49%, 0, 0, 3, 9.68
1747834140, 0, 643, 1251, 1247, 20, 7.49%, 0, 0, 3, 9.82
1747834151, 0, 646, 1251, 1247, 20, 7.49%, 0, 0, 3, 9.32
1747834166, 0, 647, 1251, 1247, 20, 7.49%, 0, 0, 3, 9.85
1747834182, 0, 649, 1251, 1247, 20, 7.49%, 0, 0, 3, 9.57
1747834192, 0, 651, 1251, 1247, 20, 7.49%, 0, 0, 3, 9.85
1747834208, 0, 652, 1251, 1247, 20, 7.49%, 0, 0, 3, 9.84
1747834218, 0, 653, 1251, 1247, 20, 7.49%, 0, 0, 3, 10.95
1747834233, 0, 654, 1251, 1247, 20, 7.49%, 0, 0, 3, 10.17
1747834248, 0, 656, 1251, 1247, 20, 7.49%, 0, 0, 3, 9.33
1747834259, 0, 657, 1251, 1247, 20, 7.49%, 0, 0, 3, 9.35
1747834274, 0, 658, 1251, 1247, 20, 7.49%, 0, 0, 3, 9.85
1747834290, 0, 659, 1251, 1247, 20, 7.49%, 0, 0, 3, 9.39
1747834295, 0, 659, 1252, 1248, 20, 7.49%, 0, 0, 3, 9.54
1747834315, 0, 663, 1252, 1248, 20, 7.49%, 0, 0, 3, 10.09
1747834331, 0, 664, 1252, 1248, 20, 7.49%, 0, 0, 3, 9.29
1747834341, 0, 665, 1252, 1248, 20, 7.49%, 0, 0, 3, 9.69
1747834356, 0, 666, 1252, 1248, 20, 7.49%, 0, 0, 3, 9.51
1747834372, 0, 667, 1252, 1248, 20, 7.49%, 0, 0, 3, 9.21
1747834382, 0, 668, 1252, 1248, 20, 7.49%, 0, 0, 3, 10.16
1747834398, 0, 670, 1252, 1248, 20, 7.49%, 0, 0, 3, 8.74
1747834413, 0, 671, 1252, 1248, 20, 7.49%, 0, 0, 3, 8.64
1747834429, 0, 672, 1252, 1248, 20, 7.49%, 0, 0, 3, 9.48
1747834439, 0, 674, 1252, 1248, 20, 7.49%, 0, 0, 3, 9.84
1747834454, 0, 675, 1252, 1248, 20, 7.49%, 0, 0, 3, 10.27
1747834469, 0, 676, 1252, 1248, 20, 7.49%, 0, 0, 3, 9.67
1747834480, 0, 677, 1252, 1248, 20, 7.49%, 0, 0, 3, 9.08
1747834490, 0, 677, 1253, 1249, 20, 7.49%, 0, 0, 3, 9.16
1747834510, 0, 678, 1253, 1249, 20, 7.49%, 0, 0, 3, 8.86
1747834526, 0, 679, 1253, 1249, 20, 7.49%, 0, 0, 3, 9.80
1747834541, 0, 680, 1253, 1249, 20, 7.49%, 0, 0, 3, 8.96
1747834552, 0, 681, 1253, 1249, 20, 7.49%, 0, 0, 3, 9.47
1747834567, 0, 683, 1253, 1249, 20, 7.49%, 0, 0, 3, 10.12
1747834583, 0, 685, 1253, 1249, 20, 7.49%, 0, 0, 3, 8.77
1747834593, 0, 686, 1253, 1249, 20, 7.49%, 0, 0, 3, 12.32
1747834603, 0, 686, 1254, 1250, 20, 7.49%, 0, 0, 3, 14.80
1747834608, 0, 687, 1254, 1250, 20, 7.49%, 0, 0, 3, 16.62
1747834618, 0, 689, 1254, 1250, 20, 7.49%, 0, 0, 3, 15.44
1747834628, 0, 690, 1254, 1250, 20, 7.49%, 0, 0, 3, 15.13
1747834638, 0, 691, 1254, 1250, 20, 7.49%, 0, 0, 3, 15.95
1747834643, 0, 692, 1254, 1250, 20, 7.49%, 0, 0, 3, 16.01
1747834654, 0, 693, 1254, 1250, 20, 7.49%, 0, 0, 3, 16.83
1747834659, 0, 695, 1254, 1250, 20, 7.49%, 0, 0, 3, 15.76
1747834669, 0, 697, 1254, 1250, 20, 7.49%, 0, 0, 3, 15.85
1747834679, 0, 699, 1254, 1250, 20, 7.49%, 0, 0, 3, 15.53
1747834684, 0, 699, 1255, 1251, 20, 7.49%, 0, 0, 3, 14.75
1747834695, 0, 700, 1255, 1251, 20, 7.49%, 0, 0, 3, 15.23
1747834700, 0, 701, 1255, 1251, 20, 7.49%, 0, 0, 3, 16.79
1747834710, 0, 702, 1255, 1251, 20, 7.49%, 0, 0, 3, 16.09
1747834720, 0, 703, 1255, 1251, 20, 7.49%, 0, 0, 3, 16.05
1747834725, 0, 704, 1255, 1251, 20, 7.49%, 0, 0, 3, 15.65
1747834736, 0, 706, 1255, 1251, 20, 7.49%, 0, 0, 3, 15.89
1747834741, 0, 707, 1255, 1251, 20, 7.49%, 0, 0, 3, 15.77
1747834751, 0, 708, 1255, 1251, 20, 7.49%, 0, 0, 3, 15.24
1747834762, 0, 709, 1255, 1251, 20, 7.49%, 0, 0, 3, 16.74
1747834767, 0, 710, 1255, 1251, 20, 7.49%, 0, 0, 3, 15.99
1747834772, 0, 710, 1256, 1252, 20, 7.49%, 0, 0, 3, 14.24
1747834777, 0, 710, 1258, 1254, 20, 7.50%, 0, 0, 3, 12.82
1747834782, 0, 710, 1259, 1255, 20, 7.50%, 0, 0, 3, 12.64
1747834849, 0, 710, 1260, 1256, 20, 7.50%, 0, 0, 3, 15.13
1747834864, 0, 710, 1261, 1257, 20, 7.50%, 0, 0, 3, 13.33
1747834869, 0, 710, 1262, 1258, 20, 7.50%, 0, 0, 3, 12.85
1747834910, 0, 710, 1263, 1259, 20, 7.50%, 0, 0, 3, 14.50
1747834920, 0, 710, 1264, 1260, 20, 7.50%, 0, 0, 3, 15.43
1747835001, 0, 710, 1265, 1261, 20, 7.50%, 0, 0, 3, 14.15
1747835052, 0, 711, 1265, 1261, 21, 7.50%, 0, 0, 3, 15.88
1747835057, 0, 713, 1265, 1261, 21, 7.50%, 0, 0, 3, 15.74
1747835068, 0, 715, 1265, 1261, 21, 7.50%, 0, 0, 3, 16.00
1747835073, 0, 716, 1265, 1261, 21, 7.50%, 0, 0, 3, 14.79
1747835083, 0, 717, 1265, 1261, 21, 7.50%, 0, 0, 3, 15.93
1747835093, 0, 719, 1265, 1261, 21, 7.50%, 0, 0, 3, 16.27
1747835098, 0, 720, 1265, 1261, 21, 7.50%, 0, 0, 3, 15.41
1747835108, 0, 722, 1265, 1261, 21, 7.50%, 0, 0, 3, 15.78
1747835113, 0, 723, 1265, 1261, 21, 7.50%, 0, 0, 3, 16.00
1747835124, 0, 724, 1265, 1261, 21, 7.50%, 0, 0, 3, 15.45
1747835134, 0, 725, 1265, 1261, 21, 7.50%, 0, 0, 3, 15.85
1747835139, 0, 727, 1265, 1261, 21, 7.50%, 0, 0, 3, 16.10
1747835149, 0, 728, 1265, 1261, 21, 7.50%, 0, 0, 3, 16.32
1747835155, 0, 729, 1265, 1261, 21, 7.50%, 0, 0, 3, 17.53
1747835165, 0, 732, 1265, 1261, 21, 7.50%, 0, 0, 3, 14.96
1747835170, 0, 732, 1266, 1262, 21, 7.50%, 0, 0, 3, 15.02
1747835175, 0, 732, 1267, 1263, 21, 7.50%, 0, 0, 3, 13.56
1747835180, 0, 732, 1268, 1264, 21, 7.50%, 0, 0, 3, 15.83
1747835190, 0, 732, 1269, 1265, 21, 7.50%, 0, 0, 3, 14.99
1747835247, 0, 732, 1270, 1266, 21, 7.50%, 0, 0, 3, 14.31
1747835257, 0, 732, 1271, 1267, 21, 7.50%, 0, 0, 3, 15.02
1747835298, 0, 732, 1272, 1268, 21, 7.50%, 0, 0, 3, 15.15
1747835329, 0, 732, 1273, 1269, 21, 7.50%, 0, 0, 3, 15.23
1747835437, 0, 733, 1273, 1269, 21, 7.50%, 0, 0, 3, 15.52
1747835442, 0, 734, 1273, 1269, 21, 7.50%, 0, 0, 3, 15.96
1747835452, 0, 736, 1273, 1269, 21, 7.50%, 0, 0, 3, 17.72
1747835457, 0, 737, 1273, 1269, 21, 7.50%, 0, 0, 3, 16.06
1747835467, 0, 739, 1273, 1269, 21, 7.50%, 0, 0, 3, 15.27
1747835473, 0, 741, 1273, 1269, 21, 7.50%, 0, 0, 3, 15.56
1747835483, 0, 742, 1273, 1269, 21, 7.50%, 0, 0, 3, 16.14
1747835488, 0, 742, 1275, 1271, 21, 7.50%, 0, 0, 3, 13.18
1747835514, 0, 742, 1276, 1272, 21, 7.50%, 0, 0, 3, 14.55
1747835555, 0, 743, 1276, 1272, 21, 7.50%, 0, 0, 3, 15.47
1747835560, 0, 744, 1276, 1272, 21, 7.50%, 0, 0, 3, 14.57
1747835570, 0, 745, 1276, 1272, 21, 7.50%, 0, 0, 3, 15.27
1747835575, 0, 746, 1276, 1272, 21, 7.50%, 0, 0, 3, 15.40
1747835586, 0, 747, 1276, 1272, 21, 7.50%, 0, 0, 3, 15.72
1747835596, 0, 749, 1276, 1272, 21, 7.50%, 0, 0, 3, 14.83
1747835601, 0, 750, 1276, 1272, 21, 7.50%, 0, 0, 3, 15.81
1747835611, 0, 751, 1276, 1272, 21, 7.50%, 0, 0, 3, 15.74
1747835621, 0, 752, 1276, 1272, 21, 7.50%, 0, 0, 3, 15.52
1747835626, 0, 753, 1276, 1272, 21, 7.50%, 0, 0, 3, 14.74
1747835637, 0, 754, 1276, 1272, 21, 7.50%, 0, 0, 3, 14.86
1747835647, 0, 755, 1276, 1272, 21, 7.50%, 0, 0, 3, 15.17
1747835652, 0, 756, 1276, 1272, 21, 7.50%, 0, 0, 3, 15.40
1747835663, 0, 757, 1276, 1272, 21, 7.50%, 0, 0, 3, 15.16
1747835673, 0, 758, 1276, 1272, 21, 7.50%, 0, 0, 3, 15.66
1747835678, 0, 760, 1276, 1272, 21, 7.50%, 0, 0, 3, 16.36
1747835688, 0, 763, 1276, 1272, 21, 7.50%, 0, 0, 3, 15.35
1747835698, 0, 764, 1276, 1272, 21, 7.50%, 0, 0, 3, 16.63
1747835704, 0, 765, 1276, 1272, 21, 7.50%, 0, 0, 3, 15.71
1747835714, 0, 766, 1276, 1272, 21, 7.50%, 0, 0, 3, 15.31
1747835719, 0, 767, 1276, 1272, 21, 7.50%, 0, 0, 3, 15.75
1747835729, 0, 768, 1276, 1272, 21, 7.50%, 0, 0, 3, 14.76
1747835739, 0, 769, 1276, 1272, 21, 7.50%, 0, 0, 3, 14.51
1747835744, 0, 773, 1276, 1272, 21, 7.50%, 0, 0, 3, 14.59
1747835755, 0, 774, 1276, 1272, 21, 7.50%, 0, 0, 3, 16.34
1747835765, 0, 775, 1276, 1272, 21, 7.50%, 0, 0, 3, 16.78
1747835770, 0, 776, 1276, 1272, 21, 7.50%, 0, 0, 3, 16.43
1747835780, 0, 777, 1276, 1272, 21, 7.50%, 0, 0, 3, 15.35
1747835785, 0, 780, 1276, 1272, 21, 7.50%, 0, 0, 3, 16.23
1747835796, 0, 781, 1276, 1272, 21, 7.50%, 0, 0, 3, 15.00
1747835806, 0, 782, 1276, 1272, 21, 7.50%, 0, 0, 3, 15.74
1747835811, 0, 784, 1276, 1272, 21, 7.50%, 0, 0, 3, 15.57
1747835821, 0, 786, 1276, 1272, 21, 7.50%, 0, 0, 3, 16.19
1747835827, 0, 787, 1276, 1272, 21, 7.50%, 0, 0, 3, 15.26
1747835837, 0, 788, 1276, 1272, 21, 7.50%, 0, 0, 3, 16.17
1747835842, 0, 789, 1276, 1272, 21, 7.50%, 0, 0, 3, 15.80
1747835852, 0, 790, 1276, 1272, 21, 7.50%, 0, 0, 3, 15.86
1747835862, 0, 791, 1276, 1272, 21, 7.50%, 0, 0, 3, 16.78
1747835867, 0, 792, 1276, 1272, 21, 7.50%, 0, 0, 3, 16.27
1747835877, 0, 793, 1277, 1273, 21, 7.50%, 0, 0, 3, 14.07
1747835887, 0, 793, 1278, 1274, 21, 7.50%, 0, 0, 3, 14.12
1747835913, 0, 794, 1278, 1274, 21, 7.50%, 0, 0, 3, 16.53
1747835918, 0, 795, 1278, 1274, 21, 7.50%, 0, 0, 3, 15.59
1747835929, 0, 796, 1278, 1274, 21, 7.50%, 0, 0, 3, 14.20
1747835939, 0, 797, 1278, 1274, 21, 7.50%, 0, 0, 3, 14.72
1747835944, 0, 798, 1278, 1274, 21, 7.50%, 0, 0, 3, 15.91
1747835955, 0, 799, 1278, 1274, 21, 7.50%, 0, 0, 3, 16.21
1747835960, 0, 800, 1278, 1274, 21, 7.50%, 0, 0, 3, 15.46
1747835970, 0, 801, 1278, 1274, 21, 7.50%, 0, 0, 3, 22.79
1747839010, 0, 802, 1278, 1273, 21, 7.50%, 0, 0, 3, 13.83
1747839020, 0, 804, 1278, 1273, 21, 7.50%, 0, 0, 3, 9.97
1747839036, 0, 805, 1278, 1273, 21, 7.50%, 0, 0, 3, 8.94
1747839051, 0, 806, 1278, 1273, 21, 7.50%, 0, 0, 3, 9.71
1747839061, 0, 808, 1278, 1273, 21, 7.50%, 0, 0, 3, 10.45
1747839077, 0, 809, 1278, 1273, 21, 7.50%, 0, 0, 3, 9.24
1747839092, 0, 812, 1278, 1273, 21, 7.50%, 0, 0, 3, 9.60
1747839103, 0, 813, 1278, 1273, 21, 7.50%, 0, 0, 3, 9.50
1747839118, 0, 814, 1278, 1273, 21, 7.50%, 0, 0, 3, 10.15
1747839133, 0, 816, 1278, 1273, 21, 7.50%, 0, 0, 3, 9.35
1747839144, 0, 817, 1278, 1273, 21, 7.50%, 0, 0, 3, 10.11
1747839159, 0, 818, 1278, 1273, 21, 7.50%, 0, 0, 3, 9.79
1747839174, 0, 820, 1278, 1273, 21, 7.50%, 0, 0, 3, 10.30
1747839184, 0, 821, 1278, 1273, 21, 7.50%, 0, 0, 3, 10.33
1747839200, 0, 823, 1278, 1273, 21, 7.50%, 0, 0, 3, 9.41
1747839215, 0, 824, 1278, 1273, 21, 7.50%, 0, 0, 3, 10.03
1747839225, 0, 825, 1278, 1273, 21, 7.50%, 0, 0, 3, 9.39
1747839241, 0, 826, 1278, 1273, 21, 7.50%, 0, 0, 3, 9.82
1747839256, 0, 827, 1278, 1273, 21, 7.50%, 0, 0, 3, 10.01
1747839266, 0, 828, 1278, 1273, 21, 7.50%, 0, 0, 3, 9.77
1747839282, 0, 832, 1278, 1273, 21, 7.50%, 0, 0, 3, 9.88
1747839292, 0, 833, 1278, 1273, 21, 7.50%, 0, 0, 3, 9.17
1747839308, 0, 835, 1278, 1273, 21, 7.50%, 0, 0, 3, 9.70
1747839323, 0, 836, 1278, 1273, 21, 7.50%, 0, 0, 3, 9.59
1747839338, 0, 837, 1278, 1273, 21, 7.50%, 0, 0, 3, 9.42
1747839349, 0, 838, 1278, 1273, 21, 7.50%, 0, 0, 3, 9.36
1747839364, 0, 839, 1278, 1273, 21, 7.50%, 0, 0, 3, 9.73
1747839379, 0, 840, 1278, 1273, 21, 7.50%, 0, 0, 3, 9.45
1747839390, 0, 841, 1278, 1273, 21, 7.50%, 0, 0, 3, 9.39
1747839405, 0, 843, 1278, 1273, 21, 7.50%, 0, 0, 3, 8.66
1747839420, 0, 844, 1278, 1273, 21, 7.50%, 0, 0, 3, 9.70
1747839436, 0, 846, 1278, 1273, 21, 7.50%, 0, 0, 3, 9.24
1747839446, 0, 847, 1278, 1273, 21, 7.50%, 0, 0, 3, 10.24
1747839462, 0, 848, 1278, 1273, 21, 7.50%, 0, 0, 3, 8.99
1747839477, 0, 849, 1278, 1273, 21, 7.50%, 0, 0, 3, 9.60
1747839487, 0, 850, 1278, 1273, 21, 7.50%, 0, 0, 3, 9.17
1747839502, 0, 851, 1278, 1273, 21, 7.50%, 0, 0, 3, 10.04
1747839518, 0, 853, 1278, 1273, 21, 7.50%, 0, 0, 3, 9.53
1747839528, 0, 854, 1278, 1273, 21, 7.50%, 0, 0, 3, 10.88
1747839543, 0, 855, 1278, 1273, 21, 7.50%, 0, 0, 3, 10.85
1747839554, 0, 857, 1278, 1273, 21, 7.50%, 0, 0, 3, 9.73
1747839569, 0, 858, 1278, 1273, 21, 7.50%, 0, 0, 3, 9.61
1747839579, 0, 859, 1278, 1273, 21, 7.50%, 0, 0, 3, 10.32
1747839595, 0, 860, 1278, 1273, 21, 7.50%, 0, 0, 3, 9.46
1747839605, 0, 862, 1278, 1273, 21, 7.50%, 0, 0, 3, 9.28
1747839620, 0, 863, 1278, 1273, 21, 7.50%, 0, 0, 3, 8.84
1747839636, 0, 866, 1278, 1273, 21, 7.50%, 0, 0, 3, 9.79
1747839651, 0, 867, 1278, 1273, 21, 7.50%, 0, 0, 3, 9.25
1747839662, 0, 870, 1278, 1273, 21, 7.50%, 0, 0, 3, 9.17
1747839677, 0, 871, 1278, 1273, 21, 7.50%, 0, 0, 3, 9.47
1747839693, 0, 872, 1278, 1273, 21, 7.50%, 0, 0, 3, 9.46
1747839708, 0, 873, 1280, 1275, 21, 7.50%, 0, 0, 3, 6.87
1747839765, 0, 874, 1280, 1275, 21, 7.50%, 0, 0, 3, 9.70
1747839780, 0, 877, 1280, 1275, 21, 7.50%, 0, 0, 3, 9.73
1747839790, 0, 881, 1280, 1275, 21, 7.50%, 0, 0, 3, 9.52
1747839806, 0, 882, 1280, 1275, 21, 7.50%, 0, 0, 3, 10.14
1747839816, 0, 883, 1280, 1275, 21, 7.50%, 0, 0, 3, 9.56
1747839831, 0, 884, 1280, 1275, 21, 7.50%, 0, 0, 3, 9.20
1747839847, 0, 886, 1280, 1275, 21, 7.50%, 0, 0, 3, 10.24
1747839857, 0, 887, 1280, 1275, 21, 7.50%, 0, 0, 3, 10.13
1747839872, 0, 888, 1280, 1275, 21, 7.50%, 0, 0, 3, 10.37
1747839883, 0, 889, 1280, 1275, 21, 7.50%, 0, 0, 3, 9.61
1747839898, 0, 891, 1281, 1276, 21, 7.50%, 0, 0, 3, 8.04
1747839903, 0, 891, 1282, 1277, 21, 7.50%, 0, 0, 3, 7.44
1747839960, 0, 892, 1282, 1277, 19, 7.50%, 0, 0, 3, 9.05
1747839970, 0, 893, 1282, 1277, 19, 7.50%, 0, 0, 3, 10.68
1747839985, 0, 895, 1282, 1277, 19, 7.50%, 0, 0, 3, 8.16
1747840001, 0, 896, 1282, 1277, 19, 7.50%, 0, 0, 3, 9.44
1747840016, 0, 897, 1282, 1277, 19, 7.50%, 0, 0, 3, 9.60
1747840026, 0, 899, 1282, 1277, 19, 7.50%, 0, 0, 3, 9.95
1747840041, 0, 900, 1282, 1277, 19, 7.50%, 0, 0, 3, 9.69
1747840057, 0, 901, 1282, 1277, 19, 7.50%, 0, 0, 3, 9.87
1747840067, 0, 902, 1282, 1277, 19, 7.50%, 0, 0, 3, 9.30
1747840082, 0, 903, 1282, 1277, 19, 7.50%, 0, 0, 3, 8.52
1747840098, 0, 904, 1282, 1277, 19, 7.50%, 0, 0, 3, 9.27
1747840114, 0, 906, 1282, 1277, 19, 7.50%, 0, 0, 3, 9.44
1747840129, 0, 907, 1282, 1277, 19, 7.50%, 0, 0, 3, 8.77
1747840140, 0, 908, 1282, 1277, 19, 7.50%, 0, 0, 3, 10.14
1747840155, 0, 909, 1282, 1277, 19, 7.50%, 0, 0, 3, 9.79
1747840170, 0, 911, 1282, 1277, 19, 7.50%, 0, 0, 3, 9.62
1747840181, 0, 912, 1282, 1277, 19, 7.50%, 0, 0, 3, 10.00
1747840196, 0, 913, 1282, 1277, 19, 7.50%, 0, 0, 3, 9.33
1747840206, 0, 914, 1282, 1277, 19, 7.50%, 0, 0, 3, 9.63
1747840221, 0, 915, 1282, 1277, 19, 7.50%, 0, 0, 3, 10.67
1747840232, 0, 917, 1282, 1277, 19, 7.50%, 0, 0, 3, 10.59
1747840247, 0, 918, 1282, 1277, 19, 7.50%, 0, 0, 3, 9.55
1747840263, 0, 919, 1282, 1277, 19, 7.50%, 0, 0, 3, 10.12
1747840273, 0, 920, 1282, 1277, 19, 7.50%, 0, 0, 3, 10.36
1747840288, 0, 921, 1282, 1277, 19, 7.50%, 0, 0, 3, 10.07
1747840298, 0, 923, 1282, 1277, 19, 7.50%, 0, 0, 3, 10.11
1747840314, 0, 924, 1282, 1277, 19, 7.50%, 0, 0, 3, 9.17
1747840329, 0, 925, 1282, 1277, 19, 7.50%, 0, 0, 3, 9.38
1747840339, 0, 927, 1282, 1277, 19, 7.50%, 0, 0, 3, 9.55
1747840355, 0, 928, 1282, 1277, 19, 7.50%, 0, 0, 3, 9.46
1747840370, 0, 929, 1282, 1277, 19, 7.50%, 0, 0, 3, 9.40
1747840380, 0, 930, 1282, 1277, 19, 7.50%, 0, 0, 3, 9.45
1747840396, 0, 931, 1282, 1277, 19, 7.50%, 0, 0, 3, 10.22
1747840412, 0, 932, 1282, 1277, 19, 7.50%, 0, 0, 3, 10.65
1747840422, 0, 933, 1282, 1277, 19, 7.50%, 0, 0, 3, 9.32
1747840438, 0, 934, 1282, 1277, 19, 7.50%, 0, 0, 3, 9.52
1747840453, 0, 935, 1282, 1277, 19, 7.50%, 0, 0, 3, 10.96
1747840463, 0, 936, 1282, 1277, 19, 7.50%, 0, 0, 3, 14.26
1747840468, 0, 937, 1282, 1277, 19, 7.50%, 0, 0, 3, 15.73
1747840478, 0, 940, 1282, 1277, 19, 7.50%, 0, 0, 3, 9.66
1747840494, 0, 942, 1282, 1277, 19, 7.50%, 0, 0, 3, 9.15
1747840509, 0, 943, 1282, 1277, 19, 7.50%, 0, 0, 3, 9.46
1747840525, 0, 944, 1283, 1278, 19, 7.50%, 0, 0, 3, 7.27
1747840530, 0, 944, 1284, 1279, 19, 7.50%, 0, 0, 3, 8.08
1747840581, 0, 947, 1284, 1279, 19, 7.50%, 0, 0, 3, 9.85
1747840592, 0, 950, 1284, 1279, 19, 7.50%, 0, 0, 3, 9.69
1747840608, 0, 951, 1284, 1279, 19, 7.50%, 0, 0, 3, 9.22
1747840623, 0, 951, 1286, 1281, 19, 7.50%, 0, 0, 3, 6.32
1747840670, 0, 953, 1286, 1281, 19, 7.50%, 0, 0, 3, 8.68
1747840680, 0, 954, 1286, 1281, 19, 7.50%, 0, 0, 3, 10.48
1747840695, 0, 955, 1286, 1281, 19, 7.50%, 0, 0, 3, 10.03
1747840711, 0, 956, 1286, 1281, 19, 7.50%, 0, 0, 3, 9.89
1747840721, 0, 957, 1286, 1281, 19, 7.50%, 0, 0, 3, 9.53
1747840737, 0, 958, 1286, 1281, 19, 7.50%, 0, 0, 3, 10.08
1747840752, 0, 959, 1286, 1281, 19, 7.50%, 0, 0, 3, 9.71
1747840762, 0, 963, 1286, 1281, 19, 7.50%, 0, 0, 3, 8.93
1747840778, 0, 964, 1286, 1281, 19, 7.50%, 0, 0, 3, 10.14
1747840793, 0, 965, 1286, 1281, 19, 7.50%, 0, 0, 3, 9.07
1747840804, 0, 967, 1286, 1281, 19, 7.50%, 0, 0, 3, 9.38
1747840819, 0, 969, 1286, 1281, 19, 7.50%, 0, 0, 3, 8.48
1747840834, 0, 971, 1286, 1281, 19, 7.50%, 0, 0, 3, 9.81
1747840850, 0, 972, 1286, 1281, 19, 7.50%, 0, 0, 3, 9.42
1747840865, 0, 973, 1286, 1281, 19, 7.50%, 0, 0, 3, 8.92
1747840875, 0, 975, 1286, 1281, 19, 7.50%, 0, 0, 3, 9.76
1747840891, 0, 976, 1286, 1281, 19, 7.50%, 0, 0, 3, 10.59
1747840906, 0, 977, 1286, 1281, 19, 7.50%, 0, 0, 3, 8.16
1747840916, 0, 978, 1286, 1281, 19, 7.50%, 0, 0, 3, 9.07
1747840932, 0, 979, 1286, 1281, 19, 7.50%, 0, 0, 3, 9.17
1747840948, 0, 983, 1286, 1281, 19, 7.50%, 0, 0, 3, 9.66
1747840958, 0, 984, 1286, 1281, 19, 7.50%, 0, 0, 3, 9.28
1747840973, 0, 985, 1286, 1281, 19, 7.50%, 0, 0, 3, 9.23
1747840989, 0, 986, 1286, 1281, 19, 7.50%, 0, 0, 3, 8.96
1747840999, 0, 987, 1286, 1281, 19, 7.50%, 0, 0, 3, 9.43
1747841015, 0, 988, 1286, 1281, 19, 7.50%, 0, 0, 3, 9.09
1747841030, 0, 989, 1286, 1281, 19, 7.50%, 0, 0, 3, 9.34
1747841041, 0, 991, 1286, 1281, 19, 7.50%, 0, 0, 3, 9.52
1747841056, 0, 992, 1286, 1281, 19, 7.50%, 0, 0, 3, 9.99
1747841067, 0, 994, 1286, 1281, 19, 7.50%, 0, 0, 3, 10.34
1747841082, 0, 995, 1286, 1281, 19, 7.50%, 0, 0, 3, 9.35
1747841097, 0, 998, 1286, 1281, 19, 7.50%, 0, 0, 3, 8.93
1747841108, 0, 999, 1286, 1281, 19, 7.50%, 0, 0, 3, 9.49
1747841123, 0, 1000, 1286, 1281, 19, 7.50%, 0, 0, 3, 9.81
1747846796, 0, 1001, 1286, 1280, 18, 7.50%, 0, 0, 3, 13.10
1747846811, 0, 1004, 1286, 1280, 18, 7.50%, 0, 0, 3, 8.73
1747846827, 0, 1005, 1286, 1280, 18, 7.50%, 0, 0, 3, 9.54
1747846843, 0, 1006, 1286, 1280, 18, 7.50%, 0, 0, 3, 8.88
1747846858, 0, 1007, 1286, 1280, 18, 7.50%, 0, 0, 3, 8.68
1747846873, 0, 1008, 1286, 1280, 18, 7.50%, 0, 0, 3, 9.12
1747846884, 0, 1010, 1286, 1280, 18, 7.50%, 0, 0, 3, 8.97
1747846899, 0, 1011, 1286, 1280, 18, 7.50%, 0, 0, 3, 9.58
1747846904, 0, 1011, 1287, 1281, 18, 7.50%, 0, 0, 3, 7.93
1747846909, 0, 1011, 1288, 1282, 18, 7.50%, 0, 0, 3, 7.31
1747846965, 0, 1012, 1288, 1282, 18, 7.50%, 0, 0, 3, 8.75
1747846976, 0, 1014, 1288, 1282, 18, 7.50%, 0, 0, 3, 8.22
1747846991, 0, 1015, 1288, 1282, 18, 7.50%, 0, 0, 3, 9.16
1747847007, 0, 1016, 1288, 1282, 18, 7.50%, 0, 0, 3, 9.35
1747847022, 0, 1018, 1288, 1282, 18, 7.50%, 0, 0, 3, 8.82
1747847032, 0, 1020, 1288, 1282, 18, 7.50%, 0, 0, 3, 9.08
1747855924, 0, 1021, 1288, 1281, 17, 7.50%, 0, 0, 3, 18.35
1747855934, 0, 1023, 1288, 1281, 17, 7.50%, 0, 0, 3, 15.75
1747855939, 0, 1024, 1288, 1281, 17, 7.50%, 0, 0, 3, 16.66
1747855949, 0, 1026, 1288, 1281, 17, 7.50%, 0, 0, 3, 16.27
1747855954, 0, 1027, 1288, 1281, 17, 7.50%, 0, 0, 3, 16.28
1747855964, 0, 1028, 1288, 1281, 17, 7.50%, 0, 0, 3, 16.06
1747855975, 0, 1030, 1288, 1281, 17, 7.50%, 0, 0, 3, 16.62
1747855980, 0, 1032, 1288, 1281, 17, 7.50%, 0, 0, 3, 15.05
1747855990, 0, 1034, 1288, 1281, 17, 7.50%, 0, 0, 3, 15.56
1747855995, 0, 1036, 1288, 1281, 17, 7.50%, 0, 0, 3, 15.99
1747856005, 0, 1037, 1288, 1281, 17, 7.50%, 0, 0, 3, 16.29
1747856015, 0, 1038, 1288, 1281, 17, 7.50%, 0, 0, 3, 15.82
1747856020, 0, 1039, 1288, 1281, 17, 7.50%, 0, 0, 3, 14.53
1747856031, 0, 1040, 1288, 1281, 17, 7.50%, 0, 0, 3, 14.93
1747856041, 0, 1041, 1288, 1281, 17, 7.50%, 0, 0, 3, 15.32
1747856046, 0, 1042, 1288, 1281, 17, 7.50%, 0, 0, 3, 14.92
1747856056, 0, 1043, 1288, 1281, 17, 7.50%, 0, 0, 3, 16.85
1747856066, 0, 1044, 1288, 1281, 17, 7.50%, 0, 0, 3, 14.75
1747856071, 0, 1045, 1288, 1281, 17, 7.50%, 0, 0, 3, 15.54
1747856082, 0, 1046, 1288, 1281, 17, 7.50%, 0, 0, 3, 16.18
1747856092, 0, 1047, 1288, 1281, 17, 7.50%, 0, 0, 3, 15.64
1747856097, 0, 1048, 1288, 1281, 17, 7.50%, 0, 0, 3, 15.93
1747856107, 0, 1049, 1288, 1281, 17, 7.50%, 0, 0, 3, 17.13
1747856113, 0, 1050, 1288, 1281, 17, 7.50%, 0, 0, 3, 16.14
1747856123, 0, 1051, 1288, 1281, 17, 7.50%, 0, 0, 3, 15.53
1747856128, 0, 1052, 1288, 1281, 17, 7.50%, 0, 0, 3, 16.67
