# unix_time, cycles_done, cur_path, paths_total, pending_total, pending_favs, map_size, unique_crashes, unique_hangs, max_depth, execs_per_sec
1747817516, 0, 0, 1, 1, 1, 3.78%, 0, 0, 1, 54.79
1747817522, 0, 0, 20, 20, 1, 5.58%, 0, 0, 2, 50.12
1747817527, 0, 0, 39, 39, 1, 5.60%, 0, 0, 2, 48.79
1747817532, 0, 0, 55, 55, 1, 5.60%, 0, 0, 2, 48.45
1747817537, 0, 0, 72, 72, 1, 5.60%, 0, 0, 2, 45.29
1747817542, 0, 0, 83, 83, 1, 5.61%, 0, 0, 2, 46.91
1747817547, 0, 0, 95, 95, 1, 5.62%, 0, 0, 2, 47.55
1747817552, 0, 0, 103, 103, 1, 5.62%, 0, 0, 2, 49.17
1747817557, 0, 0, 113, 113, 1, 5.62%, 0, 0, 2, 46.88
1747817562, 0, 0, 123, 123, 1, 5.62%, 0, 0, 2, 47.29
1747817567, 0, 0, 134, 134, 1, 5.62%, 0, 0, 2, 46.55
1747817572, 0, 0, 141, 141, 1, 5.62%, 0, 0, 2, 48.81
1747817577, 0, 0, 148, 148, 1, 5.62%, 0, 0, 2, 49.31
1747817582, 0, 0, 154, 154, 1, 5.62%, 0, 0, 2, 48.65
1747817587, 0, 0, 160, 160, 1, 5.62%, 0, 0, 2, 49.42
1747817592, 0, 0, 167, 167, 1, 5.62%, 0, 0, 2, 49.18
1747817597, 0, 0, 172, 172, 1, 5.62%, 0, 0, 2, 49.55
1747817603, 0, 0, 180, 180, 1, 5.62%, 0, 0, 2, 49.59
1747817608, 0, 0, 182, 182, 1, 5.62%, 0, 0, 2, 50.29
1747817613, 0, 0, 185, 185, 1, 5.62%, 0, 0, 2, 51.01
1747817618, 0, 0, 189, 189, 1, 5.62%, 0, 0, 2, 50.44
1747817623, 0, 0, 191, 191, 1, 5.62%, 0, 0, 2, 50.11
1747817628, 0, 0, 194, 194, 1, 5.62%, 0, 0, 2, 51.31
1747817633, 0, 0, 196, 196, 1, 5.62%, 0, 0, 2, 52.17
1747817638, 0, 0, 199, 199, 1, 5.63%, 0, 0, 2, 51.72
1747817643, 0, 0, 201, 201, 1, 5.63%, 0, 0, 2, 50.97
1747817648, 0, 0, 203, 203, 1, 5.63%, 0, 0, 2, 51.94
1747817659, 0, 0, 205, 205, 1, 5.63%, 0, 0, 2, 52.28
1747817664, 0, 0, 206, 206, 1, 5.63%, 0, 0, 2, 52.03
1747817669, 0, 0, 208, 208, 1, 5.63%, 0, 0, 2, 52.42
1747817674, 0, 0, 211, 211, 1, 5.66%, 0, 0, 2, 51.47
1747817679, 0, 0, 212, 212, 1, 5.66%, 0, 0, 2, 52.73
1747817684, 0, 0, 215, 215, 1, 5.66%, 0, 0, 2, 52.11
1747817689, 0, 0, 218, 218, 1, 5.66%, 0, 0, 2, 51.78
1747817699, 0, 0, 220, 220, 1, 5.66%, 0, 0, 2, 51.99
1747817704, 0, 0, 222, 222, 1, 5.66%, 0, 0, 2, 52.19
1747817715, 0, 0, 223, 223, 1, 5.66%, 0, 0, 2, 52.98
1747817720, 0, 0, 226, 226, 1, 5.66%, 0, 0, 2, 51.59
1747817725, 0, 0, 227, 227, 1, 5.66%, 0, 0, 2, 52.50
1747817735, 0, 0, 229, 229, 1, 5.66%, 0, 0, 2, 52.46
1747817745, 0, 0, 230, 230, 1, 5.66%, 0, 0, 2, 51.95
1747817750, 0, 0, 231, 231, 1, 5.66%, 0, 0, 2, 52.20
1747817755, 0, 0, 232, 232, 1, 5.66%, 0, 0, 2, 52.03
1747817760, 0, 0, 233, 233, 1, 5.66%, 0, 0, 2, 51.15
1747817776, 0, 0, 237, 237, 1, 5.66%, 0, 0, 2, 50.30
1747817781, 0, 0, 238, 238, 1, 5.66%, 0, 0, 2, 50.80
1747817791, 0, 0, 239, 239, 1, 5.66%, 0, 0, 2, 52.49
1747817806, 0, 0, 240, 240, 1, 5.66%, 0, 0, 2, 53.03
1747817811, 0, 0, 241, 241, 1, 5.66%, 0, 0, 2, 52.95
1747817831, 0, 0, 242, 242, 1, 5.66%, 0, 0, 2, 52.33
1747817841, 0, 0, 244, 244, 1, 5.66%, 0, 0, 2, 52.20
1747817846, 0, 0, 245, 245, 1, 5.66%, 0, 0, 2, 51.00
1747817877, 0, 1, 250, 249, 11, 5.66%, 0, 0, 2, 46.58
1747817882, 0, 1, 265, 264, 11, 5.70%, 0, 0, 2, 30.79
1747817887, 0, 1, 277, 276, 11, 5.70%, 0, 0, 2, 28.08
1747817892, 0, 1, 288, 287, 11, 5.70%, 0, 0, 2, 27.47
1747817897, 0, 1, 300, 299, 11, 5.83%, 0, 0, 2, 26.32
1747817902, 0, 1, 310, 309, 11, 5.83%, 0, 0, 2, 27.45
1747817908, 0, 1, 321, 320, 11, 5.85%, 0, 0, 2, 27.22
1747817913, 0, 1, 328, 327, 11, 5.85%, 0, 0, 2, 26.93
1747817918, 0, 1, 336, 335, 11, 5.86%, 0, 0, 2, 26.96
1747817923, 0, 1, 343, 342, 11, 5.86%, 0, 0, 2, 26.40
1747817928, 0, 1, 347, 346, 11, 5.86%, 0, 0, 2, 27.58
1747817933, 0, 1, 352, 351, 11, 5.86%, 0, 0, 2, 27.13
1747817939, 0, 1, 355, 354, 11, 5.86%, 0, 0, 2, 27.64
1747817944, 0, 1, 360, 359, 11, 5.86%, 0, 0, 2, 27.18
1747817949, 0, 1, 367, 366, 11, 5.86%, 0, 0, 2, 27.38
1747817954, 0, 1, 370, 369, 11, 5.86%, 0, 0, 2, 27.10
1747817959, 0, 1, 375, 374, 11, 5.86%, 0, 0, 2, 27.47
1747817964, 0, 1, 381, 380, 11, 5.88%, 0, 0, 2, 26.92
1747817969, 0, 1, 385, 384, 11, 6.00%, 0, 0, 2, 27.01
1747817974, 0, 1, 388, 387, 11, 6.01%, 0, 0, 2, 27.45
1747817979, 0, 1, 392, 391, 11, 6.22%, 0, 0, 2, 26.93
1747817985, 0, 1, 395, 394, 11, 6.22%, 0, 0, 2, 27.43
1747817990, 0, 1, 397, 396, 11, 6.23%, 0, 0, 2, 28.02
1747817995, 0, 1, 398, 397, 11, 6.23%, 0, 0, 2, 28.01
1747818000, 0, 1, 400, 399, 11, 6.23%, 0, 0, 2, 27.99
1747818005, 0, 1, 403, 402, 11, 6.25%, 0, 0, 2, 27.13
1747818010, 0, 1, 406, 405, 11, 6.25%, 0, 0, 2, 27.88
1747818015, 0, 1, 408, 407, 11, 6.25%, 0, 0, 2, 27.35
1747818021, 0, 1, 409, 408, 11, 6.25%, 0, 0, 2, 27.98
1747818026, 0, 1, 412, 411, 11, 6.25%, 0, 0, 2, 27.51
1747818036, 0, 1, 413, 412, 11, 6.25%, 0, 0, 2, 27.82
1747818041, 0, 1, 416, 415, 11, 6.25%, 0, 0, 2, 27.37
1747818046, 0, 1, 419, 418, 11, 6.25%, 0, 0, 2, 26.66
1747818051, 0, 1, 421, 420, 11, 6.25%, 0, 0, 2, 27.48
1747818056, 0, 1, 422, 421, 11, 6.25%, 0, 0, 2, 28.03
1747818061, 0, 1, 424, 423, 11, 6.25%, 0, 0, 2, 27.42
1747818066, 0, 1, 425, 424, 11, 6.25%, 0, 0, 2, 27.86
1747818072, 0, 1, 426, 425, 11, 6.25%, 0, 0, 2, 27.83
1747818082, 0, 2, 435, 434, 15, 6.26%, 0, 0, 2, 23.06
1747818087, 0, 2, 445, 444, 15, 6.26%, 0, 0, 2, 20.52
1747818092, 0, 2, 456, 455, 15, 6.27%, 0, 0, 2, 19.96
1747818097, 0, 2, 465, 464, 15, 6.28%, 0, 0, 2, 19.84
1747818102, 0, 2, 474, 473, 15, 6.28%, 0, 0, 2, 19.94
1747818107, 0, 2, 482, 481, 15, 6.28%, 0, 0, 2, 19.52
1747818113, 0, 2, 492, 491, 15, 6.28%, 0, 0, 2, 18.88
1747818118, 0, 2, 500, 499, 15, 6.28%, 0, 0, 2, 20.11
1747818123, 0, 2, 510, 509, 15, 6.28%, 0, 0, 2, 19.46
1747818128, 0, 2, 517, 516, 15, 6.28%, 0, 0, 2, 18.62
1747818133, 0, 2, 524, 523, 15, 6.34%, 0, 0, 2, 19.50
1747818138, 0, 2, 532, 531, 15, 6.34%, 0, 0, 2, 19.43
1747818143, 0, 2, 540, 539, 15, 6.38%, 0, 0, 2, 18.71
1747818149, 0, 2, 546, 545, 15, 6.38%, 0, 0, 2, 18.64
1747818154, 0, 2, 552, 551, 15, 6.38%, 0, 0, 2, 19.79
1747818159, 0, 2, 558, 557, 15, 6.38%, 0, 0, 2, 19.91
1747818164, 0, 2, 565, 564, 15, 6.38%, 0, 0, 2, 19.57
1747818169, 0, 2, 568, 567, 15, 6.38%, 0, 0, 2, 19.69
1747818174, 0, 2, 574, 573, 15, 6.38%, 0, 0, 2, 19.68
1747818180, 0, 2, 580, 579, 15, 6.38%, 0, 0, 2, 19.46
1747818185, 0, 2, 582, 581, 15, 6.38%, 0, 0, 2, 19.38
1747818190, 0, 2, 586, 585, 15, 6.38%, 0, 0, 2, 19.51
1747818195, 0, 2, 588, 587, 15, 6.38%, 0, 0, 2, 19.60
1747818200, 0, 2, 592, 591, 15, 6.38%, 0, 0, 2, 19.69
1747818205, 0, 2, 595, 594, 15, 6.38%, 0, 0, 2, 19.80
1747818210, 0, 2, 599, 598, 15, 6.39%, 0, 0, 2, 20.44
1747818215, 0, 2, 602, 601, 15, 6.39%, 0, 0, 2, 18.93
1747818220, 0, 2, 603, 602, 15, 6.39%, 0, 0, 2, 19.42
1747818225, 0, 2, 604, 603, 15, 6.39%, 0, 0, 2, 19.59
1747818231, 0, 2, 605, 604, 15, 6.39%, 0, 0, 2, 19.47
1747818236, 0, 2, 607, 606, 15, 6.39%, 0, 0, 2, 19.55
1747818241, 0, 2, 610, 609, 15, 6.39%, 0, 0, 2, 19.23
1747818246, 0, 2, 611, 610, 15, 6.39%, 0, 0, 2, 19.24
1747818251, 0, 2, 612, 611, 15, 6.39%, 0, 0, 2, 19.33
1747818256, 0, 2, 615, 614, 15, 6.39%, 0, 0, 2, 19.51
1747818261, 0, 2, 617, 616, 15, 6.39%, 0, 0, 2, 19.26
1747818271, 0, 2, 621, 620, 15, 6.39%, 0, 0, 2, 19.62
1747818277, 0, 2, 623, 622, 15, 6.39%, 0, 0, 2, 19.36
1747818282, 0, 2, 624, 623, 15, 6.39%, 0, 0, 2, 19.59
1747818287, 0, 2, 626, 625, 15, 6.39%, 0, 0, 2, 19.38
1747818297, 0, 2, 627, 626, 15, 6.39%, 0, 0, 2, 19.75
1747818307, 0, 2, 630, 629, 15, 6.45%, 0, 0, 2, 18.93
1747818312, 0, 2, 631, 630, 15, 6.45%, 0, 0, 2, 19.32
1747818327, 0, 2, 632, 631, 15, 6.45%, 0, 0, 2, 19.77
1747818338, 0, 2, 633, 632, 15, 6.45%, 0, 0, 2, 19.72
1747818343, 0, 2, 634, 633, 15, 6.45%, 0, 0, 2, 19.82
1747818348, 0, 2, 635, 634, 15, 6.45%, 0, 0, 2, 20.00
1747818353, 0, 2, 636, 635, 15, 6.45%, 0, 0, 2, 19.95
1747818358, 0, 2, 638, 637, 15, 6.45%, 0, 0, 2, 19.21
1747818363, 0, 2, 640, 639, 15, 6.45%, 0, 0, 2, 19.64
1747818373, 0, 2, 641, 640, 15, 6.45%, 0, 0, 2, 20.33
1747818379, 0, 3, 647, 646, 17, 6.48%, 0, 0, 2, 16.48
1747818384, 0, 3, 653, 652, 17, 6.48%, 0, 0, 2, 14.56
1747818389, 0, 3, 660, 659, 17, 6.48%, 0, 0, 2, 14.37
1747818394, 0, 3, 666, 665, 17, 6.48%, 0, 0, 2, 14.11
1747818399, 0, 3, 672, 671, 17, 6.48%, 0, 0, 2, 14.58
1747818404, 0, 3, 678, 677, 17, 6.48%, 0, 0, 2, 14.73
1747818409, 0, 3, 685, 684, 17, 6.48%, 0, 0, 2, 14.16
1747818414, 0, 3, 691, 690, 17, 6.48%, 0, 0, 2, 14.41
1747818420, 0, 3, 697, 696, 17, 6.48%, 0, 0, 2, 14.51
1747818425, 0, 3, 703, 702, 17, 6.48%, 0, 0, 2, 14.01
1747818430, 0, 3, 707, 706, 17, 6.48%, 0, 0, 2, 14.07
1747818435, 0, 3, 713, 712, 17, 6.48%, 0, 0, 2, 13.99
1747818440, 0, 3, 717, 716, 17, 6.48%, 0, 0, 2, 14.45
1747818445, 0, 3, 721, 720, 17, 6.48%, 0, 0, 2, 14.40
1747818450, 0, 3, 723, 722, 17, 6.48%, 0, 0, 2, 14.60
1747818455, 0, 3, 726, 725, 17, 6.48%, 0, 0, 2, 14.28
1747818460, 0, 3, 728, 727, 17, 6.48%, 0, 0, 2, 14.10
1747818465, 0, 3, 733, 732, 17, 6.48%, 0, 0, 2, 13.97
1747818470, 0, 3, 738, 737, 17, 6.66%, 0, 0, 2, 14.29
1747818476, 0, 3, 743, 742, 17, 6.66%, 0, 0, 2, 14.48
1747818481, 0, 3, 744, 743, 17, 6.66%, 0, 0, 2, 14.70
1747818486, 0, 3, 747, 746, 17, 6.66%, 0, 0, 2, 14.02
1747818501, 0, 3, 748, 747, 17, 6.66%, 0, 0, 2, 14.79
1747818506, 0, 3, 751, 750, 17, 6.66%, 0, 0, 2, 14.51
1747818512, 0, 3, 754, 753, 17, 6.66%, 0, 0, 2, 14.48
1747818517, 0, 3, 756, 755, 17, 6.66%, 0, 0, 2, 14.28
1747818522, 0, 3, 759, 758, 17, 6.66%, 0, 0, 2, 14.63
1747818527, 0, 3, 760, 759, 17, 6.66%, 0, 0, 2, 14.77
1747818532, 0, 3, 761, 760, 17, 6.66%, 0, 0, 2, 14.52
1747818537, 0, 3, 762, 761, 17, 6.66%, 0, 0, 2, 14.64
1747818542, 0, 3, 765, 764, 17, 6.66%, 0, 0, 2, 14.35
1747818547, 0, 3, 766, 765, 17, 6.66%, 0, 0, 2, 14.56
1747818552, 0, 3, 768, 767, 17, 6.66%, 0, 0, 2, 14.25
1747818558, 0, 3, 771, 770, 17, 6.66%, 0, 0, 2, 13.82
1747818563, 0, 3, 773, 772, 17, 6.66%, 0, 0, 2, 14.64
1747818573, 0, 3, 774, 773, 17, 6.66%, 0, 0, 2, 14.77
1747818578, 0, 3, 775, 774, 17, 6.66%, 0, 0, 2, 15.04
1747818583, 0, 3, 777, 776, 17, 6.66%, 0, 0, 2, 14.46
1747818598, 0, 3, 778, 777, 17, 6.66%, 0, 0, 2, 15.42
1747818604, 0, 3, 779, 778, 17, 6.66%, 0, 0, 2, 14.71
1747818619, 0, 3, 780, 779, 17, 6.66%, 0, 0, 2, 15.06
1747818640, 0, 3, 782, 781, 17, 6.66%, 0, 0, 2, 15.01
1747818645, 0, 3, 783, 782, 17, 6.66%, 0, 0, 2, 15.31
1747818650, 0, 3, 784, 783, 17, 6.66%, 0, 0, 2, 14.50
1747818655, 0, 3, 785, 784, 17, 6.66%, 0, 0, 2, 14.66
1747818660, 0, 3, 786, 785, 17, 6.66%, 0, 0, 2, 14.99
1747818665, 0, 3, 788, 787, 17, 6.66%, 0, 0, 2, 15.17
1747818675, 0, 3, 789, 788, 17, 6.66%, 0, 0, 2, 14.80
1747818685, 0, 3, 790, 789, 17, 6.66%, 0, 0, 2, 14.46
1747818706, 0, 3, 791, 790, 17, 6.66%, 0, 0, 2, 14.90
1747818711, 0, 3, 792, 791, 17, 6.66%, 0, 0, 2, 14.47
1747818716, 0, 3, 793, 792, 17, 6.66%, 0, 0, 2, 14.65
1747818742, 0, 4, 794, 793, 17, 6.66%, 0, 0, 2, 14.17
1747818747, 0, 4, 797, 796, 17, 6.67%, 0, 0, 2, 13.06
1747818752, 0, 4, 800, 799, 17, 6.67%, 0, 0, 2, 12.87
1747818757, 0, 4, 802, 801, 17, 6.67%, 0, 0, 2, 13.46
1747818762, 0, 4, 803, 802, 17, 6.68%, 0, 0, 2, 14.14
1747818772, 0, 4, 804, 803, 17, 6.68%, 0, 0, 2, 13.59
1747818777, 0, 4, 806, 805, 17, 6.68%, 0, 0, 2, 13.84
1747818788, 0, 4, 807, 806, 17, 6.68%, 0, 0, 2, 14.16
1747818793, 0, 4, 809, 808, 17, 6.68%, 0, 0, 2, 13.70
1747818798, 0, 4, 810, 809, 17, 6.68%, 0, 0, 2, 14.30
1747818803, 0, 4, 811, 810, 17, 6.68%, 0, 0, 2, 13.85
1747818818, 0, 4, 812, 811, 17, 6.68%, 0, 0, 2, 13.83
1747818828, 0, 4, 813, 812, 17, 6.68%, 0, 0, 2, 13.84
1747818834, 0, 4, 814, 813, 17, 6.68%, 0, 0, 2, 13.75
1747818839, 0, 4, 815, 814, 17, 6.68%, 0, 0, 2, 13.97
1747818854, 0, 4, 816, 815, 17, 6.68%, 0, 0, 2, 13.99
1747818859, 0, 4, 817, 816, 17, 6.68%, 0, 0, 2, 13.94
1747818869, 0, 4, 818, 817, 17, 6.68%, 0, 0, 2, 13.44
1747818874, 0, 4, 819, 818, 17, 6.68%, 0, 0, 2, 12.22
1747818900, 0, 4, 820, 819, 17, 6.68%, 0, 0, 2, 13.94
1747818915, 0, 4, 821, 820, 17, 6.68%, 0, 0, 2, 14.10
1747818936, 0, 4, 823, 822, 17, 6.68%, 0, 0, 2, 13.84
1747818977, 0, 4, 825, 824, 17, 6.68%, 0, 0, 2, 13.73
1747818982, 0, 4, 826, 825, 17, 6.68%, 0, 0, 2, 13.98
1747818987, 0, 4, 827, 826, 17, 6.72%, 0, 0, 2, 13.69
1747819003, 0, 4, 828, 827, 17, 6.72%, 0, 0, 2, 14.10
1747819008, 0, 4, 830, 829, 17, 6.72%, 0, 0, 2, 14.23
1747819013, 0, 4, 831, 830, 17, 6.72%, 0, 0, 2, 13.93
1747819028, 0, 4, 832, 831, 17, 6.72%, 0, 0, 2, 14.16
1747819033, 0, 4, 833, 832, 17, 6.72%, 0, 0, 2, 14.38
1747819038, 0, 4, 834, 833, 17, 6.72%, 0, 0, 2, 13.85
1747819043, 0, 4, 836, 835, 17, 6.87%, 0, 0, 2, 13.87
1747819059, 0, 5, 841, 840, 15, 6.87%, 0, 0, 2, 12.31
1747819064, 0, 5, 846, 845, 15, 6.88%, 0, 0, 2, 11.25
1747819069, 0, 5, 850, 849, 15, 6.88%, 0, 0, 2, 11.27
1747819074, 0, 5, 854, 853, 15, 6.88%, 0, 0, 2, 11.25
1747819079, 0, 5, 856, 855, 15, 6.88%, 0, 0, 2, 11.70
1747819085, 0, 5, 858, 857, 15, 6.88%, 0, 0, 2, 11.84
1747819090, 0, 5, 860, 859, 15, 7.00%, 0, 0, 2, 11.16
1747819095, 0, 5, 862, 861, 15, 7.00%, 0, 0, 2, 10.88
1747819100, 0, 5, 863, 862, 15, 7.00%, 0, 0, 2, 11.61
1747819105, 0, 5, 864, 863, 15, 7.00%, 0, 0, 2, 11.89
1747819110, 0, 5, 866, 865, 15, 7.00%, 0, 0, 2, 11.49
1747819115, 0, 5, 867, 866, 15, 7.00%, 0, 0, 2, 11.59
1747819120, 0, 5, 868, 867, 15, 7.00%, 0, 0, 2, 11.99
1747819125, 0, 5, 869, 868, 15, 7.00%, 0, 0, 2, 12.19
1747819136, 0, 5, 871, 870, 15, 7.00%, 0, 0, 2, 11.52
1747819141, 0, 5, 872, 871, 15, 7.00%, 0, 0, 2, 12.25
1747819151, 0, 5, 874, 873, 15, 7.00%, 0, 0, 2, 11.63
1747819156, 0, 5, 876, 875, 15, 7.00%, 0, 0, 2, 11.12
1747819167, 0, 5, 877, 876, 15, 7.00%, 0, 0, 2, 12.36
1747819172, 0, 5, 879, 878, 15, 7.00%, 0, 0, 2, 11.47
1747819177, 0, 5, 881, 880, 15, 7.00%, 0, 0, 2, 11.69
1747819187, 0, 5, 883, 882, 15, 7.00%, 0, 0, 2, 11.83
1747819197, 0, 5, 884, 883, 15, 7.00%, 0, 0, 2, 11.53
1747819202, 0, 5, 885, 884, 15, 7.00%, 0, 0, 2, 11.94
1747819223, 0, 5, 886, 885, 15, 7.00%, 0, 0, 2, 12.15
1747819248, 0, 5, 887, 886, 15, 7.04%, 0, 0, 2, 12.36
1747819258, 0, 5, 888, 887, 15, 7.04%, 0, 0, 2, 11.95
1747819274, 0, 5, 889, 888, 15, 7.04%, 0, 0, 2, 12.61
1747819279, 0, 5, 890, 889, 15, 7.04%, 0, 0, 2, 12.49
1747819289, 0, 5, 891, 890, 15, 7.04%, 0, 0, 2, 12.07
1747819300, 0, 5, 892, 891, 15, 7.04%, 0, 0, 2, 12.00
1747819305, 0, 5, 893, 892, 15, 7.04%, 0, 0, 2, 12.53
1747819330, 0, 5, 894, 893, 15, 7.04%, 0, 0, 2, 12.73
1747819351, 0, 5, 895, 894, 15, 7.04%, 0, 0, 2, 12.43
1747819361, 0, 5, 896, 895, 15, 7.04%, 0, 0, 2, 12.42
1747819376, 0, 5, 897, 896, 15, 7.04%, 0, 0, 2, 12.95
1747819382, 0, 5, 898, 897, 15, 7.04%, 0, 0, 2, 12.77
1747819387, 0, 5, 900, 899, 15, 7.04%, 0, 0, 2, 11.78
1747819402, 0, 5, 901, 900, 15, 7.04%, 0, 0, 2, 11.70
1747819438, 0, 6, 903, 902, 18, 7.04%, 0, 0, 2, 12.33
1747819443, 0, 6, 905, 904, 18, 7.04%, 0, 0, 2, 12.20
1747819448, 0, 6, 909, 908, 18, 7.04%, 0, 0, 2, 11.07
1747819453, 0, 6, 912, 911, 18, 7.04%, 0, 0, 2, 11.09
1747819459, 0, 6, 916, 915, 18, 7.05%, 0, 0, 2, 10.35
1747819464, 0, 6, 918, 917, 18, 7.05%, 0, 0, 2, 10.92
1747819469, 0, 6, 922, 921, 18, 7.09%, 0, 0, 2, 10.21
1747819474, 0, 6, 923, 922, 18, 7.09%, 0, 0, 2, 11.58
1747819479, 0, 6, 925, 924, 18, 7.09%, 0, 0, 2, 11.18
1747819484, 0, 6, 926, 925, 18, 7.10%, 0, 0, 2, 11.50
1747819489, 0, 6, 927, 926, 18, 7.10%, 0, 0, 2, 12.38
1747819494, 0, 6, 928, 927, 18, 7.10%, 0, 0, 2, 12.01
1747819500, 0, 6, 929, 928, 18, 7.10%, 0, 0, 2, 11.87
1747819505, 0, 6, 930, 929, 18, 7.10%, 0, 0, 2, 12.02
1747819510, 0, 6, 931, 930, 18, 7.10%, 0, 0, 2, 12.03
1747819515, 0, 6, 932, 931, 18, 7.10%, 0, 0, 2, 11.35
1747819520, 0, 6, 933, 932, 18, 7.10%, 0, 0, 2, 12.10
1747819525, 0, 6, 934, 933, 18, 7.10%, 0, 0, 2, 12.28
1747819530, 0, 6, 935, 934, 18, 7.10%, 0, 0, 2, 12.55
1747819545, 0, 6, 936, 935, 18, 7.10%, 0, 0, 2, 12.15
1747819555, 0, 6, 937, 936, 18, 7.10%, 0, 0, 2, 11.81
1747819560, 0, 6, 939, 938, 18, 7.10%, 0, 0, 2, 11.38
1747819571, 0, 6, 940, 939, 18, 7.10%, 0, 0, 2, 12.60
1747819576, 0, 6, 941, 940, 18, 7.10%, 0, 0, 2, 12.06
1747819591, 0, 6, 942, 941, 18, 7.10%, 0, 0, 2, 12.08
1747819602, 0, 6, 943, 942, 18, 7.10%, 0, 0, 2, 11.84
1747819622, 0, 6, 944, 943, 18, 7.10%, 0, 0, 2, 11.86
1747819648, 0, 6, 945, 944, 18, 7.10%, 0, 0, 2, 12.20
1747819653, 0, 6, 946, 945, 18, 7.10%, 0, 0, 2, 12.22
1747819663, 0, 6, 947, 946, 18, 7.10%, 0, 0, 2, 12.30
1747819679, 0, 6, 948, 947, 18, 7.11%, 0, 0, 2, 11.99
1747819689, 0, 6, 950, 949, 18, 7.11%, 0, 0, 2, 12.40
1747819699, 0, 6, 951, 950, 18, 7.11%, 0, 0, 2, 11.79
1747819750, 0, 6, 952, 951, 18, 7.11%, 0, 0, 2, 18.70
1747819766, 0, 6, 953, 952, 18, 7.11%, 0, 0, 2, 21.44
1747819776, 0, 9, 954, 953, 18, 7.11%, 0, 0, 2, 20.28
1747819781, 0, 10, 954, 953, 18, 7.11%, 0, 0, 2, 20.41
1747819786, 0, 10, 955, 954, 18, 7.11%, 0, 0, 2, 19.18
1747819796, 0, 11, 956, 955, 18, 7.11%, 0, 0, 2, 18.30
1747819801, 0, 11, 958, 957, 18, 7.11%, 0, 0, 2, 17.30
1747819812, 0, 11, 961, 960, 18, 7.11%, 0, 0, 2, 17.52
1747819827, 0, 11, 962, 961, 18, 7.11%, 0, 0, 2, 16.88
1747819833, 0, 11, 963, 962, 18, 7.11%, 0, 0, 2, 16.36
1747819843, 0, 11, 964, 963, 18, 7.11%, 0, 0, 2, 18.63
1747819858, 0, 11, 965, 964, 18, 7.11%, 0, 0, 2, 18.60
1747819863, 0, 11, 966, 965, 18, 7.11%, 0, 0, 2, 18.29
1747819868, 0, 11, 967, 966, 18, 7.11%, 0, 0, 2, 17.46
1747819874, 0, 11, 969, 968, 18, 7.12%, 0, 0, 2, 16.82
1747819879, 0, 11, 970, 969, 18, 7.12%, 0, 0, 2, 18.33
1747819889, 0, 11, 973, 972, 18, 7.12%, 0, 0, 2, 17.90
1747819894, 0, 11, 974, 973, 18, 7.12%, 0, 0, 2, 18.44
1747819905, 0, 11, 975, 974, 18, 7.12%, 0, 0, 2, 18.39
1747819910, 0, 11, 976, 975, 18, 7.12%, 0, 0, 2, 18.37
1747819940, 0, 11, 977, 976, 18, 7.12%, 0, 0, 2, 18.29
1747819945, 0, 11, 979, 978, 18, 7.12%, 0, 0, 2, 18.38
1747819955, 0, 11, 980, 979, 18, 7.12%, 0, 0, 2, 18.18
1747819965, 0, 11, 981, 980, 18, 7.12%, 0, 0, 2, 18.14
1747819971, 0, 11, 982, 981, 18, 7.12%, 0, 0, 2, 18.62
1747820042, 0, 12, 984, 983, 23, 7.12%, 0, 0, 2, 11.57
1747820048, 0, 12, 985, 984, 23, 7.12%, 0, 0, 2, 11.58
1747820088, 0, 12, 986, 985, 23, 7.12%, 0, 0, 2, 10.86
1747820098, 0, 12, 987, 986, 23, 7.12%, 0, 0, 2, 10.72
1747820119, 0, 12, 988, 987, 23, 7.12%, 0, 0, 2, 11.01
1747820129, 0, 12, 989, 988, 23, 7.12%, 0, 0, 2, 10.99
1747820145, 0, 12, 990, 989, 23, 7.12%, 0, 0, 2, 11.29
1747820171, 0, 12, 991, 990, 23, 7.12%, 0, 0, 2, 11.24
1747820186, 0, 12, 992, 991, 23, 7.12%, 0, 0, 2, 10.71
1747820212, 0, 12, 993, 992, 23, 7.12%, 0, 0, 2, 11.37
1747820217, 0, 12, 994, 993, 23, 7.12%, 0, 0, 2, 10.74
1747820258, 0, 12, 995, 994, 23, 7.12%, 0, 0, 2, 11.00
1747820289, 0, 12, 996, 995, 23, 7.13%, 0, 0, 2, 10.95
1747820304, 0, 12, 997, 996, 23, 7.13%, 0, 0, 2, 11.04
1747820309, 0, 12, 998, 997, 23, 7.13%, 0, 0, 2, 10.70
1747820319, 0, 12, 999, 998, 23, 7.13%, 0, 0, 2, 10.57
1747820360, 0, 12, 1000, 999, 23, 7.13%, 0, 0, 2, 10.66
1747820422, 0, 13, 1000, 999, 24, 7.13%, 0, 0, 2, 10.93
1747820432, 0, 13, 1001, 1000, 24, 7.13%, 0, 0, 2, 11.75
1747820442, 0, 13, 1002, 1001, 24, 7.13%, 0, 0, 2, 11.10
1747820468, 0, 15, 1002, 1001, 24, 7.13%, 0, 0, 2, 12.21
1747820478, 0, 16, 1004, 1003, 24, 7.13%, 0, 0, 2, 11.76
1747820493, 0, 16, 1005, 1004, 24, 7.13%, 0, 0, 2, 11.57
1747820503, 0, 16, 1006, 1005, 24, 7.13%, 0, 0, 2, 10.84
1747820616, 0, 16, 1007, 1006, 24, 7.13%, 0, 0, 2, 11.24
1747820626, 0, 16, 1008, 1007, 24, 7.14%, 0, 0, 2, 10.77
1747820667, 0, 16, 1009, 1008, 24, 7.14%, 0, 0, 2, 11.53
1747820687, 0, 16, 1010, 1009, 24, 7.14%, 0, 0, 2, 10.95
1747820693, 0, 16, 1011, 1010, 24, 7.14%, 0, 0, 2, 10.99
1747820708, 0, 16, 1012, 1011, 24, 7.14%, 0, 0, 2, 11.45
1747820795, 0, 16, 1013, 1012, 24, 7.14%, 0, 0, 2, 11.52
1747820801, 0, 16, 1014, 1013, 24, 7.14%, 0, 0, 2, 10.95
1747820806, 0, 16, 1015, 1014, 24, 7.14%, 0, 0, 2, 11.63
1747820842, 0, 16, 1016, 1015, 24, 7.14%, 0, 0, 2, 11.04
1747820852, 0, 17, 1016, 1015, 25, 7.14%, 0, 0, 2, 13.01
1747820862, 0, 18, 1016, 1015, 25, 7.14%, 0, 0, 2, 12.47
1747820872, 0, 20, 1016, 1015, 25, 7.14%, 0, 0, 2, 12.03
1747820883, 0, 21, 1017, 1016, 25, 7.14%, 0, 0, 2, 11.00
1747820908, 0, 22, 1017, 1016, 25, 7.14%, 0, 0, 2, 11.69
1747820918, 0, 23, 1017, 1016, 25, 7.14%, 0, 0, 2, 11.31
1747820928, 0, 24, 1017, 1016, 25, 7.14%, 0, 0, 2, 10.67
1747820933, 0, 24, 1018, 1017, 25, 7.14%, 0, 0, 2, 10.40
1747820954, 0, 24, 1019, 1018, 25, 7.14%, 0, 0, 2, 10.87
1747820974, 0, 25, 1019, 1018, 25, 7.14%, 0, 0, 2, 12.70
1747820985, 0, 26, 1019, 1018, 25, 7.14%, 0, 0, 2, 12.69
1747820995, 0, 27, 1019, 1018, 25, 7.14%, 0, 0, 2, 11.45
1747821005, 0, 28, 1019, 1018, 25, 7.14%, 0, 0, 2, 12.13
1747821010, 0, 28, 1020, 1019, 25, 7.14%, 0, 0, 2, 11.41
1747821015, 0, 28, 1021, 1020, 25, 7.14%, 0, 0, 2, 11.78
1747821020, 0, 28, 1022, 1021, 25, 7.14%, 0, 0, 2, 11.31
1747821031, 0, 28, 1023, 1022, 25, 7.14%, 0, 0, 2, 10.77
1747821041, 0, 28, 1025, 1024, 25, 7.14%, 0, 0, 2, 10.19
1747821056, 0, 28, 1027, 1026, 25, 7.14%, 0, 0, 2, 10.44
1747821082, 0, 28, 1028, 1027, 25, 7.14%, 0, 0, 2, 10.64
1747821128, 0, 28, 1029, 1028, 25, 7.14%, 0, 0, 2, 10.69
1747821133, 0, 28, 1030, 1029, 25, 7.14%, 0, 0, 2, 11.08
1747821144, 0, 28, 1031, 1030, 25, 7.14%, 0, 0, 2, 10.92
1747821154, 0, 28, 1032, 1031, 25, 7.14%, 0, 0, 2, 10.45
1747821185, 0, 28, 1033, 1032, 25, 7.14%, 0, 0, 2, 11.03
1747821200, 0, 28, 1034, 1033, 25, 7.14%, 0, 0, 2, 11.19
1747821231, 0, 28, 1035, 1034, 25, 7.14%, 0, 0, 2, 10.68
1747821246, 0, 28, 1036, 1035, 25, 7.14%, 0, 0, 2, 11.57
1747821282, 0, 28, 1037, 1036, 25, 7.14%, 0, 0, 2, 11.05
1747821344, 0, 28, 1038, 1037, 25, 7.16%, 0, 0, 2, 10.85
1747821354, 0, 28, 1039, 1038, 25, 7.16%, 0, 0, 2, 10.37
1747821395, 0, 29, 1040, 1039, 25, 7.16%, 0, 0, 2, 10.60
1747821415, 0, 30, 1040, 1039, 25, 7.16%, 0, 0, 2, 10.95
1747821430, 0, 32, 1040, 1039, 25, 7.16%, 0, 0, 2, 11.53
1747821441, 0, 33, 1040, 1039, 25, 7.16%, 0, 0, 2, 11.06
1747821451, 0, 34, 1040, 1039, 25, 7.16%, 0, 0, 2, 11.29
1747821456, 0, 34, 1041, 1040, 25, 7.16%, 0, 0, 2, 9.91
1747821461, 0, 34, 1042, 1041, 25, 7.16%, 0, 0, 2, 9.92
1747821476, 0, 34, 1043, 1042, 25, 7.16%, 0, 0, 2, 10.59
1747821497, 0, 34, 1044, 1043, 25, 7.16%, 0, 0, 2, 10.12
1747821507, 0, 34, 1045, 1044, 25, 7.17%, 0, 0, 2, 10.01
1747821568, 0, 34, 1046, 1045, 25, 7.17%, 0, 0, 2, 10.59
1747821594, 0, 34, 1047, 1046, 25, 7.17%, 0, 0, 2, 10.36
1747821661, 0, 34, 1048, 1047, 25, 7.17%, 0, 0, 2, 10.71
1747821742, 0, 34, 1049, 1048, 25, 7.17%, 0, 0, 2, 10.71
1747821747, 0, 34, 1050, 1049, 25, 7.17%, 0, 0, 2, 10.65
1747821752, 0, 34, 1051, 1050, 25, 7.17%, 0, 0, 2, 9.87
1747821763, 0, 34, 1052, 1051, 25, 7.17%, 0, 0, 2, 9.66
1747821783, 0, 34, 1053, 1052, 25, 7.17%, 0, 0, 2, 10.05
1747821855, 0, 35, 1053, 1052, 26, 7.17%, 0, 0, 2, 9.34
1747821870, 0, 36, 1053, 1052, 26, 7.17%, 0, 0, 2, 9.58
1747821886, 0, 38, 1053, 1052, 26, 7.17%, 0, 0, 2, 9.61
1747821896, 0, 40, 1054, 1053, 26, 7.19%, 0, 0, 2, 9.65
1747821917, 0, 40, 1055, 1054, 26, 7.19%, 0, 0, 2, 10.00
1747821932, 0, 40, 1056, 1055, 26, 7.19%, 0, 0, 2, 10.13
1747821947, 0, 40, 1057, 1056, 26, 7.19%, 0, 0, 2, 9.79
1747821994, 0, 40, 1058, 1057, 26, 7.19%, 0, 0, 2, 10.53
1747822014, 0, 40, 1059, 1058, 26, 7.19%, 0, 0, 2, 10.15
1747822029, 0, 40, 1060, 1059, 26, 7.19%, 0, 0, 2, 10.09
1747822060, 0, 40, 1061, 1060, 26, 7.19%, 0, 0, 2, 10.43
1747822101, 0, 40, 1062, 1061, 26, 7.19%, 0, 0, 2, 10.18
1747822152, 0, 40, 1063, 1062, 26, 7.19%, 0, 0, 2, 9.91
1747822229, 0, 40, 1064, 1063, 26, 7.19%, 0, 0, 2, 9.81
1747822275, 0, 40, 1065, 1064, 26, 7.19%, 0, 0, 2, 9.96
1747822301, 0, 41, 1065, 1064, 26, 7.19%, 0, 0, 2, 10.00
1747822316, 0, 42, 1065, 1064, 26, 7.19%, 0, 0, 2, 10.41
1747822327, 0, 43, 1065, 1064, 26, 7.19%, 0, 0, 2, 10.16
1747822337, 0, 44, 1065, 1064, 26, 7.19%, 0, 0, 2, 10.52
1747822347, 0, 44, 1066, 1065, 26, 7.19%, 0, 0, 2, 9.21
1747822362, 0, 44, 1067, 1066, 26, 7.24%, 0, 0, 2, 9.97
1747822383, 0, 44, 1068, 1067, 26, 7.24%, 0, 0, 2, 9.57
1747822413, 0, 44, 1069, 1068, 26, 7.24%, 0, 0, 2, 10.04
1747822418, 0, 44, 1070, 1069, 26, 7.27%, 0, 0, 2, 10.14
1747822423, 0, 44, 1072, 1071, 26, 7.27%, 0, 0, 2, 10.04
1747822434, 0, 44, 1073, 1072, 26, 7.27%, 0, 0, 2, 10.16
1747822449, 0, 44, 1074, 1073, 26, 7.27%, 0, 0, 2, 10.74
1747822475, 0, 44, 1075, 1074, 26, 7.27%, 0, 0, 2, 10.17
1747822480, 0, 44, 1077, 1076, 26, 7.27%, 0, 0, 2, 9.58
1747822495, 0, 44, 1078, 1077, 26, 7.27%, 0, 0, 2, 10.23
1747822500, 0, 44, 1079, 1078, 26, 7.27%, 0, 0, 2, 9.66
1747822510, 0, 44, 1080, 1079, 26, 7.27%, 0, 0, 2, 10.37
1747822587, 0, 44, 1081, 1080, 26, 7.27%, 0, 0, 2, 10.43
1747822613, 0, 44, 1082, 1081, 26, 7.27%, 0, 0, 2, 9.89
1747822633, 0, 44, 1083, 1082, 26, 7.27%, 0, 0, 2, 9.67
1747822690, 0, 44, 1084, 1083, 26, 7.27%, 0, 0, 2, 9.34
1747822700, 0, 44, 1085, 1084, 26, 7.29%, 0, 0, 2, 10.13
1747822756, 0, 45, 1085, 1084, 26, 7.29%, 0, 0, 2, 9.52
1747822772, 0, 46, 1085, 1084, 26, 7.29%, 0, 0, 2, 9.68
1747822782, 0, 47, 1085, 1084, 26, 7.29%, 0, 0, 2, 10.30
1747822797, 0, 50, 1085, 1084, 26, 7.29%, 0, 0, 2, 10.40
1747822808, 0, 51, 1085, 1084, 26, 7.29%, 0, 0, 2, 10.23
1747822813, 0, 51, 1086, 1085, 26, 7.29%, 0, 0, 2, 9.66
1747822833, 0, 52, 1086, 1085, 26, 7.29%, 0, 0, 2, 10.38
1747822844, 0, 55, 1086, 1085, 26, 7.29%, 0, 0, 2, 10.23
1747822859, 0, 56, 1086, 1085, 26, 7.29%, 0, 0, 2, 10.16
1747822869, 0, 58, 1086, 1085, 26, 7.29%, 0, 0, 2, 10.21
1747822874, 0, 58, 1087, 1086, 26, 7.29%, 0, 0, 2, 9.78
1747822895, 0, 59, 1087, 1086, 26, 7.29%, 0, 0, 2, 9.72
1747822910, 0, 60, 1087, 1086, 26, 7.29%, 0, 0, 2, 10.93
1747822920, 0, 62, 1087, 1086, 26, 7.29%, 0, 0, 2, 10.26
1747822931, 0, 63, 1087, 1086, 26, 7.29%, 0, 0, 2, 9.97
1747822936, 0, 63, 1088, 1087, 26, 7.29%, 0, 0, 2, 10.10
1747822956, 0, 64, 1088, 1087, 26, 7.29%, 0, 0, 2, 9.80
1747822972, 0, 66, 1088, 1087, 26, 7.29%, 0, 0, 2, 9.81
1747822977, 0, 66, 1089, 1088, 26, 7.29%, 0, 0, 2, 9.37
1747822982, 0, 66, 1090, 1089, 26, 7.29%, 0, 0, 2, 9.36
1747822987, 0, 66, 1091, 1090, 26, 7.29%, 0, 0, 2, 8.69
1747822998, 0, 66, 1092, 1091, 26, 7.29%, 0, 0, 2, 9.31
1747823028, 0, 66, 1093, 1092, 26, 7.30%, 0, 0, 2, 9.74
1747823059, 0, 66, 1094, 1093, 26, 7.30%, 0, 0, 2, 9.01
1747823064, 0, 66, 1095, 1094, 26, 7.30%, 0, 0, 2, 9.14
1747823075, 0, 66, 1096, 1095, 26, 7.30%, 0, 0, 2, 9.18
1747823090, 0, 66, 1097, 1096, 26, 7.30%, 0, 0, 2, 9.47
1747823111, 0, 66, 1098, 1097, 26, 7.30%, 0, 0, 2, 9.72
1747823152, 0, 66, 1100, 1099, 26, 7.30%, 0, 0, 2, 9.20
1747823162, 0, 66, 1101, 1100, 26, 7.30%, 0, 0, 2, 9.81
1747823172, 0, 66, 1102, 1101, 26, 7.30%, 0, 0, 2, 9.40
1747823193, 0, 66, 1103, 1102, 26, 7.30%, 0, 0, 2, 9.47
1747823219, 0, 66, 1104, 1103, 26, 7.30%, 0, 0, 2, 9.81
1747823285, 0, 66, 1105, 1104, 26, 7.30%, 0, 0, 2, 9.93
1747823352, 0, 66, 1106, 1105, 26, 7.30%, 0, 0, 2, 9.69
1747823368, 0, 66, 1107, 1106, 26, 7.30%, 0, 0, 2, 9.67
1747823404, 0, 66, 1108, 1107, 26, 7.30%, 0, 0, 2, 9.18
1747823409, 0, 66, 1109, 1108, 26, 7.30%, 0, 0, 2, 9.23
1747823414, 0, 67, 1109, 1108, 26, 7.30%, 0, 0, 2, 9.71
1747823429, 0, 68, 1110, 1109, 26, 7.30%, 0, 0, 2, 10.05
1747823435, 0, 68, 1111, 1110, 26, 7.30%, 0, 0, 2, 10.03
1747823440, 0, 68, 1112, 1111, 26, 7.30%, 0, 0, 2, 8.86
1747823476, 0, 68, 1113, 1112, 26, 7.30%, 0, 0, 2, 9.61
1747823512, 0, 68, 1114, 1113, 26, 7.30%, 0, 0, 2, 8.93
1747823532, 0, 68, 1115, 1114, 26, 7.35%, 0, 0, 2, 9.35
1747823563, 0, 68, 1116, 1115, 26, 7.35%, 0, 0, 2, 9.22
1747823578, 0, 68, 1117, 1116, 26, 7.35%, 0, 0, 2, 9.40
1747823593, 0, 68, 1118, 1117, 26, 7.35%, 0, 0, 2, 9.07
1747823614, 0, 68, 1119, 1118, 26, 7.35%, 0, 0, 2, 8.93
1747823711, 0, 68, 1120, 1119, 26, 7.35%, 0, 0, 2, 9.42
1747823844, 0, 68, 1121, 1120, 26, 7.35%, 0, 0, 2, 9.42
1747823865, 0, 69, 1121, 1120, 24, 7.35%, 0, 0, 2, 10.05
1747823875, 0, 69, 1122, 1121, 24, 7.35%, 0, 0, 2, 9.12
1747823885, 0, 69, 1123, 1122, 24, 7.35%, 0, 0, 2, 10.12
1747823911, 0, 69, 1124, 1123, 24, 7.35%, 0, 0, 2, 10.82
1747823921, 0, 69, 1126, 1125, 24, 7.35%, 0, 0, 2, 10.50
1747823978, 0, 69, 1127, 1126, 24, 7.35%, 0, 0, 2, 10.10
1747824013, 0, 69, 1128, 1127, 24, 7.35%, 0, 0, 2, 9.53
1747824260, 0, 70, 1128, 1127, 24, 7.35%, 0, 0, 2, 10.23
1747824270, 0, 71, 1128, 1127, 24, 7.35%, 0, 0, 2, 10.61
1747824281, 0, 72, 1128, 1127, 24, 7.35%, 0, 0, 2, 9.42
1747824296, 0, 73, 1129, 1128, 24, 7.35%, 0, 0, 2, 10.11
1747824301, 0, 73, 1131, 1130, 24, 7.35%, 0, 0, 2, 9.87
1747824321, 0, 73, 1132, 1131, 24, 7.35%, 0, 0, 2, 9.54
1747824357, 0, 73, 1133, 1132, 24, 7.35%, 0, 0, 2, 10.13
1747824480, 0, 73, 1134, 1133, 24, 7.35%, 0, 0, 2, 9.94
1747824491, 0, 73, 1135, 1134, 24, 7.35%, 0, 0, 2, 9.26
1747824712, 0, 73, 1136, 1135, 24, 7.35%, 0, 0, 2, 9.88
1747824717, 0, 74, 1136, 1135, 24, 7.35%, 0, 0, 2, 9.97
1747824727, 0, 75, 1136, 1135, 24, 7.35%, 0, 0, 2, 10.69
1747824733, 0, 75, 1137, 1136, 24, 7.35%, 0, 0, 2, 9.71
1747824743, 0, 75, 1138, 1137, 24, 7.35%, 0, 0, 2, 9.35
1747824768, 0, 75, 1139, 1138, 24, 7.35%, 0, 0, 2, 9.54
1747824830, 0, 76, 1139, 1138, 24, 7.35%, 0, 0, 2, 10.27
1747824845, 0, 77, 1139, 1138, 24, 7.35%, 0, 0, 2, 9.66
1747824861, 0, 79, 1139, 1138, 24, 7.35%, 0, 0, 2, 10.01
1747824871, 0, 79, 1140, 1139, 24, 7.35%, 0, 0, 2, 9.81
1747824886, 0, 80, 1140, 1139, 24, 7.35%, 0, 0, 2, 10.57
1747824897, 0, 81, 1140, 1139, 24, 7.35%, 0, 0, 2, 10.23
1747824907, 0, 82, 1140, 1139, 24, 7.35%, 0, 0, 2, 10.18
1747824922, 0, 83, 1140, 1139, 24, 7.35%, 0, 0, 2, 10.34
1747824933, 0, 84, 1140, 1139, 24, 7.35%, 0, 0, 2, 9.94
1747824948, 0, 86, 1140, 1139, 24, 7.35%, 0, 0, 2, 10.90
1747824958, 0, 88, 1140, 1139, 24, 7.35%, 0, 0, 2, 11.35
1747824969, 0, 89, 1140, 1139, 24, 7.35%, 0, 0, 2, 11.15
1747824984, 0, 90, 1140, 1139, 24, 7.35%, 0, 0, 2, 11.13
1747824994, 0, 91, 1140, 1139, 24, 7.35%, 0, 0, 2, 10.14
1747825009, 0, 92, 1140, 1139, 24, 7.35%, 0, 0, 2, 8.93
1747825025, 0, 93, 1140, 1139, 24, 7.35%, 0, 0, 2, 32.64
1747825174, 0, 94, 1140, 1138, 23, 7.35%, 0, 0, 2, 22.10
1747825179, 0, 94, 1141, 1139, 23, 7.35%, 0, 0, 3, 12.82
1747825200, 0, 95, 1141, 1139, 23, 7.35%, 0, 0, 3, 9.38
1747825210, 0, 95, 1142, 1140, 23, 7.35%, 0, 0, 3, 9.34
1747825220, 0, 95, 1143, 1141, 23, 7.35%, 0, 0, 3, 10.03
1747825251, 0, 96, 1143, 1141, 23, 7.35%, 0, 0, 3, 10.67
1747825266, 0, 97, 1143, 1141, 23, 7.35%, 0, 0, 3, 10.09
1747825277, 0, 98, 1143, 1141, 23, 7.35%, 0, 0, 3, 9.87
1747825282, 0, 98, 1146, 1144, 23, 7.35%, 0, 0, 3, 9.29
1747825287, 0, 98, 1147, 1145, 23, 7.35%, 0, 0, 3, 9.06
1747825302, 0, 98, 1148, 1146, 23, 7.35%, 0, 0, 3, 10.17
1747825307, 0, 98, 1149, 1147, 23, 7.35%, 0, 0, 3, 9.29
1747825312, 0, 98, 1150, 1148, 23, 7.35%, 0, 0, 3, 9.42
1747825333, 0, 98, 1151, 1149, 23, 7.35%, 0, 0, 3, 10.48
1747825445, 0, 98, 1152, 1150, 23, 7.35%, 0, 0, 3, 9.64
1747825507, 0, 98, 1153, 1151, 23, 7.35%, 0, 0, 3, 9.68
1747825528, 0, 98, 1154, 1152, 23, 7.35%, 0, 0, 3, 10.87
1747825573, 0, 98, 1155, 1153, 23, 7.35%, 0, 0, 3, 9.92
1747825645, 0, 98, 1156, 1154, 23, 7.35%, 0, 0, 3, 9.78
1747825677, 0, 98, 1157, 1155, 23, 7.36%, 0, 0, 3, 10.26
1747825692, 0, 98, 1158, 1156, 23, 7.36%, 0, 0, 3, 9.69
1747825702, 0, 99, 1158, 1156, 25, 7.36%, 0, 0, 3, 10.59
1747825712, 0, 101, 1158, 1156, 25, 7.36%, 0, 0, 3, 9.96
1747825728, 0, 105, 1159, 1157, 25, 7.36%, 0, 0, 3, 9.46
1747825753, 0, 106, 1159, 1157, 25, 7.36%, 0, 0, 3, 9.30
1747825769, 0, 107, 1160, 1158, 25, 7.36%, 0, 0, 3, 9.75
1747825794, 0, 108, 1160, 1158, 25, 7.36%, 0, 0, 3, 10.94
1747825805, 0, 109, 1160, 1158, 25, 7.36%, 0, 0, 3, 10.07
1747825810, 0, 109, 1161, 1159, 25, 7.36%, 0, 0, 3, 9.71
1747825836, 0, 110, 1161, 1159, 25, 7.36%, 0, 0, 3, 10.33
1747825846, 0, 111, 1161, 1159, 25, 7.36%, 0, 0, 3, 9.45
1747825851, 0, 111, 1162, 1160, 25, 7.36%, 0, 0, 3, 9.80
1747825872, 0, 113, 1162, 1160, 25, 7.36%, 0, 0, 3, 9.62
1747825887, 0, 114, 1162, 1160, 25, 7.36%, 0, 0, 3, 10.76
1747825897, 0, 115, 1162, 1160, 25, 7.36%, 0, 0, 3, 9.90
1747825913, 0, 116, 1162, 1160, 25, 7.36%, 0, 0, 3, 9.88
1747825923, 0, 118, 1162, 1160, 25, 7.36%, 0, 0, 3, 10.05
1747825928, 0, 118, 1163, 1161, 25, 7.36%, 0, 0, 3, 9.61
1747825938, 0, 118, 1164, 1162, 25, 7.40%, 0, 0, 3, 8.92
1747825943, 0, 118, 1165, 1163, 25, 7.40%, 0, 0, 3, 9.41
1747825948, 0, 118, 1166, 1164, 25, 7.40%, 0, 0, 3, 8.36
1747825953, 0, 118, 1167, 1165, 25, 7.40%, 0, 0, 3, 8.95
1747825958, 0, 118, 1168, 1166, 25, 7.40%, 0, 0, 3, 8.85
1747825964, 0, 118, 1169, 1167, 25, 7.40%, 0, 0, 3, 8.66
1747825994, 0, 118, 1170, 1168, 25, 7.40%, 0, 0, 3, 9.21
1747826000, 0, 118, 1171, 1169, 25, 7.41%, 0, 0, 3, 9.19
1747826015, 0, 118, 1172, 1170, 25, 7.41%, 0, 0, 3, 8.87
1747826046, 0, 118, 1173, 1171, 25, 7.41%, 0, 0, 3, 9.42
1747826291, 0, 118, 1174, 1172, 25, 7.41%, 0, 0, 3, 8.88
1747826322, 0, 118, 1175, 1173, 25, 7.41%, 0, 0, 3, 9.20
1747826368, 0, 119, 1175, 1173, 27, 7.41%, 0, 0, 3, 10.08
1747826378, 0, 119, 1176, 1174, 27, 7.41%, 0, 0, 3, 9.82
1747826384, 0, 119, 1177, 1175, 27, 7.41%, 0, 0, 3, 9.57
1747826425, 0, 120, 1177, 1175, 27, 7.41%, 0, 0, 3, 9.93
1747826435, 0, 121, 1177, 1175, 27, 7.41%, 0, 0, 3, 10.63
1747826445, 0, 124, 1177, 1175, 27, 7.41%, 0, 0, 3, 9.83
1747826461, 0, 127, 1177, 1175, 27, 7.41%, 0, 0, 3, 9.45
1747826476, 0, 128, 1178, 1176, 27, 7.41%, 0, 0, 3, 8.73
1747826481, 0, 128, 1179, 1177, 27, 7.41%, 0, 0, 3, 8.79
1747826507, 0, 128, 1180, 1178, 27, 7.41%, 0, 0, 3, 8.11
1747826543, 0, 128, 1181, 1179, 27, 7.41%, 0, 0, 3, 8.14
1747826650, 0, 128, 1182, 1180, 27, 7.41%, 0, 0, 3, 8.66
1747826764, 0, 128, 1183, 1181, 27, 7.41%, 0, 0, 3, 8.12
1747826785, 0, 128, 1184, 1182, 27, 7.41%, 0, 0, 3, 8.04
1747826908, 0, 129, 1184, 1182, 27, 7.41%, 0, 0, 3, 14.42
1747826918, 0, 130, 1184, 1182, 27, 7.41%, 0, 0, 3, 15.71
1747826929, 0, 131, 1184, 1182, 27, 7.41%, 0, 0, 3, 13.86
1747826934, 0, 133, 1184, 1182, 27, 7.41%, 0, 0, 3, 15.20
1747826944, 0, 134, 1184, 1182, 27, 7.41%, 0, 0, 3, 16.45
1747826949, 0, 135, 1184, 1182, 27, 7.41%, 0, 0, 3, 16.33
1747826954, 0, 135, 1185, 1183, 27, 7.44%, 0, 0, 3, 14.63
1747826970, 0, 136, 1185, 1183, 25, 7.44%, 0, 0, 3, 16.06
1747826975, 0, 137, 1185, 1183, 25, 7.44%, 0, 0, 3, 15.67
1747826985, 0, 138, 1186, 1184, 25, 7.44%, 0, 0, 3, 15.37
1747826995, 0, 138, 1187, 1185, 25, 7.44%, 0, 0, 3, 15.94
1747827016, 0, 138, 1188, 1186, 25, 7.44%, 0, 0, 3, 15.19
1747827036, 0, 138, 1189, 1187, 25, 7.44%, 0, 0, 3, 9.31
1747827047, 0, 138, 1190, 1188, 25, 7.44%, 0, 0, 3, 9.03
1747827052, 0, 138, 1191, 1189, 25, 7.44%, 0, 0, 3, 8.96
1747827057, 0, 138, 1192, 1190, 25, 7.44%, 0, 0, 3, 8.59
1747827098, 0, 138, 1193, 1191, 25, 7.44%, 0, 0, 3, 8.88
1747827118, 0, 138, 1194, 1192, 25, 7.45%, 0, 0, 3, 8.85
1747827180, 0, 138, 1195, 1193, 25, 7.45%, 0, 0, 3, 9.21
1747827409, 0, 139, 1195, 1193, 24, 7.45%, 0, 0, 3, 9.51
1747827424, 0, 140, 1195, 1193, 24, 7.45%, 0, 0, 3, 9.14
1747827440, 0, 141, 1195, 1193, 24, 7.45%, 0, 0, 3, 9.33
1747827445, 0, 141, 1196, 1194, 24, 7.45%, 0, 0, 3, 8.95
1747827465, 0, 142, 1196, 1194, 24, 7.45%, 0, 0, 3, 9.25
1747827481, 0, 143, 1196, 1194, 24, 7.45%, 0, 0, 3, 8.89
1747827496, 0, 145, 1196, 1194, 24, 7.45%, 0, 0, 3, 9.42
1747827512, 0, 146, 1196, 1194, 24, 7.45%, 0, 0, 3, 9.01
1747827517, 0, 146, 1197, 1195, 24, 7.45%, 0, 0, 3, 8.69
1747827542, 0, 147, 1197, 1195, 24, 7.45%, 0, 0, 3, 8.43
1747827553, 0, 148, 1197, 1195, 24, 7.45%, 0, 0, 3, 9.20
1747827568, 0, 149, 1197, 1195, 24, 7.45%, 0, 0, 3, 10.30
1747827579, 0, 153, 1197, 1195, 24, 7.45%, 0, 0, 3, 9.80
1747827589, 0, 153, 1198, 1196, 24, 7.45%, 0, 0, 3, 9.18
1747827610, 0, 154, 1198, 1196, 24, 7.45%, 0, 0, 3, 9.44
1747827625, 0, 155, 1198, 1196, 24, 7.45%, 0, 0, 3, 9.29
1747827635, 0, 156, 1198, 1196, 24, 7.45%, 0, 0, 3, 8.96
1747827641, 0, 156, 1199, 1197, 24, 7.45%, 0, 0, 3, 8.86
1747827646, 0, 156, 1200, 1198, 24, 7.45%, 0, 0, 3, 8.70
1747827666, 0, 156, 1201, 1199, 24, 7.45%, 0, 0, 3, 9.44
1747827723, 0, 156, 1202, 1200, 24, 7.45%, 0, 0, 3, 8.88
1747827733, 0, 156, 1203, 1201, 24, 7.45%, 0, 0, 3, 10.18
1747827754, 0, 156, 1204, 1202, 24, 7.45%, 0, 0, 3, 8.61
1747827769, 0, 156, 1205, 1203, 24, 7.45%, 0, 0, 3, 9.09
1747827785, 0, 156, 1206, 1204, 24, 7.45%, 0, 0, 3, 9.21
1747827790, 0, 156, 1207, 1205, 24, 7.45%, 0, 0, 3, 9.07
1747827831, 0, 156, 1208, 1206, 24, 7.45%, 0, 0, 3, 9.96
1747827836, 0, 156, 1209, 1207, 24, 7.45%, 0, 0, 3, 9.10
1747828051, 0, 156, 1210, 1208, 24, 7.45%, 0, 0, 3, 8.80
1747828056, 0, 156, 1211, 1209, 24, 7.45%, 0, 0, 3, 9.16
1747828092, 0, 159, 1211, 1209, 24, 7.45%, 0, 0, 3, 8.73
1747828108, 0, 160, 1211, 1209, 24, 7.45%, 0, 0, 3, 8.43
1747828123, 0, 161, 1211, 1209, 24, 7.45%, 0, 0, 3, 9.26
1747828133, 0, 162, 1211, 1209, 24, 7.45%, 0, 0, 3, 9.36
1747828149, 0, 163, 1211, 1209, 24, 7.45%, 0, 0, 3, 9.86
1747828164, 0, 164, 1211, 1209, 24, 7.45%, 0, 0, 3, 9.72
1747828169, 0, 164, 1212, 1210, 24, 7.45%, 0, 0, 3, 8.85
1747828189, 0, 166, 1212, 1210, 24, 7.45%, 0, 0, 3, 8.73
1747828205, 0, 167, 1212, 1210, 24, 7.45%, 0, 0, 3, 8.91
1747828220, 0, 168, 1212, 1210, 24, 7.45%, 0, 0, 3, 9.46
1747828225, 0, 168, 1213, 1211, 24, 7.45%, 0, 0, 3, 8.79
1747828231, 0, 168, 1214, 1212, 24, 7.45%, 0, 0, 3, 8.74
1747828277, 0, 169, 1214, 1212, 24, 7.45%, 0, 0, 3, 10.46
1747828288, 0, 170, 1214, 1212, 24, 7.45%, 0, 0, 3, 10.17
1747828303, 0, 175, 1214, 1212, 24, 7.45%, 0, 0, 3, 9.13
1747828318, 0, 177, 1214, 1212, 24, 7.45%, 0, 0, 3, 8.65
1747828334, 0, 178, 1214, 1212, 24, 7.45%, 0, 0, 3, 10.27
1747828344, 0, 179, 1214, 1212, 24, 7.45%, 0, 0, 3, 9.82
1747828360, 0, 180, 1214, 1212, 24, 7.45%, 0, 0, 3, 9.70
1747828370, 0, 181, 1214, 1212, 24, 7.45%, 0, 0, 3, 9.69
1747828385, 0, 182, 1214, 1212, 24, 7.45%, 0, 0, 3, 9.49
1747828396, 0, 183, 1214, 1212, 24, 7.45%, 0, 0, 3, 9.51
1747828411, 0, 184, 1214, 1212, 24, 7.45%, 0, 0, 3, 9.77
1747828421, 0, 184, 1215, 1213, 24, 7.45%, 0, 0, 3, 9.55
1747828436, 0, 185, 1215, 1213, 24, 7.45%, 0, 0, 3, 9.66
1747828452, 0, 186, 1215, 1213, 24, 7.45%, 0, 0, 3, 9.20
1747828467, 0, 187, 1216, 1214, 24, 7.45%, 0, 0, 3, 8.69
1747828493, 0, 188, 1216, 1214, 24, 7.45%, 0, 0, 3, 9.81
1747828508, 0, 189, 1216, 1214, 24, 7.45%, 0, 0, 3, 9.23
1747828523, 0, 190, 1216, 1214, 24, 7.45%, 0, 0, 3, 10.04
1747828534, 0, 192, 1216, 1214, 24, 7.45%, 0, 0, 3, 10.10
1747828550, 0, 193, 1216, 1214, 24, 7.45%, 0, 0, 3, 11.13
1747828560, 0, 194, 1216, 1214, 24, 7.45%, 0, 0, 3, 9.50
1747828575, 0, 196, 1216, 1214, 24, 7.45%, 0, 0, 3, 8.91
1747828586, 0, 197, 1216, 1214, 24, 7.45%, 0, 0, 3, 10.06
1747828591, 0, 197, 1217, 1215, 24, 7.45%, 0, 0, 3, 9.52
1747828611, 0, 198, 1217, 1215, 24, 7.45%, 0, 0, 3, 10.22
1747828617, 0, 198, 1218, 1216, 24, 7.45%, 0, 0, 3, 9.21
1747828642, 0, 199, 1218, 1216, 24, 7.45%, 0, 0, 3, 10.59
1747828647, 0, 199, 1219, 1217, 24, 7.45%, 0, 0, 3, 9.85
1747828663, 0, 199, 1220, 1218, 24, 7.45%, 0, 0, 3, 9.35
1747828678, 0, 199, 1221, 1219, 24, 7.45%, 0, 0, 3, 9.48
1747828683, 0, 199, 1222, 1220, 24, 7.45%, 0, 0, 3, 8.87
1747828849, 0, 200, 1222, 1220, 24, 7.45%, 0, 0, 3, 9.32
1747828864, 0, 201, 1222, 1220, 24, 7.45%, 0, 0, 3, 8.92
1747828879, 0, 204, 1222, 1220, 24, 7.45%, 0, 0, 3, 10.70
1747828890, 0, 205, 1222, 1220, 24, 7.45%, 0, 0, 3, 9.85
1747828905, 0, 206, 1222, 1220, 24, 7.45%, 0, 0, 3, 9.12
1747828915, 0, 207, 1222, 1220, 24, 7.45%, 0, 0, 3, 9.10
1747828930, 0, 210, 1222, 1220, 24, 7.45%, 0, 0, 3, 10.11
1747828946, 0, 211, 1222, 1220, 24, 7.45%, 0, 0, 3, 9.19
1747828956, 0, 212, 1222, 1220, 24, 7.45%, 0, 0, 3, 8.80
1747828971, 0, 213, 1222, 1220, 24, 7.45%, 0, 0, 3, 9.43
1747828987, 0, 215, 1222, 1220, 24, 7.45%, 0, 0, 3, 9.88
1747828997, 0, 217, 1222, 1220, 24, 7.45%, 0, 0, 3, 10.03
1747829012, 0, 219, 1222, 1220, 24, 7.45%, 0, 0, 3, 8.81
1747829028, 0, 220, 1222, 1220, 24, 7.45%, 0, 0, 3, 9.04
1747829043, 0, 221, 1222, 1220, 24, 7.45%, 0, 0, 3, 9.81
1747829053, 0, 221, 1223, 1221, 24, 7.45%, 0, 0, 3, 9.17
1747829069, 0, 221, 1224, 1222, 24, 7.45%, 0, 0, 3, 10.11
1747829084, 0, 221, 1225, 1223, 24, 7.45%, 0, 0, 3, 9.69
1747829130, 0, 221, 1226, 1224, 24, 7.45%, 0, 0, 3, 9.71
1747829249, 0, 221, 1227, 1225, 24, 7.45%, 0, 0, 3, 8.75
1747829269, 0, 221, 1228, 1226, 24, 7.45%, 0, 0, 3, 10.31
1747829372, 0, 221, 1229, 1227, 24, 7.45%, 0, 0, 3, 8.95
1747829418, 0, 221, 1230, 1228, 24, 7.45%, 0, 0, 3, 10.43
1747829429, 0, 221, 1231, 1229, 24, 7.45%, 0, 0, 3, 9.03
1747829475, 0, 222, 1231, 1229, 25, 7.45%, 0, 0, 3, 9.76
1747829485, 0, 223, 1231, 1229, 25, 7.45%, 0, 0, 3, 9.97
1747829501, 0, 224, 1231, 1229, 25, 7.45%, 0, 0, 3, 8.72
1747829516, 0, 225, 1231, 1229, 25, 7.45%, 0, 0, 3, 8.76
1747829531, 0, 226, 1231, 1229, 25, 7.45%, 0, 0, 3, 9.68
1747829542, 0, 227, 1231, 1229, 25, 7.45%, 0, 0, 3, 9.52
1747829557, 0, 229, 1231, 1229, 25, 7.45%, 0, 0, 3, 9.00
1747829572, 0, 231, 1231, 1229, 25, 7.45%, 0, 0, 3, 8.90
1747829587, 0, 233, 1231, 1229, 25, 7.45%, 0, 0, 3, 9.02
1747829598, 0, 234, 1231, 1229, 25, 7.45%, 0, 0, 3, 8.64
1747829613, 0, 235, 1231, 1229, 25, 7.45%, 0, 0, 3, 9.67
1747829628, 0, 236, 1231, 1229, 25, 7.45%, 0, 0, 3, 9.99
1747829644, 0, 237, 1231, 1229, 25, 7.45%, 0, 0, 3, 9.24
1747829654, 0, 237, 1232, 1230, 25, 7.45%, 0, 0, 3, 9.17
1747829670, 0, 238, 1232, 1230, 25, 7.45%, 0, 0, 3, 10.13
1747829685, 0, 241, 1232, 1230, 25, 7.45%, 0, 0, 3, 9.97
1747829695, 0, 242, 1232, 1230, 25, 7.45%, 0, 0, 3, 10.41
1747829705, 0, 242, 1234, 1232, 25, 7.45%, 0, 0, 3, 8.23
1747829721, 0, 242, 1235, 1233, 25, 7.45%, 0, 0, 3, 9.13
1747829788, 0, 242, 1236, 1234, 25, 7.45%, 0, 0, 3, 9.30
1747829834, 0, 242, 1237, 1235, 25, 7.45%, 0, 0, 3, 9.10
1747829932, 0, 242, 1238, 1236, 25, 7.45%, 0, 0, 3, 9.34
1747830050, 0, 242, 1239, 1237, 25, 7.45%, 0, 0, 3, 9.17
1747830065, 0, 242, 1240, 1238, 25, 7.45%, 0, 0, 3, 9.46
1747830132, 0, 242, 1241, 1239, 25, 7.45%, 0, 0, 3, 8.17
1747830137, 0, 245, 1241, 1239, 25, 7.45%, 0, 0, 3, 9.19
1747830153, 0, 246, 1241, 1239, 25, 7.45%, 0, 0, 3, 9.53
1747830168, 0, 248, 1241, 1239, 25, 7.45%, 0, 0, 3, 10.09
1747830178, 0, 249, 1241, 1239, 25, 7.45%, 0, 0, 3, 9.57
1747830193, 0, 250, 1241, 1239, 25, 7.45%, 0, 0, 3, 9.83
1747830204, 0, 251, 1241, 1239, 25, 7.45%, 0, 0, 3, 9.86
1747830219, 0, 253, 1241, 1239, 25, 7.45%, 0, 0, 3, 9.54
1747830235, 0, 254, 1241, 1239, 25, 7.45%, 0, 0, 3, 8.91
1747830245, 0, 256, 1241, 1239, 25, 7.45%, 0, 0, 3, 9.11
1747830261, 0, 257, 1241, 1239, 25, 7.45%, 0, 0, 3, 9.65
1747830276, 0, 258, 1241, 1239, 25, 7.45%, 0, 0, 3, 8.82
1747830291, 0, 259, 1241, 1239, 25, 7.45%, 0, 0, 3, 9.91
1747830302, 0, 260, 1241, 1239, 25, 7.45%, 0, 0, 3, 9.44
1747830317, 0, 261, 1241, 1239, 25, 7.45%, 0, 0, 3, 9.63
1747830327, 0, 262, 1241, 1239, 25, 7.45%, 0, 0, 3, 9.69
1747830343, 0, 262, 1242, 1240, 25, 7.45%, 0, 0, 3, 9.28
1747830358, 0, 264, 1243, 1241, 25, 7.45%, 0, 0, 3, 8.09
1747830364, 0, 264, 1244, 1242, 25, 7.45%, 0, 0, 3, 8.69
1747830415, 0, 266, 1244, 1242, 25, 7.45%, 0, 0, 3, 8.84
1747830425, 0, 266, 1245, 1243, 25, 7.46%, 0, 0, 3, 8.98
1747830446, 0, 269, 1245, 1243, 26, 7.46%, 0, 0, 3, 9.45
1747830456, 0, 270, 1245, 1243, 26, 7.46%, 0, 0, 3, 10.95
1747830471, 0, 271, 1245, 1243, 26, 7.46%, 0, 0, 3, 8.49
1747830487, 0, 273, 1245, 1243, 26, 7.46%, 0, 0, 3, 8.69
1747830502, 0, 274, 1245, 1243, 26, 7.46%, 0, 0, 3, 9.89
1747830512, 0, 275, 1245, 1243, 26, 7.46%, 0, 0, 3, 9.18
1747830528, 0, 277, 1245, 1243, 26, 7.46%, 0, 0, 3, 9.29
1747830543, 0, 279, 1245, 1243, 26, 7.46%, 0, 0, 3, 9.27
1747830549, 0, 279, 1246, 1244, 26, 7.46%, 0, 0, 3, 8.47
1747830569, 0, 281, 1246, 1244, 26, 7.46%, 0, 0, 3, 9.58
1747830585, 0, 282, 1246, 1244, 26, 7.46%, 0, 0, 3, 9.10
1747830595, 0, 283, 1246, 1244, 26, 7.46%, 0, 0, 3, 9.03
1747830610, 0, 284, 1246, 1244, 26, 7.46%, 0, 0, 3, 8.99
1747830621, 0, 285, 1246, 1244, 26, 7.46%, 0, 0, 3, 10.30
1747830636, 0, 287, 1246, 1244, 26, 7.46%, 0, 0, 3, 10.58
1747830652, 0, 290, 1246, 1244, 26, 7.46%, 0, 0, 3, 9.79
1747830662, 0, 291, 1246, 1244, 26, 7.46%, 0, 0, 3, 9.54
1747830677, 0, 293, 1246, 1244, 26, 7.46%, 0, 0, 3, 9.13
1747830693, 0, 294, 1246, 1244, 26, 7.46%, 0, 0, 3, 9.49
1747830703, 0, 295, 1246, 1244, 26, 7.46%, 0, 0, 3, 9.58
1747830718, 0, 296, 1246, 1244, 26, 7.46%, 0, 0, 3, 9.05
1747830734, 0, 298, 1246, 1244, 26, 7.46%, 0, 0, 3, 8.84
1747830749, 0, 300, 1247, 1245, 26, 7.46%, 0, 0, 3, 8.73
1747830774, 0, 301, 1247, 1245, 26, 7.46%, 0, 0, 3, 10.05
1747830790, 0, 302, 1247, 1245, 26, 7.46%, 0, 0, 3, 8.98
1747830805, 0, 303, 1247, 1245, 26, 7.46%, 0, 0, 3, 9.44
1747830815, 0, 305, 1247, 1245, 26, 7.46%, 0, 0, 3, 9.52
1747830830, 0, 306, 1247, 1245, 26, 7.46%, 0, 0, 3, 9.35
1747830846, 0, 307, 1247, 1245, 26, 7.46%, 0, 0, 3, 9.58
1747830856, 0, 308, 1247, 1245, 26, 7.46%, 0, 0, 3, 9.59
1747830861, 0, 308, 1249, 1247, 26, 7.46%, 0, 0, 3, 8.15
1747830897, 0, 308, 1250, 1248, 26, 7.48%, 0, 0, 3, 9.30
1747830927, 0, 308, 1251, 1249, 26, 7.48%, 0, 0, 3, 9.34
1747831009, 0, 308, 1252, 1250, 26, 7.48%, 0, 0, 3, 8.91
1747831014, 0, 308, 1253, 1251, 26, 7.48%, 0, 0, 3, 8.09
1747831117, 0, 308, 1254, 1252, 26, 7.48%, 0, 0, 3, 8.29
1747831194, 0, 308, 1255, 1253, 26, 7.48%, 0, 0, 3, 8.94
1747831225, 0, 308, 1256, 1254, 26, 7.48%, 0, 0, 3, 8.95
1747831251, 0, 308, 1257, 1255, 26, 7.49%, 0, 0, 3, 9.07
1747831318, 0, 311, 1257, 1255, 27, 7.49%, 0, 0, 3, 9.25
1747831328, 0, 312, 1257, 1255, 27, 7.49%, 0, 0, 3, 9.30
1747831343, 0, 313, 1257, 1255, 27, 7.49%, 0, 0, 3, 9.58
1747831354, 0, 314, 1257, 1255, 27, 7.49%, 0, 0, 3, 9.01
1747831364, 0, 314, 1258, 1256, 27, 7.49%, 0, 0, 3, 9.71
1747831384, 0, 315, 1258, 1256, 27, 7.49%, 0, 0, 3, 10.30
1747831395, 0, 316, 1258, 1256, 27, 7.49%, 0, 0, 3, 9.50
1747831410, 0, 318, 1258, 1256, 27, 7.49%, 0, 0, 3, 9.85
1747831420, 0, 319, 1258, 1256, 27, 7.49%, 0, 0, 3, 10.54
1747831436, 0, 321, 1258, 1256, 27, 7.49%, 0, 0, 3, 9.00
1747831441, 0, 321, 1259, 1257, 27, 7.49%, 0, 0, 3, 9.16
1747831467, 0, 323, 1259, 1257, 27, 7.49%, 0, 0, 3, 9.79
1747831477, 0, 324, 1259, 1257, 27, 7.49%, 0, 0, 3, 9.95
1747831493, 0, 325, 1259, 1257, 27, 7.49%, 0, 0, 3, 9.55
1747831508, 0, 326, 1259, 1257, 27, 7.49%, 0, 0, 3, 10.39
1747831518, 0, 328, 1259, 1257, 27, 7.49%, 0, 0, 3, 10.41
1747831523, 0, 328, 1260, 1258, 27, 7.49%, 0, 0, 3, 8.87
1747831544, 0, 329, 1260, 1258, 27, 7.49%, 0, 0, 3, 10.12
1747831559, 0, 332, 1260, 1258, 27, 7.49%, 0, 0, 3, 14.87
1747831564, 0, 334, 1260, 1258, 27, 7.49%, 0, 0, 3, 15.81
1747831575, 0, 335, 1260, 1258, 27, 7.49%, 0, 0, 3, 17.01
1747831580, 0, 336, 1260, 1258, 27, 7.49%, 0, 0, 3, 14.95
1747831590, 0, 337, 1260, 1258, 27, 7.49%, 0, 0, 3, 16.56
1747831595, 0, 338, 1260, 1258, 27, 7.49%, 0, 0, 3, 17.18
1747831605, 0, 339, 1260, 1258, 27, 7.49%, 0, 0, 3, 14.28
1747831616, 0, 340, 1260, 1258, 27, 7.49%, 0, 0, 3, 13.75
1747831626, 0, 341, 1260, 1258, 27, 7.49%, 0, 0, 3, 14.24
1747831631, 0, 342, 1260, 1258, 27, 7.49%, 0, 0, 3, 14.49
1747831641, 0, 343, 1260, 1258, 27, 7.49%, 0, 0, 3, 14.28
1747831651, 0, 344, 1260, 1258, 27, 7.49%, 0, 0, 3, 16.12
1747831657, 0, 345, 1260, 1258, 27, 7.49%, 0, 0, 3, 15.15
1747831667, 0, 346, 1260, 1258, 27, 7.49%, 0, 0, 3, 16.57
1747831672, 0, 347, 1260, 1258, 27, 7.49%, 0, 0, 3, 15.53
1747831682, 0, 348, 1260, 1258, 27, 7.49%, 0, 0, 3, 15.27
1747831693, 0, 350, 1260, 1258, 27, 7.49%, 0, 0, 3, 14.71
1747831698, 0, 351, 1260, 1258, 27, 7.49%, 0, 0, 3, 16.08
1747831703, 0, 351, 1261, 1259, 27, 7.49%, 0, 0, 3, 15.44
1747831718, 0, 352, 1261, 1259, 27, 7.49%, 0, 0, 3, 15.59
1747831728, 0, 354, 1261, 1259, 27, 7.49%, 0, 0, 3, 16.07
1747831733, 0, 355, 1261, 1259, 27, 7.49%, 0, 0, 3, 16.87
1747831744, 0, 356, 1261, 1259, 27, 7.49%, 0, 0, 3, 14.91
1747831749, 0, 356, 1262, 1260, 27, 7.49%, 0, 0, 3, 14.31
1747831759, 0, 357, 1262, 1260, 27, 7.49%, 0, 0, 3, 15.55
1747831769, 0, 359, 1262, 1260, 27, 7.49%, 0, 0, 3, 16.82
1747831775, 0, 360, 1262, 1260, 27, 7.49%, 0, 0, 3, 15.64
1747831785, 0, 361, 1262, 1260, 27, 7.49%, 0, 0, 3, 15.66
1747831790, 0, 362, 1262, 1260, 27, 7.49%, 0, 0, 3, 14.50
1747831800, 0, 363, 1262, 1260, 27, 7.49%, 0, 0, 3, 14.84
1747831811, 0, 367, 1262, 1260, 27, 7.49%, 0, 0, 3, 15.38
1747831816, 0, 368, 1262, 1260, 27, 7.49%, 0, 0, 3, 16.53
1747831826, 0, 369, 1262, 1260, 27, 7.49%, 0, 0, 3, 16.88
1747831831, 0, 370, 1262, 1260, 27, 7.49%, 0, 0, 3, 16.48
1747831841, 0, 371, 1262, 1260, 27, 7.49%, 0, 0, 3, 15.00
1747831851, 0, 374, 1263, 1261, 27, 7.49%, 0, 0, 3, 14.44
1747831867, 0, 375, 1263, 1261, 27, 7.49%, 0, 0, 3, 15.89
1747831877, 0, 376, 1263, 1261, 27, 7.49%, 0, 0, 3, 16.35
1747831882, 0, 377, 1263, 1261, 27, 7.49%, 0, 0, 3, 17.85
1747831893, 0, 378, 1263, 1261, 27, 7.49%, 0, 0, 3, 16.97
1747831898, 0, 379, 1263, 1261, 27, 7.49%, 0, 0, 3, 14.95
1747831908, 0, 381, 1263, 1261, 27, 7.49%, 0, 0, 3, 14.87
1747831918, 0, 382, 1263, 1261, 27, 7.49%, 0, 0, 3, 16.06
1747831923, 0, 384, 1263, 1261, 27, 7.49%, 0, 0, 3, 21.72
1747832881, 0, 386, 1263, 1260, 26, 7.49%, 0, 0, 3, 15.00
1747832892, 0, 388, 1263, 1260, 26, 7.49%, 0, 0, 3, 10.24
1747832907, 0, 390, 1263, 1260, 26, 7.49%, 0, 0, 3, 9.19
1747832923, 0, 390, 1264, 1261, 26, 7.49%, 0, 0, 3, 9.35
1747832938, 0, 392, 1264, 1261, 26, 7.49%, 0, 0, 3, 9.47
1747832954, 0, 393, 1264, 1261, 26, 7.49%, 0, 0, 3, 9.91
1747832964, 0, 394, 1264, 1261, 26, 7.49%, 0, 0, 3, 9.48
1747832979, 0, 395, 1264, 1261, 26, 7.49%, 0, 0, 3, 15.47
1747833928, 0, 396, 1264, 1260, 25, 7.49%, 0, 0, 3, 20.17
1747833939, 0, 397, 1264, 1260, 25, 7.49%, 0, 0, 3, 12.12
1747833954, 0, 398, 1264, 1260, 25, 7.49%, 0, 0, 3, 10.19
1747833969, 0, 399, 1264, 1260, 25, 7.49%, 0, 0, 3, 9.16
1747833985, 0, 400, 1264, 1260, 25, 7.49%, 0, 0, 3, 9.32
1747833995, 0, 401, 1265, 1261, 25, 7.49%, 0, 0, 3, 8.80
1747834026, 0, 402, 1265, 1261, 25, 7.49%, 0, 0, 3, 9.69
1747834036, 0, 403, 1265, 1261, 25, 7.49%, 0, 0, 3, 9.01
1747834052, 0, 404, 1265, 1261, 25, 7.49%, 0, 0, 3, 9.68
1747834067, 0, 405, 1265, 1261, 25, 7.49%, 0, 0, 3, 8.95
1747834072, 0, 405, 1266, 1262, 25, 7.49%, 0, 0, 3, 9.49
1747834093, 0, 406, 1266, 1262, 25, 7.49%, 0, 0, 3, 9.24
1747834108, 0, 408, 1266, 1262, 25, 7.49%, 0, 0, 3, 9.88
1747834119, 0, 410, 1266, 1262, 25, 7.49%, 0, 0, 3, 8.89
1747834134, 0, 411, 1266, 1262, 25, 7.49%, 0, 0, 3, 8.63
1747834144, 0, 411, 1267, 1263, 25, 7.49%, 0, 0, 3, 8.91
1747834165, 0, 412, 1267, 1263, 25, 7.49%, 0, 0, 3, 9.81
1747834180, 0, 413, 1268, 1264, 25, 7.49%, 0, 0, 3, 8.62
1747834201, 0, 413, 1269, 1265, 25, 7.49%, 0, 0, 3, 8.52
1747834241, 0, 414, 1269, 1265, 25, 7.49%, 0, 0, 3, 8.93
1747834252, 0, 415, 1269, 1265, 25, 7.49%, 0, 0, 3, 9.14
1747834267, 0, 416, 1269, 1265, 25, 7.49%, 0, 0, 3, 9.55
1747834283, 0, 417, 1269, 1265, 25, 7.49%, 0, 0, 3, 10.08
1747834293, 0, 418, 1269, 1265, 25, 7.49%, 0, 0, 3, 9.04
1747834303, 0, 420, 1269, 1265, 25, 7.49%, 0, 0, 3, 12.15
1747834319, 0, 421, 1269, 1265, 25, 7.49%, 0, 0, 3, 9.29
1747834334, 0, 422, 1269, 1265, 25, 7.49%, 0, 0, 3, 9.19
1747834345, 0, 423, 1269, 1265, 25, 7.49%, 0, 0, 3, 9.14
1747834360, 0, 424, 1269, 1265, 25, 7.49%, 0, 0, 3, 10.42
1747834370, 0, 425, 1269, 1265, 25, 7.49%, 0, 0, 3, 11.29
1747834386, 0, 427, 1269, 1265, 25, 7.49%, 0, 0, 3, 9.89
1747834396, 0, 428, 1269, 1265, 25, 7.49%, 0, 0, 3, 9.22
1747834401, 0, 428, 1270, 1266, 25, 7.49%, 0, 0, 3, 8.51
1747834411, 0, 428, 1271, 1267, 25, 7.49%, 0, 0, 3, 9.53
1747834457, 0, 429, 1271, 1267, 25, 7.49%, 0, 0, 3, 9.73
1747834473, 0, 430, 1271, 1267, 25, 7.49%, 0, 0, 3, 10.16
1747834483, 0, 431, 1271, 1267, 25, 7.49%, 0, 0, 3, 9.43
1747834498, 0, 432, 1271, 1267, 25, 7.49%, 0, 0, 3, 9.26
1747834509, 0, 433, 1271, 1267, 25, 7.49%, 0, 0, 3, 9.67
1747834514, 0, 433, 1272, 1268, 25, 7.49%, 0, 0, 3, 8.94
1747834539, 0, 434, 1272, 1268, 25, 7.49%, 0, 0, 3, 9.41
1747834549, 0, 435, 1272, 1268, 25, 7.49%, 0, 0, 3, 9.27
1747834565, 0, 436, 1272, 1268, 25, 7.49%, 0, 0, 3, 8.88
1747834580, 0, 437, 1272, 1268, 25, 7.49%, 0, 0, 3, 10.15
1747834591, 0, 438, 1272, 1268, 25, 7.49%, 0, 0, 3, 9.75
1747834606, 0, 439, 1272, 1268, 25, 7.49%, 0, 0, 3, 8.55
1747834622, 0, 440, 1272, 1268, 25, 7.49%, 0, 0, 3, 9.78
1747834632, 0, 443, 1272, 1268, 25, 7.49%, 0, 0, 3, 9.74
1747834647, 0, 444, 1272, 1268, 25, 7.49%, 0, 0, 3, 13.43
1747834652, 0, 445, 1272, 1268, 25, 7.49%, 0, 0, 3, 16.22
1747834662, 0, 446, 1272, 1268, 25, 7.49%, 0, 0, 3, 15.10
1747834673, 0, 446, 1273, 1269, 25, 7.49%, 0, 0, 3, 13.95
1747834683, 0, 447, 1273, 1269, 25, 7.49%, 0, 0, 3, 15.38
1747834688, 0, 447, 1274, 1270, 25, 7.49%, 0, 0, 3, 13.82
1747834698, 0, 448, 1274, 1270, 25, 7.49%, 0, 0, 3, 15.14
1747834708, 0, 450, 1274, 1270, 25, 7.49%, 0, 0, 3, 14.84
1747834714, 0, 452, 1274, 1270, 25, 7.49%, 0, 0, 3, 15.02
1747834724, 0, 455, 1274, 1270, 25, 7.49%, 0, 0, 3, 16.00
1747834729, 0, 455, 1275, 1271, 25, 7.49%, 0, 0, 3, 14.38
1747834739, 0, 456, 1275, 1271, 25, 7.49%, 0, 0, 3, 15.22
1747834750, 0, 457, 1275, 1271, 25, 7.49%, 0, 0, 3, 14.62
1747834760, 0, 458, 1275, 1271, 25, 7.49%, 0, 0, 3, 16.19
1747834765, 0, 459, 1275, 1271, 25, 7.49%, 0, 0, 3, 16.40
1747834775, 0, 460, 1275, 1271, 25, 7.49%, 0, 0, 3, 16.88
1747834780, 0, 460, 1276, 1272, 25, 7.49%, 0, 0, 3, 14.60
1747834791, 0, 460, 1278, 1274, 25, 7.49%, 0, 0, 3, 13.60
1747834816, 0, 460, 1279, 1275, 25, 7.49%, 0, 0, 3, 14.65
1747834873, 0, 460, 1280, 1276, 25, 7.49%, 0, 0, 3, 13.27
1747834929, 0, 460, 1281, 1277, 25, 7.49%, 0, 0, 3, 14.69
1747834939, 0, 460, 1282, 1278, 25, 7.49%, 0, 0, 3, 14.23
1747834949, 0, 460, 1283, 1279, 25, 7.49%, 0, 0, 3, 14.22
1747834969, 0, 460, 1284, 1280, 25, 7.49%, 0, 0, 3, 13.83
1747835031, 0, 460, 1285, 1281, 25, 7.49%, 0, 0, 3, 14.46
1747835051, 0, 460, 1287, 1283, 25, 7.49%, 0, 0, 3, 13.16
1747835066, 0, 462, 1287, 1283, 25, 7.49%, 0, 0, 3, 14.85
1747835072, 0, 463, 1287, 1283, 25, 7.49%, 0, 0, 3, 15.08
1747835082, 0, 464, 1287, 1283, 25, 7.49%, 0, 0, 3, 15.77
1747835087, 0, 466, 1287, 1283, 25, 7.49%, 0, 0, 3, 16.52
1747835097, 0, 467, 1287, 1283, 25, 7.49%, 0, 0, 3, 14.89
1747835107, 0, 468, 1287, 1283, 25, 7.49%, 0, 0, 3, 14.20
1747835117, 0, 469, 1287, 1283, 25, 7.49%, 0, 0, 3, 16.81
1747835122, 0, 470, 1287, 1283, 25, 7.49%, 0, 0, 3, 16.63
1747835132, 0, 471, 1287, 1283, 25, 7.49%, 0, 0, 3, 17.17
1747835137, 0, 472, 1287, 1283, 25, 7.49%, 0, 0, 3, 15.09
1747835148, 0, 477, 1287, 1283, 25, 7.49%, 0, 0, 3, 14.61
1747835153, 0, 478, 1287, 1283, 25, 7.49%, 0, 0, 3, 16.29
1747835158, 0, 478, 1288, 1284, 25, 7.49%, 0, 0, 3, 14.09
1747835173, 0, 479, 1289, 1285, 25, 7.49%, 0, 0, 3, 15.22
1747835179, 0, 479, 1290, 1286, 25, 7.49%, 0, 0, 3, 13.99
1747835184, 0, 479, 1291, 1287, 25, 7.49%, 0, 0, 3, 13.76
1747835199, 0, 479, 1292, 1288, 25, 7.49%, 0, 0, 3, 12.49
1747835229, 0, 479, 1293, 1289, 25, 7.49%, 0, 0, 3, 13.09
1747835255, 0, 479, 1294, 1290, 25, 7.49%, 0, 0, 3, 14.08
1747835291, 0, 479, 1295, 1291, 25, 7.49%, 0, 0, 3, 12.81
1747835332, 0, 479, 1296, 1292, 25, 7.49%, 0, 0, 3, 13.13
1747835475, 0, 480, 1296, 1292, 25, 7.49%, 0, 0, 3, 13.47
1747835486, 0, 481, 1296, 1292, 25, 7.49%, 0, 0, 3, 15.87
1747835491, 0, 482, 1296, 1292, 25, 7.49%, 0, 0, 3, 15.78
1747835501, 0, 486, 1296, 1292, 25, 7.49%, 0, 0, 3, 14.29
1747835511, 0, 487, 1296, 1292, 25, 7.49%, 0, 0, 3, 15.15
1747835516, 0, 488, 1296, 1292, 25, 7.49%, 0, 0, 3, 15.08
1747835526, 0, 489, 1296, 1292, 25, 7.49%, 0, 0, 3, 14.74
1747835537, 0, 490, 1296, 1292, 25, 7.49%, 0, 0, 3, 16.12
1747835542, 0, 491, 1296, 1292, 25, 7.49%, 0, 0, 3, 15.91
1747835552, 0, 492, 1296, 1292, 25, 7.49%, 0, 0, 3, 13.64
1747835557, 0, 492, 1297, 1293, 25, 7.49%, 0, 0, 3, 13.51
1747835572, 0, 493, 1297, 1293, 25, 7.49%, 0, 0, 3, 13.94
1747835583, 0, 494, 1297, 1293, 25, 7.49%, 0, 0, 3, 17.05
1747835588, 0, 495, 1297, 1293, 25, 7.49%, 0, 0, 3, 16.55
1747835598, 0, 496, 1298, 1294, 25, 7.49%, 0, 0, 3, 13.02
1747835603, 0, 496, 1299, 1295, 25, 7.49%, 0, 0, 3, 12.51
1747835614, 0, 496, 1300, 1296, 25, 7.49%, 0, 0, 3, 11.82
1747835634, 0, 496, 1301, 1297, 25, 7.49%, 0, 0, 3, 12.74
1747835650, 0, 496, 1302, 1298, 25, 7.49%, 0, 0, 3, 12.49
1747835665, 0, 496, 1304, 1300, 25, 7.49%, 0, 0, 3, 11.97
1747835768, 0, 496, 1305, 1301, 25, 7.49%, 0, 0, 3, 12.47
1747835881, 0, 496, 1306, 1302, 25, 7.49%, 0, 0, 3, 12.52
1747835927, 0, 497, 1306, 1302, 25, 7.49%, 0, 0, 3, 14.09
1747835937, 0, 498, 1306, 1302, 25, 7.49%, 0, 0, 3, 14.66
1747835947, 0, 499, 1306, 1302, 25, 7.49%, 0, 0, 3, 12.55
1747835958, 0, 500, 1306, 1302, 25, 7.49%, 0, 0, 3, 15.78
1747835963, 0, 501, 1306, 1302, 25, 7.49%, 0, 0, 3, 15.27
1747835973, 0, 502, 1306, 1302, 25, 7.49%, 0, 0, 3, 13.93
1747835984, 0, 505, 1306, 1302, 25, 7.49%, 0, 0, 3, 12.30
1747835994, 0, 506, 1306, 1302, 25, 7.49%, 0, 0, 3, 12.42
1747836004, 0, 508, 1306, 1302, 25, 7.49%, 0, 0, 3, 12.49
1747836015, 0, 509, 1306, 1302, 25, 7.49%, 0, 0, 3, 14.25
1747836020, 0, 511, 1306, 1302, 25, 7.49%, 0, 0, 3, 16.54
1747836030, 0, 512, 1306, 1302, 25, 7.49%, 0, 0, 3, 14.20
1747836040, 0, 513, 1306, 1302, 25, 7.49%, 0, 0, 3, 14.47
1747836045, 0, 514, 1306, 1302, 25, 7.49%, 0, 0, 3, 15.10
1747836056, 0, 515, 1306, 1302, 25, 7.49%, 0, 0, 3, 13.13
1747836066, 0, 515, 1307, 1303, 25, 7.49%, 0, 0, 3, 11.85
1747836076, 0, 517, 1307, 1303, 25, 7.49%, 0, 0, 3, 13.27
1747836091, 0, 518, 1307, 1303, 25, 7.49%, 0, 0, 3, 15.70
1747836096, 0, 519, 1307, 1303, 25, 7.49%, 0, 0, 3, 16.24
1747836107, 0, 521, 1307, 1303, 25, 7.49%, 0, 0, 3, 11.07
1747836117, 0, 522, 1307, 1303, 25, 7.49%, 0, 0, 3, 9.58
1747836137, 0, 523, 1307, 1303, 25, 7.49%, 0, 0, 3, 8.81
1747836153, 0, 524, 1307, 1303, 25, 7.49%, 0, 0, 3, 8.64
1747836163, 0, 525, 1307, 1303, 25, 7.49%, 0, 0, 3, 9.04
1747836183, 0, 526, 1307, 1303, 25, 7.49%, 0, 0, 3, 8.84
1747836198, 0, 527, 1307, 1303, 25, 7.49%, 0, 0, 3, 8.13
1747836209, 0, 527, 1308, 1304, 25, 7.49%, 0, 0, 3, 7.88
1747836229, 0, 528, 1308, 1304, 25, 7.49%, 0, 0, 3, 7.73
1747836245, 0, 529, 1308, 1304, 25, 7.49%, 0, 0, 3, 8.78
1747836260, 0, 530, 1308, 1304, 25, 7.49%, 0, 0, 3, 7.78
1747836276, 0, 533, 1308, 1304, 25, 7.49%, 0, 0, 3, 9.63
1747836291, 0, 534, 1308, 1304, 25, 7.49%, 0, 0, 3, 8.82
1747836307, 0, 535, 1308, 1304, 25, 7.49%, 0, 0, 3, 9.31
1747836317, 0, 537, 1308, 1304, 25, 7.49%, 0, 0, 3, 9.74
1747836332, 0, 538, 1308, 1304, 25, 7.49%, 0, 0, 3, 10.16
1747836342, 0, 539, 1308, 1304, 25, 7.49%, 0, 0, 3, 9.77
1747836363, 0, 541, 1308, 1304, 25, 7.49%, 0, 0, 3, 9.05
1747836373, 0, 542, 1308, 1304, 25, 7.49%, 0, 0, 3, 13.89
1747837857, 0, 543, 1308, 1303, 25, 7.49%, 0, 0, 3, 13.85
1747837872, 0, 544, 1308, 1303, 25, 7.49%, 0, 0, 3, 8.86
1747837883, 0, 545, 1308, 1303, 25, 7.49%, 0, 0, 3, 9.54
1747837898, 0, 547, 1308, 1303, 25, 7.49%, 0, 0, 3, 10.02
1747837913, 0, 548, 1308, 1303, 25, 7.49%, 0, 0, 3, 8.54
1747837929, 0, 549, 1308, 1303, 25, 7.49%, 0, 0, 3, 7.66
1747837944, 0, 551, 1308, 1303, 25, 7.49%, 0, 0, 3, 7.27
1747837960, 0, 554, 1308, 1303, 25, 7.49%, 0, 0, 3, 7.84
1747837965, 0, 554, 1309, 1304, 25, 7.49%, 0, 0, 3, 7.14
1747837996, 0, 555, 1309, 1304, 25, 7.49%, 0, 0, 3, 8.78
1747838011, 0, 556, 1309, 1304, 25, 7.49%, 0, 0, 3, 10.65
1747838021, 0, 557, 1309, 1304, 25, 7.49%, 0, 0, 3, 10.31
1747838037, 0, 558, 1309, 1304, 25, 7.49%, 0, 0, 3, 9.43
1747838047, 0, 559, 1309, 1304, 25, 7.49%, 0, 0, 3, 9.29
1747838063, 0, 559, 1310, 1305, 25, 7.49%, 0, 0, 3, 8.06
1747838083, 0, 560, 1310, 1305, 25, 7.49%, 0, 0, 3, 8.82
1747838099, 0, 561, 1310, 1305, 25, 7.49%, 0, 0, 3, 8.73
1747838104, 0, 561, 1311, 1306, 25, 7.49%, 0, 0, 3, 7.91
1747838129, 0, 562, 1311, 1306, 25, 7.49%, 0, 0, 3, 8.18
1747838145, 0, 563, 1311, 1306, 25, 7.49%, 0, 0, 3, 9.09
1747838160, 0, 566, 1312, 1307, 25, 7.49%, 0, 0, 3, 7.67
1747838196, 0, 567, 1312, 1307, 25, 7.49%, 0, 0, 3, 7.52
1747838212, 0, 569, 1312, 1307, 25, 7.49%, 0, 0, 3, 7.70
1747838233, 0, 572, 1312, 1307, 25, 7.49%, 0, 0, 3, 7.82
1747838248, 0, 574, 1312, 1307, 25, 7.49%, 0, 0, 3, 8.54
1747838258, 0, 576, 1312, 1307, 25, 7.49%, 0, 0, 3, 9.12
1747838279, 0, 577, 1312, 1307, 25, 7.49%, 0, 0, 3, 8.77
1747838289, 0, 578, 1312, 1307, 25, 7.49%, 0, 0, 3, 10.12
1747838304, 0, 580, 1312, 1307, 25, 7.49%, 0, 0, 3, 9.11
1747838320, 0, 581, 1312, 1307, 25, 7.49%, 0, 0, 3, 8.06
1747838335, 0, 583, 1312, 1307, 25, 7.49%, 0, 0, 3, 7.67
1747838350, 0, 584, 1312, 1307, 25, 7.49%, 0, 0, 3, 7.21
1747838366, 0, 586, 1312, 1307, 25, 7.49%, 0, 0, 3, 9.50
1747838381, 0, 587, 1312, 1307, 25, 7.49%, 0, 0, 3, 8.44
1747838396, 0, 588, 1312, 1307, 25, 7.49%, 0, 0, 3, 9.10
1747838412, 0, 589, 1312, 1307, 25, 7.49%, 0, 0, 3, 8.17
1747838427, 0, 590, 1312, 1307, 25, 7.49%, 0, 0, 3, 7.46
1747838443, 0, 591, 1312, 1307, 25, 7.49%, 0, 0, 3, 8.23
1747838458, 0, 593, 1312, 1307, 25, 7.49%, 0, 0, 3, 8.53
1747838473, 0, 595, 1312, 1307, 25, 7.49%, 0, 0, 3, 7.98
1747838489, 0, 596, 1312, 1307, 25, 7.49%, 0, 0, 3, 10.04
1747838499, 0, 597, 1312, 1307, 25, 7.49%, 0, 0, 3, 9.59
1747838514, 0, 598, 1312, 1307, 25, 7.49%, 0, 0, 3, 8.46
1747838530, 0, 599, 1312, 1307, 25, 7.49%, 0, 0, 3, 7.79
1747838546, 0, 600, 1312, 1307, 25, 7.49%, 0, 0, 3, 9.04
1747838561, 0, 602, 1312, 1307, 25, 7.49%, 0, 0, 3, 8.80
1747838576, 0, 604, 1312, 1307, 25, 7.49%, 0, 0, 3, 8.53
1747838592, 0, 605, 1312, 1307, 25, 7.49%, 0, 0, 3, 7.63
1747838607, 0, 606, 1312, 1307, 25, 7.49%, 0, 0, 3, 7.98
1747838622, 0, 608, 1312, 1307, 25, 7.49%, 0, 0, 3, 9.39
1747838637, 0, 609, 1312, 1307, 25, 7.49%, 0, 0, 3, 8.84
1747838653, 0, 610, 1312, 1307, 25, 7.49%, 0, 0, 3, 7.76
1747838669, 0, 611, 1312, 1307, 25, 7.49%, 0, 0, 3, 7.18
1747838690, 0, 612, 1312, 1307, 25, 7.49%, 0, 0, 3, 9.21
1747838700, 0, 613, 1312, 1307, 25, 7.49%, 0, 0, 3, 10.28
1747838715, 0, 614, 1312, 1307, 25, 7.49%, 0, 0, 3, 9.98
1747838726, 0, 615, 1312, 1307, 25, 7.49%, 0, 0, 3, 9.41
1747838746, 0, 617, 1312, 1307, 25, 7.49%, 0, 0, 3, 9.70
1747838756, 0, 619, 1312, 1307, 25, 7.49%, 0, 0, 3, 9.42
1747838772, 0, 620, 1312, 1307, 25, 7.49%, 0, 0, 3, 9.01
1747838787, 0, 621, 1312, 1307, 25, 7.49%, 0, 0, 3, 9.57
1747838797, 0, 622, 1312, 1307, 25, 7.49%, 0, 0, 3, 9.18
1747838813, 0, 623, 1312, 1307, 25, 7.49%, 0, 0, 3, 9.08
1747838828, 0, 624, 1312, 1307, 25, 7.49%, 0, 0, 3, 9.52
1747838843, 0, 625, 1312, 1307, 25, 7.49%, 0, 0, 3, 8.83
1747838854, 0, 626, 1312, 1307, 25, 7.49%, 0, 0, 3, 8.89
1747838869, 0, 628, 1312, 1307, 25, 7.49%, 0, 0, 3, 8.33
1747838884, 0, 629, 1312, 1307, 25, 7.49%, 0, 0, 3, 9.18
1747838900, 0, 632, 1312, 1307, 25, 7.49%, 0, 0, 3, 10.22
1747838910, 0, 633, 1312, 1307, 25, 7.49%, 0, 0, 3, 8.95
1747838931, 0, 634, 1312, 1307, 25, 7.49%, 0, 0, 3, 9.36
1747838941, 0, 635, 1312, 1307, 25, 7.49%, 0, 0, 3, 9.61
1747838957, 0, 636, 1312, 1307, 25, 7.49%, 0, 0, 3, 8.10
1747838977, 0, 638, 1312, 1307, 25, 7.49%, 0, 0, 3, 9.36
1747838988, 0, 639, 1312, 1307, 25, 7.49%, 0, 0, 3, 9.77
1747839003, 0, 640, 1312, 1307, 25, 7.49%, 0, 0, 3, 8.73
1747839018, 0, 641, 1312, 1307, 25, 7.49%, 0, 0, 3, 8.04
1747839034, 0, 642, 1312, 1307, 25, 7.49%, 0, 0, 3, 8.39
1747839049, 0, 643, 1312, 1307, 25, 7.49%, 0, 0, 3, 10.21
1747839060, 0, 644, 1312, 1307, 25, 7.49%, 0, 0, 3, 9.77
1747839080, 0, 645, 1312, 1307, 25, 7.49%, 0, 0, 3, 8.00
1747839096, 0, 646, 1312, 1307, 25, 7.49%, 0, 0, 3, 9.27
1747839106, 0, 647, 1312, 1307, 25, 7.49%, 0, 0, 3, 9.89
1747839122, 0, 648, 1312, 1307, 25, 7.49%, 0, 0, 3, 9.01
1747839137, 0, 649, 1312, 1307, 25, 7.49%, 0, 0, 3, 9.24
1747839142, 0, 649, 1313, 1308, 25, 7.49%, 0, 0, 3, 7.20
1747839173, 0, 651, 1313, 1308, 25, 7.49%, 0, 0, 3, 7.69
1747839193, 0, 652, 1313, 1308, 25, 7.49%, 0, 0, 3, 8.25
1747839204, 0, 653, 1313, 1308, 25, 7.49%, 0, 0, 3, 9.19
1747839219, 0, 654, 1313, 1308, 25, 7.49%, 0, 0, 3, 9.63
1747839234, 0, 656, 1313, 1308, 25, 7.49%, 0, 0, 3, 9.11
1747839250, 0, 657, 1313, 1308, 25, 7.49%, 0, 0, 3, 8.48
1747839265, 0, 658, 1313, 1308, 25, 7.49%, 0, 0, 3, 7.59
1747839281, 0, 659, 1313, 1308, 25, 7.49%, 0, 0, 3, 7.86
1747839301, 0, 660, 1313, 1308, 25, 7.49%, 0, 0, 3, 7.52
1747839316, 0, 661, 1313, 1308, 25, 7.49%, 0, 0, 3, 8.09
1747839332, 0, 662, 1313, 1308, 25, 7.49%, 0, 0, 3, 7.91
1747839347, 0, 663, 1313, 1308, 25, 7.49%, 0, 0, 3, 7.73
1747839362, 0, 664, 1313, 1308, 25, 7.49%, 0, 0, 3, 8.01
1747839383, 0, 665, 1313, 1308, 25, 7.49%, 0, 0, 3, 8.80
1747839393, 0, 666, 1313, 1308, 25, 7.49%, 0, 0, 3, 8.74
1747839408, 0, 667, 1314, 1309, 25, 7.50%, 0, 0, 3, 8.59
1747839444, 0, 669, 1314, 1309, 25, 7.50%, 0, 0, 3, 8.24
1747839459, 0, 670, 1314, 1309, 25, 7.50%, 0, 0, 3, 8.38
1747839475, 0, 671, 1314, 1309, 25, 7.50%, 0, 0, 3, 9.44
1747839485, 0, 672, 1314, 1309, 25, 7.50%, 0, 0, 3, 11.26
1747839500, 0, 672, 1315, 1310, 25, 7.50%, 0, 0, 3, 7.26
1747839521, 0, 673, 1315, 1310, 25, 7.50%, 0, 0, 3, 7.68
1747839542, 0, 674, 1315, 1310, 25, 7.50%, 0, 0, 3, 7.23
1747839557, 0, 675, 1315, 1310, 25, 7.50%, 0, 0, 3, 8.45
1747839573, 0, 676, 1315, 1310, 25, 7.50%, 0, 0, 3, 8.82
1747839588, 0, 677, 1315, 1310, 25, 7.50%, 0, 0, 3, 8.30
1747839603, 0, 679, 1315, 1310, 25, 7.50%, 0, 0, 3, 8.48
1747839619, 0, 680, 1315, 1310, 25, 7.50%, 0, 0, 3, 8.98
1747839635, 0, 681, 1315, 1310, 25, 7.50%, 0, 0, 3, 8.80
1747839650, 0, 682, 1315, 1310, 25, 7.50%, 0, 0, 3, 7.71
1747839665, 0, 683, 1315, 1310, 25, 7.50%, 0, 0, 3, 8.26
1747839681, 0, 684, 1315, 1310, 25, 7.50%, 0, 0, 3, 9.06
1747839696, 0, 685, 1315, 1310, 25, 7.50%, 0, 0, 3, 8.02
1747839711, 0, 686, 1315, 1310, 25, 7.50%, 0, 0, 3, 10.03
1747839721, 0, 690, 1315, 1310, 25, 7.50%, 0, 0, 3, 9.95
1747839737, 0, 691, 1315, 1310, 25, 7.50%, 0, 0, 3, 8.05
1747839752, 0, 692, 1315, 1310, 25, 7.50%, 0, 0, 3, 8.05
1747839768, 0, 693, 1315, 1310, 25, 7.50%, 0, 0, 3, 8.71
1747839783, 0, 696, 1315, 1310, 25, 7.50%, 0, 0, 3, 9.61
1747839794, 0, 697, 1315, 1310, 25, 7.50%, 0, 0, 3, 9.07
1747839814, 0, 698, 1315, 1310, 25, 7.50%, 0, 0, 3, 7.37
1747839830, 0, 699, 1315, 1310, 25, 7.50%, 0, 0, 3, 7.78
1747839845, 0, 700, 1315, 1310, 25, 7.50%, 0, 0, 3, 9.02
1747839861, 0, 702, 1316, 1311, 25, 7.50%, 0, 0, 3, 8.05
1747839892, 0, 703, 1316, 1311, 25, 7.50%, 0, 0, 3, 8.53
1747839907, 0, 704, 1316, 1311, 25, 7.50%, 0, 0, 3, 8.48
1747839923, 0, 705, 1316, 1311, 25, 7.50%, 0, 0, 3, 8.17
1747839938, 0, 706, 1316, 1311, 25, 7.50%, 0, 0, 3, 8.48
1747839953, 0, 707, 1316, 1311, 25, 7.50%, 0, 0, 3, 7.56
1747839963, 0, 707, 1317, 1312, 25, 7.50%, 0, 0, 3, 7.36
1747839989, 0, 709, 1317, 1312, 25, 7.50%, 0, 0, 3, 8.54
1747840005, 0, 710, 1317, 1312, 25, 7.50%, 0, 0, 3, 9.09
1747840020, 0, 711, 1317, 1312, 25, 7.50%, 0, 0, 3, 9.06
1747840031, 0, 713, 1317, 1312, 25, 7.50%, 0, 0, 3, 8.35
1747840051, 0, 714, 1317, 1312, 25, 7.50%, 0, 0, 3, 8.41
1747840061, 0, 715, 1317, 1312, 25, 7.50%, 0, 0, 3, 8.62
1747840077, 0, 716, 1317, 1312, 25, 7.50%, 0, 0, 3, 9.35
1747840093, 0, 717, 1317, 1312, 25, 7.50%, 0, 0, 3, 9.15
1747840103, 0, 718, 1317, 1312, 25, 7.50%, 0, 0, 3, 9.81
1747840119, 0, 721, 1317, 1312, 25, 7.50%, 0, 0, 3, 9.25
1747840129, 0, 724, 1317, 1312, 25, 7.50%, 0, 0, 3, 9.71
1747840144, 0, 725, 1317, 1312, 25, 7.50%, 0, 0, 3, 9.84
1747840159, 0, 726, 1317, 1312, 25, 7.50%, 0, 0, 3, 8.87
1747840175, 0, 727, 1317, 1312, 25, 7.50%, 0, 0, 3, 9.85
1747840185, 0, 727, 1318, 1313, 25, 7.51%, 0, 0, 3, 9.70
1747840200, 0, 728, 1318, 1313, 25, 7.51%, 0, 0, 3, 10.35
1747840211, 0, 729, 1318, 1313, 25, 7.51%, 0, 0, 3, 9.54
1747840231, 0, 730, 1318, 1313, 25, 7.51%, 0, 0, 3, 8.43
1747840247, 0, 731, 1318, 1313, 25, 7.51%, 0, 0, 3, 9.49
1747840262, 0, 732, 1319, 1314, 25, 7.51%, 0, 0, 3, 7.63
1747840298, 0, 733, 1319, 1314, 25, 7.51%, 0, 0, 3, 7.84
1747840313, 0, 734, 1319, 1314, 25, 7.51%, 0, 0, 3, 8.26
1747840329, 0, 737, 1319, 1314, 25, 7.51%, 0, 0, 3, 8.79
1747840339, 0, 739, 1319, 1314, 25, 7.51%, 0, 0, 3, 9.36
1747840354, 0, 740, 1319, 1314, 25, 7.51%, 0, 0, 3, 9.80
1747840370, 0, 741, 1319, 1314, 25, 7.51%, 0, 0, 3, 9.21
1747840385, 0, 743, 1319, 1314, 25, 7.51%, 0, 0, 3, 9.47
1747840395, 0, 744, 1319, 1314, 25, 7.51%, 0, 0, 3, 9.25
1747840411, 0, 745, 1319, 1314, 25, 7.51%, 0, 0, 3, 10.23
1747840421, 0, 746, 1319, 1314, 25, 7.51%, 0, 0, 3, 9.10
1747840436, 0, 747, 1319, 1314, 25, 7.51%, 0, 0, 3, 7.95
1747840457, 0, 748, 1319, 1314, 25, 7.51%, 0, 0, 3, 7.42
1747840472, 0, 749, 1319, 1314, 25, 7.51%, 0, 0, 3, 9.09
1747840488, 0, 751, 1319, 1314, 25, 7.51%, 0, 0, 3, 9.22
1747840503, 0, 752, 1319, 1314, 25, 7.51%, 0, 0, 3, 9.05
1747840513, 0, 753, 1319, 1314, 25, 7.51%, 0, 0, 3, 9.15
1747840534, 0, 754, 1319, 1314, 25, 7.51%, 0, 0, 3, 9.20
1747840544, 0, 755, 1319, 1314, 25, 7.51%, 0, 0, 3, 9.92
1747840560, 0, 756, 1319, 1314, 25, 7.51%, 0, 0, 3, 10.70
1747840570, 0, 757, 1319, 1314, 25, 7.51%, 0, 0, 3, 9.08
1747840585, 0, 758, 1319, 1314, 25, 7.51%, 0, 0, 3, 9.91
1747840596, 0, 759, 1319, 1314, 25, 7.51%, 0, 0, 3, 10.41
1747840611, 0, 760, 1319, 1314, 25, 7.51%, 0, 0, 3, 8.94
1747840627, 0, 761, 1319, 1314, 25, 7.51%, 0, 0, 3, 8.24
1747840642, 0, 762, 1319, 1314, 25, 7.51%, 0, 0, 3, 8.54
1747840657, 0, 763, 1319, 1314, 25, 7.51%, 0, 0, 3, 7.86
1747840673, 0, 765, 1319, 1314, 25, 7.51%, 0, 0, 3, 8.46
1747840688, 0, 766, 1319, 1314, 25, 7.51%, 0, 0, 3, 7.79
1747840708, 0, 767, 1319, 1314, 25, 7.51%, 0, 0, 3, 7.59
1747840724, 0, 768, 1319, 1314, 25, 7.51%, 0, 0, 3, 8.60
1747840739, 0, 769, 1319, 1314, 25, 7.51%, 0, 0, 3, 8.71
1747840755, 0, 770, 1319, 1314, 25, 7.51%, 0, 0, 3, 7.90
1747840770, 0, 771, 1319, 1314, 25, 7.51%, 0, 0, 3, 9.25
1747840785, 0, 772, 1319, 1314, 25, 7.51%, 0, 0, 3, 9.71
1747840795, 0, 773, 1319, 1314, 25, 7.51%, 0, 0, 3, 9.66
1747840811, 0, 774, 1319, 1314, 25, 7.51%, 0, 0, 3, 8.32
1747840826, 0, 775, 1319, 1314, 25, 7.51%, 0, 0, 3, 9.10
1747840842, 0, 776, 1319, 1314, 25, 7.51%, 0, 0, 3, 9.42
1747840852, 0, 777, 1319, 1314, 25, 7.51%, 0, 0, 3, 8.40
1747840872, 0, 778, 1319, 1314, 25, 7.51%, 0, 0, 3, 8.86
1747840883, 0, 779, 1319, 1314, 25, 7.51%, 0, 0, 3, 9.46
1747840898, 0, 780, 1319, 1314, 25, 7.51%, 0, 0, 3, 8.14
1747840914, 0, 781, 1319, 1314, 25, 7.51%, 0, 0, 3, 9.21
1747840929, 0, 782, 1319, 1314, 25, 7.51%, 0, 0, 3, 8.36
1747840945, 0, 783, 1319, 1314, 25, 7.51%, 0, 0, 3, 8.10
1747840960, 0, 784, 1319, 1314, 25, 7.51%, 0, 0, 3, 9.55
1747840970, 0, 785, 1319, 1314, 25, 7.51%, 0, 0, 3, 9.45
1747840986, 0, 786, 1319, 1314, 25, 7.51%, 0, 0, 3, 8.68
1747841001, 0, 787, 1319, 1314, 25, 7.51%, 0, 0, 3, 8.50
1747841017, 0, 788, 1319, 1314, 25, 7.51%, 0, 0, 3, 7.94
1747841032, 0, 789, 1319, 1314, 25, 7.51%, 0, 0, 3, 8.73
1747841048, 0, 790, 1319, 1314, 25, 7.51%, 0, 0, 3, 7.83
1747841059, 0, 790, 1320, 1315, 25, 7.51%, 0, 0, 3, 7.32
1747841085, 0, 791, 1320, 1315, 25, 7.51%, 0, 0, 3, 7.93
1747841100, 0, 792, 1320, 1315, 25, 7.51%, 0, 0, 3, 8.05
1747841120, 0, 793, 1320, 1315, 25, 7.51%, 0, 0, 3, 8.85
1747841131, 0, 794, 1321, 1316, 25, 7.51%, 0, 0, 3, 8.98
1747841167, 0, 796, 1321, 1316, 25, 7.51%, 0, 0, 3, 8.94
1747841182, 0, 797, 1321, 1316, 25, 7.51%, 0, 0, 3, 10.28
1747841193, 0, 799, 1321, 1316, 25, 7.51%, 0, 0, 3, 9.87
1747841208, 0, 800, 1321, 1316, 25, 7.51%, 0, 0, 3, 9.45
1747841219, 0, 801, 1321, 1316, 25, 7.51%, 0, 0, 3, 9.25
1747841239, 0, 801, 1322, 1317, 25, 7.51%, 0, 0, 3, 8.19
1747841255, 0, 804, 1322, 1317, 25, 7.51%, 0, 0, 3, 7.66
1747841270, 0, 806, 1322, 1317, 25, 7.51%, 0, 0, 3, 7.97
1747841285, 0, 807, 1322, 1317, 25, 7.51%, 0, 0, 3, 9.31
1747841300, 0, 809, 1322, 1317, 25, 7.51%, 0, 0, 3, 10.10
1747841311, 0, 810, 1322, 1317, 25, 7.51%, 0, 0, 3, 9.21
1747841326, 0, 811, 1322, 1317, 25, 7.51%, 0, 0, 3, 8.32
1747841341, 0, 813, 1322, 1317, 25, 7.51%, 0, 0, 3, 8.69
1747841357, 0, 814, 1322, 1317, 25, 7.51%, 0, 0, 3, 8.72
1747841372, 0, 816, 1322, 1317, 25, 7.51%, 0, 0, 3, 7.59
1747841393, 0, 818, 1322, 1317, 25, 7.51%, 0, 0, 3, 7.28
1747841408, 0, 821, 1322, 1317, 25, 7.51%, 0, 0, 3, 7.34
1747841424, 0, 822, 1322, 1317, 25, 7.51%, 0, 0, 3, 8.00
1747841439, 0, 825, 1322, 1317, 25, 7.51%, 0, 0, 3, 9.12
1747841455, 0, 828, 1322, 1317, 25, 7.51%, 0, 0, 3, 9.20
1747841465, 0, 830, 1322, 1317, 25, 7.51%, 0, 0, 3, 9.64
1747841480, 0, 832, 1322, 1317, 25, 7.51%, 0, 0, 3, 9.11
1747841491, 0, 836, 1322, 1317, 25, 7.51%, 0, 0, 3, 9.83
1747841506, 0, 838, 1322, 1317, 25, 7.51%, 0, 0, 3, 10.27
1747841521, 0, 839, 1322, 1317, 25, 7.51%, 0, 0, 3, 8.37
1747841537, 0, 840, 1322, 1317, 25, 7.51%, 0, 0, 3, 7.92
1747841552, 0, 841, 1322, 1317, 25, 7.51%, 0, 0, 3, 8.35
1747841567, 0, 842, 1322, 1317, 25, 7.51%, 0, 0, 3, 9.59
1747841578, 0, 843, 1322, 1317, 25, 7.51%, 0, 0, 3, 9.40
1747841593, 0, 845, 1322, 1317, 25, 7.51%, 0, 0, 3, 8.40
1747841609, 0, 846, 1322, 1317, 25, 7.51%, 0, 0, 3, 8.67
1747841624, 0, 847, 1322, 1317, 25, 7.51%, 0, 0, 3, 8.69
1747841639, 0, 848, 1322, 1317, 25, 7.51%, 0, 0, 3, 7.84
1747841660, 0, 850, 1322, 1317, 25, 7.51%, 0, 0, 3, 8.91
1747841670, 0, 851, 1322, 1317, 25, 7.51%, 0, 0, 3, 9.35
1747841691, 0, 852, 1322, 1317, 25, 7.51%, 0, 0, 3, 8.35
1747841701, 0, 853, 1322, 1317, 25, 7.51%, 0, 0, 3, 9.42
1747841717, 0, 854, 1322, 1317, 25, 7.51%, 0, 0, 3, 8.96
1747841732, 0, 855, 1322, 1317, 25, 7.51%, 0, 0, 3, 7.63
1747841748, 0, 856, 1322, 1317, 25, 7.51%, 0, 0, 3, 8.07
1747841763, 0, 857, 1322, 1317, 25, 7.51%, 0, 0, 3, 10.13
1747841768, 0, 857, 1323, 1318, 25, 7.51%, 0, 0, 3, 9.44
1747841789, 0, 859, 1323, 1318, 25, 7.51%, 0, 0, 3, 10.45
1747841804, 0, 861, 1323, 1318, 25, 7.51%, 0, 0, 3, 9.36
1747841820, 0, 862, 1323, 1318, 25, 7.51%, 0, 0, 3, 7.62
1747841841, 0, 865, 1323, 1318, 25, 7.51%, 0, 0, 3, 7.82
1747841856, 0, 866, 1323, 1318, 25, 7.51%, 0, 0, 3, 7.55
1747841872, 0, 867, 1323, 1318, 25, 7.51%, 0, 0, 3, 8.12
1747841887, 0, 868, 1323, 1318, 25, 7.51%, 0, 0, 3, 8.20
1747841903, 0, 871, 1323, 1318, 25, 7.51%, 0, 0, 3, 8.33
1747841918, 0, 872, 1323, 1318, 25, 7.51%, 0, 0, 3, 8.87
1747841934, 0, 873, 1323, 1318, 25, 7.51%, 0, 0, 3, 7.96
1747841949, 0, 874, 1323, 1318, 25, 7.51%, 0, 0, 3, 8.28
1747841965, 0, 875, 1323, 1318, 25, 7.51%, 0, 0, 3, 9.59
1747841980, 0, 876, 1323, 1318, 25, 7.51%, 0, 0, 3, 8.15
1747841996, 0, 877, 1323, 1318, 25, 7.51%, 0, 0, 3, 7.75
1747842011, 0, 878, 1323, 1318, 25, 7.51%, 0, 0, 3, 7.55
1747842032, 0, 879, 1323, 1318, 25, 7.51%, 0, 0, 3, 9.52
1747842042, 0, 881, 1323, 1318, 25, 7.51%, 0, 0, 3, 9.68
1747842057, 0, 882, 1323, 1318, 25, 7.51%, 0, 0, 3, 8.95
1747842073, 0, 883, 1323, 1318, 25, 7.51%, 0, 0, 3, 8.66
1747842088, 0, 886, 1323, 1318, 25, 7.51%, 0, 0, 3, 9.23
1747842103, 0, 887, 1323, 1318, 25, 7.51%, 0, 0, 3, 9.72
1747842114, 0, 888, 1323, 1318, 25, 7.51%, 0, 0, 3, 9.19
1747842129, 0, 889, 1323, 1318, 25, 7.51%, 0, 0, 3, 8.60
1747842144, 0, 890, 1323, 1318, 25, 7.51%, 0, 0, 3, 10.63
1747842155, 0, 891, 1323, 1318, 25, 7.51%, 0, 0, 3, 9.93
1747842170, 0, 892, 1323, 1318, 25, 7.51%, 0, 0, 3, 11.26
1747842180, 0, 893, 1323, 1318, 25, 7.51%, 0, 0, 3, 9.98
1747842196, 0, 894, 1323, 1318, 25, 7.51%, 0, 0, 3, 9.14
1747842212, 0, 895, 1323, 1318, 25, 7.51%, 0, 0, 3, 8.52
1747842227, 0, 896, 1323, 1318, 25, 7.51%, 0, 0, 3, 8.61
1747842242, 0, 898, 1323, 1318, 25, 7.51%, 0, 0, 3, 11.81
1747848555, 0, 899, 1323, 1317, 25, 7.51%, 0, 0, 3, 10.65
1747848571, 0, 900, 1323, 1317, 25, 7.51%, 0, 0, 3, 9.81
1747848581, 0, 901, 1323, 1317, 25, 7.51%, 0, 0, 3, 9.30
1747848596, 0, 903, 1323, 1317, 25, 7.51%, 0, 0, 3, 9.35
1747848611, 0, 904, 1323, 1317, 25, 7.51%, 0, 0, 3, 9.29
1747848627, 0, 906, 1323, 1317, 25, 7.51%, 0, 0, 3, 8.26
1747848642, 0, 906, 1324, 1318, 25, 7.51%, 0, 0, 3, 8.66
1747848663, 0, 907, 1324, 1318, 25, 7.51%, 0, 0, 3, 8.05
1747848678, 0, 908, 1324, 1318, 25, 7.51%, 0, 0, 3, 7.58
1747848694, 0, 909, 1324, 1318, 25, 7.51%, 0, 0, 3, 7.91
1747848710, 0, 910, 1324, 1318, 25, 7.51%, 0, 0, 3, 8.31
1747848731, 0, 911, 1324, 1318, 25, 7.51%, 0, 0, 3, 7.87
1747848746, 0, 913, 1324, 1318, 25, 7.51%, 0, 0, 3, 7.93
1747848761, 0, 914, 1324, 1318, 25, 7.51%, 0, 0, 3, 7.92
1747848777, 0, 915, 1324, 1318, 25, 7.51%, 0, 0, 3, 8.09
1747848797, 0, 917, 1324, 1318, 25, 7.51%, 0, 0, 3, 8.23
1747848813, 0, 918, 1324, 1318, 25, 7.51%, 0, 0, 3, 6.89
1747848828, 0, 920, 1324, 1318, 25, 7.51%, 0, 0, 3, 7.64
1747848843, 0, 921, 1324, 1318, 25, 7.51%, 0, 0, 3, 9.12
1747848858, 0, 922, 1324, 1318, 25, 7.51%, 0, 0, 3, 8.96
1747848874, 0, 923, 1326, 1320, 25, 7.51%, 0, 0, 3, 7.69
1747848921, 0, 923, 1328, 1322, 25, 7.51%, 0, 0, 3, 7.52
1747849061, 0, 923, 1329, 1323, 25, 7.51%, 0, 0, 3, 7.23
1747849201, 0, 923, 1330, 1324, 25, 7.73%, 0, 0, 3, 8.17
1747849412, 0, 924, 1330, 1324, 25, 7.73%, 0, 0, 3, 7.95
1747849428, 0, 925, 1330, 1324, 25, 7.73%, 0, 0, 3, 8.92
1747849444, 0, 926, 1330, 1324, 25, 7.73%, 0, 0, 3, 8.26
1747849459, 0, 927, 1330, 1324, 25, 7.73%, 0, 0, 3, 8.64
1747849475, 0, 928, 1330, 1324, 25, 7.73%, 0, 0, 3, 9.81
1747849485, 0, 929, 1330, 1324, 25, 7.73%, 0, 0, 3, 9.46
1747849500, 0, 930, 1330, 1324, 25, 7.73%, 0, 0, 3, 8.30
1747849521, 0, 931, 1330, 1324, 25, 7.73%, 0, 0, 3, 9.18
1747849531, 0, 932, 1330, 1324, 25, 7.73%, 0, 0, 3, 9.10
1747849547, 0, 933, 1330, 1324, 25, 7.73%, 0, 0, 3, 8.03
1747849562, 0, 933, 1331, 1325, 25, 7.73%, 0, 0, 3, 6.73
1747849583, 0, 934, 1331, 1325, 26, 7.73%, 0, 0, 3, 7.32
1747849599, 0, 935, 1331, 1325, 26, 7.73%, 0, 0, 3, 9.45
1747849614, 0, 936, 1331, 1325, 26, 7.73%, 0, 0, 3, 9.36
1747849625, 0, 937, 1331, 1325, 26, 7.73%, 0, 0, 3, 8.99
1747849640, 0, 938, 1331, 1325, 26, 7.73%, 0, 0, 3, 9.44
1747849656, 0, 939, 1331, 1325, 26, 7.73%, 0, 0, 3, 7.80
1747849671, 0, 940, 1331, 1325, 26, 7.73%, 0, 0, 3, 7.70
1747849687, 0, 941, 1331, 1325, 26, 7.73%, 0, 0, 3, 8.42
1747849707, 0, 942, 1331, 1325, 26, 7.73%, 0, 0, 3, 10.74
1747849718, 0, 943, 1331, 1325, 26, 7.73%, 0, 0, 3, 8.88
1747849734, 0, 944, 1331, 1325, 26, 7.73%, 0, 0, 3, 8.59
1747849749, 0, 945, 1331, 1325, 26, 7.73%, 0, 0, 3, 9.09
1747849764, 0, 947, 1331, 1325, 26, 7.73%, 0, 0, 3, 8.98
1747849775, 0, 948, 1331, 1325, 26, 7.73%, 0, 0, 3, 8.99
1747849795, 0, 949, 1331, 1325, 26, 7.73%, 0, 0, 3, 7.77
1747849811, 0, 950, 1331, 1325, 26, 7.73%, 0, 0, 3, 8.03
1747849826, 0, 951, 1331, 1325, 26, 7.73%, 0, 0, 3, 9.19
1747849836, 0, 952, 1331, 1325, 26, 7.73%, 0, 0, 3, 9.03
1747849846, 0, 952, 1332, 1326, 26, 7.73%, 0, 0, 3, 8.07
1747849872, 0, 954, 1332, 1326, 26, 7.73%, 0, 0, 3, 8.05
1747849887, 0, 956, 1332, 1326, 26, 7.73%, 0, 0, 3, 9.03
1747849903, 0, 957, 1332, 1326, 26, 7.73%, 0, 0, 3, 10.21
1747849913, 0, 958, 1332, 1326, 26, 7.73%, 0, 0, 3, 9.20
1747849933, 0, 959, 1332, 1326, 26, 7.73%, 0, 0, 3, 7.79
1747849949, 0, 960, 1332, 1326, 26, 7.73%, 0, 0, 3, 8.08
1747849964, 0, 961, 1332, 1326, 26, 7.73%, 0, 0, 3, 10.39
1747854647, 0, 962, 1332, 1325, 25, 7.73%, 0, 0, 3, 18.14
1747854652, 0, 963, 1332, 1325, 25, 7.73%, 0, 0, 3, 17.01
1747854662, 0, 964, 1332, 1325, 25, 7.73%, 0, 0, 3, 13.57
1747854672, 0, 966, 1332, 1325, 25, 7.73%, 0, 0, 3, 11.92
1747854683, 0, 967, 1332, 1325, 25, 7.73%, 0, 0, 3, 13.65
1747854693, 0, 968, 1332, 1325, 25, 7.73%, 0, 0, 3, 14.74
1747854698, 0, 969, 1332, 1325, 25, 7.73%, 0, 0, 3, 16.14
1747859424, 0, 969, 1333, 1326, 25, 7.73%, 0, 0, 3, 11.60
1747859491, 0, 970, 1333, 1325, 24, 7.73%, 0, 0, 3, 10.33
1747859506, 0, 971, 1333, 1325, 24, 7.73%, 0, 0, 3, 9.27
1747859516, 0, 973, 1333, 1325, 24, 7.73%, 0, 0, 3, 8.34
1747859537, 0, 974, 1333, 1325, 24, 7.73%, 0, 0, 3, 9.44
1747859547, 0, 976, 1333, 1325, 24, 7.73%, 0, 0, 3, 9.05
1747859567, 0, 977, 1333, 1325, 24, 7.73%, 0, 0, 3, 8.25
1747859583, 0, 978, 1333, 1325, 24, 7.73%, 0, 0, 3, 8.14
1747859598, 0, 979, 1333, 1325, 24, 7.73%, 0, 0, 3, 7.27
1747859614, 0, 983, 1333, 1325, 24, 7.73%, 0, 0, 3, 7.90
1747859634, 0, 984, 1333, 1325, 24, 7.73%, 0, 0, 3, 8.63
1747859644, 0, 985, 1333, 1325, 24, 7.73%, 0, 0, 3, 9.17
1747859665, 0, 987, 1333, 1325, 24, 7.73%, 0, 0, 3, 8.42
1747859676, 0, 988, 1333, 1325, 24, 7.73%, 0, 0, 3, 8.60
1747859691, 0, 990, 1333, 1325, 24, 7.73%, 0, 0, 3, 8.74
1747859712, 0, 991, 1333, 1325, 24, 7.73%, 0, 0, 3, 8.99
1747859727, 0, 992, 1333, 1325, 24, 7.73%, 0, 0, 3, 8.19
1747859742, 0, 993, 1333, 1325, 24, 7.73%, 0, 0, 3, 9.17
1747859757, 0, 994, 1333, 1325, 24, 7.73%, 0, 0, 3, 8.77
1747859767, 0, 995, 1333, 1325, 24, 7.73%, 0, 0, 3, 10.28
1747859783, 0, 997, 1333, 1325, 24, 7.73%, 0, 0, 3, 7.90
1747859804, 0, 999, 1333, 1325, 24, 7.73%, 0, 0, 3, 9.81
1747859809, 0, 999, 1334, 1326, 24, 7.73%, 0, 0, 3, 9.11
1747859829, 0, 1000, 1334, 1326, 24, 7.73%, 0, 0, 3, 8.59
1747859845, 0, 1001, 1334, 1326, 24, 7.73%, 0, 0, 3, 7.87
1747859861, 0, 1001, 1335, 1327, 24, 7.73%, 0, 0, 3, 7.29
1747859881, 0, 1002, 1335, 1327, 24, 7.73%, 0, 0, 3, 8.10
1747859897, 0, 1004, 1335, 1327, 24, 7.73%, 0, 0, 3, 9.48
1747859907, 0, 1005, 1335, 1327, 24, 7.73%, 0, 0, 3, 10.20
1747859922, 0, 1006, 1335, 1327, 24, 7.73%, 0, 0, 3, 8.14
1747859928, 0, 1006, 1336, 1328, 24, 7.73%, 0, 0, 3, 7.37
1747859959, 0, 1007, 1336, 1328, 24, 7.73%, 0, 0, 3, 9.17
