# unix_time, cycles_done, cur_path, paths_total, pending_total, pending_favs, map_size, unique_crashes, unique_hangs, max_depth, execs_per_sec
1747774254, 0, 0, 1, 1, 1, 5.01%, 0, 0, 1, 57.14
1747774259, 0, 0, 34, 34, 1, 5.73%, 0, 0, 2, 59.08
1747774264, 0, 0, 70, 70, 1, 5.73%, 0, 0, 2, 60.71
1747774269, 0, 0, 89, 89, 1, 6.98%, 0, 0, 2, 15.12
1747774274, 0, 0, 97, 97, 1, 7.28%, 0, 0, 2, 15.29
1747774279, 0, 0, 104, 104, 1, 7.37%, 0, 0, 2, 13.73
1747774284, 0, 0, 111, 111, 1, 7.41%, 0, 0, 2, 11.67
1747774289, 0, 0, 115, 115, 1, 7.42%, 0, 0, 2, 8.57
1747774294, 0, 0, 122, 122, 1, 7.42%, 0, 0, 2, 9.42
1747774300, 0, 0, 127, 127, 1, 7.42%, 0, 0, 2, 8.17
1747774305, 0, 0, 132, 132, 1, 7.42%, 0, 0, 2, 8.94
1747774310, 0, 0, 141, 141, 1, 7.42%, 0, 0, 2, 15.34
1747774315, 0, 0, 147, 147, 1, 7.42%, 0, 0, 2, 11.78
1747774320, 0, 0, 152, 152, 1, 7.42%, 0, 0, 2, 10.51
1747774325, 0, 0, 162, 162, 1, 7.42%, 0, 0, 2, 16.23
1747774330, 0, 0, 168, 168, 1, 7.42%, 0, 0, 2, 13.70
1747774335, 0, 0, 172, 172, 1, 7.42%, 0, 0, 2, 8.55
1747774340, 0, 0, 176, 176, 1, 7.42%, 0, 0, 2, 6.48
1747774346, 0, 0, 181, 181, 1, 7.42%, 0, 0, 2, 4.03
1747774351, 0, 0, 186, 186, 1, 7.42%, 0, 0, 2, 6.49
1747774356, 0, 0, 192, 192, 1, 7.43%, 0, 0, 2, 11.18
1747774361, 0, 0, 196, 196, 1, 7.43%, 0, 0, 2, 8.25
1747774367, 0, 0, 202, 202, 1, 7.60%, 0, 0, 2, 10.18
1747774372, 0, 0, 208, 208, 1, 7.60%, 0, 0, 2, 12.87
1747774377, 0, 0, 211, 211, 1, 7.60%, 0, 0, 2, 8.98
1747774382, 0, 0, 217, 217, 1, 7.61%, 0, 0, 2, 9.22
1747774387, 0, 0, 222, 222, 1, 7.61%, 0, 0, 2, 9.45
1747774392, 0, 0, 225, 225, 1, 7.61%, 0, 0, 2, 6.85
1747774397, 0, 0, 232, 232, 1, 7.61%, 0, 0, 2, 10.98
1747774402, 0, 0, 235, 235, 1, 7.61%, 0, 0, 2, 8.16
1747774407, 0, 0, 238, 238, 1, 7.61%, 0, 0, 2, 6.13
1747774413, 0, 0, 245, 245, 1, 7.89%, 0, 0, 2, 11.06
1747774418, 0, 0, 247, 247, 1, 7.89%, 0, 0, 2, 6.88
1747774423, 0, 0, 253, 253, 1, 7.89%, 0, 0, 2, 7.95
1747774428, 0, 0, 259, 259, 1, 7.90%, 0, 0, 2, 11.38
1747774433, 0, 0, 263, 263, 1, 7.90%, 0, 0, 2, 9.76
1747774438, 0, 0, 269, 269, 1, 7.91%, 0, 0, 2, 11.31
1747774443, 0, 0, 274, 274, 1, 7.91%, 0, 0, 2, 10.06
1747774448, 0, 0, 278, 278, 1, 7.91%, 0, 0, 2, 7.55
1747774454, 0, 0, 285, 285, 1, 7.91%, 0, 0, 2, 13.27
1747774459, 0, 0, 288, 288, 1, 7.91%, 0, 0, 2, 9.92
1747774464, 0, 0, 293, 293, 1, 7.91%, 0, 0, 2, 11.58
1747774469, 0, 0, 298, 298, 1, 7.91%, 0, 0, 2, 9.88
1747774474, 0, 0, 304, 304, 1, 7.91%, 0, 0, 2, 11.43
1747774479, 0, 0, 306, 306, 1, 7.91%, 0, 0, 2, 7.10
1747774484, 0, 0, 311, 311, 1, 7.91%, 0, 0, 2, 9.54
1747774489, 0, 0, 316, 316, 1, 7.92%, 0, 0, 2, 9.90
1747774495, 0, 0, 321, 321, 1, 7.92%, 0, 0, 2, 11.95
1747774500, 0, 0, 325, 325, 1, 7.92%, 0, 0, 2, 8.29
1747774505, 0, 0, 329, 329, 1, 7.92%, 0, 0, 2, 7.77
1747774510, 0, 0, 334, 334, 1, 7.92%, 0, 0, 2, 6.45
1747774515, 0, 0, 338, 338, 1, 7.93%, 0, 0, 2, 7.37
1747774520, 0, 0, 343, 343, 1, 7.93%, 0, 0, 2, 11.02
1747774526, 0, 0, 346, 346, 1, 7.93%, 0, 0, 2, 8.11
1747774531, 0, 0, 351, 351, 1, 7.93%, 0, 0, 2, 9.45
1747774536, 0, 0, 357, 357, 1, 7.93%, 0, 0, 2, 10.06
1747774541, 0, 0, 360, 360, 1, 7.93%, 0, 0, 2, 6.42
1747774546, 0, 0, 367, 367, 1, 7.93%, 0, 0, 2, 12.26
1747774551, 0, 0, 372, 372, 1, 7.93%, 0, 0, 2, 11.62
1747774556, 0, 0, 378, 378, 1, 7.93%, 0, 0, 2, 13.15
1747774561, 0, 0, 381, 381, 1, 8.06%, 0, 0, 2, 7.06
1747774567, 0, 0, 385, 385, 1, 8.06%, 0, 0, 2, 6.94
1747774572, 0, 0, 388, 388, 1, 8.06%, 0, 0, 2, 6.69
1747774577, 0, 0, 392, 392, 1, 8.06%, 0, 0, 2, 8.41
1747774582, 0, 0, 397, 397, 1, 8.06%, 0, 0, 2, 9.95
1747774587, 0, 0, 399, 399, 1, 8.06%, 0, 0, 2, 6.49
1747774593, 0, 0, 403, 403, 1, 8.06%, 0, 0, 2, 7.50
1747774598, 0, 0, 406, 406, 1, 8.06%, 0, 0, 2, 5.46
1747774603, 0, 0, 411, 411, 1, 8.06%, 0, 0, 2, 5.75
1747774608, 0, 0, 416, 416, 1, 8.06%, 0, 0, 2, 10.32
1747774613, 0, 0, 419, 419, 1, 8.06%, 0, 0, 2, 6.11
1747774618, 0, 0, 424, 424, 1, 8.06%, 0, 0, 2, 10.06
1747774624, 0, 0, 429, 429, 1, 8.06%, 0, 0, 2, 9.69
1747774629, 0, 0, 432, 432, 1, 8.06%, 0, 0, 2, 7.91
1747774634, 0, 0, 435, 435, 1, 8.06%, 0, 0, 2, 7.96
1747774639, 0, 0, 439, 439, 1, 8.06%, 0, 0, 2, 7.97
1747774644, 0, 0, 443, 443, 1, 8.06%, 0, 0, 2, 7.35
1747774649, 0, 0, 448, 448, 1, 8.06%, 0, 0, 2, 9.94
1747774654, 0, 0, 452, 452, 1, 8.06%, 0, 0, 2, 9.87
1747774659, 0, 0, 455, 455, 1, 8.06%, 0, 0, 2, 8.18
1747774664, 0, 0, 458, 458, 1, 8.06%, 0, 0, 2, 9.30
1747774670, 0, 0, 462, 462, 1, 8.06%, 0, 0, 2, 8.28
1747774675, 0, 0, 468, 468, 1, 8.06%, 0, 0, 2, 10.80
1747774680, 0, 0, 472, 472, 1, 8.06%, 0, 0, 2, 10.96
1747774685, 0, 0, 476, 476, 1, 8.06%, 0, 0, 2, 9.51
1747774690, 0, 0, 479, 479, 1, 8.06%, 0, 0, 2, 9.44
1747774695, 0, 0, 482, 482, 1, 8.06%, 0, 0, 2, 10.08
1747774700, 0, 0, 487, 487, 1, 8.06%, 0, 0, 2, 12.23
1747774705, 0, 0, 489, 489, 1, 8.06%, 0, 0, 2, 9.28
1747774711, 0, 0, 492, 492, 1, 8.06%, 0, 0, 2, 8.19
1747774716, 0, 0, 495, 495, 1, 8.06%, 0, 0, 2, 9.59
1747774721, 0, 0, 501, 501, 1, 8.06%, 0, 0, 2, 12.46
1747774726, 0, 0, 506, 506, 1, 8.06%, 0, 0, 2, 11.53
1747774731, 0, 0, 512, 512, 1, 8.06%, 0, 0, 2, 12.96
1747774736, 0, 0, 516, 516, 1, 8.06%, 0, 0, 2, 11.72
1747774741, 0, 0, 521, 521, 1, 8.06%, 0, 0, 2, 14.98
1747774746, 0, 0, 524, 524, 1, 8.06%, 0, 0, 2, 11.04
1747774751, 0, 0, 528, 528, 1, 8.06%, 0, 0, 2, 10.64
1747774756, 0, 0, 530, 530, 1, 8.06%, 0, 0, 2, 10.16
1747774761, 0, 0, 534, 534, 1, 8.06%, 0, 0, 2, 9.60
1747774766, 0, 0, 537, 537, 1, 8.06%, 0, 0, 2, 7.67
1747774771, 0, 0, 539, 539, 1, 8.06%, 0, 0, 2, 6.79
1747774776, 0, 0, 541, 541, 1, 8.06%, 0, 0, 2, 10.87
1747774782, 0, 0, 543, 543, 1, 8.06%, 0, 0, 2, 7.14
1747774787, 0, 0, 545, 545, 1, 8.06%, 0, 0, 2, 6.63
1747774792, 0, 0, 547, 547, 1, 8.06%, 0, 0, 2, 5.83
1747774797, 0, 0, 551, 551, 1, 8.06%, 0, 0, 2, 7.42
1747774802, 0, 0, 554, 554, 1, 8.06%, 0, 0, 2, 7.73
1747774807, 0, 0, 560, 560, 1, 8.06%, 0, 0, 2, 11.94
1747774812, 0, 0, 563, 563, 1, 8.07%, 0, 0, 2, 9.25
1747774817, 0, 0, 565, 565, 1, 8.07%, 0, 0, 2, 8.70
1747774823, 0, 0, 569, 569, 1, 8.07%, 0, 0, 2, 11.17
1747774828, 0, 0, 573, 573, 1, 8.07%, 0, 0, 2, 14.63
1747774833, 0, 0, 575, 575, 1, 8.07%, 0, 0, 2, 14.95
1747774838, 0, 0, 578, 578, 1, 8.07%, 0, 0, 2, 9.37
1747774843, 0, 0, 581, 581, 1, 8.07%, 0, 0, 2, 10.09
1747774848, 0, 0, 583, 583, 1, 8.07%, 0, 0, 2, 10.15
1747774854, 0, 0, 588, 588, 1, 8.07%, 0, 0, 2, 10.36
1747774859, 0, 0, 590, 590, 1, 8.07%, 0, 0, 2, 11.94
1747774864, 0, 0, 593, 593, 1, 8.07%, 0, 0, 2, 7.91
1747774869, 0, 0, 596, 596, 1, 8.07%, 0, 0, 2, 8.61
1747774874, 0, 0, 597, 597, 1, 8.07%, 0, 0, 2, 5.25
1747774879, 0, 0, 599, 599, 1, 8.07%, 0, 0, 2, 25.79
1747774885, 0, 0, 601, 601, 1, 8.07%, 0, 0, 2, 6.05
1747774890, 0, 0, 603, 603, 1, 8.07%, 0, 0, 2, 6.79
1747774895, 0, 0, 605, 605, 1, 8.07%, 0, 0, 2, 8.07
1747774900, 0, 0, 608, 608, 1, 8.07%, 0, 0, 2, 7.80
1747774905, 0, 0, 610, 610, 1, 8.07%, 0, 0, 2, 6.57
1747774910, 0, 0, 611, 611, 1, 8.07%, 0, 0, 2, 7.19
1747774915, 0, 0, 613, 613, 1, 8.07%, 0, 0, 2, 6.20
1747774920, 0, 0, 616, 616, 1, 8.07%, 0, 0, 2, 7.31
1747774925, 0, 0, 617, 617, 1, 8.07%, 0, 0, 2, 8.14
1747774931, 0, 0, 619, 619, 1, 8.07%, 0, 0, 2, 6.97
1747774936, 0, 0, 621, 621, 1, 8.07%, 0, 0, 2, 10.36
1747774941, 0, 0, 623, 623, 1, 8.07%, 0, 0, 2, 6.13
1747774946, 0, 0, 624, 624, 1, 8.07%, 0, 0, 2, 8.16
1747774951, 0, 0, 626, 626, 1, 8.07%, 0, 0, 2, 9.59
1747774956, 0, 0, 627, 627, 1, 8.07%, 0, 0, 2, 8.11
1747774962, 0, 0, 629, 629, 1, 8.07%, 0, 0, 2, 7.50
1747774967, 0, 0, 631, 631, 1, 8.07%, 0, 0, 2, 7.29
1747774972, 0, 0, 634, 634, 1, 8.07%, 0, 0, 2, 7.54
1747774977, 0, 0, 635, 635, 1, 8.07%, 0, 0, 2, 7.61
1747774982, 0, 0, 637, 637, 1, 8.07%, 0, 0, 2, 8.25
1747774987, 0, 0, 638, 638, 1, 8.07%, 0, 0, 2, 6.28
1747774992, 0, 0, 642, 642, 1, 8.07%, 0, 0, 2, 11.79
1747774997, 0, 0, 644, 644, 1, 8.07%, 0, 0, 2, 10.98
1747775002, 0, 0, 646, 646, 1, 8.07%, 0, 0, 2, 11.74
1747775007, 0, 0, 647, 647, 1, 8.07%, 0, 0, 2, 12.80
1747775013, 0, 0, 649, 649, 1, 8.07%, 0, 0, 2, 8.15
1747775018, 0, 0, 650, 650, 1, 8.07%, 0, 0, 2, 8.34
1747775023, 0, 0, 652, 652, 1, 8.07%, 0, 0, 2, 10.86
1747775033, 0, 0, 655, 655, 1, 8.08%, 0, 0, 2, 13.04
1747775038, 0, 0, 657, 657, 1, 8.08%, 0, 0, 2, 12.94
1747775043, 0, 0, 659, 659, 1, 8.08%, 0, 0, 2, 12.81
1747775048, 0, 0, 662, 662, 1, 8.08%, 0, 0, 2, 9.74
1747775054, 0, 0, 664, 664, 1, 8.08%, 0, 0, 2, 7.74
1747775059, 0, 0, 666, 666, 1, 8.08%, 0, 0, 2, 10.77
1747775064, 0, 0, 668, 668, 1, 8.08%, 0, 0, 2, 7.70
1747775069, 0, 0, 671, 671, 1, 8.08%, 0, 0, 2, 9.34
1747775079, 0, 0, 672, 672, 1, 8.08%, 0, 0, 2, 11.45
1747775085, 0, 0, 673, 673, 1, 8.08%, 0, 0, 2, 12.04
1747775090, 0, 0, 675, 675, 1, 8.08%, 0, 0, 2, 13.48
1747775095, 0, 0, 676, 676, 1, 8.08%, 0, 0, 2, 10.44
1747775100, 0, 0, 677, 677, 1, 8.08%, 0, 0, 2, 8.39
1747775105, 0, 0, 679, 679, 1, 8.08%, 0, 0, 2, 3.02
1747775116, 0, 0, 680, 680, 1, 8.08%, 0, 0, 2, 9.08
1747775121, 0, 0, 681, 681, 1, 8.08%, 0, 0, 2, 10.33
1747775131, 0, 0, 682, 682, 1, 8.08%, 0, 0, 2, 15.00
1747775136, 0, 0, 684, 684, 1, 8.08%, 0, 0, 2, 10.07
1747775141, 0, 0, 685, 685, 1, 8.08%, 0, 0, 2, 2.24
1747775147, 0, 0, 686, 686, 1, 8.08%, 0, 0, 2, 30.00
1747775157, 0, 0, 688, 688, 1, 8.08%, 0, 0, 2, 10.92
1747775162, 0, 0, 689, 689, 1, 8.08%, 0, 0, 2, 12.21
1747775167, 0, 0, 691, 691, 1, 8.08%, 0, 0, 2, 10.97
1747775172, 0, 0, 692, 692, 1, 8.08%, 0, 0, 2, 9.14
1747775178, 0, 0, 693, 693, 1, 8.08%, 0, 0, 2, 11.81
1747775183, 0, 0, 695, 695, 1, 8.08%, 0, 0, 2, 12.31
1747775188, 0, 0, 696, 696, 1, 8.09%, 0, 0, 2, 12.65
1747775193, 0, 0, 697, 697, 1, 8.09%, 0, 0, 2, 13.69
1747775198, 0, 0, 699, 699, 1, 8.09%, 0, 0, 2, 10.16
1747775203, 0, 0, 700, 700, 1, 8.09%, 0, 0, 2, 11.77
1747775213, 0, 0, 701, 701, 1, 8.09%, 0, 0, 2, 11.16
1747775234, 0, 0, 702, 702, 1, 8.09%, 0, 0, 2, 11.85
1747775239, 0, 0, 703, 703, 1, 8.09%, 0, 0, 2, 10.10
1747775244, 0, 0, 704, 704, 1, 8.09%, 0, 0, 2, 8.25
1747775249, 0, 0, 705, 705, 1, 8.09%, 0, 0, 2, 11.61
1747775254, 0, 0, 706, 706, 1, 8.09%, 0, 0, 2, 7.67
1747775269, 0, 0, 707, 707, 1, 8.09%, 0, 0, 2, 13.12
1747775274, 0, 0, 708, 708, 1, 8.09%, 0, 0, 2, 8.50
1747775290, 0, 0, 709, 709, 1, 8.09%, 0, 0, 2, 11.48
1747775295, 0, 0, 710, 710, 1, 8.09%, 0, 0, 2, 9.95
1747775300, 0, 0, 711, 711, 1, 8.18%, 0, 0, 2, 9.89
1747775305, 0, 0, 713, 713, 1, 8.18%, 0, 0, 2, 11.18
1747775310, 0, 0, 714, 714, 1, 8.18%, 0, 0, 2, 9.46
1747775315, 0, 0, 715, 715, 1, 8.18%, 0, 0, 2, 10.79
1747775325, 0, 0, 716, 716, 1, 8.18%, 0, 0, 2, 14.02
1747775330, 0, 0, 718, 718, 1, 8.18%, 0, 0, 2, 9.53
1747775341, 0, 0, 719, 719, 1, 8.18%, 0, 0, 2, 9.63
1747775346, 0, 0, 720, 720, 1, 8.18%, 0, 0, 2, 9.32
1747775366, 0, 0, 721, 721, 1, 8.18%, 0, 0, 2, 10.91
1747775376, 0, 0, 722, 722, 1, 8.18%, 0, 0, 2, 11.76
1747775397, 0, 0, 723, 723, 1, 8.18%, 0, 0, 2, 12.75
1747775417, 0, 0, 724, 724, 1, 8.18%, 0, 0, 2, 12.65
1747775428, 0, 0, 725, 725, 1, 8.18%, 0, 0, 2, 8.21
1747775438, 0, 0, 726, 726, 1, 8.18%, 0, 0, 2, 3.55
1747775453, 0, 0, 728, 728, 1, 8.18%, 0, 0, 2, 8.79
1747775474, 0, 0, 729, 729, 1, 8.18%, 0, 0, 2, 13.65
1747775479, 0, 0, 731, 731, 1, 8.18%, 0, 0, 2, 11.69
1747775500, 0, 0, 732, 732, 1, 8.18%, 0, 0, 2, 13.74
1747775505, 0, 0, 733, 733, 1, 8.18%, 0, 0, 2, 10.61
1747775510, 0, 0, 734, 734, 1, 8.18%, 0, 0, 2, 12.10
1747775526, 0, 0, 735, 735, 1, 8.18%, 0, 0, 2, 11.10
1747775536, 0, 0, 736, 736, 1, 8.18%, 0, 0, 2, 12.84
1747775541, 0, 0, 737, 737, 1, 8.18%, 0, 0, 2, 12.95
1747775561, 0, 0, 739, 739, 1, 8.18%, 0, 0, 2, 11.46
1747775572, 0, 0, 740, 740, 1, 8.18%, 0, 0, 2, 10.89
1747775577, 0, 0, 741, 741, 1, 8.18%, 0, 0, 2, 6.82
1747775582, 0, 0, 742, 742, 1, 8.18%, 0, 0, 2, 8.46
1747775613, 0, 0, 743, 743, 1, 8.18%, 0, 0, 2, 13.93
1747775629, 0, 0, 744, 744, 1, 8.18%, 0, 0, 2, 10.94
1747775634, 0, 0, 745, 745, 1, 8.18%, 0, 0, 2, 8.23
1747775639, 0, 0, 746, 746, 1, 8.18%, 0, 0, 2, 10.88
1747775649, 0, 0, 747, 747, 1, 8.18%, 0, 0, 2, 11.07
1747775655, 0, 0, 748, 748, 1, 8.18%, 0, 0, 2, 8.28
1747775660, 0, 0, 750, 750, 1, 8.18%, 0, 0, 2, 13.03
1747775665, 0, 0, 751, 751, 1, 8.18%, 0, 0, 2, 11.89
1747775675, 0, 0, 752, 752, 1, 8.18%, 0, 0, 2, 11.76
1747775680, 0, 0, 753, 753, 1, 8.18%, 0, 0, 2, 11.19
1747775686, 0, 0, 754, 754, 1, 8.18%, 0, 0, 2, 8.26
1747775691, 0, 0, 755, 755, 1, 8.18%, 0, 0, 2, 11.23
1747775696, 0, 0, 756, 756, 1, 8.18%, 0, 0, 2, 11.76
1747775701, 0, 0, 757, 757, 1, 8.18%, 0, 0, 2, 13.07
1747775706, 0, 0, 759, 759, 1, 8.18%, 0, 0, 2, 12.99
1747775711, 0, 0, 760, 760, 1, 8.18%, 0, 0, 2, 10.79
1747775727, 0, 0, 761, 761, 1, 8.18%, 0, 0, 2, 14.39
1747775747, 0, 0, 762, 762, 1, 8.18%, 0, 0, 2, 13.29
1747775758, 0, 0, 763, 763, 1, 8.18%, 0, 0, 2, 2.44
1747775773, 0, 0, 764, 764, 1, 8.18%, 0, 0, 2, 12.94
1747775778, 0, 0, 765, 765, 1, 8.18%, 0, 0, 2, 13.38
1747775809, 0, 0, 766, 766, 1, 8.18%, 0, 0, 2, 13.35
1747775825, 0, 0, 767, 767, 1, 8.18%, 0, 0, 2, 9.86
1747775866, 0, 0, 768, 768, 1, 8.18%, 0, 0, 2, 9.78
1747775892, 0, 0, 769, 769, 1, 8.18%, 0, 0, 2, 9.54
1747775933, 0, 0, 770, 770, 1, 8.18%, 0, 0, 2, 13.92
1747775954, 0, 0, 771, 771, 1, 8.18%, 0, 0, 2, 2.54
1747775959, 0, 0, 772, 772, 1, 8.18%, 0, 0, 2, 4.80
1747775995, 0, 0, 774, 774, 1, 8.18%, 0, 0, 2, 11.20
1747776010, 0, 0, 775, 775, 1, 8.18%, 0, 0, 2, 10.28
1747776026, 0, 0, 776, 776, 1, 8.18%, 0, 0, 2, 2.50
1747776041, 0, 0, 777, 777, 1, 8.18%, 0, 0, 2, 9.63
1747776052, 0, 0, 778, 778, 1, 8.18%, 0, 0, 2, 2.15
1747776062, 0, 0, 779, 779, 1, 8.18%, 0, 0, 2, 11.98
1747776098, 0, 0, 780, 780, 1, 8.18%, 0, 0, 2, 13.62
1747776108, 0, 0, 781, 781, 1, 8.18%, 0, 0, 2, 9.41
1747776119, 0, 0, 782, 782, 1, 8.18%, 0, 0, 2, 19.65
1747776124, 0, 0, 783, 783, 1, 8.18%, 0, 0, 2, 22.39
1747776129, 0, 0, 784, 784, 1, 8.18%, 0, 0, 2, 21.15
1747776134, 0, 0, 785, 785, 1, 8.18%, 0, 0, 2, 20.03
1747776144, 0, 0, 787, 787, 1, 8.18%, 0, 0, 2, 15.69
1747776159, 0, 0, 788, 788, 1, 8.18%, 0, 0, 2, 19.02
1747776196, 0, 0, 789, 789, 1, 8.18%, 0, 0, 2, 21.66
1747776206, 0, 0, 790, 790, 1, 8.18%, 0, 0, 2, 20.31
1747776211, 0, 0, 791, 791, 1, 8.18%, 0, 0, 2, 18.84
1747776216, 0, 0, 792, 792, 1, 8.18%, 0, 0, 2, 21.86
1747776221, 0, 0, 794, 794, 1, 8.18%, 0, 0, 2, 18.21
1747776226, 0, 0, 796, 796, 1, 8.18%, 0, 0, 2, 17.61
1747776236, 0, 0, 797, 797, 1, 8.18%, 0, 0, 2, 22.55
1747776241, 0, 1, 799, 798, 27, 8.18%, 0, 0, 2, 15.34
1747776247, 0, 1, 801, 800, 27, 8.20%, 0, 0, 2, 8.72
1747776252, 0, 1, 802, 801, 27, 8.20%, 0, 0, 2, 8.07
1747776257, 0, 1, 803, 802, 27, 8.21%, 0, 0, 2, 7.77
1747776262, 0, 1, 805, 804, 27, 8.21%, 0, 0, 2, 6.40
1747776267, 0, 1, 807, 806, 27, 8.21%, 0, 0, 2, 6.68
1747776283, 0, 1, 808, 807, 27, 8.21%, 0, 0, 2, 7.73
1747776288, 0, 1, 810, 809, 27, 8.21%, 0, 0, 2, 6.27
1747776293, 0, 1, 811, 810, 27, 8.21%, 0, 0, 2, 8.02
1747776298, 0, 1, 812, 811, 27, 8.21%, 0, 0, 2, 6.96
1747776308, 0, 1, 814, 813, 27, 8.23%, 0, 0, 2, 7.45
1747776313, 0, 1, 816, 815, 27, 8.23%, 0, 0, 2, 6.69
1747776318, 0, 1, 817, 816, 27, 8.23%, 0, 0, 2, 5.62
1747776323, 0, 1, 818, 817, 27, 8.24%, 0, 0, 2, 7.36
1747776333, 0, 1, 819, 818, 27, 8.24%, 0, 0, 2, 8.12
1747776344, 0, 1, 821, 820, 27, 8.24%, 0, 0, 2, 6.23
1747776354, 0, 1, 823, 822, 27, 8.24%, 0, 0, 2, 5.73
1747776359, 0, 1, 825, 824, 27, 8.24%, 0, 0, 2, 4.99
1747776364, 0, 1, 826, 825, 27, 8.24%, 0, 0, 2, 5.61
1747776369, 0, 1, 827, 826, 27, 8.24%, 0, 0, 2, 7.11
1747776374, 0, 1, 829, 828, 27, 8.24%, 0, 0, 2, 6.08
1747776384, 0, 1, 830, 829, 27, 8.24%, 0, 0, 2, 7.19
1747776390, 0, 1, 831, 830, 27, 8.24%, 0, 0, 2, 7.22
1747776405, 0, 1, 832, 831, 27, 8.24%, 0, 0, 2, 8.91
1747776411, 0, 1, 834, 833, 27, 8.24%, 0, 0, 2, 7.54
1747776416, 0, 1, 835, 834, 27, 8.24%, 0, 0, 2, 6.68
1747776426, 0, 1, 836, 835, 27, 8.24%, 0, 0, 2, 6.36
1747776441, 0, 1, 837, 836, 27, 8.24%, 0, 0, 2, 8.34
1747776446, 0, 1, 838, 837, 27, 8.24%, 0, 0, 2, 6.99
1747776457, 0, 1, 840, 839, 27, 8.24%, 0, 0, 2, 7.30
1747776467, 0, 1, 841, 840, 27, 8.24%, 0, 0, 2, 9.54
1747776478, 0, 1, 842, 841, 27, 8.24%, 0, 0, 2, 6.39
1747776483, 0, 1, 843, 842, 27, 8.24%, 0, 0, 2, 8.62
1747776488, 0, 1, 844, 843, 27, 8.26%, 0, 0, 2, 7.03
1747776493, 0, 1, 845, 844, 27, 8.26%, 0, 0, 2, 7.36
1747776498, 0, 1, 846, 845, 27, 8.26%, 0, 0, 2, 6.12
1747776503, 0, 1, 847, 846, 27, 8.26%, 0, 0, 2, 5.83
1747776514, 0, 1, 848, 847, 27, 8.26%, 0, 0, 2, 6.71
1747776524, 0, 1, 849, 848, 27, 8.26%, 0, 0, 2, 7.38
1747776534, 0, 1, 851, 850, 27, 8.26%, 0, 0, 2, 6.39
1747776550, 0, 1, 852, 851, 27, 8.26%, 0, 0, 2, 8.71
1747776560, 0, 1, 853, 852, 27, 8.26%, 0, 0, 2, 7.49
1747776576, 0, 1, 854, 853, 27, 8.26%, 0, 0, 2, 7.06
1747776581, 0, 1, 855, 854, 27, 8.26%, 0, 0, 2, 6.53
1747776586, 0, 1, 856, 855, 27, 8.26%, 0, 0, 2, 6.81
1747776591, 0, 1, 857, 856, 27, 8.26%, 0, 0, 2, 6.15
1747776601, 0, 1, 858, 857, 27, 8.26%, 0, 0, 2, 8.47
1747776607, 0, 1, 859, 858, 27, 8.26%, 0, 0, 2, 9.06
1747776612, 0, 1, 860, 859, 27, 8.26%, 0, 0, 2, 7.26
1747776622, 0, 1, 861, 860, 27, 8.26%, 0, 0, 2, 7.09
1747776627, 0, 1, 862, 861, 27, 8.26%, 0, 0, 2, 7.61
1747776647, 0, 1, 863, 862, 27, 8.26%, 0, 0, 2, 7.23
1747776678, 0, 1, 865, 864, 27, 8.26%, 0, 0, 2, 7.06
1747776688, 0, 1, 866, 865, 27, 8.26%, 0, 0, 2, 8.09
1747776709, 0, 1, 867, 866, 27, 8.26%, 0, 0, 2, 7.70
1747776725, 0, 1, 868, 867, 27, 8.26%, 0, 0, 2, 8.03
1747776750, 0, 1, 870, 869, 27, 8.26%, 0, 0, 2, 6.41
1747776766, 0, 1, 871, 870, 27, 8.26%, 0, 0, 2, 8.05
1747776791, 0, 1, 872, 871, 27, 8.26%, 0, 0, 2, 7.87
1747776801, 0, 1, 874, 873, 27, 8.26%, 0, 0, 2, 6.88
1747776806, 0, 1, 875, 874, 27, 8.26%, 0, 0, 2, 8.92
1747776822, 0, 1, 876, 875, 27, 8.26%, 0, 0, 2, 8.47
1747776827, 0, 1, 877, 876, 27, 8.26%, 0, 0, 2, 7.18
1747776842, 0, 1, 878, 877, 27, 8.26%, 0, 0, 2, 8.87
1747776847, 0, 1, 879, 878, 27, 8.26%, 0, 0, 2, 7.24
1747776857, 0, 1, 880, 879, 27, 8.26%, 0, 0, 2, 8.04
1747776868, 0, 2, 880, 879, 32, 8.26%, 0, 0, 2, 8.34
1747776873, 0, 2, 881, 880, 32, 8.26%, 0, 0, 2, 7.33
1747776878, 0, 2, 882, 881, 32, 8.26%, 0, 0, 2, 6.99
1747776889, 0, 2, 883, 882, 32, 8.26%, 0, 0, 2, 6.29
1747776909, 0, 2, 885, 884, 32, 8.26%, 0, 0, 2, 5.68
1747776930, 0, 2, 886, 885, 32, 8.26%, 0, 0, 2, 6.09
1747776945, 0, 2, 887, 886, 32, 8.26%, 0, 0, 2, 7.17
1747777002, 0, 2, 888, 887, 32, 8.26%, 0, 0, 2, 3.88
1747777022, 0, 2, 889, 888, 32, 8.26%, 0, 0, 2, 3.43
1747777027, 0, 2, 890, 889, 32, 8.26%, 0, 0, 2, 3.24
1747777048, 0, 2, 891, 890, 32, 8.26%, 0, 0, 2, 6.45
1747777058, 0, 2, 892, 891, 32, 8.27%, 0, 0, 2, 4.48
1747777089, 0, 2, 893, 892, 32, 8.27%, 0, 0, 2, 4.42
1747777099, 0, 2, 894, 893, 32, 8.27%, 0, 0, 2, 3.74
1747777244, 0, 2, 895, 894, 32, 8.27%, 0, 0, 2, 4.83
1747777331, 0, 2, 896, 895, 32, 8.27%, 0, 0, 2, 4.16
1747777383, 0, 2, 897, 896, 32, 8.27%, 0, 0, 2, 3.44
1747777430, 0, 2, 898, 897, 32, 8.27%, 0, 0, 2, 3.89
1747777471, 0, 2, 899, 898, 32, 8.27%, 0, 0, 2, 4.12
1747777518, 0, 2, 900, 899, 32, 8.27%, 0, 0, 2, 4.94
1747777580, 0, 2, 901, 900, 32, 8.27%, 0, 0, 2, 4.56
1747777674, 0, 2, 902, 901, 32, 8.27%, 0, 0, 2, 5.21
1747777710, 0, 2, 904, 903, 32, 8.27%, 0, 0, 2, 4.40
1747777746, 0, 2, 905, 904, 32, 8.27%, 0, 0, 2, 5.19
1747777767, 0, 3, 905, 904, 34, 8.27%, 0, 0, 2, 4.51
1747777772, 0, 3, 906, 905, 34, 8.27%, 0, 0, 2, 4.16
1747777788, 0, 3, 907, 906, 34, 8.27%, 0, 0, 2, 4.10
1747777860, 0, 3, 908, 907, 34, 8.27%, 0, 0, 2, 3.96
1747777871, 0, 3, 909, 908, 34, 8.27%, 0, 0, 2, 4.81
1747777907, 0, 3, 910, 909, 34, 8.27%, 0, 0, 2, 4.11
1747777943, 0, 3, 911, 910, 34, 8.27%, 0, 0, 2, 4.39
1747777958, 0, 3, 912, 911, 34, 8.27%, 0, 0, 2, 5.29
1747778057, 0, 3, 913, 912, 34, 8.27%, 0, 0, 2, 4.20
1747778062, 0, 3, 914, 913, 34, 8.27%, 0, 0, 2, 3.92
1747778093, 0, 3, 915, 914, 34, 8.27%, 0, 0, 2, 5.04
1747778180, 0, 3, 916, 915, 34, 8.27%, 0, 0, 2, 4.79
1747778206, 0, 3, 917, 916, 34, 8.27%, 0, 0, 2, 5.07
1747778393, 0, 3, 918, 917, 34, 8.27%, 0, 0, 2, 4.92
1747778460, 0, 3, 919, 918, 34, 8.27%, 0, 0, 2, 4.11
1747778465, 0, 3, 920, 919, 34, 8.27%, 0, 0, 2, 4.04
1747778605, 0, 4, 920, 919, 34, 8.27%, 0, 0, 2, 4.99
1747778620, 0, 4, 921, 920, 34, 8.27%, 0, 0, 2, 4.69
1747778657, 0, 5, 921, 920, 34, 8.27%, 0, 0, 2, 5.75
1747778662, 0, 5, 922, 921, 34, 8.27%, 0, 0, 2, 4.19
1747778673, 0, 5, 923, 922, 34, 8.27%, 0, 0, 2, 3.76
1747778678, 0, 5, 924, 923, 34, 8.27%, 0, 0, 2, 3.56
1747778704, 0, 5, 925, 924, 34, 8.27%, 0, 0, 2, 4.42
1747778719, 0, 5, 927, 926, 34, 8.27%, 0, 0, 2, 3.89
1747778740, 0, 5, 928, 927, 34, 8.27%, 0, 0, 2, 4.49
1747778750, 0, 5, 929, 928, 34, 8.27%, 0, 0, 2, 4.19
1747778761, 0, 5, 930, 929, 34, 8.27%, 0, 0, 2, 4.67
1747778797, 0, 5, 931, 930, 34, 8.27%, 0, 0, 2, 4.79
1747778823, 0, 5, 932, 931, 34, 8.28%, 0, 0, 2, 4.56
1747778833, 0, 5, 933, 932, 34, 8.28%, 0, 0, 2, 4.61
1747778875, 0, 5, 934, 933, 34, 8.28%, 0, 0, 2, 4.24
1747778885, 0, 5, 935, 934, 34, 8.28%, 0, 0, 2, 3.94
1747778895, 0, 5, 936, 935, 34, 8.28%, 0, 0, 2, 3.20
1747778905, 0, 5, 937, 936, 34, 8.28%, 0, 0, 2, 4.16
1747778921, 0, 5, 938, 937, 34, 8.28%, 0, 0, 2, 3.79
1747779024, 0, 5, 939, 938, 34, 8.28%, 0, 0, 2, 4.43
1747779050, 0, 5, 940, 939, 34, 8.28%, 0, 0, 2, 4.15
1747779091, 0, 5, 941, 940, 34, 8.28%, 0, 0, 2, 4.33
1747779117, 0, 5, 942, 941, 34, 8.28%, 0, 0, 2, 4.16
1747779148, 0, 5, 943, 942, 34, 8.28%, 0, 0, 2, 4.71
1747779231, 0, 5, 944, 943, 34, 8.28%, 0, 0, 2, 3.86
1747779298, 0, 5, 945, 944, 34, 8.28%, 0, 0, 2, 4.50
1747779339, 0, 5, 946, 945, 34, 8.28%, 0, 0, 2, 4.42
1747779375, 0, 5, 947, 946, 34, 8.28%, 0, 0, 2, 4.95
1747779416, 0, 5, 948, 947, 34, 8.28%, 0, 0, 2, 4.56
1747779509, 0, 5, 949, 948, 34, 8.28%, 0, 0, 2, 4.99
1747779525, 0, 5, 950, 949, 34, 8.28%, 0, 0, 2, 4.54
1747779622, 0, 6, 950, 949, 35, 8.28%, 0, 0, 2, 4.66
1747779648, 0, 7, 950, 949, 35, 8.28%, 0, 0, 2, 4.87
1747779659, 0, 7, 951, 950, 35, 8.28%, 0, 0, 2, 4.94
1747779690, 0, 7, 952, 951, 35, 8.28%, 0, 0, 2, 4.28
1747779700, 0, 7, 953, 952, 35, 8.28%, 0, 0, 2, 4.19
1747779721, 0, 7, 954, 953, 35, 8.28%, 0, 0, 2, 4.34
1747779737, 0, 7, 955, 954, 35, 8.28%, 0, 0, 2, 5.17
1747779742, 0, 7, 956, 955, 35, 8.28%, 0, 0, 2, 3.96
1747779748, 0, 7, 957, 956, 35, 8.28%, 0, 0, 2, 3.13
1747779922, 0, 7, 958, 957, 35, 8.28%, 0, 0, 2, 4.16
1747779938, 0, 7, 959, 958, 35, 8.28%, 0, 0, 2, 4.49
1747779959, 0, 7, 960, 959, 35, 8.28%, 0, 0, 2, 4.03
1747779985, 0, 7, 961, 960, 35, 8.28%, 0, 0, 2, 4.29
1747780041, 0, 7, 962, 961, 35, 8.28%, 0, 0, 2, 4.96
1747780051, 0, 7, 963, 962, 35, 8.29%, 0, 0, 2, 3.48
1747780067, 0, 7, 964, 963, 35, 8.29%, 0, 0, 2, 4.31
1747780083, 0, 7, 965, 964, 35, 8.29%, 0, 0, 2, 3.83
1747780108, 0, 7, 966, 965, 35, 8.45%, 0, 0, 2, 4.76
1747780129, 0, 7, 967, 966, 35, 8.45%, 0, 0, 2, 4.08
1747780145, 0, 7, 968, 967, 35, 8.45%, 0, 0, 2, 4.85
1747780176, 0, 7, 969, 968, 35, 8.45%, 0, 0, 2, 4.22
1747780192, 0, 7, 970, 969, 35, 8.45%, 0, 0, 2, 3.81
1747780218, 0, 7, 971, 970, 35, 8.45%, 0, 0, 2, 4.32
1747780244, 0, 7, 972, 971, 35, 8.48%, 0, 0, 2, 4.31
1747780254, 0, 7, 973, 972, 35, 8.48%, 0, 0, 2, 4.40
1747780264, 0, 7, 974, 973, 35, 8.48%, 0, 0, 2, 3.85
1747780285, 0, 7, 975, 974, 35, 8.55%, 0, 0, 2, 3.36
1747780306, 0, 7, 976, 975, 35, 8.55%, 0, 0, 2, 4.62
1747780331, 0, 7, 977, 976, 35, 8.55%, 0, 0, 2, 4.54
1747780352, 0, 7, 978, 977, 35, 8.55%, 0, 0, 2, 4.14
1747780357, 0, 7, 979, 978, 35, 8.55%, 0, 0, 2, 3.60
1747780362, 0, 7, 980, 979, 35, 8.55%, 0, 0, 2, 2.93
1747780378, 0, 7, 981, 980, 35, 8.55%, 0, 0, 2, 3.81
1747780394, 0, 7, 982, 981, 35, 8.55%, 0, 0, 2, 3.67
1747780425, 0, 7, 983, 982, 35, 8.55%, 0, 0, 2, 4.11
1747780601, 0, 7, 984, 983, 35, 8.55%, 0, 0, 2, 3.62
1747780616, 0, 7, 985, 984, 35, 8.55%, 0, 0, 2, 4.04
1747780658, 0, 8, 985, 984, 31, 8.55%, 0, 0, 2, 4.49
1747780684, 0, 9, 985, 984, 31, 8.55%, 0, 0, 2, 4.68
1747780710, 0, 9, 986, 985, 31, 8.55%, 0, 0, 2, 5.15
1747780736, 0, 9, 987, 986, 31, 8.55%, 0, 0, 2, 3.84
1747780798, 0, 10, 987, 986, 31, 8.55%, 0, 0, 2, 4.62
1747780824, 0, 11, 987, 986, 31, 8.55%, 0, 0, 2, 4.56
1747780845, 0, 11, 988, 987, 31, 8.55%, 0, 0, 2, 4.26
1747780865, 0, 11, 989, 988, 31, 8.55%, 0, 0, 2, 4.77
1747780938, 0, 11, 990, 989, 31, 8.55%, 0, 0, 2, 4.42
1747780964, 0, 11, 991, 990, 31, 8.55%, 0, 0, 2, 5.05
1747781015, 0, 11, 992, 991, 31, 8.55%, 0, 0, 2, 4.21
1747781138, 0, 11, 993, 992, 31, 8.55%, 0, 0, 2, 4.22
1747781164, 0, 11, 994, 993, 31, 8.55%, 0, 0, 2, 4.06
1747781169, 0, 11, 995, 994, 31, 8.55%, 0, 0, 2, 3.23
1747781174, 0, 11, 996, 995, 31, 8.55%, 0, 0, 2, 3.19
1747781195, 0, 11, 997, 996, 31, 8.56%, 0, 0, 2, 3.90
1747781210, 0, 11, 998, 997, 31, 8.56%, 0, 0, 2, 4.90
1747781272, 0, 11, 999, 998, 31, 8.56%, 0, 0, 2, 4.81
1747781288, 0, 11, 1000, 999, 31, 8.56%, 0, 0, 2, 4.52
1747781339, 0, 11, 1001, 1000, 31, 8.56%, 0, 0, 2, 4.21
1747781344, 0, 11, 1002, 1001, 31, 8.56%, 0, 0, 2, 3.34
1747781386, 0, 11, 1003, 1002, 31, 8.56%, 0, 0, 2, 4.16
1747781463, 0, 11, 1004, 1003, 31, 8.56%, 0, 0, 2, 4.05
1747781468, 0, 11, 1005, 1004, 31, 8.56%, 0, 0, 2, 4.04
1747781504, 0, 11, 1006, 1005, 31, 8.56%, 0, 0, 2, 3.74
1747781525, 0, 11, 1007, 1006, 31, 8.56%, 0, 0, 2, 3.99
1747781545, 0, 11, 1008, 1007, 31, 8.56%, 0, 0, 2, 4.98
1747781556, 0, 11, 1009, 1008, 31, 8.56%, 0, 0, 2, 4.26
1747781581, 0, 11, 1010, 1009, 31, 8.56%, 0, 0, 2, 4.29
1747781638, 0, 11, 1011, 1010, 31, 8.56%, 0, 0, 2, 4.42
1747781685, 0, 11, 1012, 1011, 31, 8.56%, 0, 0, 2, 4.47
1747781727, 0, 11, 1013, 1012, 31, 8.56%, 0, 0, 2, 4.21
1747781747, 0, 11, 1014, 1013, 31, 8.56%, 0, 0, 2, 3.57
1747781788, 0, 13, 1014, 1013, 30, 8.56%, 0, 0, 2, 5.40
1747781820, 0, 15, 1014, 1013, 30, 8.56%, 0, 0, 2, 4.91
1747781846, 0, 16, 1014, 1013, 30, 8.56%, 0, 0, 2, 4.59
1747781872, 0, 17, 1014, 1013, 30, 8.56%, 0, 0, 2, 4.66
1747781887, 0, 17, 1015, 1014, 30, 8.56%, 0, 0, 2, 4.49
1747781928, 0, 18, 1015, 1014, 30, 8.56%, 0, 0, 2, 4.84
1747781933, 0, 18, 1016, 1015, 30, 8.56%, 0, 0, 2, 3.96
1747781979, 0, 18, 1017, 1016, 30, 8.73%, 0, 0, 2, 3.95
1747781989, 0, 18, 1018, 1017, 30, 8.73%, 0, 0, 2, 4.53
1747782035, 0, 18, 1019, 1018, 30, 8.73%, 0, 0, 2, 4.20
1747782066, 0, 18, 1020, 1019, 30, 8.73%, 0, 0, 2, 3.96
1747782112, 0, 18, 1021, 1020, 30, 8.73%, 0, 0, 2, 3.98
1747782164, 0, 18, 1022, 1021, 30, 8.73%, 0, 0, 2, 3.48
1747782174, 0, 18, 1023, 1022, 30, 8.73%, 0, 0, 2, 3.36
1747782236, 0, 18, 1024, 1023, 30, 8.73%, 0, 0, 2, 4.55
1747782297, 0, 18, 1025, 1024, 30, 8.73%, 0, 0, 2, 3.57
1747782375, 0, 18, 1026, 1025, 30, 8.73%, 0, 0, 2, 4.47
1747782380, 0, 18, 1027, 1026, 30, 8.73%, 0, 0, 2, 5.02
1747782416, 0, 18, 1028, 1027, 30, 8.73%, 0, 0, 2, 4.03
1747782498, 0, 18, 1029, 1028, 30, 8.73%, 0, 0, 2, 4.25
1747782508, 0, 18, 1030, 1029, 30, 8.73%, 0, 0, 2, 3.79
1747782519, 0, 18, 1031, 1030, 30, 8.73%, 0, 0, 2, 3.76
1747782570, 0, 18, 1032, 1031, 30, 8.73%, 0, 0, 2, 4.80
1747782622, 0, 18, 1033, 1032, 30, 8.73%, 0, 0, 2, 3.81
1747782648, 0, 18, 1034, 1033, 30, 8.73%, 0, 0, 2, 3.93
1747782870, 0, 19, 1034, 1033, 31, 8.73%, 0, 0, 2, 4.55
1747782896, 0, 20, 1034, 1033, 31, 8.73%, 0, 0, 2, 4.75
1747782922, 0, 21, 1034, 1033, 31, 8.73%, 0, 0, 2, 4.86
1747782953, 0, 22, 1034, 1033, 31, 8.73%, 0, 0, 2, 5.17
1747782979, 0, 24, 1034, 1033, 31, 8.73%, 0, 0, 2, 4.72
1747782989, 0, 24, 1035, 1034, 31, 8.73%, 0, 0, 2, 4.65
1747783005, 0, 24, 1036, 1035, 31, 8.73%, 0, 0, 2, 4.66
1747783093, 0, 25, 1036, 1035, 31, 8.73%, 0, 0, 2, 4.49
1747783119, 0, 27, 1036, 1035, 31, 8.73%, 0, 0, 2, 4.90
1747783124, 0, 27, 1037, 1036, 31, 8.73%, 0, 0, 2, 5.13
1747783181, 0, 28, 1037, 1036, 31, 8.73%, 0, 0, 2, 4.48
1747783207, 0, 28, 1038, 1037, 31, 8.73%, 0, 0, 2, 3.58
1747783243, 0, 29, 1038, 1037, 31, 8.73%, 0, 0, 2, 4.34
1747783264, 0, 29, 1039, 1038, 31, 8.73%, 0, 0, 2, 4.18
1747783300, 0, 30, 1039, 1038, 31, 8.73%, 0, 0, 2, 4.40
1747783331, 0, 31, 1039, 1038, 31, 8.73%, 0, 0, 2, 4.20
1747783357, 0, 32, 1039, 1038, 31, 8.73%, 0, 0, 2, 5.29
1747783387, 0, 33, 1039, 1038, 31, 8.73%, 0, 0, 2, 4.48
1747783413, 0, 34, 1039, 1038, 31, 8.73%, 0, 0, 2, 4.88
1747783445, 0, 36, 1039, 1038, 31, 8.73%, 0, 0, 2, 5.10
1747783470, 0, 37, 1039, 1038, 31, 8.73%, 0, 0, 2, 4.34
1747783496, 0, 38, 1039, 1038, 31, 8.73%, 0, 0, 2, 4.66
1747783527, 0, 40, 1039, 1038, 31, 8.73%, 0, 0, 2, 4.71
1747783553, 0, 41, 1039, 1038, 31, 8.73%, 0, 0, 2, 5.02
1747783579, 0, 42, 1039, 1038, 31, 8.73%, 0, 0, 2, 4.72
1747783610, 0, 43, 1039, 1038, 31, 8.73%, 0, 0, 2, 4.67
1747783636, 0, 46, 1039, 1038, 31, 8.73%, 0, 0, 2, 4.70
1747783662, 0, 47, 1039, 1038, 31, 8.73%, 0, 0, 2, 4.56
1747783688, 0, 48, 1039, 1038, 31, 8.73%, 0, 0, 2, 4.48
1747783719, 0, 49, 1039, 1038, 31, 8.73%, 0, 0, 2, 4.82
1747783745, 0, 50, 1039, 1038, 31, 8.73%, 0, 0, 2, 4.85
1747783776, 0, 52, 1039, 1038, 31, 8.73%, 0, 0, 2, 4.41
1747783802, 0, 53, 1039, 1038, 31, 8.73%, 0, 0, 2, 4.72
1747783807, 0, 53, 1040, 1039, 31, 8.73%, 0, 0, 2, 4.56
1747783822, 0, 53, 1041, 1040, 31, 8.73%, 0, 0, 2, 4.99
1747783915, 0, 55, 1041, 1040, 31, 8.73%, 0, 0, 2, 5.12
1747783940, 0, 56, 1041, 1040, 31, 8.73%, 0, 0, 2, 5.01
1747783966, 0, 57, 1041, 1040, 31, 8.73%, 0, 0, 2, 5.09
1747783997, 0, 58, 1041, 1040, 31, 8.73%, 0, 0, 2, 4.78
1747784022, 0, 59, 1041, 1040, 31, 8.73%, 0, 0, 2, 4.54
1747784053, 0, 60, 1041, 1040, 31, 8.73%, 0, 0, 2, 4.92
1747784078, 0, 61, 1041, 1040, 31, 8.73%, 0, 0, 2, 5.03
1747784110, 0, 63, 1041, 1040, 31, 8.73%, 0, 0, 2, 4.17
1747784135, 0, 64, 1041, 1040, 31, 8.73%, 0, 0, 2, 5.28
1747784161, 0, 65, 1041, 1040, 31, 8.73%, 0, 0, 2, 4.88
1747784192, 0, 66, 1041, 1040, 31, 8.73%, 0, 0, 2, 5.31
1747784218, 0, 69, 1041, 1040, 31, 8.73%, 0, 0, 2, 3.98
1747784248, 0, 70, 1041, 1040, 31, 8.73%, 0, 0, 2, 4.46
1747784274, 0, 71, 1041, 1040, 31, 8.73%, 0, 0, 2, 5.31
1747784289, 0, 71, 1042, 1041, 31, 8.73%, 0, 0, 2, 4.85
1747784336, 0, 72, 1042, 1041, 31, 8.73%, 0, 0, 2, 4.67
1747784361, 0, 73, 1042, 1041, 31, 8.73%, 0, 0, 2, 4.64
1747784387, 0, 74, 1042, 1041, 31, 8.73%, 0, 0, 2, 4.30
1747784408, 0, 74, 1043, 1042, 31, 8.73%, 0, 0, 2, 3.34
1747784449, 0, 75, 1043, 1042, 31, 8.73%, 0, 0, 2, 4.73
1747784470, 0, 75, 1044, 1043, 31, 8.73%, 0, 0, 2, 4.60
1747784511, 0, 76, 1045, 1044, 31, 8.73%, 0, 0, 2, 4.56
1747784553, 0, 76, 1046, 1045, 31, 8.73%, 0, 0, 2, 4.13
1747784626, 0, 77, 1046, 1045, 31, 8.73%, 0, 0, 2, 4.64
1747784651, 0, 78, 1046, 1045, 31, 8.73%, 0, 0, 2, 4.14
1747784682, 0, 79, 1046, 1045, 31, 8.73%, 0, 0, 2, 4.53
1747784708, 0, 80, 1046, 1045, 31, 8.73%, 0, 0, 2, 4.41
1747784723, 0, 80, 1047, 1046, 31, 8.73%, 0, 0, 2, 4.50
1747784765, 0, 81, 1047, 1046, 31, 8.73%, 0, 0, 2, 4.75
1747784796, 0, 82, 1047, 1046, 31, 8.73%, 0, 0, 2, 4.96
1747784821, 0, 83, 1047, 1046, 31, 8.73%, 0, 0, 2, 4.97
1747784847, 0, 84, 1047, 1046, 31, 8.73%, 0, 0, 2, 4.95
1747784873, 0, 85, 1047, 1046, 31, 8.73%, 0, 0, 2, 4.64
1747784904, 0, 86, 1047, 1046, 31, 8.73%, 0, 0, 2, 4.86
1747784930, 0, 88, 1047, 1046, 31, 8.73%, 0, 0, 2, 4.58
1747784961, 0, 89, 1047, 1046, 31, 8.73%, 0, 0, 2, 4.18
1747784986, 0, 90, 1047, 1046, 31, 8.73%, 0, 0, 2, 4.75
1747785017, 0, 91, 1047, 1046, 31, 8.73%, 0, 0, 2, 4.31
1747785037, 0, 91, 1048, 1047, 31, 8.73%, 0, 0, 2, 3.51
1747785063, 0, 91, 1049, 1048, 31, 8.73%, 0, 0, 2, 4.56
1747785135, 0, 92, 1049, 1048, 31, 8.73%, 0, 0, 2, 5.15
1747785145, 0, 92, 1050, 1049, 31, 8.73%, 0, 0, 2, 3.89
1747785187, 0, 92, 1051, 1050, 31, 8.73%, 0, 0, 2, 4.42
1747785233, 0, 92, 1052, 1051, 31, 8.73%, 0, 0, 2, 4.30
1747785357, 0, 93, 1052, 1051, 31, 8.73%, 0, 0, 2, 4.86
1747785388, 0, 94, 1052, 1051, 31, 8.73%, 0, 0, 2, 4.58
1747785414, 0, 95, 1052, 1051, 31, 8.73%, 0, 0, 2, 4.89
1747785445, 0, 96, 1052, 1051, 31, 8.73%, 0, 0, 2, 4.56
1747785466, 0, 97, 1052, 1051, 31, 8.73%, 0, 0, 2, 7.27
1747785486, 0, 99, 1052, 1051, 31, 8.73%, 0, 0, 2, 9.10
1747785502, 0, 100, 1052, 1051, 31, 8.73%, 0, 0, 2, 8.25
1747785517, 0, 101, 1052, 1051, 31, 8.73%, 0, 0, 2, 8.67
1747785533, 0, 102, 1052, 1051, 31, 8.73%, 0, 0, 2, 7.81
1747785548, 0, 103, 1052, 1051, 31, 8.73%, 0, 0, 2, 7.50
1747785563, 0, 104, 1052, 1051, 31, 8.73%, 0, 0, 2, 8.37
1747785584, 0, 106, 1052, 1051, 31, 8.73%, 0, 0, 2, 8.39
1747785600, 0, 107, 1052, 1051, 31, 8.73%, 0, 0, 2, 7.61
1747785615, 0, 108, 1052, 1051, 31, 8.73%, 0, 0, 2, 7.63
1747785630, 0, 110, 1052, 1051, 31, 8.73%, 0, 0, 2, 8.27
1747785641, 0, 110, 1053, 1052, 31, 8.73%, 0, 0, 2, 7.61
1747785666, 0, 112, 1053, 1052, 31, 8.73%, 0, 0, 2, 7.96
1747785672, 0, 112, 1054, 1053, 31, 8.73%, 0, 0, 2, 6.01
1747785697, 0, 113, 1054, 1053, 31, 8.73%, 0, 0, 2, 8.39
1747785718, 0, 115, 1054, 1053, 31, 8.73%, 0, 0, 2, 7.81
1747785733, 0, 116, 1054, 1053, 31, 8.73%, 0, 0, 2, 7.79
1747785749, 0, 118, 1054, 1053, 31, 8.73%, 0, 0, 2, 8.48
1747785754, 0, 118, 1055, 1054, 31, 8.73%, 0, 0, 2, 7.09
1747785780, 0, 118, 1056, 1055, 31, 8.73%, 0, 0, 2, 8.03
1747785795, 0, 118, 1057, 1056, 31, 8.73%, 0, 0, 2, 7.27
1747785882, 0, 119, 1057, 1056, 31, 8.73%, 0, 0, 2, 7.49
1747785898, 0, 120, 1057, 1056, 31, 8.73%, 0, 0, 2, 7.74
1747785908, 0, 120, 1058, 1057, 31, 8.73%, 0, 0, 2, 9.00
1747785934, 0, 121, 1058, 1057, 31, 8.73%, 0, 0, 2, 8.69
1747785950, 0, 123, 1058, 1057, 31, 8.73%, 0, 0, 2, 7.48
1747785965, 0, 124, 1058, 1057, 31, 8.73%, 0, 0, 2, 7.34
1747785980, 0, 125, 1058, 1057, 31, 8.73%, 0, 0, 2, 8.55
1747785996, 0, 126, 1058, 1057, 31, 8.73%, 0, 0, 2, 8.27
1747786016, 0, 128, 1058, 1057, 31, 8.73%, 0, 0, 2, 8.16
1747786027, 0, 129, 1058, 1057, 31, 8.73%, 0, 0, 2, 8.11
1747786042, 0, 130, 1058, 1057, 31, 8.73%, 0, 0, 2, 8.30
1747786058, 0, 132, 1058, 1057, 31, 8.73%, 0, 0, 2, 9.73
1747786074, 0, 134, 1058, 1057, 31, 8.73%, 0, 0, 2, 7.66
1747786094, 0, 135, 1058, 1057, 31, 8.73%, 0, 0, 2, 7.61
1747786110, 0, 136, 1058, 1057, 31, 8.73%, 0, 0, 2, 7.70
1747786125, 0, 136, 1059, 1058, 31, 8.78%, 0, 0, 2, 7.27
1747786145, 0, 137, 1059, 1058, 32, 8.78%, 0, 0, 2, 7.49
1747786161, 0, 138, 1059, 1058, 32, 8.78%, 0, 0, 2, 7.85
1747786176, 0, 139, 1059, 1058, 32, 8.78%, 0, 0, 2, 7.79
1747786192, 0, 139, 1060, 1059, 32, 8.78%, 0, 0, 2, 6.54
1747786212, 0, 140, 1060, 1059, 32, 8.78%, 0, 0, 2, 7.65
1747786228, 0, 141, 1060, 1059, 32, 8.78%, 0, 0, 2, 7.18
1747786248, 0, 145, 1060, 1059, 32, 8.78%, 0, 0, 2, 26.41
1747786284, 0, 145, 1061, 1060, 32, 8.78%, 0, 0, 3, 17.96
1747786310, 0, 145, 1062, 1061, 32, 8.78%, 0, 0, 3, 19.44
1747786325, 0, 145, 1063, 1062, 32, 8.78%, 0, 0, 3, 18.28
1747786382, 0, 145, 1064, 1063, 32, 8.78%, 0, 0, 3, 17.90
1747786402, 0, 145, 1065, 1064, 32, 8.78%, 0, 0, 3, 16.01
1747786443, 0, 145, 1066, 1065, 32, 8.78%, 0, 0, 3, 18.41
1747786510, 0, 145, 1067, 1066, 32, 8.78%, 0, 0, 3, 17.93
1747786515, 0, 145, 1068, 1067, 32, 8.78%, 0, 0, 3, 15.94
1747786893, 0, 145, 1069, 1068, 32, 8.78%, 0, 0, 3, 17.94
1747786924, 0, 145, 1070, 1069, 32, 8.78%, 0, 0, 3, 16.77
1747786944, 0, 146, 1070, 1068, 32, 8.78%, 0, 0, 3, 13.42
1747786960, 0, 148, 1070, 1068, 32, 8.78%, 0, 0, 3, 8.27
1747786975, 0, 149, 1070, 1068, 32, 8.78%, 0, 0, 3, 8.20
1747786996, 0, 150, 1070, 1068, 32, 8.78%, 0, 0, 3, 8.46
1747787011, 0, 151, 1070, 1068, 32, 8.78%, 0, 0, 3, 7.74
1747787026, 0, 152, 1070, 1068, 32, 8.78%, 0, 0, 3, 8.04
1747787042, 0, 153, 1070, 1068, 32, 8.78%, 0, 0, 3, 8.03
1747787057, 0, 154, 1070, 1068, 32, 8.78%, 0, 0, 3, 8.28
1747787072, 0, 155, 1070, 1068, 32, 8.78%, 0, 0, 3, 7.91
1747787087, 0, 156, 1070, 1068, 32, 8.78%, 0, 0, 3, 9.21
1747787108, 0, 157, 1070, 1068, 32, 8.78%, 0, 0, 3, 5.28
1747787134, 0, 157, 1071, 1069, 32, 8.78%, 0, 0, 3, 3.98
1747787170, 0, 158, 1071, 1069, 32, 8.78%, 0, 0, 3, 4.87
1747787196, 0, 162, 1071, 1069, 32, 8.78%, 0, 0, 3, 4.95
1747787227, 0, 163, 1071, 1069, 32, 8.78%, 0, 0, 3, 4.47
1747787253, 0, 165, 1071, 1069, 32, 8.78%, 0, 0, 3, 4.51
1747787279, 0, 167, 1071, 1069, 32, 8.78%, 0, 0, 3, 4.90
1747787305, 0, 167, 1072, 1070, 32, 8.78%, 0, 0, 3, 4.53
1747787341, 0, 168, 1072, 1070, 32, 8.78%, 0, 0, 3, 4.36
1747787367, 0, 169, 1072, 1070, 32, 8.78%, 0, 0, 3, 4.55
1747787397, 0, 170, 1072, 1070, 32, 8.78%, 0, 0, 3, 4.54
1747787423, 0, 171, 1072, 1070, 32, 8.78%, 0, 0, 3, 4.91
1747787449, 0, 172, 1072, 1070, 32, 8.78%, 0, 0, 3, 4.80
1747787480, 0, 174, 1072, 1070, 32, 8.78%, 0, 0, 3, 4.50
1747787506, 0, 175, 1072, 1070, 32, 8.78%, 0, 0, 3, 4.44
1747787532, 0, 176, 1072, 1070, 32, 8.78%, 0, 0, 3, 4.84
1747787563, 0, 177, 1072, 1070, 32, 8.78%, 0, 0, 3, 4.70
1747787589, 0, 178, 1072, 1070, 32, 8.78%, 0, 0, 3, 4.53
1747787599, 0, 178, 1073, 1071, 32, 8.78%, 0, 0, 3, 4.23
1747787645, 0, 179, 1073, 1071, 32, 8.78%, 0, 0, 3, 4.92
1747787676, 0, 180, 1073, 1071, 32, 8.78%, 0, 0, 3, 4.74
1747787686, 0, 180, 1074, 1072, 32, 8.78%, 0, 0, 3, 4.98
1747787733, 0, 182, 1074, 1072, 32, 8.78%, 0, 0, 3, 4.47
1747787763, 0, 183, 1074, 1072, 32, 8.78%, 0, 0, 3, 4.36
1747787789, 0, 184, 1074, 1072, 32, 8.78%, 0, 0, 3, 4.50
1747787815, 0, 185, 1074, 1072, 32, 8.78%, 0, 0, 3, 4.86
1747787846, 0, 186, 1074, 1072, 32, 8.78%, 0, 0, 3, 5.05
1747787862, 0, 186, 1075, 1073, 32, 8.78%, 0, 0, 3, 4.20
1747787872, 0, 186, 1076, 1074, 32, 8.78%, 0, 0, 3, 4.03
1747787965, 0, 187, 1076, 1074, 32, 8.78%, 0, 0, 3, 4.40
1747787975, 0, 187, 1077, 1075, 32, 8.78%, 0, 0, 3, 4.00
1747788022, 0, 188, 1077, 1075, 32, 8.78%, 0, 0, 3, 5.15
1747788047, 0, 189, 1077, 1075, 32, 8.78%, 0, 0, 3, 4.46
1747788079, 0, 190, 1077, 1075, 32, 8.78%, 0, 0, 3, 4.41
1747788105, 0, 191, 1077, 1075, 32, 8.78%, 0, 0, 3, 5.02
1747788136, 0, 192, 1077, 1075, 32, 8.78%, 0, 0, 3, 4.77
1747788162, 0, 194, 1077, 1075, 32, 8.78%, 0, 0, 3, 5.29
1747788187, 0, 195, 1077, 1075, 32, 8.78%, 0, 0, 3, 4.44
1747788218, 0, 196, 1077, 1075, 32, 8.78%, 0, 0, 3, 4.68
1747788245, 0, 197, 1077, 1075, 32, 8.78%, 0, 0, 3, 5.02
1747788260, 0, 197, 1078, 1076, 32, 8.78%, 0, 0, 3, 4.18
1747788301, 0, 198, 1078, 1076, 32, 8.78%, 0, 0, 3, 4.46
1747788332, 0, 199, 1078, 1076, 32, 8.78%, 0, 0, 3, 4.42
1747788358, 0, 200, 1078, 1076, 32, 8.78%, 0, 0, 3, 5.05
1747788388, 0, 201, 1078, 1076, 32, 8.78%, 0, 0, 3, 4.54
1747788415, 0, 202, 1078, 1076, 32, 8.78%, 0, 0, 3, 4.40
1747788446, 0, 203, 1078, 1076, 32, 8.78%, 0, 0, 3, 4.92
1747788471, 0, 204, 1078, 1076, 32, 8.78%, 0, 0, 3, 4.64
1747788502, 0, 206, 1078, 1076, 32, 8.78%, 0, 0, 3, 4.83
1747788528, 0, 207, 1078, 1076, 32, 8.78%, 0, 0, 3, 4.45
1747788559, 0, 209, 1078, 1076, 32, 8.78%, 0, 0, 3, 4.41
1747788584, 0, 210, 1078, 1076, 32, 8.78%, 0, 0, 3, 4.78
1747788615, 0, 211, 1078, 1076, 32, 8.78%, 0, 0, 3, 4.53
1747788641, 0, 212, 1078, 1076, 32, 8.78%, 0, 0, 3, 4.40
1747788672, 0, 213, 1078, 1076, 32, 8.78%, 0, 0, 3, 4.84
1747788688, 0, 213, 1079, 1077, 32, 8.78%, 0, 0, 3, 4.49
1747788729, 0, 214, 1079, 1077, 32, 8.78%, 0, 0, 3, 4.49
1747788760, 0, 215, 1079, 1077, 32, 8.78%, 0, 0, 3, 4.24
1747788785, 0, 216, 1079, 1077, 32, 8.78%, 0, 0, 3, 4.64
1747788816, 0, 217, 1079, 1077, 32, 8.78%, 0, 0, 3, 5.03
1747788842, 0, 218, 1079, 1077, 32, 8.78%, 0, 0, 3, 5.12
1747788868, 0, 219, 1079, 1077, 32, 8.78%, 0, 0, 3, 4.99
1747788894, 0, 220, 1079, 1077, 32, 8.78%, 0, 0, 3, 4.64
1747788899, 0, 220, 1080, 1078, 32, 8.78%, 0, 0, 3, 4.26
1747788956, 0, 221, 1080, 1078, 32, 8.78%, 0, 0, 3, 4.78
1747788982, 0, 222, 1080, 1078, 32, 8.78%, 0, 0, 3, 4.76
1747789008, 0, 224, 1080, 1078, 32, 8.78%, 0, 0, 3, 4.29
1747789039, 0, 225, 1080, 1078, 32, 8.78%, 0, 0, 3, 4.85
1747789064, 0, 225, 1081, 1079, 32, 8.78%, 0, 0, 3, 4.63
1747789095, 0, 226, 1081, 1079, 32, 8.78%, 0, 0, 3, 4.56
1747789121, 0, 227, 1081, 1079, 32, 8.78%, 0, 0, 3, 5.14
1747789146, 0, 228, 1081, 1079, 32, 8.78%, 0, 0, 3, 4.80
1747789178, 0, 230, 1081, 1079, 32, 8.78%, 0, 0, 3, 4.80
1747789204, 0, 231, 1081, 1079, 32, 8.78%, 0, 0, 3, 4.96
1747789229, 0, 232, 1081, 1079, 32, 8.78%, 0, 0, 3, 4.79
1747789260, 0, 233, 1081, 1079, 32, 8.78%, 0, 0, 3, 4.41
1747789285, 0, 234, 1081, 1079, 32, 8.78%, 0, 0, 3, 5.05
1747789317, 0, 235, 1081, 1079, 32, 8.78%, 0, 0, 3, 4.65
1747789342, 0, 237, 1081, 1079, 32, 8.78%, 0, 0, 3, 4.42
1747789374, 0, 238, 1081, 1079, 32, 8.78%, 0, 0, 3, 5.11
1747789400, 0, 239, 1081, 1079, 32, 8.78%, 0, 0, 3, 4.68
1747789425, 0, 240, 1081, 1079, 32, 8.78%, 0, 0, 3, 4.76
1747789456, 0, 241, 1081, 1079, 32, 8.78%, 0, 0, 3, 4.88
1747789477, 0, 241, 1082, 1080, 32, 8.78%, 0, 0, 3, 4.78
1747789513, 0, 242, 1082, 1080, 32, 8.78%, 0, 0, 3, 4.69
1747789539, 0, 243, 1082, 1080, 32, 8.78%, 0, 0, 3, 4.26
1747789569, 0, 244, 1082, 1080, 32, 8.78%, 0, 0, 3, 4.83
1747789595, 0, 246, 1082, 1080, 32, 8.78%, 0, 0, 3, 4.44
1747789626, 0, 248, 1082, 1080, 32, 8.78%, 0, 0, 3, 4.66
1747789652, 0, 249, 1082, 1080, 32, 8.78%, 0, 0, 3, 4.39
1747789683, 0, 250, 1082, 1080, 32, 8.78%, 0, 0, 3, 4.33
1747789709, 0, 252, 1082, 1080, 32, 8.78%, 0, 0, 3, 4.99
1747789740, 0, 254, 1082, 1080, 32, 8.78%, 0, 0, 3, 5.00
1747789766, 0, 255, 1082, 1080, 32, 8.78%, 0, 0, 3, 4.89
1747789792, 0, 256, 1082, 1080, 32, 8.78%, 0, 0, 3, 4.79
1747789822, 0, 257, 1082, 1080, 32, 8.78%, 0, 0, 3, 4.60
1747789848, 0, 258, 1082, 1080, 32, 8.78%, 0, 0, 3, 4.44
1747789880, 0, 261, 1082, 1080, 32, 8.78%, 0, 0, 3, 5.05
1747789906, 0, 262, 1082, 1080, 32, 8.78%, 0, 0, 3, 5.05
1747789932, 0, 263, 1082, 1080, 32, 8.78%, 0, 0, 3, 4.74
1747789958, 0, 264, 1082, 1080, 32, 8.78%, 0, 0, 3, 4.86
1747789988, 0, 265, 1082, 1080, 32, 8.78%, 0, 0, 3, 4.39
1747790019, 0, 266, 1082, 1080, 32, 8.78%, 0, 0, 3, 4.58
1747790045, 0, 267, 1082, 1080, 32, 8.78%, 0, 0, 3, 4.34
1747790071, 0, 268, 1082, 1080, 32, 8.78%, 0, 0, 3, 4.29
1747790102, 0, 269, 1082, 1080, 32, 8.78%, 0, 0, 3, 4.87
1747790128, 0, 270, 1082, 1080, 32, 8.78%, 0, 0, 3, 4.69
1747790158, 0, 271, 1082, 1080, 32, 8.78%, 0, 0, 3, 4.89
1747790185, 0, 272, 1082, 1080, 32, 8.78%, 0, 0, 3, 4.31
1747790210, 0, 273, 1082, 1080, 32, 8.78%, 0, 0, 3, 5.19
1747790236, 0, 274, 1082, 1080, 32, 8.78%, 0, 0, 3, 4.49
1747790267, 0, 275, 1082, 1080, 32, 8.78%, 0, 0, 3, 4.48
1747790293, 0, 276, 1082, 1080, 32, 8.78%, 0, 0, 3, 4.55
1747790325, 0, 277, 1082, 1080, 32, 8.78%, 0, 0, 3, 4.81
1747790351, 0, 279, 1082, 1080, 32, 8.78%, 0, 0, 3, 5.25
1747790382, 0, 282, 1082, 1080, 32, 8.78%, 0, 0, 3, 4.58
1747790407, 0, 283, 1082, 1080, 32, 8.78%, 0, 0, 3, 4.55
1747790433, 0, 284, 1082, 1080, 32, 8.78%, 0, 0, 3, 4.98
1747790464, 0, 285, 1082, 1080, 32, 8.78%, 0, 0, 3, 4.86
1747790489, 0, 286, 1082, 1080, 32, 8.78%, 0, 0, 3, 5.04
1747790515, 0, 286, 1083, 1081, 32, 8.78%, 0, 0, 3, 4.13
1747790550, 0, 287, 1083, 1081, 32, 8.78%, 0, 0, 3, 5.19
1747790576, 0, 289, 1083, 1081, 32, 8.78%, 0, 0, 3, 4.85
1747790602, 0, 290, 1083, 1081, 32, 8.78%, 0, 0, 3, 4.47
1747790633, 0, 292, 1083, 1081, 32, 8.78%, 0, 0, 3, 4.49
1747790658, 0, 295, 1083, 1081, 32, 8.78%, 0, 0, 3, 4.37
1747790689, 0, 296, 1083, 1081, 32, 8.78%, 0, 0, 3, 4.25
1747790720, 0, 297, 1083, 1081, 32, 8.78%, 0, 0, 3, 4.69
1747790746, 0, 298, 1083, 1081, 32, 8.78%, 0, 0, 3, 4.52
1747790772, 0, 299, 1083, 1081, 32, 8.78%, 0, 0, 3, 4.61
1747790798, 0, 300, 1083, 1081, 32, 8.78%, 0, 0, 3, 5.25
1747790829, 0, 301, 1083, 1081, 32, 8.78%, 0, 0, 3, 4.82
1747790855, 0, 302, 1083, 1081, 32, 8.78%, 0, 0, 3, 4.77
1747790882, 0, 303, 1083, 1081, 32, 8.78%, 0, 0, 3, 4.32
1747790908, 0, 304, 1083, 1081, 32, 8.78%, 0, 0, 3, 4.73
1747790939, 0, 305, 1083, 1081, 32, 8.78%, 0, 0, 3, 4.46
1747790965, 0, 306, 1083, 1081, 32, 8.78%, 0, 0, 3, 4.79
1747790996, 0, 307, 1083, 1081, 32, 8.78%, 0, 0, 3, 4.72
1747791016, 0, 307, 1084, 1082, 32, 8.78%, 0, 0, 3, 4.11
1747791058, 0, 308, 1084, 1082, 32, 8.78%, 0, 0, 3, 4.98
1747791078, 0, 308, 1085, 1083, 32, 8.78%, 0, 0, 3, 4.09
1747791115, 0, 311, 1085, 1083, 32, 8.78%, 0, 0, 3, 4.46
1747791140, 0, 312, 1085, 1083, 32, 8.78%, 0, 0, 3, 4.58
1747791166, 0, 313, 1085, 1083, 32, 8.78%, 0, 0, 3, 4.44
1747791197, 0, 314, 1085, 1083, 32, 8.78%, 0, 0, 3, 4.93
1747791228, 0, 317, 1085, 1083, 32, 8.78%, 0, 0, 3, 4.80
1747791254, 0, 318, 1085, 1083, 32, 8.78%, 0, 0, 3, 4.78
1747791280, 0, 319, 1085, 1083, 32, 8.78%, 0, 0, 3, 4.93
1747791306, 0, 321, 1085, 1083, 32, 8.78%, 0, 0, 3, 4.11
1747791337, 0, 323, 1085, 1083, 32, 8.78%, 0, 0, 3, 4.97
1747791362, 0, 324, 1085, 1083, 32, 8.78%, 0, 0, 3, 5.05
1747791388, 0, 325, 1085, 1083, 32, 8.78%, 0, 0, 3, 5.23
1747791419, 0, 326, 1085, 1083, 32, 8.78%, 0, 0, 3, 5.08
1747791445, 0, 327, 1085, 1083, 32, 8.78%, 0, 0, 3, 4.53
1747791471, 0, 328, 1085, 1083, 32, 8.78%, 0, 0, 3, 4.62
1747791497, 0, 330, 1085, 1083, 32, 8.78%, 0, 0, 3, 5.28
1747791528, 0, 331, 1085, 1083, 32, 8.78%, 0, 0, 3, 5.02
1747791554, 0, 332, 1085, 1083, 32, 8.78%, 0, 0, 3, 4.44
1747791580, 0, 333, 1085, 1083, 32, 8.78%, 0, 0, 3, 4.59
1747791611, 0, 334, 1085, 1083, 32, 8.78%, 0, 0, 3, 4.63
1747791637, 0, 335, 1085, 1083, 32, 8.78%, 0, 0, 3, 4.30
1747791669, 0, 336, 1085, 1083, 32, 8.78%, 0, 0, 3, 4.69
1747791694, 0, 337, 1085, 1083, 32, 8.78%, 0, 0, 3, 4.52
1747791726, 0, 338, 1085, 1083, 32, 8.78%, 0, 0, 3, 4.50
1747791752, 0, 340, 1085, 1083, 32, 8.78%, 0, 0, 3, 4.45
1747791783, 0, 341, 1085, 1083, 32, 8.78%, 0, 0, 3, 5.03
1747791809, 0, 342, 1085, 1083, 32, 8.78%, 0, 0, 3, 4.59
1747791814, 0, 342, 1086, 1084, 32, 8.78%, 0, 0, 3, 4.50
1747791860, 0, 342, 1087, 1085, 32, 8.78%, 0, 0, 3, 3.48
1747791928, 0, 342, 1088, 1086, 32, 8.78%, 0, 0, 3, 3.81
1747791996, 0, 342, 1089, 1087, 32, 8.78%, 0, 0, 3, 3.92
1747792032, 0, 342, 1090, 1088, 32, 8.78%, 0, 0, 3, 4.05
1747792295, 0, 342, 1091, 1089, 32, 8.78%, 0, 0, 3, 4.60
1747792321, 0, 342, 1092, 1090, 32, 8.78%, 0, 0, 3, 4.24
1747792476, 0, 342, 1093, 1091, 32, 8.78%, 0, 0, 3, 4.32
1747792746, 0, 344, 1093, 1091, 32, 8.78%, 0, 0, 3, 5.53
1747792772, 0, 346, 1093, 1091, 32, 8.78%, 0, 0, 3, 5.63
1747792798, 0, 347, 1093, 1091, 32, 8.78%, 0, 0, 3, 4.61
1747792829, 0, 348, 1093, 1091, 32, 8.78%, 0, 0, 3, 4.75
1747792855, 0, 349, 1093, 1091, 32, 8.78%, 0, 0, 3, 4.86
1747792886, 0, 350, 1093, 1091, 32, 8.78%, 0, 0, 3, 4.33
1747792912, 0, 352, 1093, 1091, 32, 8.78%, 0, 0, 3, 4.36
1747792938, 0, 354, 1093, 1091, 32, 8.78%, 0, 0, 3, 4.99
1747792969, 0, 355, 1093, 1091, 32, 8.78%, 0, 0, 3, 4.48
1747793000, 0, 356, 1093, 1091, 32, 8.78%, 0, 0, 3, 4.88
1747793026, 0, 357, 1093, 1091, 32, 8.78%, 0, 0, 3, 4.52
1747793057, 0, 358, 1093, 1091, 32, 8.78%, 0, 0, 3, 4.76
1747793083, 0, 359, 1093, 1091, 32, 8.78%, 0, 0, 3, 4.78
1747793114, 0, 360, 1094, 1092, 32, 8.78%, 0, 0, 3, 4.78
1747793165, 0, 361, 1094, 1092, 32, 8.78%, 0, 0, 3, 4.21
1747793196, 0, 362, 1094, 1092, 32, 8.78%, 0, 0, 3, 4.85
1747793227, 0, 363, 1094, 1092, 32, 8.78%, 0, 0, 3, 4.38
1747793252, 0, 364, 1094, 1092, 32, 8.78%, 0, 0, 3, 4.39
1747793284, 0, 365, 1094, 1092, 32, 8.78%, 0, 0, 3, 4.30
1747793310, 0, 366, 1094, 1092, 32, 8.78%, 0, 0, 3, 4.56
1747793336, 0, 367, 1094, 1092, 32, 8.78%, 0, 0, 3, 5.24
1747793367, 0, 368, 1094, 1092, 32, 8.78%, 0, 0, 3, 4.67
1747793392, 0, 369, 1094, 1092, 32, 8.78%, 0, 0, 3, 5.20
1747793419, 0, 370, 1094, 1092, 32, 8.78%, 0, 0, 3, 4.82
1747793440, 0, 370, 1095, 1093, 32, 8.78%, 0, 0, 3, 3.87
1747793476, 0, 371, 1095, 1093, 32, 8.78%, 0, 0, 3, 4.53
1747793501, 0, 371, 1096, 1094, 32, 8.78%, 0, 0, 3, 4.55
1747793532, 0, 372, 1096, 1094, 32, 8.78%, 0, 0, 3, 5.14
1747793547, 0, 372, 1097, 1095, 32, 8.78%, 0, 0, 3, 4.66
1747793594, 0, 374, 1097, 1095, 32, 8.78%, 0, 0, 3, 4.42
1747793625, 0, 376, 1097, 1095, 32, 8.78%, 0, 0, 3, 4.87
1747793651, 0, 377, 1097, 1095, 32, 8.78%, 0, 0, 3, 4.81
1747793682, 0, 378, 1097, 1095, 32, 8.78%, 0, 0, 3, 4.76
1747793708, 0, 379, 1097, 1095, 32, 8.78%, 0, 0, 3, 4.87
1747793733, 0, 380, 1097, 1095, 32, 8.78%, 0, 0, 3, 4.72
1747793760, 0, 381, 1097, 1095, 32, 8.78%, 0, 0, 3, 4.85
1747793791, 0, 382, 1097, 1095, 32, 8.78%, 0, 0, 3, 4.89
1747793816, 0, 383, 1097, 1095, 32, 8.78%, 0, 0, 3, 4.37
1747793842, 0, 384, 1097, 1095, 32, 8.78%, 0, 0, 3, 5.18
1747793873, 0, 385, 1097, 1095, 32, 8.78%, 0, 0, 3, 4.81
1747793899, 0, 386, 1097, 1095, 32, 8.78%, 0, 0, 3, 4.58
1747793930, 0, 387, 1097, 1095, 32, 8.78%, 0, 0, 3, 4.51
1747793961, 0, 388, 1097, 1095, 32, 8.78%, 0, 0, 3, 4.12
1747793986, 0, 390, 1097, 1095, 32, 8.78%, 0, 0, 3, 4.40
1747794017, 0, 391, 1097, 1095, 32, 8.78%, 0, 0, 3, 4.54
1747794043, 0, 393, 1097, 1095, 32, 8.78%, 0, 0, 3, 4.62
1747794069, 0, 394, 1097, 1095, 32, 8.78%, 0, 0, 3, 4.52
1747794095, 0, 395, 1097, 1095, 32, 8.78%, 0, 0, 3, 5.25
1747794126, 0, 396, 1097, 1095, 32, 8.78%, 0, 0, 3, 4.14
1747794157, 0, 398, 1097, 1095, 32, 8.78%, 0, 0, 3, 4.49
1747794182, 0, 399, 1097, 1095, 32, 8.78%, 0, 0, 3, 5.48
1747794208, 0, 399, 1098, 1096, 32, 8.78%, 0, 0, 3, 3.48
1747794229, 0, 399, 1099, 1097, 32, 8.78%, 0, 0, 3, 3.76
1747794234, 0, 399, 1100, 1098, 32, 8.78%, 0, 0, 3, 3.63
1747794316, 0, 399, 1101, 1099, 32, 8.78%, 0, 0, 3, 3.98
1747794631, 0, 400, 1101, 1099, 32, 8.78%, 0, 0, 3, 5.03
1747794656, 0, 401, 1101, 1099, 32, 8.78%, 0, 0, 3, 5.09
1747794688, 0, 403, 1101, 1099, 32, 8.78%, 0, 0, 3, 4.50
1747794713, 0, 404, 1101, 1099, 32, 8.78%, 0, 0, 3, 4.02
1747794745, 0, 405, 1101, 1099, 32, 8.78%, 0, 0, 3, 4.19
1747794776, 0, 406, 1101, 1099, 32, 8.78%, 0, 0, 3, 4.60
1747794801, 0, 407, 1101, 1099, 32, 8.78%, 0, 0, 3, 4.99
1747794827, 0, 408, 1101, 1099, 32, 8.78%, 0, 0, 3, 4.37
1747794858, 0, 409, 1101, 1099, 32, 8.78%, 0, 0, 3, 4.35
1747794879, 0, 409, 1102, 1100, 32, 8.78%, 0, 0, 3, 4.12
1747794915, 0, 410, 1102, 1100, 32, 8.78%, 0, 0, 3, 4.36
1747794946, 0, 411, 1102, 1100, 32, 8.78%, 0, 0, 3, 4.45
1747794971, 0, 412, 1102, 1100, 32, 8.78%, 0, 0, 3, 4.68
1747795003, 0, 413, 1102, 1100, 32, 8.78%, 0, 0, 3, 4.37
1747795029, 0, 414, 1102, 1100, 32, 8.78%, 0, 0, 3, 5.35
1747795055, 0, 415, 1102, 1100, 32, 8.78%, 0, 0, 3, 4.73
1747795080, 0, 417, 1102, 1100, 32, 8.78%, 0, 0, 3, 5.08
1747795106, 0, 418, 1102, 1100, 32, 8.78%, 0, 0, 3, 4.61
1747795137, 0, 419, 1102, 1100, 32, 8.78%, 0, 0, 3, 4.40
1747795168, 0, 420, 1102, 1100, 32, 8.78%, 0, 0, 3, 4.35
1747795194, 0, 421, 1102, 1100, 32, 8.78%, 0, 0, 3, 4.61
1747795220, 0, 422, 1102, 1100, 32, 8.78%, 0, 0, 3, 4.62
1747795246, 0, 423, 1102, 1100, 32, 8.78%, 0, 0, 3, 4.84
1747795272, 0, 424, 1102, 1100, 32, 8.78%, 0, 0, 3, 5.32
1747795303, 0, 425, 1102, 1100, 32, 8.78%, 0, 0, 3, 4.42
1747795329, 0, 427, 1102, 1100, 32, 8.78%, 0, 0, 3, 4.60
1747795360, 0, 428, 1102, 1100, 32, 8.78%, 0, 0, 3, 4.72
1747795385, 0, 429, 1102, 1100, 32, 8.78%, 0, 0, 3, 4.34
1747795411, 0, 431, 1102, 1100, 32, 8.78%, 0, 0, 3, 4.88
1747795442, 0, 435, 1102, 1100, 32, 8.78%, 0, 0, 3, 4.98
1747795473, 0, 436, 1102, 1100, 32, 8.78%, 0, 0, 3, 4.62
1747795500, 0, 438, 1102, 1100, 32, 8.78%, 0, 0, 3, 4.52
1747795526, 0, 439, 1102, 1100, 32, 8.78%, 0, 0, 3, 4.95
1747795557, 0, 440, 1102, 1100, 32, 8.78%, 0, 0, 3, 5.10
1747795582, 0, 441, 1102, 1100, 32, 8.78%, 0, 0, 3, 4.49
1747795613, 0, 442, 1102, 1100, 32, 8.78%, 0, 0, 3, 4.87
1747795639, 0, 443, 1102, 1100, 32, 8.78%, 0, 0, 3, 4.81
1747795670, 0, 444, 1102, 1100, 32, 8.78%, 0, 0, 3, 4.59
1747795695, 0, 446, 1102, 1100, 32, 8.78%, 0, 0, 3, 5.04
1747795721, 0, 447, 1102, 1100, 32, 8.78%, 0, 0, 3, 4.76
1747795753, 0, 450, 1102, 1100, 32, 8.78%, 0, 0, 3, 4.92
1747795779, 0, 451, 1102, 1100, 32, 8.78%, 0, 0, 3, 4.76
1747795810, 0, 454, 1102, 1100, 32, 8.78%, 0, 0, 3, 4.28
1747795835, 0, 455, 1102, 1100, 32, 8.78%, 0, 0, 3, 5.48
1747795861, 0, 456, 1102, 1100, 32, 8.78%, 0, 0, 3, 4.59
1747795882, 0, 457, 1102, 1100, 32, 8.78%, 0, 0, 3, 8.07
1747795898, 0, 458, 1102, 1100, 32, 8.78%, 0, 0, 3, 7.68
1747795913, 0, 460, 1102, 1100, 32, 8.78%, 0, 0, 3, 8.86
1747795928, 0, 462, 1102, 1100, 32, 8.78%, 0, 0, 3, 8.62
1747795949, 0, 463, 1102, 1100, 32, 8.78%, 0, 0, 3, 8.07
1747795964, 0, 464, 1102, 1100, 32, 8.78%, 0, 0, 3, 8.07
1747795979, 0, 466, 1102, 1100, 32, 8.78%, 0, 0, 3, 8.37
1747795995, 0, 467, 1102, 1100, 32, 8.78%, 0, 0, 3, 7.35
1747796010, 0, 468, 1102, 1100, 32, 8.78%, 0, 0, 3, 7.60
1747796030, 0, 469, 1102, 1100, 32, 8.78%, 0, 0, 3, 8.55
1747796045, 0, 470, 1102, 1100, 32, 8.78%, 0, 0, 3, 8.35
1747796061, 0, 471, 1102, 1100, 32, 8.78%, 0, 0, 3, 7.74
1747796076, 0, 473, 1102, 1100, 32, 8.78%, 0, 0, 3, 7.94
1747796092, 0, 475, 1102, 1100, 32, 8.78%, 0, 0, 3, 8.33
1747796107, 0, 476, 1102, 1100, 32, 8.78%, 0, 0, 3, 7.65
1747796123, 0, 477, 1102, 1100, 32, 8.78%, 0, 0, 3, 7.78
1747796144, 0, 479, 1102, 1100, 32, 8.78%, 0, 0, 3, 8.15
1747796154, 0, 482, 1102, 1100, 32, 8.78%, 0, 0, 3, 9.18
1747796174, 0, 483, 1102, 1100, 32, 8.78%, 0, 0, 3, 7.85
1747796190, 0, 484, 1102, 1100, 32, 8.78%, 0, 0, 3, 7.05
1747796205, 0, 485, 1102, 1100, 32, 8.78%, 0, 0, 3, 8.50
1747796226, 0, 486, 1102, 1100, 32, 8.78%, 0, 0, 3, 8.18
1747796241, 0, 488, 1102, 1100, 32, 8.78%, 0, 0, 3, 7.84
1747796257, 0, 489, 1102, 1100, 32, 8.78%, 0, 0, 3, 8.11
1747796272, 0, 491, 1102, 1100, 32, 8.78%, 0, 0, 3, 7.70
1747796288, 0, 493, 1102, 1100, 32, 8.78%, 0, 0, 3, 7.95
1747796303, 0, 494, 1102, 1100, 32, 8.78%, 0, 0, 3, 8.22
1747796319, 0, 495, 1102, 1100, 32, 8.78%, 0, 0, 3, 7.57
1747796339, 0, 496, 1102, 1100, 32, 8.78%, 0, 0, 3, 8.42
1747796355, 0, 498, 1102, 1100, 32, 8.78%, 0, 0, 3, 8.66
1747796370, 0, 499, 1102, 1100, 32, 8.78%, 0, 0, 3, 8.11
1747796386, 0, 500, 1102, 1100, 32, 8.78%, 0, 0, 3, 8.15
1747796401, 0, 501, 1102, 1100, 32, 8.78%, 0, 0, 3, 7.97
1747796417, 0, 504, 1102, 1100, 32, 8.78%, 0, 0, 3, 8.30
1747796432, 0, 505, 1102, 1100, 32, 8.78%, 0, 0, 3, 7.63
1747796447, 0, 506, 1102, 1100, 32, 8.78%, 0, 0, 3, 8.23
1747796463, 0, 507, 1102, 1100, 32, 8.78%, 0, 0, 3, 7.81
1747796473, 0, 507, 1103, 1101, 32, 8.78%, 0, 0, 3, 7.20
1747796499, 0, 508, 1103, 1101, 32, 8.78%, 0, 0, 3, 7.46
1747796514, 0, 509, 1103, 1101, 32, 8.78%, 0, 0, 3, 8.89
1747796530, 0, 510, 1103, 1101, 32, 8.78%, 0, 0, 3, 8.15
1747796545, 0, 511, 1103, 1101, 32, 8.78%, 0, 0, 3, 7.59
1747796566, 0, 512, 1103, 1101, 32, 8.78%, 0, 0, 3, 7.56
1747796581, 0, 514, 1103, 1101, 32, 8.78%, 0, 0, 3, 8.20
1747796597, 0, 516, 1103, 1101, 32, 8.78%, 0, 0, 3, 7.49
1747796612, 0, 517, 1103, 1101, 32, 8.78%, 0, 0, 3, 7.77
1747796633, 0, 518, 1103, 1101, 32, 8.78%, 0, 0, 3, 7.73
1747796649, 0, 519, 1103, 1101, 32, 8.78%, 0, 0, 3, 8.48
1747796664, 0, 520, 1103, 1101, 32, 8.78%, 0, 0, 3, 7.21
1747796680, 0, 521, 1103, 1101, 32, 8.78%, 0, 0, 3, 6.99
1747796695, 0, 522, 1103, 1101, 32, 8.78%, 0, 0, 3, 8.33
1747796711, 0, 523, 1103, 1101, 32, 8.78%, 0, 0, 3, 8.66
1747796726, 0, 524, 1103, 1101, 32, 8.78%, 0, 0, 3, 8.25
1747796747, 0, 525, 1104, 1102, 32, 8.78%, 0, 0, 3, 6.71
1747796777, 0, 526, 1104, 1102, 32, 8.78%, 0, 0, 3, 7.57
1747796792, 0, 527, 1104, 1102, 32, 8.78%, 0, 0, 3, 8.07
1747796813, 0, 528, 1104, 1102, 32, 8.78%, 0, 0, 3, 8.09
1747796828, 0, 529, 1104, 1102, 32, 8.78%, 0, 0, 3, 8.20
1747796844, 0, 530, 1104, 1102, 32, 8.78%, 0, 0, 3, 7.89
1747796859, 0, 531, 1104, 1102, 32, 8.78%, 0, 0, 3, 7.49
1747796865, 0, 531, 1105, 1103, 32, 8.78%, 0, 0, 3, 6.43
1747796901, 0, 532, 1105, 1103, 32, 8.78%, 0, 0, 3, 8.97
1747796911, 0, 533, 1105, 1103, 32, 8.78%, 0, 0, 3, 8.56
1747796921, 0, 533, 1106, 1104, 32, 8.78%, 0, 0, 3, 7.94
1747796947, 0, 534, 1106, 1104, 32, 8.78%, 0, 0, 3, 7.79
1747796963, 0, 535, 1106, 1104, 32, 8.78%, 0, 0, 3, 7.47
1747796978, 0, 536, 1106, 1104, 32, 8.78%, 0, 0, 3, 7.48
1747796994, 0, 537, 1106, 1104, 32, 8.78%, 0, 0, 3, 7.93
1747797009, 0, 538, 1106, 1104, 32, 8.78%, 0, 0, 3, 7.80
1747797025, 0, 539, 1106, 1104, 32, 8.78%, 0, 0, 3, 8.59
1747797045, 0, 540, 1106, 1104, 32, 8.78%, 0, 0, 3, 7.82
1747797061, 0, 543, 1106, 1104, 32, 8.78%, 0, 0, 3, 7.64
1747797076, 0, 544, 1106, 1104, 32, 8.78%, 0, 0, 3, 9.54
1747797092, 0, 547, 1106, 1104, 32, 8.78%, 0, 0, 3, 7.63
1747797108, 0, 548, 1106, 1104, 32, 8.78%, 0, 0, 3, 9.85
1747797201, 0, 549, 1106, 1103, 32, 8.78%, 0, 0, 3, 9.87
1747797216, 0, 550, 1106, 1103, 32, 8.78%, 0, 0, 3, 8.72
1747797232, 0, 552, 1106, 1103, 32, 8.78%, 0, 0, 3, 8.13
1747797247, 0, 553, 1106, 1103, 32, 8.78%, 0, 0, 3, 7.50
1747797263, 0, 554, 1106, 1103, 32, 8.78%, 0, 0, 3, 8.13
1747797268, 0, 554, 1107, 1104, 32, 8.78%, 0, 0, 3, 7.12
1747797298, 0, 555, 1107, 1104, 32, 8.78%, 0, 0, 3, 8.34
1747797314, 0, 556, 1107, 1104, 32, 8.78%, 0, 0, 3, 8.49
1747797330, 0, 557, 1107, 1104, 32, 8.78%, 0, 0, 3, 7.82
1747797345, 0, 558, 1107, 1104, 32, 8.78%, 0, 0, 3, 8.17
1747797365, 0, 559, 1107, 1104, 32, 8.78%, 0, 0, 3, 8.01
1747797381, 0, 560, 1107, 1104, 32, 8.78%, 0, 0, 3, 8.74
1747797396, 0, 561, 1107, 1104, 32, 8.78%, 0, 0, 3, 8.01
1747797411, 0, 562, 1107, 1104, 32, 8.78%, 0, 0, 3, 7.89
1747797417, 0, 562, 1108, 1105, 32, 8.78%, 0, 0, 3, 8.41
1747797447, 0, 563, 1108, 1105, 32, 8.78%, 0, 0, 3, 8.36
1747797463, 0, 564, 1108, 1105, 32, 8.78%, 0, 0, 3, 8.50
1747797478, 0, 565, 1108, 1105, 32, 8.78%, 0, 0, 3, 7.70
1747797494, 0, 566, 1108, 1105, 32, 8.78%, 0, 0, 3, 8.26
1747797509, 0, 568, 1108, 1105, 32, 8.78%, 0, 0, 3, 8.39
1747797525, 0, 569, 1108, 1105, 32, 8.78%, 0, 0, 3, 8.32
1747797540, 0, 570, 1108, 1105, 32, 8.78%, 0, 0, 3, 8.13
1747797556, 0, 571, 1108, 1105, 32, 8.78%, 0, 0, 3, 7.66
1747797571, 0, 572, 1108, 1105, 32, 8.78%, 0, 0, 3, 8.17
1747797587, 0, 573, 1108, 1105, 32, 8.78%, 0, 0, 3, 8.24
1747797602, 0, 574, 1108, 1105, 32, 8.78%, 0, 0, 3, 8.29
1747797618, 0, 575, 1108, 1105, 32, 8.78%, 0, 0, 3, 7.78
1747797638, 0, 576, 1108, 1105, 32, 8.78%, 0, 0, 3, 7.75
1747797654, 0, 577, 1108, 1105, 32, 8.78%, 0, 0, 3, 7.54
1747797669, 0, 578, 1108, 1105, 32, 8.78%, 0, 0, 3, 7.78
1747797690, 0, 579, 1108, 1105, 32, 8.78%, 0, 0, 3, 7.56
1747797706, 0, 580, 1108, 1105, 32, 8.78%, 0, 0, 3, 7.70
1747797721, 0, 581, 1108, 1105, 32, 8.78%, 0, 0, 3, 8.15
1747797736, 0, 583, 1108, 1105, 32, 8.78%, 0, 0, 3, 8.24
1747797752, 0, 584, 1108, 1105, 32, 8.78%, 0, 0, 3, 7.70
1747797767, 0, 592, 1108, 1105, 32, 8.78%, 0, 0, 3, 7.37
1747797783, 0, 593, 1108, 1105, 32, 8.78%, 0, 0, 3, 8.71
1747797798, 0, 595, 1108, 1105, 32, 8.78%, 0, 0, 3, 8.21
1747797819, 0, 596, 1108, 1105, 32, 8.78%, 0, 0, 3, 6.89
1747797834, 0, 597, 1108, 1105, 32, 8.78%, 0, 0, 3, 8.00
1747797850, 0, 598, 1108, 1105, 32, 8.78%, 0, 0, 3, 7.66
1747797866, 0, 599, 1108, 1105, 32, 8.78%, 0, 0, 3, 8.27
1747797886, 0, 600, 1108, 1105, 32, 8.78%, 0, 0, 3, 8.08
1747797901, 0, 601, 1108, 1105, 32, 8.78%, 0, 0, 3, 8.08
1747797917, 0, 602, 1108, 1105, 32, 8.78%, 0, 0, 3, 8.49
1747797932, 0, 603, 1108, 1105, 32, 8.78%, 0, 0, 3, 7.87
1747797948, 0, 605, 1108, 1105, 32, 8.78%, 0, 0, 3, 7.77
1747797963, 0, 606, 1108, 1105, 32, 8.78%, 0, 0, 3, 8.36
1747797979, 0, 608, 1108, 1105, 32, 8.78%, 0, 0, 3, 7.39
1747797994, 0, 609, 1108, 1105, 32, 8.78%, 0, 0, 3, 7.71
1747798009, 0, 610, 1108, 1105, 32, 8.78%, 0, 0, 3, 8.88
1747798025, 0, 611, 1108, 1105, 32, 8.78%, 0, 0, 3, 7.54
1747798046, 0, 612, 1108, 1105, 32, 8.78%, 0, 0, 3, 7.38
1747798066, 0, 613, 1108, 1105, 32, 8.78%, 0, 0, 3, 7.59
1747798081, 0, 614, 1108, 1105, 32, 8.78%, 0, 0, 3, 7.69
1747798097, 0, 615, 1108, 1105, 32, 8.78%, 0, 0, 3, 7.79
1747798112, 0, 616, 1108, 1105, 32, 8.78%, 0, 0, 3, 9.09
1747798128, 0, 617, 1108, 1105, 32, 8.78%, 0, 0, 3, 8.18
1747798148, 0, 618, 1108, 1105, 32, 8.78%, 0, 0, 3, 7.70
1747798164, 0, 619, 1108, 1105, 32, 8.78%, 0, 0, 3, 8.47
1747798179, 0, 620, 1108, 1105, 32, 8.78%, 0, 0, 3, 7.82
1747798195, 0, 621, 1108, 1105, 32, 8.78%, 0, 0, 3, 8.15
1747798210, 0, 622, 1108, 1105, 32, 8.78%, 0, 0, 3, 7.57
1747798225, 0, 622, 1108, 1105, 32, 8.78%, 1, 0, 3, 7.33
1747798230, 0, 624, 1108, 1105, 32, 8.78%, 1, 0, 3, 8.05
1747798246, 0, 625, 1108, 1105, 32, 8.78%, 1, 0, 3, 8.80
1747798262, 0, 626, 1108, 1105, 32, 8.78%, 1, 0, 3, 8.58
1747798277, 0, 628, 1108, 1105, 32, 8.78%, 1, 0, 3, 8.34
1747798292, 0, 629, 1108, 1105, 32, 8.78%, 2, 0, 3, 8.31
1747798308, 0, 630, 1108, 1105, 32, 8.78%, 2, 0, 3, 6.79
1747798328, 0, 631, 1108, 1105, 32, 8.78%, 2, 0, 3, 7.38
1747798344, 0, 632, 1108, 1105, 32, 8.78%, 2, 0, 3, 8.46
1747798359, 0, 633, 1108, 1105, 32, 8.78%, 2, 0, 3, 7.45
1747798374, 0, 635, 1108, 1105, 32, 8.78%, 2, 0, 3, 8.13
1747798394, 0, 636, 1108, 1105, 32, 8.78%, 2, 0, 3, 7.69
1747798410, 0, 637, 1108, 1105, 32, 8.78%, 2, 0, 3, 6.98
1747798430, 0, 638, 1108, 1105, 32, 8.78%, 2, 0, 3, 8.09
1747798446, 0, 639, 1108, 1105, 32, 8.78%, 2, 0, 3, 16.07
1747798528, 0, 641, 1108, 1104, 31, 8.78%, 2, 0, 3, 6.66
1747798558, 0, 642, 1108, 1104, 31, 8.78%, 2, 0, 3, 4.50
1747798584, 0, 643, 1108, 1104, 31, 8.78%, 2, 0, 3, 5.07
1747798610, 0, 645, 1108, 1104, 31, 8.78%, 2, 0, 3, 4.78
1747798641, 0, 646, 1108, 1104, 31, 8.78%, 2, 0, 3, 4.55
1747798667, 0, 650, 1108, 1104, 31, 8.78%, 2, 0, 3, 4.43
1747798697, 0, 652, 1108, 1104, 31, 8.78%, 2, 0, 3, 4.39
1747798728, 0, 653, 1108, 1104, 31, 8.78%, 2, 0, 3, 4.32
1747798759, 0, 654, 1108, 1104, 31, 8.78%, 2, 0, 3, 4.25
1747798790, 0, 655, 1108, 1104, 31, 8.78%, 2, 0, 3, 4.13
1747798815, 0, 657, 1108, 1104, 31, 8.78%, 2, 0, 3, 4.54
1747798846, 0, 658, 1108, 1104, 31, 8.78%, 2, 0, 3, 4.30
1747798851, 0, 658, 1109, 1105, 31, 8.78%, 2, 0, 3, 4.06
1747798908, 0, 661, 1109, 1105, 31, 8.78%, 2, 0, 3, 4.83
1747798934, 0, 661, 1110, 1106, 31, 8.78%, 2, 0, 3, 3.88
1747798970, 0, 663, 1110, 1106, 31, 8.78%, 2, 0, 3, 4.62
1747799001, 0, 664, 1110, 1106, 31, 8.78%, 2, 0, 3, 4.78
1747799006, 0, 664, 1111, 1107, 31, 8.78%, 2, 0, 3, 5.12
1747799053, 0, 665, 1111, 1107, 31, 8.78%, 2, 0, 3, 4.51
1747799083, 0, 667, 1111, 1107, 31, 8.78%, 2, 0, 3, 4.91
1747799104, 0, 667, 1112, 1108, 31, 8.78%, 2, 0, 3, 4.82
1747799109, 0, 667, 1113, 1109, 31, 8.78%, 2, 0, 3, 4.08
1747799151, 0, 667, 1113, 1109, 31, 8.78%, 3, 0, 3, 4.09
1747799213, 0, 668, 1113, 1109, 31, 8.78%, 3, 0, 3, 4.12
1747799239, 0, 669, 1113, 1109, 31, 8.78%, 3, 0, 3, 5.32
1747799270, 0, 670, 1113, 1109, 31, 8.78%, 3, 0, 3, 4.70
1747799296, 0, 671, 1113, 1109, 31, 8.78%, 3, 0, 3, 4.30
1747799327, 0, 674, 1113, 1109, 31, 8.78%, 3, 0, 3, 5.30
1747799359, 0, 675, 1113, 1109, 31, 8.78%, 3, 0, 3, 4.08
1747799390, 0, 676, 1113, 1109, 31, 8.78%, 3, 0, 3, 4.19
1747799421, 0, 677, 1113, 1109, 31, 8.78%, 3, 0, 3, 4.42
1747799452, 0, 678, 1113, 1109, 31, 8.78%, 3, 0, 3, 4.16
1747799483, 0, 680, 1113, 1109, 31, 8.78%, 3, 0, 3, 3.84
1747799514, 0, 681, 1113, 1109, 31, 8.78%, 3, 0, 3, 4.33
1747799545, 0, 682, 1113, 1109, 31, 8.78%, 3, 0, 3, 4.40
1747799576, 0, 684, 1113, 1109, 31, 8.78%, 3, 0, 3, 4.58
1747799601, 0, 685, 1113, 1109, 31, 8.78%, 3, 0, 3, 4.45
1747799607, 0, 685, 1114, 1110, 31, 8.78%, 3, 0, 3, 3.52
1747799668, 0, 686, 1114, 1110, 31, 8.78%, 3, 0, 3, 5.30
1747799689, 0, 686, 1115, 1111, 31, 8.78%, 3, 0, 3, 3.20
1747799730, 0, 687, 1115, 1111, 31, 8.78%, 3, 0, 3, 4.52
1747799756, 0, 688, 1115, 1111, 31, 8.78%, 3, 0, 3, 4.44
1747799788, 0, 689, 1115, 1111, 31, 8.78%, 3, 0, 3, 4.33
1747799814, 0, 693, 1115, 1111, 31, 8.78%, 3, 0, 3, 4.20
1747799845, 0, 694, 1115, 1111, 31, 8.78%, 3, 0, 3, 4.69
1747799861, 0, 694, 1116, 1112, 31, 8.78%, 3, 0, 3, 5.88
1747799887, 0, 694, 1117, 1113, 31, 8.78%, 3, 0, 3, 5.16
1747799912, 0, 694, 1118, 1114, 31, 8.78%, 3, 0, 3, 4.10
1747800072, 0, 695, 1118, 1114, 31, 8.78%, 3, 0, 3, 4.54
1747800103, 0, 696, 1118, 1114, 31, 8.78%, 3, 0, 3, 4.36
1747800134, 0, 697, 1118, 1114, 31, 8.78%, 3, 0, 3, 4.53
1747800159, 0, 698, 1118, 1114, 31, 8.78%, 3, 0, 3, 4.57
1747800185, 0, 700, 1118, 1114, 31, 8.78%, 3, 0, 3, 4.27
1747800216, 0, 702, 1118, 1114, 31, 8.78%, 3, 0, 3, 4.13
1747800248, 0, 703, 1118, 1114, 31, 8.78%, 3, 0, 3, 4.49
1747800274, 0, 704, 1118, 1114, 31, 8.78%, 3, 0, 3, 4.45
1747800305, 0, 706, 1118, 1114, 31, 8.78%, 3, 0, 3, 4.44
1747800331, 0, 706, 1119, 1115, 31, 8.78%, 3, 0, 3, 4.31
1747800362, 0, 707, 1119, 1115, 31, 8.78%, 3, 0, 3, 4.49
1747800388, 0, 707, 1120, 1116, 31, 8.78%, 3, 0, 3, 3.84
1747800424, 0, 708, 1120, 1116, 31, 8.78%, 3, 0, 3, 4.84
1747800435, 0, 708, 1121, 1117, 31, 8.78%, 3, 0, 3, 3.88
1747800486, 0, 709, 1121, 1117, 31, 8.78%, 3, 0, 3, 4.09
1747800517, 0, 711, 1121, 1117, 31, 8.78%, 3, 0, 3, 4.98
1747800543, 0, 712, 1121, 1117, 31, 8.78%, 3, 0, 3, 4.05
1747800574, 0, 713, 1121, 1117, 31, 8.78%, 3, 0, 3, 4.37
1747800599, 0, 714, 1121, 1117, 31, 8.78%, 3, 0, 3, 4.92
1747800631, 0, 717, 1121, 1117, 31, 8.78%, 3, 0, 3, 4.69
1747800656, 0, 717, 1121, 1117, 31, 8.78%, 4, 0, 3, 4.67
1747800662, 0, 718, 1121, 1117, 31, 8.78%, 4, 0, 3, 4.60
1747800693, 0, 720, 1121, 1117, 31, 8.78%, 4, 0, 3, 4.30
1747800718, 0, 721, 1121, 1117, 31, 8.78%, 4, 0, 3, 4.90
1747800748, 0, 722, 1121, 1117, 31, 8.78%, 4, 0, 3, 4.91
1747800775, 0, 724, 1121, 1117, 31, 8.78%, 4, 0, 3, 4.42
1747800806, 0, 726, 1121, 1117, 31, 8.78%, 4, 0, 3, 5.56
1747800831, 0, 727, 1121, 1117, 31, 8.78%, 4, 0, 3, 4.38
1747800862, 0, 728, 1121, 1117, 31, 8.78%, 4, 0, 3, 4.40
1747800893, 0, 729, 1121, 1117, 31, 8.78%, 4, 0, 3, 4.40
1747800919, 0, 730, 1121, 1117, 31, 8.78%, 4, 0, 3, 4.62
1747800950, 0, 731, 1121, 1117, 31, 8.78%, 4, 0, 3, 4.26
1747800976, 0, 732, 1121, 1117, 31, 8.78%, 4, 0, 3, 5.17
1747801002, 0, 733, 1121, 1117, 31, 8.78%, 4, 0, 3, 4.35
1747801032, 0, 734, 1121, 1117, 31, 8.78%, 4, 0, 3, 4.36
1747801063, 0, 735, 1121, 1117, 31, 8.78%, 4, 0, 3, 4.07
1747801094, 0, 736, 1121, 1117, 31, 8.78%, 4, 0, 3, 4.69
1747801124, 0, 737, 1121, 1117, 31, 8.78%, 4, 0, 3, 4.25
1747801150, 0, 738, 1121, 1117, 31, 8.78%, 4, 0, 3, 4.43
1747801181, 0, 739, 1121, 1117, 31, 8.78%, 4, 0, 3, 4.46
1747801207, 0, 740, 1121, 1117, 31, 8.78%, 4, 0, 3, 4.59
1747801243, 0, 741, 1121, 1117, 31, 8.78%, 4, 0, 3, 4.40
1747801254, 0, 741, 1122, 1118, 31, 8.78%, 4, 0, 3, 3.57
1747801279, 0, 741, 1123, 1119, 31, 8.78%, 4, 0, 3, 4.42
1747801372, 0, 742, 1123, 1119, 31, 8.78%, 4, 0, 3, 3.98
1747801403, 0, 743, 1123, 1119, 31, 8.78%, 4, 0, 3, 4.42
1747801433, 0, 744, 1123, 1119, 31, 8.78%, 4, 0, 3, 4.29
1747801444, 0, 744, 1124, 1120, 31, 8.78%, 4, 0, 3, 3.81
1747801500, 0, 745, 1124, 1120, 31, 8.78%, 4, 0, 3, 4.50
1747801531, 0, 747, 1124, 1120, 31, 8.78%, 4, 0, 3, 4.74
1747801557, 0, 748, 1124, 1120, 31, 8.78%, 4, 0, 3, 5.25
1747801592, 0, 749, 1124, 1120, 31, 8.78%, 4, 0, 3, 4.21
1747801623, 0, 750, 1124, 1120, 31, 8.78%, 4, 0, 3, 4.74
1747801649, 0, 751, 1124, 1120, 31, 8.78%, 4, 0, 3, 4.28
1747801680, 0, 752, 1124, 1120, 31, 8.78%, 4, 0, 3, 4.50
1747801711, 0, 753, 1124, 1120, 31, 8.78%, 4, 0, 3, 4.33
1747801742, 0, 754, 1125, 1121, 31, 8.78%, 4, 0, 3, 3.66
1747801804, 0, 755, 1125, 1121, 31, 8.78%, 4, 0, 3, 4.23
1747801836, 0, 756, 1125, 1121, 31, 8.78%, 4, 0, 3, 4.64
1747801867, 0, 757, 1125, 1121, 31, 8.78%, 4, 0, 3, 4.14
1747801898, 0, 758, 1125, 1121, 31, 8.78%, 4, 0, 3, 4.30
1747801929, 0, 759, 1125, 1121, 31, 8.78%, 4, 0, 3, 4.22
1747801960, 0, 761, 1125, 1121, 31, 8.78%, 4, 0, 3, 4.36
1747801991, 0, 763, 1125, 1121, 31, 8.78%, 4, 0, 3, 4.49
1747802023, 0, 764, 1125, 1121, 31, 8.78%, 4, 0, 3, 4.46
1747802049, 0, 765, 1125, 1121, 31, 8.78%, 4, 0, 3, 6.63
1747802059, 0, 765, 1126, 1122, 31, 8.78%, 4, 0, 3, 10.37
1747802074, 0, 765, 1127, 1123, 31, 8.78%, 4, 0, 3, 10.17
1747802084, 0, 765, 1128, 1124, 31, 8.78%, 4, 0, 3, 10.15
1747802157, 0, 765, 1129, 1125, 31, 8.78%, 4, 0, 3, 9.90
1747802382, 0, 765, 1130, 1126, 31, 8.78%, 4, 0, 3, 9.46
1747802460, 0, 766, 1130, 1125, 30, 8.78%, 4, 0, 3, 5.87
1747802491, 0, 767, 1130, 1125, 30, 8.78%, 4, 0, 3, 4.90
1747802522, 0, 769, 1130, 1125, 30, 8.78%, 4, 0, 3, 4.23
1747802553, 0, 770, 1130, 1125, 30, 8.78%, 4, 0, 3, 4.09
1747802585, 0, 771, 1130, 1125, 30, 8.78%, 4, 0, 3, 4.13
1747802611, 0, 772, 1130, 1125, 30, 8.78%, 4, 0, 3, 4.50
1747802642, 0, 773, 1130, 1125, 30, 8.78%, 4, 0, 3, 4.42
1747802673, 0, 774, 1130, 1125, 30, 8.78%, 4, 0, 3, 4.31
1747802699, 0, 776, 1130, 1125, 30, 8.78%, 4, 0, 3, 4.49
1747802730, 0, 777, 1130, 1125, 30, 8.78%, 4, 0, 3, 4.17
1747802766, 0, 778, 1130, 1125, 30, 8.78%, 4, 0, 3, 4.37
1747802792, 0, 779, 1130, 1125, 30, 8.78%, 4, 0, 3, 4.50
1747802823, 0, 780, 1130, 1125, 30, 8.78%, 4, 0, 3, 4.13
1747802854, 0, 781, 1130, 1125, 30, 8.78%, 4, 0, 3, 4.13
1747802885, 0, 783, 1130, 1125, 30, 8.78%, 4, 0, 3, 4.13
1747802916, 0, 784, 1130, 1125, 30, 8.78%, 4, 0, 3, 4.53
1747802953, 0, 785, 1130, 1125, 30, 8.78%, 4, 0, 3, 4.15
1747802979, 0, 786, 1130, 1125, 30, 8.78%, 4, 0, 3, 4.46
1747803010, 0, 787, 1130, 1125, 30, 8.78%, 4, 0, 3, 4.41
1747803041, 0, 788, 1130, 1125, 30, 8.78%, 4, 0, 3, 4.04
1747803071, 0, 789, 1130, 1125, 30, 8.78%, 4, 0, 3, 4.98
1747803097, 0, 790, 1130, 1125, 30, 8.78%, 4, 0, 3, 4.58
1747803128, 0, 791, 1130, 1125, 30, 8.78%, 4, 0, 3, 4.65
1747803164, 0, 792, 1130, 1125, 30, 8.78%, 4, 0, 3, 4.45
1747803195, 0, 793, 1130, 1125, 30, 8.78%, 4, 0, 3, 4.62
1747803226, 0, 794, 1130, 1125, 30, 8.78%, 4, 0, 3, 4.24
1747803257, 0, 795, 1130, 1125, 30, 8.78%, 4, 0, 3, 4.13
1747803289, 0, 796, 1130, 1125, 30, 8.78%, 4, 0, 3, 4.12
1747803319, 0, 797, 1130, 1125, 30, 8.78%, 4, 0, 3, 4.11
1747803350, 0, 799, 1130, 1125, 30, 8.78%, 4, 0, 3, 4.58
1747803381, 0, 800, 1130, 1125, 30, 8.78%, 4, 0, 3, 4.24
1747803412, 0, 801, 1130, 1125, 30, 8.78%, 4, 0, 3, 4.45
1747803443, 0, 802, 1130, 1125, 30, 8.78%, 4, 0, 3, 4.20
1747803474, 0, 804, 1130, 1125, 30, 8.78%, 4, 0, 3, 4.49
1747803504, 0, 805, 1130, 1125, 30, 8.78%, 4, 0, 3, 4.58
1747803536, 0, 806, 1130, 1125, 30, 8.78%, 4, 0, 3, 4.47
1747803567, 0, 808, 1130, 1125, 30, 8.78%, 4, 0, 3, 4.09
1747803598, 0, 810, 1130, 1125, 30, 8.78%, 4, 0, 3, 4.61
1747803629, 0, 811, 1130, 1125, 30, 8.78%, 4, 0, 3, 4.21
1747803660, 0, 812, 1130, 1125, 30, 8.78%, 4, 0, 3, 4.49
1747803691, 0, 814, 1130, 1125, 30, 8.78%, 4, 0, 3, 4.60
1747803722, 0, 816, 1130, 1125, 30, 8.78%, 4, 0, 3, 4.77
1747803748, 0, 818, 1130, 1125, 30, 8.78%, 4, 0, 3, 5.02
1747803779, 0, 820, 1130, 1125, 30, 8.78%, 4, 0, 3, 4.66
1747803810, 0, 821, 1130, 1125, 30, 8.78%, 4, 0, 3, 4.37
1747803841, 0, 822, 1130, 1125, 30, 8.78%, 4, 0, 3, 4.61
1747803872, 0, 823, 1130, 1125, 30, 8.78%, 4, 0, 3, 4.52
1747803898, 0, 824, 1130, 1125, 30, 8.78%, 4, 0, 3, 4.74
1747803929, 0, 825, 1130, 1125, 30, 8.78%, 4, 0, 3, 4.89
1747803960, 0, 826, 1130, 1125, 30, 8.78%, 4, 0, 3, 4.18
1747803991, 0, 828, 1130, 1125, 30, 8.78%, 4, 0, 3, 4.39
1747804022, 0, 830, 1130, 1125, 30, 8.78%, 4, 0, 3, 4.38
1747804048, 0, 831, 1130, 1125, 30, 8.78%, 4, 0, 3, 5.16
1747804079, 0, 833, 1130, 1125, 30, 8.78%, 4, 0, 3, 4.13
1747804110, 0, 834, 1130, 1125, 30, 8.78%, 4, 0, 3, 4.37
1747804141, 0, 835, 1130, 1125, 30, 8.78%, 4, 0, 3, 4.49
1747804173, 0, 836, 1130, 1125, 30, 8.78%, 4, 0, 3, 4.16
1747804199, 0, 837, 1130, 1125, 30, 8.78%, 4, 0, 3, 4.25
1747804230, 0, 838, 1130, 1125, 30, 8.78%, 4, 0, 3, 4.16
1747804261, 0, 839, 1130, 1125, 30, 8.78%, 4, 0, 3, 4.39
1747804616, 0, 839, 1131, 1126, 30, 8.78%, 4, 0, 3, 6.78
1747804728, 0, 841, 1131, 1125, 29, 8.78%, 4, 0, 3, 8.51
1747804743, 0, 842, 1131, 1125, 29, 8.78%, 4, 0, 3, 7.20
1747804759, 0, 843, 1131, 1125, 29, 8.78%, 4, 0, 3, 7.86
1747804779, 0, 844, 1131, 1125, 29, 8.78%, 4, 0, 3, 7.41
1747804795, 0, 846, 1131, 1125, 29, 8.78%, 4, 0, 3, 7.11
1747804815, 0, 847, 1131, 1125, 29, 8.78%, 4, 0, 3, 5.77
1747804846, 0, 848, 1131, 1125, 29, 8.78%, 4, 0, 3, 4.08
1747804877, 0, 849, 1131, 1125, 29, 8.78%, 4, 0, 3, 4.34
1747804908, 0, 850, 1131, 1125, 29, 8.78%, 4, 0, 3, 4.49
1747804933, 0, 851, 1131, 1125, 29, 8.78%, 4, 0, 3, 4.42
1747804964, 0, 852, 1131, 1125, 29, 8.78%, 4, 0, 3, 4.74
1747804995, 0, 853, 1131, 1125, 29, 8.78%, 4, 0, 3, 4.06
1747805027, 0, 854, 1131, 1125, 29, 8.78%, 4, 0, 3, 4.13
1747805058, 0, 856, 1131, 1125, 29, 8.78%, 4, 0, 3, 4.04
1747805089, 0, 857, 1131, 1125, 29, 8.78%, 4, 0, 3, 4.19
1747805120, 0, 858, 1131, 1125, 29, 8.78%, 4, 0, 3, 4.50
1747805145, 0, 859, 1131, 1125, 29, 8.78%, 4, 0, 3, 6.82
1747805151, 0, 859, 1131, 1125, 29, 8.78%, 5, 0, 3, 7.03
1747805161, 0, 860, 1131, 1125, 29, 8.78%, 5, 0, 3, 7.65
1747805181, 0, 861, 1131, 1125, 29, 8.78%, 5, 0, 3, 6.94
1747805207, 0, 863, 1131, 1125, 29, 8.78%, 5, 0, 3, 3.97
1747805239, 0, 864, 1131, 1125, 29, 8.78%, 5, 0, 3, 4.43
1747805269, 0, 865, 1131, 1125, 29, 8.78%, 5, 0, 3, 4.33
1747805300, 0, 866, 1131, 1125, 29, 8.78%, 5, 0, 3, 4.68
1747805327, 0, 867, 1131, 1125, 29, 8.78%, 5, 0, 3, 4.20
1747805358, 0, 868, 1131, 1125, 29, 8.78%, 5, 0, 3, 4.13
1747805389, 0, 870, 1131, 1125, 29, 8.78%, 5, 0, 3, 4.51
1747805420, 0, 871, 1131, 1125, 29, 8.78%, 6, 0, 3, 4.15
1747805451, 0, 872, 1131, 1125, 29, 8.78%, 6, 0, 3, 4.09
1747805482, 0, 873, 1131, 1125, 29, 8.78%, 6, 0, 3, 4.06
1747805513, 0, 874, 1131, 1125, 29, 8.78%, 6, 0, 3, 4.21
1747805544, 0, 875, 1131, 1125, 29, 8.78%, 6, 0, 3, 4.06
1747805575, 0, 876, 1131, 1125, 29, 8.78%, 6, 0, 3, 4.63
1747805606, 0, 877, 1131, 1125, 29, 8.78%, 6, 0, 3, 4.51
1747805637, 0, 878, 1131, 1125, 29, 8.78%, 6, 0, 3, 4.12
1747805668, 0, 879, 1131, 1125, 29, 8.78%, 6, 0, 3, 4.52
1747805699, 0, 880, 1131, 1125, 29, 8.78%, 6, 0, 3, 3.93
1747805730, 0, 881, 1131, 1125, 29, 8.78%, 7, 0, 3, 4.19
1747805761, 0, 882, 1131, 1125, 29, 8.78%, 7, 0, 3, 4.35
1747805792, 0, 885, 1131, 1125, 29, 8.78%, 7, 0, 3, 4.40
1747805818, 0, 887, 1131, 1125, 29, 8.78%, 7, 0, 3, 4.61
1747805849, 0, 888, 1131, 1125, 29, 8.78%, 7, 0, 3, 4.69
1747805880, 0, 889, 1131, 1125, 29, 8.78%, 7, 0, 3, 4.12
1747805906, 0, 890, 1131, 1125, 29, 8.78%, 7, 0, 3, 5.00
1747805937, 0, 891, 1131, 1125, 29, 8.78%, 7, 0, 3, 4.68
1747805974, 0, 892, 1131, 1125, 29, 8.78%, 7, 0, 3, 4.53
1747806005, 0, 893, 1131, 1125, 29, 8.78%, 7, 0, 3, 4.33
1747806035, 0, 894, 1131, 1125, 29, 8.78%, 7, 0, 3, 4.22
1747806066, 0, 896, 1131, 1125, 29, 8.78%, 7, 0, 3, 4.35
1747806071, 0, 896, 1132, 1126, 29, 8.78%, 7, 0, 3, 3.39
1747806129, 0, 897, 1132, 1126, 29, 8.78%, 7, 0, 3, 4.50
1747806160, 0, 898, 1132, 1126, 29, 8.78%, 7, 0, 3, 4.53
1747806196, 0, 899, 1132, 1126, 29, 8.78%, 7, 0, 3, 4.40
1747806226, 0, 900, 1132, 1126, 29, 8.78%, 7, 0, 3, 4.00
1747806257, 0, 901, 1132, 1126, 29, 8.78%, 7, 0, 3, 4.14
1747806288, 0, 902, 1132, 1126, 29, 8.78%, 7, 0, 3, 4.86
1747806293, 0, 902, 1133, 1127, 29, 8.78%, 7, 0, 3, 3.81
1747806355, 0, 903, 1133, 1127, 29, 8.78%, 7, 0, 3, 4.23
1747806386, 0, 904, 1133, 1127, 29, 8.78%, 7, 0, 3, 4.37
1747806417, 0, 906, 1133, 1127, 29, 8.78%, 7, 0, 3, 4.52
1747806448, 0, 907, 1133, 1127, 29, 8.78%, 7, 0, 3, 4.71
1747806474, 0, 908, 1133, 1127, 29, 8.78%, 7, 0, 3, 4.33
1747806505, 0, 909, 1133, 1127, 29, 8.78%, 7, 0, 3, 4.31
1747806541, 0, 911, 1133, 1127, 29, 8.78%, 7, 0, 3, 3.89
1747806572, 0, 913, 1133, 1127, 29, 8.78%, 7, 0, 3, 3.55
1747806577, 0, 913, 1133, 1127, 29, 8.78%, 8, 0, 3, 4.01
1747806604, 0, 914, 1133, 1127, 29, 8.78%, 8, 0, 3, 3.93
1747806640, 0, 916, 1133, 1127, 29, 8.78%, 8, 0, 3, 4.58
1747806665, 0, 917, 1133, 1127, 29, 8.78%, 8, 0, 3, 4.80
1747806697, 0, 918, 1133, 1127, 29, 8.78%, 8, 0, 3, 4.29
1747806728, 0, 919, 1133, 1127, 29, 8.78%, 8, 0, 3, 4.42
1747806759, 0, 920, 1133, 1127, 29, 8.78%, 9, 0, 3, 4.23
1747806785, 0, 921, 1133, 1127, 29, 8.78%, 9, 0, 3, 5.12
1747806805, 0, 922, 1133, 1127, 29, 8.78%, 9, 0, 3, 7.47
1747806821, 0, 923, 1133, 1127, 29, 8.78%, 9, 0, 3, 7.28
1747806842, 0, 925, 1133, 1127, 29, 8.78%, 9, 0, 3, 7.96
1747806857, 0, 927, 1133, 1127, 29, 8.78%, 9, 0, 3, 7.01
1747806873, 0, 927, 1133, 1127, 29, 8.78%, 10, 0, 3, 7.26
1747806878, 0, 928, 1133, 1127, 29, 8.78%, 10, 0, 3, 7.37
1747806893, 0, 929, 1133, 1127, 29, 8.78%, 10, 0, 3, 6.93
1747806914, 0, 930, 1133, 1127, 29, 8.78%, 10, 0, 3, 6.79
1747806929, 0, 931, 1133, 1127, 29, 8.78%, 10, 0, 3, 6.96
1747806950, 0, 932, 1133, 1127, 29, 8.78%, 10, 0, 3, 7.39
1747806965, 0, 933, 1133, 1127, 29, 8.78%, 10, 0, 3, 7.80
1747806986, 0, 934, 1133, 1127, 29, 8.78%, 10, 0, 3, 7.42
1747807012, 0, 935, 1133, 1127, 29, 8.78%, 10, 0, 3, 4.50
1747807043, 0, 937, 1133, 1127, 29, 8.78%, 10, 0, 3, 4.24
1747807074, 0, 938, 1133, 1127, 29, 8.78%, 10, 0, 3, 4.28
1747807099, 0, 939, 1133, 1127, 29, 8.78%, 10, 0, 3, 4.14
1747807131, 0, 941, 1133, 1127, 29, 8.78%, 10, 0, 3, 4.20
1747807162, 0, 942, 1133, 1127, 29, 8.78%, 10, 0, 3, 4.35
1747807192, 0, 943, 1133, 1127, 29, 8.78%, 10, 0, 3, 4.67
1747807228, 0, 945, 1133, 1127, 29, 8.78%, 10, 0, 3, 4.84
1747807259, 0, 946, 1133, 1127, 29, 8.78%, 10, 0, 3, 4.20
1747807290, 0, 947, 1133, 1127, 29, 8.78%, 10, 0, 3, 3.86
1747807321, 0, 948, 1133, 1127, 29, 8.78%, 10, 0, 3, 4.11
1747807357, 0, 949, 1133, 1127, 29, 8.78%, 10, 0, 3, 3.84
1747807383, 0, 950, 1133, 1127, 29, 8.78%, 10, 0, 3, 4.09
1747807538, 0, 950, 1134, 1128, 29, 8.78%, 10, 0, 3, 3.10
1747807564, 0, 950, 1135, 1129, 29, 8.78%, 10, 0, 3, 2.71
1747807855, 0, 950, 1136, 1130, 29, 8.79%, 10, 0, 3, 2.76
1747808159, 0, 950, 1137, 1131, 29, 8.79%, 10, 0, 3, 3.08
1747808442, 0, 950, 1138, 1132, 29, 8.79%, 10, 0, 3, 2.35
1747808581, 0, 950, 1139, 1133, 29, 8.79%, 10, 0, 3, 3.14
1747808659, 0, 950, 1140, 1134, 29, 8.79%, 10, 0, 3, 2.38
1747808803, 0, 951, 1140, 1133, 30, 8.79%, 10, 0, 3, 4.08
1747808829, 0, 952, 1140, 1133, 30, 8.79%, 10, 0, 3, 6.54
1747808849, 0, 954, 1140, 1133, 30, 8.79%, 10, 0, 3, 7.59
1747808870, 0, 955, 1140, 1133, 30, 8.79%, 10, 0, 3, 8.05
1747808885, 0, 956, 1140, 1133, 30, 8.79%, 10, 0, 3, 8.13
1747808901, 0, 958, 1140, 1133, 30, 8.79%, 10, 0, 3, 8.22
1747808916, 0, 959, 1140, 1133, 30, 8.79%, 10, 0, 3, 7.65
1747808937, 0, 960, 1140, 1133, 30, 8.79%, 10, 0, 3, 8.04
1747808942, 0, 960, 1141, 1134, 30, 8.81%, 10, 0, 3, 6.40
1747808973, 0, 961, 1141, 1134, 30, 8.81%, 10, 0, 3, 7.22
1747808994, 0, 963, 1141, 1134, 30, 8.81%, 10, 0, 3, 7.54
1747809009, 0, 966, 1141, 1134, 30, 8.81%, 10, 0, 3, 6.88
1747809029, 0, 967, 1141, 1134, 30, 8.81%, 10, 0, 3, 6.56
1747809045, 0, 968, 1141, 1134, 30, 8.81%, 10, 0, 3, 7.12
1747809060, 0, 968, 1142, 1135, 30, 8.82%, 10, 0, 3, 5.24
1747809086, 0, 969, 1142, 1135, 31, 8.82%, 10, 0, 3, 7.75
1747809102, 0, 970, 1142, 1135, 31, 8.82%, 10, 0, 3, 8.01
1747809122, 0, 971, 1142, 1135, 31, 8.82%, 10, 0, 3, 7.41
1747809138, 0, 972, 1142, 1135, 31, 8.82%, 10, 0, 3, 7.90
1747809154, 0, 973, 1142, 1135, 31, 8.82%, 10, 0, 3, 7.51
1747809174, 0, 974, 1142, 1135, 31, 8.82%, 10, 0, 3, 7.10
1747809189, 0, 975, 1142, 1135, 31, 8.82%, 10, 0, 3, 7.31
1747809194, 0, 975, 1142, 1135, 31, 8.82%, 11, 0, 3, 6.81
1747809210, 0, 976, 1142, 1135, 31, 8.82%, 11, 0, 3, 7.16
1747809231, 0, 977, 1142, 1135, 31, 8.82%, 11, 0, 3, 7.84
1747809246, 0, 979, 1142, 1135, 31, 8.82%, 11, 0, 3, 7.56
1747809261, 0, 981, 1142, 1135, 31, 8.82%, 11, 0, 3, 6.76
1747809282, 0, 983, 1142, 1135, 31, 8.82%, 11, 0, 3, 6.91
1747809298, 0, 984, 1142, 1135, 31, 8.82%, 11, 0, 3, 6.97
1747809318, 0, 985, 1142, 1135, 31, 8.82%, 11, 0, 3, 7.12
1747809334, 0, 986, 1142, 1135, 31, 8.82%, 11, 0, 3, 6.80
1747809355, 0, 987, 1142, 1135, 31, 8.82%, 11, 0, 3, 7.56
1747809370, 0, 988, 1142, 1135, 31, 8.82%, 11, 0, 3, 8.02
1747809385, 0, 989, 1142, 1135, 31, 8.82%, 11, 0, 3, 7.56
1747809406, 0, 990, 1142, 1135, 31, 8.82%, 11, 0, 3, 7.36
1747809422, 0, 991, 1142, 1135, 31, 8.82%, 11, 0, 3, 7.82
1747809442, 0, 992, 1142, 1135, 31, 8.82%, 11, 0, 3, 8.08
1747809458, 0, 993, 1142, 1135, 31, 8.82%, 11, 0, 3, 7.42
1747809468, 0, 993, 1142, 1135, 31, 8.82%, 12, 0, 3, 6.97
1747809473, 0, 994, 1142, 1135, 31, 8.82%, 12, 0, 3, 7.21
1747809494, 0, 995, 1142, 1135, 31, 8.82%, 12, 0, 3, 7.13
1747809514, 0, 996, 1142, 1135, 31, 8.82%, 12, 0, 3, 8.00
1747809530, 0, 997, 1142, 1135, 31, 8.82%, 12, 0, 3, 7.96
1747809545, 0, 1000, 1142, 1135, 31, 8.82%, 12, 0, 3, 7.48
1747809561, 0, 1001, 1142, 1135, 31, 8.82%, 12, 0, 3, 7.73
1747809581, 0, 1002, 1142, 1135, 31, 8.82%, 12, 0, 3, 7.62
1747809591, 0, 1002, 1142, 1135, 31, 8.82%, 13, 0, 3, 6.77
1747809602, 0, 1003, 1142, 1135, 31, 8.82%, 13, 0, 3, 7.62
1747809617, 0, 1004, 1142, 1135, 31, 8.82%, 13, 0, 3, 7.73
1747809633, 0, 1006, 1142, 1135, 31, 8.82%, 13, 0, 3, 7.43
1747809648, 0, 1007, 1142, 1135, 31, 8.82%, 13, 0, 3, 7.79
1747809669, 0, 1009, 1142, 1135, 31, 8.82%, 13, 0, 3, 7.74
1747809684, 0, 1010, 1142, 1135, 31, 8.82%, 13, 0, 3, 8.03
1747809700, 0, 1011, 1142, 1135, 31, 8.82%, 13, 0, 3, 7.04
1747809720, 0, 1012, 1142, 1135, 31, 8.82%, 13, 0, 3, 7.25
1747809736, 0, 1013, 1142, 1135, 31, 8.82%, 13, 0, 3, 7.04
1747809756, 0, 1014, 1142, 1135, 31, 8.82%, 13, 0, 3, 7.63
1747809772, 0, 1015, 1142, 1135, 31, 8.82%, 13, 0, 3, 7.17
1747809792, 0, 1016, 1142, 1135, 31, 8.82%, 13, 0, 3, 7.89
1747809839, 0, 1016, 1143, 1136, 31, 8.82%, 13, 0, 3, 4.06
1747810577, 0, 1016, 1144, 1137, 31, 8.82%, 13, 0, 3, 2.15
1747811148, 0, 1016, 1145, 1138, 31, 8.82%, 13, 0, 3, 2.26
1747811253, 0, 1017, 1145, 1137, 31, 8.82%, 13, 0, 3, 4.52
1747811284, 0, 1018, 1145, 1137, 31, 8.82%, 13, 0, 3, 4.03
1747811320, 0, 1019, 1145, 1137, 31, 8.82%, 13, 0, 3, 3.85
1747811350, 0, 1020, 1145, 1137, 31, 8.82%, 13, 0, 3, 4.05
1747811381, 0, 1021, 1145, 1137, 31, 8.82%, 13, 0, 3, 4.18
1747811413, 0, 1022, 1145, 1137, 31, 8.82%, 13, 0, 3, 4.31
1747811444, 0, 1023, 1145, 1137, 31, 8.82%, 13, 0, 3, 4.97
1747811465, 0, 1023, 1146, 1138, 31, 8.82%, 13, 0, 3, 3.58
1747811475, 0, 1023, 1146, 1138, 31, 8.82%, 14, 0, 3, 3.97
1747811506, 0, 1024, 1146, 1138, 31, 8.82%, 14, 0, 3, 4.10
1747811537, 0, 1025, 1146, 1138, 31, 8.82%, 14, 0, 3, 3.90
1747811568, 0, 1026, 1146, 1138, 31, 8.82%, 14, 0, 3, 4.38
1747811599, 0, 1027, 1146, 1138, 31, 8.82%, 14, 0, 3, 4.46
1747811630, 0, 1029, 1146, 1138, 31, 8.82%, 14, 0, 3, 4.69
1747811661, 0, 1030, 1146, 1138, 31, 8.82%, 14, 0, 3, 4.23
1747811693, 0, 1031, 1146, 1138, 31, 8.82%, 14, 0, 3, 3.97
1747811724, 0, 1032, 1146, 1138, 31, 8.82%, 14, 0, 3, 4.66
1747811754, 0, 1033, 1146, 1138, 31, 8.82%, 15, 0, 3, 4.58
1747811790, 0, 1034, 1146, 1138, 31, 8.82%, 15, 0, 3, 4.20
1747811816, 0, 1037, 1146, 1138, 31, 8.82%, 15, 0, 3, 4.57
1747811841, 0, 1038, 1146, 1138, 31, 8.82%, 15, 0, 3, 5.18
1747811872, 0, 1039, 1146, 1138, 31, 8.82%, 15, 0, 3, 4.45
1747811898, 0, 1039, 1146, 1138, 31, 8.82%, 16, 0, 3, 4.86
1747811903, 0, 1041, 1146, 1138, 31, 8.82%, 16, 0, 3, 5.15
1747811934, 0, 1042, 1146, 1138, 31, 8.82%, 16, 0, 3, 4.54
1747811965, 0, 1043, 1146, 1138, 31, 8.82%, 16, 0, 3, 4.44
1747811996, 0, 1045, 1146, 1138, 31, 8.82%, 16, 0, 3, 4.21
1747812027, 0, 1046, 1146, 1138, 31, 8.82%, 16, 0, 3, 5.00
1747812053, 0, 1047, 1146, 1138, 31, 8.82%, 16, 0, 3, 6.95
1747812058, 0, 1047, 1146, 1138, 31, 8.82%, 17, 0, 3, 7.40
1747812069, 0, 1048, 1146, 1138, 31, 8.82%, 17, 0, 3, 7.24
1747812089, 0, 1049, 1146, 1138, 31, 8.82%, 17, 0, 3, 7.85
1747812105, 0, 1051, 1146, 1138, 31, 8.82%, 17, 0, 3, 8.34
1747812121, 0, 1052, 1146, 1138, 31, 8.82%, 17, 0, 3, 7.95
1747812141, 0, 1053, 1146, 1138, 31, 8.82%, 17, 0, 3, 7.10
1747812156, 0, 1053, 1147, 1139, 31, 8.82%, 17, 0, 3, 6.76
1747812177, 0, 1054, 1147, 1139, 31, 8.82%, 17, 0, 3, 6.60
1747812187, 0, 1054, 1147, 1139, 31, 8.82%, 18, 0, 3, 6.46
1747812197, 0, 1055, 1147, 1139, 31, 8.82%, 18, 0, 3, 7.44
1747812213, 0, 1057, 1147, 1139, 31, 8.82%, 18, 0, 3, 7.40
1747812234, 0, 1058, 1147, 1139, 31, 8.82%, 18, 0, 3, 7.20
1747812249, 0, 1059, 1147, 1139, 31, 8.82%, 18, 0, 3, 6.68
1747812260, 0, 1059, 1147, 1139, 31, 8.82%, 19, 0, 3, 7.94
1747812270, 0, 1060, 1147, 1139, 31, 8.82%, 19, 0, 3, 7.71
1747812286, 0, 1061, 1147, 1139, 31, 8.82%, 19, 0, 3, 7.75
1747812306, 0, 1062, 1147, 1139, 31, 8.82%, 19, 0, 3, 7.32
1747812322, 0, 1063, 1147, 1139, 31, 8.82%, 19, 0, 3, 7.89
1747812343, 0, 1064, 1147, 1139, 31, 8.82%, 19, 0, 3, 7.24
1747812358, 0, 1065, 1147, 1139, 31, 8.82%, 20, 0, 3, 6.59
1747812379, 0, 1066, 1147, 1139, 31, 8.82%, 20, 0, 3, 43.37
1747812471, 0, 1067, 1147, 1138, 30, 8.82%, 20, 0, 3, 15.52
1747812492, 0, 1068, 1147, 1138, 30, 8.82%, 20, 0, 3, 7.30
1747812507, 0, 1070, 1147, 1138, 30, 8.82%, 20, 0, 3, 7.39
1747812523, 0, 1073, 1147, 1138, 30, 8.82%, 20, 0, 3, 8.05
1747812544, 0, 1074, 1147, 1138, 30, 8.82%, 20, 0, 3, 7.30
1747812559, 0, 1075, 1147, 1138, 30, 8.82%, 20, 0, 3, 7.30
1747812580, 0, 1076, 1147, 1138, 30, 8.82%, 20, 0, 3, 6.54
1747812600, 0, 1077, 1147, 1138, 30, 8.82%, 20, 0, 3, 7.93
1747812615, 0, 1079, 1147, 1138, 30, 8.82%, 20, 0, 3, 7.55
1747812636, 0, 1080, 1147, 1138, 30, 8.82%, 20, 0, 3, 7.51
1747812651, 0, 1081, 1147, 1138, 30, 8.82%, 20, 0, 3, 7.47
1747812666, 0, 1082, 1147, 1138, 30, 8.82%, 20, 0, 3, 7.90
1747812698, 0, 1083, 1147, 1138, 30, 8.82%, 20, 0, 3, 4.31
1747812729, 0, 1084, 1147, 1138, 30, 8.82%, 20, 0, 3, 4.45
1747812759, 0, 1085, 1147, 1138, 30, 8.82%, 20, 0, 3, 4.04
1747812790, 0, 1086, 1147, 1138, 30, 8.82%, 20, 0, 3, 4.82
1747812821, 0, 1087, 1147, 1138, 30, 8.82%, 20, 0, 3, 4.32
1747812852, 0, 1088, 1147, 1138, 30, 8.82%, 21, 0, 3, 4.05
1747812883, 0, 1089, 1147, 1138, 30, 8.82%, 21, 0, 3, 4.63
1747812914, 0, 1090, 1147, 1138, 30, 8.82%, 21, 0, 3, 4.25
1747812946, 0, 1091, 1147, 1138, 30, 8.82%, 21, 0, 3, 4.01
1747812971, 0, 1094, 1147, 1138, 30, 8.82%, 21, 0, 3, 5.08
1747813002, 0, 1095, 1147, 1138, 30, 8.82%, 21, 0, 3, 4.63
1747813039, 0, 1096, 1147, 1138, 30, 8.82%, 21, 0, 3, 4.29
1747813070, 0, 1097, 1147, 1138, 30, 8.82%, 21, 0, 3, 4.70
1747813096, 0, 1097, 1147, 1138, 30, 8.82%, 22, 0, 3, 3.85
1747813101, 0, 1098, 1147, 1138, 30, 8.82%, 22, 0, 3, 4.48
1747813127, 0, 1099, 1147, 1138, 30, 8.82%, 22, 0, 3, 4.42
1747813158, 0, 1101, 1147, 1138, 30, 8.82%, 22, 0, 3, 4.41
1747813189, 0, 1102, 1147, 1138, 30, 8.82%, 22, 0, 3, 4.00
1747813225, 0, 1103, 1147, 1138, 30, 8.82%, 22, 0, 3, 4.86
1747813251, 0, 1104, 1147, 1138, 30, 8.82%, 22, 0, 3, 4.64
1747813282, 0, 1105, 1147, 1138, 30, 8.82%, 22, 0, 3, 4.22
1747813308, 0, 1105, 1148, 1139, 30, 8.82%, 22, 0, 4, 3.73
1747813344, 0, 1107, 1148, 1139, 30, 8.82%, 22, 0, 4, 4.26
1747813375, 0, 1108, 1148, 1139, 30, 8.82%, 22, 0, 4, 4.31
1747813406, 0, 1109, 1148, 1139, 30, 8.82%, 22, 0, 4, 4.43
1747813437, 0, 1110, 1148, 1139, 30, 8.82%, 22, 0, 4, 4.21
1747813469, 0, 1110, 1148, 1139, 30, 8.82%, 23, 0, 4, 3.97
1747813474, 0, 1111, 1148, 1139, 30, 8.82%, 23, 0, 4, 4.23
1747813505, 0, 1112, 1148, 1139, 30, 8.82%, 23, 0, 4, 3.97
1747813536, 0, 1113, 1148, 1139, 30, 8.82%, 23, 0, 4, 3.81
1747813572, 0, 1115, 1148, 1139, 30, 8.82%, 23, 0, 4, 4.19
1747813603, 0, 1116, 1148, 1139, 30, 8.82%, 23, 0, 4, 4.39
1747813634, 0, 1117, 1148, 1139, 30, 8.82%, 23, 0, 4, 3.89
1747813664, 0, 1118, 1148, 1139, 30, 8.82%, 23, 0, 4, 4.05
1747813695, 0, 1120, 1148, 1139, 30, 8.82%, 23, 0, 4, 4.64
1747813726, 0, 1121, 1148, 1139, 30, 8.82%, 23, 0, 4, 4.76
1747813752, 0, 1122, 1148, 1139, 30, 8.82%, 23, 0, 4, 4.38
1747813783, 0, 1123, 1148, 1139, 30, 8.82%, 23, 0, 4, 4.26
1747813820, 0, 1124, 1148, 1139, 30, 8.82%, 23, 0, 4, 4.18
1747813851, 0, 1126, 1148, 1139, 30, 8.82%, 23, 0, 4, 4.29
1747813882, 0, 1127, 1148, 1139, 30, 8.82%, 23, 0, 4, 3.85
1747813913, 0, 1129, 1148, 1139, 30, 8.82%, 23, 0, 4, 4.41
1747813949, 0, 1131, 1148, 1139, 30, 8.82%, 23, 0, 4, 4.27
1747813981, 0, 1132, 1148, 1139, 30, 8.82%, 23, 0, 4, 4.36
1747814007, 0, 1134, 1148, 1139, 30, 8.82%, 23, 0, 4, 5.09
1747814043, 0, 1135, 1148, 1139, 30, 8.82%, 23, 0, 4, 4.16
1747814104, 0, 1135, 1149, 1140, 30, 8.82%, 23, 0, 4, 3.48
1747814130, 0, 1135, 1150, 1141, 30, 8.82%, 23, 0, 4, 2.82
1747814259, 0, 1135, 1151, 1142, 30, 8.82%, 23, 0, 4, 3.56
1747814361, 0, 1135, 1152, 1143, 30, 8.82%, 23, 0, 4, 3.15
1747814586, 0, 1135, 1153, 1144, 30, 8.82%, 23, 0, 4, 3.89
1747814780, 0, 1135, 1154, 1145, 30, 8.82%, 23, 0, 4, 3.60
1747814832, 0, 1135, 1155, 1146, 30, 8.82%, 23, 0, 4, 2.78
1747815032, 0, 1135, 1156, 1147, 30, 8.82%, 23, 0, 4, 2.99
1747815037, 0, 1135, 1157, 1148, 30, 8.82%, 23, 0, 4, 3.08
1747815042, 0, 1135, 1158, 1149, 30, 8.82%, 23, 0, 4, 2.91
1747815150, 0, 1137, 1158, 1148, 30, 8.82%, 23, 0, 4, 4.31
1747815182, 0, 1138, 1158, 1148, 30, 8.82%, 23, 0, 4, 4.13
1747815213, 0, 1139, 1158, 1148, 30, 8.82%, 23, 0, 4, 4.26
1747815239, 0, 1139, 1158, 1148, 30, 8.82%, 24, 0, 4, 4.32
1747815244, 0, 1140, 1158, 1148, 30, 8.82%, 24, 0, 4, 4.16
1747815275, 0, 1141, 1158, 1148, 30, 8.82%, 24, 0, 4, 4.50
1747815306, 0, 1142, 1158, 1148, 30, 8.82%, 24, 0, 4, 4.27
1747815338, 0, 1143, 1158, 1148, 30, 8.82%, 24, 0, 4, 4.72
1747815369, 0, 1144, 1158, 1148, 30, 8.82%, 24, 0, 4, 4.29
1747815400, 0, 1145, 1158, 1148, 30, 8.82%, 24, 0, 4, 3.73
1747816197, 0, 1145, 1159, 1149, 30, 8.84%, 24, 0, 4, 3.42
1747817407, 0, 1146, 1159, 1148, 29, 8.84%, 24, 0, 4, 4.82
1747817443, 0, 1147, 1159, 1148, 29, 8.84%, 24, 0, 4, 4.43
