# unix_time, cycles_done, cur_path, paths_total, pending_total, pending_favs, map_size, unique_crashes, unique_hangs, max_depth, execs_per_sec
1747817456, 0, 0, 1, 1, 1, 3.78%, 0, 0, 1, 32.79
1747817461, 0, 0, 20, 20, 1, 4.91%, 0, 0, 2, 47.85
1747817466, 0, 0, 38, 38, 1, 4.93%, 0, 0, 2, 47.71
1747817471, 0, 0, 55, 55, 1, 4.94%, 0, 0, 2, 46.74
1747817476, 0, 0, 70, 70, 1, 4.94%, 0, 0, 2, 48.22
1747817481, 0, 0, 79, 79, 1, 4.94%, 0, 0, 2, 50.36
1747817486, 0, 0, 91, 91, 1, 4.94%, 0, 0, 2, 63.15
1747817491, 0, 0, 108, 108, 1, 4.95%, 0, 0, 2, 79.86
1747817496, 0, 0, 123, 123, 1, 4.96%, 0, 0, 2, 84.67
1747817502, 0, 0, 135, 135, 1, 4.96%, 0, 0, 2, 84.71
1747817507, 0, 0, 146, 146, 1, 4.96%, 0, 0, 2, 85.80
1747817512, 0, 0, 155, 155, 1, 4.96%, 0, 0, 2, 87.44
1747817517, 0, 0, 161, 161, 1, 4.96%, 0, 0, 2, 89.65
1747817522, 0, 0, 167, 167, 1, 4.96%, 0, 0, 2, 88.98
1747817527, 0, 0, 170, 170, 1, 4.96%, 0, 0, 2, 90.38
1747817532, 0, 0, 173, 173, 1, 4.96%, 0, 0, 2, 61.58
1747817537, 0, 0, 176, 176, 1, 4.96%, 0, 0, 2, 55.43
1747817547, 0, 0, 181, 181, 1, 4.96%, 0, 0, 2, 53.16
1747817552, 0, 0, 184, 184, 1, 4.96%, 0, 0, 2, 53.37
1747817558, 0, 0, 185, 185, 1, 4.96%, 0, 0, 2, 53.96
1747817563, 0, 0, 189, 189, 1, 4.96%, 0, 0, 2, 51.75
1747817568, 0, 0, 192, 192, 1, 4.96%, 0, 0, 2, 51.20
1747817578, 0, 0, 194, 194, 1, 4.96%, 0, 0, 2, 54.04
1747817583, 0, 0, 197, 197, 1, 4.96%, 0, 0, 2, 53.09
1747817588, 0, 1, 208, 207, 12, 4.99%, 0, 0, 2, 41.97
1747817593, 0, 1, 224, 223, 12, 4.99%, 0, 0, 2, 38.30
1747817598, 0, 1, 237, 236, 12, 4.99%, 0, 0, 2, 36.59
1747817603, 0, 1, 249, 248, 12, 4.99%, 0, 0, 2, 35.98
1747817608, 0, 1, 259, 258, 12, 4.99%, 0, 0, 2, 36.14
1747817613, 0, 1, 265, 264, 12, 5.00%, 0, 0, 2, 36.90
1747817618, 0, 1, 273, 272, 12, 5.00%, 0, 0, 2, 36.07
1747817623, 0, 1, 281, 280, 12, 5.02%, 0, 0, 2, 36.17
1747817629, 0, 1, 286, 285, 12, 5.02%, 0, 0, 2, 36.99
1747817634, 0, 1, 291, 290, 12, 5.02%, 0, 0, 2, 36.79
1747817639, 0, 1, 293, 292, 12, 5.02%, 0, 0, 2, 37.84
1747817644, 0, 1, 296, 295, 12, 5.03%, 0, 0, 2, 37.45
1747817649, 0, 1, 298, 297, 12, 5.03%, 0, 0, 2, 37.70
1747817654, 0, 2, 309, 308, 12, 5.05%, 0, 0, 2, 31.72
1747817659, 0, 2, 323, 322, 12, 5.05%, 0, 0, 2, 27.95
1747817664, 0, 2, 338, 337, 12, 5.05%, 0, 0, 2, 27.08
1747817669, 0, 2, 349, 348, 12, 5.05%, 0, 0, 2, 27.30
1747817674, 0, 2, 361, 360, 12, 5.05%, 0, 0, 2, 26.68
1747817679, 0, 2, 369, 368, 12, 5.05%, 0, 0, 2, 26.99
1747817685, 0, 2, 379, 378, 12, 5.05%, 0, 0, 2, 26.52
1747817690, 0, 2, 387, 386, 12, 5.06%, 0, 0, 2, 26.15
1747817695, 0, 2, 394, 393, 12, 5.06%, 0, 0, 2, 26.52
1747817700, 0, 2, 397, 396, 12, 5.06%, 0, 0, 2, 27.20
1747817705, 0, 2, 402, 401, 12, 5.06%, 0, 0, 2, 27.43
1747817710, 0, 2, 408, 407, 12, 5.08%, 0, 0, 2, 26.96
1747817715, 0, 2, 414, 413, 12, 5.08%, 0, 0, 2, 26.89
1747817720, 0, 2, 418, 417, 12, 5.08%, 0, 0, 2, 27.15
1747817726, 0, 2, 420, 419, 12, 5.08%, 0, 0, 2, 27.63
1747817731, 0, 2, 424, 423, 12, 5.08%, 0, 0, 2, 27.46
1747817736, 0, 2, 425, 424, 12, 5.08%, 0, 0, 2, 27.96
1747817741, 0, 2, 426, 425, 12, 5.08%, 0, 0, 2, 27.56
1747817746, 0, 2, 427, 426, 12, 5.08%, 0, 0, 2, 27.71
1747817751, 0, 4, 433, 432, 15, 5.08%, 0, 0, 2, 26.71
1747817756, 0, 4, 436, 435, 15, 5.08%, 0, 0, 2, 26.53
1747817762, 0, 4, 439, 438, 15, 5.08%, 0, 0, 2, 26.71
1747817767, 0, 4, 443, 442, 15, 5.08%, 0, 0, 2, 26.39
1747817772, 0, 4, 445, 444, 15, 5.08%, 0, 0, 2, 26.19
1747817777, 0, 4, 450, 449, 15, 5.08%, 0, 0, 2, 25.76
1747817782, 0, 4, 452, 451, 15, 5.08%, 0, 0, 2, 26.25
1747817792, 0, 4, 455, 454, 15, 5.08%, 0, 0, 2, 26.31
1747817797, 0, 4, 459, 458, 15, 5.08%, 0, 0, 2, 26.06
1747817807, 0, 4, 462, 461, 15, 5.09%, 0, 0, 2, 26.33
1747817812, 0, 4, 465, 464, 15, 5.76%, 0, 0, 2, 26.17
1747817817, 0, 4, 471, 470, 15, 5.76%, 0, 0, 2, 26.23
1747817823, 0, 4, 473, 472, 15, 5.76%, 0, 0, 2, 26.76
1747817828, 0, 6, 477, 476, 12, 5.76%, 0, 0, 2, 25.49
1747817833, 0, 6, 478, 477, 12, 5.76%, 0, 0, 2, 25.92
1747817838, 0, 6, 480, 479, 12, 5.76%, 0, 0, 2, 25.77
1747817843, 0, 6, 483, 482, 12, 5.76%, 0, 0, 2, 25.48
1747817848, 0, 6, 484, 483, 12, 5.77%, 0, 0, 2, 25.58
1747817853, 0, 6, 485, 484, 12, 5.77%, 0, 0, 2, 25.65
1747817859, 0, 6, 486, 485, 12, 5.77%, 0, 0, 2, 25.87
1747817864, 0, 6, 487, 486, 12, 5.78%, 0, 0, 2, 26.05
1747817869, 0, 6, 489, 488, 12, 5.78%, 0, 0, 2, 25.94
1747817874, 0, 6, 490, 489, 12, 5.78%, 0, 0, 2, 25.98
1747817879, 0, 6, 492, 491, 12, 5.78%, 0, 0, 2, 25.29
1747817884, 0, 6, 493, 492, 12, 5.78%, 0, 0, 2, 25.54
1747817889, 0, 6, 494, 493, 12, 5.78%, 0, 0, 2, 25.50
1747817894, 0, 6, 495, 494, 12, 5.80%, 0, 0, 2, 25.48
1747817899, 0, 7, 499, 498, 10, 5.80%, 0, 0, 2, 24.51
1747817904, 0, 7, 501, 500, 10, 5.92%, 0, 0, 2, 24.57
1747817910, 0, 7, 503, 502, 10, 5.92%, 0, 0, 2, 24.92
1747817915, 0, 7, 505, 504, 10, 5.92%, 0, 0, 2, 25.07
1747817920, 0, 7, 506, 505, 10, 5.92%, 0, 0, 2, 24.80
1747817925, 0, 7, 509, 508, 10, 5.92%, 0, 0, 2, 24.83
1747817930, 0, 7, 510, 509, 10, 5.98%, 0, 0, 2, 24.49
1747817935, 0, 7, 511, 510, 10, 5.98%, 0, 0, 2, 24.83
1747817940, 0, 7, 512, 511, 10, 5.98%, 0, 0, 2, 25.08
1747817945, 0, 7, 513, 512, 10, 5.98%, 0, 0, 2, 24.87
1747817956, 0, 7, 515, 514, 10, 5.98%, 0, 0, 2, 24.96
1747817961, 0, 7, 516, 515, 10, 5.98%, 0, 0, 2, 25.38
1747817966, 0, 7, 517, 516, 10, 5.98%, 0, 0, 2, 25.30
1747817971, 0, 8, 525, 524, 14, 5.99%, 0, 0, 2, 22.89
1747817976, 0, 8, 535, 534, 14, 5.99%, 0, 0, 2, 22.50
1747817981, 0, 8, 541, 540, 14, 6.08%, 0, 0, 2, 22.66
1747817986, 0, 8, 547, 546, 14, 6.08%, 0, 0, 2, 21.99
1747817991, 0, 8, 553, 552, 14, 6.08%, 0, 0, 2, 21.71
1747817996, 0, 8, 557, 556, 14, 6.08%, 0, 0, 2, 22.23
1747818002, 0, 8, 564, 563, 14, 6.08%, 0, 0, 2, 21.82
1747818007, 0, 8, 569, 568, 14, 6.08%, 0, 0, 2, 22.47
1747818012, 0, 8, 572, 571, 14, 6.08%, 0, 0, 2, 22.33
1747818017, 0, 8, 577, 576, 14, 6.08%, 0, 0, 2, 21.78
1747818022, 0, 8, 583, 582, 14, 6.08%, 0, 0, 2, 21.61
1747818027, 0, 8, 587, 586, 14, 6.08%, 0, 0, 2, 21.37
1747818033, 0, 8, 588, 587, 14, 6.08%, 0, 0, 2, 22.06
1747818038, 0, 8, 592, 591, 14, 6.08%, 0, 0, 2, 21.64
1747818043, 0, 8, 595, 594, 14, 6.08%, 0, 0, 2, 21.75
1747818048, 0, 8, 597, 596, 14, 6.08%, 0, 0, 2, 21.92
1747818053, 0, 8, 601, 600, 14, 6.08%, 0, 0, 2, 21.43
1747818058, 0, 8, 605, 604, 14, 6.08%, 0, 0, 2, 21.64
1747818063, 0, 8, 607, 606, 14, 6.08%, 0, 0, 2, 21.86
1747818068, 0, 8, 610, 609, 14, 6.08%, 0, 0, 2, 21.71
1747818079, 0, 9, 615, 614, 16, 6.08%, 0, 0, 2, 20.05
1747818084, 0, 9, 624, 623, 16, 6.08%, 0, 0, 2, 19.08
1747818089, 0, 9, 633, 632, 16, 6.08%, 0, 0, 2, 18.75
1747818094, 0, 9, 642, 641, 16, 6.08%, 0, 0, 2, 18.62
1747818099, 0, 9, 648, 647, 16, 6.08%, 0, 0, 2, 18.64
1747818104, 0, 9, 654, 653, 16, 6.08%, 0, 0, 2, 18.70
1747818109, 0, 9, 658, 657, 16, 6.08%, 0, 0, 2, 18.83
1747818114, 0, 9, 661, 660, 16, 6.08%, 0, 0, 2, 18.89
1747818119, 0, 9, 665, 664, 16, 6.08%, 0, 0, 2, 18.91
1747818124, 0, 9, 670, 669, 16, 6.08%, 0, 0, 2, 18.64
1747818130, 0, 9, 674, 673, 16, 6.09%, 0, 0, 2, 18.56
1747818135, 0, 9, 679, 678, 16, 6.09%, 0, 0, 2, 18.59
1747818140, 0, 9, 683, 682, 16, 6.09%, 0, 0, 2, 19.19
1747818145, 0, 9, 687, 686, 16, 6.10%, 0, 0, 2, 18.63
1747818150, 0, 9, 692, 691, 16, 6.10%, 0, 0, 2, 18.51
1747818155, 0, 9, 694, 693, 16, 6.10%, 0, 0, 2, 18.89
1747818161, 0, 9, 697, 696, 16, 6.10%, 0, 0, 2, 18.75
1747818166, 0, 9, 699, 698, 16, 6.10%, 0, 0, 2, 19.11
1747818171, 0, 9, 700, 699, 16, 6.10%, 0, 0, 2, 19.14
1747818176, 0, 9, 703, 702, 16, 6.10%, 0, 0, 2, 18.82
1747818186, 0, 9, 706, 705, 16, 6.10%, 0, 0, 2, 18.66
1747818191, 0, 9, 707, 706, 16, 6.10%, 0, 0, 2, 19.18
1747818206, 0, 10, 708, 707, 15, 6.10%, 0, 0, 2, 19.09
1747818212, 0, 13, 708, 707, 15, 6.10%, 0, 0, 2, 19.10
1747818217, 0, 15, 709, 708, 15, 6.10%, 0, 0, 2, 20.17
1747818222, 0, 15, 710, 709, 15, 6.10%, 0, 0, 2, 19.25
1747818227, 0, 15, 712, 711, 15, 6.10%, 0, 0, 2, 19.00
1747818232, 0, 15, 713, 712, 15, 6.10%, 0, 0, 2, 19.12
1747818237, 0, 15, 714, 713, 15, 6.10%, 0, 0, 2, 19.38
1747818242, 0, 15, 715, 714, 15, 6.10%, 0, 0, 2, 19.18
1747818247, 0, 15, 716, 715, 15, 6.10%, 0, 0, 2, 19.31
1747818252, 0, 15, 717, 716, 15, 6.10%, 0, 0, 2, 19.04
1747818258, 0, 15, 718, 717, 15, 6.10%, 0, 0, 2, 19.06
1747818278, 0, 15, 719, 718, 15, 6.10%, 0, 0, 2, 19.03
1747818283, 0, 15, 722, 721, 15, 6.10%, 0, 0, 2, 18.79
1747818288, 0, 15, 726, 725, 15, 6.10%, 0, 0, 2, 17.75
1747818298, 0, 15, 727, 726, 15, 6.10%, 0, 0, 2, 19.39
1747818309, 0, 15, 729, 728, 15, 6.10%, 0, 0, 2, 19.05
1747818314, 0, 17, 730, 729, 15, 6.10%, 0, 0, 2, 20.14
1747818319, 0, 18, 730, 729, 15, 6.10%, 0, 0, 2, 19.17
1747818324, 0, 21, 730, 729, 15, 6.10%, 0, 0, 2, 30.32
1747818329, 0, 25, 731, 730, 15, 6.10%, 0, 0, 2, 35.99
1747818334, 0, 28, 731, 730, 16, 6.10%, 0, 0, 2, 34.63
1747818339, 0, 30, 732, 731, 16, 6.10%, 0, 0, 2, 32.56
1747818344, 0, 30, 737, 736, 16, 6.20%, 0, 0, 2, 32.01
1747818349, 0, 30, 738, 737, 16, 6.20%, 0, 0, 2, 31.91
1747818354, 0, 30, 739, 738, 16, 6.20%, 0, 0, 2, 32.19
1747818360, 0, 30, 740, 739, 16, 6.20%, 0, 0, 2, 31.98
1747818365, 0, 30, 742, 741, 16, 6.20%, 0, 0, 2, 31.65
1747818370, 0, 30, 745, 744, 16, 6.20%, 0, 0, 2, 30.96
1747818375, 0, 30, 747, 746, 16, 6.20%, 0, 0, 2, 31.70
1747818385, 0, 30, 748, 747, 16, 6.20%, 0, 0, 2, 32.05
1747818395, 0, 33, 749, 748, 14, 6.20%, 0, 0, 2, 31.83
1747818400, 0, 34, 753, 752, 14, 6.20%, 0, 0, 2, 31.56
1747818406, 0, 34, 754, 753, 14, 6.20%, 0, 0, 2, 31.85
1747818411, 0, 34, 755, 754, 14, 6.20%, 0, 0, 2, 31.66
1747818416, 0, 34, 759, 758, 14, 6.20%, 0, 0, 2, 31.11
1747818431, 0, 34, 760, 759, 14, 6.20%, 0, 0, 2, 31.49
1747818436, 0, 34, 761, 760, 14, 6.20%, 0, 0, 2, 31.56
1747818441, 0, 34, 762, 761, 14, 6.20%, 0, 0, 2, 31.44
1747818446, 0, 34, 765, 764, 14, 6.20%, 0, 0, 2, 31.19
1747818451, 0, 34, 767, 766, 14, 6.20%, 0, 0, 2, 31.10
1747818456, 0, 39, 767, 766, 15, 6.20%, 0, 0, 2, 31.75
1747818461, 0, 44, 767, 766, 15, 6.20%, 0, 0, 2, 31.66
1747818466, 0, 48, 769, 768, 15, 6.20%, 0, 0, 2, 31.18
1747818471, 0, 48, 771, 770, 15, 6.20%, 0, 0, 2, 30.97
1747818482, 0, 48, 772, 771, 15, 6.20%, 0, 0, 2, 30.84
1747818497, 0, 48, 774, 773, 15, 6.20%, 0, 0, 2, 30.97
1747818502, 0, 48, 776, 775, 15, 6.20%, 0, 0, 2, 30.94
1747818507, 0, 48, 777, 776, 15, 6.24%, 0, 0, 2, 30.86
1747818522, 0, 49, 778, 777, 13, 6.24%, 0, 0, 2, 31.25
1747818527, 0, 50, 779, 778, 13, 6.24%, 0, 0, 2, 31.16
1747818532, 0, 53, 779, 778, 13, 6.24%, 0, 0, 2, 32.00
1747818537, 0, 57, 779, 778, 13, 6.24%, 0, 0, 2, 32.36
1747818543, 0, 62, 779, 778, 13, 6.24%, 0, 0, 2, 32.45
1747818548, 0, 64, 781, 780, 13, 6.24%, 0, 0, 2, 30.95
1747818553, 0, 64, 782, 781, 13, 6.25%, 0, 0, 2, 30.84
1747818563, 0, 67, 782, 781, 13, 6.25%, 0, 0, 2, 31.68
1747818568, 0, 69, 785, 784, 13, 6.25%, 0, 0, 2, 30.51
1747818573, 0, 69, 789, 788, 13, 6.25%, 0, 0, 2, 29.74
1747818583, 0, 69, 792, 791, 13, 6.25%, 0, 0, 2, 29.96
1747818588, 0, 69, 793, 792, 13, 6.25%, 0, 0, 2, 30.05
1747818594, 0, 69, 794, 793, 13, 6.25%, 0, 0, 2, 30.48
1747818604, 0, 69, 795, 794, 13, 6.25%, 0, 0, 2, 30.16
1747818624, 0, 71, 796, 795, 14, 6.25%, 0, 0, 2, 30.93
1747818630, 0, 73, 797, 796, 14, 6.25%, 0, 0, 2, 31.04
1747818635, 0, 73, 799, 798, 14, 6.38%, 0, 0, 2, 29.40
1747818640, 0, 73, 802, 801, 14, 6.39%, 0, 0, 2, 29.54
1747818645, 0, 73, 804, 803, 14, 6.39%, 0, 0, 2, 30.32
1747818650, 0, 73, 806, 805, 14, 6.39%, 0, 0, 2, 29.92
1747818655, 0, 73, 807, 806, 14, 6.39%, 0, 0, 2, 30.36
1747818660, 0, 73, 809, 808, 14, 6.39%, 0, 0, 2, 29.80
1747818671, 0, 73, 810, 809, 14, 6.39%, 0, 0, 2, 30.16
1747818681, 0, 73, 812, 811, 14, 6.39%, 0, 0, 2, 30.49
1747818686, 0, 74, 812, 811, 14, 6.39%, 0, 0, 2, 30.52
1747818691, 0, 77, 812, 811, 14, 6.39%, 0, 0, 2, 31.89
1747818696, 0, 80, 813, 812, 14, 6.39%, 0, 0, 2, 30.93
1747818701, 0, 83, 813, 812, 14, 6.39%, 0, 0, 2, 31.17
1747818706, 0, 85, 815, 814, 14, 6.39%, 0, 0, 2, 29.99
1747818711, 0, 85, 820, 819, 14, 6.41%, 0, 0, 2, 29.30
1747818717, 0, 85, 823, 822, 14, 6.41%, 0, 0, 2, 29.32
1747818722, 0, 85, 825, 824, 14, 6.41%, 0, 0, 2, 28.75
1747818732, 0, 85, 827, 826, 14, 6.41%, 0, 0, 2, 29.19
1747818737, 0, 85, 828, 827, 14, 6.41%, 0, 0, 2, 29.16
1747818742, 0, 85, 829, 828, 14, 6.41%, 0, 0, 2, 28.96
1747818747, 0, 85, 830, 829, 14, 6.41%, 0, 0, 2, 29.40
1747818762, 0, 85, 831, 830, 14, 6.41%, 0, 0, 2, 29.60
1747818768, 0, 88, 831, 830, 16, 6.41%, 0, 0, 2, 29.74
1747818773, 0, 89, 833, 832, 16, 6.41%, 0, 0, 2, 29.60
1747818778, 0, 89, 836, 835, 16, 6.41%, 0, 0, 2, 28.36
1747818783, 0, 89, 840, 839, 16, 6.41%, 0, 0, 2, 28.26
1747818788, 0, 89, 842, 841, 16, 6.41%, 0, 0, 2, 29.12
1747818793, 0, 89, 843, 842, 16, 6.41%, 0, 0, 2, 29.48
1747818798, 0, 89, 844, 843, 16, 6.42%, 0, 0, 2, 30.07
1747818803, 0, 89, 846, 845, 16, 6.42%, 0, 0, 2, 29.47
1747818808, 0, 89, 848, 847, 16, 6.42%, 0, 0, 2, 29.50
1747818819, 0, 89, 849, 848, 16, 6.42%, 0, 0, 2, 29.50
1747818824, 0, 89, 850, 849, 16, 6.42%, 0, 0, 2, 29.65
1747818829, 0, 89, 851, 850, 16, 6.42%, 0, 0, 2, 29.96
1747818834, 0, 93, 852, 851, 18, 6.43%, 0, 0, 2, 29.72
1747818839, 0, 94, 856, 855, 18, 6.45%, 0, 0, 2, 28.34
1747818844, 0, 94, 857, 856, 18, 6.45%, 0, 0, 2, 28.77
1747818850, 0, 94, 858, 857, 18, 6.45%, 0, 0, 2, 28.74
1747818855, 0, 94, 861, 860, 18, 6.45%, 0, 0, 2, 28.92
1747818860, 0, 94, 863, 862, 18, 6.45%, 0, 0, 2, 28.80
1747818865, 0, 94, 864, 863, 18, 6.45%, 0, 0, 2, 29.24
1747818870, 0, 94, 865, 864, 18, 6.45%, 0, 0, 2, 29.16
1747818875, 0, 94, 868, 867, 18, 6.45%, 0, 0, 2, 29.48
1747818880, 0, 94, 870, 869, 18, 6.45%, 0, 0, 2, 29.85
1747818891, 0, 94, 871, 870, 18, 6.45%, 0, 0, 2, 29.23
1747818901, 0, 96, 873, 872, 19, 6.45%, 0, 0, 2, 28.81
1747818906, 0, 96, 876, 875, 19, 6.45%, 0, 0, 2, 28.58
1747818911, 0, 96, 877, 876, 19, 6.45%, 0, 0, 2, 28.55
1747818916, 0, 96, 878, 877, 19, 6.45%, 0, 0, 2, 29.23
1747818922, 0, 96, 879, 878, 19, 6.45%, 0, 0, 2, 28.55
1747818927, 0, 96, 880, 879, 19, 6.45%, 0, 0, 2, 28.84
1747818937, 0, 96, 881, 880, 19, 6.45%, 0, 0, 2, 28.69
1747818952, 0, 96, 882, 881, 19, 6.45%, 0, 0, 2, 28.89
1747818962, 0, 99, 884, 883, 19, 6.45%, 0, 0, 2, 28.98
1747818967, 0, 99, 886, 885, 19, 6.45%, 0, 0, 2, 28.84
1747818972, 0, 99, 887, 886, 19, 6.45%, 0, 0, 2, 28.55
1747818983, 0, 99, 889, 888, 19, 6.45%, 0, 0, 2, 28.19
1747818993, 0, 99, 891, 890, 19, 6.45%, 0, 0, 2, 28.61
1747818998, 0, 99, 892, 891, 19, 6.45%, 0, 0, 2, 28.83
1747819003, 0, 99, 894, 893, 19, 6.48%, 0, 0, 2, 28.34
1747819008, 0, 99, 895, 894, 19, 6.48%, 0, 0, 2, 29.41
1747819013, 0, 99, 897, 896, 19, 6.48%, 0, 0, 2, 28.67
1747819023, 0, 102, 897, 896, 14, 6.48%, 0, 0, 2, 29.16
1747819029, 0, 103, 898, 897, 14, 6.48%, 0, 0, 2, 29.04
1747819034, 0, 110, 899, 898, 14, 6.48%, 0, 0, 2, 28.87
1747819039, 0, 110, 900, 899, 14, 6.48%, 0, 0, 2, 28.67
1747819044, 0, 113, 901, 900, 14, 6.48%, 0, 0, 2, 28.87
1747819049, 0, 113, 904, 903, 14, 6.48%, 0, 0, 2, 27.51
1747819054, 0, 113, 905, 904, 14, 6.48%, 0, 0, 2, 28.86
1747819059, 0, 113, 906, 905, 14, 6.48%, 0, 0, 2, 28.21
1747819064, 0, 113, 910, 909, 14, 6.48%, 0, 0, 2, 26.99
1747819070, 0, 113, 911, 910, 14, 6.48%, 0, 0, 2, 28.02
1747819075, 0, 113, 912, 911, 14, 6.48%, 0, 0, 2, 29.32
1747819085, 0, 113, 913, 912, 14, 6.48%, 0, 0, 2, 29.43
1747819100, 0, 113, 914, 913, 14, 6.48%, 0, 0, 2, 28.90
1747819106, 0, 114, 915, 914, 12, 6.48%, 0, 0, 2, 28.04
1747819111, 0, 116, 915, 914, 12, 6.48%, 0, 0, 2, 28.61
1747819116, 0, 117, 917, 916, 12, 6.48%, 0, 0, 2, 27.84
1747819121, 0, 117, 918, 917, 12, 6.48%, 0, 0, 2, 28.21
1747819126, 0, 117, 919, 918, 12, 6.48%, 0, 0, 2, 28.07
1747819131, 0, 117, 920, 919, 12, 6.48%, 0, 0, 2, 28.59
1747819136, 0, 117, 921, 920, 12, 6.48%, 0, 0, 2, 28.25
1747819141, 0, 117, 922, 921, 12, 6.48%, 0, 0, 2, 28.70
1747819151, 0, 117, 923, 922, 12, 6.48%, 0, 0, 2, 28.24
1747819166, 0, 117, 924, 923, 12, 6.48%, 0, 0, 2, 27.94
1747819171, 0, 117, 925, 924, 12, 6.73%, 0, 0, 2, 28.88
1747819177, 0, 120, 925, 924, 9, 6.73%, 0, 0, 2, 28.64
1747819182, 0, 121, 930, 929, 9, 6.99%, 0, 0, 2, 25.71
1747819192, 0, 121, 931, 930, 9, 6.99%, 0, 0, 2, 27.45
1747819197, 0, 121, 933, 932, 9, 6.99%, 0, 0, 2, 26.47
1747819203, 0, 121, 936, 935, 9, 6.99%, 0, 0, 2, 26.20
1747819208, 0, 121, 937, 936, 9, 6.99%, 0, 0, 2, 26.43
1747819213, 0, 121, 939, 938, 9, 6.99%, 0, 0, 2, 26.32
1747819223, 0, 121, 940, 939, 9, 6.99%, 0, 0, 2, 27.44
1747819238, 0, 121, 941, 940, 9, 6.99%, 0, 0, 2, 27.84
1747819243, 0, 122, 941, 940, 11, 6.99%, 0, 0, 2, 28.29
1747819248, 0, 125, 942, 941, 11, 6.99%, 0, 0, 2, 28.09
1747819253, 0, 127, 943, 942, 11, 6.99%, 0, 0, 2, 27.69
1747819258, 0, 127, 949, 948, 11, 7.06%, 0, 0, 2, 27.70
1747819263, 0, 127, 951, 950, 11, 7.06%, 0, 0, 2, 27.67
1747819274, 0, 127, 953, 952, 11, 7.19%, 0, 0, 2, 28.37
1747819279, 0, 127, 954, 953, 11, 7.19%, 0, 0, 2, 28.12
1747819284, 0, 127, 955, 954, 11, 7.19%, 0, 0, 2, 27.72
1747819289, 0, 127, 956, 955, 11, 7.19%, 0, 0, 2, 28.13
1747819294, 0, 127, 957, 956, 11, 7.19%, 0, 0, 2, 28.41
1747819304, 0, 127, 958, 957, 11, 7.19%, 0, 0, 2, 28.02
1747819315, 0, 127, 959, 958, 11, 7.19%, 0, 0, 2, 28.30
1747819320, 0, 129, 961, 960, 15, 7.19%, 0, 0, 2, 27.51
1747819325, 0, 129, 963, 962, 15, 7.19%, 0, 0, 2, 27.28
1747819330, 0, 129, 964, 963, 15, 7.19%, 0, 0, 2, 27.92
1747819345, 0, 129, 965, 964, 15, 7.19%, 0, 0, 2, 28.76
1747819350, 0, 129, 968, 967, 15, 7.20%, 0, 0, 2, 27.25
1747819361, 0, 129, 969, 968, 15, 7.20%, 0, 0, 2, 28.46
1747819381, 0, 133, 969, 968, 16, 7.20%, 0, 0, 2, 28.96
1747819386, 0, 134, 972, 971, 16, 7.20%, 0, 0, 2, 26.77
1747819391, 0, 134, 974, 973, 16, 7.20%, 0, 0, 2, 27.14
1747819396, 0, 134, 977, 976, 16, 7.20%, 0, 0, 2, 27.09
1747819402, 0, 134, 979, 978, 16, 7.20%, 0, 0, 2, 27.45
1747819407, 0, 134, 981, 980, 16, 7.20%, 0, 0, 2, 26.69
1747819417, 0, 134, 982, 981, 16, 7.20%, 0, 0, 2, 26.69
1747819427, 0, 134, 983, 982, 16, 7.20%, 0, 0, 2, 28.28
1747819437, 0, 134, 984, 983, 16, 7.20%, 0, 0, 2, 27.83
1747819448, 0, 135, 985, 984, 16, 7.20%, 0, 0, 2, 27.86
1747819453, 0, 138, 985, 984, 16, 7.20%, 0, 0, 2, 28.96
1747819458, 0, 140, 987, 986, 16, 7.20%, 0, 0, 2, 27.34
1747819463, 0, 140, 991, 990, 16, 7.20%, 0, 0, 2, 25.99
1747819468, 0, 140, 993, 992, 16, 7.21%, 0, 0, 2, 27.03
1747819473, 0, 140, 994, 993, 16, 7.21%, 0, 0, 2, 27.64
1747819483, 0, 140, 996, 995, 16, 7.21%, 0, 0, 2, 26.89
1747819488, 0, 140, 998, 997, 16, 7.21%, 0, 0, 2, 27.51
1747819504, 0, 140, 999, 998, 16, 7.21%, 0, 0, 2, 27.47
1747819509, 0, 140, 1001, 1000, 16, 7.21%, 0, 0, 2, 27.82
1747819519, 0, 140, 1002, 1001, 16, 7.21%, 0, 0, 2, 28.19
1747819524, 0, 142, 1004, 1003, 15, 7.21%, 0, 0, 2, 27.29
1747819529, 0, 142, 1007, 1006, 15, 7.21%, 0, 0, 2, 26.05
1747819534, 0, 142, 1008, 1007, 15, 7.21%, 0, 0, 2, 26.70
1747819539, 0, 142, 1009, 1008, 15, 7.21%, 0, 0, 2, 27.51
1747819550, 0, 142, 1010, 1009, 15, 7.21%, 0, 0, 2, 26.56
1747819555, 0, 142, 1011, 1010, 15, 7.21%, 0, 0, 2, 27.59
1747819565, 0, 142, 1012, 1011, 15, 7.21%, 0, 0, 2, 27.37
1747819585, 0, 144, 1012, 1011, 15, 7.21%, 0, 0, 2, 28.45
1747819590, 0, 147, 1012, 1011, 15, 7.21%, 0, 0, 2, 28.52
1747819595, 0, 150, 1013, 1012, 15, 7.21%, 0, 0, 2, 27.23
1747819601, 0, 154, 1013, 1012, 15, 7.21%, 0, 0, 2, 28.26
1747819606, 0, 158, 1013, 1012, 15, 7.21%, 0, 0, 2, 27.76
1747819611, 0, 162, 1013, 1012, 15, 7.21%, 0, 0, 2, 28.31
1747819616, 0, 163, 1014, 1013, 15, 7.21%, 0, 0, 2, 27.52
1747819621, 0, 166, 1015, 1014, 15, 7.21%, 0, 0, 2, 27.46
1747819626, 0, 168, 1015, 1014, 15, 7.21%, 0, 0, 2, 27.37
1747819631, 0, 171, 1015, 1014, 15, 7.21%, 0, 0, 2, 27.41
1747819636, 0, 177, 1015, 1014, 15, 7.21%, 0, 0, 2, 28.39
1747819641, 0, 182, 1015, 1014, 15, 7.21%, 0, 0, 2, 28.18
1747819646, 0, 186, 1015, 1014, 15, 7.21%, 0, 0, 2, 28.23
1747819652, 0, 189, 1015, 1014, 15, 7.21%, 0, 0, 2, 28.20
1747819657, 0, 192, 1015, 1014, 15, 7.21%, 0, 0, 2, 27.97
1747819662, 0, 195, 1015, 1014, 15, 7.21%, 0, 0, 2, 27.54
1747819667, 0, 197, 1017, 1016, 15, 7.21%, 0, 0, 2, 26.66
1747819672, 0, 199, 1017, 1016, 15, 7.21%, 0, 0, 2, 27.81
1747819677, 0, 202, 1017, 1016, 15, 7.21%, 0, 0, 2, 28.37
1747819682, 0, 206, 1017, 1016, 15, 7.21%, 0, 0, 2, 28.03
1747819687, 0, 209, 1017, 1016, 15, 7.21%, 0, 0, 2, 28.13
1747819692, 0, 211, 1017, 1016, 15, 7.21%, 0, 0, 2, 28.02
1747819697, 0, 214, 1017, 1016, 15, 7.21%, 0, 0, 2, 27.40
1747819702, 0, 217, 1018, 1017, 15, 7.21%, 0, 0, 2, 27.15
1747819708, 0, 218, 1019, 1018, 15, 7.21%, 0, 0, 2, 26.92
1747819713, 0, 219, 1020, 1019, 15, 7.21%, 0, 0, 2, 20.12
1747819718, 0, 221, 1020, 1019, 15, 7.21%, 0, 0, 2, 17.51
1747819723, 0, 222, 1020, 1019, 15, 7.21%, 0, 0, 2, 17.03
1747819728, 0, 227, 1020, 1019, 15, 7.21%, 0, 0, 2, 17.09
1747819733, 0, 229, 1020, 1019, 15, 7.21%, 0, 0, 2, 16.54
1747819738, 0, 229, 1021, 1020, 15, 7.21%, 0, 0, 2, 16.49
1747819743, 0, 231, 1021, 1020, 15, 7.21%, 0, 0, 2, 16.82
1747819748, 0, 232, 1021, 1020, 15, 7.21%, 0, 0, 2, 16.70
1747819754, 0, 234, 1021, 1020, 15, 7.21%, 0, 0, 2, 16.74
1747819759, 0, 239, 1021, 1020, 15, 7.21%, 0, 0, 2, 16.19
1747819764, 0, 240, 1021, 1020, 15, 7.21%, 0, 0, 2, 16.38
1747819769, 0, 242, 1021, 1020, 15, 7.21%, 0, 0, 2, 16.47
1747819774, 0, 244, 1021, 1020, 15, 7.21%, 0, 0, 2, 16.75
1747819779, 0, 245, 1021, 1020, 15, 7.21%, 0, 0, 2, 17.36
1747819784, 0, 247, 1021, 1020, 15, 7.21%, 0, 0, 2, 16.90
1747819789, 0, 248, 1022, 1021, 15, 7.21%, 0, 0, 2, 23.56
1747819794, 0, 252, 1022, 1021, 15, 7.21%, 0, 0, 2, 27.28
1747819800, 0, 255, 1022, 1021, 15, 7.21%, 0, 0, 2, 28.12
1747819805, 0, 257, 1023, 1022, 15, 7.21%, 0, 0, 2, 27.36
1747819810, 0, 259, 1023, 1022, 15, 7.21%, 0, 0, 2, 28.41
1747819815, 0, 264, 1023, 1022, 15, 7.21%, 0, 0, 2, 28.55
1747819820, 0, 266, 1024, 1023, 15, 7.21%, 0, 0, 2, 27.67
1747819825, 0, 272, 1024, 1023, 15, 7.21%, 0, 0, 2, 28.23
1747819830, 0, 274, 1024, 1023, 15, 7.21%, 0, 0, 2, 28.47
1747819835, 0, 278, 1024, 1023, 15, 7.21%, 0, 0, 2, 28.94
1747819840, 0, 281, 1025, 1024, 15, 7.21%, 0, 0, 2, 28.05
1747819845, 0, 285, 1027, 1026, 15, 7.21%, 0, 0, 2, 27.21
1747819856, 0, 286, 1027, 1026, 15, 7.21%, 0, 0, 2, 17.79
1747819861, 0, 291, 1027, 1026, 15, 7.21%, 0, 0, 2, 17.42
1747819866, 0, 291, 1028, 1027, 15, 7.21%, 0, 0, 2, 16.61
1747819871, 0, 294, 1028, 1027, 15, 7.21%, 0, 0, 2, 16.20
1747819876, 0, 296, 1028, 1027, 15, 7.21%, 0, 0, 2, 16.27
1747819881, 0, 297, 1028, 1027, 15, 7.21%, 0, 0, 2, 16.52
1747819887, 0, 300, 1028, 1027, 15, 7.21%, 0, 0, 2, 16.20
1747819892, 0, 302, 1028, 1027, 15, 7.21%, 0, 0, 2, 16.54
1747819897, 0, 303, 1028, 1027, 15, 7.21%, 0, 0, 2, 16.43
1747819902, 0, 305, 1028, 1027, 15, 7.21%, 0, 0, 2, 16.17
1747819907, 0, 306, 1028, 1027, 15, 7.21%, 0, 0, 2, 16.36
1747819912, 0, 309, 1028, 1027, 15, 7.21%, 0, 0, 2, 16.13
1747819917, 0, 311, 1028, 1027, 15, 7.21%, 0, 0, 2, 16.83
1747819922, 0, 312, 1028, 1027, 15, 7.21%, 0, 0, 2, 16.49
1747819927, 0, 314, 1028, 1027, 15, 7.21%, 0, 0, 2, 16.50
1747819933, 0, 318, 1028, 1027, 15, 7.21%, 0, 0, 2, 16.81
1747819938, 0, 320, 1028, 1027, 15, 7.21%, 0, 0, 2, 17.13
1747819943, 0, 323, 1028, 1027, 15, 7.21%, 0, 0, 2, 16.66
1747819948, 0, 325, 1028, 1027, 15, 7.21%, 0, 0, 2, 17.23
1747819953, 0, 326, 1028, 1027, 15, 7.21%, 0, 0, 2, 16.62
1747819958, 0, 330, 1028, 1027, 15, 7.21%, 0, 0, 2, 16.30
1747819963, 0, 332, 1028, 1027, 15, 7.21%, 0, 0, 2, 16.64
1747819969, 0, 333, 1028, 1027, 15, 7.21%, 0, 0, 2, 16.31
1747819974, 0, 335, 1028, 1027, 15, 7.21%, 0, 0, 2, 16.39
1747819979, 0, 338, 1028, 1027, 15, 7.21%, 0, 0, 2, 16.08
1747819984, 0, 340, 1028, 1027, 15, 7.21%, 0, 0, 2, 16.40
1747819989, 0, 342, 1028, 1027, 15, 7.21%, 0, 0, 2, 16.67
1747819994, 0, 344, 1028, 1027, 15, 7.21%, 0, 0, 2, 16.66
1747819999, 0, 345, 1028, 1027, 15, 7.21%, 0, 0, 2, 16.33
1747820004, 0, 347, 1028, 1027, 15, 7.21%, 0, 0, 2, 16.39
1747820010, 0, 350, 1028, 1027, 15, 7.21%, 0, 0, 2, 16.21
1747820015, 0, 351, 1028, 1027, 15, 7.21%, 0, 0, 2, 16.23
1747820020, 0, 353, 1028, 1027, 15, 7.21%, 0, 0, 2, 17.03
1747820025, 0, 355, 1028, 1027, 15, 7.21%, 0, 0, 2, 16.78
1747820030, 0, 356, 1028, 1027, 15, 7.21%, 0, 0, 2, 16.60
1747820035, 0, 358, 1028, 1027, 15, 7.21%, 0, 0, 2, 16.15
1747820040, 0, 359, 1028, 1027, 15, 7.21%, 0, 0, 2, 16.29
1747820045, 0, 362, 1028, 1027, 15, 7.21%, 0, 0, 2, 16.43
1747820051, 0, 364, 1028, 1027, 15, 7.21%, 0, 0, 2, 16.29
1747820056, 0, 365, 1028, 1027, 15, 7.21%, 0, 0, 2, 16.10
1747820061, 0, 368, 1028, 1027, 15, 7.21%, 0, 0, 2, 16.46
1747820066, 0, 370, 1028, 1027, 15, 7.21%, 0, 0, 2, 16.40
1747820071, 0, 373, 1028, 1027, 15, 7.21%, 0, 0, 2, 16.48
1747820076, 0, 376, 1028, 1027, 15, 7.21%, 0, 0, 2, 16.47
1747820081, 0, 380, 1028, 1027, 15, 7.21%, 0, 0, 2, 16.24
1747820086, 0, 381, 1028, 1027, 15, 7.21%, 0, 0, 2, 16.47
1747820091, 0, 383, 1028, 1027, 15, 7.21%, 0, 0, 2, 16.55
1747820097, 0, 385, 1028, 1027, 15, 7.21%, 0, 0, 2, 16.95
1747820102, 0, 386, 1028, 1027, 15, 7.21%, 0, 0, 2, 16.55
1747820107, 0, 388, 1028, 1027, 15, 7.21%, 0, 0, 2, 16.31
1747820112, 0, 390, 1028, 1027, 15, 7.21%, 0, 0, 2, 16.77
1747820117, 0, 393, 1028, 1027, 15, 7.21%, 0, 0, 2, 16.68
1747820122, 0, 395, 1028, 1027, 15, 7.21%, 0, 0, 2, 16.63
1747820127, 0, 398, 1028, 1027, 15, 7.21%, 0, 0, 2, 17.01
1747820132, 0, 400, 1028, 1027, 15, 7.21%, 0, 0, 2, 16.85
1747820137, 0, 402, 1028, 1027, 15, 7.21%, 0, 0, 2, 16.64
1747820143, 0, 404, 1028, 1027, 15, 7.21%, 0, 0, 2, 16.81
1747820148, 0, 405, 1028, 1027, 15, 7.21%, 0, 0, 2, 16.42
1747820153, 0, 407, 1028, 1027, 15, 7.21%, 0, 0, 2, 16.76
1747820158, 0, 409, 1028, 1027, 15, 7.21%, 0, 0, 2, 16.55
1747820163, 0, 410, 1028, 1027, 15, 7.21%, 0, 0, 2, 16.45
1747820168, 0, 412, 1028, 1027, 15, 7.21%, 0, 0, 2, 16.16
1747820173, 0, 414, 1028, 1027, 15, 7.21%, 0, 0, 2, 16.83
1747820178, 0, 415, 1028, 1027, 15, 7.21%, 0, 0, 2, 16.29
1747820184, 0, 417, 1029, 1028, 15, 7.21%, 0, 0, 2, 16.80
1747820189, 0, 418, 1029, 1028, 15, 7.21%, 0, 0, 2, 17.02
1747820194, 0, 420, 1029, 1028, 15, 7.21%, 0, 0, 2, 16.52
1747820199, 0, 422, 1029, 1028, 15, 7.21%, 0, 0, 2, 16.51
1747820204, 0, 423, 1029, 1028, 15, 7.21%, 0, 0, 2, 16.66
1747820209, 0, 425, 1029, 1028, 15, 7.21%, 0, 0, 2, 17.02
1747820214, 0, 427, 1029, 1028, 15, 7.21%, 0, 0, 2, 16.74
1747820219, 0, 428, 1029, 1028, 15, 7.21%, 0, 0, 2, 16.36
1747820224, 0, 430, 1029, 1028, 15, 7.21%, 0, 0, 2, 16.78
1747820229, 0, 433, 1029, 1028, 15, 7.21%, 0, 0, 2, 16.65
1747820234, 0, 434, 1029, 1028, 15, 7.21%, 0, 0, 2, 16.03
1747820239, 0, 435, 1030, 1029, 15, 7.21%, 0, 0, 2, 15.96
1747820245, 0, 436, 1030, 1029, 15, 7.21%, 0, 0, 2, 15.96
1747820250, 0, 438, 1030, 1029, 15, 7.21%, 0, 0, 2, 15.98
1747820255, 0, 441, 1030, 1029, 15, 7.21%, 0, 0, 2, 16.25
1747820260, 0, 444, 1030, 1029, 15, 7.21%, 0, 0, 2, 16.74
1747820265, 0, 446, 1030, 1029, 15, 7.21%, 0, 0, 2, 16.51
1747820270, 0, 448, 1030, 1029, 15, 7.21%, 0, 0, 2, 16.85
1747820275, 0, 449, 1030, 1029, 15, 7.21%, 0, 0, 2, 17.11
1747820280, 0, 451, 1030, 1029, 15, 7.21%, 0, 0, 2, 16.96
1747820286, 0, 452, 1030, 1029, 15, 7.21%, 0, 0, 2, 16.62
1747820291, 0, 455, 1030, 1029, 15, 7.21%, 0, 0, 2, 16.90
1747820296, 0, 458, 1030, 1029, 15, 7.21%, 0, 0, 2, 16.90
1747820301, 0, 462, 1030, 1029, 15, 7.21%, 0, 0, 2, 16.50
1747820306, 0, 463, 1030, 1029, 15, 7.21%, 0, 0, 2, 16.31
1747820311, 0, 466, 1030, 1029, 15, 7.21%, 0, 0, 2, 16.96
1747820316, 0, 469, 1030, 1029, 15, 7.21%, 0, 0, 2, 16.55
1747820321, 0, 469, 1031, 1030, 15, 7.21%, 0, 0, 2, 15.94
1747820327, 0, 471, 1031, 1030, 15, 7.21%, 0, 0, 2, 16.37
1747820332, 0, 472, 1031, 1030, 15, 7.21%, 0, 0, 2, 15.88
1747820337, 0, 474, 1031, 1030, 15, 7.21%, 0, 0, 2, 16.38
1747820342, 0, 475, 1031, 1030, 15, 7.21%, 0, 0, 2, 15.81
1747820347, 0, 476, 1032, 1031, 15, 7.21%, 0, 0, 2, 16.04
1747820352, 0, 478, 1032, 1031, 15, 7.21%, 0, 0, 2, 16.42
1747820357, 0, 479, 1032, 1031, 15, 7.21%, 0, 0, 2, 16.71
1747820362, 0, 481, 1032, 1031, 15, 7.21%, 0, 0, 2, 16.51
1747820367, 0, 481, 1033, 1032, 15, 7.21%, 0, 0, 2, 16.13
1747820373, 0, 483, 1033, 1032, 16, 7.21%, 0, 0, 2, 16.85
1747820378, 0, 485, 1033, 1032, 16, 7.21%, 0, 0, 2, 16.78
1747820383, 0, 486, 1033, 1032, 16, 7.21%, 0, 0, 2, 16.72
1747820388, 0, 490, 1033, 1032, 16, 7.21%, 0, 0, 2, 16.71
1747820393, 0, 494, 1034, 1033, 16, 7.21%, 0, 0, 2, 16.18
1747820403, 0, 496, 1034, 1033, 16, 7.21%, 0, 0, 2, 16.21
1747820408, 0, 498, 1034, 1033, 16, 7.21%, 0, 0, 2, 16.39
1747820413, 0, 500, 1034, 1033, 16, 7.21%, 0, 0, 2, 16.44
1747820418, 0, 503, 1034, 1033, 16, 7.21%, 0, 0, 2, 16.66
1747820424, 0, 505, 1034, 1033, 16, 7.21%, 0, 0, 2, 16.61
1747820429, 0, 507, 1034, 1033, 16, 7.21%, 0, 0, 2, 16.50
1747820434, 0, 507, 1035, 1034, 16, 7.21%, 0, 0, 2, 16.25
1747820439, 0, 508, 1037, 1036, 16, 7.21%, 0, 0, 2, 15.93
1747820449, 0, 509, 1037, 1036, 16, 7.21%, 0, 0, 2, 16.82
1747820454, 0, 512, 1037, 1036, 16, 7.21%, 0, 0, 2, 16.73
1747820459, 0, 513, 1037, 1036, 16, 7.21%, 0, 0, 2, 16.47
1747820465, 0, 517, 1037, 1036, 16, 7.21%, 0, 0, 2, 16.96
1747820470, 0, 519, 1037, 1036, 16, 7.21%, 0, 0, 2, 16.67
1747820475, 0, 521, 1037, 1036, 16, 7.21%, 0, 0, 2, 16.16
1747820480, 0, 523, 1037, 1036, 16, 7.21%, 0, 0, 2, 16.81
1747820485, 0, 525, 1037, 1036, 16, 7.21%, 0, 0, 2, 16.43
1747820490, 0, 526, 1037, 1036, 16, 7.21%, 0, 0, 2, 15.95
1747820495, 0, 528, 1037, 1036, 16, 7.21%, 0, 0, 2, 15.65
1747820500, 0, 529, 1037, 1036, 16, 7.21%, 0, 0, 2, 16.25
1747820505, 0, 532, 1037, 1036, 16, 7.21%, 0, 0, 2, 16.46
1747820511, 0, 534, 1037, 1036, 16, 7.21%, 0, 0, 2, 16.83
1747820516, 0, 536, 1037, 1036, 16, 7.21%, 0, 0, 2, 16.49
1747820521, 0, 537, 1037, 1036, 16, 7.21%, 0, 0, 2, 16.53
1747820526, 0, 540, 1037, 1036, 16, 7.21%, 0, 0, 2, 16.85
1747820531, 0, 541, 1037, 1036, 16, 7.21%, 0, 0, 2, 18.67
1747822919, 0, 544, 1037, 1035, 16, 7.21%, 0, 0, 2, 16.55
1747822924, 0, 545, 1037, 1035, 16, 7.21%, 0, 0, 2, 16.92
1747822929, 0, 547, 1037, 1035, 16, 7.21%, 0, 0, 2, 16.41
1747822934, 0, 550, 1037, 1035, 16, 7.21%, 0, 0, 2, 16.89
1747822939, 0, 551, 1037, 1035, 16, 7.21%, 0, 0, 2, 16.31
1747822944, 0, 553, 1037, 1035, 16, 7.21%, 0, 0, 2, 16.11
1747822949, 0, 554, 1037, 1035, 16, 7.21%, 0, 0, 2, 16.04
1747822955, 0, 557, 1037, 1035, 16, 7.21%, 0, 0, 2, 16.40
1747822960, 0, 559, 1037, 1035, 16, 7.21%, 0, 0, 2, 16.31
1747822965, 0, 561, 1037, 1035, 16, 7.21%, 0, 0, 2, 16.07
1747822970, 0, 564, 1037, 1035, 16, 7.21%, 0, 0, 2, 16.43
1747822975, 0, 565, 1037, 1035, 16, 7.21%, 0, 0, 2, 16.48
1747822980, 0, 567, 1037, 1035, 16, 7.21%, 0, 0, 2, 16.77
1747822985, 0, 569, 1037, 1035, 16, 7.21%, 0, 0, 2, 16.22
1747822990, 0, 570, 1037, 1035, 16, 7.21%, 0, 0, 2, 15.97
1747822995, 0, 573, 1037, 1035, 16, 7.21%, 0, 0, 2, 16.86
1747823001, 0, 575, 1037, 1035, 16, 7.21%, 0, 0, 2, 16.57
1747823006, 0, 577, 1037, 1035, 16, 7.21%, 0, 0, 2, 16.63
1747823011, 0, 579, 1037, 1035, 16, 7.21%, 0, 0, 2, 16.72
1747823016, 0, 581, 1037, 1035, 16, 7.21%, 0, 0, 2, 15.81
1747823021, 0, 582, 1037, 1035, 16, 7.21%, 0, 0, 2, 16.58
1747823026, 0, 585, 1038, 1036, 16, 7.22%, 0, 0, 3, 16.36
1747823031, 0, 586, 1038, 1036, 17, 7.22%, 0, 0, 3, 16.60
1747823036, 0, 587, 1038, 1036, 17, 7.22%, 0, 0, 3, 17.16
1747823041, 0, 590, 1038, 1036, 17, 7.22%, 0, 0, 3, 16.70
1747823047, 0, 592, 1038, 1036, 17, 7.22%, 0, 0, 3, 17.20
1747823052, 0, 597, 1038, 1036, 17, 7.22%, 0, 0, 3, 16.91
1747823057, 0, 599, 1038, 1036, 17, 7.22%, 0, 0, 3, 16.62
1747823062, 0, 603, 1038, 1036, 17, 7.22%, 0, 0, 3, 17.36
1747823067, 0, 604, 1038, 1036, 17, 7.22%, 0, 0, 3, 16.90
1747823072, 0, 607, 1038, 1036, 17, 7.22%, 0, 0, 3, 16.24
1747823078, 0, 609, 1038, 1036, 17, 7.22%, 0, 0, 3, 16.78
1747823083, 0, 609, 1039, 1037, 17, 7.22%, 0, 0, 3, 16.76
1747823088, 0, 611, 1039, 1037, 17, 7.22%, 0, 0, 3, 16.05
1747823093, 0, 613, 1039, 1037, 17, 7.22%, 0, 0, 3, 16.47
1747823098, 0, 615, 1039, 1037, 17, 7.22%, 0, 0, 3, 16.78
1747823103, 0, 618, 1039, 1037, 17, 7.22%, 0, 0, 3, 16.73
1747823108, 0, 619, 1039, 1037, 17, 7.22%, 0, 0, 3, 16.49
1747823113, 0, 621, 1039, 1037, 17, 7.22%, 0, 0, 3, 16.37
1747823118, 0, 623, 1039, 1037, 17, 7.22%, 0, 0, 3, 16.44
1747823123, 0, 624, 1039, 1037, 17, 7.22%, 0, 0, 3, 16.71
1747823128, 0, 626, 1039, 1037, 17, 7.22%, 0, 0, 3, 16.37
1747823134, 0, 628, 1039, 1037, 17, 7.22%, 0, 0, 3, 16.65
1747823139, 0, 629, 1039, 1037, 17, 7.22%, 0, 0, 3, 16.44
1747823144, 0, 631, 1039, 1037, 17, 7.22%, 0, 0, 3, 16.43
1747823149, 0, 633, 1039, 1037, 17, 7.22%, 0, 0, 3, 16.45
1747823154, 0, 634, 1039, 1037, 17, 7.22%, 0, 0, 3, 16.74
1747823160, 0, 636, 1039, 1037, 17, 7.22%, 0, 0, 3, 17.01
1747823165, 0, 639, 1039, 1037, 17, 7.22%, 0, 0, 3, 16.66
1747823170, 0, 640, 1039, 1037, 17, 7.22%, 0, 0, 3, 16.73
1747823175, 0, 642, 1039, 1037, 17, 7.22%, 0, 0, 3, 16.86
1747823180, 0, 644, 1039, 1037, 17, 7.22%, 0, 0, 3, 16.67
1747823185, 0, 645, 1039, 1037, 17, 7.22%, 0, 0, 3, 16.40
1747823190, 0, 647, 1039, 1037, 17, 7.22%, 0, 0, 3, 16.56
1747823195, 0, 651, 1039, 1037, 17, 7.22%, 0, 0, 3, 16.74
1747823200, 0, 652, 1039, 1037, 17, 7.22%, 0, 0, 3, 16.60
1747823205, 0, 654, 1039, 1037, 17, 7.22%, 0, 0, 3, 16.56
1747823211, 0, 656, 1039, 1037, 17, 7.22%, 0, 0, 3, 16.35
1747823216, 0, 656, 1040, 1038, 17, 7.22%, 0, 0, 3, 16.61
1747823221, 0, 659, 1040, 1038, 17, 7.22%, 0, 0, 3, 16.35
1747823226, 0, 660, 1040, 1038, 17, 7.22%, 0, 0, 3, 16.79
1747823231, 0, 665, 1040, 1038, 17, 7.22%, 0, 0, 3, 17.15
1747823236, 0, 667, 1040, 1038, 17, 7.22%, 0, 0, 3, 16.99
1747823241, 0, 669, 1040, 1038, 17, 7.22%, 0, 0, 3, 16.17
1747823246, 0, 672, 1040, 1038, 17, 7.22%, 0, 0, 3, 16.03
1747823251, 0, 676, 1040, 1038, 17, 7.22%, 0, 0, 3, 16.44
1747823256, 0, 677, 1040, 1038, 17, 7.22%, 0, 0, 3, 16.65
1747823261, 0, 679, 1040, 1038, 17, 7.22%, 0, 0, 3, 16.75
1747823267, 0, 683, 1040, 1038, 17, 7.22%, 0, 0, 3, 16.17
1747823272, 0, 684, 1040, 1038, 17, 7.22%, 0, 0, 3, 16.53
1747823277, 0, 686, 1040, 1038, 17, 7.22%, 0, 0, 3, 16.51
1747823282, 0, 689, 1040, 1038, 17, 7.22%, 0, 0, 3, 16.87
1747823287, 0, 690, 1040, 1038, 17, 7.22%, 0, 0, 3, 17.02
1747823292, 0, 694, 1040, 1038, 17, 7.22%, 0, 0, 3, 16.26
1747823297, 0, 695, 1040, 1038, 17, 7.22%, 0, 0, 3, 16.63
1747823302, 0, 698, 1040, 1038, 17, 7.22%, 0, 0, 3, 16.28
1747823308, 0, 700, 1040, 1038, 17, 7.22%, 0, 0, 3, 16.21
1747823313, 0, 701, 1040, 1038, 17, 7.22%, 0, 0, 3, 16.75
1747823318, 0, 703, 1040, 1038, 17, 7.22%, 0, 0, 3, 17.09
1747823323, 0, 705, 1040, 1038, 17, 7.22%, 0, 0, 3, 16.69
1747823328, 0, 706, 1040, 1038, 17, 7.22%, 0, 0, 3, 16.41
1747823333, 0, 708, 1040, 1038, 17, 7.22%, 0, 0, 3, 16.74
1747823338, 0, 710, 1040, 1038, 17, 7.22%, 0, 0, 3, 16.06
1747823343, 0, 711, 1040, 1038, 17, 7.22%, 0, 0, 3, 16.59
1747823349, 0, 713, 1040, 1038, 17, 7.22%, 0, 0, 3, 15.92
1747823354, 0, 715, 1040, 1038, 17, 7.22%, 0, 0, 3, 16.42
1747823359, 0, 716, 1040, 1038, 17, 7.22%, 0, 0, 3, 16.64
1747823364, 0, 719, 1040, 1038, 17, 7.22%, 0, 0, 3, 16.22
1747823369, 0, 720, 1040, 1038, 17, 7.22%, 0, 0, 3, 16.43
1747823374, 0, 723, 1040, 1038, 17, 7.22%, 0, 0, 3, 16.77
1747823379, 0, 726, 1040, 1038, 17, 7.22%, 0, 0, 3, 16.42
1747823384, 0, 727, 1040, 1038, 17, 7.22%, 0, 0, 3, 16.56
1747823390, 0, 729, 1040, 1038, 17, 7.22%, 0, 0, 3, 17.24
1747823395, 0, 731, 1040, 1038, 17, 7.22%, 0, 0, 3, 16.62
1747823400, 0, 732, 1040, 1038, 17, 7.22%, 0, 0, 3, 16.32
1747823405, 0, 735, 1040, 1038, 17, 7.22%, 0, 0, 3, 16.82
1747823410, 0, 737, 1040, 1038, 17, 7.22%, 0, 0, 3, 16.61
1747823415, 0, 739, 1040, 1038, 17, 7.22%, 0, 0, 3, 16.69
1747823420, 0, 740, 1040, 1038, 17, 7.22%, 0, 0, 3, 16.78
1747823426, 0, 744, 1040, 1038, 17, 7.22%, 0, 0, 3, 16.87
1747823431, 0, 746, 1040, 1038, 17, 7.22%, 0, 0, 3, 16.84
1747823436, 0, 748, 1040, 1038, 17, 7.22%, 0, 0, 3, 15.89
1747823441, 0, 750, 1040, 1038, 17, 7.22%, 0, 0, 3, 16.59
1747823446, 0, 753, 1040, 1038, 17, 7.22%, 0, 0, 3, 17.14
1747823451, 0, 754, 1040, 1038, 17, 7.22%, 0, 0, 3, 17.18
1747823456, 0, 757, 1040, 1038, 17, 7.22%, 0, 0, 3, 16.14
1747823461, 0, 758, 1040, 1038, 17, 7.22%, 0, 0, 3, 16.19
1747823466, 0, 761, 1040, 1038, 17, 7.22%, 0, 0, 3, 16.28
1747823471, 0, 763, 1040, 1038, 17, 7.22%, 0, 0, 3, 17.09
1747823476, 0, 765, 1040, 1038, 17, 7.22%, 0, 0, 3, 17.11
1747823481, 0, 766, 1040, 1038, 17, 7.22%, 0, 0, 3, 16.71
1747823487, 0, 769, 1040, 1038, 17, 7.22%, 0, 0, 3, 17.09
1747823492, 0, 771, 1040, 1038, 17, 7.22%, 0, 0, 3, 16.70
1747823497, 0, 772, 1040, 1038, 17, 7.22%, 0, 0, 3, 16.64
1747823502, 0, 774, 1040, 1038, 17, 7.22%, 0, 0, 3, 16.82
1747823507, 0, 776, 1040, 1038, 17, 7.22%, 0, 0, 3, 16.96
1747823512, 0, 778, 1040, 1038, 17, 7.22%, 0, 0, 3, 16.23
1747823517, 0, 780, 1040, 1038, 17, 7.22%, 0, 0, 3, 16.38
1747823523, 0, 781, 1041, 1039, 17, 7.22%, 0, 0, 3, 16.04
1747823528, 0, 782, 1041, 1039, 17, 7.22%, 0, 0, 3, 16.29
1747823533, 0, 784, 1041, 1039, 17, 7.22%, 0, 0, 3, 17.07
1747823538, 0, 785, 1041, 1039, 17, 7.22%, 0, 0, 3, 16.91
1747823543, 0, 787, 1041, 1039, 17, 7.22%, 0, 0, 3, 16.67
1747823548, 0, 789, 1041, 1039, 17, 7.22%, 0, 0, 3, 16.60
1747823553, 0, 790, 1041, 1039, 17, 7.22%, 0, 0, 3, 16.89
1747823558, 0, 792, 1041, 1039, 17, 7.22%, 0, 0, 3, 16.48
1747823563, 0, 795, 1041, 1039, 17, 7.22%, 0, 0, 3, 16.83
1747823568, 0, 796, 1041, 1039, 17, 7.22%, 0, 0, 3, 16.52
1747823573, 0, 798, 1041, 1039, 17, 7.22%, 0, 0, 3, 16.52
1747823579, 0, 801, 1041, 1039, 17, 7.22%, 0, 0, 3, 16.19
1747823584, 0, 802, 1041, 1039, 17, 7.22%, 0, 0, 3, 16.58
1747823589, 0, 804, 1041, 1039, 17, 7.22%, 0, 0, 3, 16.44
1747823594, 0, 806, 1041, 1039, 17, 7.22%, 0, 0, 3, 16.60
1747823599, 0, 807, 1041, 1039, 17, 7.22%, 0, 0, 3, 16.73
1747823604, 0, 810, 1041, 1039, 17, 7.22%, 0, 0, 3, 16.65
1747823609, 0, 813, 1041, 1039, 17, 7.22%, 0, 0, 3, 16.36
1747823614, 0, 814, 1041, 1039, 17, 7.22%, 0, 0, 3, 16.71
1747823619, 0, 817, 1041, 1039, 17, 7.22%, 0, 0, 3, 16.59
1747823625, 0, 817, 1042, 1040, 17, 7.22%, 0, 0, 3, 16.44
1747823630, 0, 819, 1042, 1040, 17, 7.22%, 0, 0, 3, 16.40
1747823635, 0, 821, 1042, 1040, 17, 7.22%, 0, 0, 3, 16.95
1747823640, 0, 822, 1042, 1040, 17, 7.22%, 0, 0, 3, 16.53
1747823645, 0, 824, 1042, 1040, 17, 7.22%, 0, 0, 3, 16.94
1747823650, 0, 826, 1042, 1040, 17, 7.22%, 0, 0, 3, 16.51
1747823655, 0, 827, 1042, 1040, 17, 7.22%, 0, 0, 3, 16.88
1747823661, 0, 829, 1042, 1040, 17, 7.22%, 0, 0, 3, 16.29
1747823666, 0, 832, 1042, 1040, 17, 7.22%, 0, 0, 3, 16.99
1747823671, 0, 833, 1042, 1040, 17, 7.22%, 0, 0, 3, 16.39
1747823676, 0, 836, 1042, 1040, 17, 7.22%, 0, 0, 3, 16.01
1747823681, 0, 838, 1042, 1040, 17, 7.22%, 0, 0, 3, 16.31
1747823686, 0, 839, 1042, 1040, 17, 7.22%, 0, 0, 3, 16.79
1747823691, 0, 843, 1042, 1040, 17, 7.22%, 0, 0, 3, 16.29
1747823697, 0, 845, 1042, 1040, 17, 7.22%, 0, 0, 3, 16.16
1747823702, 0, 846, 1042, 1040, 17, 7.22%, 0, 0, 3, 16.21
1747823707, 0, 848, 1042, 1040, 17, 7.22%, 0, 0, 3, 16.85
1747823712, 0, 850, 1042, 1040, 17, 7.22%, 0, 0, 3, 17.07
1747823717, 0, 851, 1042, 1040, 17, 7.22%, 0, 0, 3, 17.01
1747823722, 0, 853, 1042, 1040, 17, 7.22%, 0, 0, 3, 16.76
1747823727, 0, 855, 1042, 1040, 17, 7.22%, 0, 0, 3, 16.30
1747823732, 0, 856, 1042, 1040, 17, 7.22%, 0, 0, 3, 16.25
1747823737, 0, 858, 1042, 1040, 17, 7.22%, 0, 0, 3, 16.42
1747823742, 0, 860, 1042, 1040, 17, 7.22%, 0, 0, 3, 16.74
1747823747, 0, 861, 1042, 1040, 17, 7.22%, 0, 0, 3, 16.61
1747823752, 0, 863, 1042, 1040, 17, 7.22%, 0, 0, 3, 16.61
1747823757, 0, 864, 1042, 1040, 17, 7.22%, 0, 0, 3, 16.65
1747823763, 0, 867, 1042, 1040, 17, 7.22%, 0, 0, 3, 16.84
1747823768, 0, 869, 1042, 1040, 17, 7.22%, 0, 0, 3, 16.93
1747823773, 0, 872, 1042, 1040, 17, 7.22%, 0, 0, 3, 16.79
1747823778, 0, 874, 1042, 1040, 17, 7.22%, 0, 0, 3, 15.83
1747823783, 0, 876, 1042, 1040, 17, 7.22%, 0, 0, 3, 16.39
1747823788, 0, 877, 1042, 1040, 17, 7.22%, 0, 0, 3, 16.69
1747823793, 0, 879, 1042, 1040, 17, 7.22%, 0, 0, 3, 16.80
1747823798, 0, 881, 1042, 1040, 17, 7.22%, 0, 0, 3, 16.47
1747823803, 0, 883, 1042, 1040, 17, 7.22%, 0, 0, 3, 16.57
1747823809, 0, 885, 1042, 1040, 17, 7.22%, 0, 0, 3, 16.54
1747823814, 0, 887, 1043, 1041, 17, 7.22%, 0, 0, 3, 16.95
1747823819, 0, 888, 1043, 1041, 17, 7.22%, 0, 0, 3, 16.15
1747823824, 0, 891, 1043, 1041, 17, 7.22%, 0, 0, 3, 16.40
1747823829, 0, 893, 1043, 1041, 17, 7.22%, 0, 0, 3, 16.85
1747823834, 0, 895, 1043, 1041, 17, 7.22%, 0, 0, 3, 17.28
1747823839, 0, 897, 1043, 1041, 17, 7.22%, 0, 0, 3, 16.44
1747823844, 0, 900, 1043, 1041, 17, 7.22%, 0, 0, 3, 17.07
1747823849, 0, 903, 1043, 1041, 17, 7.22%, 0, 0, 3, 16.76
1747823854, 0, 905, 1043, 1041, 17, 7.22%, 0, 0, 3, 16.82
1747823860, 0, 907, 1043, 1041, 17, 7.22%, 0, 0, 3, 16.93
1747823865, 0, 908, 1043, 1041, 17, 7.22%, 0, 0, 3, 16.40
1747823870, 0, 910, 1043, 1041, 17, 7.22%, 0, 0, 3, 16.50
1747823875, 0, 912, 1043, 1041, 17, 7.22%, 0, 0, 3, 16.36
1747823880, 0, 913, 1043, 1041, 17, 7.22%, 0, 0, 3, 16.74
1747823885, 0, 915, 1043, 1041, 17, 7.22%, 0, 0, 3, 16.48
1747823890, 0, 917, 1043, 1041, 17, 7.22%, 0, 0, 3, 17.01
1747823895, 0, 919, 1043, 1041, 17, 7.22%, 0, 0, 3, 16.48
1747823901, 0, 921, 1043, 1041, 17, 7.22%, 0, 0, 3, 16.00
1747823906, 0, 924, 1043, 1041, 17, 7.22%, 0, 0, 3, 16.74
1747823911, 0, 925, 1043, 1041, 17, 7.22%, 0, 0, 3, 16.88
1747823916, 0, 928, 1043, 1041, 17, 7.22%, 0, 0, 3, 17.00
1747823921, 0, 930, 1043, 1041, 17, 7.22%, 0, 0, 3, 16.83
1747823926, 0, 931, 1044, 1042, 17, 7.23%, 0, 0, 3, 16.59
1747823931, 0, 931, 1045, 1043, 17, 7.23%, 0, 0, 3, 17.01
1747823941, 0, 934, 1045, 1043, 18, 7.23%, 0, 0, 3, 16.82
1747823947, 0, 936, 1045, 1043, 18, 7.23%, 0, 0, 3, 16.85
1747823952, 0, 937, 1045, 1043, 18, 7.23%, 0, 0, 3, 16.18
1747823957, 0, 939, 1045, 1043, 18, 7.23%, 0, 0, 3, 16.66
1747823962, 0, 941, 1045, 1043, 18, 7.23%, 0, 0, 3, 17.22
1747823967, 0, 942, 1045, 1043, 18, 7.23%, 0, 0, 3, 16.80
1747823972, 0, 944, 1045, 1043, 18, 7.23%, 0, 0, 3, 16.76
1747823977, 0, 946, 1045, 1043, 18, 7.23%, 0, 0, 3, 16.77
1747823982, 0, 947, 1045, 1043, 18, 7.23%, 0, 0, 3, 16.38
1747823988, 0, 949, 1045, 1043, 18, 7.23%, 0, 0, 3, 16.72
1747823993, 0, 951, 1045, 1043, 18, 7.23%, 0, 0, 3, 16.29
1747823998, 0, 953, 1045, 1043, 18, 7.23%, 0, 0, 3, 16.74
1747824003, 0, 955, 1045, 1043, 18, 7.23%, 0, 0, 3, 16.63
1747824008, 0, 957, 1045, 1043, 18, 7.23%, 0, 0, 3, 16.06
1747824013, 0, 958, 1045, 1043, 18, 7.23%, 0, 0, 3, 16.27
1747824018, 0, 960, 1045, 1043, 18, 7.23%, 0, 0, 3, 16.20
1747824023, 0, 962, 1045, 1043, 18, 7.23%, 0, 0, 3, 16.95
1747824028, 0, 963, 1045, 1043, 18, 7.23%, 0, 0, 3, 16.54
1747824034, 0, 966, 1045, 1043, 18, 7.23%, 0, 0, 3, 17.11
1747824039, 0, 968, 1045, 1043, 18, 7.23%, 0, 0, 3, 16.79
1747824044, 0, 969, 1045, 1043, 18, 7.23%, 0, 0, 3, 16.98
1747824049, 0, 972, 1045, 1043, 18, 7.23%, 0, 0, 3, 16.93
1747824054, 0, 974, 1045, 1043, 18, 7.23%, 0, 0, 3, 16.45
1747824060, 0, 977, 1045, 1043, 18, 7.23%, 0, 0, 3, 16.33
1747824065, 0, 979, 1045, 1043, 18, 7.23%, 0, 0, 3, 16.17
1747824070, 0, 981, 1045, 1043, 18, 7.23%, 0, 0, 3, 16.95
1747824075, 0, 984, 1045, 1043, 18, 7.23%, 0, 0, 3, 17.18
1747824080, 0, 986, 1045, 1043, 18, 7.23%, 0, 0, 3, 17.08
1747824085, 0, 988, 1045, 1043, 18, 7.23%, 0, 0, 3, 16.89
1747824090, 0, 990, 1045, 1043, 18, 7.23%, 0, 0, 3, 16.31
1747824095, 0, 991, 1045, 1043, 18, 7.23%, 0, 0, 3, 16.06
1747824101, 0, 993, 1045, 1043, 18, 7.23%, 0, 0, 3, 15.96
1747824106, 0, 994, 1045, 1043, 18, 7.23%, 0, 0, 3, 16.33
1747824111, 0, 996, 1045, 1043, 18, 7.23%, 0, 0, 3, 16.21
1747824116, 0, 998, 1045, 1043, 18, 7.23%, 0, 0, 3, 16.49
1747824121, 0, 999, 1045, 1043, 18, 7.23%, 0, 0, 3, 16.43
1747824126, 0, 1001, 1045, 1043, 18, 7.23%, 0, 0, 3, 16.82
1747824131, 0, 1003, 1045, 1043, 18, 7.23%, 0, 0, 3, 16.74
1747824137, 0, 1005, 1045, 1043, 18, 7.23%, 0, 0, 3, 16.43
1747824142, 0, 1007, 1045, 1043, 18, 7.23%, 0, 0, 3, 16.55
1747824147, 0, 1009, 1045, 1043, 18, 7.23%, 0, 0, 3, 16.28
1747824152, 0, 1010, 1045, 1043, 18, 7.23%, 0, 0, 3, 16.67
1747824157, 0, 1014, 1045, 1043, 18, 7.23%, 0, 0, 3, 16.89
1747824162, 0, 1016, 1045, 1043, 18, 7.23%, 0, 0, 3, 16.83
1747824168, 0, 1017, 1045, 1043, 18, 7.23%, 0, 0, 3, 16.38
1747824173, 0, 1020, 1045, 1043, 18, 7.23%, 0, 0, 3, 16.70
1747824178, 0, 1023, 1045, 1043, 18, 7.23%, 0, 0, 3, 16.98
1747824183, 0, 1024, 1045, 1043, 18, 7.23%, 0, 0, 3, 16.98
1747824188, 0, 1026, 1045, 1043, 18, 7.23%, 0, 0, 3, 16.75
1747824193, 0, 1028, 1045, 1043, 18, 7.23%, 0, 0, 3, 16.50
1747824198, 0, 1029, 1045, 1043, 18, 7.23%, 0, 0, 3, 16.57
1747824203, 0, 1031, 1045, 1043, 18, 7.23%, 0, 0, 3, 16.04
1747824208, 0, 1033, 1045, 1043, 18, 7.23%, 0, 0, 3, 16.43
1747824214, 0, 1034, 1045, 1043, 18, 7.23%, 0, 0, 3, 16.81
1747824219, 0, 1037, 1045, 1043, 18, 7.23%, 0, 0, 3, 16.66
1747824224, 0, 1039, 1045, 1043, 18, 7.23%, 0, 0, 3, 16.34
1747824229, 0, 1041, 1045, 1043, 18, 7.23%, 0, 0, 3, 16.81
1747824234, 0, 1043, 1045, 1043, 18, 7.23%, 0, 0, 3, 16.33
1747824239, 1, 0, 1045, 1043, 18, 7.23%, 0, 0, 3, 17.06
1747824244, 1, 1, 1046, 1044, 18, 7.23%, 0, 0, 3, 16.57
1747824249, 1, 1, 1049, 1047, 18, 7.24%, 0, 0, 3, 15.65
1747824254, 1, 1, 1051, 1049, 18, 7.24%, 0, 0, 3, 16.33
1747824275, 1, 1, 1052, 1050, 18, 7.24%, 0, 0, 3, 16.48
1747824285, 1, 1, 1053, 1051, 18, 7.24%, 0, 0, 3, 15.94
1747824300, 1, 1, 1054, 1052, 18, 7.24%, 0, 0, 3, 15.87
1747824305, 1, 1, 1055, 1053, 18, 7.24%, 0, 0, 3, 16.15
1747824311, 1, 1, 1058, 1056, 18, 7.24%, 0, 0, 3, 14.73
1747824331, 1, 1, 1059, 1057, 18, 7.24%, 0, 0, 3, 16.21
1747824337, 1, 1, 1060, 1058, 18, 7.24%, 0, 0, 3, 15.70
1747824342, 1, 1, 1061, 1059, 18, 7.24%, 0, 0, 3, 16.86
1747824347, 1, 1, 1062, 1060, 18, 7.24%, 0, 0, 3, 15.91
1747824352, 1, 2, 1063, 1061, 20, 7.24%, 0, 0, 3, 16.43
1747824357, 1, 3, 1063, 1061, 20, 7.24%, 0, 0, 3, 16.04
1747824362, 1, 5, 1063, 1061, 20, 7.24%, 0, 0, 3, 16.10
1747824367, 1, 7, 1063, 1061, 20, 7.24%, 0, 0, 3, 15.71
1747824372, 1, 9, 1063, 1061, 20, 7.24%, 0, 0, 3, 16.09
1747824377, 1, 10, 1064, 1062, 20, 7.24%, 0, 0, 3, 15.24
1747824382, 1, 10, 1065, 1063, 20, 7.24%, 0, 0, 3, 15.91
1747824393, 1, 12, 1065, 1063, 20, 7.24%, 0, 0, 3, 16.57
1747824398, 1, 13, 1066, 1064, 20, 7.24%, 0, 0, 3, 17.00
1747824403, 1, 14, 1066, 1064, 20, 7.24%, 0, 0, 3, 17.07
1747824408, 1, 15, 1068, 1066, 20, 7.24%, 0, 0, 3, 15.61
1747824413, 1, 15, 1069, 1067, 20, 7.24%, 0, 0, 3, 16.90
1747824418, 1, 15, 1070, 1068, 20, 7.24%, 0, 0, 3, 16.20
1747824454, 1, 15, 1071, 1069, 20, 7.24%, 0, 0, 3, 15.66
1747824459, 1, 15, 1072, 1070, 20, 7.24%, 0, 0, 3, 16.18
1747824464, 1, 15, 1073, 1071, 20, 7.24%, 0, 0, 3, 15.94
1747824490, 1, 15, 1074, 1072, 20, 7.24%, 0, 0, 3, 16.46
1747824500, 1, 15, 1075, 1073, 20, 7.24%, 0, 0, 3, 16.39
1747824510, 1, 16, 1075, 1073, 19, 7.24%, 0, 0, 3, 16.96
1747824515, 1, 19, 1075, 1073, 19, 7.24%, 0, 0, 3, 16.55
1747824521, 1, 20, 1075, 1073, 19, 7.24%, 0, 0, 3, 16.78
1747824526, 1, 23, 1075, 1073, 19, 7.24%, 0, 0, 3, 16.78
1747824531, 1, 25, 1075, 1073, 19, 7.24%, 0, 0, 3, 16.53
1747824536, 1, 27, 1075, 1073, 19, 7.24%, 0, 0, 3, 16.32
1747824541, 1, 30, 1075, 1073, 19, 7.24%, 0, 0, 3, 16.99
1747824546, 1, 33, 1075, 1073, 19, 7.24%, 0, 0, 3, 17.04
1747824551, 1, 34, 1075, 1073, 19, 7.24%, 0, 0, 3, 16.87
1747824556, 1, 36, 1076, 1074, 19, 7.24%, 0, 0, 3, 16.06
1747824561, 1, 37, 1076, 1074, 19, 7.24%, 0, 0, 3, 16.10
1747824566, 1, 39, 1076, 1074, 19, 7.24%, 0, 0, 3, 16.76
1747824572, 1, 45, 1076, 1074, 19, 7.24%, 0, 0, 3, 16.74
1747824577, 1, 45, 1077, 1075, 19, 7.24%, 0, 0, 3, 16.73
1747824582, 1, 48, 1077, 1075, 19, 7.24%, 0, 0, 3, 16.76
1747824587, 1, 50, 1077, 1075, 19, 7.24%, 0, 0, 3, 16.42
1747824592, 1, 51, 1077, 1075, 19, 7.24%, 0, 0, 3, 16.99
1747824597, 1, 58, 1077, 1075, 19, 7.24%, 0, 0, 3, 16.56
1747824602, 1, 59, 1078, 1076, 19, 7.24%, 0, 0, 3, 15.89
1747824607, 1, 61, 1078, 1076, 19, 7.24%, 0, 0, 3, 17.03
1747824613, 1, 63, 1078, 1076, 19, 7.24%, 0, 0, 3, 16.73
1747824618, 1, 64, 1078, 1076, 19, 7.24%, 0, 0, 3, 16.37
1747824623, 1, 67, 1078, 1076, 19, 7.24%, 0, 0, 3, 16.58
1747824628, 1, 69, 1078, 1076, 19, 7.24%, 0, 0, 3, 17.03
1747824633, 1, 70, 1078, 1076, 19, 7.24%, 0, 0, 3, 16.61
1747824638, 1, 72, 1079, 1077, 19, 7.24%, 0, 0, 3, 15.90
1747824643, 1, 72, 1081, 1079, 19, 7.24%, 0, 0, 3, 16.16
1747824649, 1, 72, 1082, 1080, 19, 7.24%, 0, 0, 3, 16.02
1747824664, 1, 72, 1083, 1081, 19, 7.24%, 0, 0, 3, 16.45
1747824669, 1, 72, 1085, 1083, 19, 7.24%, 0, 0, 3, 16.00
1747824674, 1, 72, 1086, 1084, 19, 7.24%, 0, 0, 3, 16.17
1747824700, 1, 72, 1087, 1085, 19, 7.24%, 0, 0, 3, 16.45
1747824710, 1, 72, 1088, 1086, 19, 7.24%, 0, 0, 3, 16.71
1747824731, 1, 72, 1089, 1087, 19, 7.24%, 0, 0, 3, 25.88
1747824736, 1, 73, 1089, 1087, 20, 7.24%, 0, 0, 3, 27.86
1747824741, 1, 76, 1089, 1087, 20, 7.24%, 0, 0, 3, 28.27
1747824746, 1, 82, 1089, 1087, 20, 7.24%, 0, 0, 3, 27.99
1747824751, 1, 87, 1089, 1087, 20, 7.24%, 0, 0, 3, 28.51
1747824756, 1, 90, 1089, 1087, 20, 7.24%, 0, 0, 3, 27.40
1747824761, 1, 92, 1089, 1087, 20, 7.24%, 0, 0, 3, 51.94
1747824913, 1, 92, 1091, 1089, 20, 7.24%, 0, 0, 3, 59.45
1747824933, 1, 94, 1091, 1088, 20, 7.24%, 0, 0, 3, 38.39
1747824938, 1, 97, 1091, 1088, 20, 7.24%, 0, 0, 3, 30.53
1747824943, 1, 100, 1091, 1088, 20, 7.24%, 0, 0, 3, 29.01
1747824948, 1, 103, 1091, 1088, 20, 7.24%, 0, 0, 3, 27.93
1747824954, 1, 106, 1091, 1088, 20, 7.24%, 0, 0, 3, 28.27
1747824959, 1, 109, 1092, 1089, 20, 7.24%, 0, 0, 3, 28.51
1747824964, 1, 111, 1092, 1089, 20, 7.24%, 0, 0, 3, 28.13
1747824969, 1, 115, 1092, 1089, 20, 7.24%, 0, 0, 3, 27.78
1747824974, 1, 118, 1092, 1089, 20, 7.24%, 0, 0, 3, 28.50
1747824979, 1, 122, 1092, 1089, 20, 7.24%, 0, 0, 3, 27.21
1747824984, 1, 124, 1092, 1089, 20, 7.24%, 0, 0, 3, 27.25
1747824990, 1, 126, 1093, 1090, 20, 7.24%, 0, 0, 3, 26.64
1747824995, 1, 129, 1093, 1090, 20, 7.24%, 0, 0, 3, 27.60
1747825000, 1, 131, 1094, 1091, 20, 7.24%, 0, 0, 3, 27.66
1747825005, 1, 133, 1094, 1091, 20, 7.24%, 0, 0, 3, 27.92
1747825010, 1, 136, 1094, 1091, 20, 7.24%, 0, 0, 3, 28.24
1747825015, 1, 139, 1094, 1091, 20, 7.24%, 0, 0, 3, 27.68
1747825020, 1, 140, 1095, 1092, 20, 7.24%, 0, 0, 3, 28.00
1747825025, 1, 145, 1096, 1093, 20, 7.24%, 0, 0, 3, 27.81
1747825031, 1, 145, 1097, 1094, 20, 7.24%, 0, 0, 3, 27.83
1747825036, 1, 147, 1097, 1094, 20, 7.24%, 0, 0, 3, 28.20
1747825041, 1, 150, 1097, 1094, 20, 7.24%, 0, 0, 3, 27.87
1747825046, 1, 154, 1097, 1094, 20, 7.24%, 0, 0, 3, 27.35
1747825051, 1, 158, 1097, 1094, 20, 7.24%, 0, 0, 3, 27.87
1747825056, 1, 160, 1097, 1094, 20, 7.24%, 0, 0, 3, 27.57
1747825061, 1, 164, 1097, 1094, 20, 7.24%, 0, 0, 3, 28.09
1747825066, 1, 168, 1097, 1094, 20, 7.24%, 0, 0, 3, 27.92
1747825071, 1, 172, 1097, 1094, 20, 7.24%, 0, 0, 3, 27.79
1747825077, 1, 176, 1097, 1094, 20, 7.24%, 0, 0, 3, 28.91
1747825082, 1, 179, 1098, 1095, 20, 7.25%, 0, 0, 3, 27.65
1747825087, 1, 180, 1098, 1095, 21, 7.25%, 0, 0, 3, 28.16
1747825092, 1, 184, 1098, 1095, 21, 7.25%, 0, 0, 3, 28.13
1747825097, 1, 189, 1098, 1095, 21, 7.25%, 0, 0, 3, 27.29
1747825102, 1, 193, 1098, 1095, 21, 7.25%, 0, 0, 3, 28.22
1747825107, 1, 195, 1098, 1095, 21, 7.25%, 0, 0, 3, 27.31
1747825112, 1, 199, 1098, 1095, 21, 7.25%, 0, 0, 3, 28.15
1747825118, 1, 202, 1098, 1095, 21, 7.25%, 0, 0, 3, 28.09
1747825123, 1, 206, 1098, 1095, 21, 7.25%, 0, 0, 3, 28.04
1747825128, 1, 209, 1098, 1095, 21, 7.25%, 0, 0, 3, 27.18
1747825133, 1, 213, 1098, 1095, 21, 7.25%, 0, 0, 3, 27.98
1747825138, 1, 215, 1099, 1096, 21, 7.25%, 0, 0, 3, 28.31
1747825143, 1, 218, 1099, 1096, 21, 7.25%, 0, 0, 3, 28.68
1747825148, 1, 221, 1099, 1096, 21, 7.25%, 0, 0, 3, 27.65
1747825153, 1, 224, 1099, 1096, 21, 7.25%, 0, 0, 3, 28.03
1747825158, 1, 228, 1099, 1096, 21, 7.25%, 0, 0, 3, 28.51
1747825164, 1, 231, 1099, 1096, 21, 7.25%, 0, 0, 3, 27.99
1747825169, 1, 235, 1099, 1096, 21, 7.25%, 0, 0, 3, 28.41
1747825174, 1, 240, 1099, 1096, 21, 7.25%, 0, 0, 3, 28.38
1747825179, 1, 242, 1099, 1096, 21, 7.25%, 0, 0, 3, 27.96
1747825184, 1, 245, 1099, 1096, 21, 7.25%, 0, 0, 3, 27.07
1747825189, 1, 249, 1099, 1096, 21, 7.25%, 0, 0, 3, 27.10
1747825194, 1, 253, 1099, 1096, 21, 7.25%, 0, 0, 3, 27.57
1747825199, 1, 255, 1099, 1096, 21, 7.25%, 0, 0, 3, 27.70
1747825204, 1, 258, 1099, 1096, 21, 7.25%, 0, 0, 3, 27.85
1747825209, 1, 262, 1099, 1096, 21, 7.25%, 0, 0, 3, 28.23
1747825214, 1, 269, 1099, 1096, 21, 7.25%, 0, 0, 3, 27.98
1747825219, 1, 272, 1099, 1096, 21, 7.25%, 0, 0, 3, 28.38
1747825225, 1, 276, 1099, 1096, 21, 7.25%, 0, 0, 3, 28.35
1747825230, 1, 278, 1099, 1096, 21, 7.25%, 0, 0, 3, 27.89
1747825235, 1, 281, 1099, 1096, 21, 7.25%, 0, 0, 3, 28.18
1747825240, 1, 285, 1099, 1096, 21, 7.25%, 0, 0, 3, 28.04
1747825245, 1, 289, 1099, 1096, 21, 7.25%, 0, 0, 3, 27.68
1747825250, 1, 293, 1100, 1097, 21, 7.25%, 0, 0, 3, 27.22
1747825255, 1, 295, 1100, 1097, 21, 7.25%, 0, 0, 3, 27.77
1747825260, 1, 300, 1100, 1097, 21, 7.25%, 0, 0, 3, 27.96
1747825266, 1, 303, 1100, 1097, 21, 7.25%, 0, 0, 3, 28.12
1747825271, 1, 308, 1100, 1097, 21, 7.25%, 0, 0, 3, 27.96
1747825276, 1, 313, 1100, 1097, 21, 7.25%, 0, 0, 3, 28.50
1747825281, 1, 315, 1100, 1097, 21, 7.25%, 0, 0, 3, 27.89
1747825286, 1, 319, 1100, 1097, 21, 7.25%, 0, 0, 3, 27.60
1747825291, 1, 323, 1100, 1097, 21, 7.25%, 0, 0, 3, 28.32
1747825296, 1, 327, 1100, 1097, 21, 7.25%, 0, 0, 3, 27.74
1747825301, 1, 329, 1100, 1097, 21, 7.25%, 0, 0, 3, 28.02
1747825306, 1, 334, 1100, 1097, 21, 7.25%, 0, 0, 3, 28.52
1747825311, 1, 339, 1101, 1098, 21, 7.25%, 0, 0, 3, 27.37
1747825316, 1, 343, 1101, 1098, 21, 7.25%, 0, 0, 3, 28.24
1747825321, 1, 347, 1101, 1098, 21, 7.25%, 0, 0, 3, 28.16
1747825326, 1, 351, 1101, 1098, 21, 7.25%, 0, 0, 3, 27.60
1747825331, 1, 355, 1101, 1098, 21, 7.25%, 0, 0, 3, 27.78
1747825337, 1, 358, 1102, 1099, 21, 7.25%, 0, 0, 3, 27.51
1747825342, 1, 362, 1102, 1099, 21, 7.25%, 0, 0, 3, 27.87
1747825347, 1, 365, 1102, 1099, 21, 7.25%, 0, 0, 3, 28.49
1747825352, 1, 369, 1102, 1099, 21, 7.25%, 0, 0, 3, 28.10
1747825357, 1, 377, 1102, 1099, 21, 7.25%, 0, 0, 3, 27.08
1747825362, 1, 380, 1102, 1099, 21, 7.25%, 0, 0, 3, 27.46
1747825367, 1, 383, 1102, 1099, 21, 7.25%, 0, 0, 3, 27.64
1747825373, 1, 388, 1102, 1099, 21, 7.25%, 0, 0, 3, 27.56
1747825378, 1, 389, 1103, 1100, 21, 7.25%, 0, 0, 3, 27.10
1747825383, 1, 392, 1103, 1100, 21, 7.25%, 0, 0, 3, 27.51
1747825388, 1, 396, 1103, 1100, 21, 7.25%, 0, 0, 3, 27.22
1747825393, 1, 399, 1103, 1100, 21, 7.25%, 0, 0, 3, 28.60
1747825398, 1, 402, 1103, 1100, 21, 7.25%, 0, 0, 3, 28.21
1747825404, 1, 405, 1103, 1100, 21, 7.25%, 0, 0, 3, 28.52
1747825409, 1, 408, 1103, 1100, 21, 7.25%, 0, 0, 3, 28.83
1747825414, 1, 410, 1104, 1101, 21, 7.25%, 0, 0, 3, 27.56
1747825419, 1, 412, 1104, 1101, 21, 7.25%, 0, 0, 3, 28.14
1747825424, 1, 415, 1104, 1101, 21, 7.25%, 0, 0, 3, 27.19
1747825429, 1, 417, 1104, 1101, 21, 7.25%, 0, 0, 3, 28.12
1747825434, 1, 419, 1107, 1104, 21, 7.25%, 0, 0, 3, 26.46
1747825439, 1, 419, 1108, 1105, 21, 7.25%, 0, 0, 3, 26.66
1747825449, 1, 420, 1108, 1105, 21, 7.25%, 0, 0, 3, 28.21
1747825454, 1, 422, 1109, 1106, 21, 7.25%, 0, 0, 3, 28.12
1747825460, 1, 424, 1109, 1106, 21, 7.25%, 0, 0, 3, 28.36
1747825465, 1, 427, 1109, 1106, 21, 7.25%, 0, 0, 3, 28.60
1747825470, 1, 432, 1109, 1106, 21, 7.25%, 0, 0, 3, 27.63
1747825475, 1, 435, 1109, 1106, 21, 7.25%, 0, 0, 3, 28.24
1747825480, 1, 445, 1109, 1106, 21, 7.25%, 0, 0, 3, 28.38
1747825485, 1, 451, 1109, 1106, 21, 7.25%, 0, 0, 3, 27.82
1747825490, 1, 455, 1109, 1106, 21, 7.25%, 0, 0, 3, 28.40
1747825495, 1, 459, 1109, 1106, 21, 7.25%, 0, 0, 3, 27.52
1747825500, 1, 462, 1109, 1106, 21, 7.25%, 0, 0, 3, 28.43
1747825505, 1, 464, 1109, 1106, 21, 7.25%, 0, 0, 3, 28.04
1747825510, 1, 469, 1109, 1106, 21, 7.25%, 0, 0, 3, 28.89
1747825515, 1, 474, 1110, 1107, 21, 7.25%, 0, 0, 3, 28.19
1747825521, 1, 478, 1110, 1107, 21, 7.25%, 0, 0, 3, 28.23
1747825526, 1, 482, 1110, 1107, 21, 7.25%, 0, 0, 3, 27.24
1747825531, 1, 485, 1110, 1107, 21, 7.25%, 0, 0, 3, 26.73
1747825536, 1, 488, 1110, 1107, 21, 7.25%, 0, 0, 3, 27.33
1747825541, 1, 490, 1111, 1108, 21, 7.25%, 0, 0, 3, 26.91
1747825546, 1, 494, 1111, 1108, 21, 7.25%, 0, 0, 3, 27.62
1747825551, 1, 499, 1111, 1108, 21, 7.25%, 0, 0, 3, 28.53
1747825556, 1, 503, 1111, 1108, 21, 7.25%, 0, 0, 3, 27.64
1747825561, 1, 506, 1111, 1108, 21, 7.25%, 0, 0, 3, 27.11
1747825567, 1, 508, 1111, 1108, 21, 7.25%, 0, 0, 3, 27.44
1747825572, 1, 512, 1111, 1108, 21, 7.25%, 0, 0, 3, 28.00
1747825577, 1, 514, 1112, 1109, 21, 7.25%, 0, 0, 3, 27.32
1747825582, 1, 516, 1112, 1109, 21, 7.25%, 0, 0, 3, 27.34
1747825587, 1, 522, 1112, 1109, 21, 7.25%, 0, 0, 3, 27.11
1747825592, 1, 526, 1112, 1109, 21, 7.25%, 0, 0, 3, 28.08
1747825597, 1, 530, 1112, 1109, 21, 7.25%, 0, 0, 3, 28.23
1747825602, 1, 532, 1112, 1109, 21, 7.25%, 0, 0, 3, 27.69
1747825607, 1, 536, 1112, 1109, 21, 7.25%, 0, 0, 3, 27.40
1747825612, 1, 540, 1112, 1109, 21, 7.25%, 0, 0, 3, 28.46
1747825617, 1, 544, 1112, 1109, 21, 7.25%, 0, 0, 3, 27.91
1747825622, 1, 547, 1112, 1109, 21, 7.25%, 0, 0, 3, 28.15
1747825628, 1, 549, 1113, 1110, 21, 7.25%, 0, 0, 3, 27.46
1747825633, 1, 552, 1113, 1110, 21, 7.25%, 0, 0, 3, 27.98
1747825638, 1, 556, 1113, 1110, 21, 7.25%, 0, 0, 3, 27.83
1747825643, 1, 559, 1113, 1110, 21, 7.25%, 0, 0, 3, 28.49
1747825648, 1, 562, 1113, 1110, 21, 7.25%, 0, 0, 3, 27.71
1747825653, 1, 564, 1114, 1111, 21, 7.25%, 0, 0, 3, 27.62
1747825658, 1, 568, 1114, 1111, 21, 7.25%, 0, 0, 3, 28.24
1747827053, 1, 570, 1114, 1110, 20, 7.25%, 0, 0, 3, 36.48
1747827058, 1, 575, 1114, 1110, 20, 7.25%, 0, 0, 3, 29.82
1747827063, 1, 577, 1114, 1110, 20, 7.25%, 0, 0, 3, 27.58
1747827068, 1, 580, 1114, 1110, 20, 7.25%, 0, 0, 3, 27.62
1747827073, 1, 583, 1114, 1110, 20, 7.25%, 0, 0, 3, 28.74
1747827078, 1, 586, 1114, 1110, 20, 7.25%, 0, 0, 3, 28.23
1747827083, 1, 589, 1114, 1110, 20, 7.25%, 0, 0, 3, 27.99
1747827089, 1, 591, 1114, 1110, 20, 7.25%, 0, 0, 3, 28.09
1747827094, 1, 594, 1114, 1110, 20, 7.25%, 0, 0, 3, 27.43
1747827099, 1, 597, 1114, 1110, 20, 7.25%, 0, 0, 3, 27.91
1747827104, 1, 600, 1114, 1110, 20, 7.25%, 0, 0, 3, 28.11
1747827109, 1, 602, 1114, 1110, 20, 7.25%, 0, 0, 3, 27.99
1747827114, 1, 606, 1114, 1110, 20, 7.25%, 0, 0, 3, 28.31
1747827119, 1, 610, 1114, 1110, 20, 7.25%, 0, 0, 3, 28.74
1747827124, 1, 613, 1114, 1110, 20, 7.25%, 0, 0, 3, 28.71
1747827129, 1, 616, 1114, 1110, 20, 7.25%, 0, 0, 3, 28.40
1747827135, 1, 619, 1114, 1110, 20, 7.25%, 0, 0, 3, 28.12
1747827140, 1, 621, 1114, 1110, 20, 7.25%, 0, 0, 3, 28.33
1747827145, 1, 626, 1114, 1110, 20, 7.25%, 0, 0, 3, 28.13
1747827150, 1, 631, 1114, 1110, 20, 7.25%, 0, 0, 3, 27.17
1747827155, 1, 634, 1114, 1110, 20, 7.25%, 0, 0, 3, 27.75
1747827160, 1, 636, 1114, 1110, 20, 7.25%, 0, 0, 3, 27.66
1747827165, 1, 639, 1114, 1110, 20, 7.25%, 0, 0, 3, 27.82
1747827170, 1, 642, 1114, 1110, 20, 7.25%, 0, 0, 3, 27.59
1747827175, 1, 648, 1114, 1110, 20, 7.25%, 0, 0, 3, 27.93
1747827180, 1, 651, 1114, 1110, 20, 7.25%, 0, 0, 3, 28.57
1747827185, 1, 653, 1114, 1110, 20, 7.25%, 0, 0, 3, 27.61
1747827190, 1, 657, 1114, 1110, 20, 7.25%, 0, 0, 3, 27.17
1747827195, 1, 661, 1114, 1110, 20, 7.25%, 0, 0, 3, 27.90
1747827200, 1, 665, 1114, 1110, 20, 7.25%, 0, 0, 3, 28.52
1747827205, 1, 667, 1114, 1110, 20, 7.25%, 0, 0, 3, 28.62
1747827210, 1, 670, 1114, 1110, 20, 7.25%, 0, 0, 3, 27.99
1747827216, 1, 673, 1114, 1110, 20, 7.25%, 0, 0, 3, 24.94
1747827221, 1, 674, 1114, 1110, 20, 7.25%, 0, 0, 3, 18.16
1747827226, 1, 677, 1114, 1110, 20, 7.25%, 0, 0, 3, 16.81
1747827231, 1, 679, 1115, 1111, 20, 7.25%, 0, 0, 3, 16.74
1747827236, 1, 680, 1115, 1111, 20, 7.25%, 0, 0, 3, 16.98
1747827241, 1, 682, 1115, 1111, 20, 7.25%, 0, 0, 3, 17.37
1747827246, 1, 683, 1115, 1111, 20, 7.25%, 0, 0, 3, 16.15
1747827251, 1, 685, 1115, 1111, 20, 7.25%, 0, 0, 3, 16.35
1747827257, 1, 688, 1115, 1111, 20, 7.25%, 0, 0, 3, 16.88
1747827262, 1, 691, 1115, 1111, 20, 7.25%, 0, 0, 3, 16.82
1747827267, 1, 692, 1115, 1111, 20, 7.25%, 0, 0, 3, 16.74
1747827272, 1, 693, 1117, 1113, 20, 7.26%, 0, 0, 3, 15.43
1747827277, 1, 693, 1119, 1115, 20, 7.26%, 0, 0, 3, 15.50
1747827293, 1, 693, 1120, 1116, 20, 7.26%, 0, 0, 3, 15.76
1747827298, 1, 693, 1122, 1118, 20, 7.29%, 0, 0, 3, 15.34
1747827303, 1, 693, 1123, 1119, 20, 7.29%, 0, 0, 3, 15.96
1747827313, 1, 693, 1124, 1120, 20, 7.29%, 0, 0, 3, 15.88
1747827329, 1, 693, 1125, 1121, 20, 7.31%, 0, 0, 3, 16.24
1747827339, 1, 693, 1126, 1122, 20, 7.31%, 0, 0, 3, 15.51
1747827349, 1, 693, 1127, 1123, 20, 7.31%, 0, 0, 3, 15.89
1747827375, 1, 693, 1128, 1124, 20, 7.31%, 0, 0, 3, 15.83
1747827380, 1, 694, 1129, 1125, 19, 7.31%, 0, 0, 3, 16.01
1747827385, 1, 695, 1129, 1125, 19, 7.31%, 0, 0, 3, 15.48
1747827390, 1, 695, 1130, 1126, 19, 7.31%, 0, 0, 3, 15.87
1747827395, 1, 697, 1133, 1129, 19, 7.35%, 0, 0, 3, 13.88
1747827401, 1, 697, 1134, 1130, 19, 7.36%, 0, 0, 3, 14.04
1747827411, 1, 697, 1135, 1131, 19, 7.36%, 0, 0, 3, 15.81
1747827421, 1, 697, 1136, 1132, 19, 7.36%, 0, 0, 3, 15.69
1747827431, 1, 697, 1137, 1133, 19, 7.37%, 0, 0, 3, 15.61
1747827436, 1, 697, 1138, 1134, 19, 7.37%, 0, 0, 3, 15.18
1747827442, 1, 697, 1139, 1135, 19, 7.37%, 0, 0, 3, 15.04
1747827462, 1, 697, 1140, 1136, 19, 7.37%, 0, 0, 3, 15.75
1747827467, 1, 697, 1141, 1137, 19, 7.37%, 0, 0, 3, 15.84
1747827478, 1, 697, 1142, 1138, 19, 7.37%, 0, 0, 3, 15.43
1747827483, 1, 697, 1144, 1140, 19, 7.38%, 0, 0, 3, 13.62
1747827493, 1, 697, 1145, 1141, 19, 7.38%, 0, 0, 3, 15.00
1747827498, 1, 697, 1146, 1142, 19, 7.38%, 0, 0, 3, 15.45
1747827508, 1, 700, 1146, 1142, 20, 7.38%, 0, 0, 3, 22.92
1747827513, 1, 700, 1150, 1146, 20, 7.38%, 0, 0, 3, 23.44
1747827518, 1, 700, 1153, 1149, 20, 7.38%, 0, 0, 3, 22.73
1747827544, 1, 700, 1155, 1151, 20, 7.38%, 0, 0, 3, 24.51
1747827554, 1, 700, 1156, 1152, 20, 7.38%, 0, 0, 3, 25.89
1747827564, 1, 700, 1157, 1153, 20, 7.38%, 0, 0, 3, 19.21
1747827569, 1, 700, 1159, 1155, 20, 7.38%, 0, 0, 3, 15.36
1747827590, 1, 701, 1159, 1155, 21, 7.38%, 0, 0, 3, 15.61
1747827595, 1, 704, 1159, 1155, 21, 7.38%, 0, 0, 3, 15.19
1747827600, 1, 704, 1162, 1158, 21, 7.38%, 0, 0, 3, 13.42
1747827605, 1, 704, 1163, 1159, 21, 7.38%, 0, 0, 3, 14.10
1747827615, 1, 704, 1164, 1160, 21, 7.38%, 0, 0, 3, 14.41
1747827620, 1, 704, 1165, 1161, 21, 7.38%, 0, 0, 3, 14.84
1747827631, 1, 704, 1166, 1162, 21, 7.38%, 0, 0, 3, 15.07
1747827636, 1, 704, 1167, 1163, 21, 7.38%, 0, 0, 3, 15.11
1747827641, 1, 704, 1168, 1164, 21, 7.38%, 0, 0, 3, 14.17
1747827666, 1, 704, 1169, 1165, 21, 7.38%, 0, 0, 3, 14.06
1747827692, 1, 704, 1170, 1166, 21, 7.38%, 0, 0, 3, 15.14
1747827712, 1, 705, 1170, 1166, 21, 7.38%, 0, 0, 3, 15.54
1747827717, 1, 705, 1173, 1169, 21, 7.38%, 0, 0, 3, 13.36
1747827727, 1, 705, 1175, 1171, 21, 7.38%, 0, 0, 3, 14.19
1747827737, 1, 705, 1176, 1172, 21, 7.38%, 0, 0, 3, 14.92
1747827743, 1, 705, 1177, 1173, 21, 7.38%, 0, 0, 3, 15.13
1747827753, 1, 705, 1179, 1175, 21, 7.75%, 0, 0, 3, 13.79
1747827763, 1, 705, 1181, 1177, 21, 7.75%, 0, 0, 3, 14.85
1747827768, 1, 705, 1182, 1178, 21, 7.75%, 0, 0, 3, 13.75
1747827783, 1, 705, 1183, 1179, 21, 7.75%, 0, 0, 3, 14.92
1747827789, 1, 705, 1184, 1180, 21, 7.76%, 0, 0, 3, 14.57
1747827794, 1, 705, 1185, 1181, 21, 7.76%, 0, 0, 3, 14.29
1747827820, 1, 705, 1186, 1182, 21, 7.76%, 0, 0, 3, 15.22
1747827835, 1, 707, 1187, 1183, 21, 7.76%, 0, 0, 3, 14.58
1747827840, 1, 707, 1189, 1185, 21, 7.76%, 0, 0, 3, 14.19
1747827845, 1, 707, 1190, 1186, 21, 7.80%, 0, 0, 3, 13.14
1747827860, 1, 707, 1192, 1188, 21, 7.80%, 0, 0, 3, 13.94
1747827875, 1, 707, 1193, 1189, 21, 7.80%, 0, 0, 3, 14.90
1747827891, 1, 707, 1194, 1190, 21, 7.80%, 0, 0, 3, 14.34
1747827906, 1, 707, 1197, 1193, 21, 7.80%, 0, 0, 3, 12.67
1747827917, 1, 707, 1198, 1194, 21, 7.80%, 0, 0, 3, 13.24
1747827947, 1, 707, 1199, 1195, 21, 7.83%, 0, 0, 3, 15.01
1747827952, 1, 708, 1200, 1196, 23, 7.83%, 0, 0, 3, 14.62
1747827958, 1, 708, 1202, 1198, 23, 7.83%, 0, 0, 3, 13.54
1747827963, 1, 708, 1203, 1199, 23, 7.83%, 0, 0, 3, 13.89
1747827968, 1, 708, 1204, 1200, 23, 7.83%, 0, 0, 3, 13.40
1747827973, 1, 708, 1205, 1201, 23, 7.83%, 0, 0, 3, 13.17
1747827978, 1, 708, 1206, 1202, 23, 7.83%, 0, 0, 3, 13.89
1747827988, 1, 708, 1207, 1203, 23, 7.84%, 0, 0, 3, 13.41
1747827999, 1, 708, 1208, 1204, 23, 7.84%, 0, 0, 3, 15.05
1747828004, 1, 708, 1210, 1206, 23, 7.84%, 0, 0, 3, 13.88
1747828009, 1, 708, 1211, 1207, 23, 7.84%, 0, 0, 3, 13.93
1747828014, 1, 708, 1212, 1208, 23, 7.84%, 0, 0, 3, 13.77
1747828029, 1, 708, 1213, 1209, 23, 7.84%, 0, 0, 3, 14.49
1747828055, 1, 708, 1214, 1210, 23, 7.84%, 0, 0, 3, 14.35
1747828076, 1, 710, 1214, 1210, 23, 7.84%, 0, 0, 3, 14.80
1747828081, 1, 713, 1214, 1210, 23, 7.84%, 0, 0, 3, 14.39
1747828086, 1, 714, 1215, 1211, 23, 7.86%, 0, 0, 3, 12.83
1747828091, 1, 714, 1217, 1213, 23, 7.86%, 0, 0, 3, 12.25
1747828101, 1, 714, 1218, 1214, 23, 7.86%, 0, 0, 3, 14.14
1747828106, 1, 714, 1219, 1215, 23, 7.86%, 0, 0, 3, 12.43
1747828116, 1, 714, 1220, 1216, 23, 7.86%, 0, 0, 3, 13.49
1747828127, 1, 714, 1222, 1218, 23, 7.86%, 0, 0, 3, 12.59
1747828137, 1, 714, 1223, 1219, 23, 7.86%, 0, 0, 3, 13.95
1747828142, 1, 714, 1224, 1220, 23, 7.86%, 0, 0, 3, 13.11
1747828167, 1, 714, 1225, 1221, 23, 7.86%, 0, 0, 3, 13.59
1747828208, 1, 716, 1227, 1223, 25, 7.86%, 0, 0, 3, 13.80
1747828214, 1, 719, 1227, 1223, 25, 7.86%, 0, 0, 3, 15.04
1747828219, 1, 719, 1228, 1224, 25, 7.91%, 0, 0, 3, 13.47
1747828224, 1, 720, 1228, 1224, 21, 7.91%, 0, 0, 3, 15.09
1747828229, 1, 722, 1229, 1225, 21, 7.91%, 0, 0, 3, 13.99
1747828234, 1, 722, 1230, 1226, 21, 7.91%, 0, 0, 3, 14.24
1747828244, 1, 724, 1230, 1226, 21, 7.91%, 0, 0, 3, 14.54
1747828249, 1, 724, 1231, 1227, 21, 7.92%, 0, 0, 3, 14.14
1747828254, 1, 724, 1233, 1229, 21, 7.92%, 0, 0, 3, 13.93
1747828260, 1, 724, 1234, 1230, 21, 7.92%, 0, 0, 3, 13.87
1747828265, 1, 724, 1235, 1231, 21, 8.06%, 0, 0, 3, 14.24
1747828270, 1, 724, 1236, 1232, 21, 8.06%, 0, 0, 3, 13.97
1747828290, 1, 724, 1237, 1233, 21, 8.06%, 0, 0, 3, 13.97
1747828301, 1, 724, 1238, 1234, 21, 8.06%, 0, 0, 3, 14.07
1747828306, 1, 724, 1239, 1235, 21, 8.06%, 0, 0, 3, 14.03
1747828311, 1, 724, 1241, 1237, 21, 8.06%, 0, 0, 3, 12.40
1747828347, 1, 724, 1243, 1239, 21, 8.06%, 0, 0, 3, 13.31
1747828352, 1, 724, 1244, 1240, 21, 8.06%, 0, 0, 3, 12.46
1747828357, 1, 724, 1245, 1241, 21, 8.06%, 0, 0, 3, 12.78
1747828372, 1, 726, 1245, 1241, 21, 8.06%, 0, 0, 3, 14.68
1747828377, 1, 729, 1245, 1241, 21, 8.06%, 0, 0, 3, 14.91
1747828382, 1, 730, 1245, 1241, 21, 8.06%, 0, 0, 3, 14.93
1747828387, 1, 730, 1246, 1242, 21, 8.06%, 0, 0, 3, 14.41
1747828393, 1, 732, 1246, 1242, 21, 8.06%, 0, 0, 3, 15.06
1747828398, 1, 735, 1246, 1242, 21, 8.06%, 0, 0, 3, 15.98
1747828403, 1, 737, 1246, 1242, 21, 8.06%, 0, 0, 3, 14.70
1747828408, 1, 737, 1248, 1244, 21, 8.06%, 0, 0, 3, 13.22
1747828418, 1, 737, 1249, 1245, 21, 8.06%, 0, 0, 3, 13.51
1747828428, 1, 737, 1251, 1247, 21, 8.06%, 0, 0, 3, 11.34
1747828433, 1, 737, 1253, 1249, 21, 8.06%, 0, 0, 3, 10.78
1747828439, 1, 737, 1254, 1250, 21, 8.06%, 0, 0, 3, 11.97
1747828449, 1, 737, 1255, 1251, 21, 8.06%, 0, 0, 3, 12.78
1747828454, 1, 737, 1256, 1252, 21, 8.06%, 0, 0, 3, 12.64
1747828516, 1, 737, 1257, 1253, 21, 8.06%, 0, 0, 3, 13.46
1747828521, 1, 737, 1258, 1254, 21, 8.06%, 0, 0, 3, 12.12
1747828531, 1, 737, 1259, 1255, 21, 8.06%, 0, 0, 3, 13.77
1747828536, 1, 739, 1259, 1255, 21, 8.06%, 0, 0, 3, 14.32
1747828541, 1, 741, 1260, 1256, 21, 8.06%, 0, 0, 3, 13.17
1747828552, 1, 744, 1260, 1256, 21, 8.06%, 0, 0, 3, 14.21
1747828557, 1, 745, 1260, 1256, 21, 8.06%, 0, 0, 3, 14.05
1747828562, 1, 749, 1260, 1256, 21, 8.06%, 0, 0, 3, 14.27
1747828567, 1, 750, 1260, 1256, 21, 8.06%, 0, 0, 3, 14.88
1747828572, 1, 752, 1260, 1256, 21, 8.06%, 0, 0, 3, 14.53
1747828577, 1, 753, 1260, 1256, 21, 8.06%, 0, 0, 3, 15.38
1747828583, 1, 754, 1260, 1256, 21, 8.06%, 0, 0, 3, 13.66
1747828588, 1, 755, 1261, 1257, 21, 8.06%, 0, 0, 3, 14.24
1747828593, 1, 756, 1261, 1257, 21, 8.06%, 0, 0, 3, 14.33
1747828598, 1, 759, 1261, 1257, 21, 8.06%, 0, 0, 3, 13.78
1747828603, 1, 760, 1261, 1257, 21, 8.06%, 0, 0, 3, 14.16
1747828608, 1, 762, 1261, 1257, 21, 8.06%, 0, 0, 3, 14.84
1747828614, 1, 764, 1261, 1257, 21, 8.06%, 0, 0, 3, 14.83
1747828619, 1, 767, 1261, 1257, 21, 8.06%, 0, 0, 3, 15.74
1747828624, 1, 769, 1261, 1257, 21, 8.06%, 0, 0, 3, 15.95
1747828629, 1, 773, 1261, 1257, 21, 8.06%, 0, 0, 3, 14.38
1747828634, 1, 776, 1261, 1257, 21, 8.06%, 0, 0, 3, 13.92
1747828639, 1, 778, 1261, 1257, 21, 8.06%, 0, 0, 3, 14.67
1747828644, 1, 780, 1261, 1257, 21, 8.06%, 0, 0, 3, 14.95
1747828650, 1, 782, 1261, 1257, 21, 8.06%, 0, 0, 3, 14.62
1747828655, 1, 784, 1261, 1257, 21, 8.06%, 0, 0, 3, 14.87
1747828660, 1, 785, 1261, 1257, 21, 8.06%, 0, 0, 3, 14.90
1747828665, 1, 788, 1261, 1257, 21, 8.06%, 0, 0, 3, 14.38
1747828670, 1, 791, 1261, 1257, 21, 8.06%, 0, 0, 3, 14.28
1747828675, 1, 793, 1261, 1257, 21, 8.06%, 0, 0, 3, 14.93
1747828680, 1, 794, 1261, 1257, 21, 8.06%, 0, 0, 3, 14.30
1747828685, 1, 796, 1261, 1257, 21, 8.06%, 0, 0, 3, 13.97
1747828690, 1, 798, 1261, 1257, 21, 8.06%, 0, 0, 3, 14.28
1747828695, 1, 801, 1261, 1257, 21, 8.06%, 0, 0, 3, 15.30
1747828701, 1, 802, 1261, 1257, 21, 8.06%, 0, 0, 3, 14.57
1747828706, 1, 804, 1261, 1257, 21, 8.06%, 0, 0, 3, 14.38
1747828711, 1, 805, 1262, 1258, 21, 8.06%, 0, 0, 3, 13.92
1747828716, 1, 806, 1262, 1258, 21, 8.06%, 0, 0, 3, 15.17
1747828721, 1, 807, 1262, 1258, 21, 8.06%, 0, 0, 3, 14.79
1747828726, 1, 809, 1262, 1258, 21, 8.06%, 0, 0, 3, 15.09
1747828731, 1, 810, 1262, 1258, 21, 8.06%, 0, 0, 3, 14.40
1747828736, 1, 813, 1263, 1259, 21, 8.06%, 0, 0, 3, 13.34
1747828746, 1, 814, 1263, 1259, 21, 8.06%, 0, 0, 3, 14.93
1747828751, 1, 816, 1263, 1259, 21, 8.06%, 0, 0, 3, 14.14
1747828757, 1, 817, 1263, 1259, 21, 8.06%, 0, 0, 3, 13.47
1747828762, 1, 819, 1263, 1259, 21, 8.06%, 0, 0, 3, 13.14
1747828767, 1, 821, 1263, 1259, 21, 8.06%, 0, 0, 3, 13.76
1747828772, 1, 822, 1263, 1259, 21, 8.06%, 0, 0, 3, 13.76
1747828777, 1, 826, 1263, 1259, 21, 8.06%, 0, 0, 3, 14.21
1747828782, 1, 827, 1263, 1259, 21, 8.06%, 0, 0, 3, 14.76
1747828787, 1, 827, 1264, 1260, 21, 8.06%, 0, 0, 3, 14.11
1747828792, 1, 829, 1264, 1260, 21, 8.06%, 0, 0, 3, 15.18
1747828798, 1, 833, 1264, 1260, 21, 8.06%, 0, 0, 3, 15.26
1747828803, 1, 836, 1264, 1260, 21, 8.06%, 0, 0, 3, 14.61
1747828808, 1, 837, 1264, 1260, 21, 8.06%, 0, 0, 3, 13.58
1747828813, 1, 841, 1264, 1260, 21, 8.06%, 0, 0, 3, 13.93
1747828818, 1, 842, 1264, 1260, 21, 8.06%, 0, 0, 3, 15.07
1747828823, 1, 844, 1264, 1260, 21, 8.06%, 0, 0, 3, 13.99
1747828828, 1, 845, 1264, 1260, 21, 8.06%, 0, 0, 3, 14.74
1747828833, 1, 846, 1264, 1260, 21, 8.06%, 0, 0, 3, 13.84
1747828838, 1, 848, 1264, 1260, 21, 8.06%, 0, 0, 3, 13.77
1747828843, 1, 849, 1264, 1260, 21, 8.06%, 0, 0, 3, 14.07
1747828848, 1, 851, 1264, 1260, 21, 8.06%, 0, 0, 3, 14.58
1747828854, 1, 852, 1264, 1260, 21, 8.06%, 0, 0, 3, 14.12
1747828859, 1, 853, 1264, 1260, 21, 8.06%, 0, 0, 3, 14.69
1747828864, 1, 856, 1264, 1260, 21, 8.06%, 0, 0, 3, 15.10
1747828869, 1, 859, 1264, 1260, 21, 8.06%, 0, 0, 3, 15.47
1747828874, 1, 861, 1264, 1260, 21, 8.06%, 0, 0, 3, 14.41
1747828879, 1, 863, 1265, 1261, 21, 8.06%, 0, 0, 3, 13.90
1747828884, 1, 864, 1265, 1261, 22, 8.06%, 0, 0, 3, 13.84
1747828890, 1, 865, 1265, 1261, 22, 8.06%, 0, 0, 3, 14.80
1747828895, 1, 865, 1266, 1262, 22, 8.06%, 0, 0, 3, 14.42
1747828900, 1, 868, 1266, 1262, 22, 8.06%, 0, 0, 3, 14.03
1747828905, 1, 869, 1266, 1262, 22, 8.06%, 0, 0, 3, 14.62
1747828910, 1, 871, 1266, 1262, 22, 8.06%, 0, 0, 3, 15.07
1747828915, 1, 872, 1266, 1262, 22, 8.06%, 0, 0, 3, 14.72
1747828920, 1, 874, 1266, 1262, 22, 8.06%, 0, 0, 3, 14.78
1747828926, 1, 875, 1266, 1262, 22, 8.06%, 0, 0, 3, 14.92
1747828931, 1, 877, 1266, 1262, 22, 8.06%, 0, 0, 3, 14.56
1747828936, 1, 878, 1266, 1262, 22, 8.06%, 0, 0, 3, 14.31
1747828941, 1, 879, 1266, 1262, 22, 8.06%, 0, 0, 3, 14.50
1747828946, 1, 883, 1266, 1262, 22, 8.06%, 0, 0, 3, 13.95
1747828951, 1, 885, 1266, 1262, 22, 8.06%, 0, 0, 3, 15.26
1747828956, 1, 887, 1266, 1262, 22, 8.06%, 0, 0, 3, 14.02
1747828961, 1, 888, 1266, 1262, 22, 8.06%, 0, 0, 3, 14.69
1747828967, 1, 890, 1266, 1262, 22, 8.06%, 0, 0, 3, 14.52
1747828972, 1, 891, 1266, 1262, 22, 8.06%, 0, 0, 3, 14.85
1747828977, 1, 894, 1266, 1262, 22, 8.06%, 0, 0, 3, 16.16
1747828982, 1, 895, 1266, 1262, 22, 8.06%, 0, 0, 3, 14.81
1747828987, 1, 897, 1266, 1262, 22, 8.06%, 0, 0, 3, 14.35
1747828992, 1, 897, 1267, 1263, 22, 8.06%, 0, 0, 3, 13.23
1747828997, 1, 898, 1267, 1263, 22, 8.06%, 0, 0, 3, 14.54
1747829002, 1, 901, 1267, 1263, 22, 8.06%, 0, 0, 3, 13.93
1747829007, 1, 903, 1267, 1263, 22, 8.06%, 0, 0, 3, 13.97
1747829012, 1, 904, 1267, 1263, 22, 8.06%, 0, 0, 3, 14.04
1747829018, 1, 905, 1268, 1264, 22, 8.06%, 0, 0, 3, 15.00
1747829023, 1, 906, 1268, 1264, 22, 8.06%, 0, 0, 3, 15.67
1747829028, 1, 908, 1268, 1264, 22, 8.06%, 0, 0, 3, 14.28
1747829033, 1, 909, 1268, 1264, 22, 8.06%, 0, 0, 3, 14.57
1747829038, 1, 911, 1268, 1264, 22, 8.06%, 0, 0, 3, 15.29
1747832853, 1, 912, 1268, 1263, 21, 8.06%, 0, 0, 3, 15.94
1747832858, 1, 914, 1268, 1263, 21, 8.06%, 0, 0, 3, 14.91
1747832863, 1, 917, 1268, 1263, 21, 8.06%, 0, 0, 3, 15.09
1747832868, 1, 918, 1268, 1263, 21, 8.06%, 0, 0, 3, 14.59
1747832873, 1, 919, 1269, 1264, 21, 8.06%, 0, 0, 3, 13.54
1747832878, 1, 920, 1269, 1264, 21, 8.06%, 0, 0, 3, 14.55
1747832883, 1, 921, 1269, 1264, 21, 8.06%, 0, 0, 3, 14.43
1747832889, 1, 923, 1269, 1264, 21, 8.06%, 0, 0, 3, 14.46
1747832894, 1, 924, 1269, 1264, 21, 8.06%, 0, 0, 3, 15.82
1747832899, 1, 926, 1269, 1264, 21, 8.06%, 0, 0, 3, 14.99
1747832904, 1, 929, 1269, 1264, 21, 8.06%, 0, 0, 3, 13.43
1747832909, 1, 931, 1269, 1264, 21, 8.06%, 0, 0, 3, 14.53
1747832914, 1, 932, 1269, 1264, 21, 8.06%, 0, 0, 3, 14.73
1747832919, 1, 934, 1269, 1264, 21, 8.06%, 0, 0, 3, 14.27
1747832924, 1, 935, 1269, 1264, 21, 8.06%, 0, 0, 3, 13.96
1747832929, 1, 936, 1269, 1264, 21, 8.06%, 0, 0, 3, 14.21
1747832934, 1, 938, 1270, 1265, 21, 8.06%, 0, 0, 3, 13.11
1747832940, 1, 938, 1271, 1266, 21, 8.06%, 0, 0, 3, 13.03
1747832945, 1, 938, 1272, 1267, 21, 8.06%, 0, 0, 3, 12.26
1747832955, 1, 938, 1273, 1268, 21, 8.06%, 0, 0, 3, 14.09
1747832965, 1, 938, 1274, 1269, 21, 8.06%, 0, 0, 3, 14.17
1747832975, 1, 938, 1275, 1270, 21, 8.06%, 0, 0, 3, 13.90
1747832991, 1, 938, 1276, 1271, 21, 8.07%, 0, 0, 3, 12.10
1747833021, 1, 938, 1278, 1273, 21, 8.07%, 0, 0, 3, 12.52
1747833026, 1, 938, 1279, 1274, 21, 8.07%, 0, 0, 3, 12.77
1747833036, 1, 938, 1280, 1275, 21, 8.07%, 0, 0, 3, 13.50
1747833046, 1, 938, 1281, 1276, 21, 8.07%, 0, 0, 3, 12.24
1747833067, 1, 939, 1282, 1277, 21, 8.07%, 0, 0, 3, 13.43
1747833072, 1, 941, 1283, 1278, 21, 8.07%, 0, 0, 3, 12.49
1747833077, 1, 941, 1285, 1280, 21, 8.07%, 0, 0, 3, 11.71
1747833082, 1, 941, 1286, 1281, 21, 8.07%, 0, 0, 3, 12.11
1747833087, 1, 941, 1287, 1282, 21, 8.07%, 0, 0, 3, 11.34
1747833098, 1, 941, 1288, 1283, 21, 8.07%, 0, 0, 3, 13.88
1747833103, 1, 941, 1290, 1285, 21, 8.07%, 0, 0, 3, 13.63
1747833123, 1, 941, 1292, 1287, 21, 8.09%, 0, 0, 3, 11.72
1747833128, 1, 941, 1293, 1288, 21, 8.09%, 0, 0, 3, 11.55
1747833139, 1, 941, 1294, 1289, 21, 8.09%, 0, 0, 3, 12.39
1747833159, 1, 941, 1295, 1290, 21, 8.14%, 0, 0, 3, 13.20
1747833170, 1, 941, 1296, 1291, 21, 8.14%, 0, 0, 3, 12.62
1747833195, 1, 941, 1297, 1292, 21, 8.19%, 0, 0, 3, 12.28
1747833200, 1, 941, 1298, 1293, 21, 8.19%, 0, 0, 3, 13.06
1747833206, 1, 942, 1298, 1293, 21, 8.19%, 0, 0, 3, 12.81
1747833211, 1, 943, 1298, 1293, 21, 8.19%, 0, 0, 3, 13.17
1747833216, 1, 944, 1299, 1294, 21, 8.19%, 0, 0, 3, 12.95
1747833221, 1, 944, 1300, 1295, 21, 8.19%, 0, 0, 3, 12.70
1747833231, 1, 945, 1300, 1295, 22, 8.19%, 0, 0, 3, 13.88
1747833236, 1, 946, 1301, 1296, 22, 8.19%, 0, 0, 3, 12.96
1747833242, 1, 946, 1302, 1297, 22, 8.19%, 0, 0, 3, 12.80
1747833252, 1, 947, 1303, 1298, 22, 8.19%, 0, 0, 3, 13.21
1747833262, 1, 948, 1303, 1298, 22, 8.19%, 0, 0, 3, 17.36
1747833379, 1, 948, 1304, 1299, 22, 8.19%, 0, 0, 3, 16.59
1747833389, 1, 948, 1306, 1301, 22, 8.19%, 0, 0, 3, 24.46
1747835115, 1, 948, 1307, 1302, 22, 8.19%, 0, 0, 3, 16.46
1747835777, 1, 948, 1308, 1303, 22, 8.19%, 0, 0, 3, 16.62
1747835837, 1, 948, 1309, 1304, 22, 8.19%, 0, 0, 3, 17.58
1747835853, 1, 949, 1309, 1303, 22, 8.19%, 0, 0, 3, 16.80
1747835858, 1, 950, 1309, 1303, 22, 8.19%, 0, 0, 3, 13.69
1747835863, 1, 951, 1309, 1303, 22, 8.19%, 0, 0, 3, 14.31
1747835869, 1, 953, 1309, 1303, 22, 8.19%, 0, 0, 3, 14.26
1747835874, 1, 954, 1309, 1303, 22, 8.19%, 0, 0, 3, 14.27
1747835879, 1, 955, 1309, 1303, 22, 8.19%, 0, 0, 3, 15.95
1747836358, 1, 955, 1310, 1304, 22, 8.19%, 0, 0, 3, 24.46
1747838852, 1, 955, 1311, 1305, 22, 8.19%, 0, 0, 3, 23.33
1747838888, 1, 955, 1312, 1306, 22, 8.19%, 0, 0, 3, 26.63
1747838903, 1, 959, 1312, 1305, 21, 8.19%, 0, 0, 3, 25.28
1747838908, 1, 962, 1312, 1305, 21, 8.19%, 0, 0, 3, 24.21
1747838913, 1, 964, 1312, 1305, 21, 8.19%, 0, 0, 3, 24.89
1747838918, 1, 965, 1314, 1307, 21, 8.19%, 0, 0, 3, 22.46
1747838923, 1, 965, 1315, 1308, 21, 8.21%, 0, 0, 3, 21.83
1747838934, 1, 965, 1318, 1311, 21, 8.21%, 0, 0, 3, 20.14
1747838954, 1, 965, 1319, 1312, 21, 8.21%, 0, 0, 3, 22.17
1747838959, 1, 965, 1320, 1313, 21, 8.21%, 0, 0, 3, 21.75
1747838965, 1, 965, 1321, 1314, 21, 8.21%, 0, 0, 3, 20.88
1747838970, 1, 965, 1322, 1315, 21, 8.21%, 0, 0, 3, 21.93
1747838980, 1, 965, 1323, 1316, 21, 8.21%, 0, 0, 3, 22.92
1747838995, 1, 966, 1325, 1318, 20, 8.22%, 0, 0, 3, 20.89
1747839001, 1, 966, 1326, 1319, 20, 8.22%, 0, 0, 3, 20.90
1747839006, 1, 966, 1327, 1320, 20, 8.22%, 0, 0, 3, 21.29
1747839016, 1, 966, 1328, 1321, 20, 8.22%, 0, 0, 3, 22.52
1747839021, 1, 966, 1329, 1322, 20, 8.22%, 0, 0, 3, 21.66
1747839026, 1, 966, 1331, 1324, 20, 8.22%, 0, 0, 3, 20.48
1747839031, 1, 966, 1334, 1327, 20, 8.22%, 0, 0, 3, 19.55
1747839052, 1, 966, 1335, 1328, 20, 8.22%, 0, 0, 3, 21.47
1747839072, 1, 971, 1335, 1328, 19, 8.22%, 0, 0, 3, 22.45
1747839077, 1, 973, 1336, 1329, 19, 8.22%, 0, 0, 3, 22.42
1747839083, 1, 973, 1338, 1331, 19, 8.24%, 0, 0, 3, 21.22
1747839088, 1, 973, 1340, 1333, 19, 8.24%, 0, 0, 3, 21.81
1747839093, 1, 973, 1341, 1334, 19, 8.24%, 0, 0, 3, 20.42
1747839113, 1, 973, 1342, 1335, 19, 8.24%, 0, 0, 3, 21.74
1747839128, 1, 973, 1343, 1336, 19, 8.25%, 0, 0, 3, 21.68
1747839139, 1, 973, 1344, 1337, 19, 8.25%, 0, 0, 3, 21.41
1747839144, 1, 973, 1346, 1339, 19, 8.25%, 0, 0, 3, 20.37
1747839159, 1, 976, 1346, 1339, 22, 8.25%, 0, 0, 3, 22.45
1747839164, 1, 981, 1346, 1339, 22, 8.25%, 0, 0, 3, 23.00
1747839170, 1, 985, 1347, 1340, 22, 8.25%, 0, 0, 3, 22.60
1747839175, 1, 985, 1348, 1341, 22, 8.25%, 0, 0, 3, 19.52
1747839180, 1, 985, 1349, 1342, 22, 8.25%, 0, 0, 3, 21.05
1747839185, 1, 985, 1351, 1344, 22, 8.25%, 0, 0, 3, 19.00
1747839195, 1, 985, 1352, 1345, 22, 8.25%, 0, 0, 3, 20.53
1747839215, 1, 985, 1354, 1347, 22, 8.25%, 0, 0, 3, 20.09
1747839220, 1, 985, 1355, 1348, 22, 8.26%, 0, 0, 3, 18.98
1747839236, 1, 985, 1356, 1349, 22, 8.26%, 0, 0, 3, 21.93
1747839241, 1, 985, 1358, 1351, 22, 8.26%, 0, 0, 3, 19.97
1747839251, 1, 986, 1359, 1352, 23, 8.26%, 0, 0, 3, 21.77
1747839256, 1, 987, 1360, 1353, 23, 8.26%, 0, 0, 3, 22.88
1747839261, 1, 989, 1361, 1354, 23, 8.26%, 0, 0, 3, 21.87
1747839266, 1, 989, 1363, 1356, 23, 8.26%, 0, 0, 3, 19.68
1747839282, 1, 990, 1364, 1357, 23, 8.26%, 0, 0, 3, 21.27
1747839287, 1, 994, 1365, 1358, 23, 8.26%, 0, 0, 3, 23.18
1747839292, 1, 995, 1365, 1358, 23, 8.26%, 0, 0, 3, 22.32
1747839297, 1, 997, 1365, 1358, 23, 8.26%, 0, 0, 3, 22.05
1747839302, 1, 1000, 1366, 1359, 23, 8.26%, 0, 0, 3, 22.80
1747839307, 1, 1000, 1367, 1360, 23, 8.26%, 0, 0, 3, 21.73
1747839313, 1, 1000, 1369, 1362, 23, 8.26%, 0, 0, 3, 20.54
1747839328, 1, 1000, 1370, 1363, 23, 8.26%, 0, 0, 3, 22.63
1747839333, 1, 1000, 1372, 1365, 23, 8.26%, 0, 0, 3, 20.88
1747839338, 1, 1000, 1374, 1367, 23, 8.26%, 0, 0, 3, 20.51
1747839343, 1, 1000, 1375, 1368, 23, 8.26%, 0, 0, 3, 20.72
1747839348, 1, 1000, 1377, 1370, 23, 8.26%, 0, 0, 3, 19.65
1747839369, 1, 1000, 1379, 1372, 23, 8.26%, 0, 0, 3, 20.72
1747839384, 1, 1001, 1380, 1373, 24, 8.26%, 0, 0, 3, 21.26
1747839389, 1, 1003, 1380, 1373, 24, 8.26%, 0, 0, 3, 22.74
1747839394, 1, 1005, 1380, 1373, 24, 8.26%, 0, 0, 3, 22.45
1747839399, 1, 1007, 1380, 1373, 24, 8.26%, 0, 0, 3, 22.51
1747839404, 1, 1009, 1381, 1374, 24, 8.26%, 0, 0, 3, 21.84
1747839410, 1, 1012, 1382, 1375, 24, 8.26%, 0, 0, 3, 23.07
1747839415, 1, 1013, 1382, 1375, 24, 8.26%, 0, 0, 3, 22.66
1747839420, 1, 1015, 1382, 1375, 24, 8.26%, 0, 0, 3, 23.08
1747839425, 1, 1017, 1382, 1375, 24, 8.26%, 0, 0, 3, 22.08
1747839430, 1, 1018, 1384, 1377, 24, 8.26%, 0, 0, 3, 19.62
1747839440, 1, 1021, 1384, 1377, 24, 8.26%, 0, 0, 3, 24.17
1747839445, 1, 1022, 1385, 1378, 24, 8.26%, 0, 0, 3, 22.21
1747839450, 1, 1023, 1386, 1379, 24, 8.26%, 0, 0, 3, 21.34
1747839455, 1, 1025, 1386, 1379, 24, 8.26%, 0, 0, 3, 22.56
1747839461, 1, 1028, 1386, 1379, 24, 8.26%, 0, 0, 3, 23.18
1747839466, 1, 1031, 1386, 1379, 24, 8.26%, 0, 0, 3, 21.70
1747839471, 1, 1032, 1387, 1380, 24, 8.26%, 0, 0, 3, 15.14
1747839476, 1, 1032, 1388, 1381, 24, 8.26%, 0, 0, 3, 13.41
1747839486, 1, 1032, 1389, 1382, 24, 8.26%, 0, 0, 3, 10.71
1747839507, 1, 1034, 1389, 1382, 24, 8.26%, 0, 0, 3, 12.20
1747839512, 1, 1035, 1389, 1382, 24, 8.26%, 0, 0, 3, 11.98
1747839517, 1, 1037, 1389, 1382, 24, 8.26%, 0, 0, 3, 12.77
1747839522, 1, 1039, 1389, 1382, 24, 8.26%, 0, 0, 3, 13.40
1747839527, 1, 1041, 1389, 1382, 24, 8.26%, 0, 0, 3, 14.73
1747840206, 1, 1041, 1390, 1383, 24, 8.26%, 0, 0, 4, 14.09
1747843715, 1, 1043, 1390, 1382, 23, 8.26%, 0, 0, 4, 14.75
1747843721, 1, 1044, 1390, 1382, 23, 8.26%, 0, 0, 4, 14.27
1747843726, 1, 1044, 1391, 1383, 23, 8.26%, 0, 0, 4, 12.48
1747843731, 1, 1045, 1393, 1385, 23, 8.26%, 0, 0, 4, 10.66
1747843736, 1, 1045, 1394, 1386, 23, 8.26%, 0, 0, 4, 11.22
1747843741, 1, 1045, 1395, 1387, 23, 8.26%, 0, 0, 4, 12.37
1747843772, 1, 1045, 1396, 1388, 23, 8.26%, 0, 0, 4, 11.78
1747843777, 1, 1045, 1397, 1389, 23, 8.26%, 0, 0, 4, 12.27
1747843782, 1, 1045, 1398, 1390, 23, 8.26%, 0, 0, 4, 12.51
1747843834, 1, 1045, 1399, 1391, 23, 8.26%, 0, 0, 4, 12.53
1747843849, 1, 1045, 1401, 1393, 23, 8.26%, 0, 0, 4, 11.63
1747843854, 1, 1045, 1402, 1394, 23, 8.26%, 0, 0, 4, 11.34
1747843869, 1, 1046, 1403, 1395, 23, 8.26%, 0, 0, 4, 12.82
1747843875, 1, 1047, 1403, 1395, 23, 8.26%, 0, 0, 4, 13.13
1747843880, 1, 1048, 1403, 1395, 23, 8.26%, 0, 0, 4, 13.17
1747843885, 1, 1049, 1405, 1397, 23, 8.26%, 0, 0, 4, 11.80
1747843895, 1, 1049, 1406, 1398, 23, 8.26%, 0, 0, 4, 11.65
1747843910, 1, 1049, 1407, 1399, 23, 8.26%, 0, 0, 4, 12.01
1747843941, 1, 1049, 1408, 1400, 23, 8.26%, 0, 0, 4, 13.00
1747843946, 1, 1049, 1409, 1401, 23, 8.26%, 0, 0, 4, 12.26
1747843951, 1, 1049, 1410, 1402, 23, 8.26%, 0, 0, 4, 11.57
1747843956, 1, 1049, 1411, 1403, 23, 8.26%, 0, 0, 4, 11.29
1747843972, 1, 1049, 1412, 1404, 23, 8.26%, 0, 0, 4, 12.67
1747843987, 1, 1049, 1413, 1405, 23, 8.26%, 0, 0, 4, 11.11
1747844018, 1, 1049, 1414, 1406, 23, 8.26%, 0, 0, 4, 11.39
1747844023, 1, 1050, 1414, 1406, 23, 8.26%, 0, 0, 4, 12.32
1747844028, 1, 1051, 1414, 1406, 23, 8.26%, 0, 0, 4, 13.60
1747844033, 1, 1052, 1415, 1407, 23, 8.26%, 0, 0, 4, 12.68
1747844038, 1, 1053, 1415, 1407, 23, 8.26%, 0, 0, 4, 13.67
1747844043, 1, 1054, 1415, 1407, 23, 8.26%, 0, 0, 4, 12.39
1747844049, 1, 1055, 1415, 1407, 23, 8.26%, 0, 0, 4, 12.91
1747844054, 1, 1056, 1415, 1407, 23, 8.26%, 0, 0, 4, 13.01
1747844059, 1, 1058, 1415, 1407, 23, 8.26%, 0, 0, 4, 12.72
1747844064, 1, 1059, 1416, 1408, 23, 8.26%, 0, 0, 4, 11.75
1747844074, 1, 1060, 1416, 1408, 23, 8.26%, 0, 0, 4, 14.74
1747844079, 1, 1063, 1416, 1408, 23, 8.26%, 0, 0, 4, 13.17
1747844084, 1, 1066, 1416, 1408, 23, 8.26%, 0, 0, 4, 12.96
1747844089, 1, 1067, 1416, 1408, 23, 8.26%, 0, 0, 4, 12.22
1747844095, 1, 1068, 1416, 1408, 23, 8.26%, 0, 0, 4, 12.13
1747844100, 1, 1070, 1416, 1408, 23, 8.26%, 0, 0, 4, 12.46
1747844105, 1, 1072, 1416, 1408, 23, 8.26%, 0, 0, 4, 13.56
1747844110, 1, 1073, 1416, 1408, 23, 8.26%, 0, 0, 4, 13.75
1747844115, 1, 1075, 1416, 1408, 23, 8.26%, 0, 0, 4, 13.71
1747844120, 1, 1076, 1416, 1408, 23, 8.26%, 0, 0, 4, 12.29
1747844125, 1, 1078, 1416, 1408, 23, 8.26%, 0, 0, 4, 12.46
1747844130, 1, 1079, 1416, 1408, 23, 8.26%, 0, 0, 4, 12.60
1747844136, 1, 1081, 1416, 1408, 23, 8.26%, 0, 0, 4, 13.43
1747844141, 1, 1082, 1416, 1408, 23, 8.26%, 0, 0, 4, 13.03
1747844146, 1, 1084, 1416, 1408, 23, 8.26%, 0, 0, 4, 12.28
1747844151, 1, 1087, 1416, 1408, 23, 8.26%, 0, 0, 4, 13.25
1747844156, 1, 1088, 1416, 1408, 23, 8.26%, 0, 0, 4, 12.36
1747844162, 1, 1089, 1416, 1408, 23, 8.26%, 0, 0, 4, 13.19
1747844167, 1, 1091, 1416, 1408, 23, 8.26%, 0, 0, 4, 13.87
1747844172, 1, 1092, 1416, 1408, 23, 8.26%, 0, 0, 4, 12.43
1747844177, 1, 1093, 1416, 1408, 23, 8.26%, 0, 0, 4, 12.78
1747844182, 1, 1095, 1417, 1409, 23, 8.26%, 0, 0, 4, 11.71
1747844193, 1, 1096, 1418, 1410, 23, 8.26%, 0, 0, 4, 11.64
1747844198, 1, 1096, 1419, 1411, 23, 8.27%, 0, 0, 4, 12.28
1747844203, 1, 1096, 1420, 1412, 23, 8.27%, 0, 0, 4, 11.59
1747844228, 1, 1099, 1420, 1412, 23, 8.27%, 0, 0, 4, 13.66
1747844233, 1, 1101, 1420, 1412, 23, 8.27%, 0, 0, 4, 12.91
1747844238, 1, 1103, 1420, 1412, 23, 8.27%, 0, 0, 4, 12.82
1747844244, 1, 1105, 1420, 1412, 23, 8.27%, 0, 0, 4, 14.12
1747844249, 1, 1106, 1420, 1412, 23, 8.27%, 0, 0, 4, 13.03
1747844254, 1, 1107, 1420, 1412, 23, 8.27%, 0, 0, 4, 12.28
1747844259, 1, 1108, 1421, 1413, 23, 8.27%, 0, 0, 4, 12.41
1747844269, 1, 1109, 1422, 1414, 23, 8.27%, 0, 0, 4, 11.34
1747844274, 1, 1109, 1423, 1415, 23, 8.27%, 0, 0, 4, 11.95
1747844285, 1, 1111, 1423, 1415, 23, 8.27%, 0, 0, 4, 12.22
1747844290, 1, 1112, 1424, 1416, 23, 8.27%, 0, 0, 4, 12.07
1747844300, 1, 1114, 1424, 1416, 23, 8.27%, 0, 0, 4, 19.08
1747844305, 1, 1115, 1425, 1417, 23, 8.27%, 0, 0, 4, 21.12
1747844311, 1, 1118, 1426, 1418, 23, 8.27%, 0, 0, 4, 20.08
1747844316, 1, 1119, 1426, 1418, 23, 8.27%, 0, 0, 4, 19.57
1747844321, 1, 1122, 1426, 1418, 23, 8.27%, 0, 0, 4, 21.44
1747844326, 1, 1125, 1426, 1418, 23, 8.27%, 0, 0, 4, 22.01
1747844331, 1, 1127, 1426, 1418, 23, 8.27%, 0, 0, 4, 20.67
1747844336, 1, 1129, 1426, 1418, 23, 8.27%, 0, 0, 4, 21.16
1747844341, 1, 1129, 1427, 1419, 23, 8.27%, 0, 0, 4, 19.92
1747844346, 1, 1132, 1427, 1419, 23, 8.27%, 0, 0, 4, 21.01
1747844352, 1, 1135, 1427, 1419, 23, 8.27%, 0, 0, 4, 21.89
1747844357, 1, 1137, 1427, 1419, 23, 8.27%, 0, 0, 4, 21.13
1747844362, 1, 1138, 1428, 1420, 23, 8.27%, 0, 0, 4, 20.31
1747844367, 1, 1140, 1428, 1420, 23, 8.27%, 0, 0, 4, 21.27
1747844372, 1, 1145, 1428, 1420, 23, 8.27%, 0, 0, 4, 21.16
1747844377, 1, 1148, 1428, 1420, 23, 8.27%, 0, 0, 4, 21.11
1747844382, 1, 1149, 1429, 1421, 23, 8.27%, 0, 0, 4, 19.22
1747844387, 1, 1152, 1429, 1421, 23, 8.27%, 0, 0, 4, 21.63
1747844392, 1, 1154, 1429, 1421, 23, 8.27%, 0, 0, 4, 21.42
1747844398, 1, 1159, 1429, 1421, 23, 8.27%, 0, 0, 4, 21.36
1747844403, 1, 1163, 1430, 1422, 23, 8.27%, 0, 0, 4, 22.00
1747844408, 1, 1166, 1430, 1422, 23, 8.27%, 0, 0, 4, 22.84
1747844413, 1, 1169, 1430, 1422, 23, 8.27%, 0, 0, 4, 21.05
1747844418, 1, 1172, 1430, 1422, 23, 8.27%, 0, 0, 4, 22.02
1747844423, 1, 1174, 1430, 1422, 23, 8.27%, 0, 0, 4, 22.07
1747844428, 1, 1176, 1430, 1422, 23, 8.27%, 0, 0, 4, 21.10
1747844434, 1, 1180, 1430, 1422, 23, 8.27%, 0, 0, 4, 20.97
1747844439, 1, 1183, 1430, 1422, 23, 8.27%, 0, 0, 4, 21.84
1747844444, 1, 1186, 1430, 1422, 23, 8.27%, 0, 0, 4, 21.51
1747844449, 1, 1190, 1430, 1422, 23, 8.27%, 0, 0, 4, 22.60
1747844454, 1, 1191, 1431, 1423, 23, 8.27%, 0, 0, 4, 20.90
1747844459, 1, 1193, 1431, 1423, 23, 8.27%, 0, 0, 4, 21.37
1747844464, 1, 1195, 1431, 1423, 23, 8.27%, 0, 0, 4, 21.69
1747844469, 1, 1197, 1431, 1423, 23, 8.27%, 0, 0, 4, 21.50
1747844474, 1, 1201, 1431, 1423, 23, 8.27%, 0, 0, 4, 21.05
1747844480, 1, 1203, 1431, 1423, 23, 8.27%, 0, 0, 4, 22.17
1747844485, 1, 1205, 1432, 1424, 23, 8.27%, 0, 0, 4, 21.91
1747844490, 1, 1206, 1432, 1424, 23, 8.27%, 0, 0, 4, 19.64
1747844495, 1, 1208, 1433, 1425, 23, 8.27%, 0, 0, 4, 18.88
1747844500, 1, 1211, 1433, 1425, 23, 8.27%, 0, 0, 4, 19.68
1747844505, 1, 1215, 1433, 1425, 23, 8.27%, 0, 0, 4, 20.72
1747844510, 1, 1217, 1433, 1425, 23, 8.27%, 0, 0, 4, 22.29
1747844516, 1, 1219, 1433, 1425, 23, 8.27%, 0, 0, 4, 21.45
1747844521, 1, 1221, 1433, 1425, 23, 8.27%, 0, 0, 4, 20.33
1747844526, 1, 1224, 1433, 1425, 23, 8.27%, 0, 0, 4, 22.58
1747844531, 1, 1227, 1433, 1425, 23, 8.27%, 0, 0, 4, 22.63
1747844536, 1, 1229, 1434, 1426, 23, 8.27%, 0, 0, 4, 20.91
1747844541, 1, 1230, 1434, 1426, 23, 8.27%, 0, 0, 4, 21.59
1747844546, 1, 1232, 1434, 1426, 23, 8.27%, 0, 0, 4, 20.79
1747844551, 1, 1234, 1434, 1426, 23, 8.27%, 0, 0, 4, 22.29
1747844556, 1, 1236, 1434, 1426, 23, 8.27%, 0, 0, 4, 20.89
1747844562, 1, 1239, 1434, 1426, 23, 8.27%, 0, 0, 4, 22.58
1747844567, 1, 1241, 1434, 1426, 23, 8.27%, 0, 0, 4, 23.02
1747844572, 1, 1243, 1434, 1426, 23, 8.27%, 0, 0, 4, 22.10
1747844577, 1, 1245, 1435, 1427, 23, 8.27%, 0, 0, 4, 21.64
1747844582, 1, 1246, 1435, 1427, 23, 8.27%, 0, 0, 4, 20.91
1747844587, 1, 1249, 1435, 1427, 23, 8.27%, 0, 0, 4, 19.74
1747844592, 1, 1251, 1435, 1427, 23, 8.27%, 0, 0, 4, 20.71
1747844597, 1, 1254, 1435, 1427, 23, 8.27%, 0, 0, 4, 21.84
1747844602, 1, 1256, 1435, 1427, 23, 8.27%, 0, 0, 4, 21.32
1747844608, 1, 1258, 1435, 1427, 23, 8.27%, 0, 0, 4, 22.69
1747844613, 1, 1260, 1435, 1427, 23, 8.27%, 0, 0, 4, 22.62
1747844618, 1, 1262, 1435, 1427, 23, 8.27%, 0, 0, 4, 22.63
1747844623, 1, 1267, 1435, 1427, 23, 8.27%, 0, 0, 4, 22.76
1747844628, 1, 1269, 1435, 1427, 23, 8.27%, 0, 0, 4, 21.24
1747844633, 1, 1271, 1435, 1427, 23, 8.27%, 0, 0, 4, 22.22
1747844638, 1, 1275, 1435, 1427, 23, 8.27%, 0, 0, 4, 19.94
1747844695, 1, 1275, 1436, 1428, 23, 8.27%, 0, 0, 4, 7.91
1747844897, 1, 1275, 1437, 1429, 23, 8.27%, 0, 0, 4, 7.73
1747844902, 1, 1275, 1438, 1430, 23, 8.27%, 0, 0, 4, 7.66
1747845010, 1, 1275, 1439, 1431, 23, 8.27%, 0, 0, 4, 7.42
1747845040, 1, 1275, 1440, 1432, 23, 8.27%, 0, 0, 4, 7.87
1747845185, 1, 1275, 1441, 1433, 23, 8.27%, 0, 0, 4, 7.41
1747845241, 1, 1275, 1442, 1434, 23, 8.27%, 0, 0, 4, 7.35
1747845252, 1, 1275, 1443, 1435, 23, 8.27%, 0, 0, 4, 7.34
1747846893, 1, 1275, 1444, 1436, 23, 8.27%, 0, 0, 4, 7.51
1747853739, 1, 1275, 1445, 1437, 23, 8.27%, 0, 0, 4, 13.73
1747857687, 1, 1276, 1445, 1436, 24, 8.27%, 0, 0, 4, 22.21
1747857692, 1, 1278, 1445, 1436, 24, 8.27%, 0, 0, 4, 22.28
1747857698, 1, 1280, 1445, 1436, 24, 8.27%, 0, 0, 4, 20.90
1747857703, 1, 1283, 1445, 1436, 24, 8.27%, 0, 0, 4, 21.47
1747857708, 1, 1285, 1445, 1436, 24, 8.27%, 0, 0, 4, 21.13
1747857713, 1, 1287, 1445, 1436, 24, 8.27%, 0, 0, 4, 20.68
1747857718, 1, 1290, 1445, 1436, 24, 8.27%, 0, 0, 4, 19.87
1747857723, 1, 1290, 1446, 1437, 24, 8.27%, 0, 0, 4, 19.46
1747857728, 1, 1294, 1446, 1437, 24, 8.27%, 0, 0, 4, 20.62
1747857733, 1, 1294, 1447, 1438, 24, 8.27%, 0, 0, 4, 19.88
1747857738, 1, 1298, 1447, 1438, 24, 8.27%, 0, 0, 4, 20.40
1747857744, 1, 1302, 1447, 1438, 24, 8.27%, 0, 0, 4, 20.16
1747857749, 1, 1305, 1447, 1438, 24, 8.27%, 0, 0, 4, 20.95
1747857754, 1, 1308, 1447, 1438, 24, 8.27%, 0, 0, 4, 20.24
1747857759, 1, 1310, 1447, 1438, 24, 8.27%, 0, 0, 4, 20.57
1747857764, 1, 1312, 1447, 1438, 24, 8.27%, 0, 0, 4, 22.14
1747857769, 1, 1315, 1447, 1438, 24, 8.27%, 0, 0, 4, 20.82
1747858118, 1, 1315, 1448, 1439, 24, 8.27%, 0, 0, 4, 12.75
