# unix_time, cycles_done, cur_path, paths_total, pending_total, pending_favs, map_size, unique_crashes, unique_hangs, max_depth, execs_per_sec
1747817456, 0, 0, 1, 1, 1, 3.78%, 0, 0, 1, 32.52
1747817461, 0, 0, 18, 18, 1, 4.80%, 0, 0, 2, 48.39
1747817466, 0, 0, 39, 39, 1, 4.80%, 0, 0, 2, 47.52
1747817471, 0, 0, 55, 55, 1, 4.80%, 0, 0, 2, 49.37
1747817476, 0, 0, 70, 70, 1, 4.80%, 0, 0, 2, 48.62
1747817481, 0, 0, 84, 84, 1, 4.80%, 0, 0, 2, 48.88
1747817486, 0, 0, 97, 97, 1, 4.83%, 0, 0, 2, 64.83
1747817491, 0, 0, 113, 113, 1, 4.84%, 0, 0, 2, 80.99
1747817497, 0, 0, 120, 120, 1, 4.84%, 0, 0, 2, 88.58
1747817502, 0, 0, 131, 131, 1, 4.84%, 0, 0, 2, 87.23
1747817507, 0, 0, 142, 142, 1, 4.84%, 0, 0, 2, 88.16
1747817512, 0, 0, 154, 154, 1, 4.84%, 0, 0, 2, 86.09
1747817517, 0, 0, 160, 160, 1, 4.84%, 0, 0, 2, 75.62
1747817522, 0, 0, 165, 165, 1, 4.88%, 0, 0, 2, 54.86
1747817527, 0, 0, 168, 168, 1, 4.88%, 0, 0, 2, 51.90
1747817533, 0, 0, 172, 172, 1, 4.88%, 0, 0, 2, 51.41
1747817538, 0, 0, 176, 176, 1, 4.88%, 0, 0, 2, 51.82
1747817543, 0, 0, 179, 179, 1, 4.88%, 0, 0, 2, 51.19
1747817548, 0, 0, 182, 182, 1, 4.88%, 0, 0, 2, 51.00
1747817553, 0, 0, 183, 183, 1, 4.88%, 0, 0, 2, 52.43
1747817563, 0, 0, 185, 185, 1, 4.88%, 0, 0, 2, 52.00
1747817568, 0, 0, 188, 188, 1, 4.88%, 0, 0, 2, 52.05
1747817573, 0, 0, 191, 191, 1, 4.88%, 0, 0, 2, 52.53
1747817578, 0, 0, 193, 193, 1, 4.88%, 0, 0, 2, 51.94
1747817583, 0, 0, 195, 195, 1, 4.88%, 0, 0, 2, 52.36
1747817589, 0, 0, 197, 197, 1, 4.88%, 0, 0, 2, 52.56
1747817594, 0, 0, 198, 198, 1, 4.88%, 0, 0, 2, 52.96
1747817599, 0, 1, 215, 214, 11, 4.89%, 0, 0, 2, 35.67
1747817604, 0, 1, 230, 229, 11, 4.89%, 0, 0, 2, 31.65
1747817609, 0, 1, 242, 241, 11, 4.89%, 0, 0, 2, 30.75
1747817614, 0, 1, 256, 255, 11, 4.90%, 0, 0, 2, 30.64
1747817619, 0, 1, 269, 268, 11, 4.91%, 0, 0, 2, 29.96
1747817625, 0, 1, 277, 276, 11, 4.91%, 0, 0, 2, 31.50
1747817630, 0, 1, 282, 281, 11, 4.91%, 0, 0, 2, 31.63
1747817635, 0, 1, 289, 288, 11, 4.91%, 0, 0, 2, 31.49
1747817640, 0, 1, 295, 294, 11, 4.91%, 0, 0, 2, 32.05
1747817645, 0, 1, 304, 303, 11, 4.91%, 0, 0, 2, 30.90
1747817650, 0, 1, 309, 308, 11, 4.91%, 0, 0, 2, 30.93
1747817655, 0, 1, 314, 313, 11, 4.91%, 0, 0, 2, 30.61
1747817660, 0, 1, 317, 316, 11, 4.91%, 0, 0, 2, 31.92
1747817666, 0, 1, 321, 320, 11, 4.93%, 0, 0, 2, 31.32
1747817671, 0, 1, 322, 321, 11, 4.93%, 0, 0, 2, 32.10
1747817676, 0, 1, 323, 322, 11, 4.93%, 0, 0, 2, 32.08
1747817681, 0, 2, 332, 331, 13, 5.55%, 0, 0, 2, 29.08
1747817686, 0, 2, 341, 340, 13, 5.55%, 0, 0, 2, 27.72
1747817691, 0, 2, 353, 352, 13, 5.56%, 0, 0, 2, 26.64
1747817696, 0, 2, 366, 365, 13, 5.56%, 0, 0, 2, 25.77
1747817701, 0, 2, 374, 373, 13, 5.68%, 0, 0, 2, 26.26
1747817706, 0, 2, 380, 379, 13, 5.68%, 0, 0, 2, 27.21
1747817711, 0, 2, 387, 386, 13, 5.68%, 0, 0, 2, 26.47
1747817717, 0, 2, 394, 393, 13, 5.68%, 0, 0, 2, 26.03
1747817722, 0, 2, 399, 398, 13, 5.68%, 0, 0, 2, 26.96
1747817727, 0, 2, 404, 403, 13, 5.68%, 0, 0, 2, 26.81
1747817732, 0, 2, 407, 406, 13, 5.68%, 0, 0, 2, 27.05
1747817737, 0, 2, 415, 414, 13, 5.73%, 0, 0, 2, 26.81
1747817742, 0, 2, 423, 422, 13, 5.73%, 0, 0, 2, 26.94
1747817747, 0, 2, 427, 426, 13, 5.73%, 0, 0, 2, 26.94
1747817752, 0, 2, 432, 431, 13, 5.73%, 0, 0, 2, 26.58
1747817757, 0, 2, 438, 437, 13, 5.73%, 0, 0, 2, 27.14
1747817762, 0, 2, 443, 442, 13, 5.73%, 0, 0, 2, 26.85
1747817767, 0, 2, 446, 445, 13, 5.73%, 0, 0, 2, 27.74
1747817773, 0, 2, 449, 448, 13, 5.73%, 0, 0, 2, 27.67
1747817778, 0, 3, 454, 453, 12, 5.73%, 0, 0, 2, 26.53
1747817783, 0, 3, 465, 464, 12, 5.73%, 0, 0, 2, 23.13
1747817788, 0, 3, 475, 474, 12, 5.73%, 0, 0, 2, 22.33
1747817793, 0, 3, 485, 484, 12, 5.73%, 0, 0, 2, 21.92
1747817798, 0, 3, 494, 493, 12, 5.73%, 0, 0, 2, 21.58
1747817804, 0, 3, 503, 502, 12, 5.73%, 0, 0, 2, 21.98
1747817809, 0, 3, 510, 509, 12, 5.73%, 0, 0, 2, 21.73
1747817814, 0, 3, 519, 518, 12, 5.73%, 0, 0, 2, 21.00
1747817819, 0, 3, 527, 526, 12, 5.73%, 0, 0, 2, 21.79
1747817824, 0, 3, 532, 531, 12, 5.73%, 0, 0, 2, 21.87
1747817829, 0, 3, 538, 537, 12, 5.73%, 0, 0, 2, 22.03
1747817834, 0, 3, 545, 544, 12, 5.81%, 0, 0, 2, 21.16
1747817840, 0, 3, 551, 550, 12, 5.81%, 0, 0, 2, 21.78
1747817845, 0, 3, 555, 554, 12, 6.30%, 0, 0, 2, 21.92
1747817850, 0, 3, 560, 559, 12, 6.31%, 0, 0, 2, 21.47
1747817855, 0, 3, 564, 563, 12, 6.32%, 0, 0, 2, 21.65
1747817860, 0, 3, 567, 566, 12, 6.32%, 0, 0, 2, 21.70
1747817865, 0, 3, 569, 568, 12, 6.32%, 0, 0, 2, 22.25
1747817870, 0, 3, 572, 571, 12, 6.32%, 0, 0, 2, 22.05
1747817875, 0, 3, 576, 575, 12, 6.32%, 0, 0, 2, 22.07
1747817881, 0, 3, 579, 578, 12, 6.45%, 0, 0, 2, 21.68
1747817886, 0, 3, 581, 580, 12, 6.45%, 0, 0, 2, 22.00
1747817891, 0, 3, 584, 583, 12, 6.45%, 0, 0, 2, 21.63
1747817896, 0, 3, 585, 584, 12, 6.45%, 0, 0, 2, 21.90
1747817901, 0, 4, 587, 586, 10, 6.65%, 0, 0, 2, 21.94
1747817906, 0, 4, 596, 595, 10, 6.65%, 0, 0, 2, 18.30
1747817912, 0, 4, 606, 605, 10, 6.66%, 0, 0, 2, 20.02
1747817917, 0, 4, 619, 618, 10, 6.76%, 0, 0, 2, 27.26
1747817922, 0, 4, 633, 632, 10, 6.84%, 0, 0, 2, 28.62
1747817927, 0, 4, 641, 640, 10, 6.84%, 0, 0, 2, 29.12
1747817932, 0, 4, 654, 653, 10, 6.84%, 0, 0, 2, 29.01
1747817937, 0, 4, 662, 661, 10, 6.84%, 0, 0, 2, 28.99
1747817942, 0, 4, 668, 667, 10, 6.84%, 0, 0, 2, 29.43
1747817947, 0, 4, 678, 677, 10, 6.91%, 0, 0, 2, 29.28
1747817952, 0, 4, 688, 687, 10, 6.91%, 0, 0, 2, 29.31
1747817957, 0, 4, 697, 696, 10, 6.92%, 0, 0, 2, 29.16
1747817962, 0, 4, 701, 700, 10, 6.92%, 0, 0, 2, 29.23
1747817968, 0, 4, 706, 705, 10, 6.92%, 0, 0, 2, 29.12
1747817973, 0, 4, 712, 711, 10, 6.93%, 0, 0, 2, 29.25
1747817978, 0, 4, 715, 714, 10, 6.93%, 0, 0, 2, 29.04
1747817983, 0, 4, 719, 718, 10, 6.93%, 0, 0, 2, 29.29
1747817988, 0, 4, 727, 726, 10, 7.02%, 0, 0, 2, 29.00
1747817993, 0, 4, 731, 730, 10, 7.02%, 0, 0, 2, 28.83
1747817998, 0, 4, 735, 734, 10, 7.03%, 0, 0, 2, 29.22
1747818003, 0, 4, 740, 739, 10, 7.03%, 0, 0, 2, 29.29
1747818008, 0, 5, 748, 747, 17, 7.14%, 0, 0, 2, 27.29
1747818013, 0, 5, 753, 752, 17, 7.14%, 0, 0, 2, 27.29
1747818018, 0, 5, 761, 760, 17, 7.14%, 0, 0, 2, 27.40
1747818023, 0, 5, 770, 769, 17, 7.14%, 0, 0, 2, 27.16
1747818029, 0, 5, 778, 777, 17, 7.14%, 0, 0, 2, 27.23
1747818034, 0, 5, 783, 782, 17, 7.14%, 0, 0, 2, 27.69
1747818039, 0, 5, 789, 788, 17, 7.14%, 0, 0, 2, 27.76
1747818044, 0, 5, 794, 793, 17, 7.14%, 0, 0, 2, 27.86
1747818049, 0, 5, 798, 797, 17, 7.14%, 0, 0, 2, 28.04
1747818054, 0, 5, 803, 802, 17, 7.14%, 0, 0, 2, 27.78
1747818059, 0, 5, 806, 805, 17, 7.14%, 0, 0, 2, 27.95
1747818064, 0, 5, 808, 807, 17, 7.14%, 0, 0, 2, 28.08
1747818070, 0, 5, 815, 814, 17, 7.14%, 0, 0, 2, 28.02
1747818075, 0, 5, 816, 815, 17, 7.14%, 0, 0, 2, 28.37
1747818080, 0, 5, 819, 818, 17, 7.14%, 0, 0, 2, 28.18
1747818085, 0, 5, 821, 820, 17, 7.14%, 0, 0, 2, 28.35
1747818090, 0, 6, 828, 827, 16, 7.14%, 0, 0, 2, 26.92
1747818095, 0, 6, 830, 829, 16, 7.14%, 0, 0, 2, 27.52
1747818100, 0, 6, 835, 834, 16, 7.14%, 0, 0, 2, 27.53
1747818105, 0, 6, 839, 838, 16, 7.14%, 0, 0, 2, 27.85
1747818111, 0, 6, 842, 841, 16, 7.14%, 0, 0, 2, 27.52
1747818116, 0, 6, 846, 845, 16, 7.14%, 0, 0, 2, 27.38
1747818121, 0, 6, 853, 852, 16, 7.14%, 0, 0, 2, 27.18
1747818126, 0, 6, 855, 854, 16, 7.14%, 0, 0, 2, 28.10
1747818131, 0, 6, 856, 855, 16, 7.14%, 0, 0, 2, 28.03
1747818136, 0, 6, 858, 857, 16, 7.14%, 0, 0, 2, 27.90
1747818146, 0, 6, 862, 861, 16, 7.14%, 0, 0, 2, 27.20
1747818151, 0, 6, 864, 863, 16, 7.14%, 0, 0, 2, 28.12
1747818161, 0, 8, 867, 866, 17, 7.14%, 0, 0, 2, 27.56
1747818166, 0, 11, 868, 867, 17, 7.14%, 0, 0, 2, 27.49
1747818172, 0, 12, 873, 872, 17, 7.14%, 0, 0, 2, 26.75
1747818177, 0, 12, 878, 877, 17, 7.14%, 0, 0, 2, 25.49
1747818182, 0, 12, 882, 881, 17, 7.14%, 0, 0, 2, 26.17
1747818187, 0, 12, 885, 884, 17, 7.14%, 0, 0, 2, 26.25
1747818208, 0, 12, 886, 885, 17, 7.14%, 0, 0, 2, 25.95
1747818213, 0, 12, 890, 889, 17, 7.14%, 0, 0, 2, 25.35
1747818239, 0, 12, 891, 890, 17, 7.14%, 0, 0, 2, 26.08
1747818244, 0, 13, 894, 893, 17, 7.14%, 0, 0, 2, 25.81
1747818249, 0, 13, 895, 894, 17, 7.14%, 0, 0, 2, 25.58
1747818259, 0, 17, 895, 894, 17, 7.14%, 0, 0, 2, 26.45
1747818264, 0, 19, 896, 895, 17, 7.14%, 0, 0, 2, 27.20
1747818269, 0, 26, 897, 896, 17, 7.14%, 0, 0, 2, 26.24
1747818274, 0, 26, 900, 899, 17, 7.14%, 0, 0, 2, 25.20
1747818295, 0, 26, 901, 900, 17, 7.14%, 0, 0, 2, 13.91
1747818300, 0, 26, 902, 901, 17, 7.14%, 0, 0, 2, 14.62
1747818305, 0, 26, 903, 902, 17, 7.14%, 0, 0, 2, 14.53
1747818321, 0, 26, 904, 903, 17, 7.14%, 0, 0, 2, 14.56
1747818331, 0, 26, 905, 904, 17, 7.14%, 0, 0, 2, 14.41
1747818341, 0, 26, 907, 906, 17, 7.14%, 0, 0, 2, 14.53
1747818371, 0, 26, 908, 907, 17, 7.14%, 0, 0, 2, 14.51
1747818377, 0, 28, 908, 907, 17, 7.14%, 0, 0, 2, 14.81
1747818382, 0, 29, 908, 907, 17, 7.14%, 0, 0, 2, 14.92
1747818387, 0, 31, 909, 908, 17, 7.14%, 0, 0, 2, 15.80
1747818392, 0, 32, 909, 908, 17, 7.14%, 0, 0, 2, 15.19
1747818397, 0, 34, 909, 908, 17, 7.14%, 0, 0, 2, 15.40
1747818402, 0, 36, 909, 908, 17, 7.14%, 0, 0, 2, 15.37
1747818407, 0, 38, 909, 908, 17, 7.14%, 0, 0, 2, 15.50
1747818412, 0, 39, 910, 909, 17, 7.14%, 0, 0, 2, 15.02
1747818417, 0, 40, 910, 909, 17, 7.14%, 0, 0, 2, 15.23
1747818423, 0, 41, 911, 910, 17, 7.14%, 0, 0, 2, 15.62
1747818428, 0, 42, 911, 910, 17, 7.14%, 0, 0, 2, 15.86
1747818433, 0, 42, 912, 911, 17, 7.14%, 0, 0, 2, 15.96
1747818438, 0, 44, 912, 911, 17, 7.14%, 0, 0, 2, 14.94
1747818443, 0, 47, 912, 911, 17, 7.14%, 0, 0, 2, 15.48
1747818448, 0, 48, 912, 911, 17, 7.14%, 0, 0, 2, 16.00
1747818453, 0, 49, 913, 912, 17, 7.14%, 0, 0, 2, 14.98
1747818458, 0, 50, 913, 912, 17, 7.14%, 0, 0, 2, 14.73
1747818463, 0, 51, 913, 912, 17, 7.14%, 0, 0, 2, 15.14
1747818469, 0, 55, 913, 912, 17, 7.14%, 0, 0, 2, 15.04
1747818474, 0, 57, 913, 912, 17, 7.14%, 0, 0, 2, 15.72
1747818479, 0, 58, 913, 912, 17, 7.14%, 0, 0, 2, 15.25
1747818484, 0, 60, 913, 912, 17, 7.14%, 0, 0, 2, 15.22
1747818489, 0, 61, 913, 912, 17, 7.14%, 0, 0, 2, 14.75
1747818494, 0, 63, 913, 912, 17, 7.14%, 0, 0, 2, 17.66
1747818617, 0, 63, 914, 913, 17, 7.14%, 0, 0, 3, 42.24
1747818627, 0, 65, 914, 912, 17, 7.14%, 0, 0, 3, 28.24
1747818632, 0, 67, 915, 913, 17, 7.14%, 0, 0, 3, 17.60
1747818642, 0, 69, 915, 913, 17, 7.14%, 0, 0, 3, 14.91
1747818647, 0, 69, 916, 914, 17, 7.23%, 0, 0, 3, 14.86
1747818653, 0, 70, 919, 917, 16, 7.23%, 0, 0, 3, 13.58
1747818658, 0, 70, 923, 921, 16, 7.24%, 0, 0, 3, 13.17
1747818663, 0, 70, 926, 924, 16, 7.24%, 0, 0, 3, 13.03
1747818668, 0, 70, 930, 928, 16, 7.24%, 0, 0, 3, 12.82
1747818673, 0, 70, 935, 933, 16, 7.24%, 0, 0, 3, 12.98
1747818678, 0, 70, 939, 937, 16, 7.24%, 0, 0, 3, 13.00
1747818683, 0, 70, 940, 938, 16, 7.24%, 0, 0, 3, 13.36
1747818688, 0, 70, 942, 940, 16, 7.27%, 0, 0, 3, 13.38
1747818693, 0, 70, 944, 942, 16, 7.27%, 0, 0, 3, 13.15
1747818698, 0, 70, 945, 943, 16, 7.27%, 0, 0, 3, 13.21
1747818704, 0, 70, 946, 944, 16, 7.27%, 0, 0, 3, 13.20
1747818709, 0, 70, 948, 946, 16, 7.27%, 0, 0, 3, 13.04
1747818724, 0, 70, 949, 947, 16, 7.27%, 0, 0, 3, 13.08
1747818729, 0, 70, 950, 948, 16, 7.27%, 0, 0, 3, 13.20
1747818739, 0, 70, 951, 949, 16, 7.27%, 0, 0, 3, 13.02
1747818744, 0, 70, 952, 950, 16, 7.27%, 0, 0, 3, 13.24
1747818750, 0, 70, 954, 952, 16, 7.27%, 0, 0, 3, 13.28
1747818765, 0, 70, 955, 953, 16, 7.27%, 0, 0, 3, 13.36
1747818770, 0, 70, 956, 954, 16, 7.27%, 0, 0, 3, 13.38
1747818785, 0, 70, 957, 955, 16, 7.27%, 0, 0, 3, 12.92
1747818791, 0, 70, 958, 956, 16, 7.27%, 0, 0, 3, 13.09
1747818801, 0, 71, 959, 957, 17, 7.27%, 0, 0, 3, 13.33
1747818806, 0, 71, 960, 958, 17, 7.27%, 0, 0, 3, 13.15
1747818811, 0, 71, 961, 959, 17, 7.27%, 0, 0, 3, 13.13
1747818837, 0, 73, 961, 959, 17, 7.27%, 0, 0, 3, 13.12
1747818842, 0, 73, 962, 960, 17, 7.27%, 0, 0, 3, 12.97
1747818847, 0, 75, 962, 960, 17, 7.27%, 0, 0, 3, 13.03
1747818852, 0, 76, 963, 961, 17, 7.27%, 0, 0, 3, 13.10
1747818857, 0, 77, 963, 961, 17, 7.27%, 0, 0, 3, 13.19
1747818862, 0, 77, 965, 963, 17, 7.27%, 0, 0, 3, 13.09
1747818877, 0, 79, 965, 963, 17, 7.27%, 0, 0, 3, 13.28
1747818882, 0, 80, 965, 963, 17, 7.27%, 0, 0, 3, 13.36
1747818887, 0, 81, 965, 963, 17, 7.27%, 0, 0, 3, 13.03
1747818893, 0, 86, 965, 963, 17, 7.27%, 0, 0, 3, 13.24
1747818898, 0, 87, 965, 963, 17, 7.27%, 0, 0, 3, 13.08
1747818903, 0, 89, 965, 963, 17, 7.27%, 0, 0, 3, 13.17
1747818908, 0, 90, 966, 964, 17, 7.27%, 0, 0, 3, 12.92
1747818913, 0, 92, 966, 964, 17, 7.27%, 0, 0, 3, 13.09
1747818918, 0, 92, 967, 965, 17, 7.27%, 0, 0, 3, 13.14
1747818923, 0, 93, 967, 965, 17, 7.27%, 0, 0, 3, 13.05
1747818929, 0, 95, 967, 965, 17, 7.27%, 0, 0, 3, 12.99
1747818934, 0, 97, 967, 965, 17, 7.27%, 0, 0, 3, 12.96
1747818939, 0, 98, 968, 966, 17, 7.27%, 0, 0, 3, 12.89
1747818944, 0, 98, 969, 967, 17, 7.27%, 0, 0, 3, 12.87
1747818949, 0, 98, 970, 968, 17, 7.27%, 0, 0, 3, 12.91
1747818954, 0, 98, 971, 969, 17, 7.27%, 0, 0, 3, 12.79
1747818960, 0, 98, 972, 970, 17, 7.27%, 0, 0, 3, 12.71
1747818995, 0, 98, 973, 971, 17, 7.27%, 0, 0, 3, 13.00
1747819011, 0, 98, 974, 972, 17, 7.27%, 0, 0, 3, 13.10
1747819016, 0, 98, 975, 973, 17, 7.27%, 0, 0, 3, 12.99
1747819052, 0, 98, 976, 974, 17, 7.27%, 0, 0, 3, 12.76
1747819062, 0, 98, 978, 976, 17, 7.27%, 0, 0, 3, 12.79
1747819067, 0, 98, 979, 977, 17, 7.27%, 0, 0, 3, 12.84
1747819072, 0, 99, 979, 977, 17, 7.27%, 0, 0, 3, 12.87
1747819078, 0, 99, 982, 980, 17, 7.27%, 0, 0, 3, 12.82
1747819083, 0, 99, 983, 981, 17, 7.27%, 0, 0, 3, 12.55
1747819093, 0, 99, 984, 982, 17, 7.27%, 0, 0, 3, 12.62
1747819129, 0, 99, 985, 983, 17, 7.27%, 0, 0, 3, 12.73
1747819139, 0, 99, 986, 984, 17, 7.27%, 0, 0, 3, 12.59
1747819145, 0, 99, 987, 985, 17, 7.27%, 0, 0, 3, 12.59
1747819155, 0, 99, 988, 986, 17, 7.27%, 0, 0, 3, 12.60
1747819160, 0, 99, 989, 987, 17, 7.27%, 0, 0, 3, 12.58
1747819165, 0, 99, 991, 989, 17, 7.40%, 0, 0, 3, 12.35
1747819180, 0, 99, 992, 990, 17, 7.40%, 0, 0, 3, 12.53
1747819201, 0, 99, 993, 991, 17, 7.40%, 0, 0, 3, 13.02
1747819211, 0, 101, 994, 992, 16, 7.40%, 0, 0, 3, 12.68
1747819221, 0, 103, 994, 992, 16, 7.40%, 0, 0, 3, 12.76
1747819227, 0, 104, 994, 992, 16, 7.40%, 0, 0, 3, 12.78
1747819232, 0, 105, 994, 992, 16, 7.40%, 0, 0, 3, 12.86
1747819237, 0, 107, 994, 992, 16, 7.40%, 0, 0, 3, 12.93
1747819242, 0, 109, 994, 992, 16, 7.40%, 0, 0, 3, 13.22
1747819247, 0, 110, 995, 993, 16, 7.40%, 0, 0, 3, 12.80
1747819252, 0, 110, 996, 994, 16, 7.40%, 0, 0, 3, 12.74
1747819262, 0, 112, 996, 994, 16, 7.40%, 0, 0, 3, 12.96
1747819268, 0, 113, 996, 994, 16, 7.40%, 0, 0, 3, 12.83
1747819273, 0, 114, 997, 995, 16, 7.40%, 0, 0, 3, 13.21
1747819278, 0, 114, 998, 996, 16, 7.40%, 0, 0, 3, 13.12
1747819288, 0, 115, 998, 996, 16, 7.40%, 0, 0, 3, 13.05
1747819293, 0, 118, 998, 996, 16, 7.40%, 0, 0, 3, 12.66
1747819298, 0, 120, 998, 996, 16, 7.40%, 0, 0, 3, 13.07
1747819303, 0, 122, 998, 996, 16, 7.40%, 0, 0, 3, 12.90
1747819309, 0, 122, 999, 997, 16, 7.40%, 0, 0, 3, 13.11
1747819314, 0, 123, 999, 997, 16, 7.40%, 0, 0, 3, 13.23
1747819319, 0, 125, 999, 997, 16, 7.40%, 0, 0, 3, 13.48
1747819324, 0, 126, 999, 997, 16, 7.40%, 0, 0, 3, 13.11
1747819329, 0, 128, 999, 997, 16, 7.40%, 0, 0, 3, 13.05
1747819334, 0, 130, 999, 997, 16, 7.40%, 0, 0, 3, 12.82
1747819340, 0, 131, 999, 997, 16, 7.40%, 0, 0, 3, 12.94
1747819345, 0, 132, 999, 997, 16, 7.40%, 0, 0, 3, 13.10
1747819350, 0, 133, 999, 997, 16, 7.40%, 0, 0, 3, 12.95
1747819355, 0, 136, 999, 997, 16, 7.40%, 0, 0, 3, 12.64
1747819360, 0, 138, 999, 997, 16, 7.40%, 0, 0, 3, 13.08
1747819365, 0, 139, 999, 997, 16, 7.40%, 0, 0, 3, 13.13
1747819370, 0, 143, 999, 997, 16, 7.40%, 0, 0, 3, 12.85
1747819375, 0, 144, 999, 997, 16, 7.40%, 0, 0, 3, 13.02
1747819380, 0, 144, 1000, 998, 16, 7.40%, 0, 0, 3, 12.79
1747819386, 0, 145, 1000, 998, 16, 7.40%, 0, 0, 3, 12.90
1747819391, 0, 147, 1000, 998, 16, 7.40%, 0, 0, 3, 12.83
1747819396, 0, 147, 1001, 999, 16, 7.41%, 0, 0, 3, 12.96
1747819401, 0, 148, 1001, 999, 17, 7.41%, 0, 0, 3, 12.72
1747819406, 0, 148, 1002, 1000, 17, 7.41%, 0, 0, 3, 12.63
1747819411, 0, 149, 1002, 1000, 17, 7.41%, 0, 0, 3, 12.90
1747819416, 0, 153, 1002, 1000, 17, 7.41%, 0, 0, 3, 12.82
1747819421, 0, 154, 1003, 1001, 17, 7.41%, 0, 0, 3, 12.59
1747819432, 0, 155, 1003, 1001, 18, 7.41%, 0, 0, 3, 12.53
1747819437, 0, 157, 1003, 1001, 18, 7.41%, 0, 0, 3, 12.80
1747819442, 0, 158, 1004, 1002, 18, 7.41%, 0, 0, 3, 12.56
1747819452, 0, 159, 1004, 1002, 18, 7.41%, 0, 0, 3, 12.79
1747819457, 0, 161, 1004, 1002, 18, 7.41%, 0, 0, 3, 12.87
1747819463, 0, 162, 1004, 1002, 18, 7.41%, 0, 0, 3, 12.56
1747819468, 0, 163, 1005, 1003, 18, 7.41%, 0, 0, 3, 12.57
1747819473, 0, 163, 1006, 1004, 18, 7.41%, 0, 0, 3, 12.92
1747819483, 0, 164, 1006, 1004, 19, 7.41%, 0, 0, 3, 12.76
1747819488, 0, 164, 1007, 1005, 19, 7.41%, 0, 0, 3, 12.65
1747819493, 0, 165, 1007, 1005, 19, 7.41%, 0, 0, 3, 12.64
1747819498, 0, 166, 1007, 1005, 19, 7.41%, 0, 0, 3, 13.12
1747819504, 0, 167, 1008, 1006, 19, 7.41%, 0, 0, 3, 12.50
1747819509, 0, 168, 1008, 1006, 19, 7.41%, 0, 0, 3, 12.64
1747819514, 0, 169, 1008, 1006, 19, 7.41%, 0, 0, 3, 12.62
1747819519, 0, 170, 1008, 1006, 19, 7.41%, 0, 0, 3, 12.93
1747819524, 0, 174, 1008, 1006, 19, 7.41%, 0, 0, 3, 12.56
1747819529, 0, 174, 1009, 1007, 19, 7.41%, 0, 0, 3, 12.37
1747819534, 0, 175, 1009, 1007, 19, 7.41%, 0, 0, 3, 12.71
1747819539, 0, 177, 1010, 1008, 19, 7.43%, 0, 0, 3, 12.91
1747819550, 0, 178, 1013, 1011, 19, 7.43%, 0, 0, 3, 12.25
1747819555, 0, 178, 1014, 1012, 19, 7.43%, 0, 0, 3, 12.61
1747819560, 0, 178, 1015, 1013, 19, 7.43%, 0, 0, 3, 12.47
1747819565, 0, 178, 1016, 1014, 19, 7.43%, 0, 0, 3, 12.68
1747819570, 0, 178, 1017, 1015, 19, 7.43%, 0, 0, 3, 12.58
1747819585, 0, 178, 1018, 1016, 19, 7.43%, 0, 0, 3, 12.69
1747819636, 0, 178, 1020, 1018, 19, 7.43%, 0, 0, 3, 12.42
1747819641, 0, 178, 1021, 1019, 19, 7.43%, 0, 0, 3, 12.45
1747819687, 0, 180, 1021, 1019, 19, 7.43%, 0, 0, 3, 12.68
1747819692, 0, 181, 1021, 1019, 19, 7.43%, 0, 0, 3, 12.51
1747819698, 0, 182, 1021, 1019, 19, 7.43%, 0, 0, 3, 12.35
1747819703, 0, 183, 1022, 1020, 19, 7.43%, 0, 0, 3, 12.60
1747819708, 0, 184, 1022, 1020, 19, 7.43%, 0, 0, 3, 12.71
1747819713, 0, 185, 1022, 1020, 19, 7.43%, 0, 0, 3, 12.62
1747819718, 0, 187, 1022, 1020, 19, 7.43%, 0, 0, 3, 12.67
1747819723, 0, 188, 1022, 1020, 19, 7.43%, 0, 0, 3, 12.34
1747819728, 0, 189, 1022, 1020, 19, 7.43%, 0, 0, 3, 12.39
1747819733, 0, 191, 1022, 1020, 19, 7.43%, 0, 0, 3, 12.75
1747819738, 0, 192, 1022, 1020, 19, 7.43%, 0, 0, 3, 12.40
1747819743, 0, 193, 1022, 1020, 19, 7.43%, 0, 0, 3, 12.47
1747819748, 0, 194, 1023, 1021, 19, 7.43%, 0, 0, 3, 12.38
1747819753, 0, 195, 1023, 1021, 19, 7.43%, 0, 0, 3, 12.69
1747819759, 0, 195, 1025, 1023, 19, 7.46%, 0, 0, 3, 12.32
1747819774, 0, 196, 1025, 1023, 18, 7.46%, 0, 0, 3, 12.53
1747819779, 0, 196, 1026, 1024, 18, 7.46%, 0, 0, 3, 12.24
1747819784, 0, 198, 1027, 1025, 18, 7.46%, 0, 0, 3, 11.90
1747819790, 0, 199, 1027, 1025, 17, 7.46%, 0, 0, 3, 12.17
1747819795, 0, 200, 1027, 1025, 17, 7.46%, 0, 0, 3, 12.27
1747819800, 0, 200, 1028, 1026, 17, 7.46%, 0, 0, 3, 12.16
1747819805, 0, 201, 1028, 1026, 17, 7.46%, 0, 0, 3, 12.41
1747819810, 0, 203, 1028, 1026, 17, 7.46%, 0, 0, 3, 12.41
1747819815, 0, 207, 1029, 1027, 17, 7.46%, 0, 0, 3, 12.23
1747819825, 0, 210, 1029, 1027, 17, 7.46%, 0, 0, 3, 12.32
1747819831, 0, 210, 1031, 1029, 17, 7.46%, 0, 0, 3, 11.98
1747819836, 0, 210, 1032, 1030, 17, 7.46%, 0, 0, 3, 11.91
1747819841, 0, 210, 1033, 1031, 17, 7.46%, 0, 0, 3, 12.05
1747819851, 0, 210, 1034, 1032, 17, 7.46%, 0, 0, 3, 12.09
1747819856, 0, 210, 1036, 1034, 17, 7.46%, 0, 0, 3, 12.12
1747819867, 0, 210, 1037, 1035, 17, 7.46%, 0, 0, 3, 12.02
1747819872, 0, 210, 1038, 1036, 17, 7.46%, 0, 0, 3, 12.00
1747819877, 0, 210, 1039, 1037, 17, 7.46%, 0, 0, 3, 12.55
1747819918, 0, 210, 1040, 1038, 17, 7.46%, 0, 0, 3, 11.90
1747819923, 0, 210, 1042, 1040, 17, 7.46%, 0, 0, 3, 12.02
1747819928, 0, 210, 1043, 1041, 17, 7.46%, 0, 0, 3, 12.18
1747819943, 0, 210, 1044, 1042, 17, 7.46%, 0, 0, 3, 12.41
1747819949, 0, 210, 1045, 1043, 17, 7.46%, 0, 0, 3, 12.43
1747819959, 0, 210, 1046, 1044, 17, 7.46%, 0, 0, 3, 12.12
1747819969, 0, 210, 1047, 1045, 17, 7.48%, 0, 0, 3, 12.17
1747819974, 0, 212, 1047, 1045, 18, 7.48%, 0, 0, 3, 12.17
1747819979, 0, 213, 1047, 1045, 18, 7.48%, 0, 0, 3, 12.28
1747819985, 0, 215, 1047, 1045, 18, 7.48%, 0, 0, 3, 12.57
1747819990, 0, 216, 1047, 1045, 18, 7.48%, 0, 0, 3, 12.32
1747819995, 0, 219, 1048, 1046, 18, 7.48%, 0, 0, 3, 12.24
1747820000, 0, 220, 1048, 1046, 18, 7.48%, 0, 0, 3, 12.46
1747820005, 0, 221, 1048, 1046, 18, 7.48%, 0, 0, 3, 12.18
1747820010, 0, 222, 1048, 1046, 18, 7.48%, 0, 0, 3, 12.06
1747820015, 0, 223, 1049, 1047, 18, 7.48%, 0, 0, 3, 12.46
1747820025, 0, 225, 1049, 1047, 18, 7.48%, 0, 0, 3, 12.56
1747820030, 0, 226, 1049, 1047, 18, 7.48%, 0, 0, 3, 12.48
1747820035, 0, 227, 1050, 1048, 18, 7.48%, 0, 0, 3, 12.12
1747820040, 0, 227, 1051, 1049, 18, 7.48%, 0, 0, 3, 11.74
1747820046, 0, 227, 1052, 1050, 18, 7.48%, 0, 0, 3, 11.65
1747820051, 0, 227, 1053, 1051, 18, 7.48%, 0, 0, 3, 11.87
1747820061, 0, 227, 1054, 1052, 18, 7.48%, 0, 0, 3, 11.98
1747820071, 0, 227, 1055, 1053, 18, 7.48%, 0, 0, 3, 11.95
1747820082, 0, 227, 1056, 1054, 18, 7.48%, 0, 0, 3, 11.92
1747820092, 0, 227, 1057, 1055, 18, 7.48%, 0, 0, 3, 11.53
1747820112, 0, 227, 1059, 1057, 18, 7.48%, 0, 0, 3, 11.93
1747820117, 0, 227, 1060, 1058, 18, 7.48%, 0, 0, 3, 11.58
1747820158, 0, 227, 1061, 1059, 18, 7.48%, 0, 0, 3, 11.92
1747820184, 0, 228, 1062, 1060, 18, 7.48%, 0, 0, 3, 11.71
1747820189, 0, 228, 1063, 1061, 18, 7.48%, 0, 0, 3, 11.54
1747820199, 0, 229, 1063, 1061, 18, 7.48%, 0, 0, 3, 12.08
1747820205, 0, 230, 1063, 1061, 18, 7.48%, 0, 0, 3, 12.00
1747820210, 0, 231, 1063, 1061, 18, 7.48%, 0, 0, 3, 12.14
1747820215, 0, 232, 1063, 1061, 18, 7.48%, 0, 0, 3, 12.02
1747820220, 0, 233, 1063, 1061, 18, 7.48%, 0, 0, 3, 11.52
1747820225, 0, 236, 1064, 1062, 18, 7.48%, 0, 0, 3, 11.48
1747820230, 0, 236, 1065, 1063, 18, 7.48%, 0, 0, 3, 11.80
1747820240, 0, 236, 1066, 1064, 18, 7.48%, 0, 0, 3, 11.48
1747820246, 0, 236, 1068, 1066, 18, 7.48%, 0, 0, 3, 11.56
1747820261, 0, 236, 1069, 1067, 18, 7.48%, 0, 0, 3, 11.57
1747820307, 0, 236, 1070, 1068, 18, 7.48%, 0, 0, 3, 11.49
1747820323, 0, 236, 1071, 1069, 18, 7.50%, 0, 0, 3, 11.72
1747820364, 0, 236, 1072, 1070, 18, 7.51%, 0, 0, 3, 11.75
1747820374, 0, 238, 1072, 1070, 19, 7.51%, 0, 0, 3, 11.77
1747820379, 0, 239, 1072, 1070, 19, 7.51%, 0, 0, 3, 12.17
1747820385, 0, 241, 1072, 1070, 19, 7.51%, 0, 0, 3, 11.93
1747820390, 0, 244, 1072, 1070, 19, 7.51%, 0, 0, 3, 11.84
1747820395, 0, 245, 1072, 1070, 19, 7.51%, 0, 0, 3, 11.86
1747820400, 0, 247, 1072, 1070, 19, 7.51%, 0, 0, 3, 12.24
1747820405, 0, 248, 1072, 1070, 19, 7.51%, 0, 0, 3, 11.86
1747820410, 0, 251, 1072, 1070, 19, 7.51%, 0, 0, 3, 12.29
1747820416, 0, 252, 1072, 1070, 19, 7.51%, 0, 0, 3, 12.09
1747820421, 0, 254, 1072, 1070, 19, 7.51%, 0, 0, 3, 12.29
1747820426, 0, 254, 1073, 1071, 19, 7.51%, 0, 0, 3, 12.17
1747820431, 0, 255, 1073, 1071, 19, 7.51%, 0, 0, 3, 12.08
1747820436, 0, 255, 1074, 1072, 19, 7.51%, 0, 0, 3, 12.15
1747820441, 0, 256, 1074, 1072, 19, 7.51%, 0, 0, 3, 11.66
1747820446, 0, 257, 1075, 1073, 19, 7.51%, 0, 0, 3, 11.65
1747820457, 0, 258, 1075, 1073, 19, 7.51%, 0, 0, 3, 12.16
1747820462, 0, 261, 1075, 1073, 19, 7.51%, 0, 0, 3, 11.85
1747820467, 0, 262, 1076, 1074, 19, 7.51%, 0, 0, 3, 12.21
1747820477, 0, 263, 1076, 1074, 19, 7.51%, 0, 0, 3, 12.04
1747820483, 0, 263, 1077, 1075, 19, 7.51%, 0, 0, 3, 12.06
1747820488, 0, 264, 1077, 1075, 19, 7.51%, 0, 0, 3, 11.89
1747820493, 0, 266, 1077, 1075, 19, 7.51%, 0, 0, 3, 11.67
1747820498, 0, 266, 1078, 1076, 19, 7.51%, 0, 0, 3, 11.91
1747820503, 0, 268, 1078, 1076, 19, 7.51%, 0, 0, 3, 11.89
1747820509, 0, 269, 1078, 1076, 19, 7.51%, 0, 0, 3, 11.80
1747820514, 0, 270, 1079, 1077, 19, 7.51%, 0, 0, 3, 11.66
1747820524, 0, 271, 1079, 1077, 19, 7.51%, 0, 0, 3, 12.09
1747820529, 0, 273, 1079, 1077, 19, 7.51%, 0, 0, 3, 12.07
1747820534, 0, 274, 1080, 1078, 19, 7.51%, 0, 0, 3, 12.15
1747820544, 0, 275, 1080, 1078, 19, 7.51%, 0, 0, 3, 12.09
1747820550, 0, 276, 1081, 1079, 19, 7.51%, 0, 0, 3, 11.52
1747820560, 0, 278, 1081, 1079, 20, 7.51%, 0, 0, 3, 12.33
1747820565, 0, 279, 1081, 1079, 20, 7.51%, 0, 0, 3, 11.64
1747820570, 0, 280, 1081, 1079, 20, 7.51%, 0, 0, 3, 11.84
1747820575, 0, 282, 1081, 1079, 20, 7.51%, 0, 0, 3, 11.50
1747820580, 0, 283, 1081, 1079, 20, 7.51%, 0, 0, 3, 11.66
1747820585, 0, 284, 1081, 1079, 20, 7.51%, 0, 0, 3, 11.69
1747820590, 0, 285, 1081, 1079, 20, 7.51%, 0, 0, 3, 11.47
1747820595, 0, 287, 1081, 1079, 20, 7.51%, 0, 0, 3, 11.75
1747820600, 0, 288, 1081, 1079, 20, 7.51%, 0, 0, 3, 11.57
1747820605, 0, 289, 1082, 1080, 20, 7.51%, 0, 0, 3, 11.14
1747820610, 0, 289, 1083, 1081, 20, 7.51%, 0, 0, 3, 11.30
1747820616, 0, 289, 1084, 1082, 20, 7.55%, 0, 0, 3, 11.27
1747820626, 0, 289, 1085, 1083, 20, 7.55%, 0, 0, 3, 11.43
1747820631, 0, 289, 1086, 1084, 20, 7.58%, 0, 0, 3, 11.34
1747820646, 0, 289, 1087, 1085, 20, 7.58%, 0, 0, 3, 11.55
1747820651, 0, 289, 1088, 1086, 20, 7.58%, 0, 0, 3, 11.45
1747820656, 0, 289, 1089, 1087, 20, 7.58%, 0, 0, 3, 11.41
1747820667, 0, 289, 1090, 1088, 20, 7.58%, 0, 0, 3, 11.41
1747820687, 0, 289, 1091, 1089, 20, 7.58%, 0, 0, 3, 11.38
1747820749, 0, 289, 1092, 1090, 20, 7.58%, 0, 0, 3, 11.50
1747820759, 0, 290, 1092, 1090, 20, 7.58%, 0, 0, 3, 11.73
1747820764, 0, 290, 1093, 1091, 20, 7.58%, 0, 0, 3, 11.66
1747820769, 0, 294, 1094, 1092, 20, 7.58%, 0, 0, 3, 11.60
1747820779, 0, 294, 1096, 1094, 20, 7.60%, 0, 0, 3, 10.92
1747820790, 0, 294, 1098, 1096, 20, 7.60%, 0, 0, 3, 10.92
1747820795, 0, 294, 1100, 1098, 20, 7.60%, 0, 0, 3, 10.79
1747820856, 0, 294, 1101, 1099, 20, 7.60%, 0, 0, 3, 11.49
1747820862, 0, 294, 1102, 1100, 20, 7.60%, 0, 0, 3, 10.98
1747820867, 0, 294, 1103, 1101, 20, 7.60%, 0, 0, 3, 10.93
1747820877, 0, 294, 1104, 1102, 20, 7.60%, 0, 0, 3, 10.94
1747820882, 0, 294, 1105, 1103, 20, 7.60%, 0, 0, 3, 11.44
1747820923, 0, 295, 1105, 1103, 20, 7.60%, 0, 0, 3, 11.49
1747820928, 0, 296, 1105, 1103, 20, 7.60%, 0, 0, 3, 11.70
1747820934, 0, 297, 1105, 1103, 20, 7.60%, 0, 0, 3, 11.61
1747820939, 0, 298, 1105, 1103, 20, 7.60%, 0, 0, 3, 12.13
1747820944, 0, 299, 1105, 1103, 20, 7.60%, 0, 0, 3, 11.81
1747820949, 0, 300, 1105, 1103, 20, 7.60%, 0, 0, 3, 11.68
1747820954, 0, 303, 1105, 1103, 20, 7.60%, 0, 0, 3, 11.09
1747820959, 0, 303, 1106, 1104, 20, 7.60%, 0, 0, 3, 11.91
1747820965, 0, 304, 1106, 1104, 20, 7.60%, 0, 0, 3, 11.89
1747820970, 0, 305, 1106, 1104, 20, 7.60%, 0, 0, 3, 11.48
1747820975, 0, 306, 1107, 1105, 20, 7.60%, 0, 0, 3, 11.06
1747820980, 0, 306, 1108, 1106, 20, 7.60%, 0, 0, 3, 11.35
1747820990, 0, 306, 1109, 1107, 20, 7.60%, 0, 0, 3, 11.24
1747821016, 0, 308, 1109, 1107, 21, 7.60%, 0, 0, 3, 11.74
1747821021, 0, 309, 1109, 1107, 21, 7.60%, 0, 0, 3, 11.57
1747821026, 0, 310, 1109, 1107, 21, 7.60%, 0, 0, 3, 11.61
1747821031, 0, 310, 1110, 1108, 21, 7.60%, 0, 0, 3, 11.05
1747821036, 0, 311, 1110, 1108, 21, 7.60%, 0, 0, 3, 11.31
1747821041, 0, 312, 1110, 1108, 21, 7.60%, 0, 0, 3, 11.71
1747821047, 0, 313, 1110, 1108, 21, 7.60%, 0, 0, 3, 11.33
1747821052, 0, 314, 1110, 1108, 21, 7.60%, 0, 0, 3, 11.38
1747821057, 0, 317, 1110, 1108, 21, 7.60%, 0, 0, 3, 11.61
1747821062, 0, 318, 1110, 1108, 21, 7.60%, 0, 0, 3, 12.05
1747821067, 0, 319, 1110, 1108, 21, 7.60%, 0, 0, 3, 12.20
1747821072, 0, 320, 1110, 1108, 21, 7.60%, 0, 0, 3, 11.41
1747821078, 0, 322, 1110, 1108, 21, 7.60%, 0, 0, 3, 11.93
1747821083, 0, 323, 1111, 1109, 21, 7.60%, 0, 0, 3, 12.34
1747821088, 0, 324, 1111, 1109, 21, 7.60%, 0, 0, 3, 12.47
1747821093, 0, 325, 1111, 1109, 21, 7.60%, 0, 0, 3, 11.81
1747821098, 0, 328, 1112, 1110, 21, 7.60%, 0, 0, 3, 11.53
1747821109, 0, 329, 1113, 1111, 21, 7.60%, 0, 0, 3, 11.38
1747821114, 0, 329, 1114, 1112, 21, 7.60%, 0, 0, 3, 11.26
1747821129, 0, 331, 1114, 1112, 21, 7.60%, 0, 0, 3, 11.32
1747821134, 0, 332, 1114, 1112, 21, 7.60%, 0, 0, 3, 11.72
1747821139, 0, 332, 1115, 1113, 21, 7.60%, 0, 0, 3, 11.76
1747821144, 0, 333, 1115, 1113, 21, 7.60%, 0, 0, 3, 11.54
1747821149, 0, 334, 1115, 1113, 21, 7.60%, 0, 0, 3, 11.41
1747821154, 0, 335, 1115, 1113, 21, 7.60%, 0, 0, 3, 11.68
1747821160, 0, 336, 1115, 1113, 21, 7.60%, 0, 0, 3, 11.22
1747821165, 0, 338, 1115, 1113, 21, 7.60%, 0, 0, 3, 11.13
1747821170, 0, 340, 1115, 1113, 21, 7.60%, 0, 0, 3, 11.99
1747821175, 0, 341, 1115, 1113, 21, 7.60%, 0, 0, 3, 11.93
1747821180, 0, 341, 1116, 1114, 21, 7.60%, 0, 0, 3, 11.23
1747821185, 0, 342, 1116, 1114, 21, 7.60%, 0, 0, 3, 11.42
1747821190, 0, 343, 1116, 1114, 21, 7.60%, 0, 0, 3, 11.70
1747821195, 0, 344, 1116, 1114, 21, 7.60%, 0, 0, 3, 11.52
1747821201, 0, 346, 1116, 1114, 21, 7.60%, 0, 0, 3, 11.16
1747821206, 0, 347, 1116, 1114, 21, 7.60%, 0, 0, 3, 10.95
1747821211, 0, 349, 1116, 1114, 21, 7.60%, 0, 0, 3, 11.34
1747821216, 0, 350, 1116, 1114, 21, 7.60%, 0, 0, 3, 11.47
1747821221, 0, 351, 1116, 1114, 21, 7.60%, 0, 0, 3, 11.17
1747821226, 0, 351, 1117, 1115, 21, 7.60%, 0, 0, 3, 10.98
1747821231, 0, 352, 1117, 1115, 21, 7.60%, 0, 0, 3, 10.91
1747821237, 0, 353, 1118, 1116, 21, 7.61%, 0, 0, 3, 11.09
1747821247, 0, 354, 1118, 1116, 22, 7.61%, 0, 0, 3, 11.47
1747821252, 0, 356, 1118, 1116, 22, 7.61%, 0, 0, 3, 11.25
1747821257, 0, 357, 1119, 1117, 22, 7.65%, 0, 0, 3, 11.36
1747821267, 0, 359, 1119, 1117, 23, 7.65%, 0, 0, 3, 11.60
1747821272, 0, 360, 1119, 1117, 23, 7.65%, 0, 0, 3, 11.42
1747821277, 0, 364, 1119, 1117, 23, 7.65%, 0, 0, 3, 11.82
1747821283, 0, 365, 1119, 1117, 23, 7.65%, 0, 0, 3, 11.75
1747821288, 0, 367, 1119, 1117, 23, 7.65%, 0, 0, 3, 11.53
1747821293, 0, 368, 1119, 1117, 23, 7.65%, 0, 0, 3, 11.32
1747821298, 0, 369, 1119, 1117, 23, 7.65%, 0, 0, 3, 11.14
1747821303, 0, 371, 1119, 1117, 23, 7.65%, 0, 0, 3, 11.44
1747821308, 0, 371, 1121, 1119, 23, 7.66%, 0, 0, 3, 10.96
1747821324, 0, 372, 1121, 1119, 24, 7.66%, 0, 0, 3, 11.72
1747821329, 0, 374, 1121, 1119, 24, 7.66%, 0, 0, 3, 11.28
1747821334, 0, 376, 1121, 1119, 24, 7.66%, 0, 0, 3, 11.56
1747821339, 0, 377, 1121, 1119, 24, 7.66%, 0, 0, 3, 11.32
1747821344, 0, 379, 1121, 1119, 24, 7.66%, 0, 0, 3, 11.28
1747821349, 0, 380, 1121, 1119, 24, 7.66%, 0, 0, 3, 10.82
1747821354, 0, 384, 1121, 1119, 24, 7.66%, 0, 0, 3, 11.11
1747821360, 0, 386, 1121, 1119, 24, 7.66%, 0, 0, 3, 11.43
1747821365, 0, 387, 1121, 1119, 24, 7.66%, 0, 0, 3, 11.49
1747821370, 0, 388, 1121, 1119, 24, 7.66%, 0, 0, 3, 11.72
1747821375, 0, 389, 1121, 1119, 24, 7.66%, 0, 0, 3, 11.81
1747821380, 0, 390, 1121, 1119, 24, 7.66%, 0, 0, 3, 11.85
1747821385, 0, 391, 1122, 1120, 24, 7.66%, 0, 0, 3, 11.85
1747821391, 0, 394, 1122, 1120, 24, 7.66%, 0, 0, 3, 11.59
1747821396, 0, 397, 1122, 1120, 24, 7.66%, 0, 0, 3, 11.48
1747821401, 0, 398, 1122, 1120, 24, 7.66%, 0, 0, 3, 11.62
1747821406, 0, 401, 1122, 1120, 24, 7.66%, 0, 0, 3, 11.20
1747821411, 0, 402, 1122, 1120, 24, 7.66%, 0, 0, 3, 11.41
1747821416, 0, 403, 1122, 1120, 24, 7.66%, 0, 0, 3, 11.36
1747821421, 0, 404, 1122, 1120, 24, 7.66%, 0, 0, 3, 11.34
1747821427, 0, 406, 1122, 1120, 24, 7.66%, 0, 0, 3, 11.54
1747821432, 0, 406, 1123, 1121, 24, 7.66%, 0, 0, 3, 11.44
1747821437, 0, 407, 1123, 1121, 24, 7.66%, 0, 0, 3, 11.49
1747821442, 0, 407, 1125, 1123, 24, 7.66%, 0, 0, 3, 11.17
1747821457, 0, 408, 1125, 1123, 24, 7.66%, 0, 0, 3, 11.50
1747821462, 0, 409, 1125, 1123, 24, 7.66%, 0, 0, 3, 11.74
1747821467, 0, 410, 1126, 1124, 24, 7.66%, 0, 0, 3, 11.43
1747821478, 0, 411, 1126, 1124, 24, 7.66%, 0, 0, 3, 11.34
1747821483, 0, 413, 1126, 1124, 24, 7.66%, 0, 0, 3, 11.48
1747821488, 0, 414, 1126, 1124, 24, 7.66%, 0, 0, 3, 11.48
1747821493, 0, 415, 1127, 1125, 24, 7.66%, 0, 0, 3, 11.62
1747821503, 0, 417, 1128, 1126, 24, 7.66%, 0, 0, 3, 11.40
1747821513, 0, 418, 1128, 1126, 24, 7.66%, 0, 0, 3, 11.27
1747821519, 0, 421, 1128, 1126, 24, 7.66%, 0, 0, 3, 11.49
1747821524, 0, 422, 1128, 1126, 24, 7.66%, 0, 0, 3, 11.58
1747821529, 0, 424, 1128, 1126, 24, 7.66%, 0, 0, 3, 11.49
1747821534, 0, 425, 1128, 1126, 24, 7.66%, 0, 0, 3, 11.25
1747821539, 0, 426, 1129, 1127, 24, 7.66%, 0, 0, 3, 10.83
1747821549, 0, 427, 1129, 1127, 24, 7.66%, 0, 0, 3, 11.39
1747821555, 0, 428, 1129, 1127, 24, 7.66%, 0, 0, 3, 11.57
1747821560, 0, 430, 1129, 1127, 24, 7.66%, 0, 0, 3, 11.51
1747821565, 0, 431, 1129, 1127, 24, 7.66%, 0, 0, 3, 11.35
1747821570, 0, 432, 1129, 1127, 24, 7.66%, 0, 0, 3, 11.58
1747821575, 0, 434, 1129, 1127, 24, 7.66%, 0, 0, 3, 11.62
1747821580, 0, 435, 1129, 1127, 24, 7.66%, 0, 0, 3, 11.50
1747821585, 0, 436, 1129, 1127, 24, 7.66%, 0, 0, 3, 11.51
1747821590, 0, 438, 1129, 1127, 24, 7.66%, 0, 0, 3, 11.71
1747821596, 0, 439, 1129, 1127, 24, 7.66%, 0, 0, 3, 11.67
1747821601, 0, 440, 1129, 1127, 24, 7.66%, 0, 0, 3, 11.46
1747821606, 0, 443, 1129, 1127, 24, 7.66%, 0, 0, 3, 11.70
1747821611, 0, 444, 1129, 1127, 24, 7.66%, 0, 0, 3, 11.26
1747821616, 0, 445, 1129, 1127, 24, 7.66%, 0, 0, 3, 11.59
1747821621, 0, 446, 1129, 1127, 24, 7.66%, 0, 0, 3, 11.85
1747821626, 0, 447, 1129, 1127, 24, 7.66%, 0, 0, 3, 11.42
1747821632, 0, 448, 1130, 1128, 24, 7.66%, 0, 0, 3, 11.43
1747821642, 0, 449, 1130, 1128, 24, 7.66%, 0, 0, 3, 11.23
1747821647, 0, 450, 1130, 1128, 24, 7.66%, 0, 0, 3, 11.33
1747821652, 0, 453, 1130, 1128, 24, 7.66%, 0, 0, 3, 12.00
1747821657, 0, 454, 1130, 1128, 24, 7.66%, 0, 0, 3, 11.80
1747821662, 0, 455, 1130, 1128, 24, 7.66%, 0, 0, 3, 11.79
1747821667, 0, 456, 1130, 1128, 24, 7.66%, 0, 0, 3, 11.31
1747821672, 0, 459, 1130, 1128, 24, 7.66%, 0, 0, 3, 11.32
1747821678, 0, 460, 1130, 1128, 24, 7.66%, 0, 0, 3, 11.23
1747821683, 0, 462, 1130, 1128, 24, 7.66%, 0, 0, 3, 11.49
1747821688, 0, 463, 1130, 1128, 24, 7.66%, 0, 0, 3, 11.39
1747821693, 0, 464, 1130, 1128, 24, 7.66%, 0, 0, 3, 11.49
1747821698, 0, 466, 1130, 1128, 24, 7.66%, 0, 0, 3, 11.84
1747821703, 0, 466, 1131, 1129, 24, 7.66%, 0, 0, 3, 11.99
1747821708, 0, 468, 1131, 1129, 24, 7.66%, 0, 0, 3, 11.94
1747821713, 0, 470, 1131, 1129, 24, 7.66%, 0, 0, 3, 11.34
1747821718, 0, 471, 1132, 1130, 24, 7.66%, 0, 0, 3, 11.12
1747821729, 0, 472, 1132, 1130, 24, 7.66%, 0, 0, 3, 10.98
1747821734, 0, 474, 1132, 1130, 24, 7.66%, 0, 0, 3, 11.58
1747821739, 0, 475, 1132, 1130, 24, 7.66%, 0, 0, 3, 11.61
1747821744, 0, 476, 1132, 1130, 24, 7.66%, 0, 0, 3, 11.22
1747821749, 0, 477, 1133, 1131, 24, 7.66%, 0, 0, 3, 11.02
1747821760, 0, 479, 1133, 1131, 24, 7.66%, 0, 0, 3, 11.28
1747821765, 0, 480, 1133, 1131, 24, 7.66%, 0, 0, 3, 11.38
1747821770, 0, 481, 1133, 1131, 24, 7.66%, 0, 0, 3, 11.39
1747821775, 0, 483, 1133, 1131, 24, 7.66%, 0, 0, 3, 11.33
1747821780, 0, 484, 1133, 1131, 24, 7.66%, 0, 0, 3, 11.58
1747821785, 0, 485, 1133, 1131, 24, 7.66%, 0, 0, 3, 11.35
1747821790, 0, 486, 1133, 1131, 24, 7.66%, 0, 0, 3, 11.19
1747821795, 0, 488, 1134, 1132, 24, 7.66%, 0, 0, 3, 11.32
1747821805, 0, 490, 1134, 1132, 24, 7.66%, 0, 0, 3, 11.24
1747821810, 0, 491, 1134, 1132, 24, 7.66%, 0, 0, 3, 11.09
1747821816, 0, 492, 1134, 1132, 24, 7.66%, 0, 0, 3, 11.26
1747821821, 0, 494, 1134, 1132, 24, 7.66%, 0, 0, 3, 11.53
1747821826, 0, 495, 1134, 1132, 24, 7.66%, 0, 0, 3, 11.40
1747821831, 0, 496, 1134, 1132, 24, 7.66%, 0, 0, 3, 11.34
1747821836, 0, 497, 1134, 1132, 24, 7.66%, 0, 0, 3, 11.37
1747821841, 0, 498, 1134, 1132, 24, 7.66%, 0, 0, 3, 11.63
1747821846, 0, 501, 1134, 1132, 24, 7.66%, 0, 0, 3, 11.38
1747821851, 0, 503, 1134, 1132, 24, 7.66%, 0, 0, 3, 11.46
1747821857, 0, 504, 1135, 1133, 24, 7.66%, 0, 0, 3, 11.64
1747821862, 0, 505, 1135, 1133, 24, 7.66%, 0, 0, 3, 11.49
1747821867, 0, 507, 1135, 1133, 24, 7.66%, 0, 0, 3, 11.50
1747821872, 0, 508, 1135, 1133, 24, 7.66%, 0, 0, 3, 11.29
1747821877, 0, 509, 1135, 1133, 24, 7.66%, 0, 0, 3, 11.60
1747821883, 0, 510, 1135, 1133, 24, 7.66%, 0, 0, 3, 11.36
1747821888, 0, 510, 1136, 1134, 24, 7.66%, 0, 0, 3, 11.11
1747821893, 0, 511, 1136, 1134, 24, 7.66%, 0, 0, 3, 11.24
1747821898, 0, 515, 1136, 1134, 24, 7.66%, 0, 0, 3, 11.34
1747821903, 0, 517, 1136, 1134, 24, 7.66%, 0, 0, 3, 11.42
1747821908, 0, 518, 1136, 1134, 24, 7.66%, 0, 0, 3, 11.56
1747821913, 0, 519, 1136, 1134, 24, 7.66%, 0, 0, 3, 11.13
1747821918, 0, 520, 1136, 1134, 24, 7.66%, 0, 0, 3, 11.24
1747821924, 0, 520, 1138, 1136, 24, 7.66%, 0, 0, 3, 11.14
1747821929, 0, 520, 1139, 1137, 24, 7.66%, 0, 0, 3, 11.06
1747821944, 0, 520, 1140, 1138, 24, 7.66%, 0, 0, 3, 11.20
1747821949, 0, 520, 1141, 1139, 24, 7.66%, 0, 0, 3, 11.11
1747821959, 0, 520, 1142, 1140, 24, 7.66%, 0, 0, 3, 11.24
1747822067, 0, 521, 1142, 1140, 24, 7.66%, 0, 0, 3, 11.03
1747822072, 0, 522, 1142, 1140, 24, 7.66%, 0, 0, 3, 11.44
1747822077, 0, 523, 1142, 1140, 24, 7.66%, 0, 0, 3, 11.24
1747822082, 0, 524, 1142, 1140, 24, 7.66%, 0, 0, 3, 11.14
1747822087, 0, 525, 1142, 1140, 24, 7.66%, 0, 0, 3, 11.73
1747822092, 0, 526, 1143, 1141, 24, 7.66%, 0, 0, 3, 11.04
1747822102, 0, 529, 1143, 1141, 24, 7.66%, 0, 0, 3, 11.40
1747822107, 0, 530, 1143, 1141, 24, 7.66%, 0, 0, 3, 11.32
1747822113, 0, 531, 1143, 1141, 24, 7.66%, 0, 0, 3, 11.47
1747822118, 0, 533, 1143, 1141, 24, 7.66%, 0, 0, 3, 11.51
1747822123, 0, 535, 1143, 1141, 24, 7.66%, 0, 0, 3, 11.61
1747822128, 0, 537, 1143, 1141, 24, 7.66%, 0, 0, 3, 11.47
1747822133, 0, 539, 1143, 1141, 24, 7.66%, 0, 0, 3, 11.34
1747822138, 0, 539, 1144, 1142, 24, 7.66%, 0, 0, 3, 11.08
1747822143, 0, 540, 1144, 1142, 24, 7.66%, 0, 0, 3, 11.74
1747822149, 0, 541, 1144, 1142, 24, 7.66%, 0, 0, 3, 11.27
1747822154, 0, 542, 1144, 1142, 24, 7.66%, 0, 0, 3, 11.04
1747822159, 0, 545, 1144, 1142, 24, 7.66%, 0, 0, 3, 11.40
1747822164, 0, 546, 1145, 1143, 24, 7.66%, 0, 0, 3, 11.39
1747822174, 0, 548, 1145, 1143, 24, 7.66%, 0, 0, 3, 11.82
1747822179, 0, 549, 1145, 1143, 24, 7.66%, 0, 0, 3, 11.48
1747822184, 0, 551, 1145, 1143, 24, 7.66%, 0, 0, 3, 11.20
1747822189, 0, 552, 1145, 1143, 24, 7.66%, 0, 0, 3, 11.09
1747822195, 0, 553, 1145, 1143, 24, 7.66%, 0, 0, 3, 10.98
1747822200, 0, 555, 1145, 1143, 24, 7.66%, 0, 0, 3, 11.12
1747822205, 0, 555, 1146, 1144, 24, 7.66%, 0, 0, 3, 11.25
1747822210, 0, 556, 1146, 1144, 24, 7.66%, 0, 0, 3, 11.12
1747822215, 0, 557, 1146, 1144, 24, 7.66%, 0, 0, 3, 11.10
1747822220, 0, 559, 1146, 1144, 24, 7.66%, 0, 0, 3, 11.42
1747822225, 0, 561, 1146, 1144, 24, 7.66%, 0, 0, 3, 11.56
1747822230, 0, 563, 1146, 1144, 24, 7.66%, 0, 0, 3, 11.20
1747822235, 0, 565, 1146, 1144, 24, 7.66%, 0, 0, 3, 11.36
1747822241, 0, 567, 1146, 1144, 24, 7.66%, 0, 0, 3, 10.91
1747822246, 0, 568, 1146, 1144, 24, 7.66%, 0, 0, 3, 11.17
1747822251, 0, 569, 1146, 1144, 24, 7.66%, 0, 0, 3, 11.18
1747822256, 0, 570, 1146, 1144, 24, 7.66%, 0, 0, 3, 11.56
1747822261, 0, 573, 1146, 1144, 24, 7.66%, 0, 0, 3, 11.38
1747822266, 0, 574, 1146, 1144, 24, 7.66%, 0, 0, 3, 11.53
1747822271, 0, 578, 1146, 1144, 24, 7.66%, 0, 0, 3, 11.32
1747822277, 0, 580, 1146, 1144, 24, 7.66%, 0, 0, 3, 11.18
1747822282, 0, 582, 1146, 1144, 24, 7.66%, 0, 0, 3, 11.12
1747822287, 0, 584, 1146, 1144, 24, 7.66%, 0, 0, 3, 11.25
1747822292, 0, 584, 1147, 1145, 24, 7.66%, 0, 0, 3, 10.88
1747822297, 0, 585, 1147, 1145, 24, 7.66%, 0, 0, 3, 11.37
1747822303, 0, 586, 1147, 1145, 24, 7.66%, 0, 0, 3, 11.43
1747822308, 0, 587, 1147, 1145, 24, 7.66%, 0, 0, 3, 11.01
1747822313, 0, 590, 1147, 1145, 24, 7.66%, 0, 0, 3, 11.31
1747822318, 0, 592, 1147, 1145, 24, 7.66%, 0, 0, 3, 11.48
1747822323, 0, 594, 1147, 1145, 24, 7.66%, 0, 0, 3, 11.25
1747822328, 0, 595, 1147, 1145, 24, 7.66%, 0, 0, 3, 11.78
1747822333, 0, 596, 1147, 1145, 24, 7.66%, 0, 0, 3, 11.39
1747822339, 0, 598, 1147, 1145, 24, 7.66%, 0, 0, 3, 11.25
1747822344, 0, 598, 1148, 1146, 24, 7.66%, 0, 0, 3, 10.88
1747822349, 0, 599, 1148, 1146, 24, 7.66%, 0, 0, 3, 10.86
1747822354, 0, 601, 1148, 1146, 24, 7.66%, 0, 0, 3, 11.18
1747822359, 0, 603, 1149, 1147, 24, 7.66%, 0, 0, 3, 10.99
1747822369, 0, 604, 1149, 1147, 24, 7.66%, 0, 0, 3, 10.96
1747822375, 0, 607, 1149, 1147, 24, 7.66%, 0, 0, 3, 11.11
1747822380, 0, 608, 1149, 1147, 24, 7.66%, 0, 0, 3, 11.25
1747822385, 0, 610, 1149, 1147, 24, 7.66%, 0, 0, 3, 11.50
1747822390, 0, 611, 1149, 1147, 24, 7.66%, 0, 0, 3, 11.49
1747822395, 0, 612, 1149, 1147, 24, 7.66%, 0, 0, 3, 11.84
1747822400, 0, 613, 1149, 1147, 24, 7.66%, 0, 0, 3, 11.50
1747822405, 0, 614, 1149, 1147, 24, 7.66%, 0, 0, 3, 11.39
1747822410, 0, 615, 1149, 1147, 24, 7.66%, 0, 0, 3, 11.17
1747822416, 0, 617, 1149, 1147, 24, 7.66%, 0, 0, 3, 11.24
1747822421, 0, 618, 1149, 1147, 24, 7.66%, 0, 0, 3, 11.44
1747822426, 0, 619, 1149, 1147, 24, 7.66%, 0, 0, 3, 11.08
1747822431, 0, 620, 1149, 1147, 24, 7.66%, 0, 0, 3, 11.36
1747822436, 0, 622, 1149, 1147, 24, 7.66%, 0, 0, 3, 11.47
1747822441, 0, 623, 1149, 1147, 24, 7.66%, 0, 0, 3, 11.40
1747822446, 0, 624, 1149, 1147, 24, 7.66%, 0, 0, 3, 11.18
1747822452, 0, 627, 1149, 1147, 24, 7.66%, 0, 0, 3, 11.36
1747822457, 0, 629, 1149, 1147, 24, 7.66%, 0, 0, 3, 11.39
1747822462, 0, 630, 1149, 1147, 24, 7.66%, 0, 0, 3, 11.29
1747822467, 0, 631, 1149, 1147, 24, 7.66%, 0, 0, 3, 11.30
1747822472, 0, 633, 1149, 1147, 24, 7.66%, 0, 0, 3, 11.10
1747822477, 0, 634, 1149, 1147, 24, 7.66%, 0, 0, 3, 11.31
1747822482, 0, 636, 1149, 1147, 24, 7.66%, 0, 0, 3, 11.40
1747822487, 0, 638, 1149, 1147, 24, 7.66%, 0, 0, 3, 11.69
1747822492, 0, 639, 1149, 1147, 24, 7.66%, 0, 0, 3, 11.26
1747822498, 0, 639, 1150, 1148, 24, 7.66%, 0, 0, 3, 11.03
1747822503, 0, 641, 1150, 1148, 24, 7.66%, 0, 0, 3, 11.11
1747822508, 0, 642, 1150, 1148, 24, 7.66%, 0, 0, 3, 11.34
1747822513, 0, 643, 1150, 1148, 24, 7.66%, 0, 0, 3, 11.27
1747822518, 0, 645, 1150, 1148, 24, 7.66%, 0, 0, 3, 11.25
1747822523, 0, 647, 1150, 1148, 24, 7.66%, 0, 0, 3, 11.54
1747822528, 0, 648, 1150, 1148, 24, 7.66%, 0, 0, 3, 11.44
1747822533, 0, 652, 1150, 1148, 24, 7.66%, 0, 0, 3, 11.33
1747822539, 0, 654, 1150, 1148, 24, 7.66%, 0, 0, 3, 11.15
1747822544, 0, 655, 1150, 1148, 24, 7.66%, 0, 0, 3, 11.02
1747822549, 0, 656, 1150, 1148, 24, 7.66%, 0, 0, 3, 11.27
1747822554, 0, 657, 1150, 1148, 24, 7.66%, 0, 0, 3, 11.04
1747822559, 0, 658, 1151, 1149, 24, 7.66%, 0, 0, 3, 10.95
1747822564, 0, 658, 1152, 1150, 24, 7.66%, 0, 0, 3, 11.03
1747822580, 0, 660, 1153, 1151, 24, 7.66%, 0, 0, 3, 11.58
1747822585, 0, 660, 1154, 1152, 24, 7.66%, 0, 0, 3, 11.44
1747822595, 0, 660, 1155, 1153, 24, 7.66%, 0, 0, 3, 10.76
1747822620, 0, 662, 1155, 1153, 24, 7.66%, 0, 0, 3, 11.17
1747822625, 0, 663, 1155, 1153, 24, 7.66%, 0, 0, 3, 11.37
1747822630, 0, 664, 1155, 1153, 24, 7.66%, 0, 0, 3, 11.11
1747822635, 0, 665, 1155, 1153, 24, 7.66%, 0, 0, 3, 11.07
1747822641, 0, 666, 1155, 1153, 24, 7.66%, 0, 0, 3, 11.26
1747822646, 0, 667, 1155, 1153, 24, 7.66%, 0, 0, 3, 11.23
1747822651, 0, 668, 1155, 1153, 24, 7.66%, 0, 0, 3, 11.15
1747822656, 0, 669, 1155, 1153, 24, 7.66%, 0, 0, 3, 11.17
1747822661, 0, 670, 1155, 1153, 24, 7.66%, 0, 0, 3, 11.14
1747822666, 0, 673, 1155, 1153, 24, 7.66%, 0, 0, 3, 11.13
1747822672, 0, 674, 1155, 1153, 24, 7.66%, 0, 0, 3, 11.18
1747822677, 0, 675, 1155, 1153, 24, 7.66%, 0, 0, 3, 11.22
1747822682, 0, 680, 1155, 1153, 24, 7.66%, 0, 0, 3, 10.86
1747822687, 0, 681, 1155, 1153, 24, 7.66%, 0, 0, 3, 10.75
1747822692, 0, 682, 1155, 1153, 24, 7.66%, 0, 0, 3, 10.95
1747822697, 0, 683, 1155, 1153, 24, 7.66%, 0, 0, 3, 11.29
1747822702, 0, 685, 1155, 1153, 24, 7.66%, 0, 0, 3, 11.08
1747822707, 0, 686, 1155, 1153, 24, 7.66%, 0, 0, 3, 11.13
1747822712, 0, 687, 1155, 1153, 24, 7.66%, 0, 0, 3, 10.69
1747822718, 0, 689, 1155, 1153, 24, 7.66%, 0, 0, 3, 11.08
1747822723, 0, 690, 1155, 1153, 24, 7.66%, 0, 0, 3, 11.02
1747822728, 0, 690, 1156, 1154, 24, 7.66%, 0, 0, 3, 10.56
1747822733, 0, 691, 1156, 1154, 24, 7.66%, 0, 0, 3, 10.94
1747822738, 0, 691, 1157, 1155, 24, 7.66%, 0, 0, 3, 10.49
1747822743, 0, 691, 1158, 1156, 24, 7.66%, 0, 0, 3, 10.72
1747822753, 0, 693, 1158, 1156, 24, 7.66%, 0, 0, 3, 10.70
1747822758, 0, 693, 1159, 1157, 24, 7.66%, 0, 0, 3, 11.06
1747822763, 0, 695, 1159, 1157, 24, 7.66%, 0, 0, 3, 10.73
1747822769, 0, 698, 1159, 1157, 24, 7.66%, 0, 0, 3, 10.91
1747822774, 0, 700, 1159, 1157, 24, 7.66%, 0, 0, 3, 10.91
1747822779, 0, 700, 1161, 1159, 24, 7.66%, 0, 0, 3, 10.23
1747822784, 0, 700, 1162, 1160, 24, 7.66%, 0, 0, 3, 10.34
1747822794, 0, 700, 1163, 1161, 24, 7.66%, 0, 0, 3, 10.52
1747822799, 0, 700, 1164, 1162, 24, 7.66%, 0, 0, 3, 10.87
1747822804, 0, 700, 1165, 1163, 24, 7.66%, 0, 0, 3, 10.70
1747822820, 0, 700, 1166, 1164, 24, 7.66%, 0, 0, 3, 10.55
1747822855, 0, 700, 1167, 1165, 24, 7.66%, 0, 0, 3, 10.72
1747822860, 0, 700, 1168, 1166, 24, 7.66%, 0, 0, 3, 10.64
1747822881, 0, 700, 1169, 1167, 24, 7.66%, 0, 0, 3, 10.46
1747822937, 0, 701, 1169, 1167, 24, 7.66%, 0, 0, 3, 10.43
1747822942, 0, 702, 1169, 1167, 24, 7.66%, 0, 0, 3, 10.63
1747822947, 0, 702, 1171, 1169, 24, 7.66%, 0, 0, 3, 10.76
1747822952, 0, 702, 1172, 1170, 24, 7.66%, 0, 0, 3, 10.83
1747822968, 0, 702, 1173, 1171, 24, 7.66%, 0, 0, 3, 10.62
1747822998, 0, 702, 1174, 1172, 24, 7.66%, 0, 0, 3, 10.34
1747823004, 0, 702, 1175, 1173, 24, 7.66%, 0, 0, 3, 10.56
1747823009, 0, 702, 1176, 1174, 24, 7.66%, 0, 0, 3, 10.41
1747823014, 0, 702, 1177, 1175, 24, 7.66%, 0, 0, 3, 10.03
1747823029, 0, 702, 1178, 1176, 24, 7.72%, 0, 0, 3, 10.00
1747823055, 0, 702, 1179, 1177, 24, 7.72%, 0, 0, 3, 10.68
1747823101, 0, 703, 1179, 1177, 22, 7.72%, 0, 0, 3, 10.55
1747823107, 0, 705, 1179, 1177, 22, 7.72%, 0, 0, 3, 10.53
1747823112, 0, 706, 1179, 1177, 22, 7.72%, 0, 0, 3, 10.90
1747823117, 0, 708, 1179, 1177, 22, 7.72%, 0, 0, 3, 11.26
1747823122, 0, 709, 1179, 1177, 22, 7.72%, 0, 0, 3, 10.73
1747823127, 0, 710, 1179, 1177, 22, 7.72%, 0, 0, 3, 10.75
1747823132, 0, 711, 1179, 1177, 22, 7.72%, 0, 0, 3, 10.82
1747823137, 0, 712, 1179, 1177, 22, 7.72%, 0, 0, 3, 10.83
1747823143, 0, 714, 1179, 1177, 22, 7.72%, 0, 0, 3, 11.12
1747823148, 0, 714, 1180, 1178, 22, 7.72%, 0, 0, 3, 10.54
1747823153, 0, 715, 1180, 1178, 22, 7.72%, 0, 0, 3, 10.30
1747823158, 0, 716, 1180, 1178, 22, 7.72%, 0, 0, 3, 10.84
1747823163, 0, 717, 1180, 1178, 22, 7.72%, 0, 0, 3, 10.92
1747823168, 0, 718, 1180, 1178, 22, 7.72%, 0, 0, 3, 10.62
1747823173, 0, 719, 1180, 1178, 22, 7.72%, 0, 0, 3, 10.49
1747823178, 0, 720, 1180, 1178, 22, 7.72%, 0, 0, 3, 13.50
1747825910, 0, 725, 1180, 1177, 21, 7.72%, 0, 0, 3, 12.28
1747825915, 0, 726, 1180, 1177, 21, 7.72%, 0, 0, 3, 11.11
1747825920, 0, 727, 1180, 1177, 21, 7.72%, 0, 0, 3, 10.96
1747825926, 0, 729, 1180, 1177, 21, 7.72%, 0, 0, 3, 11.08
1747825931, 0, 730, 1180, 1177, 21, 7.72%, 0, 0, 3, 11.18
1747825936, 0, 731, 1180, 1177, 21, 7.72%, 0, 0, 3, 10.95
1747825941, 0, 731, 1181, 1178, 21, 7.72%, 0, 0, 3, 10.80
1747825946, 0, 732, 1181, 1178, 21, 7.72%, 0, 0, 3, 10.92
1747825951, 0, 733, 1181, 1178, 21, 7.72%, 0, 0, 3, 10.84
1747825957, 0, 734, 1181, 1178, 21, 7.72%, 0, 0, 3, 11.06
1747825962, 0, 735, 1181, 1178, 21, 7.72%, 0, 0, 3, 10.99
1747825967, 0, 738, 1181, 1178, 21, 7.72%, 0, 0, 3, 11.25
1747825972, 0, 738, 1182, 1179, 21, 7.72%, 0, 0, 3, 10.68
1747825977, 0, 739, 1182, 1179, 21, 7.72%, 0, 0, 3, 10.85
1747825982, 0, 740, 1182, 1179, 21, 7.72%, 0, 0, 3, 11.10
1747825987, 0, 740, 1183, 1180, 21, 7.73%, 0, 0, 3, 10.46
1747825992, 0, 742, 1183, 1180, 22, 7.73%, 0, 0, 3, 10.77
1747825997, 0, 743, 1183, 1180, 22, 7.73%, 0, 0, 3, 10.83
1747826002, 0, 744, 1183, 1180, 22, 7.73%, 0, 0, 3, 10.77
1747826008, 0, 744, 1184, 1181, 22, 7.73%, 0, 0, 3, 10.46
1747826013, 0, 745, 1184, 1181, 22, 7.73%, 0, 0, 3, 10.65
1747826018, 0, 745, 1185, 1182, 22, 7.73%, 0, 0, 3, 10.45
1747826023, 0, 745, 1186, 1183, 22, 7.73%, 0, 0, 3, 10.44
1747826028, 0, 745, 1187, 1184, 22, 7.73%, 0, 0, 3, 10.14
1747826033, 0, 745, 1188, 1185, 22, 7.73%, 0, 0, 3, 10.35
1747826043, 0, 745, 1190, 1187, 22, 7.74%, 0, 0, 3, 10.57
1747826064, 0, 745, 1191, 1188, 22, 7.74%, 0, 0, 3, 10.36
1747826166, 0, 745, 1192, 1189, 22, 7.74%, 0, 0, 3, 10.62
1747826176, 0, 747, 1192, 1189, 23, 7.74%, 0, 0, 3, 10.74
1747826181, 0, 748, 1192, 1189, 23, 7.74%, 0, 0, 3, 10.80
1747826186, 0, 749, 1192, 1189, 23, 7.74%, 0, 0, 3, 10.94
1747826192, 0, 750, 1192, 1189, 23, 7.74%, 0, 0, 3, 10.53
1747826197, 0, 751, 1192, 1189, 23, 7.74%, 0, 0, 3, 10.59
1747826202, 0, 752, 1192, 1189, 23, 7.74%, 0, 0, 3, 10.54
1747826207, 0, 753, 1193, 1190, 23, 7.74%, 0, 0, 3, 10.38
1747826217, 0, 754, 1193, 1190, 23, 7.74%, 0, 0, 3, 10.81
1747826223, 0, 755, 1193, 1190, 23, 7.74%, 0, 0, 3, 11.19
1747826228, 0, 756, 1193, 1190, 23, 7.74%, 0, 0, 3, 15.34
1747828921, 0, 756, 1193, 1190, 23, 7.74%, 0, 1, 3, 0.91
1747829166, 0, 757, 1193, 1189, 22, 7.74%, 0, 1, 3, 27.65
1747829171, 0, 758, 1193, 1189, 22, 7.74%, 0, 1, 3, 20.52
1747829176, 0, 763, 1193, 1189, 22, 7.74%, 0, 1, 3, 19.01
1747829181, 0, 765, 1193, 1189, 22, 7.74%, 0, 1, 3, 18.36
1747829186, 0, 767, 1193, 1189, 22, 7.74%, 0, 1, 3, 18.27
1747829191, 0, 769, 1193, 1189, 22, 7.74%, 0, 1, 3, 18.06
1747829196, 0, 770, 1193, 1189, 22, 7.74%, 0, 1, 3, 18.08
1747829201, 0, 772, 1193, 1189, 22, 7.74%, 0, 1, 3, 18.10
1747829207, 0, 773, 1194, 1190, 22, 7.74%, 0, 1, 3, 18.00
1747829212, 0, 775, 1194, 1190, 22, 7.74%, 0, 1, 3, 18.11
1747829217, 0, 777, 1194, 1190, 22, 7.74%, 0, 1, 3, 18.66
1747829222, 0, 778, 1194, 1190, 22, 7.74%, 0, 1, 3, 18.49
1747829227, 0, 780, 1194, 1190, 22, 7.74%, 0, 1, 3, 17.97
1747829232, 0, 782, 1194, 1190, 22, 7.74%, 0, 1, 3, 18.56
1747829238, 0, 786, 1195, 1191, 22, 7.74%, 0, 1, 3, 18.39
1747829243, 0, 787, 1195, 1191, 21, 7.74%, 0, 1, 3, 18.59
1747829248, 0, 791, 1195, 1191, 21, 7.74%, 0, 1, 3, 18.33
1747829253, 0, 792, 1195, 1191, 21, 7.74%, 0, 1, 3, 18.38
1747829258, 0, 797, 1195, 1191, 21, 7.74%, 0, 1, 3, 18.28
1747829263, 0, 798, 1196, 1192, 21, 7.74%, 0, 1, 3, 18.27
1747829268, 0, 801, 1196, 1192, 21, 7.74%, 0, 1, 3, 17.91
1747829273, 0, 804, 1196, 1192, 21, 7.74%, 0, 1, 3, 18.26
1747829279, 0, 805, 1196, 1192, 21, 7.74%, 0, 1, 3, 18.20
1747829284, 0, 808, 1196, 1192, 21, 7.74%, 0, 1, 3, 18.08
1747829289, 0, 810, 1196, 1192, 21, 7.74%, 0, 1, 3, 17.99
1747829294, 0, 814, 1196, 1192, 21, 7.74%, 0, 1, 3, 18.10
1747829299, 0, 816, 1197, 1193, 21, 7.74%, 0, 1, 3, 18.14
1747829304, 0, 819, 1197, 1193, 21, 7.74%, 0, 1, 3, 18.19
1747829309, 0, 823, 1197, 1193, 21, 7.74%, 0, 1, 3, 18.43
1747829314, 0, 825, 1197, 1193, 21, 7.74%, 0, 1, 3, 18.73
1747829319, 0, 829, 1197, 1193, 21, 7.74%, 0, 1, 3, 18.65
1747829324, 0, 831, 1197, 1193, 21, 7.74%, 0, 1, 3, 18.79
1747829330, 0, 833, 1197, 1193, 21, 7.74%, 0, 1, 3, 18.48
1747829335, 0, 833, 1198, 1194, 21, 7.74%, 0, 1, 3, 18.21
1747829340, 0, 835, 1198, 1194, 21, 7.74%, 0, 1, 3, 18.27
1747829345, 0, 837, 1198, 1194, 21, 7.74%, 0, 1, 3, 18.62
1747829350, 0, 838, 1199, 1195, 22, 7.75%, 0, 1, 3, 18.70
1747829355, 0, 839, 1200, 1196, 22, 7.75%, 0, 1, 3, 18.33
1747829360, 0, 839, 1201, 1197, 22, 7.75%, 0, 1, 3, 18.67
1747829365, 0, 842, 1201, 1197, 21, 7.75%, 0, 1, 3, 18.37
1747829371, 0, 844, 1202, 1198, 21, 7.75%, 0, 1, 3, 18.93
1747829376, 0, 845, 1202, 1198, 21, 7.75%, 0, 1, 3, 18.75
1747829381, 0, 846, 1205, 1201, 21, 7.75%, 0, 1, 3, 18.07
1747829386, 0, 846, 1206, 1202, 21, 7.75%, 0, 1, 3, 18.18
1747829427, 0, 846, 1207, 1203, 21, 7.75%, 0, 1, 3, 18.37
1747829437, 0, 846, 1208, 1204, 21, 7.75%, 0, 1, 3, 18.34
1747829473, 0, 848, 1209, 1205, 22, 7.75%, 0, 1, 3, 18.12
1747829478, 0, 849, 1209, 1205, 22, 7.75%, 0, 1, 3, 18.30
1747829483, 0, 850, 1210, 1206, 22, 7.75%, 0, 1, 3, 17.67
1747829488, 0, 851, 1210, 1206, 22, 7.75%, 0, 1, 3, 17.96
1747829493, 0, 852, 1211, 1207, 22, 7.75%, 0, 1, 3, 18.63
1747829498, 0, 856, 1211, 1207, 22, 7.75%, 0, 1, 3, 18.91
1747829503, 0, 859, 1211, 1207, 22, 7.75%, 0, 1, 3, 18.51
1747829509, 0, 859, 1212, 1208, 22, 7.75%, 0, 1, 3, 17.79
1747829514, 0, 862, 1212, 1208, 22, 7.75%, 0, 1, 3, 18.04
1747829519, 0, 864, 1212, 1208, 22, 7.75%, 0, 1, 3, 18.04
1747829524, 0, 865, 1213, 1209, 22, 7.75%, 0, 1, 3, 18.02
1747829529, 0, 866, 1213, 1209, 22, 7.75%, 0, 1, 3, 18.21
1747829534, 0, 871, 1213, 1209, 22, 7.75%, 0, 1, 3, 18.13
1747829539, 0, 874, 1213, 1209, 22, 7.75%, 0, 1, 3, 17.81
1747829544, 0, 876, 1213, 1209, 22, 7.75%, 0, 1, 3, 17.84
1747829550, 0, 879, 1213, 1209, 22, 7.75%, 0, 1, 3, 18.32
1747829555, 0, 881, 1213, 1209, 22, 7.75%, 0, 1, 3, 17.76
1747829560, 0, 883, 1213, 1209, 22, 7.75%, 0, 1, 3, 18.12
1747829565, 0, 885, 1213, 1209, 22, 7.75%, 0, 1, 3, 17.81
1747829570, 0, 888, 1213, 1209, 22, 7.75%, 0, 1, 3, 18.28
1747829575, 0, 888, 1215, 1211, 22, 7.81%, 0, 1, 3, 17.04
1747829585, 0, 890, 1216, 1212, 23, 7.81%, 0, 1, 3, 17.57
1747829590, 0, 892, 1216, 1212, 22, 7.81%, 0, 1, 3, 18.01
1747829595, 0, 896, 1216, 1212, 22, 7.81%, 0, 1, 3, 17.90
1747829601, 0, 898, 1216, 1212, 22, 7.81%, 0, 1, 3, 17.95
1747829606, 0, 900, 1216, 1212, 22, 7.81%, 0, 1, 3, 17.88
1747829611, 0, 901, 1216, 1212, 22, 7.81%, 0, 1, 3, 17.96
1747829616, 0, 903, 1216, 1212, 22, 7.81%, 0, 1, 3, 18.37
1747829621, 0, 906, 1216, 1212, 22, 7.81%, 0, 1, 3, 18.56
1747829626, 0, 908, 1217, 1213, 22, 7.81%, 0, 1, 3, 18.20
1747829631, 0, 910, 1217, 1213, 22, 7.81%, 0, 1, 3, 18.08
1747829636, 0, 911, 1217, 1213, 22, 7.81%, 0, 1, 3, 18.39
1747829641, 0, 913, 1219, 1215, 22, 7.81%, 0, 1, 3, 18.16
1747829651, 0, 915, 1219, 1215, 22, 7.81%, 0, 1, 3, 18.81
1747829657, 0, 916, 1219, 1215, 22, 7.81%, 0, 1, 3, 18.12
1747829662, 0, 918, 1220, 1216, 22, 7.81%, 0, 1, 3, 18.03
1747829667, 0, 919, 1221, 1217, 22, 7.81%, 0, 1, 3, 17.96
1747829672, 0, 921, 1221, 1217, 23, 7.81%, 0, 1, 3, 17.47
1747829677, 0, 923, 1222, 1218, 23, 7.81%, 0, 1, 3, 17.67
1747829682, 0, 927, 1222, 1218, 23, 7.81%, 0, 1, 3, 17.74
1747829687, 0, 927, 1223, 1219, 23, 7.81%, 0, 1, 3, 18.16
1747829692, 0, 932, 1223, 1219, 23, 7.81%, 0, 1, 3, 18.43
1747829697, 0, 933, 1224, 1220, 23, 7.81%, 0, 1, 3, 17.87
1747829702, 0, 935, 1224, 1220, 23, 7.81%, 0, 1, 3, 18.16
1747829708, 0, 935, 1225, 1221, 23, 7.81%, 0, 1, 3, 17.82
1747829713, 0, 939, 1225, 1221, 23, 7.81%, 0, 1, 3, 18.33
1747829718, 0, 940, 1225, 1221, 23, 7.81%, 0, 1, 3, 21.84
1747834630, 0, 941, 1225, 1220, 22, 7.81%, 0, 1, 3, 12.34
1747834635, 0, 944, 1225, 1220, 22, 7.81%, 0, 1, 3, 10.93
1747834640, 0, 944, 1226, 1221, 22, 7.81%, 0, 1, 4, 9.86
1747834645, 0, 946, 1226, 1221, 22, 7.81%, 0, 1, 4, 10.59
1747834650, 0, 947, 1226, 1221, 22, 7.81%, 0, 1, 4, 10.59
1747834655, 0, 948, 1226, 1221, 22, 7.81%, 0, 1, 4, 10.64
1747834660, 0, 949, 1227, 1222, 22, 7.86%, 0, 1, 4, 10.33
1747834670, 0, 950, 1227, 1222, 21, 7.86%, 0, 1, 4, 10.81
1747834675, 0, 952, 1228, 1223, 21, 7.86%, 0, 1, 4, 11.11
1747834686, 0, 955, 1229, 1224, 21, 7.86%, 0, 1, 4, 10.68
1747834696, 0, 956, 1229, 1224, 21, 7.86%, 0, 1, 4, 10.36
1747834701, 0, 959, 1229, 1224, 21, 7.86%, 0, 1, 4, 10.33
1747834706, 0, 960, 1229, 1224, 21, 7.86%, 0, 1, 4, 10.26
1747834711, 0, 961, 1229, 1224, 21, 7.86%, 0, 1, 4, 9.87
1747834716, 0, 961, 1230, 1225, 21, 7.86%, 0, 1, 4, 9.70
1747834722, 0, 962, 1230, 1225, 21, 7.86%, 0, 1, 4, 10.05
1747834727, 0, 964, 1230, 1225, 21, 7.86%, 0, 1, 4, 10.29
1747834732, 0, 964, 1231, 1226, 21, 7.86%, 0, 1, 4, 10.46
1747834737, 0, 967, 1231, 1226, 21, 7.86%, 0, 1, 4, 10.55
1747834742, 0, 968, 1231, 1226, 21, 7.86%, 0, 1, 4, 11.05
1747834747, 0, 969, 1231, 1226, 21, 7.86%, 0, 1, 4, 11.05
1747834752, 0, 970, 1231, 1226, 21, 7.86%, 0, 1, 4, 10.85
1747834757, 0, 971, 1231, 1226, 21, 7.86%, 0, 1, 4, 10.71
1747834762, 0, 972, 1231, 1226, 21, 7.86%, 0, 1, 4, 10.02
1747834767, 0, 973, 1231, 1226, 21, 7.86%, 0, 1, 4, 10.22
1747834772, 0, 975, 1232, 1227, 21, 7.86%, 0, 1, 4, 9.92
1747834783, 0, 976, 1232, 1227, 21, 7.86%, 0, 1, 4, 10.38
1747834788, 0, 978, 1232, 1227, 21, 7.86%, 0, 1, 4, 10.28
1747834793, 0, 979, 1232, 1227, 21, 7.86%, 0, 1, 4, 10.02
1747834798, 0, 980, 1232, 1227, 21, 7.86%, 0, 1, 4, 10.00
1747834803, 0, 981, 1232, 1227, 21, 7.86%, 0, 1, 4, 10.48
1747834808, 0, 983, 1232, 1227, 21, 7.86%, 0, 1, 4, 10.62
1747834813, 0, 984, 1232, 1227, 21, 7.86%, 0, 1, 4, 10.97
1747834818, 0, 986, 1232, 1227, 21, 7.86%, 0, 1, 4, 10.24
1747834823, 0, 988, 1232, 1227, 21, 7.86%, 0, 1, 4, 10.27
1747834829, 0, 990, 1232, 1227, 21, 7.86%, 0, 1, 4, 10.42
1747834834, 0, 991, 1232, 1227, 21, 7.86%, 0, 1, 4, 10.72
1747834839, 0, 992, 1232, 1227, 21, 7.86%, 0, 1, 4, 10.70
1747834844, 0, 993, 1232, 1227, 21, 7.86%, 0, 1, 4, 10.16
1747834849, 0, 993, 1233, 1228, 21, 7.86%, 0, 1, 4, 9.86
1747834854, 0, 994, 1233, 1228, 21, 7.86%, 0, 1, 4, 10.19
1747834859, 0, 996, 1233, 1228, 21, 7.86%, 0, 1, 4, 9.93
1747834864, 0, 998, 1233, 1228, 21, 7.86%, 0, 1, 4, 10.41
1747834870, 0, 999, 1233, 1228, 21, 7.86%, 0, 1, 4, 10.57
1747834875, 0, 1000, 1233, 1228, 21, 7.86%, 0, 1, 4, 10.65
1747834880, 0, 1001, 1233, 1228, 21, 7.86%, 0, 1, 4, 10.69
1747834885, 0, 1003, 1235, 1230, 21, 7.86%, 0, 1, 4, 9.94
1747834895, 0, 1003, 1236, 1231, 21, 7.86%, 0, 1, 4, 10.19
1747834926, 0, 1004, 1236, 1231, 21, 7.86%, 0, 1, 4, 10.49
1747834931, 0, 1005, 1236, 1231, 21, 7.86%, 0, 1, 4, 10.45
1747834936, 0, 1006, 1236, 1231, 21, 7.86%, 0, 1, 4, 9.97
1747834941, 0, 1008, 1236, 1231, 21, 7.86%, 0, 1, 4, 9.80
1747834946, 0, 1009, 1237, 1232, 21, 7.86%, 0, 1, 4, 9.85
1747834956, 0, 1010, 1237, 1232, 21, 7.86%, 0, 1, 4, 10.00
1747834961, 0, 1011, 1237, 1232, 21, 7.86%, 0, 1, 4, 10.78
1747834966, 0, 1012, 1237, 1232, 21, 7.86%, 0, 1, 4, 10.28
1747834972, 0, 1013, 1237, 1232, 21, 7.86%, 0, 1, 4, 10.09
1747834977, 0, 1014, 1237, 1232, 21, 7.86%, 0, 1, 4, 10.61
1747834982, 0, 1016, 1237, 1232, 21, 7.86%, 0, 1, 4, 10.46
1747834987, 0, 1017, 1237, 1232, 21, 7.86%, 0, 1, 4, 10.11
1747834992, 0, 1018, 1237, 1232, 21, 7.86%, 0, 1, 4, 10.04
1747834997, 0, 1018, 1239, 1234, 21, 7.87%, 0, 1, 4, 9.95
1747835007, 0, 1018, 1240, 1235, 21, 7.89%, 0, 1, 4, 9.83
1747835013, 0, 1018, 1241, 1236, 21, 7.89%, 0, 1, 4, 9.61
1747835028, 0, 1018, 1242, 1237, 21, 7.89%, 0, 1, 4, 10.21
1747835079, 0, 1018, 1244, 1239, 21, 7.89%, 0, 1, 4, 9.64
1747835104, 0, 1018, 1245, 1240, 21, 7.89%, 0, 1, 4, 9.87
1747835110, 0, 1018, 1246, 1241, 21, 7.89%, 0, 1, 4, 9.94
1747835161, 0, 1021, 1246, 1241, 22, 7.89%, 0, 1, 4, 10.53
1747835166, 0, 1022, 1246, 1241, 22, 7.89%, 0, 1, 4, 10.85
1747835171, 0, 1023, 1246, 1241, 22, 7.89%, 0, 1, 4, 11.02
1747835176, 0, 1024, 1246, 1241, 22, 7.89%, 0, 1, 4, 10.15
1747835181, 0, 1024, 1247, 1242, 22, 7.89%, 0, 1, 4, 9.83
1747835186, 0, 1025, 1247, 1242, 22, 7.89%, 0, 1, 4, 10.66
1747835191, 0, 1026, 1247, 1242, 22, 7.89%, 0, 1, 4, 10.19
1747835196, 0, 1026, 1248, 1243, 22, 7.89%, 0, 1, 4, 9.87
1747835201, 0, 1027, 1248, 1243, 22, 7.89%, 0, 1, 4, 10.17
1747835207, 0, 1028, 1249, 1244, 22, 7.94%, 0, 1, 4, 9.83
1747835217, 0, 1028, 1251, 1246, 22, 7.94%, 0, 1, 4, 9.59
1747835222, 0, 1028, 1252, 1247, 22, 7.94%, 0, 1, 4, 9.28
1747835247, 0, 1028, 1254, 1249, 22, 7.94%, 0, 1, 4, 9.31
1747835258, 0, 1028, 1256, 1251, 22, 7.94%, 0, 1, 4, 9.61
1747835278, 0, 1028, 1257, 1252, 22, 7.94%, 0, 1, 4, 9.94
1747835288, 0, 1028, 1258, 1253, 22, 7.94%, 0, 1, 4, 9.93
1747835304, 0, 1028, 1259, 1254, 22, 7.94%, 0, 1, 4, 9.68
1747835340, 0, 1028, 1260, 1255, 22, 7.94%, 0, 1, 4, 9.64
1747835381, 0, 1029, 1260, 1255, 22, 7.94%, 0, 1, 4, 9.54
1747835386, 0, 1030, 1260, 1255, 22, 7.94%, 0, 1, 4, 10.22
1747835391, 0, 1031, 1260, 1255, 22, 7.94%, 0, 1, 4, 10.54
1747835396, 0, 1032, 1260, 1255, 22, 7.94%, 0, 1, 4, 10.64
1747835401, 0, 1034, 1260, 1255, 22, 7.94%, 0, 1, 4, 10.26
1747835406, 0, 1035, 1260, 1255, 22, 7.94%, 0, 1, 4, 10.40
1747835411, 0, 1036, 1260, 1255, 22, 7.94%, 0, 1, 4, 11.23
1747835417, 0, 1037, 1260, 1255, 22, 7.94%, 0, 1, 4, 9.84
1747835422, 0, 1038, 1260, 1255, 22, 7.94%, 0, 1, 4, 9.76
1747835427, 0, 1039, 1260, 1255, 22, 7.94%, 0, 1, 4, 10.81
1747835432, 0, 1041, 1260, 1255, 22, 7.94%, 0, 1, 4, 11.16
1747835437, 0, 1042, 1260, 1255, 22, 7.94%, 0, 1, 4, 10.84
1747835442, 0, 1043, 1261, 1256, 22, 7.94%, 0, 1, 4, 10.78
1747835453, 0, 1044, 1261, 1256, 22, 7.94%, 0, 1, 4, 10.04
1747835458, 0, 1045, 1261, 1256, 22, 7.94%, 0, 1, 4, 9.55
1747835463, 0, 1046, 1261, 1256, 22, 7.94%, 0, 1, 4, 10.26
1747835468, 0, 1047, 1261, 1256, 22, 7.94%, 0, 1, 4, 10.85
1747835473, 0, 1048, 1261, 1256, 22, 7.94%, 0, 1, 4, 9.83
1747835478, 0, 1049, 1262, 1257, 22, 7.94%, 0, 1, 4, 10.14
1747835483, 0, 1049, 1263, 1258, 22, 7.94%, 0, 1, 4, 10.31
1747835498, 0, 1051, 1263, 1258, 22, 7.94%, 0, 1, 4, 10.03
1747835504, 0, 1052, 1263, 1258, 22, 7.94%, 0, 1, 4, 10.08
1747835509, 0, 1054, 1263, 1258, 22, 7.94%, 0, 1, 4, 10.35
1747835514, 0, 1055, 1263, 1258, 22, 7.94%, 0, 1, 4, 10.02
1747835519, 0, 1055, 1264, 1259, 22, 7.94%, 0, 1, 4, 9.20
1747835524, 0, 1055, 1266, 1261, 22, 7.94%, 0, 1, 4, 8.97
1747835550, 0, 1055, 1267, 1262, 22, 7.94%, 0, 1, 4, 9.11
1747835586, 0, 1055, 1268, 1263, 22, 7.95%, 0, 1, 4, 9.13
1747835688, 0, 1057, 1268, 1263, 23, 7.95%, 0, 1, 4, 10.06
1747835693, 0, 1058, 1268, 1263, 23, 7.95%, 0, 1, 4, 10.39
1747835698, 0, 1059, 1268, 1263, 23, 7.95%, 0, 1, 4, 10.01
1747835703, 0, 1060, 1268, 1263, 23, 7.95%, 0, 1, 4, 9.51
1747835709, 0, 1062, 1268, 1263, 23, 7.95%, 0, 1, 4, 9.45
1747835714, 0, 1063, 1268, 1263, 23, 7.95%, 0, 1, 4, 9.56
1747835719, 0, 1064, 1268, 1263, 23, 7.95%, 0, 1, 4, 10.51
1747835724, 0, 1065, 1268, 1263, 23, 7.95%, 0, 1, 4, 10.04
1747835729, 0, 1066, 1268, 1263, 23, 7.95%, 0, 1, 4, 9.53
1747835734, 0, 1068, 1268, 1263, 23, 7.95%, 0, 1, 4, 9.70
1747835739, 0, 1069, 1268, 1263, 23, 7.95%, 0, 1, 4, 9.30
1747835744, 0, 1070, 1268, 1263, 23, 7.95%, 0, 1, 4, 9.80
1747835749, 0, 1071, 1268, 1263, 23, 7.95%, 0, 1, 4, 10.21
1747835754, 0, 1073, 1268, 1263, 23, 7.95%, 0, 1, 4, 10.38
1747835760, 0, 1074, 1269, 1264, 23, 7.95%, 0, 1, 4, 10.50
1747835770, 0, 1075, 1269, 1264, 23, 7.95%, 0, 1, 4, 9.82
1747835775, 0, 1075, 1270, 1265, 23, 7.95%, 0, 1, 4, 9.13
1747835780, 0, 1076, 1270, 1265, 23, 7.95%, 0, 1, 4, 9.90
1747835785, 0, 1077, 1270, 1265, 23, 7.95%, 0, 1, 4, 9.75
1747835791, 0, 1078, 1270, 1265, 23, 7.95%, 0, 1, 4, 10.11
1747835796, 0, 1080, 1270, 1265, 23, 7.95%, 0, 1, 4, 9.95
1747835801, 0, 1080, 1271, 1266, 23, 7.95%, 0, 1, 4, 9.38
1747835806, 0, 1081, 1271, 1266, 23, 7.95%, 0, 1, 4, 9.35
1747835811, 0, 1082, 1271, 1266, 23, 7.95%, 0, 1, 4, 9.77
1747835816, 0, 1083, 1271, 1266, 23, 7.95%, 0, 1, 4, 10.33
1747835822, 0, 1083, 1272, 1267, 23, 7.95%, 0, 1, 4, 9.32
1747835827, 0, 1083, 1273, 1268, 23, 7.95%, 0, 1, 4, 9.73
1747835832, 0, 1083, 1274, 1269, 23, 7.95%, 0, 1, 4, 9.33
1747835837, 0, 1083, 1275, 1270, 23, 7.95%, 0, 1, 4, 9.17
1747835863, 0, 1083, 1276, 1271, 23, 7.95%, 0, 1, 4, 9.36
1747835878, 0, 1083, 1277, 1272, 23, 7.99%, 0, 1, 4, 9.57
1747835950, 0, 1083, 1278, 1273, 23, 7.99%, 0, 1, 4, 9.47
1747835955, 0, 1083, 1279, 1274, 23, 7.99%, 0, 1, 4, 9.30
1747835975, 0, 1083, 1280, 1275, 23, 7.99%, 0, 1, 4, 9.36
1747835986, 0, 1083, 1281, 1276, 23, 7.99%, 0, 1, 4, 9.58
1747835991, 0, 1083, 1282, 1277, 23, 7.99%, 0, 1, 4, 9.45
1747835996, 0, 1083, 1283, 1278, 23, 7.99%, 0, 1, 4, 9.21
1747836001, 0, 1085, 1283, 1278, 25, 7.99%, 0, 1, 4, 9.80
1747836006, 0, 1086, 1283, 1278, 25, 7.99%, 0, 1, 4, 10.97
1747836011, 0, 1087, 1283, 1278, 25, 7.99%, 0, 1, 4, 10.56
1747836016, 0, 1089, 1283, 1278, 25, 7.99%, 0, 1, 4, 11.31
1747836026, 0, 1090, 1283, 1278, 25, 7.99%, 0, 1, 4, 9.45
1747836032, 0, 1091, 1284, 1279, 25, 7.99%, 0, 1, 4, 10.40
1747836042, 0, 1093, 1284, 1279, 25, 7.99%, 0, 1, 4, 10.73
1747836047, 0, 1095, 1284, 1279, 25, 7.99%, 0, 1, 4, 10.02
1747836052, 0, 1096, 1284, 1279, 25, 7.99%, 0, 1, 4, 10.83
1747836057, 0, 1097, 1284, 1279, 25, 7.99%, 0, 1, 4, 10.15
1747836062, 0, 1098, 1284, 1279, 25, 7.99%, 0, 1, 4, 9.91
1747836067, 0, 1099, 1284, 1279, 25, 7.99%, 0, 1, 4, 10.06
1747836073, 0, 1099, 1285, 1280, 25, 7.99%, 0, 1, 4, 9.58
1747836083, 0, 1099, 1286, 1281, 25, 7.99%, 0, 1, 4, 9.31
1747836088, 0, 1099, 1287, 1282, 25, 7.99%, 0, 1, 4, 9.63
1747836093, 0, 1099, 1288, 1283, 25, 7.99%, 0, 1, 4, 9.57
1747836103, 0, 1099, 1289, 1284, 25, 7.99%, 0, 1, 4, 9.60
1747836139, 0, 1099, 1291, 1286, 25, 7.99%, 0, 1, 4, 9.09
1747836170, 0, 1099, 1292, 1287, 25, 7.99%, 0, 1, 4, 9.14
1747836227, 0, 1099, 1293, 1288, 25, 7.99%, 0, 1, 4, 9.35
1747836252, 0, 1101, 1293, 1288, 24, 7.99%, 0, 1, 4, 10.11
1747836258, 0, 1102, 1293, 1288, 24, 7.99%, 0, 1, 4, 9.79
1747836263, 0, 1103, 1293, 1288, 24, 7.99%, 0, 1, 4, 10.10
1747836268, 0, 1104, 1293, 1288, 24, 7.99%, 0, 1, 4, 10.33
1747836273, 0, 1105, 1293, 1288, 24, 7.99%, 0, 1, 4, 10.18
1747836278, 0, 1106, 1293, 1288, 24, 7.99%, 0, 1, 4, 10.28
1747836283, 0, 1107, 1293, 1288, 24, 7.99%, 0, 1, 4, 10.27
1747836288, 0, 1109, 1294, 1289, 24, 7.99%, 0, 1, 4, 10.38
1747836303, 0, 1110, 1294, 1289, 24, 7.99%, 0, 1, 4, 9.33
1747836309, 0, 1111, 1294, 1289, 24, 7.99%, 0, 1, 4, 9.62
1747836314, 0, 1112, 1294, 1289, 24, 7.99%, 0, 1, 4, 9.87
1747836319, 0, 1113, 1294, 1289, 24, 7.99%, 0, 1, 4, 9.87
1747836324, 0, 1114, 1294, 1289, 24, 7.99%, 0, 1, 4, 9.64
1747836329, 0, 1115, 1294, 1289, 24, 7.99%, 0, 1, 4, 9.86
1747836334, 0, 1116, 1294, 1289, 24, 7.99%, 0, 1, 4, 9.61
1747836339, 0, 1117, 1295, 1290, 24, 7.99%, 0, 1, 4, 10.05
1747836350, 0, 1118, 1295, 1290, 24, 7.99%, 0, 1, 4, 11.85
1747843182, 0, 1118, 1296, 1291, 24, 7.99%, 0, 1, 4, 19.86
1747843198, 0, 1120, 1296, 1290, 23, 7.99%, 0, 1, 4, 18.19
1747843203, 0, 1121, 1297, 1291, 23, 7.99%, 0, 1, 4, 16.97
1747843208, 0, 1122, 1297, 1291, 23, 7.99%, 0, 1, 4, 18.37
1747843213, 0, 1124, 1297, 1291, 23, 7.99%, 0, 1, 4, 16.78
1747843218, 0, 1126, 1297, 1291, 23, 7.99%, 0, 1, 4, 16.01
1747843223, 0, 1127, 1297, 1291, 23, 7.99%, 0, 1, 4, 16.48
1747843228, 0, 1130, 1297, 1291, 23, 7.99%, 0, 1, 4, 17.27
1747843234, 0, 1132, 1297, 1291, 23, 7.99%, 0, 1, 4, 16.72
1747843239, 0, 1134, 1297, 1291, 23, 7.99%, 0, 1, 4, 16.75
1747843244, 0, 1136, 1297, 1291, 23, 7.99%, 0, 1, 4, 17.57
1747843249, 0, 1139, 1297, 1291, 23, 7.99%, 0, 1, 4, 17.75
1747843254, 0, 1140, 1298, 1292, 23, 7.99%, 0, 1, 4, 16.46
1747843259, 0, 1141, 1298, 1292, 23, 7.99%, 0, 1, 4, 16.99
1747843264, 0, 1142, 1299, 1293, 23, 7.99%, 0, 1, 4, 16.24
1747843269, 0, 1143, 1299, 1293, 23, 7.99%, 0, 1, 4, 16.73
1747843274, 0, 1145, 1299, 1293, 23, 7.99%, 0, 1, 4, 16.79
1747843280, 0, 1145, 1300, 1294, 23, 7.99%, 0, 1, 4, 15.69
1747843285, 0, 1148, 1300, 1294, 23, 7.99%, 0, 1, 4, 16.87
1747843290, 0, 1151, 1300, 1294, 23, 7.99%, 0, 1, 4, 16.63
1747843295, 0, 1152, 1300, 1294, 23, 7.99%, 0, 1, 4, 15.67
1747843300, 0, 1154, 1300, 1294, 23, 7.99%, 0, 1, 4, 15.97
1747843305, 0, 1155, 1300, 1294, 23, 7.99%, 0, 1, 4, 16.55
1747843310, 0, 1158, 1300, 1294, 23, 7.99%, 0, 1, 4, 17.40
1747843315, 0, 1160, 1300, 1294, 23, 7.99%, 0, 1, 4, 16.94
1747843320, 0, 1162, 1300, 1294, 23, 7.99%, 0, 1, 4, 18.03
1747843326, 0, 1163, 1300, 1294, 23, 7.99%, 0, 1, 4, 18.29
1747843331, 0, 1165, 1301, 1295, 23, 7.99%, 0, 1, 4, 16.25
1747843336, 0, 1166, 1301, 1295, 22, 7.99%, 0, 1, 4, 15.97
1747843341, 0, 1166, 1303, 1297, 22, 7.99%, 0, 1, 4, 15.61
1747843351, 0, 1167, 1303, 1297, 22, 7.99%, 0, 1, 4, 15.92
1747843356, 0, 1171, 1303, 1297, 22, 7.99%, 0, 1, 4, 15.48
1747843361, 0, 1172, 1303, 1297, 22, 7.99%, 0, 1, 4, 16.23
1747843367, 0, 1173, 1304, 1298, 23, 8.13%, 0, 1, 4, 15.39
1747843372, 0, 1174, 1304, 1298, 23, 8.13%, 0, 1, 4, 15.65
1747843377, 0, 1177, 1304, 1298, 23, 8.13%, 0, 1, 4, 15.91
1747843382, 0, 1178, 1304, 1298, 23, 8.13%, 0, 1, 4, 16.36
1747843387, 0, 1180, 1305, 1299, 23, 8.13%, 0, 1, 4, 15.67
1747843392, 0, 1180, 1306, 1300, 23, 8.13%, 0, 1, 4, 15.03
1747843402, 0, 1181, 1306, 1300, 22, 8.13%, 0, 1, 4, 16.06
1747843408, 0, 1182, 1307, 1301, 22, 8.13%, 0, 1, 4, 15.14
1747843413, 0, 1182, 1308, 1302, 22, 8.13%, 0, 1, 4, 11.40
1747843418, 0, 1182, 1309, 1303, 22, 8.13%, 0, 1, 4, 9.82
1747843448, 0, 1183, 1309, 1303, 22, 8.13%, 0, 1, 4, 9.10
1747843453, 0, 1184, 1309, 1303, 22, 8.13%, 0, 1, 4, 9.31
1747843458, 0, 1185, 1309, 1303, 22, 8.13%, 0, 1, 4, 9.20
1747843464, 0, 1187, 1309, 1303, 22, 8.13%, 0, 1, 4, 9.50
1747843469, 0, 1188, 1310, 1304, 22, 8.13%, 0, 1, 4, 9.90
1747843484, 0, 1189, 1310, 1304, 22, 8.13%, 0, 1, 4, 8.70
1747843489, 0, 1190, 1310, 1304, 22, 8.13%, 0, 1, 4, 9.58
1747843494, 0, 1192, 1310, 1304, 22, 8.13%, 0, 1, 4, 10.64
1747843500, 0, 1193, 1311, 1305, 22, 8.13%, 0, 1, 4, 9.42
1747843510, 0, 1194, 1311, 1305, 22, 8.13%, 0, 1, 4, 10.37
1747843515, 0, 1195, 1311, 1305, 22, 8.13%, 0, 1, 4, 10.41
1747843520, 0, 1196, 1311, 1305, 22, 8.13%, 0, 1, 4, 10.11
1747843525, 0, 1197, 1311, 1305, 22, 8.13%, 0, 1, 4, 10.52
1747843530, 0, 1198, 1311, 1305, 22, 8.13%, 0, 1, 4, 9.45
1747843535, 0, 1199, 1311, 1305, 22, 8.13%, 0, 1, 4, 10.08
1747843541, 0, 1200, 1311, 1305, 22, 8.13%, 0, 1, 4, 10.29
1747843546, 0, 1201, 1311, 1305, 22, 8.13%, 0, 1, 4, 10.37
1747843551, 0, 1202, 1311, 1305, 22, 8.13%, 0, 1, 4, 11.16
1747843556, 0, 1203, 1311, 1305, 22, 8.13%, 0, 1, 4, 9.63
1747843561, 0, 1205, 1311, 1305, 22, 8.13%, 0, 1, 4, 10.04
1747843566, 0, 1207, 1311, 1305, 22, 8.13%, 0, 1, 4, 10.90
1747843577, 0, 1208, 1311, 1305, 22, 8.13%, 0, 1, 4, 8.98
1747843582, 0, 1209, 1311, 1305, 22, 8.13%, 0, 1, 4, 10.61
1747843587, 0, 1211, 1311, 1305, 22, 8.13%, 0, 1, 4, 9.78
1747844513, 0, 1211, 1312, 1306, 22, 8.13%, 0, 1, 4, 16.06
1747848877, 0, 1211, 1313, 1307, 22, 8.13%, 0, 1, 4, 9.52
1747852233, 0, 1211, 1314, 1308, 22, 8.13%, 0, 1, 4, 16.01
1747852409, 0, 1213, 1314, 1307, 22, 8.13%, 0, 1, 4, 15.76
1747852415, 0, 1214, 1314, 1307, 22, 8.13%, 0, 1, 4, 16.66
1747852420, 0, 1216, 1314, 1307, 22, 8.13%, 0, 1, 4, 15.48
1747852425, 0, 1218, 1314, 1307, 22, 8.13%, 0, 1, 4, 15.76
1747852430, 0, 1219, 1314, 1307, 22, 8.13%, 0, 1, 4, 16.72
1747859719, 0, 1219, 1315, 1308, 22, 8.13%, 0, 1, 4, 9.93
1747859887, 0, 1220, 1316, 1308, 21, 8.13%, 0, 1, 4, 9.30
1747859892, 0, 1220, 1317, 1309, 21, 8.13%, 0, 1, 4, 8.76
1747859908, 0, 1221, 1317, 1309, 21, 8.13%, 0, 1, 4, 10.05
1747859913, 0, 1223, 1317, 1309, 21, 8.13%, 0, 1, 4, 9.87
1747859918, 0, 1225, 1317, 1309, 21, 8.13%, 0, 1, 4, 9.77
1747859923, 0, 1226, 1317, 1309, 21, 8.13%, 0, 1, 4, 10.37
1747859928, 0, 1227, 1317, 1309, 21, 8.13%, 0, 1, 4, 10.02
1747859933, 0, 1228, 1317, 1309, 21, 8.13%, 0, 1, 4, 9.23
1747859938, 0, 1229, 1317, 1309, 21, 8.13%, 0, 1, 4, 9.28
1747859943, 0, 1231, 1317, 1309, 21, 8.13%, 0, 1, 4, 9.42
1747859948, 0, 1233, 1317, 1309, 21, 8.13%, 0, 1, 4, 9.82
1747859953, 0, 1234, 1317, 1309, 21, 8.13%, 0, 1, 4, 10.50
1747859959, 0, 1235, 1317, 1309, 21, 8.13%, 0, 1, 4, 9.96
1747859964, 0, 1236, 1317, 1309, 21, 8.13%, 0, 1, 4, 9.82
1747859969, 0, 1236, 1318, 1310, 21, 8.13%, 0, 1, 4, 9.97
1747859974, 0, 1237, 1318, 1310, 21, 8.13%, 0, 1, 4, 9.76
1747859984, 0, 1239, 1318, 1310, 21, 8.13%, 0, 1, 4, 9.73
1747859989, 0, 1240, 1318, 1310, 21, 8.13%, 0, 1, 4, 9.91
1747859995, 0, 1241, 1318, 1310, 21, 8.13%, 0, 1, 4, 9.02
1747860000, 0, 1242, 1318, 1310, 21, 8.13%, 0, 1, 4, 9.33
1747860005, 0, 1243, 1318, 1310, 21, 8.13%, 0, 1, 4, 9.72
1747860010, 0, 1245, 1318, 1310, 21, 8.13%, 0, 1, 4, 9.63
1747860015, 0, 1246, 1318, 1310, 21, 8.13%, 0, 1, 4, 9.71
1747860020, 0, 1247, 1318, 1310, 21, 8.13%, 0, 1, 4, 10.58
1747860025, 0, 1248, 1318, 1310, 21, 8.13%, 0, 1, 4, 10.21
