# unix_time, cycles_done, cur_path, paths_total, pending_total, pending_favs, map_size, unique_crashes, unique_hangs, max_depth, execs_per_sec
1747774254, 0, 0, 1, 1, 1, 5.02%, 0, 0, 1, 57.14
1747774259, 0, 0, 34, 34, 1, 6.25%, 0, 0, 2, 58.78
1747774264, 0, 0, 68, 68, 1, 6.25%, 0, 0, 2, 59.89
1747774269, 0, 0, 85, 85, 1, 6.54%, 0, 0, 2, 6.70
1747774274, 0, 0, 96, 96, 1, 7.08%, 0, 0, 2, 16.33
1747774279, 0, 0, 104, 104, 1, 7.10%, 0, 0, 2, 16.78
1747774284, 0, 0, 112, 112, 1, 7.10%, 0, 0, 2, 14.55
1747774290, 0, 0, 117, 117, 1, 7.10%, 0, 0, 2, 11.23
1747774295, 0, 0, 118, 118, 1, 7.97%, 0, 0, 2, 6.05
1747774300, 0, 0, 124, 124, 1, 7.98%, 0, 0, 2, 7.67
1747774305, 0, 0, 127, 127, 1, 7.99%, 0, 0, 2, 7.12
1747774310, 0, 0, 131, 131, 1, 7.99%, 0, 0, 2, 7.01
1747774316, 0, 0, 133, 133, 1, 7.99%, 0, 0, 2, 4.53
1747774321, 0, 0, 136, 136, 1, 7.99%, 0, 0, 2, 4.23
1747774326, 0, 0, 142, 142, 1, 7.99%, 0, 0, 2, 15.56
1747774331, 0, 0, 150, 150, 1, 7.99%, 0, 0, 2, 14.78
1747774336, 0, 0, 153, 153, 1, 7.99%, 0, 0, 2, 8.47
1747774341, 0, 0, 156, 156, 1, 7.99%, 0, 0, 2, 6.87
1747774346, 0, 0, 159, 159, 1, 7.99%, 0, 0, 2, 6.44
1747774351, 0, 0, 162, 162, 1, 7.99%, 0, 0, 2, 4.89
1747774356, 0, 0, 167, 167, 1, 7.99%, 0, 0, 2, 9.25
1747774362, 0, 0, 170, 170, 1, 7.99%, 0, 0, 2, 6.61
1747774367, 0, 0, 172, 172, 1, 7.99%, 0, 0, 2, 4.79
1747774372, 0, 0, 177, 177, 1, 7.99%, 0, 0, 2, 5.32
1747774377, 0, 0, 183, 183, 1, 7.99%, 0, 0, 2, 10.35
1747774382, 0, 0, 187, 187, 1, 7.99%, 0, 0, 2, 7.70
1747774387, 0, 0, 191, 191, 1, 7.99%, 0, 0, 2, 7.91
1747774392, 0, 0, 196, 196, 1, 7.99%, 0, 0, 2, 10.28
1747774397, 0, 0, 199, 199, 1, 7.99%, 0, 0, 2, 5.81
1747774402, 0, 0, 202, 202, 1, 7.99%, 0, 0, 2, 6.08
1747774408, 0, 0, 205, 205, 1, 8.00%, 0, 0, 2, 5.99
1747774413, 0, 0, 208, 208, 1, 8.00%, 0, 0, 2, 6.47
1747774418, 0, 0, 212, 212, 1, 8.00%, 0, 0, 2, 4.51
1747774423, 0, 0, 216, 216, 1, 8.00%, 0, 0, 2, 35.45
1747774428, 0, 0, 220, 220, 1, 8.00%, 0, 0, 2, 8.28
1747774433, 0, 0, 224, 224, 1, 8.00%, 0, 0, 2, 6.12
1747774438, 0, 0, 229, 229, 1, 8.00%, 0, 0, 2, 10.01
1747774443, 0, 0, 233, 233, 1, 8.00%, 0, 0, 2, 7.25
1747774449, 0, 0, 237, 237, 1, 8.00%, 0, 0, 2, 7.21
1747774454, 0, 0, 239, 239, 1, 8.00%, 0, 0, 2, 5.76
1747774459, 0, 0, 245, 245, 1, 8.00%, 0, 0, 2, 4.39
1747774464, 0, 0, 250, 250, 1, 8.00%, 0, 0, 2, 7.12
1747774469, 0, 0, 252, 252, 1, 8.01%, 0, 0, 2, 4.97
1747774474, 0, 0, 256, 256, 1, 8.01%, 0, 0, 2, 18.37
1747774480, 0, 0, 260, 260, 1, 8.01%, 0, 0, 2, 13.22
1747774485, 0, 0, 264, 264, 1, 8.01%, 0, 0, 2, 9.14
1747774490, 0, 0, 266, 266, 1, 8.01%, 0, 0, 2, 5.17
1747774495, 0, 0, 272, 272, 1, 8.01%, 0, 0, 2, 29.67
1747774500, 0, 0, 276, 276, 1, 8.01%, 0, 0, 2, 5.07
1747774505, 0, 0, 280, 280, 1, 8.01%, 0, 0, 2, 5.47
1747774511, 0, 0, 284, 284, 1, 8.01%, 0, 0, 2, 7.26
1747774516, 0, 0, 288, 288, 1, 8.01%, 0, 0, 2, 8.47
1747774521, 0, 0, 291, 291, 1, 8.01%, 0, 0, 2, 6.78
1747774526, 0, 0, 295, 295, 1, 8.01%, 0, 0, 2, 7.94
1747774531, 0, 0, 299, 299, 1, 8.01%, 0, 0, 2, 9.02
1747774537, 0, 0, 304, 304, 1, 8.01%, 0, 0, 2, 9.44
1747774542, 0, 0, 309, 309, 1, 8.01%, 0, 0, 2, 10.24
1747774547, 0, 0, 312, 312, 1, 8.01%, 0, 0, 2, 7.51
1747774552, 0, 0, 315, 315, 1, 8.01%, 0, 0, 2, 6.05
1747774557, 0, 0, 318, 318, 1, 8.01%, 0, 0, 2, 6.64
1747774562, 0, 0, 322, 322, 1, 8.03%, 0, 0, 2, 10.70
1747774567, 0, 0, 326, 326, 1, 8.03%, 0, 0, 2, 8.55
1747774572, 0, 0, 331, 331, 1, 8.03%, 0, 0, 2, 9.49
1747774577, 0, 0, 333, 333, 1, 8.03%, 0, 0, 2, 6.66
1747774583, 0, 0, 336, 336, 1, 8.09%, 0, 0, 2, 5.67
1747774588, 0, 0, 340, 340, 1, 8.10%, 0, 0, 2, 8.41
1747774593, 0, 0, 344, 344, 1, 8.10%, 0, 0, 2, 8.52
1747774598, 0, 0, 346, 346, 1, 8.10%, 0, 0, 2, 5.70
1747774603, 0, 0, 351, 351, 1, 8.10%, 0, 0, 2, 8.14
1747774608, 0, 0, 354, 354, 1, 8.10%, 0, 0, 2, 7.96
1747774613, 0, 0, 357, 357, 1, 8.10%, 0, 0, 2, 7.75
1747774618, 0, 0, 360, 360, 1, 8.10%, 0, 0, 2, 5.21
1747774624, 0, 0, 363, 363, 1, 8.10%, 0, 0, 2, 6.26
1747774629, 0, 0, 367, 367, 1, 8.10%, 0, 0, 2, 9.00
1747774634, 0, 0, 373, 373, 1, 8.10%, 0, 0, 2, 37.74
1747774639, 0, 0, 378, 378, 1, 8.10%, 0, 0, 2, 18.18
1747774644, 0, 0, 382, 382, 1, 8.10%, 0, 0, 2, 10.45
1747774649, 0, 0, 386, 386, 1, 8.10%, 0, 0, 2, 10.40
1747774654, 0, 0, 388, 388, 1, 8.10%, 0, 0, 2, 6.83
1747774659, 0, 0, 392, 392, 1, 8.10%, 0, 0, 2, 8.98
1747774664, 0, 0, 397, 397, 1, 8.10%, 0, 0, 2, 8.68
1747774669, 0, 0, 401, 401, 1, 8.10%, 0, 0, 2, 7.99
1747774674, 0, 0, 406, 406, 1, 8.10%, 0, 0, 2, 9.19
1747774679, 0, 0, 409, 409, 1, 8.10%, 0, 0, 2, 6.34
1747774684, 0, 0, 412, 412, 1, 8.10%, 0, 0, 2, 6.71
1747774689, 0, 0, 416, 416, 1, 8.10%, 0, 0, 2, 8.81
1747774695, 0, 0, 420, 420, 1, 8.10%, 0, 0, 2, 7.75
1747774700, 0, 0, 422, 422, 1, 8.10%, 0, 0, 2, 5.46
1747774705, 0, 0, 425, 425, 1, 8.10%, 0, 0, 2, 5.99
1747774710, 0, 0, 428, 428, 1, 8.10%, 0, 0, 2, 6.08
1747774715, 0, 0, 430, 430, 1, 8.10%, 0, 0, 2, 4.93
1747774721, 0, 0, 434, 434, 1, 8.10%, 0, 0, 2, 6.14
1747774726, 0, 0, 436, 436, 1, 8.20%, 0, 0, 2, 5.58
1747774731, 0, 0, 438, 438, 1, 8.20%, 0, 0, 2, 4.58
1747774736, 0, 0, 440, 440, 1, 8.20%, 0, 0, 2, 4.95
1747774741, 0, 0, 443, 443, 1, 8.20%, 0, 0, 2, 6.47
1747774746, 0, 0, 446, 446, 1, 8.20%, 0, 0, 2, 8.50
1747774751, 0, 0, 449, 449, 1, 8.20%, 0, 0, 2, 8.94
1747774756, 0, 0, 454, 454, 1, 8.20%, 0, 0, 2, 9.54
1747774761, 0, 0, 455, 455, 1, 8.20%, 0, 0, 2, 6.23
1747774766, 0, 0, 458, 458, 1, 8.20%, 0, 0, 2, 6.51
1747774771, 0, 0, 460, 460, 1, 8.20%, 0, 0, 2, 5.50
1747774777, 0, 0, 463, 463, 1, 8.20%, 0, 0, 2, 5.97
1747774782, 0, 0, 464, 464, 1, 8.20%, 0, 0, 2, 5.12
1747774787, 0, 0, 466, 466, 1, 8.20%, 0, 0, 2, 4.99
1747774792, 0, 0, 470, 470, 1, 8.20%, 0, 0, 2, 5.41
1747774798, 0, 0, 473, 473, 1, 8.20%, 0, 0, 2, 6.28
1747774803, 0, 0, 475, 475, 1, 8.20%, 0, 0, 2, 4.87
1747774808, 0, 0, 478, 478, 1, 8.20%, 0, 0, 2, 6.12
1747774813, 0, 0, 479, 479, 1, 8.20%, 0, 0, 2, 6.86
1747774818, 0, 0, 482, 482, 1, 8.20%, 0, 0, 2, 6.04
1747774823, 0, 0, 486, 486, 1, 8.20%, 0, 0, 2, 8.59
1747774828, 0, 0, 487, 487, 1, 8.20%, 0, 0, 2, 7.03
1747774834, 0, 0, 491, 491, 1, 8.20%, 0, 0, 2, 8.91
1747774839, 0, 0, 492, 492, 1, 8.20%, 0, 0, 2, 9.57
1747774844, 0, 0, 495, 495, 1, 8.20%, 0, 0, 2, 9.47
1747774849, 0, 0, 499, 499, 1, 8.20%, 0, 0, 2, 12.06
1747774854, 0, 0, 501, 501, 1, 8.20%, 0, 0, 2, 11.37
1747774859, 0, 0, 503, 503, 1, 8.20%, 0, 0, 2, 8.62
1747774865, 0, 0, 506, 506, 1, 8.20%, 0, 0, 2, 6.53
1747774870, 0, 0, 508, 508, 1, 8.20%, 0, 0, 2, 8.73
1747774875, 0, 0, 510, 510, 1, 8.20%, 0, 0, 2, 6.57
1747774880, 0, 0, 513, 513, 1, 8.20%, 0, 0, 2, 7.86
1747774885, 0, 0, 516, 516, 1, 8.20%, 0, 0, 2, 5.31
1747774890, 0, 0, 517, 517, 1, 8.20%, 0, 0, 2, 7.13
1747774895, 0, 0, 521, 521, 1, 8.20%, 0, 0, 2, 11.69
1747774900, 0, 0, 526, 526, 1, 8.20%, 0, 0, 2, 14.27
1747774906, 0, 0, 528, 528, 1, 8.20%, 0, 0, 2, 9.01
1747774911, 0, 0, 529, 529, 1, 8.20%, 0, 0, 2, 8.06
1747774916, 0, 0, 531, 531, 1, 8.20%, 0, 0, 2, 6.76
1747774921, 0, 0, 534, 534, 1, 8.20%, 0, 0, 2, 8.08
1747774927, 0, 0, 535, 535, 1, 8.20%, 0, 0, 2, 5.08
1747774932, 0, 0, 538, 538, 1, 8.20%, 0, 0, 2, 9.35
1747774937, 0, 0, 541, 541, 1, 8.20%, 0, 0, 2, 9.18
1747774942, 0, 0, 542, 542, 1, 8.44%, 0, 0, 2, 6.98
1747774947, 0, 0, 543, 543, 1, 8.44%, 0, 0, 2, 7.88
1747774952, 0, 0, 545, 545, 1, 8.44%, 0, 0, 2, 8.62
1747774957, 0, 0, 546, 546, 1, 8.44%, 0, 0, 2, 7.85
1747774962, 0, 0, 548, 548, 1, 8.45%, 0, 0, 2, 6.65
1747774967, 0, 0, 549, 549, 1, 8.45%, 0, 0, 2, 7.31
1747774972, 0, 0, 550, 550, 1, 8.45%, 0, 0, 2, 6.97
1747774978, 0, 0, 552, 552, 1, 8.45%, 0, 0, 2, 7.10
1747774983, 0, 0, 555, 555, 1, 8.45%, 0, 0, 2, 5.49
1747774988, 0, 0, 557, 557, 1, 8.45%, 0, 0, 2, 6.98
1747774993, 0, 0, 558, 558, 1, 8.45%, 0, 0, 2, 6.59
1747774998, 0, 0, 562, 562, 1, 8.45%, 0, 0, 2, 8.28
1747775003, 0, 0, 563, 563, 1, 8.45%, 0, 0, 2, 6.51
1747775008, 0, 0, 564, 564, 1, 8.45%, 0, 0, 2, 9.23
1747775013, 0, 0, 565, 565, 1, 8.45%, 0, 0, 2, 7.51
1747775018, 0, 0, 568, 568, 1, 8.45%, 0, 0, 2, 8.76
1747775024, 0, 0, 570, 570, 1, 8.46%, 0, 0, 2, 9.13
1747775029, 0, 0, 571, 571, 1, 8.46%, 0, 0, 2, 6.36
1747775034, 0, 0, 574, 574, 1, 8.46%, 0, 0, 2, 5.24
1747775039, 0, 0, 577, 577, 1, 8.46%, 0, 0, 2, 7.41
1747775044, 0, 0, 580, 580, 1, 8.46%, 0, 0, 2, 10.43
1747775049, 0, 0, 581, 581, 1, 8.46%, 0, 0, 2, 1.72
1747775054, 0, 0, 582, 582, 1, 8.46%, 0, 0, 2, 2.85
1747775059, 0, 0, 583, 583, 1, 8.46%, 0, 0, 2, 5.29
1747775065, 0, 0, 585, 585, 1, 8.46%, 0, 0, 2, 4.87
1747775070, 0, 0, 586, 586, 1, 8.46%, 0, 0, 2, 7.17
1747775080, 0, 0, 587, 587, 1, 8.46%, 0, 0, 2, 7.96
1747775085, 0, 0, 589, 589, 1, 8.46%, 0, 0, 2, 5.46
1747775090, 0, 0, 590, 590, 1, 8.46%, 0, 0, 2, 8.70
1747775096, 0, 0, 592, 592, 1, 8.46%, 0, 0, 2, 9.12
1747775101, 0, 0, 593, 593, 1, 8.46%, 0, 0, 2, 7.15
1747775106, 0, 0, 595, 595, 1, 8.46%, 0, 0, 2, 7.94
1747775111, 0, 0, 596, 596, 1, 8.46%, 0, 0, 2, 8.83
1747775116, 0, 0, 597, 597, 1, 8.46%, 0, 0, 2, 6.62
1747775121, 0, 0, 598, 598, 1, 8.46%, 0, 0, 2, 8.21
1747775126, 0, 0, 599, 599, 1, 8.46%, 0, 0, 2, 7.93
1747775131, 0, 0, 600, 600, 1, 8.46%, 0, 0, 2, 7.85
1747775136, 0, 0, 601, 601, 1, 8.46%, 0, 0, 2, 7.32
1747775141, 0, 0, 602, 602, 1, 8.46%, 0, 0, 2, 5.98
1747775151, 0, 0, 604, 604, 1, 8.46%, 0, 0, 2, 6.43
1747775157, 0, 0, 605, 605, 1, 8.46%, 0, 0, 2, 6.58
1747775162, 0, 0, 606, 606, 1, 8.46%, 0, 0, 2, 10.16
1747775167, 0, 0, 607, 607, 1, 8.46%, 0, 0, 2, 7.71
1747775172, 0, 0, 608, 608, 1, 8.46%, 0, 0, 2, 10.57
1747775177, 0, 0, 610, 610, 1, 8.46%, 0, 0, 2, 9.84
1747775182, 0, 0, 612, 612, 1, 8.46%, 0, 0, 2, 6.36
1747775198, 0, 0, 613, 613, 1, 8.46%, 0, 0, 2, 7.52
1747775204, 0, 0, 615, 615, 1, 8.46%, 0, 0, 2, 5.05
1747775209, 0, 0, 616, 616, 1, 8.46%, 0, 0, 2, 4.84
1747775214, 0, 0, 617, 617, 1, 8.46%, 0, 0, 2, 6.08
1747775224, 0, 0, 618, 618, 1, 8.46%, 0, 0, 2, 10.59
1747775229, 0, 0, 619, 619, 1, 8.46%, 0, 0, 2, 9.38
1747775239, 0, 0, 620, 620, 1, 8.46%, 0, 0, 2, 9.81
1747775250, 0, 0, 621, 621, 1, 8.46%, 0, 0, 2, 10.24
1747775260, 0, 0, 622, 622, 1, 8.46%, 0, 0, 2, 11.24
1747775265, 0, 0, 623, 623, 1, 8.46%, 0, 0, 2, 9.25
1747775281, 0, 0, 625, 625, 1, 8.46%, 0, 0, 2, 8.24
1747775286, 0, 0, 626, 626, 1, 8.46%, 0, 0, 2, 7.35
1747775291, 0, 0, 627, 627, 1, 8.46%, 0, 0, 2, 7.61
1747775296, 0, 0, 628, 628, 1, 8.46%, 0, 0, 2, 7.34
1747775311, 0, 0, 629, 629, 1, 8.46%, 0, 0, 2, 10.73
1747775317, 0, 0, 631, 631, 1, 8.46%, 0, 0, 2, 9.16
1747775332, 0, 0, 632, 632, 1, 8.46%, 0, 0, 2, 9.27
1747775337, 0, 0, 633, 633, 1, 8.46%, 0, 0, 2, 10.09
1747775343, 0, 0, 634, 634, 1, 8.46%, 0, 0, 2, 6.84
1747775348, 0, 0, 635, 635, 1, 8.46%, 0, 0, 2, 5.50
1747775353, 0, 0, 637, 637, 1, 8.46%, 0, 0, 2, 7.43
1747775358, 0, 0, 638, 638, 1, 8.46%, 0, 0, 2, 8.08
1747775364, 0, 0, 639, 639, 1, 8.46%, 0, 0, 2, 8.71
1747775369, 0, 0, 640, 640, 1, 8.46%, 0, 0, 2, 8.42
1747775374, 0, 0, 641, 641, 1, 8.46%, 0, 0, 2, 10.00
1747775379, 0, 0, 642, 642, 1, 8.46%, 0, 0, 2, 6.48
1747775384, 0, 0, 643, 643, 1, 8.46%, 0, 0, 2, 7.71
1747775389, 0, 0, 644, 644, 1, 8.46%, 0, 0, 2, 9.05
1747775394, 0, 0, 645, 645, 1, 8.46%, 0, 0, 2, 9.96
1747775399, 0, 0, 646, 646, 1, 8.46%, 0, 0, 2, 8.72
1747775405, 0, 0, 647, 647, 1, 8.46%, 0, 0, 2, 8.51
1747775410, 0, 0, 648, 648, 1, 8.46%, 0, 0, 2, 5.66
1747775415, 0, 0, 649, 649, 1, 8.46%, 0, 0, 2, 6.85
1747775425, 0, 0, 650, 650, 1, 8.46%, 0, 0, 2, 8.24
1747775430, 0, 0, 651, 651, 1, 8.46%, 0, 0, 2, 10.42
1747775456, 0, 0, 652, 652, 1, 8.46%, 0, 0, 2, 8.41
1747775466, 0, 0, 653, 653, 1, 8.46%, 0, 0, 2, 8.13
1747775471, 0, 0, 654, 654, 1, 8.46%, 0, 0, 2, 7.08
1747775476, 0, 0, 655, 655, 1, 8.46%, 0, 0, 2, 8.07
1747775492, 0, 0, 656, 656, 1, 8.46%, 0, 0, 2, 7.98
1747775497, 0, 0, 657, 657, 1, 8.46%, 0, 0, 2, 7.26
1747775502, 0, 0, 658, 658, 1, 8.46%, 0, 0, 2, 5.65
1747775507, 0, 0, 660, 660, 1, 8.46%, 0, 0, 2, 9.12
1747775517, 0, 0, 662, 662, 1, 8.46%, 0, 0, 2, 8.36
1747775522, 0, 0, 664, 664, 1, 8.47%, 0, 0, 2, 6.51
1747775533, 0, 0, 665, 665, 1, 8.47%, 0, 0, 2, 7.24
1747775543, 0, 0, 666, 666, 1, 8.47%, 0, 0, 2, 9.25
1747775553, 0, 0, 667, 667, 1, 8.47%, 0, 0, 2, 7.79
1747775574, 0, 0, 668, 668, 1, 8.47%, 0, 0, 2, 8.38
1747775579, 0, 0, 669, 669, 1, 8.47%, 0, 0, 2, 6.10
1747775584, 0, 0, 670, 670, 1, 8.47%, 0, 0, 2, 6.85
1747775590, 0, 0, 671, 671, 1, 8.47%, 0, 0, 2, 8.49
1747775600, 0, 0, 672, 672, 1, 8.47%, 0, 0, 2, 9.68
1747775620, 0, 0, 673, 673, 1, 8.47%, 0, 0, 2, 9.86
1747775625, 0, 0, 674, 674, 1, 8.47%, 0, 0, 2, 7.72
1747775646, 0, 0, 675, 675, 1, 8.47%, 0, 0, 2, 8.64
1747775651, 0, 0, 676, 676, 1, 8.47%, 0, 0, 2, 8.86
1747775656, 0, 0, 678, 678, 1, 8.47%, 0, 0, 2, 8.03
1747775672, 0, 0, 679, 679, 1, 8.47%, 0, 0, 2, 9.28
1747775682, 0, 0, 680, 680, 1, 8.47%, 0, 0, 2, 8.03
1747775687, 0, 0, 681, 681, 1, 8.48%, 0, 0, 2, 7.92
1747775697, 0, 0, 683, 683, 1, 8.48%, 0, 0, 2, 7.17
1747775719, 0, 0, 684, 684, 1, 8.48%, 0, 0, 2, 10.21
1747775739, 0, 0, 685, 685, 1, 8.48%, 0, 0, 2, 6.76
1747775745, 0, 0, 686, 686, 1, 8.48%, 0, 0, 2, 7.56
1747775755, 0, 0, 687, 687, 1, 8.48%, 0, 0, 2, 8.99
1747775766, 0, 0, 688, 688, 1, 8.48%, 0, 0, 2, 1.72
1747775776, 0, 0, 689, 689, 1, 8.48%, 0, 0, 2, 7.81
1747775791, 0, 0, 690, 690, 1, 8.48%, 0, 0, 2, 9.20
1747775832, 0, 0, 691, 691, 1, 8.48%, 0, 0, 2, 10.91
1747775842, 0, 0, 692, 692, 1, 8.48%, 0, 0, 2, 9.74
1747775848, 0, 0, 693, 693, 1, 8.48%, 0, 0, 2, 10.52
1747775853, 0, 0, 694, 694, 1, 8.48%, 0, 0, 2, 8.09
1747775894, 0, 0, 695, 695, 1, 8.48%, 0, 0, 2, 8.26
1747775899, 0, 0, 696, 696, 1, 8.48%, 0, 0, 2, 7.37
1747775910, 0, 0, 697, 697, 1, 8.48%, 0, 0, 2, 6.21
1747775992, 0, 0, 698, 698, 1, 8.48%, 0, 0, 2, 9.82
1747775997, 0, 0, 699, 699, 1, 8.48%, 0, 0, 2, 9.48
1747776018, 0, 0, 700, 700, 1, 8.48%, 0, 0, 2, 9.56
1747776028, 0, 0, 701, 701, 1, 8.70%, 0, 0, 2, 7.46
1747776043, 0, 0, 702, 702, 1, 8.70%, 0, 0, 2, 6.89
1747776059, 0, 0, 703, 703, 1, 8.70%, 0, 0, 2, 7.86
1747776064, 0, 0, 704, 704, 1, 8.70%, 0, 0, 2, 7.86
1747776074, 0, 0, 705, 705, 1, 8.70%, 0, 0, 2, 9.15
1747776089, 0, 0, 706, 706, 1, 8.70%, 0, 0, 2, 8.76
1747776094, 0, 0, 707, 707, 1, 8.70%, 0, 0, 2, 6.69
1747776104, 0, 0, 709, 709, 1, 8.70%, 0, 0, 2, 5.63
1747776120, 0, 0, 710, 710, 1, 8.79%, 0, 0, 2, 9.48
1747776140, 0, 0, 711, 711, 1, 8.79%, 0, 0, 2, 9.15
1747776145, 0, 0, 712, 712, 1, 8.79%, 0, 0, 2, 9.37
1747776161, 0, 0, 713, 713, 1, 8.79%, 0, 0, 2, 9.28
1747776176, 0, 0, 714, 714, 1, 8.79%, 0, 0, 2, 7.20
1747776202, 0, 0, 715, 715, 1, 8.79%, 0, 0, 2, 7.50
1747776207, 0, 0, 716, 716, 1, 8.79%, 0, 0, 2, 7.08
1747776213, 0, 0, 717, 717, 1, 8.81%, 0, 0, 2, 9.69
1747776228, 0, 0, 718, 718, 1, 8.81%, 0, 0, 2, 7.93
1747776233, 0, 0, 719, 719, 1, 8.81%, 0, 0, 2, 8.03
1747776259, 0, 0, 720, 720, 1, 8.81%, 0, 0, 2, 7.67
1747776294, 0, 0, 721, 721, 1, 8.81%, 0, 0, 2, 8.53
1747776341, 0, 0, 722, 722, 1, 8.81%, 0, 0, 2, 8.71
1747776356, 0, 0, 723, 723, 1, 8.81%, 0, 0, 2, 7.91
1747776366, 0, 0, 724, 724, 1, 8.81%, 0, 0, 2, 8.98
1747776402, 0, 0, 725, 725, 1, 8.81%, 0, 0, 2, 8.39
1747776418, 0, 0, 726, 726, 1, 8.81%, 0, 0, 2, 11.04
1747776423, 0, 0, 727, 727, 1, 8.81%, 0, 0, 2, 10.64
1747776433, 0, 0, 728, 728, 1, 8.81%, 0, 0, 2, 7.02
1747776464, 0, 0, 729, 729, 1, 8.81%, 0, 0, 2, 7.58
1747776474, 0, 0, 730, 730, 1, 8.81%, 0, 0, 2, 11.05
1747776500, 0, 0, 731, 731, 1, 8.81%, 0, 0, 2, 10.19
1747776506, 0, 0, 732, 732, 1, 8.81%, 0, 0, 2, 7.28
1747776521, 0, 0, 733, 733, 1, 8.81%, 0, 0, 2, 2.04
1747776547, 0, 0, 734, 734, 1, 8.81%, 0, 0, 2, 9.46
1747776558, 0, 0, 735, 735, 1, 8.81%, 0, 0, 2, 7.76
1747776640, 0, 0, 736, 736, 1, 8.84%, 0, 0, 2, 7.16
1747776661, 0, 0, 737, 737, 1, 8.84%, 0, 0, 2, 7.42
1747776681, 0, 0, 738, 738, 1, 8.84%, 0, 0, 2, 10.96
1747776687, 0, 0, 739, 739, 1, 8.84%, 0, 0, 2, 7.31
1747776697, 0, 0, 740, 740, 1, 8.84%, 0, 0, 2, 6.59
1747776702, 0, 0, 741, 741, 1, 8.84%, 0, 0, 2, 6.90
1747776764, 0, 0, 742, 742, 1, 8.84%, 0, 0, 2, 11.20
1747776779, 0, 0, 743, 743, 1, 8.84%, 0, 0, 2, 1.83
1747776805, 0, 1, 744, 743, 31, 8.84%, 0, 0, 2, 7.49
1747776816, 0, 1, 745, 744, 31, 8.84%, 0, 0, 2, 4.63
1747776821, 0, 1, 746, 745, 31, 8.84%, 0, 0, 2, 4.29
1747776826, 0, 1, 747, 746, 31, 8.84%, 0, 0, 2, 4.39
1747776842, 0, 1, 748, 747, 31, 8.84%, 0, 0, 2, 5.54
1747776852, 0, 1, 749, 748, 31, 8.84%, 0, 0, 2, 4.27
1747776857, 0, 1, 750, 749, 31, 8.84%, 0, 0, 2, 3.77
1747776863, 0, 1, 752, 751, 31, 8.84%, 0, 0, 2, 4.08
1747776868, 0, 1, 753, 752, 31, 8.86%, 0, 0, 2, 3.51
1747776889, 0, 1, 754, 753, 31, 8.86%, 0, 0, 2, 4.80
1747776894, 0, 1, 755, 754, 31, 8.86%, 0, 0, 2, 4.35
1747776904, 0, 1, 757, 756, 31, 8.86%, 0, 0, 2, 4.22
1747776925, 0, 1, 758, 757, 31, 8.86%, 0, 0, 2, 4.61
1747776930, 0, 1, 759, 758, 31, 8.86%, 0, 0, 2, 4.47
1747776941, 0, 1, 760, 759, 31, 8.86%, 0, 0, 2, 4.47
1747776951, 0, 1, 761, 760, 31, 8.86%, 0, 0, 2, 4.86
1747776961, 0, 1, 762, 761, 31, 8.86%, 0, 0, 2, 5.17
1747776972, 0, 1, 763, 762, 31, 8.86%, 0, 0, 2, 5.61
1747776982, 0, 1, 764, 763, 31, 8.86%, 0, 0, 2, 4.34
1747776993, 0, 1, 765, 764, 31, 8.86%, 0, 0, 2, 4.22
1747777008, 0, 1, 766, 765, 31, 8.86%, 0, 0, 2, 5.13
1747777013, 0, 1, 767, 766, 31, 8.86%, 0, 0, 2, 4.48
1747777019, 0, 1, 768, 767, 31, 8.86%, 0, 0, 2, 4.14
1747777024, 0, 1, 769, 768, 31, 8.86%, 0, 0, 2, 4.30
1747777029, 0, 1, 770, 769, 31, 8.86%, 0, 0, 2, 3.79
1747777034, 0, 1, 771, 770, 31, 8.86%, 0, 0, 2, 4.95
1747777050, 0, 1, 772, 771, 31, 8.86%, 0, 0, 2, 3.95
1747777060, 0, 1, 773, 772, 31, 8.86%, 0, 0, 2, 4.53
1747777065, 0, 1, 774, 773, 31, 8.86%, 0, 0, 2, 4.58
1747777075, 0, 1, 775, 774, 31, 8.86%, 0, 0, 2, 4.22
1747777081, 0, 1, 776, 775, 31, 8.86%, 0, 0, 2, 4.66
1747777091, 0, 1, 777, 776, 31, 8.86%, 0, 0, 2, 5.55
1747777096, 0, 1, 778, 777, 31, 8.86%, 0, 0, 2, 4.86
1747777122, 0, 1, 779, 778, 31, 8.86%, 0, 0, 2, 5.44
1747777127, 0, 1, 780, 779, 31, 8.86%, 0, 0, 2, 4.78
1747777143, 0, 1, 781, 780, 31, 8.86%, 0, 0, 2, 4.75
1747777184, 0, 1, 783, 782, 31, 8.86%, 0, 0, 2, 4.05
1747777200, 0, 1, 784, 783, 31, 8.86%, 0, 0, 2, 4.70
1747777210, 0, 1, 785, 784, 31, 8.86%, 0, 0, 2, 4.94
1747777220, 0, 1, 786, 785, 31, 8.86%, 0, 0, 2, 4.31
1747777246, 0, 1, 787, 786, 31, 8.86%, 0, 0, 2, 4.82
1747777251, 0, 1, 788, 787, 31, 8.86%, 0, 0, 2, 4.98
1747777261, 0, 1, 789, 788, 31, 8.86%, 0, 0, 2, 5.44
1747777272, 0, 1, 790, 789, 31, 8.86%, 0, 0, 2, 5.43
1747777292, 0, 1, 791, 790, 31, 8.86%, 0, 0, 2, 4.14
1747777298, 0, 1, 792, 791, 31, 8.86%, 0, 0, 2, 4.35
1747777303, 0, 1, 793, 792, 31, 8.86%, 0, 0, 2, 4.14
1747777314, 0, 1, 794, 793, 31, 8.86%, 0, 0, 2, 3.86
1747777329, 0, 1, 795, 794, 31, 8.86%, 0, 0, 2, 4.72
1747777339, 0, 1, 796, 795, 31, 8.86%, 0, 0, 2, 4.97
1747777344, 0, 1, 797, 796, 31, 8.86%, 0, 0, 2, 4.74
1747777386, 0, 1, 798, 797, 31, 8.86%, 0, 0, 2, 4.07
1747777391, 0, 1, 799, 798, 31, 8.86%, 0, 0, 2, 4.32
1747777443, 0, 1, 800, 799, 31, 8.86%, 0, 0, 2, 4.55
1747777448, 0, 1, 801, 800, 31, 8.86%, 0, 0, 2, 5.04
1747777453, 0, 1, 802, 801, 31, 8.86%, 0, 0, 2, 4.87
1747777485, 0, 1, 803, 802, 31, 8.86%, 0, 0, 2, 4.10
1747777495, 0, 1, 804, 803, 31, 8.86%, 0, 0, 2, 4.99
1747777500, 0, 1, 805, 804, 31, 8.86%, 0, 0, 2, 4.30
1747777505, 0, 1, 806, 805, 31, 8.86%, 0, 0, 2, 3.36
1747777510, 0, 1, 807, 806, 31, 8.86%, 0, 0, 2, 4.31
1747777521, 0, 1, 808, 807, 31, 8.86%, 0, 0, 2, 5.42
1747777536, 0, 1, 809, 808, 31, 8.86%, 0, 0, 2, 3.98
1747777551, 0, 1, 810, 809, 31, 8.86%, 0, 0, 2, 5.13
1747777597, 0, 1, 811, 810, 31, 8.86%, 0, 0, 2, 5.14
1747777608, 0, 1, 812, 811, 31, 8.86%, 0, 0, 2, 5.79
1747777613, 0, 1, 813, 812, 31, 8.86%, 0, 0, 2, 4.89
1747777618, 0, 1, 814, 813, 31, 8.86%, 0, 0, 2, 4.51
1747777623, 0, 1, 815, 814, 31, 8.86%, 0, 0, 2, 4.81
1747777664, 0, 1, 816, 815, 31, 8.86%, 0, 0, 2, 4.33
1747777706, 0, 1, 817, 816, 31, 8.86%, 0, 0, 2, 5.71
1747777721, 0, 1, 818, 817, 31, 8.86%, 0, 0, 2, 3.83
1747777726, 0, 1, 819, 818, 31, 8.86%, 0, 0, 2, 4.11
1747777752, 0, 1, 820, 819, 31, 8.86%, 0, 0, 2, 5.10
1747777768, 0, 1, 821, 820, 31, 8.86%, 0, 0, 2, 4.40
1747777779, 0, 1, 822, 821, 31, 8.86%, 0, 0, 2, 4.77
1747777789, 0, 1, 823, 822, 31, 8.86%, 0, 0, 2, 4.16
1747777804, 0, 2, 823, 822, 30, 8.86%, 0, 0, 2, 5.19
1747777809, 0, 2, 824, 823, 30, 8.86%, 0, 0, 2, 4.27
1747777815, 0, 2, 825, 824, 30, 8.86%, 0, 0, 2, 4.71
1747777820, 0, 2, 826, 825, 30, 8.86%, 0, 0, 2, 4.06
1747777830, 0, 2, 827, 826, 30, 8.86%, 0, 0, 2, 4.70
1747777840, 0, 2, 828, 827, 30, 8.86%, 0, 0, 2, 4.29
1747777871, 0, 2, 829, 828, 30, 8.86%, 0, 0, 2, 3.97
1747777882, 0, 2, 830, 829, 30, 8.86%, 0, 0, 2, 4.31
1747777918, 0, 2, 831, 830, 30, 8.86%, 0, 0, 2, 4.15
1747777933, 0, 2, 832, 831, 30, 8.86%, 0, 0, 2, 4.84
1747777939, 0, 2, 833, 832, 30, 8.86%, 0, 0, 2, 4.04
1747777944, 0, 2, 834, 833, 30, 8.86%, 0, 0, 2, 4.07
1747777955, 0, 2, 835, 834, 30, 8.86%, 0, 0, 2, 3.53
1747777960, 0, 2, 836, 835, 30, 8.86%, 0, 0, 2, 3.22
1747777971, 0, 2, 837, 836, 30, 8.86%, 0, 0, 2, 3.99
1747777986, 0, 2, 838, 837, 30, 8.86%, 0, 0, 2, 4.52
1747777996, 0, 2, 839, 838, 30, 8.86%, 0, 0, 2, 3.49
1747778007, 0, 2, 840, 839, 30, 8.86%, 0, 0, 2, 3.63
1747778017, 0, 2, 841, 840, 30, 8.86%, 0, 0, 2, 4.22
1747778022, 0, 2, 842, 841, 30, 8.87%, 0, 0, 2, 3.81
1747778032, 0, 2, 843, 842, 30, 8.87%, 0, 0, 2, 4.09
1747778043, 0, 2, 844, 843, 30, 8.87%, 0, 0, 2, 4.40
1747778074, 0, 2, 845, 844, 30, 8.87%, 0, 0, 2, 4.40
1747778095, 0, 2, 846, 845, 30, 8.87%, 0, 0, 2, 4.49
1747778131, 0, 2, 847, 846, 30, 8.88%, 0, 0, 2, 3.84
1747778157, 0, 2, 848, 847, 30, 8.88%, 0, 0, 2, 4.23
1747778188, 0, 2, 849, 848, 30, 8.88%, 0, 0, 2, 3.79
1747778194, 0, 2, 850, 849, 30, 8.88%, 0, 0, 2, 3.45
1747778199, 0, 2, 851, 850, 30, 8.93%, 0, 0, 2, 3.37
1747778204, 0, 2, 852, 851, 30, 8.93%, 0, 0, 2, 4.43
1747778215, 0, 2, 853, 852, 30, 8.93%, 0, 0, 2, 3.87
1747778225, 0, 2, 854, 853, 30, 8.93%, 0, 0, 2, 4.22
1747778241, 0, 2, 855, 854, 30, 8.93%, 0, 0, 2, 3.47
1747778246, 0, 2, 856, 855, 30, 8.93%, 0, 0, 2, 3.81
1747778293, 0, 2, 857, 856, 30, 8.93%, 0, 0, 2, 3.86
1747778298, 0, 2, 858, 857, 30, 8.93%, 0, 0, 2, 3.75
1747778303, 0, 2, 859, 858, 30, 8.93%, 0, 0, 2, 3.54
1747778334, 0, 2, 860, 859, 30, 8.93%, 0, 0, 2, 3.84
1747778401, 0, 2, 861, 860, 30, 8.93%, 0, 0, 2, 4.06
1747778417, 0, 2, 862, 861, 30, 8.93%, 0, 0, 2, 3.77
1747778531, 0, 2, 863, 862, 30, 8.93%, 0, 0, 2, 4.67
1747778587, 0, 2, 864, 863, 30, 8.93%, 0, 0, 2, 4.28
1747778623, 0, 2, 865, 864, 30, 8.93%, 0, 0, 2, 4.97
1747778628, 0, 2, 866, 865, 30, 8.94%, 0, 0, 2, 4.24
1747778645, 0, 2, 867, 866, 30, 8.94%, 0, 0, 2, 5.19
1747778665, 0, 2, 868, 867, 30, 8.94%, 0, 0, 2, 4.22
1747778680, 0, 2, 869, 868, 30, 8.94%, 0, 0, 2, 3.74
1747778784, 0, 2, 870, 869, 30, 8.94%, 0, 0, 2, 4.21
1747778837, 0, 3, 870, 869, 30, 8.94%, 0, 0, 2, 4.85
1747778852, 0, 3, 871, 870, 30, 8.94%, 0, 0, 2, 3.88
1747778889, 0, 3, 872, 871, 30, 8.94%, 0, 0, 2, 4.45
1747778920, 0, 3, 873, 872, 30, 8.94%, 0, 0, 2, 3.82
1747778930, 0, 3, 874, 873, 30, 8.94%, 0, 0, 2, 4.05
1747778935, 0, 3, 875, 874, 30, 8.94%, 0, 0, 2, 4.54
1747778946, 0, 3, 876, 875, 30, 8.95%, 0, 0, 2, 4.13
1747778966, 0, 3, 877, 876, 30, 8.95%, 0, 0, 2, 5.55
1747778977, 0, 3, 878, 877, 30, 8.96%, 0, 0, 2, 3.83
1747778987, 0, 3, 879, 878, 30, 8.96%, 0, 0, 2, 4.47
1747778998, 0, 3, 880, 879, 30, 8.96%, 0, 0, 2, 3.82
1747779003, 0, 3, 881, 880, 30, 8.96%, 0, 0, 2, 3.57
1747779034, 0, 3, 882, 881, 30, 8.96%, 0, 0, 2, 4.19
1747779039, 0, 3, 883, 882, 30, 8.96%, 0, 0, 2, 4.03
1747779060, 0, 3, 884, 883, 30, 8.96%, 0, 0, 2, 4.04
1747779065, 0, 3, 885, 884, 30, 8.96%, 0, 0, 2, 4.69
1747779075, 0, 3, 886, 885, 30, 8.96%, 0, 0, 2, 4.50
1747779122, 0, 3, 887, 886, 30, 8.96%, 0, 0, 2, 4.20
1747779132, 0, 3, 888, 887, 30, 8.96%, 0, 0, 2, 4.82
1747779200, 0, 3, 889, 888, 30, 8.96%, 0, 0, 2, 4.15
1747779226, 0, 3, 890, 889, 30, 8.98%, 0, 0, 2, 3.93
1747779273, 0, 3, 891, 890, 30, 8.98%, 0, 0, 2, 3.71
1747779294, 0, 3, 892, 891, 30, 8.98%, 0, 0, 2, 4.28
1747779304, 0, 3, 893, 892, 30, 8.98%, 0, 0, 2, 3.93
1747779320, 0, 3, 894, 893, 30, 8.98%, 0, 0, 2, 4.53
1747779325, 0, 3, 895, 894, 30, 8.98%, 0, 0, 2, 3.41
1747779330, 0, 3, 896, 895, 30, 8.98%, 0, 0, 2, 3.10
1747779341, 0, 3, 897, 896, 30, 8.98%, 0, 0, 2, 4.16
1747779383, 0, 3, 898, 897, 30, 8.98%, 0, 0, 2, 5.34
1747779445, 0, 3, 899, 898, 30, 8.98%, 0, 0, 2, 4.77
1747779507, 0, 3, 900, 899, 30, 8.98%, 0, 0, 2, 5.10
1747779533, 0, 3, 901, 900, 30, 8.98%, 0, 0, 2, 4.38
1747779549, 0, 3, 902, 901, 30, 8.98%, 0, 0, 2, 4.77
1747779564, 0, 3, 903, 902, 30, 8.98%, 0, 0, 2, 4.62
1747779575, 0, 3, 904, 903, 30, 8.98%, 0, 0, 2, 3.96
1747779601, 0, 3, 905, 904, 30, 8.98%, 0, 0, 2, 4.25
1747779622, 0, 3, 906, 905, 30, 8.98%, 0, 0, 2, 3.80
1747779637, 0, 3, 907, 906, 30, 8.98%, 0, 0, 2, 4.73
1747779725, 0, 3, 908, 907, 30, 8.98%, 0, 0, 2, 4.51
1747779731, 0, 3, 909, 908, 30, 8.98%, 0, 0, 2, 3.83
1747779751, 0, 3, 910, 909, 30, 8.98%, 0, 0, 2, 3.76
1747779772, 0, 3, 911, 910, 30, 8.98%, 0, 0, 2, 4.89
1747779782, 0, 3, 912, 911, 30, 8.98%, 0, 0, 2, 4.22
1747779787, 0, 3, 913, 912, 30, 8.98%, 0, 0, 2, 4.53
1747779798, 0, 3, 914, 913, 30, 8.98%, 0, 0, 2, 5.78
1747779839, 0, 4, 915, 914, 32, 8.98%, 0, 0, 2, 4.35
1747779844, 0, 4, 916, 915, 32, 8.98%, 0, 0, 2, 3.66
1747779849, 0, 4, 917, 916, 32, 8.98%, 0, 0, 2, 3.46
1747779875, 0, 4, 918, 917, 32, 8.98%, 0, 0, 2, 4.50
1747779927, 0, 4, 919, 918, 32, 8.98%, 0, 0, 2, 4.47
1747779953, 0, 4, 920, 919, 32, 8.98%, 0, 0, 2, 4.60
1747780005, 0, 4, 921, 920, 32, 8.98%, 0, 0, 2, 4.73
1747780016, 0, 4, 922, 921, 32, 8.98%, 0, 0, 2, 4.11
1747780031, 0, 4, 923, 922, 32, 8.98%, 0, 0, 2, 3.76
1747780037, 0, 4, 924, 923, 32, 8.98%, 0, 0, 2, 3.29
1747780058, 0, 4, 925, 924, 32, 8.98%, 0, 0, 2, 3.69
1747780063, 0, 4, 926, 925, 32, 8.98%, 0, 0, 2, 3.57
1747780079, 0, 4, 927, 926, 32, 9.00%, 0, 0, 2, 4.74
1747780130, 0, 4, 928, 927, 32, 9.00%, 0, 0, 2, 4.32
1747780167, 0, 4, 929, 928, 32, 9.00%, 0, 0, 2, 4.85
1747780183, 0, 4, 930, 929, 32, 9.00%, 0, 0, 2, 4.47
1747780235, 0, 4, 931, 930, 32, 9.00%, 0, 0, 2, 5.21
1747780276, 0, 4, 932, 931, 32, 9.00%, 0, 0, 2, 4.37
1747780317, 0, 4, 933, 932, 32, 9.00%, 0, 0, 2, 4.99
1747780333, 0, 4, 934, 933, 32, 9.01%, 0, 0, 2, 4.09
1747780432, 0, 4, 935, 934, 32, 9.01%, 0, 0, 2, 4.00
1747780463, 0, 4, 936, 935, 32, 9.01%, 0, 0, 2, 4.85
1747780478, 0, 4, 937, 936, 32, 9.01%, 0, 0, 2, 3.81
1747780582, 0, 4, 938, 937, 32, 9.01%, 0, 0, 2, 7.34
1747780587, 0, 4, 939, 938, 32, 9.01%, 0, 0, 2, 7.59
1747780602, 0, 4, 940, 939, 32, 9.01%, 0, 0, 2, 8.67
1747780618, 0, 4, 941, 940, 32, 9.01%, 0, 0, 2, 8.92
1747780638, 0, 4, 942, 941, 32, 9.01%, 0, 0, 2, 7.21
1747780649, 0, 4, 944, 943, 32, 9.01%, 0, 0, 2, 6.80
1747780669, 0, 4, 945, 944, 32, 9.01%, 0, 0, 2, 6.44
1747780695, 0, 5, 945, 944, 32, 9.01%, 0, 0, 2, 7.86
1747780710, 0, 6, 945, 944, 32, 9.01%, 0, 0, 2, 7.81
1747780726, 0, 7, 946, 945, 32, 9.01%, 0, 0, 2, 7.85
1747780741, 0, 7, 947, 946, 32, 9.01%, 0, 0, 2, 7.58
1747780746, 0, 7, 948, 947, 32, 9.02%, 0, 0, 2, 6.23
1747780757, 0, 7, 949, 948, 32, 9.02%, 0, 0, 2, 5.48
1747780772, 0, 7, 950, 949, 32, 9.02%, 0, 0, 2, 6.06
1747780783, 0, 7, 951, 950, 32, 9.02%, 0, 0, 2, 6.04
1747780788, 0, 7, 952, 951, 32, 9.02%, 0, 0, 2, 7.33
1747780881, 0, 7, 953, 952, 32, 9.02%, 0, 0, 2, 6.84
1747780933, 0, 7, 954, 953, 32, 9.02%, 0, 0, 2, 5.81
1747780943, 0, 7, 955, 954, 32, 9.02%, 0, 0, 2, 6.31
1747780984, 0, 7, 956, 955, 32, 9.02%, 0, 0, 2, 9.35
1747781025, 0, 7, 957, 956, 32, 9.02%, 0, 0, 2, 7.00
1747781036, 0, 7, 958, 957, 32, 9.02%, 0, 0, 2, 6.19
1747781046, 0, 7, 959, 958, 32, 9.02%, 0, 0, 2, 6.00
1747781067, 0, 7, 960, 959, 32, 9.02%, 0, 0, 2, 8.08
1747781072, 0, 7, 961, 960, 32, 9.02%, 0, 0, 2, 6.72
1747781154, 0, 7, 962, 961, 32, 9.02%, 0, 0, 2, 9.42
1747781165, 0, 7, 963, 962, 32, 9.02%, 0, 0, 2, 7.87
1747781175, 0, 7, 965, 964, 32, 9.02%, 0, 0, 2, 7.73
1747781190, 0, 7, 966, 965, 32, 9.02%, 0, 0, 2, 6.90
1747781221, 0, 7, 967, 966, 32, 9.02%, 0, 0, 2, 7.51
1747781283, 0, 8, 967, 966, 31, 9.02%, 0, 0, 2, 7.97
1747781298, 0, 9, 967, 966, 31, 9.02%, 0, 0, 2, 8.27
1747781313, 0, 10, 967, 966, 31, 9.02%, 0, 0, 2, 7.91
1747781324, 0, 10, 969, 968, 31, 9.03%, 0, 0, 2, 5.06
1747781339, 0, 10, 970, 969, 31, 9.03%, 0, 0, 2, 7.69
1747781360, 0, 10, 971, 970, 31, 9.03%, 0, 0, 2, 8.93
1747781411, 0, 10, 972, 971, 31, 9.03%, 0, 0, 2, 7.14
1747781437, 0, 10, 973, 972, 31, 9.03%, 0, 0, 2, 7.40
1747781463, 0, 10, 974, 973, 31, 9.03%, 0, 0, 2, 8.96
1747781530, 0, 10, 975, 974, 31, 9.03%, 0, 0, 2, 6.82
1747781551, 0, 10, 976, 975, 31, 9.03%, 0, 0, 2, 8.46
1747781556, 0, 10, 978, 977, 31, 9.03%, 0, 0, 2, 6.89
1747781597, 0, 10, 979, 978, 31, 9.03%, 0, 0, 2, 6.20
1747781654, 0, 10, 981, 980, 31, 9.03%, 0, 0, 2, 6.66
1747781700, 0, 10, 982, 981, 31, 9.03%, 0, 0, 2, 7.31
1747781705, 0, 10, 983, 982, 31, 9.03%, 0, 0, 2, 6.07
1747781720, 0, 10, 984, 983, 31, 9.03%, 0, 0, 2, 9.99
1747781802, 0, 10, 985, 984, 31, 9.03%, 0, 0, 2, 6.99
1747781848, 0, 10, 986, 985, 31, 9.03%, 0, 0, 2, 8.42
1747781854, 0, 11, 986, 985, 31, 9.03%, 0, 0, 2, 8.06
1747781869, 0, 12, 986, 985, 31, 9.03%, 0, 0, 2, 7.51
1747781884, 0, 16, 986, 985, 31, 9.03%, 0, 0, 2, 8.53
1747781900, 0, 17, 986, 985, 31, 9.03%, 0, 0, 2, 8.16
1747781905, 0, 17, 987, 986, 31, 9.03%, 0, 0, 2, 7.30
1747781926, 0, 17, 988, 987, 31, 9.03%, 0, 0, 2, 6.83
1747781936, 0, 17, 989, 988, 31, 9.03%, 0, 0, 2, 6.34
1747781982, 0, 17, 990, 989, 31, 9.03%, 0, 0, 2, 6.92
1747782008, 0, 17, 991, 990, 31, 9.03%, 0, 0, 2, 6.24
1747782080, 0, 17, 992, 991, 31, 9.03%, 0, 0, 2, 8.47
1747782182, 0, 17, 993, 992, 31, 9.03%, 0, 0, 2, 7.74
1747782193, 0, 17, 994, 993, 31, 9.03%, 0, 0, 2, 7.75
1747782235, 0, 17, 995, 994, 31, 9.03%, 0, 0, 2, 9.41
1747782255, 0, 17, 996, 995, 31, 9.03%, 0, 0, 2, 8.05
1747782276, 0, 17, 997, 996, 31, 9.04%, 0, 0, 2, 6.20
1747782322, 0, 17, 998, 997, 31, 9.04%, 0, 0, 2, 7.10
1747782347, 0, 17, 999, 998, 31, 9.04%, 0, 0, 2, 7.00
1747782394, 0, 17, 1000, 999, 31, 9.04%, 0, 0, 2, 7.00
1747782445, 0, 17, 1001, 1000, 31, 9.04%, 0, 0, 2, 8.31
1747782455, 0, 20, 1001, 1000, 32, 9.04%, 0, 0, 2, 8.37
1747782470, 0, 21, 1001, 1000, 32, 9.04%, 0, 0, 2, 7.92
1747782486, 0, 22, 1001, 1000, 32, 9.04%, 0, 0, 2, 8.29
1747782501, 0, 23, 1001, 1000, 32, 9.04%, 0, 0, 2, 7.66
1747782517, 0, 25, 1001, 1000, 32, 9.04%, 0, 0, 2, 8.53
1747782532, 0, 26, 1001, 1000, 32, 9.04%, 0, 0, 2, 8.53
1747782553, 0, 27, 1001, 1000, 32, 9.04%, 0, 0, 2, 7.90
1747782563, 0, 27, 1002, 1001, 32, 9.04%, 0, 0, 2, 6.95
1747782589, 0, 28, 1002, 1001, 32, 9.04%, 0, 0, 2, 8.21
1747782604, 0, 29, 1003, 1002, 32, 9.04%, 0, 0, 2, 7.27
1747782625, 0, 29, 1004, 1003, 32, 9.04%, 0, 0, 2, 7.53
1747782635, 0, 29, 1005, 1004, 32, 9.04%, 0, 0, 2, 7.05
1747782743, 0, 30, 1005, 1004, 32, 9.04%, 0, 0, 2, 8.32
1747782759, 0, 31, 1005, 1004, 32, 9.04%, 0, 0, 2, 8.62
1747782774, 0, 32, 1005, 1004, 32, 9.04%, 0, 0, 2, 7.79
1747782779, 0, 32, 1006, 1005, 32, 9.04%, 0, 0, 2, 6.29
1747782810, 0, 33, 1006, 1005, 32, 9.04%, 0, 0, 2, 7.94
1747782826, 0, 38, 1006, 1005, 32, 9.04%, 0, 0, 2, 8.45
1747782831, 0, 38, 1007, 1006, 32, 9.04%, 0, 0, 2, 6.68
1747782862, 0, 39, 1008, 1007, 32, 9.04%, 0, 0, 2, 8.37
1747782888, 0, 39, 1009, 1008, 32, 9.04%, 0, 0, 2, 8.02
1747782934, 0, 41, 1009, 1008, 31, 9.04%, 0, 0, 2, 7.22
1747782950, 0, 42, 1009, 1008, 31, 9.04%, 0, 0, 2, 9.25
1747782965, 0, 43, 1009, 1008, 31, 9.04%, 0, 0, 2, 8.90
1747782980, 0, 44, 1009, 1008, 31, 9.04%, 0, 0, 2, 6.64
1747782996, 0, 45, 1009, 1008, 31, 9.04%, 0, 0, 2, 8.67
1747783011, 0, 47, 1010, 1009, 31, 9.04%, 0, 0, 2, 8.79
1747783021, 0, 47, 1011, 1010, 31, 9.04%, 0, 0, 2, 7.22
1747783063, 0, 47, 1012, 1011, 31, 9.04%, 0, 0, 2, 7.01
1747783099, 0, 47, 1013, 1012, 31, 9.04%, 0, 0, 2, 6.05
1747783269, 0, 47, 1014, 1013, 31, 9.04%, 0, 0, 2, 6.82
1747783279, 0, 47, 1015, 1014, 31, 9.04%, 0, 0, 2, 9.99
1747783295, 0, 47, 1016, 1015, 31, 9.04%, 0, 0, 2, 7.89
1747783357, 0, 47, 1017, 1016, 31, 9.04%, 0, 0, 2, 7.53
1747783373, 0, 47, 1018, 1017, 31, 9.04%, 0, 0, 2, 6.42
1747783393, 0, 47, 1019, 1018, 31, 9.04%, 0, 0, 2, 5.85
1747783414, 0, 47, 1020, 1019, 31, 9.04%, 0, 0, 2, 6.71
1747783481, 0, 47, 1021, 1020, 31, 9.04%, 0, 0, 2, 7.77
1747783553, 0, 47, 1022, 1021, 31, 9.04%, 0, 0, 2, 4.15
1747783563, 0, 48, 1022, 1021, 30, 9.04%, 0, 0, 2, 8.08
1747783578, 0, 49, 1022, 1021, 30, 9.04%, 0, 0, 2, 7.88
1747783598, 0, 51, 1022, 1021, 30, 9.04%, 0, 0, 2, 8.77
1747783614, 0, 52, 1022, 1021, 30, 9.04%, 0, 0, 2, 8.52
1747783624, 0, 52, 1023, 1022, 30, 9.04%, 0, 0, 2, 8.26
1747783661, 0, 54, 1023, 1022, 30, 9.04%, 0, 0, 2, 4.28
1747783682, 0, 56, 1024, 1023, 30, 9.04%, 0, 0, 2, 6.67
1747783713, 0, 57, 1024, 1023, 30, 9.04%, 0, 0, 2, 7.61
1747783718, 0, 57, 1025, 1024, 30, 9.04%, 0, 0, 2, 6.67
1747783729, 0, 57, 1026, 1025, 30, 9.04%, 0, 0, 2, 6.93
1747783775, 0, 57, 1027, 1026, 30, 9.04%, 0, 0, 2, 7.42
1747783847, 0, 58, 1027, 1026, 30, 9.04%, 0, 0, 2, 8.67
1747783862, 0, 59, 1027, 1026, 30, 9.04%, 0, 0, 2, 8.58
1747783878, 0, 60, 1027, 1026, 30, 9.04%, 0, 0, 2, 8.12
1747783898, 0, 62, 1027, 1026, 30, 9.04%, 0, 0, 2, 8.01
1747783914, 0, 63, 1027, 1026, 30, 9.04%, 0, 0, 2, 7.79
1747783929, 0, 65, 1028, 1027, 30, 9.05%, 0, 0, 2, 6.32
1747783944, 0, 65, 1029, 1028, 30, 9.05%, 0, 0, 2, 5.64
1747783970, 0, 65, 1030, 1029, 30, 9.05%, 0, 0, 2, 7.59
1747783996, 0, 65, 1031, 1030, 30, 9.05%, 0, 0, 2, 8.05
1747784063, 0, 65, 1032, 1031, 30, 9.05%, 0, 0, 2, 5.93
1747784115, 0, 65, 1033, 1032, 30, 9.05%, 0, 0, 2, 5.12
1747784120, 0, 65, 1034, 1033, 30, 9.05%, 0, 0, 2, 5.31
1747784161, 0, 65, 1035, 1034, 30, 9.05%, 0, 0, 2, 3.99
1747784171, 0, 65, 1036, 1035, 30, 9.05%, 0, 0, 2, 5.00
1747784301, 0, 65, 1037, 1036, 30, 9.05%, 0, 0, 2, 3.73
1747784369, 0, 65, 1038, 1037, 30, 9.05%, 0, 0, 2, 4.49
1747784384, 0, 65, 1039, 1038, 30, 9.05%, 0, 0, 2, 5.14
1747784716, 0, 65, 1040, 1039, 30, 9.05%, 0, 0, 2, 3.72
1747784747, 0, 66, 1040, 1039, 31, 9.05%, 0, 0, 2, 4.34
1747784778, 0, 67, 1040, 1039, 31, 9.05%, 0, 0, 2, 5.02
1747784789, 0, 67, 1041, 1040, 31, 9.05%, 0, 0, 2, 4.03
1747784810, 0, 67, 1042, 1041, 31, 9.05%, 0, 0, 2, 4.89
1747784903, 0, 68, 1042, 1041, 31, 9.05%, 0, 0, 2, 4.85
1747784934, 0, 69, 1042, 1041, 31, 9.05%, 0, 0, 2, 4.77
1747784960, 0, 70, 1042, 1041, 31, 9.05%, 0, 0, 2, 4.57
1747784965, 0, 70, 1043, 1042, 31, 9.05%, 0, 0, 2, 3.33
1747785006, 0, 70, 1044, 1043, 31, 9.05%, 0, 0, 2, 4.92
1747785084, 0, 71, 1044, 1043, 31, 9.05%, 0, 0, 2, 4.89
1747785089, 0, 71, 1045, 1044, 31, 9.05%, 0, 0, 2, 4.20
1747785150, 0, 72, 1045, 1044, 31, 9.05%, 0, 0, 2, 4.79
1747785156, 0, 72, 1046, 1045, 31, 9.05%, 0, 0, 2, 3.86
1747785176, 0, 72, 1047, 1046, 31, 9.05%, 0, 0, 2, 4.92
1747785182, 0, 72, 1048, 1047, 31, 9.05%, 0, 0, 2, 4.43
1747785332, 0, 72, 1048, 1047, 31, 9.05%, 1, 0, 2, 4.80
1747785348, 0, 72, 1048, 1047, 31, 9.05%, 2, 0, 2, 5.13
1747785389, 0, 73, 1048, 1047, 31, 9.05%, 2, 0, 2, 5.10
1747785420, 0, 74, 1048, 1047, 31, 9.05%, 2, 0, 2, 4.84
1747785451, 0, 75, 1049, 1048, 31, 9.05%, 2, 0, 2, 4.89
1747785462, 0, 75, 1050, 1049, 31, 9.05%, 2, 0, 2, 3.52
1747785493, 0, 75, 1051, 1050, 31, 9.05%, 2, 0, 2, 3.96
1747785602, 0, 75, 1052, 1051, 31, 9.05%, 2, 0, 2, 4.68
1747785660, 0, 75, 1053, 1052, 31, 9.11%, 2, 0, 2, 4.50
1747785759, 0, 75, 1053, 1052, 31, 9.11%, 3, 0, 2, 4.66
1747785909, 0, 75, 1054, 1053, 31, 9.11%, 3, 0, 2, 3.53
1747785972, 0, 75, 1055, 1054, 31, 9.11%, 3, 0, 2, 4.12
1747786018, 0, 75, 1056, 1055, 31, 9.11%, 3, 0, 2, 4.30
1747786024, 0, 75, 1057, 1056, 31, 9.11%, 3, 0, 2, 4.21
1747786075, 0, 75, 1057, 1056, 31, 9.11%, 4, 0, 2, 5.09
1747786092, 0, 75, 1058, 1057, 31, 9.11%, 4, 0, 2, 3.90
1747786327, 0, 75, 1058, 1057, 31, 9.11%, 5, 0, 2, 4.91
1747786431, 0, 76, 1058, 1057, 29, 9.11%, 5, 0, 2, 5.51
1747786463, 0, 77, 1058, 1057, 29, 9.11%, 5, 0, 2, 4.58
1747786494, 0, 78, 1058, 1057, 29, 9.11%, 5, 0, 2, 4.59
1747786525, 0, 80, 1058, 1057, 29, 9.11%, 5, 0, 2, 4.51
1747786556, 0, 81, 1058, 1057, 29, 9.11%, 5, 0, 2, 4.55
1747786582, 0, 82, 1058, 1057, 29, 9.11%, 5, 0, 2, 5.11
1747786613, 0, 84, 1058, 1057, 29, 9.11%, 5, 0, 2, 5.30
1747786639, 0, 85, 1058, 1057, 29, 9.11%, 5, 0, 2, 5.27
1747786671, 0, 86, 1058, 1057, 29, 9.11%, 5, 0, 2, 4.84
1747786703, 0, 87, 1058, 1057, 29, 9.11%, 5, 0, 2, 4.34
1747786735, 0, 90, 1058, 1057, 29, 9.11%, 5, 0, 2, 4.66
1747786761, 0, 91, 1058, 1057, 29, 9.11%, 5, 0, 2, 5.49
1747786793, 0, 92, 1058, 1057, 29, 9.11%, 5, 0, 2, 4.23
1747786824, 0, 94, 1058, 1057, 29, 9.11%, 5, 0, 2, 4.64
1747786856, 0, 95, 1058, 1057, 29, 9.11%, 5, 0, 2, 4.71
1747786882, 0, 97, 1058, 1057, 29, 9.11%, 5, 0, 2, 4.49
1747786918, 0, 98, 1058, 1057, 29, 9.11%, 5, 0, 2, 3.97
1747786928, 0, 98, 1058, 1057, 29, 9.11%, 6, 0, 2, 3.93
1747786949, 0, 99, 1058, 1057, 29, 9.11%, 6, 0, 2, 4.56
1747786954, 0, 99, 1059, 1058, 29, 9.11%, 6, 0, 2, 3.38
1747786980, 0, 99, 1059, 1058, 29, 9.11%, 7, 0, 2, 4.12
1747787001, 0, 99, 1059, 1058, 29, 9.11%, 8, 0, 2, 4.32
1747787016, 0, 100, 1059, 1058, 29, 9.11%, 8, 0, 2, 5.01
1747787048, 0, 101, 1059, 1058, 29, 9.11%, 8, 0, 2, 4.66
1747787074, 0, 103, 1059, 1058, 29, 9.11%, 8, 0, 2, 4.47
1747787106, 0, 104, 1059, 1058, 29, 9.11%, 8, 0, 2, 5.04
1747787132, 0, 109, 1059, 1058, 29, 9.11%, 8, 0, 2, 4.24
1747787163, 0, 110, 1059, 1058, 29, 9.11%, 8, 0, 2, 4.58
1747787200, 0, 111, 1059, 1058, 29, 9.11%, 8, 0, 2, 5.40
1747787226, 0, 112, 1059, 1058, 29, 9.11%, 8, 0, 2, 4.28
1747787257, 0, 113, 1059, 1058, 29, 9.11%, 8, 0, 2, 4.20
1747787283, 0, 113, 1060, 1059, 29, 9.11%, 8, 0, 2, 3.27
1747787319, 0, 114, 1060, 1059, 29, 9.11%, 8, 0, 2, 5.34
1747787350, 0, 115, 1060, 1059, 29, 9.11%, 8, 0, 2, 4.54
1747787382, 0, 116, 1060, 1059, 29, 9.11%, 8, 0, 2, 4.39
1747787414, 0, 117, 1060, 1059, 29, 9.11%, 8, 0, 2, 4.62
1747787445, 0, 118, 1060, 1059, 29, 9.11%, 8, 0, 2, 4.59
1747787472, 0, 119, 1060, 1059, 29, 9.11%, 8, 0, 2, 4.59
1747787487, 0, 119, 1061, 1060, 29, 9.11%, 8, 0, 2, 3.62
1747787534, 0, 119, 1062, 1061, 29, 9.11%, 8, 0, 2, 4.22
1747787550, 0, 119, 1062, 1061, 29, 9.11%, 9, 0, 2, 4.73
1747787571, 0, 119, 1063, 1062, 29, 9.11%, 9, 0, 2, 3.64
1747787576, 0, 119, 1064, 1063, 29, 9.11%, 9, 0, 2, 3.88
1747787608, 0, 119, 1064, 1063, 29, 9.11%, 10, 0, 2, 4.76
1747787801, 0, 119, 1064, 1063, 29, 9.11%, 11, 0, 2, 4.39
1747787817, 0, 119, 1065, 1064, 29, 9.11%, 11, 0, 2, 4.05
1747787895, 0, 119, 1065, 1064, 29, 9.11%, 12, 0, 2, 4.21
1747787952, 0, 119, 1066, 1065, 29, 9.11%, 12, 0, 2, 3.78
1747788004, 0, 119, 1067, 1066, 29, 9.11%, 12, 0, 2, 3.42
1747788165, 0, 119, 1068, 1067, 29, 9.11%, 12, 0, 2, 4.05
1747788207, 0, 119, 1068, 1067, 29, 9.11%, 13, 0, 2, 4.51
1747788321, 0, 119, 1069, 1068, 29, 9.11%, 13, 0, 2, 5.12
1747788337, 0, 119, 1070, 1069, 29, 9.11%, 13, 0, 2, 5.05
1747788347, 0, 119, 1071, 1070, 29, 9.11%, 13, 0, 2, 3.14
1747788503, 0, 121, 1071, 1070, 30, 9.11%, 13, 0, 2, 4.69
1747788535, 0, 122, 1071, 1070, 30, 9.11%, 13, 0, 2, 4.54
1747788556, 0, 122, 1072, 1071, 30, 9.11%, 13, 0, 2, 4.08
1747788597, 0, 123, 1072, 1071, 30, 9.11%, 13, 0, 2, 5.24
1747788623, 0, 123, 1072, 1071, 30, 9.11%, 14, 0, 2, 4.82
1747788629, 0, 124, 1072, 1071, 30, 9.11%, 14, 0, 2, 4.95
1747788634, 0, 124, 1073, 1072, 30, 9.11%, 14, 0, 2, 3.85
1747788691, 0, 126, 1073, 1072, 30, 9.11%, 14, 0, 2, 4.62
1747788723, 0, 127, 1073, 1072, 30, 9.11%, 14, 0, 2, 4.19
1747788755, 0, 128, 1073, 1072, 30, 9.11%, 14, 0, 2, 4.69
1747788786, 0, 129, 1073, 1072, 30, 9.11%, 14, 0, 2, 4.47
1747788817, 0, 130, 1073, 1072, 30, 9.11%, 14, 0, 2, 4.21
1747788844, 0, 130, 1074, 1073, 30, 9.11%, 14, 0, 2, 3.52
1747788880, 0, 132, 1074, 1073, 30, 9.11%, 14, 0, 2, 5.02
1747788911, 0, 134, 1074, 1073, 30, 9.11%, 14, 0, 2, 4.16
1747788941, 0, 137, 1074, 1073, 30, 9.11%, 14, 0, 2, 4.91
1747788973, 0, 138, 1074, 1073, 30, 9.11%, 14, 0, 2, 4.64
1747788983, 0, 138, 1075, 1074, 30, 9.11%, 14, 0, 2, 4.35
1747788988, 0, 138, 1075, 1074, 30, 9.11%, 15, 0, 2, 4.36
1747789040, 0, 139, 1075, 1074, 30, 9.11%, 15, 0, 2, 4.04
1747789067, 0, 142, 1075, 1074, 30, 9.11%, 15, 0, 2, 4.82
1747789098, 0, 143, 1075, 1074, 30, 9.11%, 15, 0, 2, 5.30
1747789113, 0, 143, 1075, 1074, 30, 9.11%, 16, 0, 2, 4.18
1747789129, 0, 144, 1075, 1074, 30, 9.11%, 16, 0, 2, 4.69
1747789155, 0, 145, 1075, 1074, 30, 9.11%, 16, 0, 2, 4.93
1747789187, 0, 146, 1075, 1074, 30, 9.11%, 16, 0, 2, 4.69
1747789218, 0, 148, 1075, 1074, 30, 9.11%, 16, 0, 2, 4.94
1747789244, 0, 150, 1075, 1074, 30, 9.11%, 16, 0, 2, 4.69
1747789270, 0, 151, 1075, 1074, 30, 9.11%, 16, 0, 2, 4.93
1747789306, 0, 152, 1075, 1074, 30, 9.11%, 16, 0, 2, 4.49
1747789336, 0, 153, 1075, 1074, 30, 9.11%, 16, 0, 2, 4.99
1747789352, 0, 153, 1075, 1074, 30, 9.11%, 17, 0, 2, 3.88
1747789368, 0, 154, 1076, 1075, 30, 9.11%, 17, 0, 2, 5.24
1747789430, 0, 157, 1076, 1075, 30, 9.11%, 17, 0, 2, 4.61
1747789462, 0, 158, 1076, 1075, 30, 9.11%, 17, 0, 2, 4.36
1747789488, 0, 159, 1076, 1075, 30, 9.11%, 17, 0, 2, 5.20
1747789519, 0, 160, 1076, 1075, 30, 9.11%, 17, 0, 2, 5.52
1747789535, 0, 160, 1077, 1076, 30, 9.11%, 17, 0, 2, 3.26
1747789581, 0, 161, 1077, 1076, 30, 9.11%, 17, 0, 2, 4.59
1747789612, 0, 162, 1077, 1076, 30, 9.11%, 17, 0, 2, 4.72
1747789644, 0, 163, 1077, 1076, 30, 9.11%, 17, 0, 2, 4.74
1747789671, 0, 165, 1077, 1076, 30, 9.11%, 17, 0, 2, 5.40
1747789702, 0, 166, 1077, 1076, 30, 9.11%, 17, 0, 2, 4.65
1747789728, 0, 166, 1078, 1077, 30, 9.11%, 17, 0, 2, 4.83
1747789759, 0, 167, 1078, 1077, 30, 9.11%, 17, 0, 2, 4.71
1747789791, 0, 168, 1078, 1077, 30, 9.11%, 17, 0, 2, 4.94
1747789822, 0, 172, 1078, 1077, 30, 9.11%, 17, 0, 2, 4.49
1747789853, 0, 174, 1078, 1077, 30, 9.11%, 17, 0, 2, 4.32
1747789880, 0, 175, 1078, 1077, 30, 9.11%, 17, 0, 2, 4.44
1747789911, 0, 177, 1078, 1077, 30, 9.11%, 17, 0, 2, 4.96
1747789941, 0, 178, 1078, 1077, 30, 9.11%, 17, 0, 2, 4.80
1747789972, 0, 179, 1078, 1077, 30, 9.11%, 17, 0, 2, 4.62
1747790003, 0, 181, 1078, 1077, 30, 9.11%, 17, 0, 2, 5.45
1747790019, 0, 181, 1079, 1078, 30, 9.11%, 17, 0, 2, 5.52
1747790029, 0, 181, 1079, 1078, 30, 9.11%, 18, 0, 2, 4.65
1747790060, 0, 182, 1079, 1078, 30, 9.11%, 18, 0, 2, 4.21
1747790087, 0, 183, 1079, 1078, 30, 9.11%, 18, 0, 2, 4.33
1747790123, 0, 185, 1079, 1078, 30, 9.11%, 18, 0, 2, 4.46
1747790149, 0, 186, 1079, 1078, 30, 9.11%, 18, 0, 2, 5.06
1747790181, 0, 187, 1079, 1078, 30, 9.11%, 18, 0, 2, 4.57
1747790212, 0, 188, 1079, 1078, 30, 9.11%, 18, 0, 2, 4.30
1747790243, 0, 189, 1079, 1078, 30, 9.11%, 18, 0, 2, 4.42
1747790275, 0, 192, 1079, 1078, 30, 9.11%, 18, 0, 2, 4.26
1747790306, 0, 193, 1079, 1078, 30, 9.11%, 18, 0, 2, 4.44
1747790338, 0, 194, 1079, 1078, 30, 9.11%, 18, 0, 2, 4.47
1747790369, 0, 196, 1079, 1078, 30, 9.11%, 18, 0, 2, 5.19
1747790379, 0, 196, 1080, 1079, 30, 9.11%, 18, 0, 2, 4.08
1747790437, 0, 197, 1080, 1079, 30, 9.11%, 18, 0, 2, 4.48
1747790468, 0, 202, 1080, 1079, 30, 9.11%, 18, 0, 2, 4.81
1747790494, 0, 205, 1081, 1080, 30, 9.11%, 18, 0, 2, 4.41
1747790520, 0, 205, 1082, 1081, 30, 9.11%, 18, 0, 2, 3.74
1747790547, 0, 205, 1083, 1082, 30, 9.11%, 18, 0, 2, 4.15
1747790647, 0, 205, 1083, 1082, 30, 9.11%, 19, 0, 2, 4.92
1747790756, 0, 206, 1083, 1082, 30, 9.11%, 19, 0, 2, 4.66
1747790782, 0, 207, 1083, 1082, 30, 9.11%, 19, 0, 2, 4.98
1747790813, 0, 208, 1083, 1082, 30, 9.11%, 19, 0, 2, 4.85
1747790824, 0, 208, 1084, 1083, 30, 9.11%, 19, 0, 2, 5.15
1747790875, 0, 209, 1084, 1083, 30, 9.11%, 19, 0, 2, 5.52
1747790906, 0, 210, 1084, 1083, 30, 9.11%, 19, 0, 2, 4.37
1747790932, 0, 211, 1084, 1083, 30, 9.11%, 19, 0, 2, 4.82
1747790969, 0, 212, 1084, 1083, 30, 9.11%, 19, 0, 2, 4.01
1747790995, 0, 215, 1084, 1083, 30, 9.11%, 19, 0, 2, 4.73
1747791010, 0, 215, 1084, 1083, 30, 9.11%, 20, 0, 2, 4.56
1747791021, 0, 215, 1085, 1084, 30, 9.11%, 20, 0, 2, 4.15
1747791057, 0, 216, 1085, 1084, 30, 9.11%, 20, 0, 2, 4.56
1747791089, 0, 218, 1085, 1084, 30, 9.11%, 20, 0, 2, 4.09
1747791120, 0, 219, 1085, 1084, 30, 9.11%, 20, 0, 2, 4.87
1747791151, 0, 220, 1085, 1084, 30, 9.11%, 20, 0, 2, 4.50
1747791178, 0, 221, 1085, 1084, 30, 9.11%, 20, 0, 2, 4.74
1747791209, 0, 222, 1085, 1084, 30, 9.11%, 20, 0, 2, 4.37
1747791240, 0, 223, 1085, 1084, 30, 9.11%, 20, 0, 2, 4.21
1747791266, 0, 224, 1085, 1084, 30, 9.11%, 20, 0, 2, 5.24
1747791297, 0, 225, 1085, 1084, 30, 9.11%, 20, 0, 2, 4.31
1747791334, 0, 226, 1085, 1084, 30, 9.11%, 20, 0, 2, 4.24
1747791365, 0, 228, 1085, 1084, 30, 9.11%, 20, 0, 2, 4.27
1747791397, 0, 229, 1085, 1084, 30, 9.11%, 20, 0, 2, 3.98
1747791424, 0, 231, 1085, 1084, 30, 9.11%, 20, 0, 2, 4.94
1747791450, 0, 232, 1085, 1084, 30, 9.11%, 20, 0, 2, 4.64
1747791481, 0, 233, 1085, 1084, 30, 9.11%, 20, 0, 2, 4.24
1747791512, 0, 234, 1085, 1084, 30, 9.11%, 20, 0, 2, 4.73
1747791523, 0, 234, 1085, 1084, 30, 9.11%, 21, 0, 2, 4.12
1747791534, 0, 234, 1085, 1084, 30, 9.11%, 22, 0, 2, 4.83
1747791544, 0, 237, 1085, 1084, 30, 9.11%, 22, 0, 2, 4.26
1747791549, 0, 237, 1086, 1085, 30, 9.11%, 22, 0, 2, 4.51
1747791606, 0, 239, 1086, 1085, 30, 9.11%, 22, 0, 2, 5.42
1747791633, 0, 240, 1086, 1085, 30, 9.11%, 22, 0, 2, 5.00
1747791649, 0, 240, 1086, 1085, 30, 9.11%, 23, 0, 2, 4.46
1747791664, 0, 241, 1086, 1085, 30, 9.11%, 23, 0, 2, 4.72
1747791691, 0, 243, 1086, 1085, 30, 9.11%, 23, 0, 2, 4.37
1747791717, 0, 244, 1086, 1085, 30, 9.11%, 23, 0, 2, 5.40
1747791749, 0, 245, 1086, 1085, 30, 9.11%, 23, 0, 2, 4.81
1747791780, 0, 246, 1086, 1085, 30, 9.11%, 23, 0, 2, 4.81
1747791816, 0, 247, 1087, 1086, 30, 9.11%, 23, 0, 2, 4.00
1747791849, 0, 247, 1087, 1086, 30, 9.11%, 24, 0, 2, 4.19
1747791880, 0, 248, 1087, 1086, 30, 9.11%, 24, 0, 2, 4.60
1747791911, 0, 249, 1087, 1086, 30, 9.11%, 24, 0, 2, 4.92
1747791942, 0, 251, 1087, 1086, 30, 9.11%, 24, 0, 2, 4.44
1747791974, 0, 254, 1087, 1086, 30, 9.11%, 24, 0, 2, 3.91
1747791979, 0, 254, 1087, 1086, 30, 9.11%, 25, 0, 2, 4.06
1747791984, 0, 254, 1088, 1087, 30, 9.11%, 25, 0, 2, 3.42
1747792042, 0, 255, 1088, 1087, 30, 9.11%, 25, 0, 2, 4.62
1747792067, 0, 256, 1088, 1087, 30, 9.11%, 25, 0, 2, 4.78
1747792098, 0, 257, 1088, 1087, 30, 9.11%, 25, 0, 2, 4.95
1747792124, 0, 257, 1089, 1088, 30, 9.11%, 25, 0, 2, 4.05
1747792160, 0, 258, 1089, 1088, 30, 9.11%, 25, 0, 2, 4.91
1747792171, 0, 258, 1089, 1088, 30, 9.11%, 26, 0, 2, 4.56
1747792192, 0, 259, 1089, 1088, 30, 9.11%, 26, 0, 2, 4.07
1747792223, 0, 260, 1089, 1088, 30, 9.11%, 26, 0, 2, 3.99
1747792255, 0, 261, 1089, 1088, 30, 9.11%, 26, 0, 2, 4.83
1747792281, 0, 262, 1089, 1088, 30, 9.11%, 26, 0, 2, 5.11
1747792312, 0, 263, 1089, 1088, 30, 9.11%, 26, 0, 2, 4.69
1747792348, 0, 264, 1089, 1088, 30, 9.11%, 26, 0, 2, 4.73
1747792375, 0, 265, 1089, 1088, 30, 9.11%, 26, 0, 2, 4.63
1747792406, 0, 266, 1089, 1088, 30, 9.11%, 26, 0, 2, 4.11
1747792438, 0, 267, 1089, 1088, 30, 9.11%, 26, 0, 2, 4.58
1747792469, 0, 268, 1089, 1088, 30, 9.11%, 26, 0, 2, 5.23
1747792495, 0, 269, 1089, 1088, 30, 9.11%, 26, 0, 2, 5.23
1747792521, 0, 270, 1089, 1088, 30, 9.11%, 26, 0, 2, 4.94
1747792552, 0, 271, 1089, 1088, 30, 9.11%, 26, 0, 2, 4.94
1747792579, 0, 272, 1089, 1088, 30, 9.11%, 26, 0, 2, 4.70
1747792584, 0, 272, 1089, 1088, 30, 9.11%, 27, 0, 2, 4.52
1747792594, 0, 272, 1090, 1089, 30, 9.11%, 27, 0, 2, 3.64
1747792626, 0, 272, 1091, 1090, 30, 9.11%, 27, 0, 2, 4.07
1747792708, 0, 273, 1091, 1090, 30, 9.11%, 27, 0, 2, 5.32
1747792739, 0, 275, 1091, 1090, 30, 9.11%, 27, 0, 2, 4.61
1747792770, 0, 276, 1091, 1090, 30, 9.11%, 27, 0, 2, 4.33
1747792796, 0, 277, 1091, 1090, 30, 9.11%, 27, 0, 2, 4.97
1747792832, 0, 278, 1091, 1090, 30, 9.11%, 27, 0, 2, 5.18
1747792858, 0, 279, 1091, 1090, 30, 9.11%, 27, 0, 2, 4.71
1747792889, 0, 280, 1091, 1090, 30, 9.11%, 27, 0, 2, 4.55
1747792920, 0, 282, 1091, 1090, 30, 9.11%, 27, 0, 2, 4.68
1747792947, 0, 283, 1091, 1090, 30, 9.11%, 27, 0, 2, 4.49
1747792957, 0, 283, 1091, 1090, 30, 9.11%, 28, 0, 2, 4.45
1747792977, 0, 284, 1091, 1090, 30, 9.11%, 28, 0, 2, 4.82
1747793009, 0, 285, 1091, 1090, 30, 9.11%, 28, 0, 2, 4.56
1747793040, 0, 288, 1091, 1090, 30, 9.11%, 29, 0, 2, 4.99
1747793050, 0, 288, 1091, 1090, 30, 9.11%, 30, 0, 2, 4.60
1747793072, 0, 289, 1091, 1090, 30, 9.11%, 31, 0, 2, 4.18
1747793102, 0, 292, 1091, 1090, 30, 9.11%, 31, 0, 2, 4.58
1747793134, 0, 293, 1091, 1090, 30, 9.11%, 31, 0, 2, 4.57
1747793139, 0, 293, 1091, 1090, 30, 9.11%, 32, 0, 2, 4.85
1747793165, 0, 294, 1091, 1090, 30, 9.11%, 32, 0, 2, 3.99
1747793191, 0, 295, 1091, 1090, 30, 9.11%, 32, 0, 2, 5.00
1747793228, 0, 296, 1091, 1090, 30, 9.11%, 32, 0, 2, 4.89
1747793239, 0, 296, 1092, 1091, 30, 9.11%, 32, 0, 2, 4.71
1747793259, 0, 296, 1093, 1092, 30, 9.11%, 32, 0, 2, 4.28
1747793347, 0, 297, 1093, 1092, 30, 9.11%, 32, 0, 2, 4.87
1747793378, 0, 298, 1093, 1092, 30, 9.11%, 32, 0, 2, 4.91
1747793404, 0, 298, 1093, 1092, 30, 9.11%, 33, 0, 2, 4.59
1747793410, 0, 301, 1093, 1092, 30, 9.11%, 33, 0, 2, 4.55
1747793441, 0, 302, 1093, 1092, 30, 9.11%, 33, 0, 2, 4.62
1747793446, 0, 302, 1093, 1092, 30, 9.11%, 34, 0, 2, 4.73
1747793472, 0, 303, 1093, 1092, 30, 9.11%, 34, 0, 2, 4.62
1747793503, 0, 304, 1093, 1092, 30, 9.11%, 34, 0, 2, 4.79
1747793530, 0, 305, 1093, 1092, 30, 9.11%, 34, 0, 2, 4.78
1747793561, 0, 307, 1093, 1092, 30, 9.11%, 34, 0, 2, 4.08
1747793592, 0, 308, 1093, 1092, 30, 9.11%, 34, 0, 2, 4.60
1747793623, 0, 309, 1093, 1092, 30, 9.11%, 34, 0, 2, 3.99
1747793655, 0, 311, 1093, 1092, 30, 9.11%, 34, 0, 2, 4.21
1747793686, 0, 312, 1093, 1092, 30, 9.11%, 34, 0, 2, 4.37
1747793717, 0, 314, 1093, 1092, 30, 9.11%, 34, 0, 2, 4.63
1747793742, 0, 317, 1093, 1092, 30, 9.11%, 34, 0, 2, 4.98
1747793758, 0, 317, 1094, 1093, 30, 9.11%, 34, 0, 2, 4.87
1747793810, 0, 318, 1094, 1093, 30, 9.11%, 34, 0, 2, 4.34
1747793841, 0, 320, 1094, 1093, 30, 9.11%, 34, 0, 2, 4.17
1747793868, 0, 321, 1094, 1093, 30, 9.11%, 34, 0, 2, 4.85
1747793899, 0, 323, 1094, 1093, 30, 9.11%, 34, 0, 2, 4.35
1747793914, 0, 323, 1094, 1093, 30, 9.11%, 35, 0, 2, 4.89
1747793930, 0, 324, 1094, 1093, 30, 9.11%, 35, 0, 2, 4.26
1747793962, 0, 325, 1094, 1093, 30, 9.11%, 35, 0, 2, 4.33
1747793988, 0, 325, 1094, 1093, 30, 9.11%, 36, 0, 2, 4.14
1747793993, 0, 326, 1094, 1093, 30, 9.11%, 36, 0, 2, 4.40
1747794024, 0, 327, 1094, 1093, 30, 9.11%, 36, 0, 2, 5.18
1747794050, 0, 328, 1094, 1093, 30, 9.11%, 36, 0, 2, 5.00
1747794081, 0, 330, 1094, 1093, 30, 9.11%, 36, 0, 2, 4.89
1747794092, 0, 330, 1095, 1094, 30, 9.11%, 36, 0, 2, 5.67
1747794140, 0, 333, 1095, 1094, 30, 9.11%, 36, 0, 2, 4.35
1747794170, 0, 334, 1095, 1094, 30, 9.11%, 36, 0, 2, 4.44
1747794196, 0, 334, 1095, 1094, 30, 9.11%, 37, 0, 2, 4.94
1747794201, 0, 339, 1095, 1094, 30, 9.11%, 37, 0, 2, 4.46
1747794233, 0, 340, 1095, 1094, 30, 9.11%, 37, 0, 2, 4.50
1747794265, 0, 341, 1095, 1094, 30, 9.11%, 37, 0, 2, 4.31
1747794291, 0, 342, 1095, 1094, 30, 9.11%, 37, 0, 2, 5.39
1747794323, 0, 343, 1095, 1094, 30, 9.11%, 37, 0, 2, 4.27
1747794349, 0, 345, 1095, 1094, 30, 9.11%, 37, 0, 2, 5.17
1747794380, 0, 346, 1095, 1094, 30, 9.11%, 37, 0, 2, 4.89
1747794410, 0, 348, 1095, 1094, 30, 9.11%, 37, 0, 2, 5.20
1747794416, 0, 348, 1096, 1095, 30, 9.11%, 37, 0, 2, 3.93
1747794473, 0, 349, 1096, 1095, 30, 9.11%, 37, 0, 2, 4.61
1747794494, 0, 349, 1097, 1096, 30, 9.11%, 37, 0, 2, 3.47
1747794536, 0, 350, 1097, 1096, 30, 9.11%, 37, 0, 2, 4.87
1747794567, 0, 351, 1097, 1096, 30, 9.11%, 37, 0, 2, 4.85
1747794599, 0, 352, 1097, 1096, 30, 9.11%, 37, 0, 2, 4.95
1747794630, 0, 353, 1097, 1096, 30, 9.11%, 37, 0, 2, 4.55
1747794640, 0, 353, 1098, 1097, 30, 9.11%, 37, 0, 2, 3.52
1747794687, 0, 354, 1098, 1097, 30, 9.11%, 37, 0, 2, 5.00
1747794718, 0, 355, 1098, 1097, 30, 9.11%, 37, 0, 2, 5.00
1747794750, 0, 356, 1098, 1097, 30, 9.11%, 37, 0, 2, 4.01
1747794761, 0, 356, 1098, 1097, 30, 9.11%, 38, 0, 2, 4.69
1747794776, 0, 356, 1099, 1098, 30, 9.11%, 38, 0, 2, 3.38
1747794792, 0, 356, 1100, 1099, 30, 9.11%, 38, 0, 2, 4.51
1747794885, 0, 357, 1101, 1100, 30, 9.11%, 38, 0, 2, 4.29
1747794947, 0, 358, 1101, 1100, 30, 9.11%, 38, 0, 2, 4.80
1747794973, 0, 359, 1101, 1100, 30, 9.11%, 38, 0, 2, 4.48
1747795005, 0, 361, 1101, 1100, 30, 9.11%, 38, 0, 2, 4.40
1747795031, 0, 362, 1101, 1100, 30, 9.11%, 38, 0, 2, 4.46
1747795062, 0, 363, 1101, 1100, 30, 9.11%, 38, 0, 2, 4.70
1747795088, 0, 365, 1101, 1100, 30, 9.11%, 38, 0, 2, 5.21
1747795118, 0, 367, 1101, 1100, 30, 9.11%, 38, 0, 2, 5.02
1747795150, 0, 369, 1101, 1100, 30, 9.11%, 38, 0, 2, 4.93
1747795176, 0, 369, 1101, 1100, 30, 9.11%, 39, 0, 2, 4.91
1747795181, 0, 371, 1101, 1100, 30, 9.11%, 39, 0, 2, 5.14
1747795186, 0, 371, 1102, 1101, 30, 9.11%, 39, 0, 2, 3.95
1747795243, 0, 372, 1102, 1101, 30, 9.11%, 39, 0, 2, 4.63
1747795274, 0, 373, 1102, 1101, 30, 9.11%, 39, 0, 2, 6.01
1747795300, 0, 375, 1102, 1101, 30, 9.11%, 39, 0, 2, 4.21
1747795331, 0, 376, 1102, 1101, 30, 9.11%, 39, 0, 2, 4.12
1747795363, 0, 377, 1102, 1101, 30, 9.11%, 39, 0, 2, 5.17
1747795389, 0, 378, 1102, 1101, 30, 9.11%, 39, 0, 2, 4.50
1747795415, 0, 378, 1103, 1102, 30, 9.11%, 39, 0, 2, 3.96
1747795452, 0, 379, 1103, 1102, 30, 9.11%, 39, 0, 2, 4.58
1747795458, 0, 379, 1103, 1102, 30, 9.11%, 40, 0, 2, 4.15
1747795488, 0, 380, 1103, 1102, 30, 9.11%, 40, 0, 2, 4.98
1747795509, 0, 381, 1103, 1102, 30, 9.11%, 40, 0, 2, 5.82
1747795541, 0, 382, 1103, 1102, 30, 9.11%, 40, 0, 2, 4.54
1747795572, 0, 383, 1103, 1102, 30, 9.11%, 40, 0, 2, 5.30
1747795598, 0, 385, 1103, 1102, 30, 9.11%, 40, 0, 2, 4.78
1747795629, 0, 386, 1103, 1102, 30, 9.11%, 40, 0, 2, 4.19
1747795660, 0, 387, 1103, 1102, 30, 9.11%, 40, 0, 2, 4.35
1747795686, 0, 388, 1103, 1102, 30, 9.11%, 40, 0, 2, 5.08
1747795718, 0, 389, 1103, 1102, 30, 9.11%, 40, 0, 2, 3.98
1747795755, 0, 390, 1103, 1102, 30, 9.11%, 40, 0, 2, 4.32
1747795786, 0, 391, 1103, 1102, 30, 9.11%, 40, 0, 2, 4.99
1747795812, 0, 392, 1103, 1102, 30, 9.11%, 40, 0, 2, 4.86
1747795843, 0, 393, 1103, 1102, 30, 9.11%, 40, 0, 2, 4.45
1747795874, 0, 395, 1103, 1102, 30, 9.11%, 40, 0, 2, 4.91
1747795900, 0, 396, 1103, 1102, 30, 9.11%, 40, 0, 2, 5.26
1747795932, 0, 397, 1103, 1102, 30, 9.11%, 41, 0, 2, 4.75
1747795942, 0, 397, 1103, 1102, 30, 9.11%, 42, 0, 2, 4.43
1747795963, 0, 398, 1103, 1102, 30, 9.11%, 42, 0, 2, 4.29
1747795989, 0, 399, 1103, 1102, 30, 9.11%, 42, 0, 2, 4.76
1747796020, 0, 400, 1103, 1102, 30, 9.11%, 42, 0, 2, 5.72
1747796025, 0, 400, 1103, 1102, 30, 9.11%, 43, 0, 2, 4.87
1747796050, 0, 401, 1103, 1102, 30, 9.11%, 43, 0, 2, 4.09
1747796082, 0, 402, 1103, 1102, 30, 9.11%, 43, 0, 2, 4.78
1747796107, 0, 403, 1103, 1102, 30, 9.11%, 43, 0, 2, 4.89
1747796138, 0, 405, 1103, 1102, 30, 9.11%, 43, 0, 2, 4.41
1747796159, 0, 405, 1103, 1102, 30, 9.11%, 44, 0, 2, 4.59
1747796169, 0, 406, 1103, 1102, 30, 9.11%, 44, 0, 2, 4.63
1747796180, 0, 406, 1103, 1102, 30, 9.11%, 45, 0, 2, 4.05
1747796185, 0, 406, 1104, 1103, 30, 9.11%, 45, 0, 2, 4.53
1747796231, 0, 407, 1104, 1103, 30, 9.11%, 45, 0, 2, 5.28
1747796258, 0, 408, 1104, 1103, 30, 9.11%, 45, 0, 2, 5.05
1747796289, 0, 409, 1104, 1103, 30, 9.11%, 45, 0, 2, 4.19
1747796316, 0, 413, 1104, 1103, 30, 9.11%, 45, 0, 2, 4.91
1747796347, 0, 415, 1104, 1103, 30, 9.11%, 45, 0, 2, 4.81
1747796378, 0, 417, 1104, 1103, 30, 9.11%, 45, 0, 2, 4.32
1747796388, 0, 417, 1104, 1103, 30, 9.11%, 46, 0, 2, 4.89
1747796403, 0, 419, 1104, 1103, 30, 9.11%, 46, 0, 2, 5.11
1747796435, 0, 420, 1104, 1103, 30, 9.11%, 46, 0, 2, 5.24
1747796465, 0, 421, 1104, 1103, 30, 9.11%, 46, 0, 2, 4.31
1747796497, 0, 422, 1104, 1103, 30, 9.11%, 46, 0, 2, 4.81
1747796518, 0, 422, 1105, 1104, 30, 9.11%, 46, 0, 2, 4.49
1747796554, 0, 422, 1106, 1105, 30, 9.11%, 46, 0, 2, 4.30
1747796616, 0, 424, 1106, 1105, 30, 9.11%, 46, 0, 2, 4.52
1747796648, 0, 425, 1106, 1105, 30, 9.11%, 46, 0, 2, 4.74
1747796679, 0, 427, 1106, 1105, 30, 9.11%, 46, 0, 2, 4.20
1747796709, 0, 429, 1106, 1105, 30, 9.11%, 46, 0, 2, 4.55
1747796735, 0, 430, 1106, 1105, 30, 9.11%, 46, 0, 2, 4.22
1747796766, 0, 431, 1106, 1105, 30, 9.11%, 46, 0, 2, 4.56
1747796792, 0, 432, 1106, 1105, 30, 9.11%, 46, 0, 2, 5.04
1747796824, 0, 433, 1106, 1105, 30, 9.11%, 46, 0, 2, 4.73
1747796856, 0, 434, 1106, 1105, 30, 9.11%, 46, 0, 2, 5.08
1747797098, 0, 434, 1107, 1106, 30, 9.11%, 46, 0, 3, 5.92
1747797211, 0, 435, 1107, 1105, 29, 9.11%, 46, 0, 3, 4.85
1747797237, 0, 437, 1107, 1105, 29, 9.11%, 46, 0, 3, 4.33
1747797268, 0, 438, 1107, 1105, 29, 9.11%, 46, 0, 3, 4.67
1747797299, 0, 439, 1107, 1105, 29, 9.11%, 46, 0, 3, 4.01
1747797331, 0, 440, 1107, 1105, 29, 9.11%, 46, 0, 3, 4.83
1747797362, 0, 441, 1107, 1105, 29, 9.11%, 46, 0, 3, 4.89
1747797393, 0, 442, 1107, 1105, 29, 9.11%, 46, 0, 3, 4.62
1747797424, 0, 443, 1107, 1105, 29, 9.11%, 46, 0, 3, 3.91
1747797455, 0, 444, 1107, 1105, 29, 9.11%, 46, 0, 3, 4.89
1747797481, 0, 446, 1107, 1105, 29, 9.11%, 46, 0, 3, 4.78
1747797512, 0, 446, 1108, 1106, 29, 9.11%, 46, 0, 3, 3.63
1747797549, 0, 447, 1108, 1106, 29, 9.11%, 46, 0, 3, 4.86
1747797580, 0, 448, 1108, 1106, 29, 9.11%, 46, 0, 3, 4.20
1747797606, 0, 449, 1108, 1106, 29, 9.11%, 46, 0, 3, 4.83
1747797642, 0, 450, 1108, 1106, 29, 9.11%, 46, 0, 3, 3.90
1747797674, 0, 452, 1108, 1106, 29, 9.11%, 46, 0, 3, 5.40
1747797700, 0, 453, 1108, 1106, 29, 9.11%, 46, 0, 3, 4.51
1747797726, 0, 454, 1108, 1106, 29, 9.11%, 46, 0, 3, 4.81
1747797757, 0, 456, 1108, 1106, 29, 9.11%, 46, 0, 3, 4.96
1747797784, 0, 457, 1108, 1106, 29, 9.11%, 46, 0, 3, 5.57
1747797816, 0, 458, 1108, 1106, 29, 9.11%, 46, 0, 3, 4.58
1747797842, 0, 459, 1108, 1106, 29, 9.11%, 46, 0, 3, 4.95
1747797872, 0, 461, 1108, 1106, 29, 9.11%, 46, 0, 3, 4.85
1747797903, 0, 462, 1109, 1107, 29, 9.11%, 46, 0, 3, 4.42
1747797950, 0, 462, 1110, 1108, 29, 9.11%, 46, 0, 3, 3.52
1747798032, 0, 463, 1110, 1108, 29, 9.11%, 46, 0, 3, 4.73
1747798059, 0, 464, 1110, 1108, 29, 9.11%, 46, 0, 3, 4.56
1747798069, 0, 464, 1110, 1108, 29, 9.11%, 47, 0, 3, 4.93
1747798090, 0, 465, 1110, 1108, 29, 9.11%, 47, 0, 3, 4.36
1747798122, 0, 466, 1110, 1108, 29, 9.11%, 47, 0, 3, 4.78
1747798148, 0, 468, 1110, 1108, 29, 9.11%, 47, 0, 3, 4.45
1747798179, 0, 469, 1110, 1108, 29, 9.11%, 47, 0, 3, 4.75
1747798206, 0, 471, 1110, 1108, 29, 9.11%, 47, 0, 3, 5.04
1747798238, 0, 472, 1110, 1108, 29, 9.11%, 47, 0, 3, 4.80
1747798264, 0, 473, 1110, 1108, 29, 9.11%, 47, 0, 3, 5.16
1747798296, 0, 475, 1110, 1108, 29, 9.11%, 47, 0, 3, 4.77
1747798311, 0, 475, 1111, 1109, 29, 9.11%, 47, 0, 3, 3.87
1747798358, 0, 476, 1111, 1109, 29, 9.11%, 47, 0, 3, 4.71
1747798389, 0, 477, 1111, 1109, 29, 9.11%, 47, 0, 3, 4.92
1747798420, 0, 478, 1111, 1109, 29, 9.11%, 47, 0, 3, 4.31
1747798446, 0, 480, 1111, 1109, 29, 9.11%, 47, 0, 3, 4.82
1747798478, 0, 481, 1111, 1109, 29, 9.11%, 47, 0, 3, 4.51
1747798504, 0, 481, 1111, 1109, 29, 9.11%, 48, 0, 3, 4.93
1747798509, 0, 482, 1111, 1109, 29, 9.11%, 48, 0, 3, 4.69
1747798540, 0, 483, 1111, 1109, 29, 9.11%, 48, 0, 3, 5.69
1747798561, 0, 484, 1111, 1109, 29, 9.11%, 48, 0, 3, 4.93
1747798571, 0, 484, 1112, 1110, 29, 9.11%, 48, 0, 3, 4.76
1747798582, 0, 484, 1112, 1110, 29, 9.11%, 49, 0, 3, 4.73
1747798624, 0, 485, 1112, 1110, 29, 9.11%, 49, 0, 3, 4.72
1747798655, 0, 486, 1112, 1110, 29, 9.11%, 49, 0, 3, 4.98
1747798686, 0, 487, 1112, 1110, 29, 9.11%, 49, 0, 3, 4.61
1747798713, 0, 488, 1112, 1110, 29, 9.11%, 49, 0, 3, 4.49
1747798743, 0, 489, 1112, 1110, 29, 9.11%, 49, 0, 3, 4.52
1747798748, 0, 489, 1112, 1110, 29, 9.11%, 50, 0, 3, 4.59
1747798775, 0, 491, 1112, 1110, 29, 9.11%, 50, 0, 3, 4.85
1747798801, 0, 492, 1112, 1110, 29, 9.11%, 50, 0, 3, 4.46
1747798832, 0, 493, 1112, 1110, 29, 9.11%, 50, 0, 3, 4.70
1747798863, 0, 494, 1112, 1110, 29, 9.11%, 50, 0, 3, 4.18
1747798895, 0, 495, 1112, 1110, 29, 9.11%, 50, 0, 3, 4.39
1747798921, 0, 495, 1113, 1111, 29, 9.11%, 50, 0, 3, 5.32
1747798952, 0, 496, 1113, 1111, 29, 9.11%, 50, 0, 3, 4.17
1747798983, 0, 497, 1113, 1111, 29, 9.11%, 50, 0, 3, 4.45
1747799015, 0, 498, 1113, 1111, 29, 9.11%, 50, 0, 3, 4.91
1747799041, 0, 499, 1113, 1111, 29, 9.11%, 50, 0, 3, 5.11
1747799067, 0, 500, 1113, 1111, 29, 9.11%, 50, 0, 3, 5.12
1747799098, 0, 502, 1113, 1111, 29, 9.11%, 50, 0, 3, 4.52
1747799129, 0, 503, 1113, 1111, 29, 9.11%, 50, 0, 3, 4.38
1747799160, 0, 504, 1113, 1111, 29, 9.11%, 50, 0, 3, 4.70
1747799176, 0, 504, 1113, 1111, 29, 9.11%, 51, 0, 3, 4.30
1747799186, 0, 507, 1113, 1111, 29, 9.11%, 51, 0, 3, 4.80
1747799217, 0, 509, 1113, 1111, 29, 9.11%, 51, 0, 3, 4.81
1747799248, 0, 511, 1113, 1111, 29, 9.11%, 51, 0, 3, 4.48
1747799280, 0, 512, 1113, 1111, 29, 9.11%, 51, 0, 3, 4.52
1747799305, 0, 513, 1113, 1111, 29, 9.11%, 51, 0, 3, 4.86
1747799311, 0, 513, 1114, 1112, 29, 9.11%, 51, 0, 3, 4.16
1747799368, 0, 514, 1114, 1112, 29, 9.11%, 51, 0, 3, 4.89
1747799400, 0, 515, 1114, 1112, 29, 9.11%, 51, 0, 3, 4.55
1747799431, 0, 516, 1114, 1112, 29, 9.11%, 51, 0, 3, 4.76
1747799456, 0, 517, 1114, 1112, 29, 9.11%, 51, 0, 3, 5.22
1747799487, 0, 518, 1114, 1112, 29, 9.11%, 51, 0, 3, 5.01
1747799513, 0, 519, 1114, 1112, 29, 9.11%, 51, 0, 3, 36.13
1747799642, 0, 519, 1115, 1113, 29, 9.11%, 51, 0, 3, 8.05
1747799647, 0, 519, 1116, 1114, 29, 9.11%, 51, 0, 3, 9.40
1747799688, 0, 519, 1117, 1115, 29, 9.11%, 51, 0, 3, 9.82
1747799751, 0, 519, 1118, 1116, 29, 9.11%, 51, 0, 3, 10.04
1747799756, 0, 519, 1119, 1117, 29, 9.11%, 51, 0, 3, 10.34
1747799880, 0, 519, 1120, 1118, 29, 9.11%, 51, 0, 3, 6.68
1747800246, 0, 519, 1121, 1119, 29, 9.11%, 51, 0, 3, 8.61
1747800411, 0, 519, 1122, 1120, 29, 9.11%, 51, 0, 3, 7.68
1747800544, 0, 519, 1123, 1121, 29, 9.11%, 51, 0, 3, 8.82
1747800555, 0, 519, 1124, 1122, 29, 9.11%, 51, 0, 3, 9.12
1747800585, 0, 520, 1124, 1121, 29, 9.11%, 51, 0, 3, 7.35
1747800611, 0, 521, 1124, 1121, 29, 9.11%, 51, 0, 3, 4.76
1747800642, 0, 523, 1124, 1121, 29, 9.11%, 51, 0, 3, 4.80
1747800669, 0, 524, 1124, 1121, 29, 9.11%, 51, 0, 3, 5.01
1747800700, 0, 525, 1124, 1121, 29, 9.11%, 51, 0, 3, 4.17
1747800736, 0, 526, 1124, 1121, 29, 9.11%, 51, 0, 3, 4.22
1747800767, 0, 527, 1124, 1121, 29, 9.11%, 51, 0, 3, 5.16
1747800793, 0, 528, 1124, 1121, 29, 9.11%, 51, 0, 3, 4.63
1747800804, 0, 528, 1125, 1122, 29, 9.11%, 51, 0, 3, 3.63
1747800861, 0, 529, 1125, 1122, 29, 9.11%, 51, 0, 3, 5.24
1747800882, 0, 529, 1125, 1122, 29, 9.11%, 52, 0, 3, 4.60
1747800892, 0, 531, 1125, 1122, 29, 9.11%, 52, 0, 3, 4.43
1747800923, 0, 532, 1125, 1122, 29, 9.11%, 52, 0, 3, 4.60
1747800950, 0, 533, 1125, 1122, 29, 9.11%, 52, 0, 3, 5.24
1747800981, 0, 534, 1125, 1122, 29, 9.11%, 52, 0, 3, 4.78
1747801012, 0, 535, 1125, 1122, 29, 9.11%, 52, 0, 3, 4.68
1747801028, 0, 535, 1126, 1123, 29, 9.11%, 52, 0, 3, 3.30
1747801080, 0, 536, 1126, 1123, 29, 9.11%, 52, 0, 3, 5.03
1747801106, 0, 537, 1126, 1123, 29, 9.11%, 52, 0, 3, 4.76
1747801137, 0, 538, 1126, 1123, 29, 9.11%, 52, 0, 3, 4.89
1747801162, 0, 539, 1126, 1123, 29, 9.11%, 52, 0, 3, 4.99
1747801193, 0, 540, 1126, 1123, 29, 9.11%, 52, 0, 3, 4.57
1747801224, 0, 541, 1126, 1123, 29, 9.11%, 52, 0, 3, 4.71
1747801250, 0, 542, 1126, 1123, 29, 9.11%, 52, 0, 3, 5.08
1747801281, 0, 543, 1126, 1123, 29, 9.11%, 52, 0, 3, 5.19
1747801297, 0, 543, 1126, 1123, 29, 9.11%, 53, 0, 3, 4.11
1747801313, 0, 545, 1126, 1123, 29, 9.11%, 53, 0, 3, 5.27
1747801344, 0, 546, 1126, 1123, 29, 9.11%, 53, 0, 3, 4.81
1747801375, 0, 547, 1126, 1123, 29, 9.11%, 53, 0, 3, 4.48
1747801401, 0, 548, 1126, 1123, 29, 9.11%, 53, 0, 3, 4.67
1747801432, 0, 549, 1126, 1123, 29, 9.11%, 53, 0, 3, 4.75
1747801464, 0, 550, 1126, 1123, 29, 9.11%, 53, 0, 3, 4.86
1747801489, 0, 551, 1126, 1123, 29, 9.11%, 54, 0, 3, 5.43
1747801521, 0, 553, 1126, 1123, 29, 9.11%, 54, 0, 3, 4.34
1747801552, 0, 555, 1126, 1123, 29, 9.11%, 54, 0, 3, 4.49
1747801583, 0, 556, 1126, 1123, 29, 9.11%, 54, 0, 3, 4.35
1747801609, 0, 558, 1126, 1123, 29, 9.11%, 54, 0, 3, 5.24
1747801640, 0, 559, 1126, 1123, 29, 9.11%, 54, 0, 3, 5.14
1747801660, 0, 560, 1126, 1123, 29, 9.11%, 54, 0, 3, 8.89
1747801676, 0, 561, 1126, 1123, 29, 9.11%, 54, 0, 3, 8.40
1747801691, 0, 562, 1126, 1123, 29, 9.11%, 54, 0, 3, 7.36
1747801706, 0, 564, 1126, 1123, 29, 9.11%, 54, 0, 3, 7.69
1747801722, 0, 565, 1126, 1123, 29, 9.11%, 54, 0, 3, 8.17
1747801727, 0, 565, 1126, 1123, 29, 9.11%, 55, 0, 3, 7.43
1747801743, 0, 566, 1126, 1123, 29, 9.11%, 55, 0, 3, 7.69
1747801758, 0, 568, 1126, 1123, 29, 9.11%, 55, 0, 3, 7.25
1747801763, 0, 568, 1127, 1124, 29, 9.11%, 55, 0, 3, 6.32
1747801794, 0, 570, 1127, 1124, 29, 9.11%, 55, 0, 3, 8.67
1747801810, 0, 572, 1127, 1124, 29, 9.11%, 56, 0, 3, 8.42
1747801825, 0, 573, 1127, 1124, 29, 9.11%, 56, 0, 3, 8.23
1747801846, 0, 574, 1127, 1124, 29, 9.11%, 56, 0, 3, 9.04
1747801861, 0, 575, 1127, 1124, 29, 9.11%, 56, 0, 3, 7.72
1747801877, 0, 576, 1127, 1124, 29, 9.11%, 56, 0, 3, 7.75
1747801892, 0, 577, 1127, 1124, 29, 9.11%, 56, 0, 3, 8.39
1747801908, 0, 578, 1127, 1124, 29, 9.11%, 57, 0, 3, 9.00
1747801913, 0, 578, 1127, 1124, 29, 9.11%, 58, 0, 3, 8.29
1747801923, 0, 578, 1127, 1124, 29, 9.11%, 59, 0, 3, 6.90
1747801928, 0, 579, 1127, 1124, 29, 9.11%, 59, 0, 3, 7.40
1747801944, 0, 581, 1127, 1124, 29, 9.11%, 59, 0, 3, 8.34
1747801964, 0, 582, 1127, 1124, 29, 9.11%, 59, 0, 3, 7.10
1747801980, 0, 583, 1127, 1124, 29, 9.11%, 59, 0, 3, 7.55
1747802000, 0, 584, 1127, 1124, 29, 9.11%, 59, 0, 3, 7.14
1747802016, 0, 585, 1127, 1124, 29, 9.11%, 59, 0, 3, 7.32
1747802037, 0, 587, 1127, 1124, 29, 9.11%, 59, 0, 3, 7.97
1747802052, 0, 588, 1127, 1124, 29, 9.11%, 59, 0, 3, 8.45
1747802068, 0, 590, 1127, 1124, 29, 9.11%, 59, 0, 3, 7.83
1747802089, 0, 591, 1127, 1124, 29, 9.11%, 59, 0, 3, 6.92
1747802114, 0, 592, 1127, 1124, 29, 9.11%, 59, 0, 3, 4.31
1747802146, 0, 593, 1127, 1124, 29, 9.11%, 59, 0, 3, 4.59
1747802177, 0, 594, 1127, 1124, 29, 9.11%, 59, 0, 3, 4.16
1747802208, 0, 595, 1127, 1124, 29, 9.11%, 59, 0, 3, 4.61
1747802238, 0, 596, 1127, 1124, 29, 9.11%, 59, 0, 3, 4.76
1747802517, 0, 596, 1129, 1126, 29, 9.11%, 59, 0, 3, 5.91
1747802522, 0, 596, 1130, 1127, 29, 9.11%, 59, 0, 3, 5.85
1747802634, 0, 597, 1130, 1126, 28, 9.11%, 59, 0, 3, 5.26
1747802665, 0, 598, 1130, 1126, 28, 9.11%, 59, 0, 3, 5.05
1747802697, 0, 599, 1130, 1126, 28, 9.11%, 59, 0, 3, 4.42
1747802707, 0, 599, 1131, 1127, 28, 9.11%, 59, 0, 3, 4.22
1747802759, 0, 600, 1131, 1127, 28, 9.11%, 59, 0, 3, 4.87
1747802785, 0, 601, 1131, 1127, 28, 9.11%, 59, 0, 3, 5.13
1747802816, 0, 602, 1131, 1127, 28, 9.11%, 59, 0, 3, 4.46
1747802848, 0, 603, 1131, 1127, 28, 9.11%, 59, 0, 3, 4.40
1747802879, 0, 604, 1131, 1127, 28, 9.11%, 59, 0, 3, 4.99
1747802894, 0, 604, 1131, 1127, 28, 9.11%, 60, 0, 3, 4.54
1747802910, 0, 605, 1131, 1127, 28, 9.11%, 60, 0, 3, 5.11
1747802936, 0, 606, 1131, 1127, 28, 9.11%, 60, 0, 3, 4.88
1747802957, 0, 606, 1131, 1127, 28, 9.11%, 61, 0, 3, 4.58
1747802967, 0, 607, 1131, 1127, 28, 9.11%, 61, 0, 3, 4.39
1747802999, 0, 608, 1131, 1127, 28, 9.11%, 61, 0, 3, 4.77
1747803030, 0, 609, 1131, 1127, 28, 9.11%, 61, 0, 3, 5.12
1747803056, 0, 610, 1131, 1127, 28, 9.11%, 61, 0, 3, 4.89
1747803087, 0, 612, 1131, 1127, 28, 9.11%, 61, 0, 3, 4.94
1747803113, 0, 613, 1131, 1127, 28, 9.11%, 61, 0, 3, 4.85
1747803145, 0, 614, 1131, 1127, 28, 9.11%, 61, 0, 3, 4.50
1747803175, 0, 615, 1131, 1127, 28, 9.11%, 61, 0, 3, 4.80
1747803207, 0, 616, 1131, 1127, 28, 9.11%, 61, 0, 3, 4.49
1747803232, 0, 617, 1131, 1127, 28, 9.11%, 61, 0, 3, 5.14
1747803269, 0, 619, 1131, 1127, 28, 9.11%, 61, 0, 3, 4.38
1747803294, 0, 621, 1131, 1127, 28, 9.11%, 61, 0, 3, 5.08
1747803326, 0, 622, 1131, 1127, 28, 9.11%, 61, 0, 3, 4.64
1747803357, 0, 623, 1131, 1127, 28, 9.11%, 61, 0, 3, 4.77
1747803389, 0, 625, 1131, 1127, 28, 9.11%, 61, 0, 3, 4.45
1747803420, 0, 626, 1131, 1127, 28, 9.11%, 61, 0, 3, 5.14
1747803451, 0, 627, 1131, 1127, 28, 9.11%, 61, 0, 3, 5.10
1747803466, 0, 627, 1131, 1127, 28, 9.11%, 62, 0, 3, 4.22
1747803477, 0, 628, 1131, 1127, 28, 9.11%, 62, 0, 3, 4.33
1747803508, 0, 629, 1131, 1127, 28, 9.11%, 62, 0, 3, 4.20
1747803540, 0, 630, 1131, 1127, 28, 9.11%, 62, 0, 3, 5.37
1747803566, 0, 634, 1131, 1127, 28, 9.11%, 62, 0, 3, 4.75
1747803577, 0, 634, 1131, 1127, 28, 9.11%, 63, 0, 3, 4.12
1747803598, 0, 635, 1131, 1127, 28, 9.11%, 63, 0, 3, 4.62
1747803634, 0, 636, 1131, 1127, 28, 9.11%, 63, 0, 3, 4.50
1747803661, 0, 637, 1131, 1127, 28, 9.11%, 63, 0, 3, 5.24
1747803692, 0, 639, 1131, 1127, 28, 9.11%, 63, 0, 3, 4.34
1747803723, 0, 640, 1131, 1127, 28, 9.11%, 63, 0, 3, 4.49
1747803749, 0, 641, 1131, 1127, 28, 9.11%, 63, 0, 3, 5.24
1747803780, 0, 642, 1131, 1127, 28, 9.11%, 63, 0, 3, 4.93
1747803816, 0, 642, 1132, 1128, 28, 9.11%, 63, 0, 3, 4.64
1747803842, 0, 642, 1133, 1129, 28, 9.11%, 63, 0, 3, 4.79
1747804104, 0, 642, 1134, 1130, 28, 9.11%, 63, 0, 3, 4.76
1747804243, 0, 642, 1135, 1131, 28, 9.11%, 63, 0, 3, 4.44
1747804300, 0, 642, 1136, 1132, 28, 9.11%, 63, 0, 3, 4.77
1747804387, 0, 642, 1137, 1133, 28, 9.27%, 63, 0, 3, 4.42
1747804511, 0, 642, 1138, 1134, 28, 9.27%, 63, 0, 3, 4.73
1747804604, 0, 642, 1139, 1135, 28, 9.38%, 63, 0, 3, 4.86
1747804866, 0, 642, 1141, 1137, 28, 9.38%, 63, 0, 3, 4.80
1747805184, 0, 642, 1142, 1138, 28, 9.38%, 63, 0, 3, 4.61
1747805395, 0, 642, 1143, 1139, 28, 9.38%, 63, 0, 3, 4.99
1747805400, 0, 642, 1144, 1140, 28, 9.38%, 63, 0, 3, 4.91
1747805575, 0, 642, 1145, 1141, 28, 9.38%, 63, 0, 3, 3.73
1747805730, 0, 642, 1146, 1142, 28, 9.38%, 63, 0, 3, 4.93
1747805853, 0, 642, 1147, 1143, 28, 9.38%, 63, 0, 3, 4.41
1747806167, 0, 642, 1148, 1144, 28, 9.38%, 63, 0, 3, 5.01
1747806574, 0, 642, 1149, 1145, 28, 9.38%, 63, 0, 3, 4.89
1747806636, 0, 642, 1150, 1146, 28, 9.38%, 63, 0, 3, 5.34
1747806889, 0, 642, 1151, 1147, 28, 9.38%, 63, 0, 3, 5.00
1747807476, 0, 643, 1151, 1146, 28, 9.38%, 63, 0, 3, 5.13
1747807507, 0, 644, 1151, 1146, 28, 9.38%, 63, 0, 3, 4.95
1747807538, 0, 645, 1151, 1146, 28, 9.38%, 63, 0, 3, 4.50
1747807570, 0, 648, 1151, 1146, 28, 9.38%, 63, 0, 3, 4.72
1747807602, 0, 649, 1151, 1146, 28, 9.38%, 63, 0, 3, 4.68
1747807627, 0, 650, 1151, 1146, 28, 9.38%, 63, 0, 3, 5.20
1747807659, 0, 652, 1151, 1146, 28, 9.38%, 63, 0, 3, 4.57
1747807670, 0, 652, 1151, 1146, 28, 9.38%, 64, 0, 3, 4.42
1747807690, 0, 653, 1151, 1146, 28, 9.38%, 64, 0, 3, 4.62
1747807717, 0, 654, 1151, 1146, 28, 9.38%, 64, 0, 3, 4.73
1747807748, 0, 655, 1151, 1146, 28, 9.38%, 64, 0, 3, 4.80
1747807779, 0, 656, 1151, 1146, 28, 9.38%, 64, 0, 3, 5.35
1747807790, 0, 656, 1151, 1146, 28, 9.38%, 65, 0, 3, 4.87
1747807811, 0, 657, 1151, 1146, 28, 9.38%, 65, 0, 3, 4.65
1747807842, 0, 658, 1151, 1146, 28, 9.38%, 65, 0, 3, 4.61
1747807868, 0, 659, 1151, 1146, 28, 9.38%, 65, 0, 3, 5.42
1747807900, 0, 660, 1151, 1146, 28, 9.38%, 65, 0, 3, 4.62
1747807926, 0, 661, 1151, 1146, 28, 9.38%, 65, 0, 3, 4.74
1747807957, 0, 662, 1151, 1146, 28, 9.38%, 65, 0, 3, 4.58
1747807984, 0, 663, 1151, 1146, 28, 9.38%, 65, 0, 3, 4.75
1747808015, 0, 664, 1151, 1146, 28, 9.38%, 65, 0, 3, 5.04
1747808047, 0, 665, 1151, 1146, 28, 9.38%, 65, 0, 3, 4.98
1747808072, 0, 666, 1151, 1146, 28, 9.38%, 65, 0, 3, 4.88
1747808103, 0, 667, 1151, 1146, 28, 9.38%, 65, 0, 3, 4.49
1747808134, 0, 668, 1151, 1146, 28, 9.38%, 65, 0, 3, 4.64
1747808139, 0, 668, 1151, 1146, 28, 9.38%, 66, 0, 3, 4.75
1747808160, 0, 668, 1151, 1146, 28, 9.38%, 67, 0, 3, 4.24
1747808165, 0, 669, 1151, 1146, 28, 9.38%, 67, 0, 3, 5.00
1747808196, 0, 670, 1151, 1146, 28, 9.38%, 67, 0, 3, 4.86
1747808201, 0, 670, 1151, 1146, 28, 9.38%, 68, 0, 3, 4.44
1747808222, 0, 671, 1151, 1146, 28, 9.38%, 68, 0, 3, 5.07
1747808253, 0, 672, 1151, 1146, 28, 9.38%, 68, 0, 3, 4.71
1747808284, 0, 673, 1151, 1146, 28, 9.38%, 68, 0, 3, 4.78
1747808316, 0, 674, 1151, 1146, 28, 9.38%, 68, 0, 3, 3.54
1747808347, 0, 676, 1151, 1146, 28, 9.38%, 68, 0, 3, 4.63
1747808372, 0, 677, 1151, 1146, 28, 9.38%, 68, 0, 3, 5.05
1747808393, 0, 677, 1151, 1146, 28, 9.38%, 69, 0, 3, 5.33
1747808403, 0, 678, 1151, 1146, 28, 9.38%, 69, 0, 3, 4.16
1747808435, 0, 679, 1151, 1146, 28, 9.38%, 69, 0, 3, 4.35
1747808466, 0, 681, 1151, 1146, 28, 9.38%, 69, 0, 3, 4.31
1747808498, 0, 682, 1151, 1146, 28, 9.38%, 69, 0, 3, 4.12
1747808529, 0, 686, 1151, 1146, 28, 9.38%, 69, 0, 3, 4.29
1747808561, 0, 687, 1151, 1146, 28, 9.38%, 69, 0, 3, 4.94
1747808566, 0, 687, 1152, 1147, 28, 9.38%, 69, 0, 3, 4.01
1747808618, 0, 688, 1152, 1147, 28, 9.38%, 69, 0, 3, 4.32
1747808644, 0, 688, 1153, 1148, 28, 9.38%, 69, 0, 3, 3.54
1747808681, 0, 691, 1153, 1148, 28, 9.38%, 69, 0, 3, 4.52
1747808713, 0, 693, 1153, 1148, 28, 9.38%, 69, 0, 3, 4.81
1747808739, 0, 694, 1153, 1148, 28, 9.38%, 69, 0, 3, 5.22
1747808765, 0, 695, 1153, 1148, 28, 9.38%, 69, 0, 3, 4.71
1747808780, 0, 695, 1153, 1148, 28, 9.38%, 70, 0, 3, 4.36
1747808796, 0, 697, 1153, 1148, 28, 9.38%, 70, 0, 3, 4.81
1747808827, 0, 698, 1153, 1148, 28, 9.38%, 70, 0, 3, 4.84
1747808858, 0, 699, 1153, 1148, 28, 9.38%, 70, 0, 3, 4.83
1747808890, 0, 700, 1153, 1148, 28, 9.38%, 70, 0, 3, 4.45
1747808921, 0, 701, 1153, 1148, 28, 9.38%, 70, 0, 3, 5.21
1747808942, 0, 703, 1153, 1148, 28, 9.38%, 70, 0, 3, 5.68
1747808968, 0, 703, 1153, 1148, 28, 9.38%, 71, 0, 3, 4.52
1747808973, 0, 704, 1153, 1148, 28, 9.38%, 71, 0, 3, 4.31
1747808999, 0, 705, 1153, 1148, 28, 9.38%, 71, 0, 3, 5.12
1747809030, 0, 706, 1153, 1148, 28, 9.38%, 71, 0, 3, 4.58
1747809057, 0, 708, 1153, 1148, 28, 9.38%, 71, 0, 3, 4.76
1747809089, 0, 710, 1153, 1148, 28, 9.38%, 71, 0, 3, 4.36
1747809120, 0, 711, 1153, 1148, 28, 9.38%, 71, 0, 3, 5.20
1747809146, 0, 712, 1153, 1148, 28, 9.38%, 71, 0, 3, 5.10
1747809177, 0, 714, 1153, 1148, 28, 9.38%, 71, 0, 3, 4.29
1747809209, 0, 715, 1153, 1148, 28, 9.38%, 71, 0, 3, 4.41
1747809240, 0, 716, 1153, 1148, 28, 9.38%, 71, 0, 3, 4.93
1747809265, 0, 717, 1153, 1148, 28, 9.38%, 71, 0, 3, 4.91
1747809297, 0, 718, 1153, 1148, 28, 9.38%, 71, 0, 3, 4.21
1747809328, 0, 720, 1153, 1148, 28, 9.38%, 71, 0, 3, 4.98
1747809353, 0, 722, 1153, 1148, 28, 9.38%, 71, 0, 3, 5.05
1747809385, 0, 723, 1153, 1148, 28, 9.38%, 71, 0, 3, 5.32
1747809411, 0, 725, 1153, 1148, 28, 9.38%, 71, 0, 3, 4.72
1747809442, 0, 727, 1153, 1148, 28, 9.38%, 71, 0, 3, 4.07
1747809473, 0, 728, 1153, 1148, 28, 9.38%, 71, 0, 3, 4.77
1747809504, 0, 729, 1153, 1148, 28, 9.38%, 71, 0, 3, 4.27
1747809530, 0, 730, 1153, 1148, 28, 9.38%, 71, 0, 3, 5.27
1747809561, 0, 731, 1153, 1148, 28, 9.38%, 71, 0, 3, 4.30
1747809592, 0, 732, 1153, 1148, 28, 9.38%, 71, 0, 3, 5.19
1747809623, 0, 733, 1153, 1148, 28, 9.38%, 71, 0, 3, 5.31
1747809649, 0, 734, 1153, 1148, 28, 9.38%, 71, 0, 3, 5.11
1747809681, 0, 735, 1153, 1148, 28, 9.38%, 71, 0, 3, 4.71
1747809712, 0, 738, 1153, 1148, 28, 9.38%, 71, 0, 3, 4.45
1747809743, 0, 739, 1153, 1148, 28, 9.38%, 71, 0, 3, 4.79
1747809769, 0, 740, 1153, 1148, 28, 9.38%, 71, 0, 3, 4.77
1747809801, 0, 741, 1153, 1148, 28, 9.38%, 71, 0, 3, 4.75
1747809832, 0, 742, 1153, 1148, 28, 9.38%, 71, 0, 3, 4.69
1747809864, 0, 743, 1153, 1148, 28, 9.38%, 71, 0, 3, 4.47
1747809895, 0, 744, 1153, 1148, 28, 9.38%, 71, 0, 3, 4.73
1747809920, 0, 745, 1153, 1148, 28, 9.38%, 71, 0, 3, 5.20
1747809951, 0, 746, 1153, 1148, 28, 9.38%, 71, 0, 3, 4.30
1747809983, 0, 747, 1153, 1148, 28, 9.38%, 71, 0, 3, 4.77
1747810009, 0, 748, 1153, 1148, 28, 9.38%, 71, 0, 3, 4.90
1747810039, 0, 749, 1153, 1148, 28, 9.38%, 71, 0, 3, 4.63
1747810070, 0, 750, 1153, 1148, 28, 9.38%, 71, 0, 3, 4.88
1747810101, 0, 752, 1153, 1148, 28, 9.38%, 71, 0, 3, 4.57
1747810127, 0, 753, 1153, 1148, 28, 9.38%, 71, 0, 3, 5.23
1747810158, 0, 754, 1153, 1148, 28, 9.38%, 71, 0, 3, 4.21
1747810173, 0, 754, 1153, 1148, 28, 9.38%, 72, 0, 3, 4.45
1747810188, 0, 755, 1153, 1148, 28, 9.38%, 72, 0, 3, 4.18
1747810219, 0, 757, 1153, 1148, 28, 9.38%, 72, 0, 3, 4.28
1747810250, 0, 759, 1153, 1148, 28, 9.38%, 72, 0, 3, 4.87
1747810276, 0, 760, 1153, 1148, 28, 9.38%, 72, 0, 3, 4.41
1747810307, 0, 762, 1153, 1148, 28, 9.38%, 72, 0, 3, 4.82
1747810343, 0, 763, 1153, 1148, 28, 9.38%, 72, 0, 3, 4.73
1747810369, 0, 764, 1153, 1148, 28, 9.38%, 72, 0, 3, 4.32
1747810406, 0, 765, 1153, 1148, 28, 9.38%, 72, 0, 3, 4.25
1747810437, 0, 766, 1153, 1148, 28, 9.38%, 72, 0, 3, 4.94
1747810463, 0, 767, 1153, 1148, 28, 9.38%, 72, 0, 3, 5.14
1747810494, 0, 768, 1153, 1148, 28, 9.38%, 72, 0, 3, 4.34
1747810525, 0, 769, 1153, 1148, 28, 9.38%, 72, 0, 3, 4.38
1747810551, 0, 770, 1153, 1148, 28, 9.38%, 72, 0, 3, 4.74
1747810562, 0, 770, 1153, 1148, 28, 9.38%, 73, 0, 3, 4.61
1747810582, 0, 771, 1153, 1148, 28, 9.38%, 73, 0, 3, 4.75
1747810609, 0, 772, 1153, 1148, 28, 9.38%, 73, 0, 3, 5.02
1747810640, 0, 774, 1153, 1148, 28, 9.38%, 73, 0, 3, 4.62
1747810672, 0, 775, 1153, 1148, 28, 9.38%, 73, 0, 3, 5.29
1747810697, 0, 776, 1153, 1148, 28, 9.38%, 73, 0, 3, 5.04
1747810729, 0, 778, 1153, 1148, 28, 9.38%, 73, 0, 3, 5.14
1747810755, 0, 779, 1153, 1148, 28, 9.38%, 73, 0, 3, 4.91
1747810786, 0, 780, 1153, 1148, 28, 9.38%, 73, 0, 3, 4.54
1747810817, 0, 781, 1153, 1148, 28, 9.38%, 73, 0, 3, 4.23
1747810843, 0, 782, 1153, 1148, 28, 9.38%, 73, 0, 3, 4.66
1747810875, 0, 783, 1153, 1148, 28, 9.38%, 73, 0, 3, 4.81
1747810906, 0, 784, 1153, 1148, 28, 9.38%, 73, 0, 3, 4.45
1747810932, 0, 785, 1153, 1148, 28, 9.38%, 73, 0, 3, 4.74
1747810964, 0, 786, 1153, 1148, 28, 9.38%, 73, 0, 3, 4.54
1747810995, 0, 787, 1153, 1148, 28, 9.38%, 73, 0, 3, 4.46
1747811016, 0, 787, 1153, 1148, 28, 9.38%, 74, 0, 3, 4.51
1747811026, 0, 788, 1153, 1148, 28, 9.38%, 74, 0, 3, 4.61
1747811057, 0, 789, 1153, 1148, 28, 9.38%, 74, 0, 3, 4.77
1747811083, 0, 790, 1153, 1148, 28, 9.38%, 74, 0, 3, 4.81
1747811114, 0, 791, 1153, 1148, 28, 9.38%, 74, 0, 3, 5.24
1747811145, 0, 792, 1153, 1148, 28, 9.38%, 74, 0, 3, 4.95
1747811160, 0, 793, 1153, 1148, 28, 9.38%, 74, 0, 3, 7.90
1747811181, 0, 794, 1153, 1148, 28, 9.38%, 74, 0, 3, 7.16
1747811197, 0, 794, 1154, 1149, 28, 9.38%, 74, 0, 3, 8.37
1747811217, 0, 795, 1154, 1149, 28, 9.38%, 74, 0, 3, 7.76
1747811233, 0, 796, 1154, 1149, 28, 9.38%, 74, 0, 3, 7.63
1747811248, 0, 798, 1154, 1149, 28, 9.38%, 74, 0, 3, 7.75
1747811264, 0, 799, 1154, 1149, 28, 9.38%, 74, 0, 3, 7.74
1747811284, 0, 802, 1154, 1149, 28, 9.38%, 74, 0, 3, 6.93
1747811305, 0, 803, 1154, 1149, 28, 9.38%, 74, 0, 3, 7.64
1747811326, 0, 804, 1154, 1149, 28, 9.38%, 74, 0, 3, 4.99
1747811352, 0, 805, 1154, 1149, 28, 9.38%, 74, 0, 3, 5.20
1747811383, 0, 806, 1154, 1149, 28, 9.38%, 74, 0, 3, 4.33
1747811414, 0, 808, 1154, 1149, 28, 9.38%, 74, 0, 3, 4.67
1747811440, 0, 809, 1154, 1149, 28, 9.38%, 74, 0, 3, 5.54
1747811445, 0, 809, 1154, 1149, 28, 9.38%, 75, 0, 3, 4.64
1747811471, 0, 810, 1154, 1149, 28, 9.38%, 75, 0, 3, 4.67
1747811502, 0, 811, 1154, 1149, 28, 9.38%, 75, 0, 3, 4.93
1747811538, 0, 812, 1155, 1150, 28, 9.38%, 75, 0, 3, 3.60
1747811601, 0, 813, 1155, 1150, 28, 9.38%, 75, 0, 3, 4.83
1747811606, 0, 813, 1155, 1150, 28, 9.38%, 76, 0, 3, 4.80
1747811632, 0, 814, 1155, 1150, 28, 9.38%, 76, 0, 3, 4.36
1747811664, 0, 815, 1155, 1150, 28, 9.38%, 76, 0, 3, 4.54
1747811695, 0, 816, 1155, 1150, 28, 9.38%, 76, 0, 3, 5.02
1747811721, 0, 817, 1155, 1150, 28, 9.38%, 76, 0, 3, 5.10
1747811752, 0, 818, 1155, 1150, 28, 9.38%, 76, 0, 3, 4.45
1747811778, 0, 819, 1155, 1150, 28, 9.38%, 76, 0, 3, 5.56
1747811809, 0, 820, 1155, 1150, 28, 9.38%, 76, 0, 3, 4.70
1747811835, 0, 821, 1155, 1150, 28, 9.38%, 76, 0, 3, 5.17
1747811866, 0, 822, 1155, 1150, 28, 9.38%, 76, 0, 3, 4.28
1747811898, 0, 823, 1155, 1150, 28, 9.38%, 76, 0, 3, 5.09
1747811923, 0, 825, 1155, 1150, 28, 9.38%, 76, 0, 3, 5.37
1747811929, 0, 825, 1156, 1151, 28, 9.38%, 76, 0, 3, 4.43
1747811992, 0, 826, 1156, 1151, 28, 9.38%, 76, 0, 3, 4.31
1747812019, 0, 827, 1156, 1151, 28, 9.38%, 76, 0, 3, 4.76
1747812050, 0, 828, 1156, 1151, 28, 9.38%, 76, 0, 3, 4.63
1747812071, 0, 828, 1156, 1151, 28, 9.38%, 77, 0, 3, 4.62
1747812081, 0, 829, 1156, 1151, 28, 9.38%, 77, 0, 3, 4.43
1747812102, 0, 829, 1156, 1151, 28, 9.38%, 78, 0, 3, 4.57
1747812108, 0, 830, 1156, 1151, 28, 9.38%, 78, 0, 3, 4.61
1747812139, 0, 831, 1156, 1151, 28, 9.38%, 78, 0, 3, 4.30
1747812145, 0, 831, 1157, 1152, 28, 9.38%, 78, 0, 3, 3.21
1747812202, 0, 832, 1157, 1152, 29, 9.38%, 78, 0, 3, 5.12
1747812234, 0, 833, 1157, 1152, 29, 9.38%, 78, 0, 3, 4.38
1747812265, 0, 834, 1157, 1152, 29, 9.38%, 78, 0, 3, 4.67
1747812292, 0, 835, 1157, 1152, 29, 9.38%, 78, 0, 3, 5.16
1747812323, 0, 836, 1157, 1152, 29, 9.38%, 78, 0, 3, 4.98
1747812354, 0, 837, 1157, 1152, 29, 9.38%, 78, 0, 3, 4.64
1747812385, 0, 838, 1157, 1152, 29, 9.38%, 78, 0, 3, 4.76
1747812396, 0, 838, 1157, 1152, 29, 9.38%, 79, 0, 3, 4.92
1747812417, 0, 839, 1157, 1152, 29, 9.38%, 79, 0, 3, 4.89
1747812443, 0, 840, 1157, 1152, 29, 9.38%, 79, 0, 3, 5.01
1747812479, 0, 841, 1157, 1152, 29, 9.38%, 79, 0, 3, 5.43
1747812505, 0, 842, 1157, 1152, 29, 9.38%, 79, 0, 3, 4.78
1747812536, 0, 843, 1157, 1152, 29, 9.38%, 79, 0, 3, 4.99
1747812567, 0, 844, 1157, 1152, 29, 9.38%, 79, 0, 3, 5.23
1747812593, 0, 846, 1157, 1152, 29, 9.38%, 80, 0, 3, 6.00
1747812604, 0, 846, 1157, 1152, 29, 9.38%, 81, 0, 3, 7.25
1747812609, 0, 848, 1157, 1152, 29, 9.38%, 81, 0, 3, 8.08
1747812629, 0, 850, 1157, 1152, 29, 9.38%, 81, 0, 3, 7.95
1747812645, 0, 854, 1157, 1152, 29, 9.38%, 81, 0, 3, 7.42
1747812650, 0, 854, 1157, 1152, 29, 9.38%, 82, 0, 3, 6.13
1747812671, 0, 855, 1157, 1152, 29, 9.38%, 82, 0, 3, 5.13
1747812697, 0, 856, 1157, 1152, 29, 9.38%, 82, 0, 3, 4.93
1747812708, 0, 856, 1157, 1152, 29, 9.38%, 83, 0, 3, 4.96
1747812723, 0, 857, 1157, 1152, 29, 9.38%, 83, 0, 3, 5.10
1747812754, 0, 858, 1157, 1152, 29, 9.38%, 83, 0, 3, 5.30
1747812786, 0, 860, 1157, 1152, 29, 9.38%, 83, 0, 3, 4.96
1747812812, 0, 861, 1157, 1152, 29, 9.38%, 83, 0, 3, 4.67
1747812843, 0, 862, 1157, 1152, 29, 9.38%, 83, 0, 3, 4.90
1747812869, 0, 864, 1157, 1152, 29, 9.38%, 83, 0, 3, 4.48
1747812900, 0, 865, 1157, 1152, 29, 9.38%, 83, 0, 3, 5.45
1747812926, 0, 866, 1157, 1152, 29, 9.38%, 83, 0, 3, 4.69
1747812957, 0, 867, 1157, 1152, 29, 9.38%, 83, 0, 3, 5.12
1747812984, 0, 868, 1157, 1152, 29, 9.38%, 83, 0, 3, 4.91
1747813004, 0, 868, 1157, 1152, 29, 9.38%, 84, 0, 3, 4.14
1747813015, 0, 869, 1157, 1152, 29, 9.38%, 84, 0, 3, 4.37
1747813046, 0, 871, 1157, 1152, 29, 9.38%, 84, 0, 3, 4.49
1747813077, 0, 872, 1157, 1152, 29, 9.38%, 84, 0, 3, 4.78
1747813103, 0, 873, 1157, 1152, 29, 9.38%, 84, 0, 3, 5.28
1747813134, 0, 875, 1157, 1152, 29, 9.38%, 84, 0, 3, 4.95
1747813166, 0, 876, 1157, 1152, 29, 9.38%, 84, 0, 3, 4.50
1747813192, 0, 877, 1157, 1152, 29, 9.38%, 84, 0, 3, 5.84
1747813218, 0, 879, 1157, 1152, 29, 9.38%, 84, 0, 3, 4.50
1747813244, 0, 880, 1157, 1152, 29, 9.38%, 84, 0, 3, 5.25
1747813280, 0, 882, 1157, 1152, 29, 9.38%, 84, 0, 3, 4.42
1747813311, 0, 883, 1157, 1152, 29, 9.38%, 84, 0, 3, 4.73
1747813337, 0, 884, 1157, 1152, 29, 9.38%, 84, 0, 3, 4.25
1747813369, 0, 885, 1157, 1152, 29, 9.38%, 84, 0, 3, 4.41
1747813384, 0, 885, 1157, 1152, 29, 9.38%, 85, 0, 3, 4.80
1747813400, 0, 888, 1157, 1152, 29, 9.38%, 85, 0, 3, 4.74
1747813426, 0, 890, 1157, 1152, 29, 9.38%, 85, 0, 3, 4.97
1747813456, 0, 891, 1157, 1152, 29, 9.38%, 85, 0, 3, 4.73
1747813488, 0, 892, 1157, 1152, 29, 9.38%, 85, 0, 3, 4.59
1747813519, 0, 893, 1157, 1152, 29, 9.38%, 85, 0, 3, 4.33
1747813545, 0, 894, 1157, 1152, 29, 9.38%, 85, 0, 3, 4.76
1747813576, 0, 895, 1157, 1152, 29, 9.38%, 85, 0, 3, 4.74
1747813607, 0, 896, 1157, 1152, 29, 9.38%, 85, 0, 3, 4.14
1747813638, 0, 897, 1157, 1152, 29, 9.38%, 85, 0, 3, 4.64
1747813663, 0, 898, 1157, 1152, 29, 9.38%, 85, 0, 3, 5.36
1747813694, 0, 901, 1157, 1152, 29, 9.38%, 85, 0, 3, 4.69
1747813720, 0, 902, 1157, 1152, 29, 9.38%, 85, 0, 3, 4.65
1747813752, 0, 903, 1157, 1152, 29, 9.38%, 85, 0, 3, 5.00
1747813783, 0, 904, 1157, 1152, 29, 9.38%, 85, 0, 3, 4.17
1747813815, 0, 905, 1157, 1152, 29, 9.38%, 85, 0, 3, 3.93
1747813845, 0, 906, 1157, 1152, 29, 9.38%, 85, 0, 3, 4.49
1747813872, 0, 907, 1157, 1152, 29, 9.38%, 85, 0, 3, 4.45
1747813898, 0, 908, 1157, 1152, 29, 9.38%, 85, 0, 3, 5.03
1747813929, 0, 909, 1157, 1152, 29, 9.38%, 85, 0, 3, 4.54
1747813955, 0, 910, 1157, 1152, 29, 9.38%, 85, 0, 3, 5.24
1747813986, 0, 912, 1157, 1152, 29, 9.38%, 85, 0, 3, 5.09
1747814018, 0, 913, 1157, 1152, 29, 9.38%, 85, 0, 3, 4.68
1747814049, 0, 914, 1157, 1152, 29, 9.38%, 85, 0, 3, 4.81
1747814075, 0, 915, 1157, 1152, 29, 9.38%, 85, 0, 3, 4.65
1747814107, 0, 916, 1157, 1152, 29, 9.38%, 85, 0, 3, 4.61
1747814112, 0, 916, 1157, 1152, 29, 9.38%, 86, 0, 3, 4.24
1747814138, 0, 917, 1157, 1152, 29, 9.38%, 86, 0, 3, 5.11
1747814169, 0, 918, 1157, 1152, 29, 9.38%, 86, 0, 3, 4.83
1747814201, 0, 919, 1157, 1152, 29, 9.38%, 86, 0, 3, 4.59
1747814232, 0, 921, 1157, 1152, 29, 9.38%, 86, 0, 3, 4.38
1747814258, 0, 922, 1157, 1152, 29, 9.38%, 86, 0, 3, 5.44
1747814290, 0, 924, 1157, 1152, 29, 9.38%, 86, 0, 3, 4.62
1747814321, 0, 925, 1157, 1152, 29, 9.38%, 86, 0, 3, 4.76
1747814347, 0, 926, 1157, 1152, 29, 9.38%, 86, 0, 3, 5.24
1747814378, 0, 928, 1157, 1152, 29, 9.38%, 86, 0, 3, 4.42
1747814409, 0, 929, 1157, 1152, 29, 9.38%, 86, 0, 3, 4.58
1747814441, 0, 930, 1157, 1152, 29, 9.38%, 86, 0, 3, 4.46
1747814471, 0, 931, 1157, 1152, 29, 9.38%, 86, 0, 3, 5.17
1747814498, 0, 932, 1157, 1152, 29, 9.38%, 86, 0, 3, 4.50
1747814529, 0, 933, 1157, 1152, 29, 9.38%, 86, 0, 3, 4.76
1747814559, 0, 934, 1157, 1152, 29, 9.38%, 86, 0, 3, 4.56
1747814585, 0, 936, 1157, 1152, 29, 9.38%, 86, 0, 3, 4.68
1747814616, 0, 937, 1157, 1152, 29, 9.38%, 86, 0, 3, 4.66
1747814648, 0, 939, 1157, 1152, 29, 9.38%, 86, 0, 3, 4.58
1747814679, 0, 940, 1157, 1152, 29, 9.38%, 86, 0, 3, 5.20
1747814706, 0, 941, 1157, 1152, 29, 9.38%, 87, 0, 3, 4.53
1747814738, 0, 942, 1157, 1152, 29, 9.38%, 87, 0, 3, 4.67
1747814769, 0, 943, 1157, 1152, 29, 9.38%, 87, 0, 3, 4.63
1747814794, 0, 944, 1157, 1152, 29, 9.38%, 87, 0, 3, 4.56
1747814826, 0, 945, 1157, 1152, 29, 9.38%, 87, 0, 3, 4.44
1747814857, 0, 946, 1157, 1152, 29, 9.38%, 87, 0, 3, 4.38
1747814888, 0, 947, 1157, 1152, 29, 9.38%, 87, 0, 3, 4.33
1747814919, 0, 948, 1157, 1152, 29, 9.38%, 87, 0, 3, 4.56
1747814950, 0, 949, 1157, 1152, 29, 9.38%, 87, 0, 3, 4.93
1747814976, 0, 950, 1157, 1152, 29, 9.38%, 87, 0, 3, 4.75
1747815007, 0, 951, 1157, 1152, 29, 9.38%, 87, 0, 3, 4.42
1747815028, 0, 951, 1157, 1152, 29, 9.38%, 88, 0, 3, 4.57
1747815039, 0, 952, 1157, 1152, 29, 9.38%, 88, 0, 3, 5.21
1747815070, 0, 953, 1157, 1152, 29, 9.38%, 88, 0, 3, 4.15
1747815101, 0, 954, 1157, 1152, 29, 9.38%, 88, 0, 3, 5.21
1747815132, 0, 955, 1157, 1152, 29, 9.38%, 88, 0, 3, 4.92
1747815163, 0, 956, 1157, 1152, 29, 9.38%, 89, 0, 3, 4.50
1747815184, 0, 956, 1157, 1152, 29, 9.38%, 90, 0, 3, 4.26
1747815194, 0, 960, 1157, 1152, 29, 9.38%, 90, 0, 3, 5.21
1747815199, 0, 960, 1157, 1152, 29, 9.38%, 91, 0, 3, 4.52
1747815220, 0, 961, 1157, 1152, 29, 9.38%, 91, 0, 3, 4.76
1747815251, 0, 962, 1157, 1152, 29, 9.38%, 91, 0, 3, 4.94
1747815282, 0, 966, 1157, 1152, 29, 9.38%, 91, 0, 3, 4.90
1747815313, 0, 967, 1157, 1152, 29, 9.38%, 91, 0, 3, 4.82
1747815328, 0, 967, 1158, 1153, 29, 9.40%, 91, 0, 3, 3.91
1747815375, 0, 968, 1158, 1153, 30, 9.40%, 91, 0, 3, 4.69
1747815406, 0, 970, 1158, 1153, 30, 9.40%, 91, 0, 3, 4.36
1747815433, 0, 972, 1158, 1153, 30, 9.40%, 91, 0, 3, 5.02
1747815464, 0, 973, 1158, 1153, 30, 9.40%, 91, 0, 3, 4.33
1747815469, 0, 973, 1158, 1153, 30, 9.40%, 92, 0, 3, 4.57
1747815495, 0, 974, 1158, 1153, 30, 9.40%, 92, 0, 3, 4.21
1747815526, 0, 975, 1158, 1153, 30, 9.40%, 92, 0, 3, 4.67
1747815557, 0, 976, 1158, 1153, 30, 9.40%, 92, 0, 3, 4.55
1747815588, 0, 977, 1158, 1153, 30, 9.40%, 92, 0, 3, 4.07
1747815620, 0, 978, 1158, 1153, 30, 9.40%, 92, 0, 3, 5.27
1747815645, 0, 980, 1158, 1153, 30, 9.40%, 92, 0, 3, 4.80
1747815677, 0, 981, 1158, 1153, 30, 9.40%, 92, 0, 3, 4.58
1747815708, 0, 982, 1158, 1153, 30, 9.40%, 92, 0, 3, 5.06
1747815739, 0, 983, 1158, 1153, 30, 9.40%, 92, 0, 3, 4.30
1747815766, 0, 984, 1158, 1153, 30, 9.40%, 92, 0, 3, 4.42
1747815797, 0, 985, 1158, 1153, 30, 9.40%, 92, 0, 3, 5.44
1747815828, 0, 986, 1158, 1153, 30, 9.40%, 92, 0, 3, 4.76
1747815859, 0, 987, 1158, 1153, 30, 9.40%, 92, 0, 3, 4.90
1747815885, 0, 988, 1158, 1153, 30, 9.40%, 92, 0, 3, 5.25
1747815916, 0, 989, 1158, 1153, 30, 9.40%, 92, 0, 3, 4.97
1747815942, 0, 990, 1158, 1153, 30, 9.40%, 92, 0, 3, 4.68
1747815973, 0, 991, 1158, 1153, 30, 9.40%, 92, 0, 3, 4.50
1747816004, 0, 992, 1158, 1153, 30, 9.40%, 92, 0, 3, 6.55
1747816559, 0, 993, 1158, 1152, 28, 9.40%, 92, 0, 3, 5.53
1747816590, 0, 994, 1158, 1152, 28, 9.40%, 92, 0, 3, 4.37
1747816616, 0, 996, 1158, 1152, 28, 9.40%, 92, 0, 3, 4.26
1747816647, 0, 997, 1158, 1152, 28, 9.40%, 92, 0, 3, 5.02
1747816679, 0, 998, 1158, 1152, 28, 9.40%, 92, 0, 3, 4.51
1747816710, 0, 999, 1158, 1152, 28, 9.40%, 92, 0, 3, 5.19
1747816736, 0, 1001, 1158, 1152, 28, 9.40%, 92, 0, 3, 4.66
1747816768, 0, 1003, 1158, 1152, 28, 9.40%, 92, 0, 3, 5.35
1747816798, 0, 1005, 1158, 1152, 28, 9.40%, 92, 0, 3, 4.71
1747816824, 0, 1006, 1158, 1152, 28, 9.40%, 92, 0, 3, 4.90
1747816855, 0, 1007, 1158, 1152, 28, 9.40%, 92, 0, 3, 4.54
1747816866, 0, 1007, 1159, 1153, 28, 9.40%, 92, 0, 3, 5.77
1747816901, 0, 1007, 1160, 1154, 28, 9.40%, 92, 0, 3, 4.60
1747817220, 0, 1007, 1161, 1155, 28, 9.40%, 92, 0, 3, 4.73
1747817231, 0, 1007, 1162, 1156, 28, 9.40%, 92, 0, 3, 4.22
1747817328, 0, 1007, 1163, 1157, 28, 9.40%, 92, 0, 3, 4.78
1747817437, 0, 1008, 1163, 1156, 27, 9.40%, 92, 0, 3, 4.80
