# unix_time, cycles_done, cur_path, paths_total, pending_total, pending_favs, map_size, unique_crashes, unique_hangs, max_depth, execs_per_sec
1747817486, 0, 0, 1, 1, 1, 3.78%, 0, 0, 1, 56.34
1747817491, 0, 0, 34, 34, 1, 5.40%, 0, 0, 2, 77.79
1747817496, 0, 0, 61, 61, 1, 5.41%, 0, 0, 2, 82.06
1747817501, 0, 0, 80, 80, 1, 5.42%, 0, 0, 2, 86.08
1747817506, 0, 0, 95, 95, 1, 5.48%, 0, 0, 2, 87.21
1747817512, 0, 0, 105, 105, 1, 5.48%, 0, 0, 2, 88.36
1747817517, 0, 0, 118, 118, 1, 5.48%, 0, 0, 2, 86.56
1747817522, 0, 0, 129, 129, 1, 5.48%, 0, 0, 2, 87.45
1747817527, 0, 0, 141, 141, 1, 5.48%, 0, 0, 2, 85.14
1747817532, 0, 0, 151, 151, 1, 5.48%, 0, 0, 2, 86.92
1747817537, 0, 0, 156, 156, 1, 5.48%, 0, 0, 2, 63.09
1747817542, 0, 0, 160, 160, 1, 5.48%, 0, 0, 2, 54.59
1747817547, 0, 0, 164, 164, 1, 5.48%, 0, 0, 2, 52.51
1747817552, 0, 0, 166, 166, 1, 5.48%, 0, 0, 2, 53.60
1747817557, 0, 0, 169, 169, 1, 5.48%, 0, 0, 2, 53.55
1747817562, 0, 0, 172, 172, 1, 5.48%, 0, 0, 2, 53.29
1747817567, 0, 0, 174, 174, 1, 5.48%, 0, 0, 2, 53.80
1747817572, 0, 0, 177, 177, 1, 5.48%, 0, 0, 2, 53.11
1747817578, 0, 0, 179, 179, 1, 5.48%, 0, 0, 2, 52.88
1747817583, 0, 0, 183, 183, 1, 5.48%, 0, 0, 2, 53.59
1747817588, 0, 0, 184, 184, 1, 5.48%, 0, 0, 2, 54.12
1747817593, 0, 0, 187, 187, 1, 5.48%, 0, 0, 2, 52.34
1747817598, 0, 0, 190, 190, 1, 5.48%, 0, 0, 2, 52.14
1747817603, 0, 0, 194, 194, 1, 5.48%, 0, 0, 2, 52.44
1747817613, 0, 0, 197, 197, 1, 5.48%, 0, 0, 2, 53.25
1747817623, 0, 0, 200, 200, 1, 5.48%, 0, 0, 2, 52.69
1747817628, 0, 0, 201, 201, 1, 5.48%, 0, 0, 2, 53.57
1747817633, 0, 0, 204, 204, 1, 5.48%, 0, 0, 2, 52.20
1747817638, 0, 0, 206, 206, 1, 5.48%, 0, 0, 2, 52.80
1747817643, 0, 0, 208, 208, 1, 5.48%, 0, 0, 2, 53.76
1747817648, 0, 0, 209, 209, 1, 5.48%, 0, 0, 2, 53.88
1747817654, 0, 0, 210, 210, 1, 5.48%, 0, 0, 2, 53.86
1747817659, 0, 0, 212, 212, 1, 5.48%, 0, 0, 2, 54.04
1747817664, 0, 0, 214, 214, 1, 5.48%, 0, 0, 2, 54.39
1747817669, 0, 0, 217, 217, 1, 5.48%, 0, 0, 2, 53.34
1747817674, 0, 0, 220, 220, 1, 5.48%, 0, 0, 2, 51.37
1747817694, 0, 0, 221, 221, 1, 5.48%, 0, 0, 2, 54.62
1747817699, 0, 0, 222, 222, 1, 5.48%, 0, 0, 2, 52.93
1747817704, 0, 0, 224, 224, 1, 5.48%, 0, 0, 2, 52.73
1747817709, 0, 0, 225, 225, 1, 5.48%, 0, 0, 2, 54.15
1747817719, 0, 0, 227, 227, 1, 5.48%, 0, 0, 2, 53.91
1747817740, 0, 0, 229, 229, 1, 5.49%, 0, 0, 2, 53.30
1747817745, 0, 0, 230, 230, 1, 5.49%, 0, 0, 2, 54.18
1747817750, 0, 0, 231, 231, 1, 5.49%, 0, 0, 2, 53.69
1747817770, 0, 0, 232, 232, 1, 5.49%, 0, 0, 2, 54.43
1747817790, 0, 0, 233, 233, 1, 5.49%, 0, 0, 2, 54.22
1747817801, 0, 1, 240, 239, 13, 5.51%, 0, 0, 2, 42.14
1747817806, 0, 1, 254, 253, 13, 5.52%, 0, 0, 2, 32.27
1747817811, 0, 1, 266, 265, 13, 5.56%, 0, 0, 2, 29.85
1747817816, 0, 1, 277, 276, 13, 5.56%, 0, 0, 2, 29.75
1747817821, 0, 1, 285, 284, 13, 5.56%, 0, 0, 2, 29.70
1747817826, 0, 1, 293, 292, 13, 5.56%, 0, 0, 2, 29.18
1747817832, 0, 1, 301, 300, 13, 5.56%, 0, 0, 2, 29.55
1747817837, 0, 1, 310, 309, 13, 5.57%, 0, 0, 2, 30.00
1747817842, 0, 1, 318, 317, 13, 5.57%, 0, 0, 2, 30.21
1747817847, 0, 1, 325, 324, 13, 5.57%, 0, 0, 2, 29.28
1747817852, 0, 1, 326, 325, 13, 5.57%, 0, 0, 2, 30.63
1747817857, 0, 1, 329, 328, 13, 5.57%, 0, 0, 2, 30.81
1747817862, 0, 1, 335, 334, 13, 5.57%, 0, 0, 2, 29.90
1747817867, 0, 1, 339, 338, 13, 5.68%, 0, 0, 2, 29.55
1747817872, 0, 1, 341, 340, 13, 5.69%, 0, 0, 2, 30.64
1747817877, 0, 1, 345, 344, 13, 5.69%, 0, 0, 2, 30.22
1747817882, 0, 1, 348, 347, 13, 5.69%, 0, 0, 2, 29.87
1747817887, 0, 1, 350, 349, 13, 5.69%, 0, 0, 2, 30.46
1747817892, 0, 1, 351, 350, 13, 5.69%, 0, 0, 2, 30.74
1747817897, 0, 1, 354, 353, 13, 5.71%, 0, 0, 2, 29.89
1747817902, 0, 1, 356, 355, 13, 5.71%, 0, 0, 2, 30.04
1747817908, 0, 1, 360, 359, 13, 5.71%, 0, 0, 2, 30.23
1747817913, 0, 1, 362, 361, 13, 5.71%, 0, 0, 2, 30.43
1747817918, 0, 1, 366, 365, 13, 5.71%, 0, 0, 2, 29.94
1747817923, 0, 1, 369, 368, 13, 5.71%, 0, 0, 2, 29.86
1747817928, 0, 1, 371, 370, 13, 5.71%, 0, 0, 2, 30.52
1747817933, 0, 1, 373, 372, 13, 5.71%, 0, 0, 2, 30.50
1747817943, 0, 1, 377, 376, 13, 5.71%, 0, 0, 2, 30.39
1747817948, 0, 1, 380, 379, 13, 5.71%, 0, 0, 2, 30.55
1747817953, 0, 1, 381, 380, 13, 5.71%, 0, 0, 2, 30.80
1747817958, 0, 1, 382, 381, 13, 5.71%, 0, 0, 2, 30.28
1747817963, 0, 1, 383, 382, 13, 5.71%, 0, 0, 2, 30.64
1747817968, 0, 1, 384, 383, 13, 5.71%, 0, 0, 2, 30.88
1747817974, 0, 1, 386, 385, 13, 5.71%, 0, 0, 2, 30.09
1747817979, 0, 2, 394, 393, 19, 6.08%, 0, 0, 2, 28.24
1747817984, 0, 2, 403, 402, 19, 6.08%, 0, 0, 2, 27.06
1747817989, 0, 2, 410, 409, 19, 6.11%, 0, 0, 2, 26.66
1747817994, 0, 2, 418, 417, 19, 6.11%, 0, 0, 2, 27.33
1747817999, 0, 2, 426, 425, 19, 6.14%, 0, 0, 2, 26.31
1747818004, 0, 2, 434, 433, 19, 6.14%, 0, 0, 2, 26.43
1747818009, 0, 2, 440, 439, 19, 6.14%, 0, 0, 2, 26.73
1747818014, 0, 2, 443, 442, 19, 6.14%, 0, 0, 2, 26.92
1747818019, 0, 2, 447, 446, 19, 6.38%, 0, 0, 2, 26.17
1747818024, 0, 2, 450, 449, 19, 6.38%, 0, 0, 2, 26.34
1747818029, 0, 2, 453, 452, 19, 6.38%, 0, 0, 2, 26.57
1747818034, 0, 2, 457, 456, 19, 6.38%, 0, 0, 2, 26.39
1747818039, 0, 2, 462, 461, 19, 6.38%, 0, 0, 2, 26.89
1747818050, 0, 2, 463, 462, 19, 6.38%, 0, 0, 2, 27.16
1747818055, 0, 2, 464, 463, 19, 6.38%, 0, 0, 2, 26.77
1747818060, 0, 2, 468, 467, 19, 6.38%, 0, 0, 2, 26.69
1747818065, 0, 2, 472, 471, 19, 6.38%, 0, 0, 2, 26.59
1747818070, 0, 2, 473, 472, 19, 6.38%, 0, 0, 2, 26.82
1747818075, 0, 2, 475, 474, 19, 6.38%, 0, 0, 2, 27.24
1747818080, 0, 2, 476, 475, 19, 6.38%, 0, 0, 2, 26.99
1747818085, 0, 2, 478, 477, 19, 6.38%, 0, 0, 2, 27.18
1747818095, 0, 2, 481, 480, 19, 6.38%, 0, 0, 2, 26.38
1747818100, 0, 2, 484, 483, 19, 6.38%, 0, 0, 2, 26.93
1747818105, 0, 2, 487, 486, 19, 6.38%, 0, 0, 2, 26.92
1747818110, 0, 2, 492, 491, 19, 6.38%, 0, 0, 2, 25.76
1747818115, 0, 2, 494, 493, 19, 6.38%, 0, 0, 2, 26.99
1747818120, 0, 2, 496, 495, 19, 6.38%, 0, 0, 2, 27.08
1747818126, 0, 2, 498, 497, 19, 6.38%, 0, 0, 2, 27.41
1747818131, 0, 2, 501, 500, 19, 6.38%, 0, 0, 2, 26.92
1747818136, 0, 2, 502, 501, 19, 6.38%, 0, 0, 2, 27.18
1747818141, 0, 2, 503, 502, 19, 6.38%, 0, 0, 2, 27.27
1747818146, 0, 2, 506, 505, 19, 6.38%, 0, 0, 2, 26.35
1747818151, 0, 2, 508, 507, 19, 6.38%, 0, 0, 2, 26.76
1747818156, 0, 2, 510, 509, 19, 6.38%, 0, 0, 2, 27.11
1747818161, 0, 2, 511, 510, 19, 6.38%, 0, 0, 2, 27.21
1747818166, 0, 3, 512, 511, 13, 6.38%, 0, 0, 2, 26.93
1747818171, 0, 3, 513, 512, 13, 6.38%, 0, 0, 2, 26.61
1747818177, 0, 3, 517, 516, 13, 6.38%, 0, 0, 2, 25.60
1747818182, 0, 3, 519, 518, 13, 6.38%, 0, 0, 2, 26.19
1747818187, 0, 3, 521, 520, 13, 6.38%, 0, 0, 2, 26.48
1747818192, 0, 3, 524, 523, 13, 6.38%, 0, 0, 2, 26.10
1747818197, 0, 3, 525, 524, 13, 6.38%, 0, 0, 2, 26.37
1747818202, 0, 3, 527, 526, 13, 6.38%, 0, 0, 2, 26.48
1747818207, 0, 3, 528, 527, 13, 6.38%, 0, 0, 2, 26.69
1747818213, 0, 3, 529, 528, 13, 6.38%, 0, 0, 2, 26.14
1747818218, 0, 3, 531, 530, 13, 6.38%, 0, 0, 2, 26.39
1747818223, 0, 3, 532, 531, 13, 6.38%, 0, 0, 2, 26.57
1747818228, 0, 3, 533, 532, 13, 6.38%, 0, 0, 2, 26.51
1747818233, 0, 3, 536, 535, 13, 6.38%, 0, 0, 2, 26.48
1747818238, 0, 3, 537, 536, 13, 6.38%, 0, 0, 2, 26.37
1747818243, 0, 3, 538, 537, 13, 6.38%, 0, 0, 2, 26.25
1747818249, 0, 3, 539, 538, 13, 6.38%, 0, 0, 2, 26.23
1747818264, 0, 3, 540, 539, 13, 6.38%, 0, 0, 2, 26.44
1747818279, 0, 3, 541, 540, 13, 6.38%, 0, 0, 2, 25.83
1747818284, 0, 3, 543, 542, 13, 6.38%, 0, 0, 2, 25.52
1747818290, 0, 3, 545, 544, 13, 6.38%, 0, 0, 2, 25.25
1747818295, 0, 3, 546, 545, 13, 6.38%, 0, 0, 2, 26.25
1747818305, 0, 3, 548, 547, 13, 6.38%, 0, 0, 2, 25.96
1747818310, 0, 3, 551, 550, 13, 6.38%, 0, 0, 2, 25.36
1747818331, 0, 3, 552, 551, 13, 6.38%, 0, 0, 2, 26.32
1747818336, 0, 4, 553, 552, 13, 6.38%, 0, 0, 2, 26.28
1747818341, 0, 4, 556, 555, 13, 6.38%, 0, 0, 2, 25.39
1747818346, 0, 4, 557, 556, 13, 6.38%, 0, 0, 2, 25.52
1747818351, 0, 4, 560, 559, 13, 6.38%, 0, 0, 2, 25.41
1747818356, 0, 4, 561, 560, 13, 6.38%, 0, 0, 2, 25.51
1747818361, 0, 4, 563, 562, 13, 6.38%, 0, 0, 2, 25.58
1747818366, 0, 4, 565, 564, 13, 6.39%, 0, 0, 2, 25.35
1747818377, 0, 4, 566, 565, 13, 6.39%, 0, 0, 2, 25.64
1747818382, 0, 4, 569, 568, 13, 6.43%, 0, 0, 2, 25.29
1747818392, 0, 4, 572, 571, 13, 6.43%, 0, 0, 2, 25.38
1747818397, 0, 4, 575, 574, 13, 6.43%, 0, 0, 2, 25.68
1747818402, 0, 4, 576, 575, 13, 6.43%, 0, 0, 2, 25.66
1747818408, 0, 4, 577, 576, 13, 6.43%, 0, 0, 2, 25.21
1747818413, 0, 4, 578, 577, 13, 6.43%, 0, 0, 2, 24.84
1747818423, 0, 4, 580, 579, 13, 6.43%, 0, 0, 2, 25.19
1747818443, 0, 4, 581, 580, 13, 6.43%, 0, 0, 2, 25.45
1747818448, 0, 4, 583, 582, 13, 6.43%, 0, 0, 2, 25.32
1747818453, 0, 4, 584, 583, 13, 6.43%, 0, 0, 2, 25.80
1747818468, 0, 4, 585, 584, 13, 6.43%, 0, 0, 2, 25.47
1747818473, 0, 4, 586, 585, 13, 6.43%, 0, 0, 2, 25.82
1747818484, 0, 4, 588, 587, 13, 6.43%, 0, 0, 2, 24.79
1747818489, 0, 4, 589, 588, 13, 6.43%, 0, 0, 2, 25.59
1747818509, 0, 5, 591, 590, 13, 6.43%, 0, 0, 2, 24.57
1747818514, 0, 5, 593, 592, 13, 6.43%, 0, 0, 2, 24.46
1747818520, 0, 5, 595, 594, 13, 6.43%, 0, 0, 2, 24.70
1747818530, 0, 5, 598, 597, 13, 6.43%, 0, 0, 2, 24.34
1747818535, 0, 5, 599, 598, 13, 6.43%, 0, 0, 2, 24.67
1747818540, 0, 5, 602, 601, 13, 6.44%, 0, 0, 2, 24.28
1747818545, 0, 5, 603, 602, 13, 6.44%, 0, 0, 2, 24.53
1747818550, 0, 5, 604, 603, 13, 6.44%, 0, 0, 2, 24.73
1747818560, 0, 5, 605, 604, 13, 6.44%, 0, 0, 2, 24.86
1747818566, 0, 5, 607, 606, 13, 6.44%, 0, 0, 2, 24.44
1747818571, 0, 5, 608, 607, 13, 6.44%, 0, 0, 2, 24.79
1747818576, 0, 5, 609, 608, 13, 6.44%, 0, 0, 2, 24.85
1747818581, 0, 5, 611, 610, 13, 6.44%, 0, 0, 2, 23.85
1747818591, 0, 5, 613, 612, 13, 6.44%, 0, 0, 2, 24.19
1747818596, 0, 5, 615, 614, 13, 6.44%, 0, 0, 2, 24.49
1747818617, 0, 5, 616, 615, 13, 6.44%, 0, 0, 2, 24.60
1747818622, 0, 5, 618, 617, 13, 6.44%, 0, 0, 2, 24.20
1747818627, 0, 5, 619, 618, 13, 6.44%, 0, 0, 2, 24.41
1747818637, 0, 5, 620, 619, 13, 6.44%, 0, 0, 2, 25.04
1747818647, 0, 5, 622, 621, 13, 6.44%, 0, 0, 2, 24.72
1747818652, 0, 5, 624, 623, 13, 6.44%, 0, 0, 2, 24.40
1747818657, 0, 5, 625, 624, 13, 6.44%, 0, 0, 2, 24.76
1747818662, 0, 5, 626, 625, 13, 6.44%, 0, 0, 2, 24.58
1747818673, 0, 5, 627, 626, 13, 6.44%, 0, 0, 2, 24.60
1747818678, 0, 5, 628, 627, 13, 6.44%, 0, 0, 2, 24.57
1747818683, 0, 5, 629, 628, 13, 6.44%, 0, 0, 2, 24.53
1747818688, 0, 7, 630, 629, 14, 6.44%, 0, 0, 2, 24.49
1747818693, 0, 8, 630, 629, 14, 6.44%, 0, 0, 2, 24.43
1747818698, 0, 8, 632, 631, 14, 6.44%, 0, 0, 2, 24.15
1747818703, 0, 8, 634, 633, 14, 6.44%, 0, 0, 2, 23.32
1747818713, 0, 8, 635, 634, 14, 6.44%, 0, 0, 2, 23.69
1747818718, 0, 8, 637, 636, 14, 6.44%, 0, 0, 2, 23.43
1747818724, 0, 8, 640, 639, 14, 6.44%, 0, 0, 2, 23.23
1747818729, 0, 8, 642, 641, 14, 6.44%, 0, 0, 2, 23.67
1747818734, 0, 8, 643, 642, 14, 6.44%, 0, 0, 2, 23.74
1747818739, 0, 8, 645, 644, 14, 6.44%, 0, 0, 2, 23.43
1747818744, 0, 8, 646, 645, 14, 6.44%, 0, 0, 2, 23.70
1747818749, 0, 8, 647, 646, 14, 6.44%, 0, 0, 2, 23.64
1747818759, 0, 8, 648, 647, 14, 6.44%, 0, 0, 2, 24.09
1747818764, 0, 8, 649, 648, 14, 6.44%, 0, 0, 2, 23.77
1747818769, 0, 8, 651, 650, 14, 6.44%, 0, 0, 2, 23.48
1747818775, 0, 8, 652, 651, 14, 6.44%, 0, 0, 2, 24.14
1747818780, 0, 8, 653, 652, 14, 6.45%, 0, 0, 2, 23.18
1747818785, 0, 8, 655, 654, 14, 6.45%, 0, 0, 2, 23.82
1747818795, 0, 8, 656, 655, 14, 6.45%, 0, 0, 2, 24.10
1747818805, 0, 8, 657, 656, 14, 6.45%, 0, 0, 2, 24.01
1747818810, 0, 8, 658, 657, 14, 6.45%, 0, 0, 2, 23.64
1747818815, 0, 8, 659, 658, 14, 6.45%, 0, 0, 2, 24.04
1747818826, 0, 8, 660, 659, 14, 6.45%, 0, 0, 2, 24.07
1747818841, 0, 8, 661, 660, 14, 6.45%, 0, 0, 2, 24.11
1747818857, 0, 8, 662, 661, 14, 6.45%, 0, 0, 2, 23.98
1747818867, 0, 8, 663, 662, 14, 6.45%, 0, 0, 2, 24.03
1747818872, 0, 8, 664, 663, 14, 6.45%, 0, 0, 2, 23.76
1747818877, 0, 9, 664, 663, 14, 6.45%, 0, 0, 2, 23.67
1747818882, 0, 9, 665, 664, 14, 6.45%, 0, 0, 2, 23.13
1747818887, 0, 9, 666, 665, 14, 6.45%, 0, 0, 2, 23.11
1747818892, 0, 9, 669, 668, 14, 6.45%, 0, 0, 2, 23.29
1747818902, 0, 9, 671, 670, 14, 6.45%, 0, 0, 2, 23.19
1747818923, 0, 9, 673, 672, 14, 6.45%, 0, 0, 2, 23.10
1747818928, 0, 9, 675, 674, 14, 6.53%, 0, 0, 2, 23.14
1747818949, 0, 9, 676, 675, 14, 6.53%, 0, 0, 2, 23.16
1747818959, 0, 9, 677, 676, 14, 6.53%, 0, 0, 2, 23.35
1747818964, 0, 9, 678, 677, 14, 6.53%, 0, 0, 2, 23.54
1747818969, 0, 9, 679, 678, 14, 6.53%, 0, 0, 2, 23.40
1747818979, 0, 9, 680, 679, 14, 6.53%, 0, 0, 2, 23.52
1747818990, 0, 9, 681, 680, 14, 6.53%, 0, 0, 2, 23.27
1747818995, 0, 9, 682, 681, 14, 6.53%, 0, 0, 2, 23.06
1747819005, 0, 9, 683, 682, 14, 6.53%, 0, 0, 2, 23.46
1747819010, 0, 9, 685, 684, 14, 6.53%, 0, 0, 2, 23.68
1747819015, 0, 9, 686, 685, 14, 6.53%, 0, 0, 2, 23.10
1747819020, 0, 9, 687, 686, 14, 6.53%, 0, 0, 2, 23.54
1747819025, 0, 9, 688, 687, 14, 6.53%, 0, 0, 2, 23.12
1747819036, 0, 9, 690, 689, 14, 6.53%, 0, 0, 2, 23.06
1747819051, 0, 9, 691, 690, 14, 6.53%, 0, 0, 2, 23.31
1747819061, 0, 10, 692, 691, 15, 6.53%, 0, 0, 2, 22.81
1747819071, 0, 11, 693, 692, 15, 6.53%, 0, 0, 2, 22.04
1747819076, 0, 11, 701, 700, 15, 6.54%, 0, 0, 2, 17.35
1747819082, 0, 11, 709, 708, 15, 6.55%, 0, 0, 2, 16.27
1747819087, 0, 11, 716, 715, 15, 6.55%, 0, 0, 2, 15.91
1747819092, 0, 11, 722, 721, 15, 6.55%, 0, 0, 2, 15.57
1747819097, 0, 11, 726, 725, 15, 6.55%, 0, 0, 2, 15.41
1747819102, 0, 11, 730, 729, 15, 6.55%, 0, 0, 2, 16.06
1747819107, 0, 11, 735, 734, 15, 6.55%, 0, 0, 2, 16.34
1747819113, 0, 11, 737, 736, 15, 6.55%, 0, 0, 2, 16.11
1747819118, 0, 11, 740, 739, 15, 6.55%, 0, 0, 2, 16.04
1747819123, 0, 11, 743, 742, 15, 6.55%, 0, 0, 2, 15.97
1747819128, 0, 11, 747, 746, 15, 6.55%, 0, 0, 2, 15.45
1747819133, 0, 11, 749, 748, 15, 6.55%, 0, 0, 2, 15.63
1747819138, 0, 11, 753, 752, 15, 6.55%, 0, 0, 2, 15.71
1747819143, 0, 11, 757, 756, 15, 6.55%, 0, 0, 2, 16.41
1747819148, 0, 11, 759, 758, 15, 6.55%, 0, 0, 2, 16.33
1747819154, 0, 11, 760, 759, 15, 6.55%, 0, 0, 2, 16.50
1747819159, 0, 11, 761, 760, 15, 6.55%, 0, 0, 2, 16.31
1747819164, 0, 11, 763, 762, 15, 6.55%, 0, 0, 2, 16.10
1747819169, 0, 11, 764, 763, 15, 6.55%, 0, 0, 2, 16.49
1747819174, 0, 11, 766, 765, 15, 6.55%, 0, 0, 2, 16.45
1747819179, 0, 11, 768, 767, 15, 6.55%, 0, 0, 2, 16.43
1747819184, 0, 11, 770, 769, 15, 6.55%, 0, 0, 2, 16.33
1747819194, 0, 11, 772, 771, 15, 6.55%, 0, 0, 2, 16.68
1747819200, 0, 11, 773, 772, 15, 6.55%, 0, 0, 2, 16.49
1747819210, 0, 11, 774, 773, 15, 6.55%, 0, 0, 2, 16.18
1747819230, 0, 11, 775, 774, 15, 6.55%, 0, 0, 2, 16.25
1747819240, 0, 11, 776, 775, 15, 6.55%, 0, 0, 2, 16.56
1747819250, 0, 11, 778, 777, 15, 6.55%, 0, 0, 2, 15.90
1747819261, 0, 11, 779, 778, 15, 6.55%, 0, 0, 2, 16.41
1747819276, 0, 11, 780, 779, 15, 6.55%, 0, 0, 2, 16.29
1747819307, 0, 11, 781, 780, 15, 6.55%, 0, 0, 2, 16.31
1747819342, 0, 11, 782, 781, 15, 6.55%, 0, 0, 2, 16.51
1747819352, 0, 11, 783, 782, 15, 6.55%, 0, 0, 2, 16.46
1747819358, 0, 11, 784, 783, 15, 6.55%, 0, 0, 2, 16.54
1747819368, 0, 12, 784, 783, 14, 6.55%, 0, 0, 2, 15.85
1747819373, 0, 12, 785, 784, 14, 6.55%, 0, 0, 2, 14.59
1747819378, 0, 12, 788, 787, 14, 6.55%, 0, 0, 2, 14.47
1747819383, 0, 12, 791, 790, 14, 6.55%, 0, 0, 2, 14.16
1747819388, 0, 12, 794, 793, 14, 6.55%, 0, 0, 2, 13.98
1747819393, 0, 12, 795, 794, 14, 6.55%, 0, 0, 2, 14.09
1747819398, 0, 12, 797, 796, 14, 6.55%, 0, 0, 2, 14.01
1747819403, 0, 12, 799, 798, 14, 6.55%, 0, 0, 2, 14.19
1747819409, 0, 12, 800, 799, 14, 6.55%, 0, 0, 2, 14.23
1747819414, 0, 12, 801, 800, 14, 6.55%, 0, 0, 2, 14.19
1747819424, 0, 12, 803, 802, 14, 6.55%, 0, 0, 2, 14.25
1747819429, 0, 12, 805, 804, 14, 6.55%, 0, 0, 2, 14.40
1747819434, 0, 12, 806, 805, 14, 6.55%, 0, 0, 2, 14.23
1747819444, 0, 12, 810, 809, 14, 6.88%, 0, 0, 2, 14.30
1747819449, 0, 12, 811, 810, 14, 6.88%, 0, 0, 2, 14.23
1747819454, 0, 12, 812, 811, 14, 6.90%, 0, 0, 2, 14.33
1747819465, 0, 12, 814, 813, 14, 6.90%, 0, 0, 2, 14.28
1747819470, 0, 12, 816, 815, 14, 6.91%, 0, 0, 2, 14.33
1747819480, 0, 12, 817, 816, 14, 6.91%, 0, 0, 2, 14.37
1747819490, 0, 12, 818, 817, 14, 6.91%, 0, 0, 2, 14.48
1747819495, 0, 12, 819, 818, 14, 7.07%, 0, 0, 2, 14.46
1747819500, 0, 12, 822, 821, 14, 7.08%, 0, 0, 2, 14.44
1747819526, 0, 12, 823, 822, 14, 7.11%, 0, 0, 2, 13.93
1747819531, 0, 12, 824, 823, 14, 7.11%, 0, 0, 2, 14.29
1747819541, 0, 12, 825, 824, 14, 7.11%, 0, 0, 2, 14.00
1747819546, 0, 12, 826, 825, 14, 7.11%, 0, 0, 2, 14.37
1747819551, 0, 12, 827, 826, 14, 7.16%, 0, 0, 2, 14.35
1747819561, 0, 12, 829, 828, 14, 7.16%, 0, 0, 2, 14.31
1747819577, 0, 12, 831, 830, 14, 7.16%, 0, 0, 2, 14.36
1747819587, 0, 12, 832, 831, 14, 7.16%, 0, 0, 2, 14.25
1747819592, 0, 12, 833, 832, 14, 7.16%, 0, 0, 2, 14.20
1747819613, 0, 12, 834, 833, 14, 7.16%, 0, 0, 2, 14.34
1747819618, 0, 12, 835, 834, 14, 7.18%, 0, 0, 2, 14.29
1747819623, 0, 12, 837, 836, 14, 7.18%, 0, 0, 2, 14.32
1747819628, 0, 12, 840, 839, 14, 7.18%, 0, 0, 2, 14.25
1747819643, 0, 12, 842, 841, 14, 7.18%, 0, 0, 2, 14.35
1747819648, 0, 12, 843, 842, 14, 7.18%, 0, 0, 2, 14.15
1747819653, 0, 12, 844, 843, 14, 7.18%, 0, 0, 2, 14.31
1747819669, 0, 12, 845, 844, 14, 7.18%, 0, 0, 2, 14.15
1747819674, 0, 12, 847, 846, 14, 7.18%, 0, 0, 2, 14.15
1747819679, 0, 12, 848, 847, 14, 7.18%, 0, 0, 2, 14.19
1747819689, 0, 14, 849, 848, 19, 7.18%, 0, 0, 2, 14.25
1747819694, 0, 14, 852, 851, 19, 7.21%, 0, 0, 2, 14.01
1747819704, 0, 14, 854, 853, 19, 7.22%, 0, 0, 2, 13.87
1747819710, 0, 14, 856, 855, 19, 7.22%, 0, 0, 2, 13.84
1747819715, 0, 14, 860, 859, 19, 7.22%, 0, 0, 2, 13.92
1747819720, 0, 14, 861, 860, 19, 7.22%, 0, 0, 2, 14.10
1747819725, 0, 14, 863, 862, 19, 7.22%, 0, 0, 2, 13.95
1747819730, 0, 14, 864, 863, 19, 7.22%, 0, 0, 2, 14.14
1747819735, 0, 14, 865, 864, 19, 7.22%, 0, 0, 2, 14.10
1747819740, 0, 14, 866, 865, 19, 7.22%, 0, 0, 2, 13.96
1747819750, 0, 14, 868, 867, 19, 7.22%, 0, 0, 2, 13.99
1747819761, 0, 14, 870, 869, 19, 7.22%, 0, 0, 2, 13.90
1747819766, 0, 14, 872, 871, 19, 7.22%, 0, 0, 2, 13.91
1747819786, 0, 14, 873, 872, 19, 7.22%, 0, 0, 2, 14.04
1747819792, 0, 14, 876, 875, 19, 7.22%, 0, 0, 2, 13.94
1747819797, 0, 14, 877, 876, 19, 7.22%, 0, 0, 2, 14.12
1747819828, 0, 14, 879, 878, 19, 7.22%, 0, 0, 2, 13.89
1747819838, 0, 14, 880, 879, 19, 7.22%, 0, 0, 2, 14.08
1747819848, 0, 14, 881, 880, 19, 7.22%, 0, 0, 2, 14.20
1747819864, 0, 14, 882, 881, 19, 7.22%, 0, 0, 2, 14.02
1747819869, 0, 14, 883, 882, 19, 7.22%, 0, 0, 2, 13.91
1747819874, 0, 14, 884, 883, 19, 7.22%, 0, 0, 2, 14.11
1747819884, 0, 14, 885, 884, 19, 7.22%, 0, 0, 2, 14.07
1747819889, 0, 14, 886, 885, 19, 7.22%, 0, 0, 2, 13.96
1747819920, 0, 14, 887, 886, 19, 7.22%, 0, 0, 2, 14.11
1747819930, 0, 14, 889, 888, 19, 7.22%, 0, 0, 2, 13.97
1747819935, 0, 14, 890, 889, 19, 7.22%, 0, 0, 2, 14.01
1747819946, 0, 14, 891, 890, 19, 7.22%, 0, 0, 2, 14.11
1747819956, 0, 14, 892, 891, 19, 7.22%, 0, 0, 2, 14.01
1747819976, 0, 14, 893, 892, 19, 7.22%, 0, 0, 2, 14.16
1747819992, 0, 14, 894, 893, 19, 7.22%, 0, 0, 2, 14.07
1747820007, 0, 15, 894, 893, 21, 7.22%, 0, 0, 2, 16.00
1747820012, 0, 16, 894, 893, 21, 7.22%, 0, 0, 2, 20.27
1747820017, 0, 16, 897, 896, 21, 7.22%, 0, 0, 2, 14.93
1747820022, 0, 16, 898, 897, 21, 7.22%, 0, 0, 2, 13.90
1747820027, 0, 16, 899, 898, 21, 7.22%, 0, 0, 2, 13.65
1747820032, 0, 16, 900, 899, 21, 7.22%, 0, 0, 2, 13.70
1747820058, 0, 16, 901, 900, 21, 7.22%, 0, 0, 2, 13.72
1747820063, 0, 16, 903, 902, 21, 7.22%, 0, 0, 2, 13.53
1747820068, 0, 16, 904, 903, 21, 7.22%, 0, 0, 2, 14.02
1747820073, 0, 16, 905, 904, 21, 7.22%, 0, 0, 2, 13.63
1747820084, 0, 16, 906, 905, 21, 7.22%, 0, 0, 2, 13.78
1747820099, 0, 16, 907, 906, 21, 7.22%, 0, 0, 2, 13.75
1747820109, 0, 16, 908, 907, 21, 7.22%, 0, 0, 2, 13.54
1747820150, 0, 16, 909, 908, 21, 7.22%, 0, 0, 2, 13.58
1747820165, 0, 16, 910, 909, 21, 7.22%, 0, 0, 2, 13.78
1747820185, 0, 16, 911, 910, 21, 7.22%, 0, 0, 2, 13.59
1747820195, 0, 16, 912, 911, 21, 7.23%, 0, 0, 2, 13.52
1747820205, 0, 16, 913, 912, 21, 7.23%, 0, 0, 2, 13.71
1747820221, 0, 16, 914, 913, 21, 7.23%, 0, 0, 2, 13.65
1747820236, 0, 16, 915, 914, 21, 7.23%, 0, 0, 2, 13.72
1747820327, 0, 17, 916, 915, 22, 7.23%, 0, 0, 2, 13.71
1747820332, 0, 17, 917, 916, 22, 7.23%, 0, 0, 2, 13.71
1747820337, 0, 17, 918, 917, 22, 7.23%, 0, 0, 2, 13.46
1747820348, 0, 17, 919, 918, 22, 7.23%, 0, 0, 2, 13.39
1747820353, 0, 17, 920, 919, 22, 7.23%, 0, 0, 2, 13.53
1747820363, 0, 17, 921, 920, 22, 7.23%, 0, 0, 2, 13.46
1747820378, 0, 17, 923, 922, 22, 7.23%, 0, 0, 2, 13.37
1747820383, 0, 17, 924, 923, 22, 7.23%, 0, 0, 2, 13.12
1747820388, 0, 17, 925, 924, 22, 7.23%, 0, 0, 2, 13.41
1747820435, 0, 17, 926, 925, 22, 7.23%, 0, 0, 2, 13.47
1747820440, 0, 17, 927, 926, 22, 7.23%, 0, 0, 2, 13.41
1747820445, 0, 17, 928, 927, 22, 7.23%, 0, 0, 2, 13.50
1747820455, 0, 17, 929, 928, 22, 7.23%, 0, 0, 2, 13.09
1747820486, 0, 17, 931, 930, 22, 7.31%, 0, 0, 2, 13.30
1747820491, 0, 17, 933, 932, 22, 7.31%, 0, 0, 2, 13.40
1747820496, 0, 17, 934, 933, 22, 7.31%, 0, 0, 2, 13.41
1747820501, 0, 17, 937, 936, 22, 7.33%, 0, 0, 2, 13.48
1747820506, 0, 17, 940, 939, 22, 7.33%, 0, 0, 2, 13.51
1747820512, 0, 17, 942, 941, 22, 7.33%, 0, 0, 2, 13.37
1747820517, 0, 17, 943, 942, 22, 7.33%, 0, 0, 2, 13.35
1747820522, 0, 17, 944, 943, 22, 7.33%, 0, 0, 2, 13.37
1747820532, 0, 17, 945, 944, 22, 7.33%, 0, 0, 2, 13.33
1747820537, 0, 17, 946, 945, 22, 7.33%, 0, 0, 2, 13.35
1747820563, 0, 17, 947, 946, 22, 7.33%, 0, 0, 2, 13.36
1747820594, 0, 17, 948, 947, 22, 7.33%, 0, 0, 2, 13.00
1747820604, 0, 17, 949, 948, 22, 7.33%, 0, 0, 2, 13.21
1747820609, 0, 17, 951, 950, 22, 7.40%, 0, 0, 2, 13.29
1747820614, 0, 17, 952, 951, 22, 7.40%, 0, 0, 2, 13.31
1747820620, 0, 17, 953, 952, 22, 7.40%, 0, 0, 2, 13.19
1747820630, 0, 17, 954, 953, 22, 7.40%, 0, 0, 2, 13.42
1747820650, 0, 17, 955, 954, 22, 7.40%, 0, 0, 2, 13.27
1747820655, 0, 18, 956, 955, 25, 7.40%, 0, 0, 2, 13.43
1747820661, 0, 18, 958, 957, 25, 7.43%, 0, 0, 2, 13.37
1747820666, 0, 18, 959, 958, 25, 7.43%, 0, 0, 2, 13.32
1747820676, 0, 18, 960, 959, 25, 7.43%, 0, 0, 2, 13.45
1747820681, 0, 18, 961, 960, 25, 7.43%, 0, 0, 2, 13.33
1747820697, 0, 18, 962, 961, 25, 7.43%, 0, 0, 2, 13.27
1747820707, 0, 18, 963, 962, 25, 7.43%, 0, 0, 2, 13.31
1747820712, 0, 18, 964, 963, 25, 7.43%, 0, 0, 2, 13.28
1747820717, 0, 18, 965, 964, 25, 7.43%, 0, 0, 2, 13.21
1747820722, 0, 18, 966, 965, 25, 7.43%, 0, 0, 2, 13.30
1747820728, 0, 18, 967, 966, 25, 7.43%, 0, 0, 2, 13.31
1747820733, 0, 18, 969, 968, 25, 7.43%, 0, 0, 2, 13.35
1747820738, 0, 18, 970, 969, 25, 7.43%, 0, 0, 2, 13.14
1747820748, 0, 18, 971, 970, 25, 7.43%, 0, 0, 2, 13.32
1747820769, 0, 18, 973, 972, 25, 7.43%, 0, 0, 2, 13.18
1747820794, 0, 18, 975, 974, 25, 7.43%, 0, 0, 2, 13.19
1747820804, 0, 18, 976, 975, 25, 7.43%, 0, 0, 2, 13.06
1747820824, 0, 18, 977, 976, 25, 7.43%, 0, 0, 2, 13.09
1747820865, 0, 18, 978, 977, 25, 7.43%, 0, 0, 2, 13.14
1747820875, 0, 18, 979, 978, 25, 7.43%, 0, 0, 2, 13.18
1747820880, 0, 18, 980, 979, 25, 7.43%, 0, 0, 2, 13.17
1747820921, 0, 18, 981, 980, 25, 7.43%, 0, 0, 2, 13.04
1747820941, 0, 18, 982, 981, 25, 7.43%, 0, 0, 2, 13.14
1747820952, 0, 18, 983, 982, 25, 7.43%, 0, 0, 2, 13.28
1747820967, 0, 18, 985, 984, 25, 7.45%, 0, 0, 2, 13.08
1747820982, 0, 19, 985, 984, 24, 7.45%, 0, 0, 2, 13.36
1747820992, 0, 20, 985, 984, 24, 7.45%, 0, 0, 2, 13.25
1747820998, 0, 20, 986, 985, 24, 7.45%, 0, 0, 2, 13.43
1747821013, 0, 20, 987, 986, 24, 7.45%, 0, 0, 2, 13.38
1747821028, 0, 20, 988, 987, 24, 7.45%, 0, 0, 2, 13.37
1747821054, 0, 20, 989, 988, 24, 7.45%, 0, 0, 2, 13.43
1747821126, 0, 20, 990, 989, 24, 7.45%, 0, 0, 2, 13.29
1747821198, 0, 20, 991, 990, 24, 7.45%, 0, 0, 2, 13.46
1747821285, 0, 20, 993, 992, 24, 7.45%, 0, 0, 2, 13.42
1747821300, 0, 21, 993, 992, 25, 7.45%, 0, 0, 2, 13.31
1747821305, 0, 21, 994, 993, 25, 7.45%, 0, 0, 2, 13.34
1747821310, 0, 21, 995, 994, 25, 7.45%, 0, 0, 2, 13.12
1747821315, 0, 21, 996, 995, 25, 7.45%, 0, 0, 2, 13.16
1747821367, 0, 21, 997, 996, 25, 7.45%, 0, 0, 2, 13.22
1747821388, 0, 21, 998, 997, 25, 7.45%, 0, 0, 2, 13.22
1747821444, 0, 21, 999, 998, 25, 7.45%, 0, 0, 2, 13.31
1747821475, 0, 21, 1000, 999, 25, 7.45%, 0, 0, 2, 13.22
1747821480, 0, 21, 1001, 1000, 25, 7.45%, 0, 0, 2, 13.26
1747821501, 0, 21, 1002, 1001, 25, 7.45%, 0, 0, 2, 13.37
1747821547, 0, 21, 1003, 1002, 25, 7.45%, 0, 0, 2, 13.34
1747821594, 0, 21, 1004, 1003, 25, 7.45%, 0, 0, 2, 13.11
1747821604, 0, 21, 1005, 1004, 25, 7.45%, 0, 0, 2, 13.27
1747821620, 0, 22, 1005, 1004, 23, 7.45%, 0, 0, 2, 13.06
1747821630, 0, 23, 1006, 1005, 23, 7.45%, 0, 0, 2, 12.89
1747821650, 0, 24, 1008, 1007, 23, 7.45%, 0, 0, 2, 12.84
1747821655, 0, 24, 1011, 1010, 23, 7.45%, 0, 0, 2, 12.88
1747821671, 0, 24, 1012, 1011, 23, 7.45%, 0, 0, 2, 12.94
1747821691, 0, 24, 1013, 1012, 23, 7.45%, 0, 0, 2, 12.89
1747821711, 0, 24, 1014, 1013, 23, 7.45%, 0, 0, 2, 12.76
1747821722, 0, 24, 1015, 1014, 23, 7.45%, 0, 0, 2, 12.81
1747821798, 0, 24, 1016, 1015, 23, 7.45%, 0, 0, 2, 21.54
1747821809, 0, 24, 1017, 1016, 23, 7.45%, 0, 0, 2, 21.55
1747821814, 0, 24, 1018, 1017, 23, 7.45%, 0, 0, 2, 21.74
1747821819, 0, 24, 1019, 1018, 23, 7.45%, 0, 0, 2, 21.43
1747821874, 0, 24, 1020, 1019, 23, 7.45%, 0, 0, 2, 21.67
1747821885, 0, 24, 1021, 1020, 23, 7.45%, 0, 0, 2, 21.47
1747821895, 0, 24, 1022, 1021, 23, 7.45%, 0, 0, 2, 21.47
1747821900, 0, 25, 1023, 1022, 21, 7.45%, 0, 0, 2, 22.07
1747821905, 0, 25, 1024, 1023, 21, 7.45%, 0, 0, 2, 22.49
1747821910, 0, 25, 1025, 1024, 21, 7.45%, 0, 0, 2, 21.69
1747821915, 0, 25, 1027, 1026, 21, 7.45%, 0, 0, 2, 21.96
1747821931, 0, 25, 1028, 1027, 21, 7.45%, 0, 0, 2, 22.17
1747821941, 0, 25, 1029, 1028, 21, 7.45%, 0, 0, 2, 21.87
1747821957, 0, 25, 1030, 1029, 21, 7.45%, 0, 0, 2, 22.07
1747821973, 0, 25, 1031, 1030, 21, 7.45%, 0, 0, 2, 22.23
1747821998, 0, 25, 1032, 1031, 21, 7.45%, 0, 0, 2, 21.89
1747822034, 0, 25, 1033, 1032, 21, 7.45%, 0, 0, 2, 21.97
1747822039, 0, 25, 1034, 1033, 21, 7.45%, 0, 0, 2, 22.26
1747822085, 0, 26, 1034, 1033, 21, 7.45%, 0, 0, 2, 22.18
1747822096, 0, 27, 1034, 1033, 21, 7.45%, 0, 0, 2, 21.91
1747822101, 0, 28, 1035, 1034, 21, 7.45%, 0, 0, 2, 21.79
1747822111, 0, 28, 1036, 1035, 21, 7.45%, 0, 0, 2, 22.05
1747822121, 0, 29, 1036, 1035, 21, 7.45%, 0, 0, 2, 22.18
1747822126, 0, 29, 1037, 1036, 21, 7.46%, 0, 0, 2, 21.87
1747822131, 0, 29, 1038, 1037, 21, 7.46%, 0, 0, 2, 21.66
1747822137, 0, 29, 1039, 1038, 21, 7.46%, 0, 0, 2, 21.60
1747822152, 0, 29, 1040, 1039, 21, 7.46%, 0, 0, 2, 21.45
1747822208, 0, 29, 1041, 1040, 21, 7.46%, 0, 0, 2, 21.46
1747822315, 0, 30, 1041, 1040, 21, 7.46%, 0, 0, 2, 21.60
1747822325, 0, 32, 1041, 1040, 21, 7.46%, 0, 0, 2, 21.57
1747822330, 0, 33, 1041, 1040, 21, 7.46%, 0, 0, 2, 60.62
1747822473, 0, 35, 1041, 1039, 21, 7.46%, 0, 0, 2, 38.83
1747822483, 0, 36, 1041, 1039, 21, 7.46%, 0, 0, 2, 14.59
1747822493, 0, 37, 1041, 1039, 21, 7.46%, 0, 0, 2, 12.93
1747822504, 0, 37, 1042, 1040, 21, 7.46%, 0, 0, 3, 12.69
1747822514, 0, 38, 1042, 1040, 21, 7.46%, 0, 0, 3, 12.67
1747822524, 0, 38, 1043, 1041, 21, 7.46%, 0, 0, 3, 12.60
1747822535, 0, 39, 1043, 1041, 21, 7.46%, 0, 0, 3, 12.63
1747822545, 0, 40, 1043, 1041, 21, 7.46%, 0, 0, 3, 13.12
1747822555, 0, 41, 1043, 1041, 21, 7.46%, 0, 0, 3, 13.05
1747822565, 0, 42, 1043, 1041, 21, 7.46%, 0, 0, 3, 13.06
1747822575, 0, 44, 1043, 1041, 21, 7.46%, 0, 0, 3, 12.92
1747822586, 0, 45, 1044, 1042, 21, 7.46%, 0, 0, 3, 12.43
1747822606, 0, 47, 1044, 1042, 21, 7.46%, 0, 0, 3, 12.92
1747822616, 0, 47, 1045, 1043, 21, 7.46%, 0, 0, 3, 12.91
1747822627, 0, 49, 1045, 1043, 21, 7.46%, 0, 0, 3, 12.85
1747822637, 0, 50, 1045, 1043, 21, 7.46%, 0, 0, 3, 12.70
1747822647, 0, 51, 1045, 1043, 21, 7.46%, 0, 0, 3, 12.83
1747822657, 0, 52, 1045, 1043, 21, 7.46%, 0, 0, 3, 13.11
1747822668, 0, 55, 1045, 1043, 21, 7.46%, 0, 0, 3, 12.74
1747822678, 0, 56, 1045, 1043, 21, 7.46%, 0, 0, 3, 12.71
1747822688, 0, 57, 1045, 1043, 21, 7.46%, 0, 0, 3, 12.63
1747822699, 0, 58, 1045, 1043, 21, 7.46%, 0, 0, 3, 12.64
1747822709, 0, 59, 1046, 1044, 21, 7.46%, 0, 0, 3, 12.42
1747822714, 0, 59, 1047, 1045, 21, 7.46%, 0, 0, 3, 12.57
1747822735, 0, 59, 1048, 1046, 21, 7.46%, 0, 0, 3, 12.46
1747822791, 0, 60, 1048, 1046, 22, 7.46%, 0, 0, 3, 12.59
1747822796, 0, 60, 1049, 1047, 22, 7.46%, 0, 0, 3, 12.53
1747822811, 0, 60, 1050, 1048, 22, 7.46%, 0, 0, 3, 12.66
1747822832, 0, 61, 1050, 1048, 22, 7.46%, 0, 0, 3, 12.62
1747822842, 0, 62, 1050, 1048, 22, 7.46%, 0, 0, 3, 12.38
1747822852, 0, 63, 1050, 1048, 22, 7.46%, 0, 0, 3, 12.74
1747822862, 0, 64, 1050, 1048, 22, 7.46%, 0, 0, 3, 12.94
1747822873, 0, 65, 1050, 1048, 22, 7.46%, 0, 0, 3, 12.48
1747822883, 0, 66, 1051, 1049, 22, 7.46%, 0, 0, 3, 12.25
1747822893, 0, 66, 1052, 1050, 22, 7.47%, 0, 0, 3, 12.10
1747822908, 0, 66, 1053, 1051, 22, 7.47%, 0, 0, 3, 12.53
1747822929, 0, 66, 1054, 1052, 22, 7.47%, 0, 0, 3, 12.35
1747822934, 0, 66, 1055, 1053, 22, 7.47%, 0, 0, 3, 12.35
1747822944, 0, 66, 1056, 1054, 22, 7.47%, 0, 0, 3, 12.36
1747822980, 0, 66, 1057, 1055, 22, 7.47%, 0, 0, 3, 12.14
1747822990, 0, 66, 1058, 1056, 22, 7.47%, 0, 0, 3, 12.25
1747823041, 0, 66, 1059, 1057, 22, 7.47%, 0, 0, 3, 12.23
1747823098, 0, 66, 1061, 1059, 22, 7.47%, 0, 0, 3, 12.25
1747823134, 0, 66, 1062, 1060, 22, 7.47%, 0, 0, 3, 12.37
1747823226, 0, 68, 1062, 1060, 23, 7.47%, 0, 0, 3, 12.29
1747823231, 0, 68, 1063, 1061, 23, 7.47%, 0, 0, 3, 12.13
1747823246, 0, 69, 1063, 1061, 23, 7.47%, 0, 0, 3, 32.64
1747823398, 0, 70, 1063, 1060, 22, 7.47%, 0, 0, 3, 28.56
1747823408, 0, 71, 1063, 1060, 22, 7.47%, 0, 0, 3, 13.51
1747823418, 0, 71, 1064, 1061, 22, 7.47%, 0, 0, 3, 12.01
1747823423, 0, 71, 1065, 1062, 22, 7.47%, 0, 0, 3, 12.05
1747823433, 0, 71, 1066, 1063, 22, 7.47%, 0, 0, 3, 11.87
1747823449, 0, 71, 1067, 1064, 22, 7.47%, 0, 0, 3, 12.10
1747823480, 0, 71, 1068, 1065, 22, 7.47%, 0, 0, 3, 11.94
1747823500, 0, 71, 1069, 1066, 22, 7.47%, 0, 0, 3, 11.93
1747823510, 0, 71, 1070, 1067, 22, 7.47%, 0, 0, 3, 11.78
1747823552, 0, 71, 1071, 1068, 22, 7.47%, 0, 0, 3, 11.91
1747823557, 0, 71, 1072, 1069, 22, 7.47%, 0, 0, 3, 11.75
1747823593, 0, 71, 1073, 1070, 22, 7.47%, 0, 0, 3, 12.01
1747823604, 0, 71, 1074, 1071, 22, 7.47%, 0, 0, 3, 12.02
1747823619, 0, 71, 1075, 1072, 22, 7.48%, 0, 0, 3, 12.03
1747823681, 0, 71, 1076, 1073, 22, 7.48%, 0, 0, 3, 12.10
1747823687, 0, 71, 1077, 1074, 22, 7.48%, 0, 0, 3, 11.88
1747823702, 0, 71, 1078, 1075, 22, 7.48%, 0, 0, 3, 12.00
1747823707, 0, 71, 1079, 1076, 22, 7.48%, 0, 0, 3, 11.79
1747823717, 0, 71, 1080, 1077, 22, 7.48%, 0, 0, 3, 11.83
1747823758, 0, 72, 1080, 1077, 23, 7.48%, 0, 0, 3, 11.92
1747823764, 0, 72, 1081, 1078, 23, 7.48%, 0, 0, 3, 11.63
1747823769, 0, 72, 1083, 1080, 23, 7.48%, 0, 0, 3, 11.19
1747823794, 0, 72, 1084, 1081, 23, 7.48%, 0, 0, 3, 11.76
1747823799, 0, 72, 1085, 1082, 23, 7.48%, 0, 0, 3, 11.68
1747823810, 0, 72, 1086, 1083, 23, 7.48%, 0, 0, 3, 11.74
1747823815, 0, 72, 1087, 1084, 23, 7.48%, 0, 0, 3, 11.69
1747823830, 0, 72, 1088, 1085, 23, 7.48%, 0, 0, 3, 11.67
1747823856, 0, 72, 1089, 1086, 23, 7.48%, 0, 0, 3, 11.84
1747823902, 0, 72, 1090, 1087, 23, 7.48%, 0, 0, 3, 11.79
1747823989, 0, 72, 1091, 1088, 23, 7.48%, 0, 0, 3, 11.78
1747824014, 0, 72, 1092, 1089, 23, 7.48%, 0, 0, 3, 11.76
1747824045, 0, 72, 1093, 1090, 23, 7.54%, 0, 0, 3, 17.29
1747824086, 0, 74, 1093, 1090, 21, 7.54%, 0, 0, 3, 19.69
1747824091, 0, 74, 1094, 1091, 21, 7.54%, 0, 0, 3, 19.33
1747824096, 0, 74, 1095, 1092, 21, 7.55%, 0, 0, 3, 19.28
1747824107, 0, 74, 1096, 1093, 21, 7.55%, 0, 0, 3, 19.27
1747824112, 0, 74, 1098, 1095, 21, 7.55%, 0, 0, 3, 19.20
1747824122, 0, 74, 1099, 1096, 21, 7.55%, 0, 0, 3, 19.55
1747824127, 0, 74, 1100, 1097, 21, 7.55%, 0, 0, 3, 19.48
1747824142, 0, 74, 1101, 1098, 21, 7.55%, 0, 0, 3, 19.33
1747824152, 0, 74, 1103, 1100, 21, 7.55%, 0, 0, 3, 19.34
1747824168, 0, 74, 1104, 1101, 21, 7.55%, 0, 0, 3, 19.65
1747824193, 0, 74, 1105, 1102, 21, 7.56%, 0, 0, 3, 19.59
1747824234, 0, 74, 1106, 1103, 21, 7.56%, 0, 0, 3, 19.52
1747824285, 0, 74, 1107, 1104, 21, 7.56%, 0, 0, 3, 20.04
1747824301, 0, 75, 1107, 1104, 25, 7.56%, 0, 0, 3, 19.44
1747824306, 0, 75, 1108, 1105, 25, 7.59%, 0, 0, 3, 19.39
1747824311, 0, 75, 1109, 1106, 25, 7.59%, 0, 0, 3, 19.25
1747824321, 0, 75, 1113, 1110, 25, 7.59%, 0, 0, 3, 19.13
1747824332, 0, 75, 1114, 1111, 25, 7.60%, 0, 0, 3, 19.25
1747824342, 0, 75, 1115, 1112, 25, 7.60%, 0, 0, 3, 19.11
1747824377, 0, 75, 1116, 1113, 25, 7.60%, 0, 0, 3, 19.59
1747824403, 0, 75, 1117, 1114, 25, 7.60%, 0, 0, 3, 19.31
1747824418, 0, 75, 1119, 1116, 25, 7.60%, 0, 0, 3, 19.02
1747824438, 0, 75, 1120, 1117, 25, 7.60%, 0, 0, 3, 19.34
1747824458, 0, 75, 1122, 1119, 25, 7.60%, 0, 0, 3, 19.65
1747824520, 0, 78, 1122, 1119, 24, 7.60%, 0, 0, 3, 19.87
1747824525, 0, 79, 1123, 1120, 24, 7.60%, 0, 0, 3, 20.45
1747824530, 0, 79, 1125, 1122, 24, 7.60%, 0, 0, 3, 19.01
1747824545, 0, 79, 1127, 1124, 24, 7.62%, 0, 0, 3, 18.63
1747824550, 0, 79, 1129, 1126, 24, 7.62%, 0, 0, 3, 18.18
1747824556, 0, 79, 1130, 1127, 24, 7.62%, 0, 0, 3, 18.50
1747824576, 0, 79, 1132, 1129, 24, 7.65%, 0, 0, 3, 18.61
1747824597, 0, 79, 1133, 1130, 24, 7.65%, 0, 0, 3, 18.69
1747824612, 0, 79, 1134, 1131, 24, 7.65%, 0, 0, 3, 18.58
1747824617, 0, 79, 1135, 1132, 24, 7.65%, 0, 0, 3, 18.61
1747824632, 0, 79, 1136, 1133, 24, 7.65%, 0, 0, 3, 18.62
1747824638, 0, 79, 1137, 1134, 24, 7.65%, 0, 0, 3, 18.55
1747824643, 0, 79, 1138, 1135, 24, 7.65%, 0, 0, 3, 18.57
1747824658, 0, 79, 1139, 1136, 24, 7.65%, 0, 0, 3, 18.59
1747824674, 0, 79, 1140, 1137, 24, 7.65%, 0, 0, 3, 18.58
1747824689, 0, 79, 1141, 1138, 24, 7.65%, 0, 0, 3, 18.81
1747824694, 0, 79, 1143, 1140, 24, 7.65%, 0, 0, 3, 18.13
1747824704, 0, 79, 1144, 1141, 24, 7.65%, 0, 0, 3, 18.44
1747824756, 0, 80, 1145, 1142, 29, 7.65%, 0, 0, 3, 18.78
1747824771, 0, 82, 1145, 1142, 29, 7.65%, 0, 0, 3, 18.64
1747824776, 0, 83, 1145, 1142, 29, 7.65%, 0, 0, 3, 18.97
1747824781, 0, 84, 1145, 1142, 29, 7.65%, 0, 0, 3, 19.05
1747824791, 0, 85, 1146, 1143, 29, 7.65%, 0, 0, 3, 18.44
1747824807, 0, 86, 1146, 1143, 29, 7.65%, 0, 0, 3, 18.40
1747824812, 0, 87, 1146, 1143, 29, 7.65%, 0, 0, 3, 19.94
1747824817, 0, 88, 1146, 1143, 29, 7.65%, 0, 0, 3, 19.64
1747824822, 0, 89, 1146, 1143, 29, 7.65%, 0, 0, 3, 18.50
1747824827, 0, 89, 1147, 1144, 29, 7.65%, 0, 0, 3, 18.33
1747824837, 0, 90, 1147, 1144, 29, 7.65%, 0, 0, 3, 18.55
1747824848, 0, 91, 1147, 1144, 29, 7.65%, 0, 0, 3, 20.56
1747824853, 0, 94, 1147, 1144, 29, 7.65%, 0, 0, 3, 21.14
1747824858, 0, 95, 1147, 1144, 29, 7.65%, 0, 0, 3, 21.23
1747824863, 0, 96, 1147, 1144, 29, 7.65%, 0, 0, 3, 21.05
1747824868, 0, 97, 1147, 1144, 29, 7.65%, 0, 0, 3, 20.59
1747824878, 0, 99, 1147, 1144, 29, 7.65%, 0, 0, 3, 20.57
1747824884, 0, 101, 1147, 1144, 29, 7.65%, 0, 0, 3, 21.11
1747824889, 0, 101, 1148, 1145, 29, 7.65%, 0, 0, 3, 20.93
1747824894, 0, 102, 1148, 1145, 27, 7.65%, 0, 0, 3, 21.33
1747824899, 0, 103, 1148, 1145, 27, 7.65%, 0, 0, 3, 20.86
1747824909, 0, 104, 1148, 1145, 27, 7.65%, 0, 0, 3, 21.03
1747824914, 0, 105, 1148, 1145, 27, 7.65%, 0, 0, 3, 21.26
1747824919, 0, 106, 1148, 1145, 27, 7.65%, 0, 0, 3, 21.28
1747824925, 0, 107, 1148, 1145, 27, 7.65%, 0, 0, 3, 20.38
1747824935, 0, 109, 1148, 1145, 27, 7.65%, 0, 0, 3, 20.54
1747824940, 0, 110, 1148, 1145, 27, 7.65%, 0, 0, 3, 19.55
1747824945, 0, 111, 1148, 1145, 27, 7.65%, 0, 0, 3, 19.86
1747824950, 0, 112, 1148, 1145, 27, 7.65%, 0, 0, 3, 20.88
1747824960, 0, 114, 1148, 1145, 27, 7.65%, 0, 0, 3, 18.63
1747824965, 0, 115, 1148, 1145, 27, 7.65%, 0, 0, 3, 18.61
1747824971, 0, 115, 1149, 1146, 27, 7.65%, 0, 0, 3, 18.78
1747824981, 0, 116, 1149, 1146, 27, 7.65%, 0, 0, 3, 20.27
1747824986, 0, 117, 1149, 1146, 27, 7.65%, 0, 0, 3, 20.98
1747824991, 0, 119, 1151, 1148, 27, 7.65%, 0, 0, 3, 19.62
1747825022, 0, 120, 1151, 1148, 27, 7.65%, 0, 0, 3, 18.69
1747825027, 0, 121, 1151, 1148, 27, 7.65%, 0, 0, 3, 18.85
1747825032, 0, 122, 1151, 1148, 27, 7.65%, 0, 0, 3, 18.71
1747825037, 0, 122, 1152, 1149, 27, 7.65%, 0, 0, 3, 18.76
1747825048, 0, 123, 1152, 1149, 27, 7.65%, 0, 0, 3, 19.84
1747825053, 0, 124, 1152, 1149, 27, 7.65%, 0, 0, 3, 19.47
1747825058, 0, 124, 1154, 1151, 27, 7.65%, 0, 0, 3, 18.47
1747825068, 0, 124, 1155, 1152, 27, 7.65%, 0, 0, 3, 17.92
1747825074, 0, 124, 1156, 1153, 27, 7.65%, 0, 0, 3, 17.95
1747825079, 0, 124, 1157, 1154, 27, 7.65%, 0, 0, 3, 17.82
1747825089, 0, 124, 1158, 1155, 27, 7.65%, 0, 0, 3, 17.84
1747825104, 0, 124, 1159, 1156, 27, 7.65%, 0, 0, 3, 17.38
1747825145, 0, 124, 1161, 1158, 27, 7.65%, 0, 0, 3, 17.94
1747825212, 0, 124, 1162, 1159, 27, 7.65%, 0, 0, 3, 17.93
1747825227, 0, 124, 1163, 1160, 27, 7.65%, 0, 0, 3, 18.10
1747825278, 0, 124, 1164, 1161, 27, 7.65%, 0, 0, 3, 18.31
1747825288, 0, 125, 1164, 1161, 26, 7.65%, 0, 0, 3, 17.97
1747825293, 0, 127, 1164, 1161, 26, 7.65%, 0, 0, 3, 18.33
1747825299, 0, 128, 1164, 1161, 26, 7.65%, 0, 0, 3, 18.74
1747825309, 0, 129, 1164, 1161, 26, 7.65%, 0, 0, 3, 18.32
1747825314, 0, 130, 1164, 1161, 26, 7.65%, 0, 0, 3, 18.21
1747825324, 0, 131, 1164, 1161, 26, 7.65%, 0, 0, 3, 18.79
1747825329, 0, 131, 1165, 1162, 26, 7.65%, 0, 0, 3, 18.81
1747825334, 0, 132, 1165, 1162, 26, 7.65%, 0, 0, 3, 18.65
1747825339, 0, 132, 1166, 1163, 26, 7.66%, 0, 0, 3, 18.31
1747825350, 0, 133, 1166, 1163, 27, 7.66%, 0, 0, 3, 18.56
1747825355, 0, 135, 1166, 1163, 27, 7.66%, 0, 0, 3, 18.64
1747825365, 0, 136, 1166, 1163, 27, 7.66%, 0, 0, 3, 18.29
1747825370, 0, 138, 1166, 1163, 27, 7.66%, 0, 0, 3, 18.15
1747825380, 0, 140, 1166, 1163, 27, 7.66%, 0, 0, 3, 18.62
1747825385, 0, 141, 1166, 1163, 27, 7.66%, 0, 0, 3, 19.82
1747825390, 0, 142, 1167, 1164, 27, 7.66%, 0, 0, 3, 19.45
1747825406, 0, 143, 1167, 1164, 27, 7.66%, 0, 0, 3, 18.13
1747825411, 0, 144, 1167, 1164, 27, 7.66%, 0, 0, 3, 18.02
1747825421, 0, 145, 1168, 1165, 27, 7.66%, 0, 0, 3, 18.31
1747825426, 0, 145, 1169, 1166, 27, 7.66%, 0, 0, 3, 18.15
1747825452, 0, 146, 1169, 1166, 27, 7.66%, 0, 0, 3, 18.76
1747825457, 0, 147, 1169, 1166, 27, 7.66%, 0, 0, 3, 18.60
1747825462, 0, 148, 1169, 1166, 27, 7.66%, 0, 0, 3, 18.39
1747825472, 0, 149, 1170, 1167, 27, 7.66%, 0, 0, 3, 18.42
1747825483, 0, 150, 1170, 1167, 27, 7.66%, 0, 0, 3, 18.66
1747825488, 0, 150, 1171, 1168, 27, 7.66%, 0, 0, 3, 17.94
1747825498, 0, 151, 1171, 1168, 27, 7.66%, 0, 0, 3, 18.93
1747825503, 0, 152, 1171, 1168, 27, 7.66%, 0, 0, 3, 20.19
1747825513, 0, 153, 1171, 1168, 27, 7.66%, 0, 0, 3, 18.28
1747825518, 0, 154, 1171, 1168, 27, 7.66%, 0, 0, 3, 18.43
1747825528, 0, 155, 1171, 1168, 27, 7.66%, 0, 0, 3, 17.87
1747825534, 0, 156, 1171, 1168, 27, 7.66%, 0, 0, 3, 18.02
1747825539, 0, 157, 1171, 1168, 27, 7.66%, 0, 0, 3, 18.16
1747825549, 0, 157, 1172, 1169, 27, 7.66%, 0, 0, 3, 17.99
1747825554, 0, 158, 1172, 1169, 27, 7.66%, 0, 0, 3, 18.39
1747825564, 0, 159, 1173, 1170, 27, 7.66%, 0, 0, 3, 18.37
1747825574, 0, 160, 1173, 1170, 27, 7.66%, 0, 0, 3, 18.22
1747825580, 0, 160, 1174, 1171, 27, 7.66%, 0, 0, 3, 18.65
1747825590, 0, 161, 1174, 1171, 27, 7.66%, 0, 0, 3, 18.57
1747825600, 0, 163, 1174, 1171, 27, 7.66%, 0, 0, 3, 18.16
1747825605, 0, 165, 1175, 1172, 27, 7.66%, 0, 0, 3, 18.45
1747825621, 0, 167, 1175, 1172, 27, 7.66%, 0, 0, 3, 18.16
1747825626, 0, 168, 1175, 1172, 27, 7.66%, 0, 0, 3, 18.05
1747825631, 0, 170, 1175, 1172, 27, 7.66%, 0, 0, 3, 18.55
1747825641, 0, 171, 1175, 1172, 27, 7.66%, 0, 0, 3, 18.71
1747825646, 0, 173, 1175, 1172, 27, 7.66%, 0, 0, 3, 18.06
1747825651, 0, 175, 1175, 1172, 27, 7.66%, 0, 0, 3, 18.10
1747825662, 0, 176, 1175, 1172, 27, 7.66%, 0, 0, 3, 18.24
1747825667, 0, 178, 1175, 1172, 27, 7.66%, 0, 0, 3, 18.26
1747825672, 0, 179, 1175, 1172, 27, 7.66%, 0, 0, 3, 18.32
1747825682, 0, 180, 1175, 1172, 27, 7.66%, 0, 0, 3, 18.22
1747825687, 0, 180, 1177, 1174, 27, 7.66%, 0, 0, 3, 17.81
1747825692, 0, 180, 1178, 1175, 27, 7.66%, 0, 0, 3, 18.03
1747825764, 0, 181, 1178, 1175, 27, 7.66%, 0, 0, 3, 10.68
1747825774, 0, 182, 1178, 1175, 27, 7.66%, 0, 0, 3, 17.19
1747825779, 0, 183, 1178, 1175, 27, 7.66%, 0, 0, 3, 17.50
1747825785, 0, 183, 1179, 1176, 27, 7.66%, 0, 0, 3, 17.96
1747825795, 0, 184, 1179, 1176, 27, 7.66%, 0, 0, 3, 18.07
1747825800, 0, 185, 1179, 1176, 27, 7.66%, 0, 0, 3, 18.14
1747825810, 0, 186, 1179, 1176, 27, 7.66%, 0, 0, 3, 18.09
1747825815, 0, 187, 1179, 1176, 27, 7.66%, 0, 0, 3, 18.20
1747825826, 0, 188, 1179, 1176, 27, 7.66%, 0, 0, 3, 18.07
1747825831, 0, 190, 1179, 1176, 27, 7.66%, 0, 0, 3, 17.95
1747825836, 0, 191, 1179, 1176, 27, 7.66%, 0, 0, 3, 18.03
1747825846, 0, 191, 1180, 1177, 27, 7.66%, 0, 0, 3, 18.53
1747825851, 0, 191, 1181, 1178, 27, 7.66%, 0, 0, 3, 18.26
1747825866, 0, 192, 1181, 1178, 27, 7.66%, 0, 0, 3, 18.13
1747825871, 0, 193, 1181, 1178, 27, 7.66%, 0, 0, 3, 18.20
1747825881, 0, 195, 1181, 1178, 27, 7.66%, 0, 0, 3, 18.06
1747825887, 0, 196, 1181, 1178, 27, 7.66%, 0, 0, 3, 17.98
1747825897, 0, 198, 1181, 1178, 27, 7.66%, 0, 0, 3, 52.27
1747826191, 0, 199, 1181, 1177, 27, 7.66%, 0, 0, 3, 19.24
1747826201, 0, 200, 1181, 1177, 27, 7.66%, 0, 0, 3, 11.56
1747826211, 0, 201, 1181, 1177, 27, 7.66%, 0, 0, 3, 10.72
1747826227, 0, 202, 1181, 1177, 27, 7.66%, 0, 0, 3, 10.71
1747826237, 0, 204, 1181, 1177, 27, 7.66%, 0, 0, 3, 10.76
1747826248, 0, 206, 1181, 1177, 27, 7.66%, 0, 0, 3, 10.69
1747826263, 0, 208, 1181, 1177, 27, 7.66%, 0, 0, 3, 10.52
1747826273, 0, 210, 1181, 1177, 27, 7.66%, 0, 0, 3, 10.81
1747826284, 0, 211, 1181, 1177, 27, 7.66%, 0, 0, 3, 10.65
1747826289, 0, 211, 1182, 1178, 27, 7.66%, 0, 0, 3, 10.57
1747826294, 0, 211, 1183, 1179, 27, 7.66%, 0, 0, 3, 10.67
1747826335, 0, 212, 1183, 1179, 27, 7.66%, 0, 0, 3, 10.52
1747826345, 0, 213, 1183, 1179, 27, 7.66%, 0, 0, 3, 10.49
1747826361, 0, 214, 1183, 1179, 27, 7.66%, 0, 0, 3, 10.92
1747826371, 0, 215, 1183, 1179, 27, 7.66%, 0, 0, 3, 10.69
1747826381, 0, 218, 1183, 1179, 27, 7.66%, 0, 0, 3, 10.74
1747826397, 0, 219, 1183, 1179, 27, 7.66%, 0, 0, 3, 10.71
1747826407, 0, 221, 1183, 1179, 27, 7.66%, 0, 0, 3, 10.80
1747826417, 0, 222, 1183, 1179, 27, 7.66%, 0, 0, 3, 10.66
1747826422, 0, 222, 1184, 1180, 27, 7.66%, 0, 0, 3, 10.44
1747826442, 0, 223, 1184, 1180, 27, 7.66%, 0, 0, 3, 10.58
1747826458, 0, 224, 1184, 1180, 27, 7.66%, 0, 0, 3, 10.62
1747826463, 0, 224, 1185, 1181, 27, 7.66%, 0, 0, 3, 10.40
1747826483, 0, 225, 1185, 1181, 27, 7.66%, 0, 0, 3, 10.58
1747826493, 0, 226, 1185, 1181, 27, 7.66%, 0, 0, 3, 10.68
1747826504, 0, 228, 1185, 1181, 27, 7.66%, 0, 0, 3, 10.65
1747826519, 0, 229, 1185, 1181, 27, 7.66%, 0, 0, 3, 10.60
1747826529, 0, 230, 1185, 1181, 27, 7.66%, 0, 0, 3, 10.89
1747826540, 0, 232, 1185, 1181, 27, 7.66%, 0, 0, 3, 10.65
1747826555, 0, 233, 1185, 1181, 27, 7.66%, 0, 0, 3, 10.68
1747826565, 0, 234, 1185, 1181, 27, 7.66%, 0, 0, 3, 10.62
1747826575, 0, 235, 1185, 1181, 27, 7.66%, 0, 0, 3, 10.64
1747826591, 0, 236, 1185, 1181, 27, 7.66%, 0, 0, 3, 10.71
1747826601, 0, 238, 1185, 1181, 27, 7.66%, 0, 0, 3, 10.59
1747826611, 0, 239, 1185, 1181, 27, 7.66%, 0, 0, 3, 10.68
1747826622, 0, 239, 1186, 1182, 27, 7.66%, 0, 0, 3, 10.65
1747826637, 0, 240, 1186, 1182, 27, 7.66%, 0, 0, 3, 10.86
1747826652, 0, 241, 1186, 1182, 27, 7.66%, 0, 0, 3, 12.00
1747826663, 0, 242, 1186, 1182, 27, 7.66%, 0, 0, 3, 27.58
1747827121, 0, 243, 1186, 1181, 27, 7.66%, 0, 0, 3, 17.42
1747827132, 0, 244, 1186, 1181, 27, 7.66%, 0, 0, 3, 11.17
1747827142, 0, 245, 1186, 1181, 27, 7.66%, 0, 0, 3, 10.77
1747827157, 0, 246, 1186, 1181, 27, 7.66%, 0, 0, 3, 10.70
1747827167, 0, 247, 1186, 1181, 27, 7.66%, 0, 0, 3, 10.48
1747827178, 0, 248, 1186, 1181, 27, 7.66%, 0, 0, 3, 10.63
1747827193, 0, 249, 1186, 1181, 27, 7.66%, 0, 0, 3, 10.95
1747827203, 0, 249, 1187, 1182, 27, 7.66%, 0, 0, 3, 10.69
1747827219, 0, 250, 1187, 1182, 27, 7.66%, 0, 0, 3, 11.86
1747827229, 0, 251, 1187, 1182, 27, 7.66%, 0, 0, 3, 11.12
1747827239, 0, 252, 1187, 1182, 27, 7.66%, 0, 0, 3, 10.73
1747827249, 0, 254, 1187, 1182, 27, 7.66%, 0, 0, 3, 10.79
1747827265, 0, 257, 1187, 1182, 27, 7.66%, 0, 0, 3, 10.81
1747827275, 0, 259, 1187, 1182, 27, 7.66%, 0, 0, 3, 10.75
1747827285, 0, 260, 1187, 1182, 27, 7.66%, 0, 0, 3, 10.65
1747827300, 0, 261, 1188, 1183, 27, 7.67%, 0, 0, 3, 10.55
1747827306, 0, 261, 1189, 1184, 27, 7.67%, 0, 0, 3, 10.51
1747827311, 0, 261, 1190, 1185, 27, 7.67%, 0, 0, 3, 10.50
1747827342, 0, 261, 1191, 1186, 27, 7.67%, 0, 0, 3, 10.57
1747827393, 0, 261, 1192, 1187, 27, 7.67%, 0, 0, 3, 10.59
1747827403, 0, 261, 1193, 1188, 27, 7.67%, 0, 0, 3, 10.56
1747827495, 0, 261, 1194, 1189, 27, 7.67%, 0, 0, 3, 10.94
1747827639, 0, 261, 1195, 1190, 27, 7.67%, 0, 0, 3, 10.58
1747827685, 0, 263, 1195, 1190, 29, 7.67%, 0, 0, 3, 10.55
1747827701, 0, 264, 1195, 1190, 29, 7.67%, 0, 0, 3, 10.38
1747827711, 0, 265, 1195, 1190, 29, 7.67%, 0, 0, 3, 10.74
1747827721, 0, 266, 1195, 1190, 29, 7.67%, 0, 0, 3, 10.91
1747827736, 0, 267, 1195, 1190, 29, 7.67%, 0, 0, 3, 10.45
1747827746, 0, 268, 1195, 1190, 29, 7.67%, 0, 0, 3, 10.50
1747827756, 0, 270, 1195, 1190, 29, 7.67%, 0, 0, 3, 10.76
1747827772, 0, 272, 1195, 1190, 29, 7.67%, 0, 0, 3, 10.66
1747827782, 0, 274, 1195, 1190, 29, 7.67%, 0, 0, 3, 10.52
1747827798, 0, 275, 1195, 1190, 29, 7.67%, 0, 0, 3, 10.60
1747827808, 0, 276, 1195, 1190, 29, 7.67%, 0, 0, 3, 11.64
1747827818, 0, 277, 1195, 1190, 29, 7.67%, 0, 0, 3, 12.25
1747827828, 0, 278, 1195, 1190, 29, 7.67%, 0, 0, 3, 11.20
1747827839, 0, 278, 1196, 1191, 29, 7.67%, 0, 0, 3, 10.42
1747827854, 0, 280, 1196, 1191, 29, 7.67%, 0, 0, 3, 10.31
1747827859, 0, 280, 1197, 1192, 29, 7.67%, 0, 0, 3, 10.18
1747827875, 0, 280, 1198, 1193, 29, 7.67%, 0, 0, 3, 10.24
1747827895, 0, 280, 1199, 1194, 29, 7.67%, 0, 0, 3, 10.45
1747827905, 0, 280, 1200, 1195, 29, 7.67%, 0, 0, 3, 10.18
1747827936, 0, 280, 1201, 1196, 29, 7.67%, 0, 0, 3, 10.16
1747827951, 0, 280, 1202, 1197, 29, 7.67%, 0, 0, 3, 10.30
1747827956, 0, 280, 1203, 1198, 29, 7.67%, 0, 0, 3, 10.34
1747828034, 0, 280, 1204, 1199, 29, 7.67%, 0, 0, 3, 10.27
1747828207, 0, 280, 1205, 1200, 29, 7.67%, 0, 0, 3, 10.31
1747828228, 0, 280, 1206, 1201, 29, 7.67%, 0, 0, 3, 10.53
1747828254, 0, 281, 1206, 1201, 29, 7.67%, 0, 0, 3, 10.38
1747828269, 0, 282, 1206, 1201, 29, 7.67%, 0, 0, 3, 10.33
1747828279, 0, 283, 1206, 1201, 29, 7.67%, 0, 0, 3, 10.33
1747828284, 0, 283, 1207, 1202, 29, 7.67%, 0, 0, 3, 10.46
1747828290, 0, 283, 1208, 1203, 29, 7.67%, 0, 0, 3, 10.22
1747828330, 0, 285, 1208, 1203, 29, 7.67%, 0, 0, 3, 10.36
1747828341, 0, 286, 1208, 1203, 29, 7.67%, 0, 0, 3, 11.99
1747828351, 0, 288, 1208, 1203, 29, 7.67%, 0, 0, 3, 12.06
1747828366, 0, 290, 1208, 1203, 29, 7.67%, 0, 0, 3, 10.69
1747828376, 0, 291, 1208, 1203, 29, 7.67%, 0, 0, 3, 10.47
1747828392, 0, 293, 1209, 1204, 29, 7.67%, 0, 0, 3, 10.06
1747828418, 0, 294, 1209, 1204, 29, 7.67%, 0, 0, 3, 10.20
1747828428, 0, 294, 1210, 1205, 29, 7.67%, 0, 0, 3, 9.84
1747828443, 0, 295, 1210, 1205, 29, 7.67%, 0, 0, 3, 10.03
1747828448, 0, 295, 1211, 1206, 29, 7.67%, 0, 0, 3, 10.02
1747828469, 0, 297, 1211, 1206, 29, 7.67%, 0, 0, 3, 10.17
1747828479, 0, 299, 1211, 1206, 29, 7.67%, 0, 0, 3, 10.31
1747828495, 0, 301, 1211, 1206, 29, 7.67%, 0, 0, 3, 10.62
1747828505, 0, 303, 1211, 1206, 29, 7.67%, 0, 0, 3, 10.40
1747828515, 0, 304, 1211, 1206, 29, 7.67%, 0, 0, 3, 10.14
1747828530, 0, 305, 1211, 1206, 29, 7.67%, 0, 0, 3, 10.50
1747828540, 0, 307, 1211, 1206, 29, 7.67%, 0, 0, 3, 10.52
1747828556, 0, 308, 1211, 1206, 29, 7.67%, 0, 0, 3, 10.03
1747828561, 0, 308, 1212, 1207, 29, 7.67%, 0, 0, 3, 9.93
1747828581, 0, 309, 1212, 1207, 29, 7.67%, 0, 0, 3, 10.32
1747828592, 0, 310, 1212, 1207, 29, 7.67%, 0, 0, 3, 10.37
1747828607, 0, 311, 1213, 1208, 29, 7.67%, 0, 0, 3, 10.40
1747828612, 0, 311, 1214, 1209, 29, 7.67%, 0, 0, 3, 10.34
1747828648, 0, 311, 1215, 1210, 29, 7.67%, 0, 0, 3, 10.55
1747828704, 0, 312, 1215, 1210, 29, 7.67%, 0, 0, 3, 10.20
1747828709, 0, 312, 1216, 1211, 29, 7.67%, 0, 0, 3, 10.06
1747828730, 0, 313, 1217, 1212, 29, 7.67%, 0, 0, 3, 9.94
1747828740, 0, 313, 1218, 1213, 29, 7.67%, 0, 0, 3, 9.88
1747828745, 0, 313, 1219, 1214, 29, 7.67%, 0, 0, 3, 9.78
1747828766, 0, 313, 1220, 1215, 29, 7.67%, 0, 0, 3, 9.58
1747828791, 0, 313, 1221, 1216, 29, 7.67%, 0, 0, 3, 9.81
1747828822, 0, 313, 1222, 1217, 29, 7.67%, 0, 0, 3, 9.78
1747828863, 0, 313, 1223, 1218, 29, 7.67%, 0, 0, 3, 9.77
1747828868, 0, 313, 1224, 1219, 29, 7.67%, 0, 0, 3, 9.66
1747828909, 0, 313, 1225, 1220, 29, 7.68%, 0, 0, 3, 9.85
1747828950, 0, 313, 1226, 1221, 29, 7.68%, 0, 0, 3, 9.86
1747828961, 0, 313, 1227, 1222, 29, 7.68%, 0, 0, 3, 9.67
1747829027, 0, 313, 1228, 1223, 29, 7.68%, 0, 0, 3, 9.83
1747829094, 0, 313, 1229, 1224, 29, 7.68%, 0, 0, 3, 9.83
1747829134, 0, 313, 1230, 1225, 29, 7.68%, 0, 0, 3, 9.96
1747829150, 0, 314, 1230, 1225, 29, 7.68%, 0, 0, 3, 9.85
1747829165, 0, 315, 1231, 1226, 29, 7.68%, 0, 0, 3, 9.70
1747829191, 0, 316, 1232, 1227, 29, 7.68%, 0, 0, 3, 9.63
1747829216, 0, 317, 1232, 1227, 29, 7.68%, 0, 0, 3, 9.65
1747829221, 0, 317, 1233, 1228, 29, 7.68%, 0, 0, 3, 9.65
1747829231, 0, 317, 1234, 1229, 29, 7.68%, 0, 0, 3, 9.63
1747829237, 0, 317, 1236, 1231, 29, 7.68%, 0, 0, 3, 9.53
1747829247, 0, 317, 1237, 1232, 29, 7.72%, 0, 0, 3, 9.52
1747829257, 0, 317, 1238, 1233, 29, 7.72%, 0, 0, 3, 9.51
1747829308, 0, 317, 1239, 1234, 29, 7.72%, 0, 0, 3, 9.55
1747829400, 0, 317, 1240, 1235, 29, 7.72%, 0, 0, 3, 9.76
1747829538, 0, 317, 1241, 1236, 29, 7.72%, 0, 0, 3, 9.64
1747829549, 0, 317, 1242, 1237, 29, 7.72%, 0, 0, 3, 9.83
1747829610, 0, 317, 1243, 1238, 29, 7.72%, 0, 0, 3, 9.45
1747829646, 0, 318, 1243, 1238, 30, 7.72%, 0, 0, 3, 9.68
1747829662, 0, 319, 1244, 1239, 30, 7.72%, 0, 0, 3, 9.55
1747829687, 0, 321, 1244, 1239, 30, 7.72%, 0, 0, 3, 9.57
1747829692, 0, 321, 1245, 1240, 30, 7.72%, 0, 0, 3, 9.39
1747829707, 0, 321, 1246, 1241, 30, 7.73%, 0, 0, 3, 9.29
1747829713, 0, 321, 1247, 1242, 30, 7.73%, 0, 0, 3, 9.17
1747829723, 0, 321, 1248, 1243, 30, 7.73%, 0, 0, 3, 9.36
1747829738, 0, 321, 1249, 1244, 30, 7.73%, 0, 0, 3, 9.37
1747829774, 0, 321, 1251, 1246, 30, 7.73%, 0, 0, 3, 9.53
1747829830, 0, 321, 1252, 1247, 30, 7.73%, 0, 0, 3, 9.31
1747829877, 0, 321, 1253, 1248, 30, 7.73%, 0, 0, 3, 9.32
1747829887, 0, 321, 1254, 1249, 30, 7.73%, 0, 0, 3, 9.28
1747829923, 0, 321, 1255, 1250, 30, 7.73%, 0, 0, 3, 9.29
1747829954, 0, 321, 1256, 1251, 30, 7.73%, 0, 0, 3, 9.35
1747829979, 0, 321, 1257, 1252, 30, 7.73%, 0, 0, 3, 9.36
1747829995, 0, 321, 1259, 1254, 30, 7.73%, 0, 0, 3, 9.25
1747830030, 0, 321, 1260, 1255, 30, 7.73%, 0, 0, 3, 9.30
1747830035, 0, 321, 1261, 1256, 30, 7.73%, 0, 0, 3, 9.33
1747830081, 0, 321, 1262, 1257, 30, 7.73%, 0, 0, 3, 9.43
1747830097, 0, 321, 1263, 1258, 30, 7.73%, 0, 0, 3, 9.37
1747830138, 0, 322, 1263, 1258, 31, 7.73%, 0, 0, 3, 9.63
1747830153, 0, 323, 1263, 1258, 31, 7.73%, 0, 0, 3, 10.04
1747830163, 0, 324, 1263, 1258, 31, 7.73%, 0, 0, 3, 10.13
1747830179, 0, 325, 1263, 1258, 31, 7.73%, 0, 0, 3, 10.13
1747830189, 0, 327, 1263, 1258, 31, 7.73%, 0, 0, 3, 10.16
1747830205, 0, 328, 1263, 1258, 31, 7.73%, 0, 0, 3, 10.05
1747830215, 0, 330, 1263, 1258, 31, 7.73%, 0, 0, 3, 10.07
1747830230, 0, 331, 1263, 1258, 31, 7.73%, 0, 0, 3, 10.04
1747830241, 0, 332, 1263, 1258, 31, 7.73%, 0, 0, 3, 10.01
1747830246, 0, 332, 1264, 1259, 31, 7.73%, 0, 0, 3, 9.41
1747830271, 0, 333, 1265, 1260, 31, 7.73%, 0, 0, 3, 9.26
1747830277, 0, 333, 1266, 1261, 31, 7.73%, 0, 0, 3, 9.17
1747830287, 0, 333, 1267, 1262, 31, 7.73%, 0, 0, 3, 9.24
1747830318, 0, 333, 1268, 1263, 31, 7.73%, 0, 0, 3, 9.21
1747830389, 0, 333, 1269, 1264, 31, 7.73%, 0, 0, 3, 9.22
1747830455, 0, 333, 1270, 1265, 31, 7.73%, 0, 0, 3, 9.31
1747830614, 0, 333, 1271, 1266, 31, 7.73%, 0, 0, 3, 9.29
1747830716, 0, 334, 1271, 1266, 31, 7.73%, 0, 0, 3, 9.29
1747830726, 0, 335, 1271, 1266, 31, 7.73%, 0, 0, 3, 9.50
1747830742, 0, 336, 1271, 1266, 31, 7.73%, 0, 0, 3, 9.62
1747830752, 0, 337, 1271, 1266, 31, 7.73%, 0, 0, 3, 9.64
1747830767, 0, 339, 1271, 1266, 31, 7.73%, 0, 0, 3, 9.81
1747830782, 0, 340, 1271, 1266, 31, 7.73%, 0, 0, 3, 9.45
1747830793, 0, 341, 1271, 1266, 31, 7.73%, 0, 0, 3, 9.63
1747830808, 0, 342, 1271, 1266, 31, 7.73%, 0, 0, 3, 9.89
1747830818, 0, 343, 1271, 1266, 31, 7.73%, 0, 0, 3, 9.34
1747830834, 0, 345, 1271, 1266, 31, 7.73%, 0, 0, 3, 9.29
1747830839, 0, 345, 1272, 1267, 31, 7.73%, 0, 0, 3, 9.23
1747830849, 0, 345, 1273, 1268, 31, 7.73%, 0, 0, 3, 9.18
1747830890, 0, 347, 1273, 1268, 31, 7.73%, 0, 0, 3, 9.20
1747830906, 0, 348, 1273, 1268, 31, 7.73%, 0, 0, 3, 9.34
1747830916, 0, 349, 1273, 1268, 31, 7.73%, 0, 0, 3, 9.47
1747830931, 0, 350, 1273, 1268, 31, 7.73%, 0, 0, 3, 9.66
1747830941, 0, 351, 1273, 1268, 31, 7.73%, 0, 0, 3, 9.28
1747830957, 0, 352, 1273, 1268, 31, 7.73%, 0, 0, 3, 9.31
1747830962, 0, 352, 1275, 1270, 31, 7.73%, 0, 0, 3, 9.00
1747830967, 0, 352, 1276, 1271, 31, 7.73%, 0, 0, 3, 9.03
1747830982, 0, 352, 1277, 1272, 31, 7.73%, 0, 0, 3, 9.10
1747830992, 0, 352, 1278, 1273, 31, 7.73%, 0, 0, 3, 9.11
1747831044, 0, 352, 1279, 1274, 31, 7.73%, 0, 0, 3, 9.02
1747831059, 0, 352, 1280, 1275, 31, 7.73%, 0, 0, 3, 9.00
1747831080, 0, 352, 1281, 1276, 31, 7.73%, 0, 0, 3, 8.98
1747831136, 0, 352, 1282, 1277, 31, 7.73%, 0, 0, 3, 8.83
1747831172, 0, 352, 1283, 1278, 31, 7.73%, 0, 0, 3, 8.82
1747831187, 0, 352, 1284, 1279, 31, 7.73%, 0, 0, 3, 9.01
1747831192, 0, 352, 1285, 1280, 31, 7.73%, 0, 0, 3, 8.81
1747831244, 0, 352, 1286, 1281, 31, 7.73%, 0, 0, 3, 9.16
1747831289, 0, 352, 1287, 1282, 31, 7.73%, 0, 0, 3, 8.97
1747831300, 0, 352, 1288, 1283, 31, 7.73%, 0, 0, 3, 8.95
1747831422, 0, 353, 1288, 1283, 31, 7.73%, 0, 0, 3, 9.52
1747831438, 0, 354, 1288, 1283, 31, 7.73%, 0, 0, 3, 9.47
1747831448, 0, 355, 1288, 1283, 31, 7.73%, 0, 0, 3, 9.20
1747831463, 0, 358, 1288, 1283, 31, 7.73%, 0, 0, 3, 9.80
1747831473, 0, 359, 1288, 1283, 31, 7.73%, 0, 0, 3, 10.19
1747831484, 0, 359, 1289, 1284, 31, 7.73%, 0, 0, 3, 8.93
1747831504, 0, 360, 1289, 1284, 31, 7.73%, 0, 0, 3, 8.82
1747831520, 0, 361, 1289, 1284, 31, 7.73%, 0, 0, 3, 8.89
1747831535, 0, 362, 1289, 1284, 31, 7.73%, 0, 0, 3, 8.86
1747831551, 0, 363, 1289, 1284, 31, 7.73%, 0, 0, 3, 10.02
1747831561, 0, 366, 1289, 1284, 31, 7.73%, 0, 0, 3, 9.76
1747831576, 0, 368, 1289, 1284, 31, 7.73%, 0, 0, 3, 9.38
1747831586, 0, 369, 1289, 1284, 31, 7.73%, 0, 0, 3, 9.03
1747831592, 0, 369, 1290, 1285, 31, 7.73%, 0, 0, 3, 8.88
1747831617, 0, 370, 1290, 1285, 31, 7.73%, 0, 0, 3, 9.06
1747831633, 0, 371, 1291, 1286, 31, 7.73%, 0, 0, 3, 9.30
1747831658, 0, 372, 1291, 1286, 31, 7.73%, 0, 0, 3, 9.14
1747831673, 0, 373, 1291, 1286, 31, 7.73%, 0, 0, 3, 9.41
1747831684, 0, 374, 1291, 1286, 31, 7.73%, 0, 0, 3, 10.38
1747831699, 0, 375, 1291, 1286, 31, 7.73%, 0, 0, 3, 9.18
1747831715, 0, 376, 1291, 1286, 31, 7.73%, 0, 0, 3, 9.29
1747831730, 0, 377, 1291, 1286, 31, 7.73%, 0, 0, 3, 8.80
1747831740, 0, 378, 1291, 1286, 31, 7.73%, 0, 0, 3, 9.18
1747831755, 0, 379, 1291, 1286, 31, 7.73%, 0, 0, 3, 9.40
1747831760, 0, 379, 1292, 1287, 31, 7.73%, 0, 0, 3, 9.11
1747831776, 0, 379, 1293, 1288, 31, 7.73%, 0, 0, 3, 8.65
1747831811, 0, 380, 1293, 1288, 31, 7.73%, 0, 0, 3, 8.77
1747831827, 0, 382, 1293, 1288, 31, 7.73%, 0, 0, 3, 8.96
1747831842, 0, 383, 1293, 1288, 31, 7.73%, 0, 0, 3, 8.95
1747831847, 0, 383, 1294, 1289, 31, 7.73%, 0, 0, 3, 8.88
1747831873, 0, 384, 1295, 1290, 31, 7.73%, 0, 0, 3, 8.81
1747831903, 0, 385, 1295, 1290, 31, 7.73%, 0, 0, 3, 9.23
1747831914, 0, 386, 1295, 1290, 31, 7.73%, 0, 0, 3, 9.62
1747831929, 0, 387, 1295, 1290, 31, 7.73%, 0, 0, 3, 9.41
1747831934, 0, 387, 1296, 1291, 31, 7.73%, 0, 0, 3, 8.84
1747831955, 0, 388, 1296, 1291, 31, 7.73%, 0, 0, 3, 9.21
1747831970, 0, 390, 1296, 1291, 31, 7.73%, 0, 0, 3, 9.34
1747831985, 0, 391, 1296, 1291, 31, 7.73%, 0, 0, 3, 8.92
1747831995, 0, 392, 1296, 1291, 31, 7.73%, 0, 0, 3, 8.85
1747832011, 0, 394, 1296, 1291, 31, 7.73%, 0, 0, 3, 9.48
1747832026, 0, 397, 1296, 1291, 31, 7.73%, 0, 0, 3, 9.84
1747832037, 0, 398, 1296, 1291, 31, 7.73%, 0, 0, 3, 9.81
1747832052, 0, 400, 1296, 1291, 31, 7.73%, 0, 0, 3, 9.23
1747832062, 0, 401, 1296, 1291, 31, 7.73%, 0, 0, 3, 9.12
1747832077, 0, 402, 1296, 1291, 31, 7.73%, 0, 0, 3, 8.94
1747832093, 0, 403, 1296, 1291, 31, 7.73%, 0, 0, 3, 8.72
1747832098, 0, 403, 1297, 1292, 31, 7.73%, 0, 0, 3, 8.52
1747832124, 0, 404, 1297, 1292, 31, 7.73%, 0, 0, 3, 8.81
1747832134, 0, 404, 1298, 1293, 31, 7.73%, 0, 0, 3, 9.04
1747832154, 0, 405, 1298, 1293, 31, 7.73%, 0, 0, 3, 9.03
1747832164, 0, 405, 1299, 1294, 31, 7.73%, 0, 0, 3, 9.39
1747832180, 0, 406, 1299, 1294, 31, 7.73%, 0, 0, 3, 9.43
1747832195, 0, 407, 1299, 1294, 31, 7.73%, 0, 0, 3, 9.91
1747832205, 0, 408, 1299, 1294, 31, 7.73%, 0, 0, 3, 10.14
1747832221, 0, 412, 1299, 1294, 31, 7.73%, 0, 0, 3, 9.00
1747832236, 0, 413, 1299, 1294, 31, 7.73%, 0, 0, 3, 9.15
1747832252, 0, 416, 1299, 1294, 31, 7.73%, 0, 0, 3, 8.85
1747832262, 0, 417, 1299, 1294, 31, 7.73%, 0, 0, 3, 8.76
1747832277, 0, 418, 1299, 1294, 31, 7.73%, 0, 0, 3, 9.20
1747832293, 0, 420, 1299, 1294, 31, 7.73%, 0, 0, 3, 8.83
1747832298, 0, 420, 1300, 1295, 31, 7.73%, 0, 0, 3, 8.85
1747832323, 0, 421, 1300, 1295, 31, 7.73%, 0, 0, 3, 9.15
1747832333, 0, 421, 1301, 1296, 31, 7.73%, 0, 0, 3, 9.25
1747832349, 0, 423, 1301, 1296, 31, 7.73%, 0, 0, 3, 9.31
1747832364, 0, 424, 1301, 1296, 31, 7.73%, 0, 0, 3, 9.33
1747832380, 0, 425, 1301, 1296, 31, 7.73%, 0, 0, 3, 9.14
1747832390, 0, 428, 1301, 1296, 31, 7.73%, 0, 0, 3, 8.81
1747832405, 0, 429, 1301, 1296, 31, 7.73%, 0, 0, 3, 9.05
1747832421, 0, 431, 1301, 1296, 31, 7.73%, 0, 0, 3, 9.21
1747832431, 0, 433, 1301, 1296, 31, 7.73%, 0, 0, 3, 9.34
1747832446, 0, 434, 1302, 1297, 31, 7.73%, 0, 0, 3, 8.97
1747832462, 0, 434, 1303, 1298, 31, 7.73%, 0, 0, 3, 8.63
1747832493, 0, 434, 1304, 1299, 31, 7.73%, 0, 0, 3, 8.41
1747832565, 0, 435, 1304, 1299, 31, 7.73%, 0, 0, 3, 8.76
1747832580, 0, 436, 1304, 1299, 31, 7.73%, 0, 0, 3, 9.04
1747832596, 0, 437, 1304, 1299, 31, 7.73%, 0, 0, 3, 9.76
1747832606, 0, 440, 1304, 1299, 31, 7.73%, 0, 0, 3, 10.03
1747832621, 0, 441, 1304, 1299, 31, 7.73%, 0, 0, 3, 8.97
1747832637, 0, 442, 1304, 1299, 31, 7.73%, 0, 0, 3, 8.75
1747832647, 0, 442, 1305, 1300, 31, 7.73%, 0, 0, 3, 8.71
1747832667, 0, 444, 1305, 1300, 31, 7.73%, 0, 0, 3, 9.05
1747832678, 0, 445, 1305, 1300, 31, 7.73%, 0, 0, 3, 9.25
1747832693, 0, 446, 1305, 1300, 31, 7.73%, 0, 0, 3, 9.01
1747832698, 0, 446, 1306, 1301, 31, 7.73%, 0, 0, 3, 8.79
1747832724, 0, 447, 1306, 1301, 31, 7.73%, 0, 0, 3, 8.72
1747832739, 0, 448, 1306, 1301, 31, 7.73%, 0, 0, 3, 8.69
1747832749, 0, 448, 1307, 1302, 31, 7.73%, 0, 0, 3, 8.52
1747832770, 0, 450, 1307, 1302, 31, 7.73%, 0, 0, 3, 9.63
1747832780, 0, 451, 1307, 1302, 31, 7.73%, 0, 0, 3, 10.12
1747832795, 0, 452, 1307, 1302, 31, 7.73%, 0, 0, 3, 8.76
1747832810, 0, 453, 1307, 1302, 31, 7.73%, 0, 0, 3, 9.17
1747832826, 0, 455, 1307, 1302, 31, 7.73%, 0, 0, 3, 9.17
1747832836, 0, 456, 1307, 1302, 31, 7.73%, 0, 0, 3, 8.77
1747832851, 0, 457, 1307, 1302, 31, 7.73%, 0, 0, 3, 8.81
1747832857, 0, 457, 1308, 1303, 31, 7.73%, 0, 0, 3, 8.49
1747832872, 0, 457, 1309, 1304, 31, 7.73%, 0, 0, 3, 8.56
1747832887, 0, 457, 1310, 1305, 31, 7.73%, 0, 0, 3, 8.36
1747832897, 0, 457, 1311, 1306, 31, 7.73%, 0, 0, 3, 8.39
1747832985, 0, 457, 1312, 1307, 31, 7.73%, 0, 0, 3, 8.36
1747833011, 0, 457, 1313, 1308, 31, 7.73%, 0, 0, 3, 8.51
1747833072, 0, 457, 1314, 1309, 31, 7.73%, 0, 0, 3, 8.63
1747833082, 0, 457, 1315, 1310, 31, 7.73%, 0, 0, 3, 8.36
1747833139, 0, 457, 1316, 1311, 31, 7.73%, 0, 0, 3, 8.37
1747833205, 0, 457, 1317, 1312, 31, 7.73%, 0, 0, 3, 8.43
1747833246, 0, 457, 1318, 1313, 31, 7.73%, 0, 0, 3, 8.34
1747833282, 0, 457, 1319, 1314, 31, 7.73%, 0, 0, 3, 8.60
1747833308, 0, 457, 1320, 1315, 31, 7.80%, 0, 0, 3, 8.40
1747833343, 0, 459, 1320, 1315, 30, 7.80%, 0, 0, 3, 8.48
1747833359, 0, 460, 1320, 1315, 30, 7.80%, 0, 0, 3, 8.66
1747833374, 0, 461, 1320, 1315, 30, 7.80%, 0, 0, 3, 8.52
1747833389, 0, 462, 1320, 1315, 30, 7.80%, 0, 0, 3, 8.70
1747833405, 0, 463, 1320, 1315, 30, 7.80%, 0, 0, 3, 8.68
1747833420, 0, 464, 1320, 1315, 30, 7.80%, 0, 0, 3, 9.47
1747833430, 0, 465, 1320, 1315, 30, 7.80%, 0, 0, 3, 9.98
1747833446, 0, 468, 1320, 1315, 30, 7.80%, 0, 0, 3, 8.55
1747833451, 0, 468, 1321, 1316, 30, 7.80%, 0, 0, 3, 8.48
1747833466, 0, 468, 1322, 1317, 30, 7.80%, 0, 0, 3, 8.58
1747833507, 0, 469, 1322, 1317, 30, 7.80%, 0, 0, 3, 9.06
1747833523, 0, 470, 1323, 1318, 30, 7.80%, 0, 0, 3, 8.78
1747833528, 0, 470, 1324, 1319, 30, 7.80%, 0, 0, 3, 8.24
1747833584, 0, 471, 1324, 1319, 30, 7.80%, 0, 0, 3, 8.61
1747833599, 0, 472, 1324, 1319, 30, 7.80%, 0, 0, 3, 8.62
1747833610, 0, 472, 1325, 1320, 30, 7.86%, 0, 0, 3, 8.30
1747833630, 0, 473, 1325, 1320, 30, 7.86%, 0, 0, 3, 8.35
1747833640, 0, 473, 1326, 1321, 30, 7.86%, 0, 0, 3, 8.32
1747833646, 0, 473, 1327, 1322, 30, 7.86%, 0, 0, 3, 8.22
1747833692, 0, 474, 1327, 1322, 30, 7.86%, 0, 0, 3, 8.55
1747833707, 0, 476, 1327, 1322, 30, 7.86%, 0, 0, 3, 8.27
1747833722, 0, 477, 1327, 1322, 30, 7.86%, 0, 0, 3, 8.40
1747833727, 0, 477, 1328, 1323, 30, 7.86%, 0, 0, 3, 9.13
1747833753, 0, 478, 1328, 1323, 30, 7.86%, 0, 0, 3, 8.55
1747833768, 0, 479, 1328, 1323, 30, 7.86%, 0, 0, 3, 8.51
1747833779, 0, 479, 1329, 1324, 30, 7.86%, 0, 0, 3, 8.14
1747833799, 0, 481, 1329, 1324, 30, 7.86%, 0, 0, 3, 8.28
1747833814, 0, 482, 1329, 1324, 30, 7.86%, 0, 0, 3, 8.54
1747833830, 0, 483, 1329, 1324, 30, 7.86%, 0, 0, 3, 8.62
1747833845, 0, 484, 1329, 1324, 30, 7.86%, 0, 0, 3, 8.39
1747833861, 0, 485, 1329, 1324, 30, 7.86%, 0, 0, 3, 8.20
1747833871, 0, 485, 1330, 1325, 30, 7.87%, 0, 0, 3, 8.28
1747833891, 0, 485, 1332, 1327, 30, 7.88%, 0, 0, 3, 8.00
1747833988, 0, 487, 1332, 1327, 30, 7.88%, 0, 0, 3, 8.23
1747834004, 0, 488, 1332, 1327, 30, 7.88%, 0, 0, 3, 8.37
1747834014, 0, 488, 1333, 1328, 30, 7.89%, 0, 0, 3, 8.11
1747834019, 0, 488, 1334, 1329, 30, 7.89%, 0, 0, 3, 8.19
1747834070, 0, 489, 1334, 1329, 32, 7.89%, 0, 0, 3, 8.24
1747834085, 0, 490, 1334, 1329, 32, 7.89%, 0, 0, 3, 8.38
1747834096, 0, 490, 1335, 1330, 32, 7.89%, 0, 0, 3, 8.29
1747834116, 0, 491, 1335, 1330, 32, 7.89%, 0, 0, 3, 8.54
1747834132, 0, 492, 1335, 1330, 32, 7.89%, 0, 0, 3, 8.68
1747834147, 0, 493, 1335, 1330, 32, 7.89%, 0, 0, 3, 8.60
1747834157, 0, 494, 1335, 1330, 32, 7.89%, 0, 0, 3, 8.40
1747834173, 0, 495, 1335, 1330, 32, 7.89%, 0, 0, 3, 8.48
1747834188, 0, 496, 1335, 1330, 32, 7.89%, 0, 0, 3, 8.65
1747834203, 0, 496, 1336, 1331, 32, 7.89%, 0, 0, 3, 8.12
1747834224, 0, 497, 1336, 1331, 32, 7.89%, 0, 0, 3, 8.29
1747834229, 0, 497, 1337, 1332, 32, 7.89%, 0, 0, 3, 8.23
1747834255, 0, 498, 1337, 1332, 32, 7.89%, 0, 0, 3, 8.38
1747834270, 0, 499, 1337, 1332, 32, 7.89%, 0, 0, 3, 8.66
1747834285, 0, 500, 1337, 1332, 32, 7.89%, 0, 0, 3, 8.45
1747834301, 0, 501, 1337, 1332, 32, 7.89%, 0, 0, 3, 8.55
1747834316, 0, 502, 1337, 1332, 32, 7.89%, 0, 0, 3, 8.53
1747834326, 0, 502, 1338, 1333, 32, 7.89%, 0, 0, 3, 8.53
1747834347, 0, 503, 1339, 1334, 32, 7.89%, 0, 0, 3, 8.14
1747834367, 0, 503, 1340, 1335, 32, 7.89%, 0, 0, 3, 8.09
1747834372, 0, 503, 1341, 1336, 32, 7.89%, 0, 0, 3, 8.09
1747834388, 0, 503, 1342, 1337, 32, 7.89%, 0, 0, 3, 13.49
1747834552, 0, 503, 1343, 1338, 32, 7.89%, 0, 0, 3, 7.98
1747834573, 0, 503, 1344, 1339, 32, 7.89%, 0, 0, 3, 8.12
1747834722, 0, 503, 1345, 1340, 32, 7.89%, 0, 0, 3, 8.02
1747834727, 0, 503, 1346, 1341, 32, 7.89%, 0, 0, 3, 8.05
1747834794, 0, 503, 1347, 1342, 32, 7.89%, 0, 0, 3, 8.16
1747834845, 0, 505, 1347, 1342, 32, 7.89%, 0, 0, 3, 8.18
1747834850, 0, 505, 1348, 1343, 32, 7.89%, 0, 0, 3, 8.21
1747834876, 0, 506, 1348, 1343, 32, 7.89%, 0, 0, 3, 8.65
1747834891, 0, 508, 1348, 1343, 32, 7.89%, 0, 0, 3, 8.45
1747834896, 0, 508, 1349, 1344, 32, 7.89%, 0, 0, 3, 7.98
1747834927, 0, 509, 1349, 1344, 32, 7.89%, 0, 0, 3, 8.44
1747834937, 0, 510, 1349, 1344, 32, 7.89%, 0, 0, 3, 10.73
1747834947, 0, 511, 1349, 1344, 32, 7.89%, 0, 0, 3, 13.88
1747834952, 0, 511, 1350, 1345, 32, 7.89%, 0, 0, 3, 14.17
1747834968, 0, 512, 1350, 1345, 32, 7.89%, 0, 0, 3, 14.44
1747834973, 0, 513, 1350, 1345, 32, 7.89%, 0, 0, 3, 14.41
1747834983, 0, 514, 1350, 1345, 32, 7.89%, 0, 0, 3, 14.36
1747834994, 0, 515, 1350, 1345, 32, 7.89%, 0, 0, 3, 14.07
1747835004, 0, 516, 1350, 1345, 32, 7.89%, 0, 0, 3, 14.32
1747835014, 0, 517, 1351, 1346, 32, 7.89%, 0, 0, 3, 13.72
1747835030, 0, 518, 1351, 1346, 32, 7.89%, 0, 0, 3, 13.76
1747835040, 0, 519, 1351, 1346, 32, 7.89%, 0, 0, 3, 13.61
1747835045, 0, 519, 1352, 1347, 32, 7.89%, 0, 0, 3, 13.57
1747835060, 0, 520, 1352, 1347, 30, 7.89%, 0, 0, 3, 13.50
1747835071, 0, 520, 1353, 1348, 30, 7.89%, 0, 0, 3, 14.03
1747835081, 0, 522, 1353, 1348, 30, 7.89%, 0, 0, 3, 14.03
1747835086, 0, 523, 1353, 1348, 30, 7.89%, 0, 0, 3, 14.13
1747835096, 0, 524, 1353, 1348, 30, 7.89%, 0, 0, 3, 14.08
1747835106, 0, 525, 1353, 1348, 30, 7.89%, 0, 0, 3, 14.04
1747835111, 0, 525, 1354, 1349, 30, 7.89%, 0, 0, 3, 14.24
1747835126, 0, 527, 1354, 1349, 31, 7.89%, 0, 0, 3, 14.34
1747835131, 0, 528, 1354, 1349, 31, 7.89%, 0, 0, 3, 14.38
1747835141, 0, 529, 1354, 1349, 31, 7.89%, 0, 0, 3, 13.97
1747835152, 0, 530, 1354, 1349, 31, 7.89%, 0, 0, 3, 13.80
1747835162, 0, 531, 1354, 1349, 31, 7.89%, 0, 0, 3, 13.64
1747835172, 0, 532, 1354, 1349, 31, 7.89%, 0, 0, 3, 14.21
1747835177, 0, 533, 1354, 1349, 31, 7.89%, 0, 0, 3, 14.38
1747835182, 0, 533, 1355, 1350, 31, 7.89%, 0, 0, 3, 14.57
1747835197, 0, 534, 1355, 1350, 31, 7.89%, 0, 0, 3, 14.37
1747835208, 0, 535, 1355, 1350, 31, 7.89%, 0, 0, 3, 14.44
1747835213, 0, 536, 1355, 1350, 31, 7.89%, 0, 0, 3, 14.23
1747835223, 0, 537, 1355, 1350, 31, 7.89%, 0, 0, 3, 14.13
1747835233, 0, 538, 1355, 1350, 31, 7.89%, 0, 0, 3, 14.15
1747835243, 0, 539, 1355, 1350, 31, 7.89%, 0, 0, 3, 37.19
1747836093, 0, 540, 1355, 1349, 30, 7.89%, 0, 0, 3, 18.82
1747836098, 0, 540, 1356, 1350, 30, 7.89%, 0, 0, 3, 10.78
1747836103, 0, 540, 1357, 1351, 30, 7.90%, 0, 0, 3, 8.58
1747836114, 0, 540, 1358, 1352, 30, 7.90%, 0, 0, 3, 8.18
1747836144, 0, 540, 1359, 1353, 30, 7.90%, 0, 0, 3, 7.89
1747836220, 0, 540, 1360, 1354, 30, 7.90%, 0, 0, 3, 7.89
1747836338, 0, 540, 1361, 1355, 30, 7.90%, 0, 0, 3, 7.87
1747836348, 0, 540, 1362, 1356, 30, 7.90%, 0, 0, 3, 8.09
1747836384, 0, 540, 1363, 1357, 30, 7.90%, 0, 0, 3, 8.15
1747836415, 0, 540, 1365, 1359, 30, 7.90%, 0, 0, 3, 7.72
1747836456, 0, 540, 1366, 1360, 30, 7.90%, 0, 0, 3, 7.75
1747836502, 0, 540, 1367, 1361, 30, 7.90%, 0, 0, 3, 8.02
1747836568, 0, 540, 1368, 1362, 30, 7.90%, 0, 0, 3, 7.92
1747836620, 0, 541, 1368, 1362, 32, 7.90%, 0, 0, 3, 8.18
1747836635, 0, 542, 1368, 1362, 32, 7.90%, 0, 0, 3, 8.36
1747836650, 0, 543, 1368, 1362, 32, 7.90%, 0, 0, 3, 8.12
1747836655, 0, 543, 1369, 1363, 32, 7.90%, 0, 0, 3, 7.89
1747836686, 0, 544, 1369, 1363, 32, 7.90%, 0, 0, 3, 8.15
1747836701, 0, 546, 1369, 1363, 32, 7.90%, 0, 0, 3, 8.27
1747836716, 0, 547, 1369, 1363, 32, 7.90%, 0, 0, 3, 7.98
1747836732, 0, 548, 1369, 1363, 32, 7.90%, 0, 0, 3, 7.79
1747836747, 0, 548, 1370, 1364, 32, 7.90%, 0, 0, 3, 8.08
1747836763, 0, 549, 1370, 1364, 32, 7.90%, 0, 0, 3, 7.94
1747836773, 0, 549, 1372, 1366, 32, 7.90%, 0, 0, 3, 7.85
1747836783, 0, 549, 1373, 1367, 32, 7.90%, 0, 0, 3, 7.77
1747836834, 0, 549, 1374, 1368, 32, 7.90%, 0, 0, 3, 7.92
1747836881, 0, 549, 1375, 1369, 32, 7.90%, 0, 0, 3, 7.81
1747837003, 0, 549, 1376, 1370, 32, 7.90%, 0, 0, 3, 7.82
1747837291, 0, 550, 1376, 1370, 31, 7.90%, 0, 0, 3, 7.88
1747837306, 0, 551, 1376, 1370, 31, 7.90%, 0, 0, 3, 8.56
1747837321, 0, 552, 1376, 1370, 31, 7.90%, 0, 0, 3, 8.20
1747837337, 0, 553, 1376, 1370, 31, 7.90%, 0, 0, 3, 7.84
1747837342, 0, 553, 1377, 1371, 31, 7.90%, 0, 0, 3, 8.08
1747837352, 0, 553, 1378, 1372, 31, 7.90%, 0, 0, 3, 8.39
1747837403, 0, 555, 1378, 1372, 31, 7.90%, 0, 0, 3, 8.47
1747837418, 0, 556, 1378, 1372, 31, 7.90%, 0, 0, 3, 8.44
1747837423, 0, 556, 1379, 1373, 31, 7.90%, 0, 0, 3, 8.31
1747837449, 0, 557, 1379, 1373, 31, 7.90%, 0, 0, 3, 8.15
1747837464, 0, 558, 1379, 1373, 31, 7.90%, 0, 0, 3, 7.92
1747837475, 0, 558, 1380, 1374, 31, 7.90%, 0, 0, 3, 8.01
1747837485, 0, 558, 1381, 1375, 31, 7.90%, 0, 0, 3, 7.96
1747837490, 0, 558, 1382, 1376, 31, 7.90%, 0, 0, 3, 7.78
1747837511, 0, 558, 1383, 1377, 31, 7.90%, 0, 0, 3, 7.68
1747837542, 0, 558, 1384, 1378, 31, 7.90%, 0, 0, 3, 7.63
1747837583, 0, 558, 1385, 1379, 31, 7.90%, 0, 0, 3, 12.93
1747837598, 0, 558, 1386, 1380, 31, 7.90%, 0, 0, 3, 13.03
1747837603, 0, 558, 1387, 1381, 31, 7.90%, 0, 0, 3, 12.95
1747837624, 0, 558, 1389, 1383, 31, 7.90%, 0, 0, 3, 13.15
1747837680, 0, 558, 1390, 1384, 31, 7.90%, 0, 0, 3, 13.58
1747837710, 0, 558, 1391, 1385, 31, 7.90%, 0, 0, 3, 13.29
1747837751, 0, 558, 1392, 1386, 31, 7.90%, 0, 0, 3, 13.29
1747837787, 0, 558, 1393, 1387, 31, 7.90%, 0, 0, 3, 12.99
1747837822, 0, 559, 1393, 1387, 32, 7.90%, 0, 0, 3, 13.23
1747837833, 0, 560, 1393, 1387, 32, 7.90%, 0, 0, 3, 13.06
1747837843, 0, 561, 1393, 1387, 32, 7.90%, 0, 0, 3, 13.05
1747837853, 0, 562, 1393, 1387, 32, 7.90%, 0, 0, 3, 13.68
1747837864, 0, 563, 1393, 1387, 32, 7.90%, 0, 0, 3, 14.22
1747837869, 0, 564, 1393, 1387, 32, 7.90%, 0, 0, 3, 14.04
1747837879, 0, 566, 1393, 1387, 32, 7.90%, 0, 0, 3, 13.27
1747837884, 0, 566, 1394, 1388, 32, 7.90%, 0, 0, 3, 9.98
1747837899, 0, 566, 1395, 1389, 32, 7.90%, 0, 0, 3, 7.71
1747837935, 0, 566, 1396, 1390, 32, 7.90%, 0, 0, 3, 7.65
1747837956, 0, 566, 1397, 1391, 32, 7.90%, 0, 0, 3, 7.74
1747838043, 0, 566, 1398, 1392, 32, 7.94%, 0, 0, 3, 7.66
1747838063, 0, 566, 1399, 1393, 32, 7.94%, 0, 0, 3, 7.51
1747838239, 0, 566, 1400, 1394, 32, 7.94%, 0, 0, 3, 7.59
1747838423, 0, 567, 1400, 1394, 32, 7.94%, 0, 0, 3, 8.20
1747838433, 0, 572, 1400, 1394, 32, 7.94%, 0, 0, 3, 8.47
1747838454, 0, 574, 1400, 1394, 32, 7.94%, 0, 0, 3, 8.11
1747838469, 0, 575, 1400, 1394, 32, 7.94%, 0, 0, 3, 7.85
1747838485, 0, 576, 1400, 1394, 32, 7.94%, 0, 0, 3, 7.95
1747838500, 0, 577, 1400, 1394, 32, 7.94%, 0, 0, 3, 7.92
1747838515, 0, 578, 1400, 1394, 32, 7.94%, 0, 0, 3, 7.63
1747838536, 0, 579, 1400, 1394, 32, 7.94%, 0, 0, 3, 8.11
1747838551, 0, 580, 1400, 1394, 32, 7.94%, 0, 0, 3, 8.05
1747838566, 0, 581, 1400, 1394, 32, 7.94%, 0, 0, 3, 7.62
1747838581, 0, 582, 1400, 1394, 32, 7.94%, 0, 0, 3, 7.62
1747838602, 0, 583, 1400, 1394, 32, 7.94%, 0, 0, 3, 7.52
1747838607, 0, 583, 1401, 1395, 32, 7.94%, 0, 0, 3, 7.72
1747838612, 0, 583, 1402, 1396, 32, 7.94%, 0, 0, 3, 7.63
1747838622, 0, 583, 1403, 1397, 32, 7.94%, 0, 0, 3, 7.48
1747838648, 0, 583, 1404, 1398, 32, 7.94%, 0, 0, 3, 7.66
1747838761, 0, 583, 1405, 1399, 32, 7.94%, 0, 0, 3, 7.74
1747838822, 0, 583, 1406, 1400, 32, 7.94%, 0, 0, 3, 7.54
1747838863, 0, 583, 1407, 1401, 32, 7.94%, 0, 0, 3, 7.56
1747838920, 0, 583, 1408, 1402, 32, 7.94%, 0, 0, 3, 12.65
1747839017, 0, 583, 1409, 1403, 32, 7.94%, 0, 0, 3, 12.87
1747839022, 0, 583, 1410, 1404, 32, 7.95%, 0, 0, 3, 12.64
1747839037, 0, 583, 1411, 1405, 32, 7.95%, 0, 0, 3, 12.92
1747839053, 0, 584, 1411, 1405, 31, 7.95%, 0, 0, 3, 13.31
1747839063, 0, 586, 1411, 1405, 31, 7.95%, 0, 0, 3, 13.38
1747839068, 0, 586, 1412, 1406, 31, 7.95%, 0, 0, 3, 12.90
1747839079, 0, 586, 1413, 1407, 31, 7.95%, 0, 0, 3, 12.81
1747839105, 0, 587, 1413, 1407, 31, 7.95%, 0, 0, 3, 13.72
1747839115, 0, 588, 1413, 1407, 31, 7.95%, 0, 0, 3, 14.33
1747839120, 0, 589, 1413, 1407, 31, 7.95%, 0, 0, 3, 14.17
1747839130, 0, 591, 1413, 1407, 31, 7.95%, 0, 0, 3, 13.01
1747839140, 0, 592, 1413, 1407, 31, 7.95%, 0, 0, 3, 13.28
1747839151, 0, 593, 1413, 1407, 31, 7.95%, 0, 0, 3, 13.47
1747839161, 0, 594, 1413, 1407, 31, 7.95%, 0, 0, 3, 12.67
1747839171, 0, 595, 1413, 1407, 31, 7.95%, 0, 0, 3, 13.79
1747839181, 0, 596, 1413, 1407, 31, 7.95%, 0, 0, 3, 13.29
1747839186, 0, 596, 1414, 1408, 31, 7.95%, 0, 0, 3, 12.84
1747839196, 0, 596, 1415, 1409, 31, 7.95%, 0, 0, 3, 12.54
1747839221, 0, 597, 1415, 1409, 31, 7.95%, 0, 0, 3, 12.42
1747839232, 0, 598, 1415, 1409, 31, 7.95%, 0, 0, 3, 13.25
1747839242, 0, 599, 1415, 1409, 31, 7.95%, 0, 0, 3, 13.01
1747839247, 0, 599, 1417, 1411, 31, 7.95%, 0, 0, 3, 12.47
1747839262, 0, 599, 1418, 1412, 31, 7.95%, 0, 0, 3, 12.63
1747839324, 0, 600, 1418, 1412, 31, 7.95%, 0, 0, 3, 12.30
1747839329, 0, 600, 1419, 1413, 31, 7.95%, 0, 0, 3, 12.14
1747839339, 0, 600, 1421, 1415, 31, 7.95%, 0, 0, 3, 12.10
1747839344, 0, 600, 1423, 1417, 31, 7.95%, 0, 0, 3, 12.23
1747839349, 0, 600, 1424, 1418, 31, 7.95%, 0, 0, 3, 12.01
1747839365, 0, 600, 1425, 1419, 31, 7.95%, 0, 0, 3, 12.19
1747839380, 0, 600, 1426, 1420, 31, 7.95%, 0, 0, 3, 12.27
1747839421, 0, 600, 1428, 1422, 31, 7.95%, 0, 0, 3, 12.19
1747839426, 0, 600, 1429, 1423, 31, 7.95%, 0, 0, 3, 12.16
1747839467, 0, 600, 1430, 1424, 31, 7.95%, 0, 0, 3, 12.13
1747839539, 0, 600, 1431, 1425, 31, 7.95%, 0, 0, 3, 12.01
1747839544, 0, 600, 1432, 1426, 31, 7.95%, 0, 0, 3, 12.07
1747839668, 0, 601, 1432, 1426, 31, 7.95%, 0, 0, 3, 20.46
1747840392, 0, 602, 1432, 1425, 30, 7.95%, 0, 0, 3, 28.09
1747840402, 0, 603, 1432, 1425, 30, 7.95%, 0, 0, 3, 13.99
1747840413, 0, 603, 1433, 1426, 30, 7.95%, 0, 0, 3, 11.94
1747840423, 0, 604, 1433, 1426, 30, 7.95%, 0, 0, 3, 11.99
1747840433, 0, 606, 1433, 1426, 30, 7.95%, 0, 0, 3, 12.35
1747840443, 0, 607, 1433, 1426, 30, 7.95%, 0, 0, 3, 12.98
1747840453, 0, 608, 1433, 1426, 30, 7.95%, 0, 0, 3, 14.19
1747840463, 0, 609, 1433, 1426, 30, 7.95%, 0, 0, 3, 13.10
1747840474, 0, 610, 1433, 1426, 30, 7.95%, 0, 0, 3, 10.45
1747840489, 0, 611, 1433, 1426, 30, 7.95%, 0, 0, 3, 7.67
1747840504, 0, 612, 1433, 1426, 30, 7.95%, 0, 0, 3, 8.16
1747840525, 0, 613, 1433, 1426, 30, 7.95%, 0, 0, 3, 8.16
1747840540, 0, 614, 1433, 1426, 30, 7.95%, 0, 0, 3, 8.38
1747840556, 0, 615, 1433, 1426, 30, 7.95%, 0, 0, 3, 7.47
1747840571, 0, 616, 1433, 1426, 30, 7.95%, 0, 0, 3, 7.78
1747840586, 0, 617, 1433, 1426, 30, 7.95%, 0, 0, 3, 8.54
1747840602, 0, 619, 1433, 1426, 30, 7.95%, 0, 0, 3, 8.29
1747840617, 0, 620, 1433, 1426, 30, 7.95%, 0, 0, 3, 7.73
1747840632, 0, 622, 1433, 1426, 30, 7.95%, 0, 0, 3, 7.74
1747840648, 0, 623, 1433, 1426, 30, 7.95%, 0, 0, 3, 8.23
1747840668, 0, 624, 1433, 1426, 30, 7.95%, 0, 0, 3, 8.28
1747840683, 0, 625, 1433, 1426, 30, 7.95%, 0, 0, 3, 7.70
1747840699, 0, 626, 1433, 1426, 30, 7.95%, 0, 0, 3, 8.00
1747840714, 0, 627, 1433, 1426, 30, 7.95%, 0, 0, 3, 8.56
1747840729, 0, 629, 1433, 1426, 30, 7.95%, 0, 0, 3, 7.92
1747840745, 0, 630, 1433, 1426, 30, 7.95%, 0, 0, 3, 7.27
1747840766, 0, 631, 1433, 1426, 30, 7.95%, 0, 0, 3, 7.25
1747840781, 0, 632, 1433, 1426, 30, 7.95%, 0, 0, 3, 7.81
1747840797, 0, 633, 1433, 1426, 30, 7.95%, 0, 0, 3, 8.58
1747840812, 0, 634, 1433, 1426, 30, 7.95%, 0, 0, 3, 8.47
1747840827, 0, 635, 1433, 1426, 30, 7.95%, 0, 0, 3, 8.50
1747840843, 0, 636, 1433, 1426, 30, 7.95%, 0, 0, 3, 7.91
1747840858, 0, 637, 1433, 1426, 30, 7.95%, 0, 0, 3, 7.24
1747840879, 0, 638, 1433, 1426, 30, 7.95%, 0, 0, 3, 7.23
1747840894, 0, 638, 1434, 1427, 30, 7.95%, 0, 0, 3, 7.08
1747840915, 0, 640, 1434, 1427, 30, 7.95%, 0, 0, 3, 7.33
1747840925, 0, 640, 1435, 1428, 30, 7.95%, 0, 0, 3, 7.23
1747840950, 0, 641, 1435, 1428, 30, 7.95%, 0, 0, 3, 7.98
1747840966, 0, 642, 1435, 1428, 30, 7.95%, 0, 0, 3, 7.71
1747840981, 0, 643, 1435, 1428, 30, 7.95%, 0, 0, 3, 7.42
1747841002, 0, 645, 1435, 1428, 30, 7.95%, 0, 0, 3, 8.03
1747841017, 0, 646, 1435, 1428, 30, 7.95%, 0, 0, 3, 7.50
1747841033, 0, 647, 1435, 1428, 30, 7.95%, 0, 0, 3, 7.36
1747841053, 0, 648, 1435, 1428, 30, 7.95%, 0, 0, 3, 8.11
1747841068, 0, 649, 1435, 1428, 30, 7.95%, 0, 0, 3, 7.95
1747841083, 0, 651, 1435, 1428, 30, 7.95%, 0, 0, 3, 7.37
1747841099, 0, 652, 1435, 1428, 30, 7.95%, 0, 0, 3, 7.50
1747841120, 0, 653, 1435, 1428, 30, 7.95%, 0, 0, 3, 7.29
1747841135, 0, 655, 1435, 1428, 30, 7.95%, 0, 0, 3, 7.17
1747841156, 0, 656, 1435, 1428, 30, 7.95%, 0, 0, 3, 7.24
1747841171, 0, 657, 1435, 1428, 30, 7.95%, 0, 0, 3, 7.72
1747841187, 0, 658, 1435, 1428, 30, 7.95%, 0, 0, 3, 7.86
1747841202, 0, 659, 1435, 1428, 30, 7.95%, 0, 0, 3, 7.34
1747841222, 0, 660, 1436, 1429, 30, 7.95%, 0, 0, 3, 7.09
1747841259, 0, 661, 1436, 1429, 30, 7.95%, 0, 0, 3, 7.07
1747841274, 0, 661, 1437, 1430, 30, 7.95%, 0, 0, 3, 7.24
1747841295, 0, 662, 1437, 1430, 30, 7.95%, 0, 0, 3, 7.94
1747841310, 0, 664, 1437, 1430, 30, 7.95%, 0, 0, 3, 7.98
1747841320, 0, 664, 1438, 1431, 30, 7.95%, 0, 0, 3, 7.40
1747841346, 0, 665, 1438, 1431, 30, 7.95%, 0, 0, 3, 7.31
1747841367, 0, 666, 1438, 1431, 30, 7.95%, 0, 0, 3, 8.12
1747841382, 0, 667, 1438, 1431, 30, 7.95%, 0, 0, 3, 7.71
1747841397, 0, 668, 1438, 1431, 30, 7.95%, 0, 0, 3, 7.38
1747841413, 0, 669, 1438, 1431, 30, 7.95%, 0, 0, 3, 7.44
1747841428, 0, 670, 1438, 1431, 30, 7.95%, 0, 0, 3, 8.23
1747841449, 0, 671, 1438, 1431, 30, 7.95%, 0, 0, 3, 7.26
1747841454, 0, 671, 1439, 1432, 30, 7.95%, 0, 0, 3, 7.34
1747841484, 0, 672, 1439, 1432, 30, 7.95%, 0, 0, 3, 7.62
1747841500, 0, 673, 1439, 1432, 30, 7.95%, 0, 0, 3, 7.33
1747841520, 0, 675, 1439, 1432, 30, 7.95%, 0, 0, 3, 7.18
1747841536, 0, 676, 1439, 1432, 30, 7.95%, 0, 0, 3, 7.19
1747841556, 0, 677, 1439, 1432, 30, 7.95%, 0, 0, 3, 7.24
1747841571, 0, 678, 1439, 1432, 30, 7.95%, 0, 0, 3, 7.16
1747841582, 0, 678, 1440, 1433, 30, 7.95%, 0, 0, 3, 7.23
1747841607, 0, 679, 1440, 1433, 30, 7.95%, 0, 0, 3, 7.27
1747841628, 0, 680, 1440, 1433, 30, 7.95%, 0, 0, 3, 7.45
1747841643, 0, 681, 1440, 1433, 30, 7.95%, 0, 0, 3, 7.21
1747841659, 0, 682, 1440, 1433, 30, 7.95%, 0, 0, 3, 7.46
1747841679, 0, 683, 1440, 1433, 30, 7.95%, 0, 0, 3, 7.59
1747841690, 0, 683, 1441, 1434, 30, 7.95%, 0, 0, 3, 7.21
1747841715, 0, 684, 1441, 1434, 30, 7.95%, 0, 0, 3, 8.02
1747841731, 0, 685, 1441, 1434, 30, 7.95%, 0, 0, 3, 7.66
1747841746, 0, 686, 1441, 1434, 30, 7.95%, 0, 0, 3, 7.12
1747841767, 0, 688, 1441, 1434, 30, 7.95%, 0, 0, 3, 7.31
1747841782, 0, 689, 1441, 1434, 30, 7.95%, 0, 0, 3, 7.38
1747841798, 0, 691, 1441, 1434, 30, 7.95%, 0, 0, 3, 7.43
1747841818, 0, 692, 1441, 1434, 30, 7.95%, 0, 0, 3, 7.32
1747841834, 0, 693, 1441, 1434, 30, 7.95%, 0, 0, 3, 7.57
1747841849, 0, 694, 1441, 1434, 30, 7.95%, 0, 0, 3, 8.27
1747841870, 0, 695, 1441, 1434, 30, 7.95%, 0, 0, 3, 7.35
1747841885, 0, 696, 1441, 1434, 30, 7.95%, 0, 0, 3, 7.57
1747841900, 0, 699, 1441, 1434, 30, 7.95%, 0, 0, 3, 7.94
1747841921, 0, 701, 1441, 1434, 30, 7.95%, 0, 0, 3, 8.03
1747841936, 0, 702, 1441, 1434, 30, 7.95%, 0, 0, 3, 7.76
1747841951, 0, 703, 1441, 1434, 30, 7.95%, 0, 0, 3, 7.39
1747841967, 0, 704, 1441, 1434, 30, 7.95%, 0, 0, 3, 7.50
1747841982, 0, 705, 1441, 1434, 30, 7.95%, 0, 0, 3, 8.29
1747842002, 0, 706, 1441, 1434, 30, 7.95%, 0, 0, 3, 7.91
1747842018, 0, 707, 1441, 1434, 30, 7.95%, 0, 0, 3, 8.50
1747842033, 0, 708, 1441, 1434, 30, 7.95%, 0, 0, 3, 7.69
1747842043, 0, 708, 1442, 1435, 30, 7.95%, 0, 0, 3, 7.48
1747842069, 0, 710, 1442, 1435, 30, 7.95%, 0, 0, 3, 8.15
1747842080, 0, 710, 1443, 1436, 30, 7.95%, 0, 0, 3, 8.38
1747842100, 0, 711, 1443, 1436, 30, 7.95%, 0, 0, 3, 8.34
1747842115, 0, 712, 1443, 1436, 30, 7.95%, 0, 0, 3, 7.77
1747842130, 0, 713, 1443, 1436, 30, 7.95%, 0, 0, 3, 7.86
1747842146, 0, 714, 1443, 1436, 30, 7.95%, 0, 0, 3, 8.03
1747842167, 0, 715, 1443, 1436, 30, 7.95%, 0, 0, 3, 8.20
1747842182, 0, 716, 1443, 1436, 30, 7.95%, 0, 0, 3, 7.57
1747842197, 0, 718, 1443, 1436, 30, 7.95%, 0, 0, 3, 7.80
1747842212, 0, 719, 1443, 1436, 30, 7.95%, 0, 0, 3, 7.93
1747842228, 0, 720, 1443, 1436, 30, 7.95%, 0, 0, 3, 7.54
1747842243, 0, 721, 1443, 1436, 30, 7.95%, 0, 0, 3, 8.50
1747842259, 0, 722, 1443, 1436, 30, 7.95%, 0, 0, 3, 8.44
1747842274, 0, 723, 1443, 1436, 30, 7.95%, 0, 0, 3, 8.24
1747842295, 0, 724, 1443, 1436, 30, 7.95%, 0, 0, 3, 7.99
1747842310, 0, 725, 1443, 1436, 30, 7.95%, 0, 0, 3, 7.76
1747842325, 0, 726, 1443, 1436, 30, 7.95%, 0, 0, 3, 7.87
1747842341, 0, 727, 1443, 1436, 30, 7.95%, 0, 0, 3, 8.25
1747842356, 0, 728, 1443, 1436, 30, 7.95%, 0, 0, 3, 8.43
1747842372, 0, 729, 1443, 1436, 30, 7.95%, 0, 0, 3, 8.44
1747842387, 0, 730, 1443, 1436, 30, 7.95%, 0, 0, 3, 8.55
1747842402, 0, 731, 1443, 1436, 30, 7.95%, 0, 0, 3, 7.88
1747842418, 0, 732, 1443, 1436, 30, 7.95%, 0, 0, 3, 7.31
1747842438, 0, 733, 1443, 1436, 30, 7.95%, 0, 0, 3, 7.28
1747842454, 0, 734, 1443, 1436, 30, 7.95%, 0, 0, 3, 7.07
1747842474, 0, 735, 1443, 1436, 30, 7.95%, 0, 0, 3, 7.95
1747842490, 0, 737, 1443, 1436, 30, 7.95%, 0, 0, 3, 7.61
1747842505, 0, 738, 1443, 1436, 30, 7.95%, 0, 0, 3, 7.84
1747842521, 0, 739, 1443, 1436, 30, 7.95%, 0, 0, 3, 7.80
1747842536, 0, 741, 1443, 1436, 30, 7.95%, 0, 0, 3, 7.54
1747842557, 0, 743, 1443, 1436, 30, 7.95%, 0, 0, 3, 7.77
1747842572, 0, 744, 1443, 1436, 30, 7.95%, 0, 0, 3, 7.73
1747842588, 0, 745, 1443, 1436, 30, 7.95%, 0, 0, 3, 7.12
1747842608, 0, 747, 1443, 1436, 30, 7.95%, 0, 0, 3, 7.93
1747842623, 0, 748, 1443, 1436, 30, 7.95%, 0, 0, 3, 8.03
1747842639, 0, 750, 1443, 1436, 30, 7.95%, 0, 0, 3, 7.81
1747842654, 0, 751, 1443, 1436, 30, 7.95%, 0, 0, 3, 8.36
1747842669, 0, 752, 1443, 1436, 30, 7.95%, 0, 0, 3, 8.02
1747842690, 0, 754, 1443, 1436, 30, 7.95%, 0, 0, 3, 7.42
1747842705, 0, 756, 1443, 1436, 30, 7.95%, 0, 0, 3, 7.25
1747842726, 0, 757, 1443, 1436, 30, 7.95%, 0, 0, 3, 7.30
1747842741, 0, 758, 1443, 1436, 30, 7.95%, 0, 0, 3, 7.77
1747842756, 0, 759, 1443, 1436, 30, 7.95%, 0, 0, 3, 8.51
1747842772, 0, 760, 1443, 1436, 30, 7.95%, 0, 0, 3, 7.94
1747842787, 0, 761, 1443, 1436, 30, 7.95%, 0, 0, 3, 7.18
1747842808, 0, 762, 1443, 1436, 30, 7.95%, 0, 0, 3, 8.28
1747842823, 0, 764, 1443, 1436, 30, 7.95%, 0, 0, 3, 7.81
1747842839, 0, 765, 1443, 1436, 30, 7.95%, 0, 0, 3, 7.36
1747842854, 0, 766, 1443, 1436, 30, 7.95%, 0, 0, 3, 7.34
1747842874, 0, 767, 1443, 1436, 30, 7.95%, 0, 0, 3, 7.61
1747842890, 0, 768, 1443, 1436, 30, 7.95%, 0, 0, 3, 7.55
1747842905, 0, 770, 1443, 1436, 30, 7.95%, 0, 0, 3, 8.21
1747842926, 0, 771, 1443, 1436, 30, 7.95%, 0, 0, 3, 7.36
1747842941, 0, 773, 1443, 1436, 30, 7.95%, 0, 0, 3, 7.40
1747842962, 0, 774, 1443, 1436, 30, 7.95%, 0, 0, 3, 7.29
1747842977, 0, 776, 1443, 1436, 30, 7.95%, 0, 0, 3, 7.09
1747842998, 0, 777, 1443, 1436, 30, 7.95%, 0, 0, 3, 7.39
1747843013, 0, 779, 1443, 1436, 30, 7.95%, 0, 0, 3, 7.26
1747843033, 0, 780, 1443, 1436, 30, 7.95%, 0, 0, 3, 7.29
1747843049, 0, 781, 1443, 1436, 30, 7.95%, 0, 0, 3, 7.62
1747843064, 0, 782, 1443, 1436, 30, 7.95%, 0, 0, 3, 7.75
1747843085, 0, 783, 1443, 1436, 30, 7.95%, 0, 0, 3, 7.33
1747843100, 0, 784, 1443, 1436, 30, 7.95%, 0, 0, 3, 7.87
1747843115, 0, 785, 1443, 1436, 30, 7.95%, 0, 0, 3, 7.84
1747843136, 0, 786, 1443, 1436, 30, 7.95%, 0, 0, 3, 7.04
1747843151, 0, 787, 1443, 1436, 30, 7.95%, 0, 0, 3, 7.99
1747843167, 0, 788, 1443, 1436, 30, 7.95%, 0, 0, 3, 8.37
1747843182, 0, 789, 1443, 1436, 30, 7.95%, 0, 0, 3, 8.09
1747843197, 0, 790, 1443, 1436, 30, 7.95%, 0, 0, 3, 7.20
1747843218, 0, 791, 1443, 1436, 30, 7.95%, 0, 0, 3, 7.10
1747843233, 0, 792, 1443, 1436, 30, 7.95%, 0, 0, 3, 7.19
1747843254, 0, 793, 1443, 1436, 30, 7.95%, 0, 0, 3, 8.04
1747843264, 0, 793, 1444, 1437, 30, 7.95%, 0, 0, 3, 8.40
1747843285, 0, 794, 1444, 1437, 30, 7.95%, 0, 0, 3, 7.94
1747843300, 0, 796, 1444, 1437, 30, 7.95%, 0, 0, 3, 7.27
1747843320, 0, 797, 1444, 1437, 30, 7.95%, 0, 0, 3, 7.77
1747843336, 0, 798, 1444, 1437, 30, 7.95%, 0, 0, 3, 8.44
1747843351, 0, 799, 1444, 1437, 30, 7.95%, 0, 0, 3, 7.88
1747843367, 0, 802, 1444, 1437, 30, 7.95%, 0, 0, 3, 7.45
1747843387, 0, 804, 1444, 1437, 30, 7.95%, 0, 0, 3, 7.32
1747843402, 0, 809, 1444, 1437, 30, 7.95%, 0, 0, 3, 7.18
1747843423, 0, 810, 1444, 1437, 30, 7.95%, 0, 0, 3, 7.48
1747843439, 0, 810, 1445, 1438, 30, 7.95%, 0, 0, 3, 7.16
1747843459, 0, 811, 1445, 1438, 30, 7.95%, 0, 0, 3, 7.25
1747843475, 0, 812, 1445, 1438, 30, 7.95%, 0, 0, 3, 7.94
1747843490, 0, 813, 1445, 1438, 30, 7.95%, 0, 0, 3, 8.40
1747843505, 0, 814, 1445, 1438, 30, 7.95%, 0, 0, 3, 8.25
1747843521, 0, 815, 1445, 1438, 30, 7.95%, 0, 0, 3, 8.03
1747843526, 0, 815, 1446, 1439, 30, 7.95%, 0, 0, 3, 7.40
1747843546, 0, 815, 1447, 1440, 30, 7.95%, 0, 0, 3, 7.01
1747843593, 0, 816, 1447, 1440, 31, 7.95%, 0, 0, 3, 7.13
1747843608, 0, 817, 1447, 1440, 31, 7.95%, 0, 0, 3, 8.45
1747843623, 0, 818, 1447, 1440, 31, 7.95%, 0, 0, 3, 8.24
1747843628, 0, 818, 1448, 1441, 31, 7.95%, 0, 0, 3, 7.73
1747843664, 0, 819, 1448, 1441, 31, 7.95%, 0, 0, 3, 7.43
1747843680, 0, 820, 1448, 1441, 31, 7.95%, 0, 0, 3, 7.25
1747843695, 0, 822, 1448, 1441, 31, 7.95%, 0, 0, 3, 7.49
1747843716, 0, 823, 1448, 1441, 31, 7.95%, 0, 0, 3, 7.49
1747843731, 0, 824, 1448, 1441, 31, 7.95%, 0, 0, 3, 7.38
1747843752, 0, 825, 1448, 1441, 31, 7.95%, 0, 0, 3, 8.09
1747843767, 0, 826, 1448, 1441, 31, 7.95%, 0, 0, 3, 7.94
1747843782, 0, 827, 1448, 1441, 31, 7.95%, 0, 0, 3, 7.81
1747843797, 0, 828, 1448, 1441, 31, 7.95%, 0, 0, 3, 8.43
1747843813, 0, 829, 1448, 1441, 31, 7.95%, 0, 0, 3, 7.59
1747843828, 0, 830, 1448, 1441, 31, 7.95%, 0, 0, 3, 8.33
1747843848, 0, 831, 1448, 1441, 31, 7.95%, 0, 0, 3, 7.22
1747843864, 0, 832, 1448, 1441, 31, 7.95%, 0, 0, 3, 7.39
1747843885, 0, 833, 1448, 1441, 31, 7.95%, 0, 0, 3, 7.38
1747843900, 0, 834, 1448, 1441, 31, 7.95%, 0, 0, 3, 7.22
1747843916, 0, 835, 1448, 1441, 31, 7.95%, 0, 0, 3, 7.38
1747843936, 0, 836, 1448, 1441, 31, 7.95%, 0, 0, 3, 7.09
1747843952, 0, 837, 1448, 1441, 31, 7.95%, 0, 0, 3, 7.36
1747843957, 0, 837, 1449, 1442, 31, 8.12%, 0, 0, 3, 7.13
1747843993, 0, 838, 1449, 1442, 31, 8.12%, 0, 0, 3, 7.29
1747843998, 0, 838, 1450, 1443, 31, 8.12%, 0, 0, 3, 7.39
1747844029, 0, 839, 1450, 1443, 31, 8.12%, 0, 0, 3, 7.17
1747844045, 0, 840, 1450, 1443, 31, 8.12%, 0, 0, 3, 7.18
1747844065, 0, 841, 1450, 1443, 31, 8.12%, 0, 0, 3, 7.21
1747844070, 0, 841, 1451, 1444, 31, 8.12%, 0, 0, 3, 6.88
1747844086, 0, 841, 1452, 1445, 31, 8.12%, 0, 0, 3, 6.99
1747844091, 0, 841, 1453, 1446, 31, 8.12%, 0, 0, 3, 6.99
1747844158, 0, 841, 1454, 1447, 31, 8.12%, 0, 0, 3, 6.90
1747844277, 0, 841, 1455, 1448, 31, 8.12%, 0, 0, 3, 7.05
1747844318, 0, 841, 1457, 1450, 31, 8.12%, 0, 0, 3, 6.80
1747844441, 0, 841, 1458, 1451, 31, 8.12%, 0, 0, 3, 6.84
1747844488, 0, 841, 1459, 1452, 31, 8.12%, 0, 0, 3, 6.81
1747844658, 0, 843, 1459, 1452, 31, 8.12%, 0, 0, 3, 7.12
1747844679, 0, 844, 1459, 1452, 31, 8.12%, 0, 0, 3, 6.86
1747844689, 0, 844, 1460, 1453, 31, 8.12%, 0, 0, 3, 6.86
1747844715, 0, 845, 1461, 1454, 31, 8.12%, 0, 0, 3, 7.08
1747844750, 0, 846, 1461, 1454, 31, 8.12%, 0, 0, 3, 7.25
1747844765, 0, 848, 1461, 1454, 31, 8.12%, 0, 0, 3, 8.38
1747844771, 0, 848, 1462, 1455, 31, 8.12%, 0, 0, 3, 7.31
1747844807, 0, 849, 1462, 1455, 31, 8.12%, 0, 0, 3, 7.01
1747844822, 0, 850, 1462, 1455, 31, 8.12%, 0, 0, 3, 7.03
1747844843, 0, 851, 1462, 1455, 31, 8.12%, 0, 0, 3, 6.81
1747844863, 0, 853, 1462, 1455, 31, 8.12%, 0, 0, 3, 7.14
1747844879, 0, 855, 1462, 1455, 31, 8.12%, 0, 0, 3, 6.84
1747844900, 0, 856, 1462, 1455, 31, 8.12%, 0, 0, 3, 6.86
1747844915, 0, 857, 1462, 1455, 31, 8.12%, 0, 0, 3, 7.18
1747844930, 0, 859, 1462, 1455, 31, 8.12%, 0, 0, 3, 8.41
1747844945, 0, 860, 1462, 1455, 31, 8.12%, 0, 0, 3, 8.44
1747844961, 0, 862, 1462, 1455, 31, 8.12%, 0, 0, 3, 8.08
1747844981, 0, 863, 1462, 1455, 31, 8.12%, 0, 0, 3, 6.87
1747844997, 0, 864, 1462, 1455, 31, 8.12%, 0, 0, 3, 7.03
1747845013, 0, 865, 1462, 1455, 31, 8.12%, 0, 0, 3, 8.30
1747845033, 0, 866, 1462, 1455, 31, 8.12%, 0, 0, 3, 7.82
1747845049, 0, 867, 1462, 1455, 31, 8.12%, 0, 0, 3, 7.65
1747845070, 0, 868, 1462, 1455, 31, 8.12%, 0, 0, 3, 6.75
1747845085, 0, 869, 1462, 1455, 31, 8.12%, 0, 0, 3, 7.64
1747845101, 0, 870, 1462, 1455, 31, 8.12%, 0, 0, 3, 7.70
1747845121, 0, 871, 1462, 1455, 31, 8.12%, 0, 0, 3, 6.93
1747845137, 0, 872, 1462, 1455, 31, 8.12%, 0, 0, 3, 6.88
1747845158, 0, 873, 1462, 1455, 31, 8.12%, 0, 0, 3, 6.86
1747845173, 0, 873, 1463, 1456, 31, 8.13%, 0, 0, 3, 7.04
1747845194, 0, 874, 1463, 1456, 32, 8.13%, 0, 0, 3, 7.45
1747845209, 0, 876, 1463, 1456, 32, 8.13%, 0, 0, 3, 7.92
1747845230, 0, 877, 1463, 1456, 32, 8.13%, 0, 0, 3, 8.25
1747845245, 0, 878, 1463, 1456, 32, 8.13%, 0, 0, 3, 7.64
1747845260, 0, 880, 1463, 1456, 32, 8.13%, 0, 0, 3, 7.03
1747845271, 0, 880, 1464, 1457, 32, 8.13%, 0, 0, 3, 6.77
1747845276, 0, 880, 1465, 1458, 32, 8.13%, 0, 0, 3, 6.61
1747845327, 0, 880, 1466, 1459, 32, 8.26%, 0, 0, 3, 6.76
1747845414, 0, 882, 1466, 1459, 31, 8.26%, 0, 0, 3, 6.94
1747845435, 0, 883, 1466, 1459, 31, 8.26%, 0, 0, 3, 6.76
1747845450, 0, 886, 1466, 1459, 31, 8.26%, 0, 0, 3, 6.89
1747845455, 0, 886, 1467, 1460, 31, 8.26%, 0, 0, 3, 6.94
1747845491, 0, 887, 1467, 1460, 31, 8.26%, 0, 0, 3, 7.73
1747845506, 0, 888, 1467, 1460, 31, 8.26%, 0, 0, 3, 7.45
1747845527, 0, 890, 1467, 1460, 31, 8.26%, 0, 0, 3, 6.91
1747845542, 0, 891, 1467, 1460, 31, 8.26%, 0, 0, 3, 7.03
1747845562, 0, 894, 1467, 1460, 31, 8.26%, 0, 0, 3, 7.01
1747845573, 0, 894, 1468, 1461, 31, 8.26%, 0, 0, 3, 6.95
1747845598, 0, 896, 1468, 1461, 32, 8.26%, 0, 0, 3, 6.86
1747845619, 0, 898, 1468, 1461, 32, 8.26%, 0, 0, 3, 6.97
1747845634, 0, 899, 1468, 1461, 32, 8.26%, 0, 0, 3, 7.52
1747845649, 0, 900, 1468, 1461, 32, 8.26%, 0, 0, 3, 8.10
1747845670, 0, 902, 1468, 1461, 32, 8.26%, 0, 0, 3, 7.00
1747845675, 0, 902, 1469, 1462, 32, 8.26%, 0, 0, 3, 7.00
1747845706, 0, 904, 1469, 1462, 32, 8.26%, 0, 0, 3, 6.80
1747845727, 0, 905, 1469, 1462, 32, 8.26%, 0, 0, 3, 6.95
1747845742, 0, 906, 1469, 1462, 32, 8.26%, 0, 0, 3, 6.83
1747845763, 0, 907, 1469, 1462, 32, 8.26%, 0, 0, 3, 6.76
1747845783, 0, 908, 1469, 1462, 32, 8.26%, 0, 0, 3, 7.14
1747845799, 0, 911, 1469, 1462, 32, 8.26%, 0, 0, 3, 7.33
1747845820, 0, 912, 1469, 1462, 32, 8.26%, 0, 0, 3, 7.04
1747845835, 0, 913, 1469, 1462, 32, 8.26%, 0, 0, 3, 7.63
1747845850, 0, 915, 1469, 1462, 32, 8.26%, 0, 0, 3, 8.02
1747845871, 0, 918, 1469, 1462, 32, 8.26%, 0, 0, 3, 7.33
1747845876, 0, 918, 1470, 1463, 32, 8.26%, 0, 0, 3, 7.00
1747845897, 0, 918, 1471, 1464, 32, 8.26%, 0, 0, 3, 6.82
1747845944, 0, 919, 1471, 1464, 32, 8.26%, 0, 0, 3, 6.95
1747845964, 0, 920, 1471, 1464, 32, 8.26%, 0, 0, 3, 7.03
1747845985, 0, 921, 1471, 1464, 32, 8.26%, 0, 0, 3, 7.86
1747846000, 0, 923, 1471, 1464, 32, 8.26%, 0, 0, 3, 7.47
1747846015, 0, 925, 1471, 1464, 32, 8.26%, 0, 0, 3, 6.86
1747846036, 0, 926, 1471, 1464, 32, 8.26%, 0, 0, 3, 7.48
1747846051, 0, 927, 1471, 1464, 32, 8.26%, 0, 0, 3, 7.83
1747846066, 0, 927, 1472, 1465, 32, 8.26%, 0, 0, 3, 6.73
1747846071, 0, 927, 1473, 1466, 32, 8.26%, 0, 0, 3, 6.80
1747846128, 0, 929, 1473, 1466, 32, 8.26%, 0, 0, 3, 7.48
1747846144, 0, 931, 1473, 1466, 32, 8.26%, 0, 0, 3, 8.48
1747846159, 0, 932, 1473, 1466, 32, 8.26%, 0, 0, 3, 7.85
1747846179, 0, 935, 1473, 1466, 32, 8.26%, 0, 0, 3, 6.87
1747846195, 0, 936, 1473, 1466, 32, 8.26%, 0, 0, 3, 7.10
1747846216, 0, 937, 1473, 1466, 32, 8.26%, 0, 0, 3, 6.91
1747846221, 0, 937, 1474, 1467, 32, 8.26%, 0, 0, 3, 6.81
1747846251, 0, 938, 1474, 1467, 32, 8.26%, 0, 0, 3, 7.25
1747846267, 0, 939, 1474, 1467, 32, 8.26%, 0, 0, 3, 8.13
1747846287, 0, 940, 1474, 1467, 32, 8.26%, 0, 0, 3, 6.89
1747846308, 0, 943, 1474, 1467, 32, 8.26%, 0, 0, 3, 7.03
1747846323, 0, 946, 1474, 1467, 32, 8.26%, 0, 0, 3, 7.19
1747846344, 0, 947, 1474, 1467, 32, 8.26%, 0, 0, 3, 6.83
1747846360, 0, 952, 1474, 1467, 32, 8.26%, 0, 0, 3, 6.90
1747846380, 0, 953, 1474, 1467, 32, 8.26%, 0, 0, 3, 6.92
1747846391, 0, 953, 1475, 1468, 32, 8.27%, 0, 0, 3, 6.89
1747846416, 0, 954, 1475, 1468, 33, 8.27%, 0, 0, 3, 7.07
1747846432, 0, 954, 1476, 1469, 33, 8.27%, 0, 0, 3, 6.64
1747846457, 0, 955, 1476, 1469, 33, 8.27%, 0, 0, 3, 6.97
1747846473, 0, 956, 1476, 1469, 33, 8.27%, 0, 0, 3, 7.48
1747846488, 0, 957, 1476, 1469, 33, 8.27%, 0, 0, 3, 8.24
1747846509, 0, 958, 1476, 1469, 33, 8.27%, 0, 0, 3, 7.96
1747846524, 0, 959, 1476, 1469, 33, 8.27%, 0, 0, 3, 7.68
1747846539, 0, 960, 1476, 1469, 33, 8.27%, 0, 0, 3, 6.96
1747846560, 0, 961, 1476, 1469, 33, 8.27%, 0, 0, 3, 7.06
1747846581, 0, 962, 1476, 1469, 33, 8.27%, 0, 0, 3, 7.11
1747846596, 0, 963, 1476, 1469, 33, 8.27%, 0, 0, 3, 6.84
1747846617, 0, 966, 1476, 1469, 33, 8.27%, 0, 0, 3, 7.20
1747846632, 0, 968, 1476, 1469, 33, 8.27%, 0, 0, 3, 7.40
1747846637, 0, 968, 1477, 1470, 33, 8.27%, 0, 0, 3, 8.28
1747846663, 0, 971, 1477, 1470, 33, 8.27%, 0, 0, 3, 8.25
1747846684, 0, 972, 1477, 1470, 33, 8.27%, 0, 0, 3, 6.98
1747846704, 0, 973, 1477, 1470, 33, 8.27%, 0, 0, 3, 6.87
1747846720, 0, 974, 1477, 1470, 33, 8.27%, 0, 0, 3, 7.20
1747846740, 0, 976, 1477, 1470, 33, 8.27%, 0, 0, 3, 7.72
1747846755, 0, 977, 1477, 1470, 33, 8.27%, 0, 0, 3, 8.30
1747846771, 0, 978, 1477, 1470, 33, 8.27%, 0, 0, 3, 7.49
1747846792, 0, 979, 1478, 1471, 33, 8.27%, 0, 0, 3, 6.62
1747846828, 0, 980, 1478, 1471, 33, 8.27%, 0, 0, 3, 7.62
1747846833, 0, 980, 1479, 1472, 33, 8.27%, 0, 0, 3, 8.00
1747846859, 0, 980, 1480, 1473, 33, 8.27%, 0, 0, 3, 8.41
1747846889, 0, 981, 1480, 1473, 33, 8.27%, 0, 0, 3, 8.37
1747846905, 0, 982, 1480, 1473, 33, 8.27%, 0, 0, 3, 8.10
1747846920, 0, 982, 1481, 1474, 33, 8.27%, 0, 0, 3, 6.92
1747846946, 0, 983, 1481, 1474, 33, 8.27%, 0, 0, 3, 7.76
1747846961, 0, 984, 1481, 1474, 33, 8.27%, 0, 0, 3, 8.36
1747846976, 0, 985, 1481, 1474, 33, 8.27%, 0, 0, 3, 7.86
1747846981, 0, 985, 1482, 1475, 33, 8.27%, 0, 0, 3, 6.97
1747846997, 0, 985, 1483, 1476, 33, 8.27%, 0, 0, 3, 6.85
1747847053, 0, 988, 1483, 1476, 33, 8.27%, 0, 0, 3, 7.23
1747847069, 0, 989, 1483, 1476, 33, 8.27%, 0, 0, 3, 7.12
1747847089, 0, 991, 1483, 1476, 33, 8.27%, 0, 0, 3, 7.04
1747847110, 0, 992, 1483, 1476, 33, 8.27%, 0, 0, 3, 6.99
1747847125, 0, 993, 1483, 1476, 33, 8.27%, 0, 0, 3, 6.87
1747847146, 0, 994, 1483, 1476, 33, 8.27%, 0, 0, 3, 7.71
1747847161, 0, 995, 1483, 1476, 33, 8.27%, 0, 0, 3, 7.59
1747847177, 0, 996, 1483, 1476, 33, 8.27%, 0, 0, 3, 7.32
1747847192, 0, 999, 1483, 1476, 33, 8.27%, 0, 0, 3, 8.16
1747847212, 0, 1000, 1483, 1476, 33, 8.27%, 0, 0, 3, 6.80
1747847223, 0, 1000, 1484, 1477, 33, 8.27%, 0, 0, 3, 6.63
1747847253, 0, 1001, 1484, 1477, 33, 8.27%, 0, 0, 3, 6.94
1747847264, 0, 1001, 1485, 1478, 33, 8.27%, 0, 0, 3, 6.89
1747847269, 0, 1001, 1486, 1479, 33, 8.27%, 0, 0, 3, 6.92
1747847331, 0, 1002, 1486, 1479, 33, 8.27%, 0, 0, 3, 6.98
1747847346, 0, 1004, 1486, 1479, 33, 8.27%, 0, 0, 3, 6.93
1747847361, 0, 1005, 1486, 1479, 33, 8.27%, 0, 0, 3, 8.23
1747847377, 0, 1006, 1486, 1479, 33, 8.27%, 0, 0, 3, 8.04
1747847398, 0, 1007, 1486, 1479, 33, 8.27%, 0, 0, 3, 7.06
1747847418, 0, 1009, 1486, 1479, 33, 8.27%, 0, 0, 3, 6.94
1747847434, 0, 1010, 1486, 1479, 33, 8.27%, 0, 0, 3, 7.09
1747847454, 0, 1012, 1486, 1479, 33, 8.27%, 0, 0, 3, 7.69
1747847469, 0, 1013, 1486, 1479, 33, 8.27%, 0, 0, 3, 7.59
1747847485, 0, 1016, 1486, 1479, 33, 8.27%, 0, 0, 3, 7.01
1747847505, 0, 1017, 1486, 1479, 33, 8.27%, 0, 0, 3, 6.84
1747847526, 0, 1018, 1486, 1479, 33, 8.27%, 0, 0, 3, 6.90
1747847541, 0, 1019, 1486, 1479, 33, 8.27%, 0, 0, 3, 6.69
1747847562, 0, 1020, 1486, 1479, 33, 8.27%, 0, 0, 3, 10.47
1747853303, 0, 1021, 1486, 1478, 32, 8.27%, 0, 0, 3, 9.86
1747853313, 0, 1021, 1487, 1479, 32, 8.27%, 0, 0, 3, 7.18
1747853339, 0, 1022, 1487, 1479, 32, 8.27%, 0, 0, 3, 6.91
1747853360, 0, 1023, 1487, 1479, 32, 8.27%, 0, 0, 3, 9.86
1747856212, 0, 1024, 1487, 1478, 31, 8.27%, 0, 0, 3, 12.94
1747856233, 0, 1025, 1487, 1478, 31, 8.27%, 0, 0, 3, 6.82
1747856248, 0, 1026, 1487, 1478, 31, 8.27%, 0, 0, 3, 6.74
1747856264, 0, 1027, 1487, 1478, 31, 8.27%, 0, 0, 3, 8.14
1747856285, 0, 1028, 1487, 1478, 31, 8.27%, 0, 0, 3, 7.08
1747856300, 0, 1028, 1488, 1479, 31, 8.27%, 0, 0, 3, 6.68
1747856321, 0, 1029, 1488, 1479, 31, 8.27%, 0, 0, 3, 6.89
1747856342, 0, 1030, 1488, 1479, 31, 8.27%, 0, 0, 3, 10.31
