# unix_time, cycles_done, cur_path, paths_total, pending_total, pending_favs, map_size, unique_crashes, unique_hangs, max_depth, execs_per_sec
1747817516, 0, 0, 1, 1, 1, 3.78%, 0, 0, 1, 55.94
1747817521, 0, 0, 19, 19, 1, 5.36%, 0, 0, 2, 53.69
1747817526, 0, 0, 37, 37, 1, 5.46%, 0, 0, 2, 50.26
1747817531, 0, 0, 55, 55, 1, 5.48%, 0, 0, 2, 45.13
1747817536, 0, 0, 70, 70, 1, 5.50%, 0, 0, 2, 47.12
1747817541, 0, 0, 79, 79, 1, 5.50%, 0, 0, 2, 49.79
1747817546, 0, 0, 88, 88, 1, 5.50%, 0, 0, 2, 50.14
1747817551, 0, 0, 100, 100, 1, 5.50%, 0, 0, 2, 49.83
1747817556, 0, 0, 112, 112, 1, 5.50%, 0, 0, 2, 47.79
1747817561, 0, 0, 122, 122, 1, 5.50%, 0, 0, 2, 47.86
1747817566, 0, 0, 129, 129, 1, 5.50%, 0, 0, 2, 49.38
1747817572, 0, 0, 139, 139, 1, 5.51%, 0, 0, 2, 48.82
1747817577, 0, 0, 144, 144, 1, 5.51%, 0, 0, 2, 45.22
1747817582, 0, 0, 153, 153, 1, 5.51%, 0, 0, 2, 49.17
1747817587, 0, 0, 156, 156, 1, 5.51%, 0, 0, 2, 52.61
1747817592, 0, 0, 160, 160, 1, 5.51%, 0, 0, 2, 51.43
1747817597, 0, 0, 165, 165, 1, 5.51%, 0, 0, 2, 51.11
1747817602, 0, 0, 170, 170, 1, 5.51%, 0, 0, 2, 50.64
1747817607, 0, 0, 173, 173, 1, 5.52%, 0, 0, 2, 51.85
1747817612, 0, 0, 177, 177, 1, 5.58%, 0, 0, 2, 49.60
1747817618, 0, 0, 180, 180, 1, 5.58%, 0, 0, 2, 52.38
1747817623, 0, 0, 183, 183, 1, 5.58%, 0, 0, 2, 52.59
1747817628, 0, 0, 186, 186, 1, 5.58%, 0, 0, 2, 52.94
1747817633, 0, 0, 189, 189, 1, 5.58%, 0, 0, 2, 52.33
1747817638, 0, 0, 191, 191, 1, 5.58%, 0, 0, 2, 52.03
1747817643, 0, 0, 192, 192, 1, 5.58%, 0, 0, 2, 53.09
1747817648, 0, 0, 195, 195, 1, 5.58%, 0, 0, 2, 52.84
1747817653, 0, 0, 197, 197, 1, 5.58%, 0, 0, 2, 53.06
1747817663, 0, 0, 203, 203, 1, 5.58%, 0, 0, 2, 51.34
1747817668, 0, 0, 205, 205, 1, 5.58%, 0, 0, 2, 52.46
1747817673, 0, 0, 207, 207, 1, 5.58%, 0, 0, 2, 52.35
1747817678, 0, 0, 210, 210, 1, 5.58%, 0, 0, 2, 52.26
1747817683, 0, 0, 212, 212, 1, 5.58%, 0, 0, 2, 52.33
1747817688, 0, 0, 214, 214, 1, 5.58%, 0, 0, 2, 52.28
1747817693, 0, 0, 217, 217, 1, 5.58%, 0, 0, 2, 51.30
1747817703, 0, 0, 219, 219, 1, 5.58%, 0, 0, 2, 52.14
1747817708, 0, 0, 220, 220, 1, 5.58%, 0, 0, 2, 53.39
1747817713, 0, 0, 222, 222, 1, 5.58%, 0, 0, 2, 52.63
1747817718, 0, 0, 224, 224, 1, 5.59%, 0, 0, 2, 52.42
1747817728, 0, 0, 226, 226, 1, 5.59%, 0, 0, 2, 53.35
1747817734, 0, 0, 229, 229, 1, 5.59%, 0, 0, 2, 51.60
1747817739, 0, 0, 231, 231, 1, 5.59%, 0, 0, 2, 53.34
1747817744, 0, 0, 233, 233, 1, 5.59%, 0, 0, 2, 51.84
1747817749, 0, 0, 234, 234, 1, 5.59%, 0, 0, 2, 52.72
1747817754, 0, 0, 235, 235, 1, 5.59%, 0, 0, 2, 52.57
1747817759, 0, 0, 236, 236, 1, 5.59%, 0, 0, 2, 53.31
1747817775, 0, 0, 237, 237, 1, 5.60%, 0, 0, 2, 53.65
1747817780, 0, 0, 238, 238, 1, 5.60%, 0, 0, 2, 53.21
1747817785, 0, 0, 239, 239, 1, 5.60%, 0, 0, 2, 53.08
1747817790, 0, 0, 240, 240, 1, 5.60%, 0, 0, 2, 52.68
1747817795, 0, 0, 243, 243, 1, 5.60%, 0, 0, 2, 52.21
1747817800, 0, 0, 244, 244, 1, 5.60%, 0, 0, 2, 53.43
1747817805, 0, 0, 245, 245, 1, 5.60%, 0, 0, 2, 52.82
1747817815, 0, 0, 246, 246, 1, 5.60%, 0, 0, 2, 52.97
1747817825, 0, 0, 247, 247, 1, 5.61%, 0, 0, 2, 54.27
1747817830, 0, 0, 249, 249, 1, 5.61%, 0, 0, 2, 51.99
1747817861, 0, 0, 250, 250, 1, 5.61%, 0, 0, 2, 53.55
1747817866, 0, 0, 252, 252, 1, 5.61%, 0, 0, 2, 52.33
1747817871, 0, 1, 252, 251, 9, 5.61%, 0, 0, 2, 54.30
1747817876, 0, 2, 256, 255, 9, 5.61%, 0, 0, 2, 48.19
1747817882, 0, 2, 269, 268, 9, 5.61%, 0, 0, 2, 43.30
1747817887, 0, 2, 290, 289, 9, 5.81%, 0, 0, 2, 52.29
1747817892, 0, 2, 304, 303, 9, 5.81%, 0, 0, 2, 56.57
1747817897, 0, 2, 316, 315, 9, 5.81%, 0, 0, 2, 57.93
1747817902, 0, 2, 326, 325, 9, 5.81%, 0, 0, 2, 57.86
1747817907, 0, 2, 332, 331, 9, 5.82%, 0, 0, 2, 58.65
1747817912, 0, 2, 336, 335, 9, 5.82%, 0, 0, 2, 50.13
1747817917, 0, 2, 340, 339, 9, 5.82%, 0, 0, 2, 36.83
1747817922, 0, 2, 344, 343, 9, 5.82%, 0, 0, 2, 35.38
1747817927, 0, 2, 347, 346, 9, 5.82%, 0, 0, 2, 34.68
1747817933, 0, 2, 352, 351, 9, 5.82%, 0, 0, 2, 34.19
1747817938, 0, 2, 357, 356, 9, 5.82%, 0, 0, 2, 34.96
1747817943, 0, 2, 358, 357, 9, 5.82%, 0, 0, 2, 34.56
1747817948, 0, 2, 360, 359, 9, 5.82%, 0, 0, 2, 34.85
1747817953, 0, 2, 364, 363, 9, 5.82%, 0, 0, 2, 33.76
1747817963, 0, 2, 368, 367, 9, 5.82%, 0, 0, 2, 34.33
1747817969, 0, 2, 370, 369, 9, 5.82%, 0, 0, 2, 35.35
1747817974, 0, 2, 372, 371, 9, 5.82%, 0, 0, 2, 35.03
1747817979, 0, 2, 374, 373, 9, 5.82%, 0, 0, 2, 35.14
1747817984, 0, 2, 376, 375, 9, 5.82%, 0, 0, 2, 35.31
1747817994, 0, 2, 379, 378, 9, 5.82%, 0, 0, 2, 35.85
1747818005, 0, 3, 386, 385, 10, 5.99%, 0, 0, 2, 30.13
1747818010, 0, 3, 398, 397, 10, 6.02%, 0, 0, 2, 25.38
1747818015, 0, 3, 410, 409, 10, 6.03%, 0, 0, 2, 23.81
1747818020, 0, 3, 422, 421, 10, 6.03%, 0, 0, 2, 23.07
1747818025, 0, 3, 433, 432, 10, 6.03%, 0, 0, 2, 23.20
1747818030, 0, 3, 444, 443, 10, 6.04%, 0, 0, 2, 23.27
1747818035, 0, 3, 452, 451, 10, 6.04%, 0, 0, 2, 23.63
1747818040, 0, 3, 463, 462, 10, 6.04%, 0, 0, 2, 23.49
1747818046, 0, 3, 475, 474, 10, 6.04%, 0, 0, 2, 23.13
1747818051, 0, 3, 484, 483, 10, 6.04%, 0, 0, 2, 23.05
1747818056, 0, 3, 491, 490, 10, 6.04%, 0, 0, 2, 23.29
1747818061, 0, 3, 498, 497, 10, 6.04%, 0, 0, 2, 23.50
1747818066, 0, 3, 506, 505, 10, 6.04%, 0, 0, 2, 22.99
1747818071, 0, 3, 516, 515, 10, 6.04%, 0, 0, 2, 22.32
1747818076, 0, 3, 524, 523, 10, 6.14%, 0, 0, 2, 23.01
1747818082, 0, 3, 529, 528, 10, 6.14%, 0, 0, 2, 22.74
1747818087, 0, 3, 533, 532, 10, 6.14%, 0, 0, 2, 23.24
1747818092, 0, 3, 535, 534, 10, 6.15%, 0, 0, 2, 23.41
1747818097, 0, 3, 539, 538, 10, 6.15%, 0, 0, 2, 22.91
1747818102, 0, 3, 544, 543, 10, 6.15%, 0, 0, 2, 22.54
1747818107, 0, 3, 549, 548, 10, 6.15%, 0, 0, 2, 22.86
1747818112, 0, 3, 551, 550, 10, 6.15%, 0, 0, 2, 23.48
1747818117, 0, 3, 555, 554, 10, 6.15%, 0, 0, 2, 23.08
1747818122, 0, 3, 559, 558, 10, 6.22%, 0, 0, 2, 22.51
1747818128, 0, 3, 564, 563, 10, 6.22%, 0, 0, 2, 22.64
1747818133, 0, 3, 566, 565, 10, 6.22%, 0, 0, 2, 23.16
1747818138, 0, 3, 568, 567, 10, 6.22%, 0, 0, 2, 23.45
1747818143, 0, 3, 574, 573, 10, 6.22%, 0, 0, 2, 22.77
1747818148, 0, 3, 579, 578, 10, 6.22%, 0, 0, 2, 22.35
1747818153, 0, 3, 580, 579, 10, 6.22%, 0, 0, 2, 22.69
1747818158, 0, 3, 582, 581, 10, 6.23%, 0, 0, 2, 23.02
1747818163, 0, 3, 586, 585, 10, 6.23%, 0, 0, 2, 22.69
1747818168, 0, 3, 587, 586, 10, 6.23%, 0, 0, 2, 23.26
1747818173, 0, 3, 589, 588, 10, 6.23%, 0, 0, 2, 23.51
1747818178, 0, 3, 592, 591, 10, 6.23%, 0, 0, 2, 23.16
1747818184, 0, 3, 594, 593, 10, 6.23%, 0, 0, 2, 23.10
1747818189, 0, 3, 596, 595, 10, 6.23%, 0, 0, 2, 23.43
1747818194, 0, 3, 597, 596, 10, 6.23%, 0, 0, 2, 23.40
1747818199, 0, 3, 601, 600, 10, 6.24%, 0, 0, 2, 23.00
1747818204, 0, 3, 602, 601, 10, 6.24%, 0, 0, 2, 22.69
1747818209, 0, 3, 604, 603, 10, 6.24%, 0, 0, 2, 23.41
1747818214, 0, 3, 605, 604, 10, 6.24%, 0, 0, 2, 23.55
1747818219, 0, 3, 606, 605, 10, 6.24%, 0, 0, 2, 23.31
1747818225, 0, 3, 608, 607, 10, 6.24%, 0, 0, 2, 22.50
1747818230, 0, 3, 609, 608, 10, 6.24%, 0, 0, 2, 22.77
1747818235, 0, 3, 612, 611, 10, 6.24%, 0, 0, 2, 22.80
1747818245, 0, 3, 614, 613, 10, 6.24%, 0, 0, 2, 23.47
1747818255, 0, 3, 615, 614, 10, 6.24%, 0, 0, 2, 23.25
1747818260, 0, 3, 616, 615, 10, 6.24%, 0, 0, 2, 23.31
1747818266, 0, 4, 623, 622, 14, 6.24%, 0, 0, 2, 19.87
1747818271, 0, 4, 631, 630, 14, 6.26%, 0, 0, 2, 18.40
1747818276, 0, 4, 638, 637, 14, 6.26%, 0, 0, 2, 18.15
1747818281, 0, 4, 646, 645, 14, 6.26%, 0, 0, 2, 18.32
1747818286, 0, 4, 653, 652, 14, 6.26%, 0, 0, 2, 2.31
1747818291, 0, 4, 661, 660, 14, 6.26%, 0, 0, 2, 17.74
1747818296, 0, 4, 668, 667, 14, 6.26%, 0, 0, 2, 18.05
1747818301, 0, 4, 673, 672, 14, 6.26%, 0, 0, 2, 17.91
1747818306, 0, 4, 676, 675, 14, 6.26%, 0, 0, 2, 18.74
1747818311, 0, 4, 682, 681, 14, 6.33%, 0, 0, 2, 17.80
1747818317, 0, 4, 688, 687, 14, 6.33%, 0, 0, 2, 17.68
1747818322, 0, 4, 691, 690, 14, 6.33%, 0, 0, 2, 17.64
1747818327, 0, 4, 696, 695, 14, 6.33%, 0, 0, 2, 18.04
1747818332, 0, 4, 699, 698, 14, 6.33%, 0, 0, 2, 18.52
1747818337, 0, 4, 700, 699, 14, 6.33%, 0, 0, 2, 18.27
1747818342, 0, 4, 701, 700, 14, 6.33%, 0, 0, 2, 18.43
1747818347, 0, 4, 704, 703, 14, 6.33%, 0, 0, 2, 18.39
1747818352, 0, 4, 706, 705, 14, 6.33%, 0, 0, 2, 18.33
1747818358, 0, 4, 707, 706, 14, 6.33%, 0, 0, 2, 18.45
1747818363, 0, 4, 709, 708, 14, 6.33%, 0, 0, 2, 18.28
1747818368, 0, 4, 710, 709, 14, 6.33%, 0, 0, 2, 18.79
1747818373, 0, 4, 713, 712, 14, 6.33%, 0, 0, 2, 18.28
1747818378, 0, 4, 716, 715, 14, 6.33%, 0, 0, 2, 18.47
1747818388, 0, 4, 718, 717, 14, 6.33%, 0, 0, 2, 18.56
1747818393, 0, 4, 720, 719, 14, 6.33%, 0, 0, 2, 18.29
1747818398, 0, 4, 723, 722, 14, 6.33%, 0, 0, 2, 18.12
1747818408, 0, 4, 725, 724, 14, 6.33%, 0, 0, 2, 18.48
1747818414, 0, 4, 726, 725, 14, 6.33%, 0, 0, 2, 18.65
1747818419, 0, 4, 728, 727, 14, 6.33%, 0, 0, 2, 18.82
1747818434, 0, 4, 730, 729, 14, 6.33%, 0, 0, 2, 18.36
1747818439, 0, 4, 731, 730, 14, 6.33%, 0, 0, 2, 18.79
1747818444, 0, 4, 732, 731, 14, 6.33%, 0, 0, 2, 18.69
1747818449, 0, 4, 733, 732, 14, 6.33%, 0, 0, 2, 18.78
1747818459, 0, 4, 734, 733, 14, 6.33%, 0, 0, 2, 18.83
1747818470, 0, 4, 735, 734, 14, 6.33%, 0, 0, 2, 18.62
1747818475, 0, 4, 736, 735, 14, 6.33%, 0, 0, 2, 18.63
1747818490, 0, 4, 737, 736, 14, 6.33%, 0, 0, 2, 18.63
1747818505, 0, 4, 738, 737, 14, 6.33%, 0, 0, 2, 18.54
1747818531, 0, 4, 739, 738, 14, 6.33%, 0, 0, 2, 18.90
1747818536, 0, 4, 740, 739, 14, 6.33%, 0, 0, 2, 18.83
1747818541, 0, 7, 743, 742, 13, 6.34%, 0, 0, 2, 16.89
1747818546, 0, 7, 749, 748, 13, 6.34%, 0, 0, 2, 15.63
1747818551, 0, 7, 753, 752, 13, 6.36%, 0, 0, 2, 14.83
1747818557, 0, 7, 758, 757, 13, 6.36%, 0, 0, 2, 14.81
1747818562, 0, 7, 763, 762, 13, 6.36%, 0, 0, 2, 15.02
1747818567, 0, 7, 768, 767, 13, 6.36%, 0, 0, 2, 15.29
1747818572, 0, 7, 772, 771, 13, 6.36%, 0, 0, 2, 15.07
1747818577, 0, 7, 776, 775, 13, 6.36%, 0, 0, 2, 15.22
1747818582, 0, 7, 780, 779, 13, 6.36%, 0, 0, 2, 15.45
1747818587, 0, 7, 785, 784, 13, 6.36%, 0, 0, 2, 15.07
1747818592, 0, 7, 788, 787, 13, 6.36%, 0, 0, 2, 15.08
1747818598, 0, 7, 790, 789, 13, 6.36%, 0, 0, 2, 15.80
1747818603, 0, 7, 793, 792, 13, 6.36%, 0, 0, 2, 15.58
1747818608, 0, 7, 795, 794, 13, 6.36%, 0, 0, 2, 15.97
1747818613, 0, 7, 796, 795, 13, 6.36%, 0, 0, 2, 15.93
1747818618, 0, 7, 800, 799, 13, 6.36%, 0, 0, 2, 15.37
1747818623, 0, 7, 801, 800, 13, 6.36%, 0, 0, 2, 15.16
1747818629, 0, 7, 803, 802, 13, 6.36%, 0, 0, 2, 16.08
1747818634, 0, 7, 805, 804, 13, 6.36%, 0, 0, 2, 15.61
1747818644, 0, 7, 807, 806, 13, 6.36%, 0, 0, 2, 15.32
1747818654, 0, 7, 809, 808, 13, 6.36%, 0, 0, 2, 14.97
1747818659, 0, 7, 811, 810, 13, 6.36%, 0, 0, 2, 15.38
1747818664, 0, 7, 812, 811, 13, 6.36%, 0, 0, 2, 15.20
1747818670, 0, 7, 813, 812, 13, 6.36%, 0, 0, 2, 15.61
1747818680, 0, 7, 814, 813, 13, 6.36%, 0, 0, 2, 16.08
1747818685, 0, 7, 815, 814, 13, 6.36%, 0, 0, 2, 15.87
1747818690, 0, 7, 817, 816, 13, 6.36%, 0, 0, 2, 15.89
1747818695, 0, 7, 818, 817, 13, 6.36%, 0, 0, 2, 16.00
1747818700, 0, 7, 819, 818, 13, 6.36%, 0, 0, 2, 15.76
1747818716, 0, 7, 822, 821, 13, 6.36%, 0, 0, 2, 15.82
1747818721, 0, 7, 823, 822, 13, 6.36%, 0, 0, 2, 15.92
1747818726, 0, 7, 825, 824, 13, 6.36%, 0, 0, 2, 15.68
1747818731, 0, 7, 827, 826, 13, 6.36%, 0, 0, 2, 15.75
1747818742, 0, 7, 829, 828, 13, 6.36%, 0, 0, 2, 15.54
1747818757, 0, 7, 830, 829, 13, 6.36%, 0, 0, 2, 16.20
1747818762, 0, 7, 831, 830, 13, 6.36%, 0, 0, 2, 16.17
1747818767, 0, 7, 833, 832, 13, 6.36%, 0, 0, 2, 15.36
1747818772, 0, 7, 835, 834, 13, 6.36%, 0, 0, 2, 14.72
1747818777, 0, 7, 836, 835, 13, 6.36%, 0, 0, 2, 15.54
1747818787, 0, 7, 837, 836, 13, 6.36%, 0, 0, 2, 16.04
1747818808, 0, 7, 838, 837, 13, 6.36%, 0, 0, 2, 16.01
1747818818, 0, 7, 840, 839, 13, 6.36%, 0, 0, 2, 16.14
1747818834, 0, 7, 843, 842, 13, 6.36%, 0, 0, 2, 15.51
1747818854, 0, 8, 845, 844, 15, 6.36%, 0, 0, 2, 14.57
1747818859, 0, 8, 847, 846, 15, 6.36%, 0, 0, 2, 13.76
1747818864, 0, 8, 851, 850, 15, 6.36%, 0, 0, 2, 13.25
1747818869, 0, 8, 854, 853, 15, 6.36%, 0, 0, 2, 12.83
1747818875, 0, 8, 857, 856, 15, 6.38%, 0, 0, 2, 12.97
1747818880, 0, 8, 859, 858, 15, 6.38%, 0, 0, 2, 13.32
1747818885, 0, 8, 861, 860, 15, 6.38%, 0, 0, 2, 13.16
1747818890, 0, 8, 864, 863, 15, 6.38%, 0, 0, 2, 12.87
1747818900, 0, 8, 865, 864, 15, 6.38%, 0, 0, 2, 13.33
1747818905, 0, 8, 867, 866, 15, 6.38%, 0, 0, 2, 12.95
1747818910, 0, 8, 868, 867, 15, 6.38%, 0, 0, 2, 13.31
1747818915, 0, 8, 869, 868, 15, 6.38%, 0, 0, 2, 13.52
1747818921, 0, 8, 870, 869, 15, 6.38%, 0, 0, 2, 13.67
1747818926, 0, 8, 871, 870, 15, 6.38%, 0, 0, 2, 13.37
1747818936, 0, 8, 873, 872, 15, 6.38%, 0, 0, 2, 13.96
1747818941, 0, 8, 876, 875, 15, 6.38%, 0, 0, 2, 13.55
1747818951, 0, 8, 877, 876, 15, 6.38%, 0, 0, 2, 13.14
1747818972, 0, 8, 878, 877, 15, 6.38%, 0, 0, 2, 13.64
1747818987, 0, 8, 879, 878, 15, 6.38%, 0, 0, 2, 13.54
1747819008, 0, 8, 880, 879, 15, 6.38%, 0, 0, 2, 13.62
1747819013, 0, 8, 881, 880, 15, 6.38%, 0, 0, 2, 13.65
1747819054, 0, 8, 883, 882, 15, 6.38%, 0, 0, 2, 13.57
1747819059, 0, 8, 884, 883, 15, 6.38%, 0, 0, 2, 13.16
1747819094, 0, 8, 886, 885, 15, 6.38%, 0, 0, 2, 13.04
1747819105, 0, 8, 887, 886, 15, 6.38%, 0, 0, 2, 13.24
1747819115, 0, 8, 888, 887, 15, 6.38%, 0, 0, 2, 13.37
1747819166, 0, 8, 889, 888, 15, 6.38%, 0, 0, 2, 13.12
1747819171, 0, 8, 890, 889, 15, 6.38%, 0, 0, 2, 12.98
1747819187, 0, 9, 892, 891, 16, 6.38%, 0, 0, 2, 12.58
1747819192, 0, 9, 895, 894, 16, 6.38%, 0, 0, 2, 12.05
1747819197, 0, 9, 898, 897, 16, 6.38%, 0, 0, 2, 11.63
1747819202, 0, 9, 900, 899, 16, 6.38%, 0, 0, 2, 11.51
1747819207, 0, 9, 903, 902, 16, 6.38%, 0, 0, 2, 11.35
1747819217, 0, 9, 904, 903, 16, 6.38%, 0, 0, 2, 12.53
1747819223, 0, 9, 905, 904, 16, 6.38%, 0, 0, 2, 12.37
1747819228, 0, 9, 907, 906, 16, 6.38%, 0, 0, 2, 11.94
1747819238, 0, 9, 909, 908, 16, 6.38%, 0, 0, 2, 11.83
1747819248, 0, 9, 911, 910, 16, 6.38%, 0, 0, 2, 12.30
1747819258, 0, 9, 914, 913, 16, 6.38%, 0, 0, 2, 11.98
1747819264, 0, 9, 916, 915, 16, 6.38%, 0, 0, 2, 12.04
1747819269, 0, 9, 917, 916, 16, 6.38%, 0, 0, 2, 12.76
1747819279, 0, 9, 918, 917, 16, 6.38%, 0, 0, 2, 12.37
1747819284, 0, 9, 919, 918, 16, 6.38%, 0, 0, 2, 12.90
1747819289, 0, 9, 920, 919, 16, 6.38%, 0, 0, 2, 12.84
1747819305, 0, 9, 921, 920, 16, 6.38%, 0, 0, 2, 13.37
1747819325, 0, 9, 923, 922, 16, 6.38%, 0, 0, 2, 12.74
1747819335, 0, 9, 924, 923, 16, 6.38%, 0, 0, 2, 13.34
1747819366, 0, 9, 925, 924, 16, 6.38%, 0, 0, 2, 12.63
1747819392, 0, 9, 926, 925, 16, 6.38%, 0, 0, 2, 13.47
1747819402, 0, 9, 927, 926, 16, 6.38%, 0, 0, 2, 13.07
1747819407, 0, 9, 928, 927, 16, 6.38%, 0, 0, 2, 12.90
1747819443, 0, 9, 929, 928, 16, 6.38%, 0, 0, 2, 12.90
1747819454, 0, 9, 930, 929, 16, 6.38%, 0, 0, 2, 13.57
1747819464, 0, 9, 931, 930, 16, 6.38%, 0, 0, 2, 13.20
1747819505, 0, 9, 932, 931, 16, 6.38%, 0, 0, 2, 12.83
1747819515, 0, 9, 933, 932, 16, 6.38%, 0, 0, 2, 12.99
1747819531, 0, 10, 933, 932, 16, 6.38%, 0, 0, 2, 13.35
1747819536, 0, 10, 934, 933, 16, 6.38%, 0, 0, 2, 12.76
1747819551, 0, 14, 935, 934, 16, 6.38%, 0, 0, 2, 12.35
1747819561, 0, 14, 936, 935, 16, 6.38%, 0, 0, 2, 12.65
1747819566, 0, 14, 937, 936, 16, 6.38%, 0, 0, 2, 13.11
1747819576, 0, 14, 939, 938, 16, 6.38%, 0, 0, 2, 12.42
1747819582, 0, 14, 940, 939, 16, 6.38%, 0, 0, 2, 11.99
1747819587, 0, 14, 941, 940, 16, 6.38%, 0, 0, 2, 11.86
1747819592, 0, 14, 942, 941, 16, 6.38%, 0, 0, 2, 12.32
1747819602, 0, 14, 943, 942, 16, 6.38%, 0, 0, 2, 12.51
1747819623, 0, 14, 944, 943, 16, 6.38%, 0, 0, 2, 12.79
1747819643, 0, 14, 945, 944, 16, 6.38%, 0, 0, 2, 12.61
1747819668, 0, 14, 946, 945, 16, 6.38%, 0, 0, 2, 12.41
1747819720, 0, 14, 947, 946, 16, 6.38%, 0, 0, 2, 13.15
1747819725, 0, 14, 949, 948, 16, 6.38%, 0, 0, 2, 12.44
1747819771, 0, 14, 950, 949, 16, 6.38%, 0, 0, 2, 12.82
1747819787, 0, 14, 951, 950, 16, 6.38%, 0, 0, 2, 12.59
1747819797, 0, 14, 952, 951, 16, 6.38%, 0, 0, 2, 18.14
1747819817, 0, 14, 953, 952, 16, 6.38%, 0, 0, 2, 12.13
1747819823, 0, 14, 954, 953, 16, 6.38%, 0, 0, 2, 11.44
1747819879, 0, 14, 955, 954, 16, 6.38%, 0, 0, 2, 11.81
1747819889, 0, 15, 955, 954, 16, 6.38%, 0, 0, 2, 12.28
1747819899, 0, 16, 955, 954, 16, 6.38%, 0, 0, 2, 11.95
1747819909, 0, 17, 955, 954, 16, 6.38%, 0, 0, 2, 12.05
1747819914, 0, 17, 957, 956, 16, 6.39%, 0, 0, 2, 10.94
1747819919, 0, 17, 959, 958, 16, 6.39%, 0, 0, 2, 10.38
1747819925, 0, 17, 961, 960, 16, 6.39%, 0, 0, 2, 10.37
1747819930, 0, 17, 962, 961, 16, 6.39%, 0, 0, 2, 10.51
1747819960, 0, 17, 963, 962, 16, 6.39%, 0, 0, 2, 11.01
1747819970, 0, 17, 964, 963, 16, 6.39%, 0, 0, 2, 11.15
1747819980, 0, 17, 965, 964, 16, 6.40%, 0, 0, 2, 11.49
1747819985, 0, 17, 967, 966, 16, 6.40%, 0, 0, 2, 10.57
1747820001, 0, 17, 968, 967, 16, 6.40%, 0, 0, 2, 10.96
1747820011, 0, 17, 969, 968, 16, 6.40%, 0, 0, 2, 11.29
1747820037, 0, 17, 970, 969, 16, 6.40%, 0, 0, 2, 10.72
1747820042, 0, 17, 972, 971, 16, 6.40%, 0, 0, 2, 10.37
1747820104, 0, 17, 974, 973, 16, 6.40%, 0, 0, 2, 11.70
1747820109, 0, 17, 977, 976, 16, 6.40%, 0, 0, 2, 11.25
1747820119, 0, 17, 980, 979, 16, 6.40%, 0, 0, 2, 12.23
1747820124, 0, 17, 982, 981, 16, 6.40%, 0, 0, 2, 11.62
1747820139, 0, 17, 983, 982, 16, 6.40%, 0, 0, 2, 12.80
1747820145, 0, 17, 984, 983, 16, 6.40%, 0, 0, 2, 11.63
1747820150, 0, 17, 985, 984, 16, 6.86%, 0, 0, 2, 11.72
1747820155, 0, 17, 987, 986, 16, 6.86%, 0, 0, 2, 11.75
1747820170, 0, 17, 988, 987, 16, 6.86%, 0, 0, 2, 12.96
1747820175, 0, 17, 989, 988, 16, 6.86%, 0, 0, 2, 13.78
1747820226, 0, 17, 990, 989, 16, 6.86%, 0, 0, 2, 12.44
1747820247, 0, 17, 992, 991, 16, 6.90%, 0, 0, 2, 12.38
1747820252, 0, 17, 993, 992, 16, 6.90%, 0, 0, 2, 12.06
1747820257, 0, 17, 994, 993, 16, 7.03%, 0, 0, 2, 11.78
1747820262, 0, 17, 995, 994, 16, 7.03%, 0, 0, 2, 12.26
1747820267, 0, 17, 996, 995, 16, 7.23%, 0, 0, 2, 12.12
1747820277, 0, 17, 997, 996, 16, 7.23%, 0, 0, 2, 11.73
1747820283, 0, 20, 998, 997, 19, 7.23%, 0, 0, 2, 12.72
1747820288, 0, 20, 999, 998, 19, 7.23%, 0, 0, 2, 13.47
1747820293, 0, 20, 1000, 999, 19, 7.23%, 0, 0, 2, 12.17
1747820303, 0, 20, 1001, 1000, 19, 7.23%, 0, 0, 2, 12.18
1747820308, 0, 20, 1002, 1001, 19, 7.23%, 0, 0, 2, 11.82
1747820354, 0, 20, 1003, 1002, 19, 7.23%, 0, 0, 2, 13.06
1747820360, 0, 20, 1004, 1003, 19, 7.23%, 0, 0, 2, 12.20
1747820365, 0, 20, 1005, 1004, 19, 7.23%, 0, 0, 2, 12.44
1747820385, 0, 20, 1006, 1005, 19, 7.23%, 0, 0, 2, 12.75
1747820468, 0, 20, 1007, 1006, 19, 7.23%, 0, 0, 2, 12.48
1747820473, 0, 20, 1008, 1007, 19, 7.23%, 0, 0, 2, 12.26
1747820493, 0, 20, 1009, 1008, 19, 7.23%, 0, 0, 2, 12.36
1747820504, 0, 20, 1010, 1009, 19, 7.23%, 0, 0, 2, 12.04
1747820540, 0, 20, 1012, 1011, 19, 7.23%, 0, 0, 2, 12.34
1747820596, 0, 20, 1013, 1012, 19, 7.23%, 0, 0, 2, 11.65
1747820616, 0, 21, 1013, 1012, 16, 7.23%, 0, 0, 2, 13.32
1747820621, 0, 21, 1014, 1013, 16, 7.23%, 0, 0, 2, 12.02
1747820627, 0, 21, 1016, 1015, 16, 7.23%, 0, 0, 2, 12.05
1747820632, 0, 21, 1017, 1016, 16, 7.23%, 0, 0, 2, 11.89
1747820642, 0, 21, 1018, 1017, 16, 7.23%, 0, 0, 2, 12.79
1747820657, 0, 21, 1019, 1018, 16, 7.23%, 0, 0, 2, 12.48
1747820714, 0, 21, 1020, 1019, 16, 7.23%, 0, 0, 2, 12.41
1747820719, 0, 21, 1021, 1020, 16, 7.23%, 0, 0, 2, 12.09
1747820744, 0, 21, 1022, 1021, 16, 7.23%, 0, 0, 2, 13.34
1747820775, 0, 21, 1023, 1022, 16, 7.23%, 0, 0, 2, 12.95
1747820882, 0, 21, 1024, 1023, 16, 7.23%, 0, 0, 2, 11.92
1747820908, 0, 21, 1025, 1024, 16, 7.23%, 0, 0, 2, 11.93
1747820938, 0, 21, 1026, 1025, 16, 7.23%, 0, 0, 2, 12.39
1747820944, 0, 23, 1026, 1025, 17, 7.23%, 0, 0, 2, 13.65
1747820954, 0, 23, 1027, 1026, 17, 7.23%, 0, 0, 2, 11.36
1747820964, 0, 24, 1028, 1027, 17, 7.23%, 0, 0, 2, 12.08
1747820974, 0, 24, 1029, 1028, 17, 7.23%, 0, 0, 2, 11.77
1747821000, 0, 24, 1030, 1029, 17, 7.23%, 0, 0, 2, 12.26
1747821005, 0, 24, 1031, 1030, 17, 7.23%, 0, 0, 2, 12.11
1747821015, 0, 24, 1032, 1031, 17, 7.23%, 0, 0, 2, 12.05
1747821025, 0, 24, 1033, 1032, 17, 7.23%, 0, 0, 2, 11.85
1747821030, 0, 24, 1034, 1033, 17, 7.23%, 0, 0, 2, 11.58
1747821041, 0, 24, 1035, 1034, 17, 7.23%, 0, 0, 2, 12.30
1747821046, 0, 24, 1036, 1035, 17, 7.23%, 0, 0, 2, 12.16
1747821056, 0, 24, 1037, 1036, 17, 7.23%, 0, 0, 2, 11.77
1747821107, 0, 24, 1038, 1037, 17, 7.23%, 0, 0, 2, 12.57
1747821122, 0, 24, 1039, 1038, 17, 7.23%, 0, 0, 2, 11.56
1747821153, 0, 24, 1041, 1040, 17, 7.23%, 0, 0, 2, 11.59
1747821266, 0, 24, 1042, 1041, 17, 7.23%, 0, 0, 2, 11.58
1747821276, 0, 24, 1043, 1042, 17, 7.23%, 0, 0, 2, 11.50
1747821307, 0, 25, 1043, 1042, 16, 7.23%, 0, 0, 2, 13.01
1747821317, 0, 26, 1043, 1042, 16, 7.23%, 0, 0, 2, 12.69
1747821327, 0, 27, 1043, 1042, 16, 7.23%, 0, 0, 2, 12.26
1747821332, 0, 27, 1044, 1043, 16, 7.23%, 0, 0, 2, 11.56
1747821337, 0, 27, 1045, 1044, 16, 7.23%, 0, 0, 2, 11.62
1747821363, 0, 27, 1046, 1045, 16, 7.23%, 0, 0, 2, 11.89
1747821388, 0, 27, 1047, 1046, 16, 7.23%, 0, 0, 2, 12.42
1747821399, 0, 27, 1049, 1048, 16, 7.23%, 0, 0, 2, 11.33
1747821440, 0, 27, 1050, 1049, 16, 7.23%, 0, 0, 2, 11.94
1747821445, 0, 27, 1051, 1050, 16, 7.23%, 0, 0, 2, 11.99
1747821450, 0, 27, 1052, 1051, 16, 7.23%, 0, 0, 2, 11.29
1747821470, 0, 27, 1053, 1052, 16, 7.23%, 0, 0, 2, 11.60
1747821526, 0, 27, 1054, 1053, 16, 7.23%, 0, 0, 2, 11.71
1747821552, 0, 27, 1055, 1054, 16, 7.23%, 0, 0, 2, 11.24
1747821603, 0, 27, 1056, 1055, 16, 7.23%, 0, 0, 2, 11.45
1747821675, 0, 28, 1056, 1055, 16, 7.23%, 0, 0, 2, 13.05
1747821685, 0, 29, 1056, 1055, 16, 7.23%, 0, 0, 2, 12.89
1747821690, 0, 30, 1056, 1055, 16, 7.23%, 0, 0, 2, 12.80
1747821701, 0, 30, 1057, 1056, 16, 7.23%, 0, 0, 2, 11.45
1747821716, 0, 32, 1057, 1056, 16, 7.23%, 0, 0, 2, 11.93
1747821726, 0, 33, 1057, 1056, 16, 7.23%, 0, 0, 2, 12.46
1747821736, 0, 35, 1057, 1056, 16, 7.23%, 0, 0, 2, 11.44
1747821747, 0, 36, 1057, 1056, 16, 7.23%, 0, 0, 2, 13.16
1747821757, 0, 37, 1058, 1057, 16, 7.23%, 0, 0, 2, 11.61
1747821778, 0, 38, 1058, 1057, 16, 7.23%, 0, 0, 2, 12.18
1747821788, 0, 38, 1059, 1058, 16, 7.23%, 0, 0, 2, 11.30
1747821803, 0, 44, 1059, 1058, 16, 7.23%, 0, 0, 2, 11.70
1747821813, 0, 45, 1059, 1058, 16, 7.23%, 0, 0, 2, 11.68
1747821824, 0, 46, 1060, 1059, 16, 7.23%, 0, 0, 2, 12.70
1747821844, 0, 47, 1060, 1059, 16, 7.23%, 0, 0, 2, 12.42
1747821855, 0, 47, 1061, 1060, 16, 7.23%, 0, 0, 2, 11.56
1747821865, 0, 47, 1062, 1061, 16, 7.23%, 0, 0, 2, 11.78
1747821870, 0, 47, 1063, 1062, 16, 7.23%, 0, 0, 2, 12.21
1747821880, 0, 47, 1064, 1063, 16, 7.23%, 0, 0, 2, 10.86
1747821885, 0, 47, 1065, 1064, 16, 7.23%, 0, 0, 2, 11.19
1747821911, 0, 47, 1066, 1065, 16, 7.23%, 0, 0, 2, 11.61
1747821916, 0, 47, 1067, 1066, 16, 7.23%, 0, 0, 2, 11.31
1747821936, 0, 47, 1068, 1067, 16, 7.23%, 0, 0, 2, 11.38
1747821962, 0, 47, 1069, 1068, 16, 7.23%, 0, 0, 2, 11.34
1747821977, 0, 47, 1070, 1069, 16, 7.23%, 0, 0, 2, 11.25
1747821998, 0, 47, 1071, 1070, 16, 7.23%, 0, 0, 2, 11.50
1747822003, 0, 47, 1072, 1071, 16, 7.23%, 0, 0, 2, 11.92
1747822049, 0, 47, 1073, 1072, 16, 7.23%, 0, 0, 2, 11.42
1747822208, 0, 48, 1073, 1072, 16, 7.23%, 0, 0, 2, 12.33
1747822213, 0, 48, 1074, 1073, 16, 7.24%, 0, 0, 2, 11.82
1747822228, 0, 48, 1075, 1074, 16, 7.24%, 0, 0, 2, 11.06
1747822254, 0, 49, 1075, 1074, 17, 7.24%, 0, 0, 2, 11.96
1747822264, 0, 50, 1075, 1074, 17, 7.24%, 0, 0, 2, 11.87
1747822274, 0, 52, 1075, 1074, 17, 7.24%, 0, 0, 2, 11.87
1747822285, 0, 54, 1075, 1074, 17, 7.24%, 0, 0, 2, 12.49
1747822295, 0, 55, 1075, 1074, 17, 7.24%, 0, 0, 2, 12.05
1747822300, 0, 55, 1076, 1075, 17, 7.24%, 0, 0, 2, 11.33
1747822316, 0, 56, 1076, 1075, 17, 7.24%, 0, 0, 2, 11.64
1747822326, 0, 57, 1076, 1075, 17, 7.24%, 0, 0, 2, 12.58
1747822336, 0, 60, 1077, 1076, 17, 7.24%, 0, 0, 2, 11.60
1747822362, 0, 61, 1077, 1076, 17, 7.24%, 0, 0, 2, 11.81
1747822372, 0, 62, 1077, 1076, 17, 7.24%, 0, 0, 2, 11.49
1747822377, 0, 62, 1078, 1077, 17, 7.24%, 0, 0, 2, 11.36
1747822393, 0, 63, 1078, 1077, 17, 7.24%, 0, 0, 2, 23.23
1747822556, 0, 64, 1078, 1076, 16, 7.24%, 0, 0, 2, 24.28
1747822567, 0, 67, 1078, 1076, 16, 7.24%, 0, 0, 2, 12.29
1747822577, 0, 68, 1078, 1076, 16, 7.24%, 0, 0, 2, 10.86
1747822592, 0, 69, 1079, 1077, 16, 7.24%, 0, 0, 3, 11.11
1747822613, 0, 70, 1079, 1077, 16, 7.24%, 0, 0, 3, 12.05
1747822623, 0, 71, 1079, 1077, 16, 7.24%, 0, 0, 3, 12.24
1747822634, 0, 72, 1079, 1077, 16, 7.24%, 0, 0, 3, 11.98
1747822644, 0, 73, 1079, 1077, 16, 7.24%, 0, 0, 3, 11.13
1747822649, 0, 73, 1080, 1078, 16, 7.24%, 0, 0, 3, 11.00
1747822670, 0, 74, 1080, 1078, 16, 7.24%, 0, 0, 3, 11.95
1747822680, 0, 75, 1080, 1078, 16, 7.24%, 0, 0, 3, 12.15
1747822690, 0, 77, 1080, 1078, 16, 7.24%, 0, 0, 3, 12.22
1747822700, 0, 79, 1080, 1078, 16, 7.24%, 0, 0, 3, 12.53
1747822710, 0, 80, 1080, 1078, 16, 7.24%, 0, 0, 3, 12.04
1747822721, 0, 81, 1080, 1078, 16, 7.24%, 0, 0, 3, 12.59
1747822731, 0, 82, 1080, 1078, 16, 7.24%, 0, 0, 3, 12.63
1747822741, 0, 84, 1080, 1078, 16, 7.24%, 0, 0, 3, 12.93
1747822747, 0, 84, 1081, 1079, 16, 7.24%, 0, 0, 3, 11.44
1747822752, 0, 84, 1082, 1080, 16, 7.24%, 0, 0, 3, 10.51
1747822757, 0, 84, 1083, 1081, 16, 7.24%, 0, 0, 3, 10.79
1747822783, 0, 84, 1084, 1082, 16, 7.24%, 0, 0, 3, 11.06
1747822798, 0, 84, 1085, 1083, 16, 7.24%, 0, 0, 3, 10.97
1747822860, 0, 84, 1086, 1084, 16, 7.24%, 0, 0, 3, 10.96
1747822885, 0, 84, 1087, 1085, 16, 7.24%, 0, 0, 3, 19.83
1747822891, 0, 84, 1088, 1086, 16, 7.24%, 0, 0, 3, 18.69
1747822947, 0, 84, 1089, 1087, 16, 7.24%, 0, 0, 3, 11.43
1747823009, 0, 84, 1090, 1088, 16, 7.24%, 0, 0, 3, 11.16
1747823080, 0, 85, 1090, 1088, 14, 7.24%, 0, 0, 3, 19.29
1747823085, 0, 86, 1090, 1088, 14, 7.24%, 0, 0, 3, 20.51
1747823090, 0, 86, 1091, 1089, 14, 7.24%, 0, 0, 3, 22.00
1747823095, 0, 87, 1091, 1089, 15, 7.24%, 0, 0, 3, 22.55
1747823106, 0, 90, 1093, 1091, 15, 7.24%, 0, 0, 3, 18.19
1747823136, 0, 92, 1093, 1091, 16, 7.24%, 0, 0, 3, 11.71
1747823146, 0, 93, 1093, 1091, 16, 7.24%, 0, 0, 3, 12.52
1747823156, 0, 95, 1093, 1091, 16, 7.24%, 0, 0, 3, 13.57
1747823167, 0, 97, 1093, 1091, 16, 7.24%, 0, 0, 3, 12.44
1747823177, 0, 98, 1093, 1091, 16, 7.24%, 0, 0, 3, 11.40
1747823187, 0, 99, 1093, 1091, 16, 7.24%, 0, 0, 3, 12.34
1747823197, 0, 101, 1093, 1091, 16, 7.24%, 0, 0, 3, 12.47
1747823207, 0, 102, 1093, 1091, 16, 7.24%, 0, 0, 3, 12.73
1747823212, 0, 102, 1094, 1092, 16, 7.24%, 0, 0, 3, 12.06
1747823233, 0, 103, 1094, 1092, 16, 7.24%, 0, 0, 3, 11.76
1747823243, 0, 103, 1095, 1093, 16, 7.24%, 0, 0, 3, 11.26
1747823253, 0, 104, 1095, 1093, 16, 7.24%, 0, 0, 3, 12.57
1747823264, 0, 105, 1095, 1093, 16, 7.24%, 0, 0, 3, 12.46
1747823274, 0, 106, 1095, 1093, 16, 7.24%, 0, 0, 3, 11.60
1747823284, 0, 107, 1095, 1093, 16, 7.24%, 0, 0, 3, 11.42
1747823299, 0, 108, 1095, 1093, 16, 7.24%, 0, 0, 3, 12.16
1747823309, 0, 109, 1095, 1093, 16, 7.24%, 0, 0, 3, 11.83
1747823320, 0, 110, 1095, 1093, 16, 7.24%, 0, 0, 3, 11.36
1747823330, 0, 111, 1095, 1093, 16, 7.24%, 0, 0, 3, 12.53
1747823340, 0, 112, 1095, 1093, 16, 7.24%, 0, 0, 3, 12.57
1747823351, 0, 113, 1095, 1093, 16, 7.24%, 0, 0, 3, 11.12
1747823361, 0, 114, 1095, 1093, 16, 7.24%, 0, 0, 3, 11.88
1747823371, 0, 114, 1096, 1094, 16, 7.24%, 0, 0, 3, 10.79
1747823386, 0, 115, 1096, 1094, 16, 7.24%, 0, 0, 3, 12.96
1747823396, 0, 116, 1096, 1094, 16, 7.24%, 0, 0, 3, 13.76
1747823402, 0, 118, 1096, 1094, 16, 7.24%, 0, 0, 3, 13.30
1747823417, 0, 119, 1096, 1094, 16, 7.24%, 0, 0, 3, 11.71
1747823427, 0, 121, 1096, 1094, 16, 7.24%, 0, 0, 3, 11.56
1747823438, 0, 123, 1096, 1094, 16, 7.24%, 0, 0, 3, 11.42
1747823448, 0, 124, 1096, 1094, 16, 7.24%, 0, 0, 3, 12.09
1747823458, 0, 125, 1096, 1094, 16, 7.24%, 0, 0, 3, 13.16
1747823468, 0, 127, 1096, 1094, 16, 7.24%, 0, 0, 3, 13.46
1747823479, 0, 131, 1096, 1094, 16, 7.24%, 0, 0, 3, 12.27
1747823489, 0, 132, 1096, 1094, 16, 7.24%, 0, 0, 3, 12.32
1747823499, 0, 133, 1096, 1094, 16, 7.24%, 0, 0, 3, 13.10
1747823509, 0, 134, 1096, 1094, 16, 7.24%, 0, 0, 3, 13.05
1747823519, 0, 135, 1096, 1094, 16, 7.24%, 0, 0, 3, 12.37
1747823530, 0, 137, 1096, 1094, 16, 7.24%, 0, 0, 3, 12.64
1747823540, 0, 138, 1096, 1094, 16, 7.24%, 0, 0, 3, 13.70
1747823550, 0, 140, 1096, 1094, 16, 7.24%, 0, 0, 3, 12.29
1747823561, 0, 141, 1096, 1094, 16, 7.24%, 0, 0, 3, 12.13
1747823571, 0, 142, 1096, 1094, 16, 7.24%, 0, 0, 3, 11.75
1747823581, 0, 143, 1096, 1094, 16, 7.24%, 0, 0, 3, 11.46
1747823591, 0, 144, 1096, 1094, 16, 7.24%, 0, 0, 3, 11.65
1747823601, 0, 144, 1097, 1095, 16, 7.24%, 0, 0, 3, 10.40
1747823617, 0, 145, 1097, 1095, 16, 7.24%, 0, 0, 3, 12.96
1747823627, 0, 146, 1097, 1095, 16, 7.24%, 0, 0, 3, 12.30
1747823632, 0, 146, 1098, 1096, 16, 7.24%, 0, 0, 3, 10.93
1747823648, 0, 147, 1098, 1096, 16, 7.24%, 0, 0, 3, 12.51
1747823658, 0, 147, 1099, 1097, 16, 7.24%, 0, 0, 3, 11.13
1747823673, 0, 148, 1099, 1097, 16, 7.24%, 0, 0, 3, 12.36
1747823683, 0, 149, 1099, 1097, 16, 7.24%, 0, 0, 3, 11.73
1747823694, 0, 153, 1099, 1097, 16, 7.24%, 0, 0, 3, 11.79
1747823704, 0, 154, 1099, 1097, 16, 7.24%, 0, 0, 3, 11.52
1747823714, 0, 155, 1099, 1097, 16, 7.24%, 0, 0, 3, 11.27
1747823725, 0, 156, 1099, 1097, 16, 7.24%, 0, 0, 3, 11.30
1747823735, 0, 157, 1099, 1097, 16, 7.24%, 0, 0, 3, 11.82
1747823745, 0, 158, 1099, 1097, 16, 7.24%, 0, 0, 3, 12.83
1747823755, 0, 159, 1099, 1097, 16, 7.24%, 0, 0, 3, 11.66
1747823766, 0, 160, 1099, 1097, 16, 7.24%, 0, 0, 3, 12.83
1747823776, 0, 161, 1099, 1097, 16, 7.24%, 0, 0, 3, 13.57
1747823786, 0, 162, 1099, 1097, 16, 7.24%, 0, 0, 3, 12.84
1747823797, 0, 164, 1099, 1097, 16, 7.24%, 0, 0, 3, 11.86
1747823807, 0, 165, 1099, 1097, 16, 7.24%, 0, 0, 3, 11.42
1747823817, 0, 166, 1099, 1097, 16, 7.24%, 0, 0, 3, 12.15
1747823827, 0, 168, 1099, 1097, 16, 7.24%, 0, 0, 3, 12.06
1747823837, 0, 170, 1099, 1097, 16, 7.24%, 0, 0, 3, 11.47
1747823853, 0, 170, 1100, 1098, 16, 7.24%, 0, 0, 3, 10.73
1747823863, 0, 171, 1100, 1098, 16, 7.24%, 0, 0, 3, 11.89
1747823873, 0, 172, 1100, 1098, 16, 7.24%, 0, 0, 3, 11.93
1747823883, 0, 173, 1100, 1098, 16, 7.24%, 0, 0, 3, 12.32
1747823893, 0, 175, 1100, 1098, 16, 7.24%, 0, 0, 3, 11.29
1747823904, 0, 176, 1100, 1098, 16, 7.24%, 0, 0, 3, 12.93
1747823914, 0, 178, 1100, 1098, 16, 7.24%, 0, 0, 3, 12.82
1747823929, 0, 179, 1101, 1099, 16, 7.24%, 0, 0, 3, 10.57
1747823939, 0, 179, 1102, 1100, 16, 7.24%, 0, 0, 3, 10.85
1747823965, 0, 179, 1103, 1101, 16, 7.24%, 0, 0, 3, 10.14
1747824021, 0, 180, 1103, 1101, 16, 7.24%, 0, 0, 3, 11.91
1747824032, 0, 181, 1103, 1101, 16, 7.24%, 0, 0, 3, 13.84
1747824042, 0, 182, 1103, 1101, 16, 7.24%, 0, 0, 3, 12.67
1747824052, 0, 183, 1103, 1101, 16, 7.24%, 0, 0, 3, 11.87
1747824062, 0, 183, 1104, 1102, 16, 7.24%, 0, 0, 3, 11.03
1747824073, 0, 186, 1104, 1102, 16, 7.24%, 0, 0, 3, 11.54
1747824083, 0, 187, 1104, 1102, 16, 7.24%, 0, 0, 3, 12.48
1747824088, 0, 187, 1105, 1103, 16, 7.24%, 0, 0, 3, 11.11
1747824108, 0, 188, 1105, 1103, 16, 7.24%, 0, 0, 3, 11.33
1747824119, 0, 190, 1105, 1103, 16, 7.24%, 0, 0, 3, 12.01
1747824129, 0, 191, 1105, 1103, 16, 7.24%, 0, 0, 3, 11.41
1747824139, 0, 195, 1105, 1103, 16, 7.24%, 0, 0, 3, 12.26
1747824150, 0, 196, 1105, 1103, 16, 7.24%, 0, 0, 3, 12.46
1747824165, 0, 197, 1105, 1103, 16, 7.24%, 0, 0, 3, 12.90
1747824170, 0, 198, 1105, 1103, 16, 7.24%, 0, 0, 3, 12.69
1747824180, 0, 199, 1105, 1103, 16, 7.24%, 0, 0, 3, 12.65
1747824191, 0, 200, 1105, 1103, 16, 7.24%, 0, 0, 3, 12.99
1747824201, 0, 201, 1105, 1103, 16, 7.24%, 0, 0, 3, 11.78
1747824216, 0, 203, 1105, 1103, 16, 7.24%, 0, 0, 3, 12.08
1747824226, 0, 205, 1105, 1103, 16, 7.24%, 0, 0, 3, 11.69
1747824237, 0, 206, 1105, 1103, 16, 7.24%, 0, 0, 3, 12.68
1747824247, 0, 209, 1105, 1103, 16, 7.24%, 0, 0, 3, 11.82
1747824257, 0, 210, 1105, 1103, 16, 7.24%, 0, 0, 3, 10.96
1747824267, 0, 212, 1105, 1103, 16, 7.24%, 0, 0, 3, 11.84
1747824277, 0, 213, 1105, 1103, 16, 7.24%, 0, 0, 3, 11.65
1747824288, 0, 214, 1105, 1103, 16, 7.24%, 0, 0, 3, 11.45
1747824298, 0, 215, 1105, 1103, 16, 7.24%, 0, 0, 3, 12.59
1747824308, 0, 216, 1105, 1103, 16, 7.24%, 0, 0, 3, 12.36
1747824323, 0, 217, 1105, 1103, 16, 7.24%, 0, 0, 3, 11.96
1747824334, 0, 221, 1105, 1103, 16, 7.24%, 0, 0, 3, 12.95
1747824344, 0, 222, 1105, 1103, 16, 7.24%, 0, 0, 3, 13.27
1747824354, 0, 223, 1105, 1103, 16, 7.24%, 0, 0, 3, 12.33
1747824364, 0, 224, 1105, 1103, 16, 7.24%, 0, 0, 3, 12.21
1747824375, 0, 225, 1105, 1103, 16, 7.24%, 0, 0, 3, 13.92
1747824380, 0, 227, 1105, 1103, 16, 7.24%, 0, 0, 3, 13.29
1747824390, 0, 228, 1105, 1103, 16, 7.24%, 0, 0, 3, 12.80
1747824401, 0, 229, 1105, 1103, 16, 7.24%, 0, 0, 3, 12.52
1747824416, 0, 230, 1105, 1103, 16, 7.24%, 0, 0, 3, 11.48
1747824426, 0, 232, 1105, 1103, 16, 7.24%, 0, 0, 3, 11.56
1747824432, 0, 232, 1106, 1104, 16, 7.24%, 0, 0, 3, 10.96
1747824447, 0, 233, 1106, 1104, 16, 7.24%, 0, 0, 3, 11.90
1747824457, 0, 234, 1106, 1104, 16, 7.24%, 0, 0, 3, 11.98
1747824467, 0, 235, 1107, 1105, 16, 7.24%, 0, 0, 3, 11.69
1747824483, 0, 235, 1108, 1106, 16, 7.24%, 0, 0, 3, 11.06
1747824519, 0, 236, 1108, 1106, 16, 7.24%, 0, 0, 3, 12.58
1747824529, 0, 237, 1108, 1106, 16, 7.24%, 0, 0, 3, 11.83
1747824539, 0, 238, 1108, 1106, 16, 7.24%, 0, 0, 3, 11.49
1747824549, 0, 239, 1108, 1106, 16, 7.24%, 0, 0, 3, 12.18
1747824559, 0, 240, 1108, 1106, 16, 7.24%, 0, 0, 3, 12.52
1747824569, 0, 241, 1108, 1106, 16, 7.24%, 0, 0, 3, 12.89
1747824579, 0, 242, 1108, 1106, 16, 7.24%, 0, 0, 3, 12.31
1747824590, 0, 243, 1109, 1107, 16, 7.24%, 0, 0, 3, 10.59
1747824615, 0, 244, 1109, 1107, 16, 7.24%, 0, 0, 3, 11.39
1747824626, 0, 245, 1109, 1107, 16, 7.24%, 0, 0, 3, 11.52
1747824636, 0, 246, 1109, 1107, 16, 7.24%, 0, 0, 3, 12.46
1747824646, 0, 247, 1109, 1107, 16, 7.24%, 0, 0, 3, 12.81
1747824657, 0, 248, 1109, 1107, 16, 7.24%, 0, 0, 3, 12.55
1747824667, 0, 249, 1109, 1107, 16, 7.24%, 0, 0, 3, 12.92
1747824677, 0, 250, 1109, 1107, 16, 7.24%, 0, 0, 3, 12.20
1747824687, 0, 250, 1110, 1108, 16, 7.24%, 0, 0, 3, 10.93
1747824692, 0, 250, 1111, 1109, 16, 7.24%, 0, 0, 3, 10.62
1747824703, 0, 250, 1112, 1110, 16, 7.24%, 0, 0, 3, 10.15
1747824770, 0, 251, 1112, 1110, 16, 7.24%, 0, 0, 3, 11.44
1747824780, 0, 252, 1112, 1110, 16, 7.24%, 0, 0, 3, 11.19
1747824791, 0, 253, 1112, 1110, 16, 7.24%, 0, 0, 3, 12.24
1747824806, 0, 255, 1113, 1111, 16, 7.24%, 0, 0, 3, 10.91
1747824811, 0, 255, 1114, 1112, 16, 7.24%, 0, 0, 3, 10.44
1747824832, 0, 255, 1115, 1113, 16, 7.24%, 0, 0, 3, 10.50
1747824883, 0, 255, 1116, 1114, 16, 7.24%, 0, 0, 3, 10.55
1747824990, 0, 256, 1116, 1114, 16, 7.24%, 0, 0, 3, 11.62
1747824995, 0, 256, 1117, 1115, 16, 7.24%, 0, 0, 3, 10.74
1747825000, 0, 256, 1118, 1116, 16, 7.25%, 0, 0, 3, 11.15
1747825016, 0, 256, 1119, 1117, 16, 7.25%, 0, 0, 3, 10.75
1747825046, 0, 256, 1120, 1118, 16, 7.25%, 0, 0, 3, 17.41
1747825072, 0, 256, 1121, 1119, 16, 7.25%, 0, 0, 3, 19.27
1747825082, 0, 256, 1122, 1120, 16, 7.25%, 0, 0, 3, 18.07
1747825108, 0, 256, 1123, 1121, 16, 7.25%, 0, 0, 3, 18.62
1747825220, 0, 257, 1123, 1121, 16, 7.25%, 0, 0, 3, 19.24
1747825230, 0, 259, 1123, 1121, 16, 7.25%, 0, 0, 3, 19.72
1747825235, 0, 260, 1123, 1121, 16, 7.25%, 0, 0, 3, 19.08
1747825241, 0, 261, 1123, 1121, 16, 7.25%, 0, 0, 3, 19.10
1747825251, 0, 262, 1123, 1121, 16, 7.25%, 0, 0, 3, 19.26
1747825256, 0, 263, 1123, 1121, 16, 7.25%, 0, 0, 3, 21.17
1747825261, 0, 264, 1123, 1121, 16, 7.25%, 0, 0, 3, 20.51
1747825266, 0, 265, 1123, 1121, 16, 7.25%, 0, 0, 3, 19.66
1747825271, 0, 265, 1124, 1122, 16, 7.25%, 0, 0, 3, 18.13
1747825281, 0, 266, 1124, 1122, 16, 7.25%, 0, 0, 3, 19.08
1747825287, 0, 268, 1124, 1122, 16, 7.25%, 0, 0, 3, 19.64
1747825297, 0, 271, 1124, 1122, 16, 7.25%, 0, 0, 3, 19.18
1747825302, 0, 272, 1124, 1122, 16, 7.25%, 0, 0, 3, 19.32
1747825307, 0, 275, 1124, 1122, 16, 7.25%, 0, 0, 3, 19.65
1747825312, 0, 276, 1124, 1122, 16, 7.25%, 0, 0, 3, 19.79
1747825323, 0, 278, 1124, 1122, 16, 7.25%, 0, 0, 3, 21.14
1747825328, 0, 279, 1124, 1122, 16, 7.25%, 0, 0, 3, 20.54
1747825333, 0, 279, 1126, 1124, 16, 7.25%, 0, 0, 3, 18.29
1747825354, 0, 280, 1126, 1124, 16, 7.25%, 0, 0, 3, 20.34
1747825364, 0, 281, 1126, 1124, 16, 7.25%, 0, 0, 3, 19.33
1747825369, 0, 282, 1126, 1124, 16, 7.25%, 0, 0, 3, 20.43
1747825374, 0, 283, 1126, 1124, 16, 7.25%, 0, 0, 3, 22.05
1747825379, 0, 284, 1126, 1124, 16, 7.25%, 0, 0, 3, 20.42
1747825389, 0, 285, 1126, 1124, 16, 7.25%, 0, 0, 3, 19.06
1747825395, 0, 286, 1126, 1124, 16, 7.25%, 0, 0, 3, 18.82
1747825400, 0, 287, 1126, 1124, 16, 7.25%, 0, 0, 3, 19.38
1747825410, 0, 288, 1127, 1125, 16, 7.25%, 0, 0, 3, 19.63
1747825420, 0, 289, 1127, 1125, 16, 7.25%, 0, 0, 3, 19.07
1747825425, 0, 290, 1127, 1125, 16, 7.25%, 0, 0, 3, 19.53
1747825436, 0, 293, 1127, 1125, 16, 7.25%, 0, 0, 3, 18.94
1747825441, 0, 294, 1127, 1125, 16, 7.25%, 0, 0, 3, 18.33
1747825451, 0, 295, 1127, 1125, 16, 7.25%, 0, 0, 3, 20.18
1747825456, 0, 296, 1127, 1125, 16, 7.25%, 0, 0, 3, 19.20
1747825461, 0, 297, 1128, 1126, 16, 7.25%, 0, 0, 3, 17.56
1747825471, 0, 297, 1129, 1127, 16, 7.25%, 0, 0, 3, 17.35
1747825482, 0, 297, 1130, 1128, 16, 7.25%, 0, 0, 3, 16.99
1747825487, 0, 297, 1131, 1129, 16, 7.25%, 0, 0, 3, 17.96
1747825575, 0, 298, 1131, 1129, 16, 7.25%, 0, 0, 3, 18.25
1747825585, 0, 299, 1131, 1129, 16, 7.25%, 0, 0, 3, 18.84
1747825590, 0, 301, 1131, 1129, 16, 7.25%, 0, 0, 3, 18.65
1747825595, 0, 302, 1131, 1129, 16, 7.25%, 0, 0, 3, 17.98
1747825600, 0, 302, 1132, 1130, 16, 7.25%, 0, 0, 3, 17.88
1747825610, 0, 303, 1132, 1130, 15, 7.25%, 0, 0, 3, 17.69
1747825615, 0, 303, 1133, 1131, 15, 7.25%, 0, 0, 3, 17.80
1747825626, 0, 305, 1133, 1131, 15, 7.25%, 0, 0, 3, 18.85
1747825636, 0, 306, 1133, 1131, 15, 7.25%, 0, 0, 3, 17.76
1747825641, 0, 306, 1134, 1132, 15, 7.25%, 0, 0, 3, 18.09
1747825646, 0, 306, 1135, 1133, 15, 7.25%, 0, 0, 3, 17.73
1747825661, 0, 309, 1135, 1133, 15, 7.25%, 0, 0, 3, 19.52
1747825671, 0, 310, 1135, 1133, 15, 7.25%, 0, 0, 3, 21.19
1747825677, 0, 311, 1135, 1133, 15, 7.25%, 0, 0, 3, 18.73
1747825682, 0, 312, 1135, 1133, 15, 7.25%, 0, 0, 3, 20.59
1747825687, 0, 314, 1135, 1133, 15, 7.25%, 0, 0, 3, 21.06
1747825697, 0, 315, 1135, 1133, 15, 7.25%, 0, 0, 3, 21.49
1747825702, 0, 316, 1135, 1133, 15, 7.25%, 0, 0, 3, 19.32
1747825707, 0, 317, 1135, 1133, 15, 7.25%, 0, 0, 3, 19.09
1747825712, 0, 318, 1135, 1133, 15, 7.25%, 0, 0, 3, 18.75
1747825723, 0, 320, 1136, 1134, 15, 7.25%, 0, 0, 3, 16.56
1747825728, 0, 320, 1137, 1135, 15, 7.25%, 0, 0, 3, 16.43
1747825738, 0, 320, 1138, 1136, 15, 7.25%, 0, 0, 3, 17.52
1747825784, 0, 322, 1138, 1136, 15, 7.25%, 0, 0, 3, 18.87
1747825789, 0, 323, 1139, 1137, 15, 7.25%, 0, 0, 3, 18.39
1747825804, 0, 323, 1140, 1138, 15, 7.25%, 0, 0, 3, 18.50
1747825814, 0, 323, 1141, 1139, 15, 7.25%, 0, 0, 3, 16.90
1747825820, 0, 323, 1142, 1140, 15, 7.25%, 0, 0, 3, 17.22
1747825866, 0, 323, 1143, 1141, 15, 7.25%, 0, 0, 3, 19.42
1747825876, 0, 323, 1144, 1142, 15, 7.25%, 0, 0, 3, 18.26
1747825917, 0, 323, 1145, 1143, 15, 7.25%, 0, 0, 3, 20.34
1747825942, 0, 323, 1146, 1144, 15, 7.25%, 0, 0, 3, 19.45
1747826009, 0, 324, 1146, 1144, 13, 7.25%, 0, 0, 3, 20.27
1747826014, 0, 325, 1146, 1144, 13, 7.25%, 0, 0, 3, 18.62
1747826019, 0, 325, 1147, 1145, 13, 7.25%, 0, 0, 3, 18.83
1747826029, 0, 326, 1147, 1145, 13, 7.25%, 0, 0, 3, 19.29
1747826035, 0, 326, 1148, 1146, 13, 7.25%, 0, 0, 3, 17.82
1747826045, 0, 327, 1148, 1146, 13, 7.25%, 0, 0, 3, 20.79
1747826050, 0, 328, 1149, 1147, 13, 7.25%, 0, 0, 3, 19.71
1747826065, 0, 329, 1149, 1147, 13, 7.25%, 0, 0, 3, 18.78
1747826070, 0, 330, 1149, 1147, 13, 7.25%, 0, 0, 3, 19.80
1747826075, 0, 331, 1149, 1147, 13, 7.25%, 0, 0, 3, 19.96
1747826081, 0, 332, 1149, 1147, 13, 7.25%, 0, 0, 3, 20.82
1747826091, 0, 333, 1149, 1147, 13, 7.25%, 0, 0, 3, 21.34
1747826096, 0, 334, 1149, 1147, 13, 7.25%, 0, 0, 3, 20.13
1747826101, 0, 335, 1149, 1147, 13, 7.25%, 0, 0, 3, 21.58
1747826106, 0, 336, 1149, 1147, 13, 7.25%, 0, 0, 3, 22.85
1747826111, 0, 337, 1149, 1147, 13, 7.25%, 0, 0, 3, 22.41
1747826116, 0, 339, 1149, 1147, 13, 7.25%, 0, 0, 3, 21.43
1747826127, 0, 340, 1149, 1147, 13, 7.25%, 0, 0, 3, 21.49
1747826132, 0, 341, 1149, 1147, 13, 7.25%, 0, 0, 3, 20.45
1747826137, 0, 342, 1149, 1147, 13, 7.25%, 0, 0, 3, 19.70
1747826142, 0, 343, 1149, 1147, 13, 7.25%, 0, 0, 3, 19.76
1747826152, 0, 344, 1149, 1147, 13, 7.25%, 0, 0, 3, 20.06
1747826157, 0, 345, 1149, 1147, 13, 7.25%, 0, 0, 3, 20.99
1747826162, 0, 346, 1149, 1147, 13, 7.25%, 0, 0, 3, 20.48
1747826172, 0, 348, 1149, 1147, 13, 7.25%, 0, 0, 3, 19.83
1747826178, 0, 350, 1150, 1148, 13, 7.25%, 0, 0, 3, 18.13
1747826193, 0, 351, 1150, 1148, 13, 7.25%, 0, 0, 3, 21.14
1747826198, 0, 352, 1150, 1148, 13, 7.25%, 0, 0, 3, 18.99
1747826203, 0, 353, 1150, 1148, 13, 7.25%, 0, 0, 3, 19.63
1747826213, 0, 354, 1150, 1148, 13, 7.25%, 0, 0, 3, 18.92
1747826218, 0, 356, 1150, 1148, 13, 7.25%, 0, 0, 3, 20.89
1747826224, 0, 358, 1150, 1148, 13, 7.25%, 0, 0, 3, 21.21
1747826229, 0, 359, 1150, 1148, 13, 7.25%, 0, 0, 3, 20.33
1747826234, 0, 360, 1150, 1148, 13, 7.25%, 0, 0, 3, 19.15
1747826244, 0, 361, 1150, 1148, 13, 7.25%, 0, 0, 3, 18.23
1747826249, 0, 362, 1150, 1148, 13, 7.25%, 0, 0, 3, 18.10
1747826259, 0, 363, 1150, 1148, 13, 7.25%, 0, 0, 3, 21.00
1747826264, 0, 364, 1150, 1148, 13, 7.25%, 0, 0, 3, 19.43
1747826269, 0, 364, 1151, 1149, 13, 7.25%, 0, 0, 3, 19.02
1747826275, 0, 366, 1151, 1149, 13, 7.25%, 0, 0, 3, 19.05
1747826285, 0, 367, 1151, 1149, 13, 7.25%, 0, 0, 3, 19.89
1747826290, 0, 368, 1151, 1149, 13, 7.25%, 0, 0, 3, 19.78
1747826295, 0, 369, 1151, 1149, 13, 7.25%, 0, 0, 3, 21.04
1747826305, 0, 370, 1151, 1149, 13, 7.25%, 0, 0, 3, 20.91
1747826310, 0, 372, 1151, 1149, 13, 7.25%, 0, 0, 3, 19.80
1747826315, 0, 373, 1151, 1149, 13, 7.25%, 0, 0, 3, 19.05
1747826320, 0, 374, 1151, 1149, 13, 7.25%, 0, 0, 3, 19.12
1747826330, 0, 376, 1151, 1149, 13, 7.25%, 0, 0, 3, 19.32
1747826335, 0, 377, 1151, 1149, 13, 7.25%, 0, 0, 3, 19.30
1747826341, 0, 378, 1151, 1149, 13, 7.25%, 0, 0, 3, 18.98
1747826351, 0, 379, 1151, 1149, 13, 7.25%, 0, 0, 3, 19.59
1747826356, 0, 380, 1151, 1149, 13, 7.25%, 0, 0, 3, 18.99
1747826361, 0, 381, 1151, 1149, 13, 7.25%, 0, 0, 3, 20.20
1747826366, 0, 381, 1152, 1150, 13, 7.25%, 0, 0, 3, 21.26
1747826376, 0, 382, 1152, 1150, 13, 7.25%, 0, 0, 3, 19.14
1747826381, 0, 384, 1152, 1150, 13, 7.25%, 0, 0, 3, 19.59
1747826386, 0, 385, 1152, 1150, 13, 7.25%, 0, 0, 3, 19.65
1747826397, 0, 387, 1152, 1150, 13, 7.25%, 0, 0, 3, 19.40
1747826402, 0, 388, 1152, 1150, 13, 7.25%, 0, 0, 3, 21.16
1747826407, 0, 389, 1152, 1150, 13, 7.25%, 0, 0, 3, 21.42
1747826412, 0, 391, 1152, 1150, 13, 7.25%, 0, 0, 3, 20.89
1747826417, 0, 393, 1152, 1150, 13, 7.25%, 0, 0, 3, 21.34
1747826427, 0, 394, 1152, 1150, 13, 7.25%, 0, 0, 3, 19.34
1747826432, 0, 395, 1152, 1150, 13, 7.25%, 0, 0, 3, 20.10
1747826437, 0, 396, 1152, 1150, 13, 7.25%, 0, 0, 3, 20.07
1747826443, 0, 398, 1152, 1150, 13, 7.25%, 0, 0, 3, 19.12
1747826453, 0, 399, 1152, 1150, 13, 7.25%, 0, 0, 3, 21.38
1747826458, 0, 400, 1152, 1150, 13, 7.25%, 0, 0, 3, 33.61
1747827298, 0, 401, 1152, 1149, 13, 7.25%, 0, 0, 3, 18.13
1747827308, 0, 402, 1152, 1149, 13, 7.25%, 0, 0, 3, 11.77
1747827323, 0, 405, 1152, 1149, 13, 7.25%, 0, 0, 3, 10.69
1747827333, 0, 407, 1152, 1149, 13, 7.25%, 0, 0, 3, 11.78
1747827344, 0, 408, 1152, 1149, 13, 7.25%, 0, 0, 3, 11.65
1747827354, 0, 409, 1152, 1149, 13, 7.25%, 0, 0, 3, 11.10
1747827364, 0, 410, 1152, 1149, 13, 7.25%, 0, 0, 3, 11.76
1747827380, 0, 411, 1152, 1149, 13, 7.25%, 0, 0, 3, 11.81
1747827390, 0, 412, 1152, 1149, 13, 7.25%, 0, 0, 3, 10.87
1747827400, 0, 414, 1152, 1149, 13, 7.25%, 0, 0, 3, 11.48
1747827410, 0, 415, 1152, 1149, 13, 7.25%, 0, 0, 3, 10.93
1747827426, 0, 416, 1152, 1149, 13, 7.25%, 0, 0, 3, 11.30
1747827436, 0, 417, 1152, 1149, 13, 7.25%, 0, 0, 3, 12.51
1747827446, 0, 418, 1152, 1149, 13, 7.25%, 0, 0, 3, 13.53
1747827451, 0, 419, 1152, 1149, 13, 7.25%, 0, 0, 3, 14.26
1747827467, 0, 420, 1152, 1149, 13, 7.25%, 0, 0, 3, 12.31
1747827477, 0, 422, 1152, 1149, 13, 7.25%, 0, 0, 3, 10.87
1747827487, 0, 423, 1152, 1149, 13, 7.25%, 0, 0, 3, 11.83
1747827497, 0, 424, 1152, 1149, 13, 7.25%, 0, 0, 3, 11.58
1747827507, 0, 425, 1152, 1149, 13, 7.25%, 0, 0, 3, 10.85
1747827523, 0, 426, 1152, 1149, 13, 7.25%, 0, 0, 3, 11.47
1747827533, 0, 427, 1152, 1149, 13, 7.25%, 0, 0, 3, 12.93
1747827543, 0, 429, 1152, 1149, 13, 7.25%, 0, 0, 3, 11.72
1747827554, 0, 430, 1152, 1149, 13, 7.25%, 0, 0, 3, 12.38
1747827564, 0, 432, 1152, 1149, 13, 7.25%, 0, 0, 3, 12.85
1747827574, 0, 433, 1152, 1149, 13, 7.25%, 0, 0, 3, 13.24
1747827584, 0, 434, 1152, 1149, 13, 7.25%, 0, 0, 3, 14.28
1747827589, 0, 435, 1152, 1149, 13, 7.25%, 0, 0, 3, 13.13
1747827604, 0, 438, 1152, 1149, 13, 7.25%, 0, 0, 3, 10.72
1747827615, 0, 439, 1152, 1149, 13, 7.25%, 0, 0, 3, 11.81
1747827625, 0, 440, 1152, 1149, 13, 7.25%, 0, 0, 3, 11.67
1747827630, 0, 440, 1154, 1151, 13, 7.25%, 0, 0, 3, 10.38
1747827676, 0, 441, 1154, 1151, 13, 7.25%, 0, 0, 3, 10.74
1747827686, 0, 442, 1154, 1151, 13, 7.25%, 0, 0, 3, 11.68
1747827696, 0, 444, 1154, 1151, 13, 7.25%, 0, 0, 3, 12.16
1747827707, 0, 445, 1154, 1151, 13, 7.25%, 0, 0, 3, 11.50
1747827717, 0, 446, 1154, 1151, 13, 7.25%, 0, 0, 3, 10.90
1747827727, 0, 447, 1154, 1151, 13, 7.25%, 0, 0, 3, 12.20
1747827742, 0, 448, 1154, 1151, 13, 7.25%, 0, 0, 3, 12.83
1747827753, 0, 450, 1154, 1151, 13, 7.25%, 0, 0, 3, 12.48
1747827763, 0, 451, 1154, 1151, 13, 7.25%, 0, 0, 3, 11.36
1747827773, 0, 452, 1154, 1151, 13, 7.25%, 0, 0, 3, 11.89
1747827783, 0, 454, 1154, 1151, 13, 7.25%, 0, 0, 3, 10.42
1747827799, 0, 455, 1154, 1151, 13, 7.25%, 0, 0, 3, 11.14
1747827804, 0, 455, 1155, 1152, 13, 7.25%, 0, 0, 3, 10.80
1747827819, 0, 456, 1155, 1152, 13, 7.25%, 0, 0, 3, 11.11
1747827835, 0, 457, 1155, 1152, 13, 7.25%, 0, 0, 3, 10.56
1747827845, 0, 459, 1155, 1152, 13, 7.25%, 0, 0, 3, 12.23
1747827855, 0, 460, 1155, 1152, 13, 7.25%, 0, 0, 3, 12.28
1747827865, 0, 462, 1155, 1152, 13, 7.25%, 0, 0, 3, 11.72
1747827875, 0, 463, 1155, 1152, 13, 7.25%, 0, 0, 3, 11.67
1747827891, 0, 465, 1155, 1152, 13, 7.25%, 0, 0, 3, 11.71
1747827901, 0, 466, 1155, 1152, 13, 7.25%, 0, 0, 3, 11.32
1747827912, 0, 467, 1155, 1152, 13, 7.25%, 0, 0, 3, 11.01
1747827922, 0, 468, 1155, 1152, 13, 7.25%, 0, 0, 3, 11.36
1747827932, 0, 470, 1155, 1152, 13, 7.25%, 0, 0, 3, 11.30
1747827942, 0, 471, 1155, 1152, 13, 7.25%, 0, 0, 3, 12.63
1747827958, 0, 472, 1155, 1152, 13, 7.25%, 0, 0, 3, 11.54
1747827968, 0, 474, 1155, 1152, 13, 7.25%, 0, 0, 3, 10.50
1747827973, 0, 474, 1156, 1153, 13, 7.25%, 0, 0, 3, 10.59
1747827994, 0, 475, 1156, 1153, 13, 7.25%, 0, 0, 3, 12.74
1747828004, 0, 476, 1156, 1153, 13, 7.25%, 0, 0, 3, 12.70
1747828009, 0, 477, 1156, 1153, 13, 7.25%, 0, 0, 3, 12.59
1747828025, 0, 478, 1156, 1153, 13, 7.25%, 0, 0, 3, 10.97
1747828035, 0, 479, 1157, 1154, 13, 7.25%, 0, 0, 3, 9.63
1747828061, 0, 481, 1157, 1154, 13, 7.25%, 0, 0, 3, 10.56
1747828071, 0, 482, 1157, 1154, 13, 7.25%, 0, 0, 3, 11.24
1747828076, 0, 482, 1158, 1155, 13, 7.45%, 0, 0, 3, 11.53
1747828081, 0, 482, 1159, 1156, 13, 7.45%, 0, 0, 3, 10.74
1747828117, 0, 483, 1159, 1156, 15, 7.45%, 0, 0, 3, 11.52
1747828132, 0, 484, 1159, 1156, 15, 7.45%, 0, 0, 3, 10.33
1747828143, 0, 485, 1159, 1156, 15, 7.45%, 0, 0, 3, 11.63
1747828153, 0, 489, 1159, 1156, 15, 7.45%, 0, 0, 3, 12.35
1747828163, 0, 491, 1159, 1156, 15, 7.45%, 0, 0, 3, 12.10
1747828173, 0, 492, 1159, 1156, 15, 7.45%, 0, 0, 3, 11.90
1747828184, 0, 493, 1159, 1156, 15, 7.45%, 0, 0, 3, 11.75
1747828194, 0, 494, 1159, 1156, 15, 7.45%, 0, 0, 3, 12.31
1747828209, 0, 495, 1159, 1156, 15, 7.45%, 0, 0, 3, 10.51
1747828219, 0, 496, 1159, 1156, 15, 7.45%, 0, 0, 3, 10.44
1747828230, 0, 497, 1159, 1156, 15, 7.45%, 0, 0, 3, 11.55
1747828245, 0, 498, 1159, 1156, 15, 7.45%, 0, 0, 3, 11.35
1747828255, 0, 499, 1159, 1156, 15, 7.45%, 0, 0, 3, 11.65
1747828265, 0, 501, 1159, 1156, 15, 7.45%, 0, 0, 3, 10.60
1747828281, 0, 502, 1159, 1156, 15, 7.45%, 0, 0, 3, 11.20
1747828291, 0, 503, 1159, 1156, 15, 7.45%, 0, 0, 3, 11.27
1747828301, 0, 504, 1159, 1156, 15, 7.45%, 0, 0, 3, 11.25
1747828311, 0, 505, 1159, 1156, 15, 7.45%, 0, 0, 3, 11.94
1747828322, 0, 506, 1160, 1157, 15, 7.45%, 0, 0, 3, 12.37
1747828342, 0, 506, 1161, 1158, 15, 7.45%, 0, 0, 3, 10.78
1747828373, 0, 507, 1161, 1158, 15, 7.45%, 0, 0, 3, 11.25
1747828383, 0, 508, 1161, 1158, 15, 7.45%, 0, 0, 3, 10.79
1747828393, 0, 511, 1161, 1158, 15, 7.45%, 0, 0, 3, 11.54
1747828404, 0, 512, 1161, 1158, 15, 7.45%, 0, 0, 3, 10.92
1747828419, 0, 514, 1161, 1158, 15, 7.45%, 0, 0, 3, 10.57
1747828430, 0, 515, 1161, 1158, 15, 7.45%, 0, 0, 3, 10.72
1747828440, 0, 516, 1161, 1158, 15, 7.45%, 0, 0, 3, 11.61
1747828455, 0, 517, 1161, 1158, 15, 7.45%, 0, 0, 3, 11.99
1747828465, 0, 518, 1161, 1158, 15, 7.45%, 0, 0, 3, 12.23
1747828476, 0, 519, 1161, 1158, 15, 7.45%, 0, 0, 3, 11.78
1747828486, 0, 521, 1161, 1158, 15, 7.45%, 0, 0, 3, 10.84
1747828496, 0, 522, 1161, 1158, 15, 7.45%, 0, 0, 3, 10.91
1747828506, 0, 523, 1161, 1158, 15, 7.45%, 0, 0, 3, 11.30
1747828516, 0, 524, 1161, 1158, 15, 7.45%, 0, 0, 3, 13.37
1747828527, 0, 525, 1161, 1158, 15, 7.45%, 0, 0, 3, 12.69
1747828537, 0, 526, 1161, 1158, 15, 7.45%, 0, 0, 3, 11.79
1747828542, 0, 526, 1162, 1159, 15, 7.45%, 0, 0, 3, 11.01
1747828563, 0, 527, 1162, 1159, 15, 7.45%, 0, 0, 3, 10.58
1747828573, 0, 528, 1162, 1159, 15, 7.45%, 0, 0, 3, 11.36
1747828583, 0, 529, 1162, 1159, 15, 7.45%, 0, 0, 3, 12.72
1747828599, 0, 530, 1162, 1159, 15, 7.45%, 0, 0, 3, 11.32
1747828609, 0, 531, 1162, 1159, 15, 7.45%, 0, 0, 3, 12.80
1747828619, 0, 532, 1162, 1159, 15, 7.45%, 0, 0, 3, 12.98
1747828629, 0, 533, 1162, 1159, 15, 7.45%, 0, 0, 3, 12.01
1747828640, 0, 534, 1162, 1159, 15, 7.45%, 0, 0, 3, 12.34
1747828650, 0, 535, 1162, 1159, 15, 7.45%, 0, 0, 3, 12.67
1747828660, 0, 536, 1162, 1159, 15, 7.45%, 0, 0, 3, 12.70
1747828670, 0, 537, 1162, 1159, 15, 7.45%, 0, 0, 3, 11.94
1747828680, 0, 538, 1162, 1159, 15, 7.45%, 0, 0, 3, 11.95
1747828691, 0, 539, 1162, 1159, 15, 7.45%, 0, 0, 3, 12.68
1747828701, 0, 541, 1162, 1159, 15, 7.45%, 0, 0, 3, 10.70
1747828711, 0, 542, 1162, 1159, 15, 7.45%, 0, 0, 3, 10.91
1747828716, 0, 542, 1163, 1160, 15, 7.45%, 0, 0, 3, 12.70
1747828732, 0, 543, 1163, 1160, 15, 7.45%, 0, 0, 3, 12.77
1747828747, 0, 546, 1163, 1160, 15, 7.45%, 0, 0, 3, 12.05
1747828757, 0, 547, 1163, 1160, 15, 7.45%, 0, 0, 3, 10.92
1747828768, 0, 548, 1163, 1160, 15, 7.45%, 0, 0, 3, 10.93
1747828778, 0, 549, 1163, 1160, 15, 7.45%, 0, 0, 3, 11.50
1747828788, 0, 550, 1163, 1160, 15, 7.45%, 0, 0, 3, 11.18
1747828803, 0, 551, 1163, 1160, 15, 7.45%, 0, 0, 3, 11.70
1747828814, 0, 552, 1163, 1160, 15, 7.45%, 0, 0, 3, 11.55
1747828824, 0, 553, 1163, 1160, 15, 7.45%, 0, 0, 3, 11.65
1747828834, 0, 554, 1163, 1160, 15, 7.45%, 0, 0, 3, 11.82
1747828845, 0, 555, 1163, 1160, 15, 7.45%, 0, 0, 3, 11.50
1747828855, 0, 556, 1163, 1160, 15, 7.45%, 0, 0, 3, 10.88
1747828870, 0, 557, 1163, 1160, 15, 7.45%, 0, 0, 3, 11.04
1747828881, 0, 559, 1163, 1160, 15, 7.45%, 0, 0, 3, 11.69
1747828891, 0, 560, 1163, 1160, 15, 7.45%, 0, 0, 3, 11.65
1747828901, 0, 562, 1163, 1160, 15, 7.45%, 0, 0, 3, 11.43
1747828911, 0, 563, 1163, 1160, 15, 7.45%, 0, 0, 3, 12.16
1747828927, 0, 564, 1163, 1160, 15, 7.45%, 0, 0, 3, 11.81
1747828937, 0, 565, 1163, 1160, 15, 7.45%, 0, 0, 3, 10.97
1747828947, 0, 566, 1163, 1160, 15, 7.45%, 0, 0, 3, 12.45
1747828958, 0, 567, 1163, 1160, 15, 7.45%, 0, 0, 3, 11.91
1747828968, 0, 568, 1163, 1160, 15, 7.45%, 0, 0, 3, 10.47
1747828978, 0, 569, 1163, 1160, 15, 7.45%, 0, 0, 3, 12.12
1747828988, 0, 570, 1163, 1160, 15, 7.45%, 0, 0, 3, 12.10
1747828994, 0, 570, 1164, 1161, 15, 7.45%, 0, 1, 3, 1.65
1747828999, 0, 570, 1164, 1161, 15, 7.45%, 0, 4, 3, 1.44
1747829005, 0, 570, 1164, 1161, 15, 7.45%, 0, 5, 3, 1.26
1747829011, 0, 570, 1164, 1161, 15, 7.45%, 0, 8, 3, 1.14
1747829037, 0, 571, 1164, 1161, 15, 7.45%, 0, 8, 3, 10.72
1747829047, 0, 572, 1164, 1161, 15, 7.45%, 0, 8, 3, 11.28
1747829057, 0, 573, 1164, 1161, 15, 7.45%, 0, 8, 3, 11.32
1747829068, 0, 575, 1164, 1161, 15, 7.45%, 0, 8, 3, 10.35
1747829083, 0, 578, 1164, 1161, 15, 7.45%, 0, 8, 3, 10.99
1747829088, 0, 578, 1165, 1162, 15, 7.45%, 0, 8, 3, 10.57
1747829103, 0, 579, 1165, 1162, 15, 7.45%, 0, 8, 3, 11.14
1747829119, 0, 580, 1165, 1162, 15, 7.45%, 0, 8, 3, 11.06
1747829129, 0, 581, 1165, 1162, 15, 7.45%, 0, 8, 3, 11.36
1747829139, 0, 582, 1165, 1162, 15, 7.45%, 0, 8, 3, 11.65
1747829149, 0, 583, 1165, 1162, 15, 7.45%, 0, 8, 3, 11.31
1747829165, 0, 586, 1165, 1162, 15, 7.45%, 0, 8, 3, 11.11
1747829175, 0, 587, 1165, 1162, 15, 7.45%, 0, 8, 3, 10.50
1747829185, 0, 589, 1165, 1162, 15, 7.45%, 0, 8, 3, 11.38
1747829195, 0, 590, 1165, 1162, 15, 7.45%, 0, 8, 3, 13.28
1747829206, 0, 591, 1165, 1162, 15, 7.45%, 0, 8, 3, 12.05
1747829216, 0, 592, 1166, 1163, 15, 7.45%, 0, 8, 3, 12.68
1747829236, 0, 592, 1167, 1164, 15, 7.45%, 0, 8, 3, 13.07
1747829257, 0, 594, 1167, 1164, 15, 7.45%, 0, 8, 3, 11.50
1747829267, 0, 595, 1167, 1164, 15, 7.45%, 0, 8, 3, 11.61
1747829277, 0, 598, 1167, 1164, 15, 7.45%, 0, 8, 3, 12.20
1747829287, 0, 599, 1167, 1164, 15, 7.45%, 0, 8, 3, 12.69
1747829298, 0, 600, 1167, 1164, 15, 7.45%, 0, 8, 3, 12.31
1747829308, 0, 602, 1167, 1164, 15, 7.45%, 0, 8, 3, 12.00
1747829318, 0, 604, 1167, 1164, 15, 7.45%, 0, 8, 3, 12.93
1747829328, 0, 605, 1167, 1164, 15, 7.45%, 0, 8, 3, 13.69
1747829338, 0, 607, 1167, 1164, 15, 7.45%, 0, 8, 3, 11.46
1747829349, 0, 608, 1167, 1164, 15, 7.45%, 0, 8, 3, 11.05
1747829359, 0, 609, 1167, 1164, 15, 7.45%, 0, 8, 3, 12.70
1747829374, 0, 610, 1167, 1164, 15, 7.45%, 0, 8, 3, 11.24
1747829384, 0, 611, 1167, 1164, 15, 7.45%, 0, 8, 3, 11.51
1747829394, 0, 612, 1167, 1164, 15, 7.45%, 0, 8, 3, 10.85
1747829405, 0, 614, 1167, 1164, 15, 7.45%, 0, 8, 3, 10.49
1747829420, 0, 615, 1167, 1164, 15, 7.45%, 0, 8, 3, 11.32
1747829430, 0, 616, 1167, 1164, 15, 7.45%, 0, 8, 3, 11.97
1747829441, 0, 617, 1167, 1164, 15, 7.45%, 0, 8, 3, 12.35
1747829451, 0, 618, 1167, 1164, 15, 7.45%, 0, 8, 3, 11.30
1747829461, 0, 619, 1167, 1164, 15, 7.45%, 0, 8, 3, 11.57
1747829471, 0, 620, 1167, 1164, 15, 7.45%, 0, 8, 3, 12.66
1747829482, 0, 622, 1167, 1164, 15, 7.45%, 0, 8, 3, 11.63
1747829492, 0, 623, 1167, 1164, 15, 7.45%, 0, 8, 3, 12.26
1747829502, 0, 624, 1167, 1164, 15, 7.45%, 0, 8, 3, 12.42
1747829518, 0, 625, 1167, 1164, 15, 7.45%, 0, 8, 3, 11.16
1747829528, 0, 626, 1167, 1164, 15, 7.45%, 0, 8, 3, 12.54
1747829539, 0, 628, 1167, 1164, 15, 7.45%, 0, 8, 3, 12.81
1747829549, 0, 629, 1167, 1164, 15, 7.45%, 0, 8, 3, 10.94
1747829559, 0, 631, 1167, 1164, 15, 7.45%, 0, 8, 3, 11.95
1747829569, 0, 632, 1167, 1164, 15, 7.45%, 0, 8, 3, 11.92
1747829580, 0, 633, 1167, 1164, 15, 7.45%, 0, 8, 3, 10.87
1747829590, 0, 634, 1167, 1164, 15, 7.45%, 0, 8, 3, 12.31
1747829600, 0, 635, 1167, 1164, 15, 7.45%, 0, 8, 3, 12.42
1747829616, 0, 636, 1167, 1164, 15, 7.45%, 0, 8, 3, 10.80
1747829626, 0, 637, 1167, 1164, 15, 7.45%, 0, 8, 3, 11.63
1747829636, 0, 638, 1167, 1164, 15, 7.45%, 0, 8, 3, 11.32
1747829646, 0, 639, 1167, 1164, 15, 7.45%, 0, 8, 3, 12.99
1747829656, 0, 640, 1167, 1164, 15, 7.45%, 0, 8, 3, 13.18
1747829667, 0, 641, 1167, 1164, 15, 7.45%, 0, 8, 3, 12.88
1747829677, 0, 642, 1167, 1164, 15, 7.45%, 0, 8, 3, 11.89
1747829687, 0, 643, 1167, 1164, 15, 7.45%, 0, 8, 3, 11.40
1747829697, 0, 645, 1167, 1164, 15, 7.45%, 0, 8, 3, 11.24
1747829707, 0, 646, 1167, 1164, 15, 7.45%, 0, 8, 3, 11.34
1747829723, 0, 647, 1167, 1164, 15, 7.45%, 0, 8, 3, 11.57
1747829733, 0, 648, 1167, 1164, 15, 7.45%, 0, 8, 3, 12.01
1747829743, 0, 649, 1167, 1164, 15, 7.45%, 0, 8, 3, 11.65
1747829753, 0, 651, 1167, 1164, 15, 7.45%, 0, 8, 3, 13.21
1747829764, 0, 652, 1167, 1164, 15, 7.45%, 0, 8, 3, 11.25
1747829779, 0, 653, 1167, 1164, 15, 7.45%, 0, 8, 3, 10.66
1747829789, 0, 654, 1167, 1164, 15, 7.45%, 0, 8, 3, 12.18
1747829799, 0, 655, 1167, 1164, 15, 7.45%, 0, 8, 3, 11.24
1747829810, 0, 656, 1167, 1164, 15, 7.45%, 0, 8, 3, 12.38
1747829820, 0, 657, 1167, 1164, 15, 7.45%, 0, 8, 3, 12.21
1747829830, 0, 658, 1167, 1164, 15, 7.45%, 0, 8, 3, 11.88
1747829846, 0, 659, 1167, 1164, 15, 7.45%, 0, 8, 3, 11.31
1747829856, 0, 660, 1167, 1164, 15, 7.45%, 0, 8, 3, 11.93
1747829866, 0, 661, 1167, 1164, 15, 7.45%, 0, 8, 3, 11.34
1747829876, 0, 662, 1167, 1164, 15, 7.45%, 0, 8, 3, 12.13
1747829887, 0, 663, 1167, 1164, 15, 7.45%, 0, 8, 3, 12.05
1747829897, 0, 664, 1167, 1164, 15, 7.45%, 0, 8, 3, 11.42
1747829912, 0, 665, 1167, 1164, 15, 7.45%, 0, 8, 3, 11.18
1747829922, 0, 667, 1167, 1164, 15, 7.45%, 0, 8, 3, 11.63
1747829933, 0, 668, 1167, 1164, 15, 7.45%, 0, 8, 3, 11.67
1747829943, 0, 669, 1167, 1164, 15, 7.45%, 0, 8, 3, 12.03
1747829953, 0, 670, 1167, 1164, 15, 7.45%, 0, 8, 3, 12.79
1747829964, 0, 671, 1167, 1164, 15, 7.45%, 0, 8, 3, 11.78
1747829974, 0, 673, 1167, 1164, 15, 7.45%, 0, 8, 3, 12.45
1747829985, 0, 675, 1167, 1164, 15, 7.45%, 0, 8, 3, 11.28
1747829995, 0, 676, 1167, 1164, 15, 7.45%, 0, 8, 3, 10.72
1747830005, 0, 678, 1167, 1164, 15, 7.45%, 0, 8, 3, 12.41
1747830020, 0, 680, 1167, 1164, 15, 7.45%, 0, 8, 3, 12.43
1747830031, 0, 681, 1167, 1164, 15, 7.45%, 0, 8, 3, 11.16
1747830041, 0, 682, 1167, 1164, 15, 7.45%, 0, 8, 3, 10.99
1747830051, 0, 683, 1167, 1164, 15, 7.45%, 0, 8, 3, 10.37
1747830061, 0, 684, 1167, 1164, 15, 7.45%, 0, 8, 3, 11.20
1747830077, 0, 685, 1167, 1164, 15, 7.45%, 0, 8, 3, 11.82
1747830087, 0, 687, 1167, 1164, 15, 7.45%, 0, 8, 3, 11.50
1747830097, 0, 689, 1167, 1164, 15, 7.45%, 0, 8, 3, 12.53
1747830107, 0, 691, 1167, 1164, 15, 7.45%, 0, 8, 3, 11.43
1747830113, 0, 691, 1168, 1165, 15, 7.48%, 0, 8, 3, 9.96
1747830133, 0, 692, 1168, 1165, 16, 7.48%, 0, 8, 3, 12.64
1747830143, 0, 693, 1168, 1165, 16, 7.48%, 0, 8, 3, 12.46
1747830154, 0, 694, 1168, 1165, 16, 7.48%, 0, 8, 3, 12.06
1747830164, 0, 695, 1168, 1165, 16, 7.48%, 0, 8, 3, 12.59
1747830174, 0, 696, 1168, 1165, 16, 7.48%, 0, 8, 3, 13.16
1747830184, 0, 697, 1168, 1165, 16, 7.48%, 0, 8, 3, 12.18
1747830194, 0, 699, 1168, 1165, 16, 7.48%, 0, 8, 3, 11.37
1747830205, 0, 700, 1168, 1165, 16, 7.48%, 0, 8, 3, 11.21
1747830215, 0, 701, 1168, 1165, 16, 7.48%, 0, 8, 3, 12.85
1747830225, 0, 702, 1168, 1165, 16, 7.48%, 0, 8, 3, 10.93
1747830241, 0, 703, 1168, 1165, 16, 7.48%, 0, 8, 3, 11.11
1747830251, 0, 706, 1168, 1165, 16, 7.48%, 0, 8, 3, 10.66
1747830261, 0, 707, 1168, 1165, 16, 7.48%, 0, 8, 3, 11.05
1747830271, 0, 708, 1168, 1165, 16, 7.48%, 0, 8, 3, 11.27
1747830287, 0, 710, 1168, 1165, 16, 7.48%, 0, 8, 3, 11.45
1747830297, 0, 711, 1168, 1165, 16, 7.48%, 0, 8, 3, 11.11
1747830307, 0, 712, 1168, 1165, 16, 7.48%, 0, 8, 3, 11.08
1747830322, 0, 713, 1168, 1165, 16, 7.48%, 0, 8, 3, 12.00
1747830327, 0, 714, 1168, 1165, 16, 7.48%, 0, 8, 3, 13.35
1747830338, 0, 715, 1168, 1165, 16, 7.48%, 0, 8, 3, 13.11
1747830348, 0, 717, 1168, 1165, 16, 7.48%, 0, 8, 3, 12.39
1747830363, 0, 718, 1168, 1165, 16, 7.48%, 0, 8, 3, 10.99
1747830374, 0, 719, 1168, 1165, 16, 7.48%, 0, 8, 3, 11.46
1747830384, 0, 720, 1168, 1165, 16, 7.48%, 0, 8, 3, 11.25
1747830394, 0, 721, 1168, 1165, 16, 7.48%, 0, 8, 3, 10.84
1747830410, 0, 722, 1168, 1165, 16, 7.48%, 0, 8, 3, 10.83
1747830420, 0, 723, 1168, 1165, 16, 7.48%, 0, 8, 3, 11.41
1747830430, 0, 724, 1168, 1165, 16, 7.48%, 0, 8, 3, 10.75
1747830440, 0, 726, 1168, 1165, 16, 7.48%, 0, 8, 3, 11.26
1747830455, 0, 727, 1168, 1165, 16, 7.48%, 0, 8, 3, 10.64
1747830465, 0, 728, 1168, 1165, 16, 7.48%, 0, 8, 3, 10.59
1747830476, 0, 729, 1168, 1165, 16, 7.48%, 0, 8, 3, 11.62
1747830486, 0, 730, 1168, 1165, 16, 7.48%, 0, 8, 3, 11.81
1747830496, 0, 731, 1168, 1165, 16, 7.48%, 0, 8, 3, 12.48
1747830501, 0, 731, 1169, 1166, 16, 7.48%, 0, 8, 3, 11.03
1747830512, 0, 731, 1170, 1167, 16, 7.48%, 0, 8, 3, 10.85
1747830547, 0, 732, 1170, 1167, 16, 7.48%, 0, 8, 3, 12.57
1747830558, 0, 733, 1170, 1167, 16, 7.48%, 0, 8, 3, 12.59
1747830568, 0, 734, 1170, 1167, 16, 7.48%, 0, 8, 3, 13.01
1747830578, 0, 737, 1170, 1167, 16, 7.48%, 0, 8, 3, 11.14
1747830589, 0, 739, 1170, 1167, 16, 7.48%, 0, 8, 3, 11.68
1747830599, 0, 741, 1170, 1167, 16, 7.48%, 0, 8, 3, 10.79
1747830609, 0, 742, 1170, 1167, 16, 7.48%, 0, 8, 3, 11.05
1747830625, 0, 743, 1170, 1167, 16, 7.48%, 0, 8, 3, 11.85
1747830635, 0, 744, 1170, 1167, 16, 7.48%, 0, 8, 3, 12.27
1747830645, 0, 745, 1170, 1167, 16, 7.48%, 0, 8, 3, 11.36
1747830656, 0, 746, 1170, 1167, 16, 7.48%, 0, 8, 3, 11.11
1747830666, 0, 747, 1170, 1167, 16, 7.48%, 0, 8, 3, 11.76
1747830676, 0, 748, 1170, 1167, 16, 7.48%, 0, 8, 3, 12.78
1747830687, 0, 750, 1170, 1167, 16, 7.48%, 0, 8, 3, 11.95
1747830702, 0, 751, 1170, 1167, 16, 7.48%, 0, 8, 3, 10.14
1747830713, 0, 752, 1170, 1167, 16, 7.48%, 0, 8, 3, 10.83
1747830723, 0, 753, 1170, 1167, 16, 7.48%, 0, 8, 3, 10.83
1747830733, 0, 754, 1170, 1167, 16, 7.48%, 0, 8, 3, 11.67
1747830748, 0, 755, 1170, 1167, 16, 7.48%, 0, 8, 3, 12.38
1747830759, 0, 756, 1170, 1167, 16, 7.48%, 0, 8, 3, 10.90
1747830769, 0, 760, 1170, 1167, 16, 7.48%, 0, 8, 3, 11.58
1747830779, 0, 761, 1170, 1167, 16, 7.48%, 0, 8, 3, 13.22
1747830790, 0, 762, 1170, 1167, 16, 7.48%, 0, 8, 3, 12.00
1747830800, 0, 763, 1170, 1167, 16, 7.48%, 0, 8, 3, 11.68
1747830810, 0, 764, 1170, 1167, 16, 7.48%, 0, 8, 3, 11.87
1747830820, 0, 765, 1170, 1167, 16, 7.48%, 0, 8, 3, 11.69
1747830836, 0, 766, 1170, 1167, 16, 7.48%, 0, 8, 3, 11.81
1747830846, 0, 768, 1170, 1167, 16, 7.48%, 0, 8, 3, 11.25
1747830851, 0, 768, 1171, 1168, 16, 7.48%, 0, 8, 3, 10.40
1747830866, 0, 769, 1171, 1168, 16, 7.48%, 0, 8, 3, 10.93
1747830881, 0, 770, 1171, 1168, 16, 7.48%, 0, 8, 3, 11.80
1747830892, 0, 771, 1171, 1168, 16, 7.48%, 0, 8, 3, 12.63
1747830902, 0, 772, 1171, 1168, 16, 7.48%, 0, 8, 3, 13.00
1747830912, 0, 773, 1171, 1168, 16, 7.48%, 0, 8, 3, 11.20
1747830922, 0, 774, 1171, 1168, 16, 7.48%, 0, 8, 3, 11.18
1747830933, 0, 775, 1171, 1168, 16, 7.48%, 0, 8, 3, 10.80
1747830948, 0, 776, 1171, 1168, 16, 7.48%, 0, 8, 3, 10.77
1747830958, 0, 777, 1171, 1168, 16, 7.48%, 0, 8, 3, 11.42
1747830969, 0, 778, 1171, 1168, 16, 7.48%, 0, 8, 3, 11.89
1747830979, 0, 779, 1171, 1168, 16, 7.48%, 0, 8, 3, 13.16
1747830989, 0, 780, 1171, 1168, 16, 7.48%, 0, 8, 3, 12.64
1747830999, 0, 781, 1171, 1168, 16, 7.48%, 0, 8, 3, 12.03
1747831009, 0, 782, 1171, 1168, 16, 7.48%, 0, 8, 3, 11.94
1747831020, 0, 783, 1171, 1168, 16, 7.48%, 0, 8, 3, 11.36
1747831035, 0, 784, 1171, 1168, 16, 7.48%, 0, 8, 3, 12.85
1747831046, 0, 786, 1171, 1168, 16, 7.48%, 0, 8, 3, 11.15
1747831056, 0, 789, 1171, 1168, 16, 7.48%, 0, 8, 3, 11.49
1747831066, 0, 791, 1171, 1168, 16, 7.48%, 0, 8, 3, 11.50
1747831077, 0, 791, 1172, 1169, 16, 7.48%, 0, 8, 3, 10.63
1747831092, 0, 792, 1172, 1169, 16, 7.48%, 0, 8, 3, 11.30
1747831102, 0, 793, 1172, 1169, 16, 7.48%, 0, 8, 3, 10.94
1747831113, 0, 795, 1172, 1169, 16, 7.48%, 0, 8, 3, 10.67
1747831128, 0, 796, 1172, 1169, 16, 7.48%, 0, 8, 3, 10.88
1747831133, 0, 796, 1173, 1170, 16, 7.49%, 0, 8, 3, 15.12
1747831138, 0, 796, 1174, 1171, 16, 7.49%, 0, 8, 3, 16.33
1747831159, 0, 796, 1175, 1172, 16, 7.49%, 0, 8, 3, 18.53
1747831184, 0, 797, 1175, 1172, 16, 7.49%, 0, 8, 3, 19.89
1747831195, 0, 798, 1175, 1172, 16, 7.49%, 0, 8, 3, 17.81
1747831200, 0, 800, 1175, 1172, 16, 7.49%, 0, 8, 3, 17.73
1747831205, 0, 802, 1175, 1172, 16, 7.49%, 0, 8, 3, 18.04
1747831215, 0, 803, 1175, 1172, 16, 7.49%, 0, 8, 3, 20.32
1747831220, 0, 804, 1175, 1172, 16, 7.49%, 0, 8, 3, 20.81
1747831226, 0, 805, 1175, 1172, 16, 7.49%, 0, 8, 3, 18.86
1747831231, 0, 806, 1175, 1172, 16, 7.49%, 0, 8, 3, 18.60
1747831241, 0, 807, 1175, 1172, 16, 7.49%, 0, 8, 3, 20.59
1747831246, 0, 808, 1176, 1173, 16, 7.49%, 0, 8, 3, 18.18
1747831261, 0, 809, 1176, 1173, 16, 7.49%, 0, 8, 3, 19.06
1747831266, 0, 810, 1176, 1173, 16, 7.49%, 0, 8, 3, 18.56
1747831272, 0, 811, 1176, 1173, 16, 7.49%, 0, 8, 3, 17.94
1747831282, 0, 812, 1176, 1173, 16, 7.49%, 0, 8, 3, 20.99
1747831287, 0, 813, 1176, 1173, 16, 7.49%, 0, 8, 3, 21.93
1747831292, 0, 814, 1176, 1173, 16, 7.49%, 0, 8, 3, 19.80
1747831297, 0, 815, 1176, 1173, 16, 7.49%, 0, 8, 3, 18.47
1747831307, 0, 817, 1176, 1173, 16, 7.49%, 0, 8, 3, 21.63
1747831312, 0, 819, 1176, 1173, 16, 7.49%, 0, 8, 3, 19.79
1747831318, 0, 820, 1176, 1173, 16, 7.49%, 0, 8, 3, 19.63
1747831323, 0, 821, 1176, 1173, 16, 7.49%, 0, 8, 3, 20.27
1747831333, 0, 822, 1176, 1173, 16, 7.49%, 0, 8, 3, 17.94
1747831338, 0, 824, 1176, 1173, 16, 7.49%, 0, 8, 3, 19.52
1747831343, 0, 825, 1176, 1173, 16, 7.49%, 0, 8, 3, 20.17
1747831354, 0, 826, 1176, 1173, 16, 7.49%, 0, 8, 3, 20.36
1747831359, 0, 828, 1176, 1173, 16, 7.49%, 0, 8, 3, 20.68
1747831364, 0, 830, 1176, 1173, 16, 7.49%, 0, 8, 3, 20.49
1747831369, 0, 830, 1177, 1174, 16, 7.49%, 0, 8, 3, 18.21
1747831374, 0, 830, 1178, 1175, 16, 7.49%, 0, 8, 3, 17.91
1747831394, 0, 832, 1178, 1175, 16, 7.49%, 0, 8, 3, 19.06
1747831399, 0, 833, 1178, 1175, 16, 7.49%, 0, 8, 3, 19.05
1747831405, 0, 835, 1178, 1175, 16, 7.49%, 0, 8, 3, 19.28
1747831415, 0, 836, 1178, 1175, 16, 7.49%, 0, 8, 3, 18.20
1747831420, 0, 838, 1178, 1175, 16, 7.49%, 0, 8, 3, 18.21
1747831425, 0, 841, 1178, 1175, 16, 7.49%, 0, 8, 3, 17.84
1747831435, 0, 842, 1178, 1175, 16, 7.49%, 0, 8, 3, 18.22
1747831440, 0, 845, 1178, 1175, 16, 7.49%, 0, 8, 3, 19.78
1747831445, 0, 846, 1178, 1175, 16, 7.49%, 0, 8, 3, 20.16
1747831455, 0, 847, 1178, 1175, 16, 7.49%, 0, 8, 3, 21.40
1747831461, 0, 849, 1178, 1175, 16, 7.49%, 0, 8, 3, 21.25
1747831466, 0, 850, 1178, 1175, 16, 7.49%, 0, 8, 3, 20.50
1747831471, 0, 852, 1178, 1175, 16, 7.49%, 0, 8, 3, 18.70
1747831481, 0, 853, 1178, 1175, 16, 7.49%, 0, 8, 3, 19.33
1747831486, 0, 854, 1178, 1175, 16, 7.49%, 0, 8, 3, 19.86
1747831491, 0, 856, 1178, 1175, 16, 7.49%, 0, 8, 3, 20.47
1747831497, 0, 857, 1178, 1175, 16, 7.49%, 0, 8, 3, 19.49
1747831507, 0, 858, 1178, 1175, 16, 7.49%, 0, 8, 3, 19.72
1747831512, 0, 860, 1178, 1175, 16, 7.49%, 0, 8, 3, 19.58
1747831517, 0, 861, 1178, 1175, 16, 7.49%, 0, 8, 3, 18.76
1747831527, 0, 862, 1178, 1175, 16, 7.49%, 0, 8, 3, 18.33
1747831533, 0, 863, 1178, 1175, 16, 7.49%, 0, 8, 3, 19.27
1747831538, 0, 865, 1178, 1175, 16, 7.49%, 0, 8, 3, 19.37
1747831548, 0, 867, 1178, 1175, 16, 7.49%, 0, 8, 3, 21.11
1747831553, 0, 868, 1178, 1175, 16, 7.49%, 0, 8, 3, 18.34
1747831558, 0, 869, 1178, 1175, 16, 7.49%, 0, 8, 3, 14.20
1747831573, 0, 870, 1178, 1175, 16, 7.49%, 0, 8, 3, 11.81
1747831583, 0, 873, 1178, 1175, 16, 7.49%, 0, 8, 3, 12.59
1747831594, 0, 874, 1178, 1175, 16, 7.49%, 0, 8, 3, 11.74
1747831604, 0, 875, 1178, 1175, 16, 7.49%, 0, 8, 3, 11.76
1747831614, 0, 876, 1178, 1175, 16, 7.49%, 0, 8, 3, 12.14
1747831625, 0, 878, 1178, 1175, 16, 7.49%, 0, 8, 3, 12.85
1747831635, 0, 879, 1178, 1175, 16, 7.49%, 0, 8, 3, 11.57
1747831645, 0, 882, 1178, 1175, 16, 7.49%, 0, 8, 3, 11.80
1747831655, 0, 884, 1178, 1175, 16, 7.49%, 0, 8, 3, 11.95
1747831666, 0, 885, 1178, 1175, 16, 7.49%, 0, 8, 3, 11.25
1747831676, 0, 886, 1178, 1175, 16, 7.49%, 0, 8, 3, 12.27
1747831686, 0, 888, 1178, 1175, 16, 7.49%, 0, 8, 3, 12.87
1747831697, 0, 889, 1178, 1175, 16, 7.49%, 0, 8, 3, 12.40
1747831707, 0, 891, 1178, 1175, 16, 7.49%, 0, 8, 3, 11.02
1747831722, 0, 893, 1178, 1175, 16, 7.49%, 0, 8, 3, 11.76
1747831727, 0, 893, 1179, 1176, 16, 7.49%, 0, 8, 3, 9.82
1747831743, 0, 893, 1180, 1177, 16, 7.49%, 0, 8, 3, 10.48
1747831769, 0, 896, 1180, 1177, 16, 7.49%, 0, 8, 3, 11.68
1747831779, 0, 897, 1180, 1177, 16, 7.49%, 0, 8, 3, 12.50
1747831789, 0, 898, 1180, 1177, 16, 7.49%, 0, 8, 3, 12.70
1747831799, 0, 899, 1180, 1177, 16, 7.49%, 0, 8, 3, 11.78
1747831810, 0, 901, 1180, 1177, 16, 7.49%, 0, 8, 3, 11.59
1747831820, 0, 902, 1181, 1178, 16, 7.49%, 0, 8, 3, 11.62
1747831830, 0, 902, 1182, 1179, 16, 7.49%, 0, 8, 3, 11.40
1747831840, 0, 902, 1183, 1180, 16, 7.49%, 0, 8, 3, 10.59
1747831861, 0, 902, 1184, 1181, 16, 7.49%, 0, 8, 3, 9.67
1747831907, 0, 902, 1185, 1182, 16, 7.49%, 0, 8, 3, 10.29
1747831912, 0, 902, 1186, 1183, 16, 7.49%, 0, 8, 3, 9.85
1747831932, 0, 902, 1187, 1184, 16, 7.49%, 0, 8, 3, 10.66
1747831948, 0, 902, 1188, 1185, 16, 7.49%, 0, 8, 3, 9.90
1747832060, 0, 902, 1189, 1186, 16, 7.49%, 0, 8, 3, 9.85
1747832065, 0, 902, 1190, 1187, 16, 7.49%, 0, 8, 3, 10.56
1747832091, 0, 902, 1191, 1188, 16, 7.49%, 0, 8, 3, 10.28
1747832137, 0, 902, 1192, 1189, 16, 7.49%, 0, 8, 3, 10.19
1747832209, 0, 903, 1192, 1189, 16, 7.49%, 0, 8, 3, 10.09
1747832225, 0, 904, 1192, 1189, 16, 7.49%, 0, 8, 3, 11.18
1747832235, 0, 905, 1192, 1189, 16, 7.49%, 0, 8, 3, 10.64
1747832245, 0, 907, 1192, 1189, 16, 7.49%, 0, 8, 3, 10.76
1747832255, 0, 908, 1192, 1189, 16, 7.49%, 0, 8, 3, 11.70
1747832266, 0, 909, 1192, 1189, 16, 7.49%, 0, 8, 3, 12.18
1747832281, 0, 911, 1192, 1189, 16, 7.49%, 0, 8, 3, 12.87
1747832291, 0, 912, 1192, 1189, 16, 7.49%, 0, 8, 3, 12.19
1747832301, 0, 913, 1192, 1189, 16, 7.49%, 0, 8, 3, 11.84
1747832311, 0, 914, 1192, 1189, 16, 7.49%, 0, 8, 3, 11.85
1747832322, 0, 915, 1192, 1189, 16, 7.49%, 0, 8, 3, 11.15
1747832332, 0, 916, 1192, 1189, 16, 7.49%, 0, 8, 3, 11.15
1747832343, 0, 917, 1192, 1189, 16, 7.49%, 0, 8, 3, 12.69
1747832353, 0, 918, 1192, 1189, 16, 7.49%, 0, 8, 3, 12.48
1747832363, 0, 919, 1192, 1189, 16, 7.49%, 0, 8, 3, 10.59
1747832378, 0, 920, 1192, 1189, 16, 7.49%, 0, 8, 3, 11.81
1747832389, 0, 921, 1192, 1189, 16, 7.49%, 0, 8, 3, 11.54
1747832399, 0, 922, 1192, 1189, 16, 7.49%, 0, 8, 3, 12.19
1747832409, 0, 923, 1192, 1189, 16, 7.49%, 0, 8, 3, 11.95
1747832419, 0, 924, 1192, 1189, 16, 7.49%, 0, 8, 3, 11.61
1747832430, 0, 925, 1192, 1189, 16, 7.49%, 0, 8, 3, 11.70
1747832445, 0, 926, 1192, 1189, 16, 7.49%, 0, 8, 3, 11.07
1747832455, 0, 927, 1192, 1189, 16, 7.49%, 0, 8, 3, 11.09
1747832466, 0, 928, 1192, 1189, 16, 7.49%, 0, 8, 3, 11.53
1747832481, 0, 929, 1192, 1189, 16, 7.49%, 0, 8, 3, 9.64
1747832491, 0, 930, 1192, 1189, 16, 7.49%, 0, 8, 3, 11.37
1747832501, 0, 931, 1192, 1189, 16, 7.49%, 0, 8, 3, 11.80
1747832506, 0, 931, 1193, 1190, 16, 7.49%, 0, 8, 3, 10.62
1747832512, 0, 931, 1194, 1191, 16, 7.49%, 0, 8, 3, 11.16
1747832553, 0, 932, 1194, 1191, 16, 7.49%, 0, 8, 3, 11.82
1747832563, 0, 934, 1194, 1191, 16, 7.49%, 0, 8, 3, 11.36
1747832573, 0, 936, 1194, 1191, 16, 7.49%, 0, 8, 3, 11.87
1747832583, 0, 937, 1194, 1191, 16, 7.49%, 0, 8, 3, 11.68
1747832594, 0, 938, 1194, 1191, 16, 7.49%, 0, 8, 3, 11.76
1747832609, 0, 939, 1194, 1191, 16, 7.49%, 0, 8, 3, 10.91
1747832615, 0, 939, 1195, 1192, 16, 7.49%, 0, 8, 3, 9.12
1747832620, 0, 939, 1196, 1193, 16, 7.49%, 0, 8, 3, 10.89
1747832635, 0, 939, 1197, 1194, 16, 7.49%, 0, 8, 3, 10.37
1747832687, 0, 939, 1198, 1195, 16, 7.49%, 0, 8, 3, 10.14
1747832733, 0, 939, 1199, 1196, 16, 7.49%, 0, 8, 3, 9.77
1747832739, 0, 939, 1200, 1197, 16, 7.49%, 0, 8, 3, 9.05
1747833004, 0, 940, 1200, 1197, 16, 7.49%, 0, 8, 3, 10.67
1747833015, 0, 941, 1200, 1197, 16, 7.49%, 0, 8, 3, 11.00
1747833025, 0, 942, 1200, 1197, 16, 7.49%, 0, 8, 3, 11.14
1747833040, 0, 943, 1200, 1197, 16, 7.49%, 0, 8, 3, 12.56
1747833051, 0, 944, 1200, 1197, 16, 7.49%, 0, 8, 3, 10.48
1747833061, 0, 945, 1200, 1197, 16, 7.49%, 0, 8, 3, 11.09
1747833071, 0, 946, 1200, 1197, 16, 7.49%, 0, 8, 3, 11.79
1747833081, 0, 947, 1200, 1197, 16, 7.49%, 0, 8, 3, 11.14
1747833097, 0, 948, 1200, 1197, 16, 7.49%, 0, 8, 3, 10.00
1747833107, 0, 949, 1200, 1197, 16, 7.49%, 0, 8, 3, 11.95
1747833117, 0, 950, 1200, 1197, 16, 7.49%, 0, 8, 3, 11.58
1747833133, 0, 951, 1200, 1197, 16, 7.49%, 0, 8, 3, 10.51
1747833143, 0, 952, 1200, 1197, 16, 7.49%, 0, 8, 3, 11.10
1747833153, 0, 953, 1200, 1197, 16, 7.49%, 0, 8, 3, 10.69
1747833168, 0, 955, 1200, 1197, 16, 7.49%, 0, 8, 3, 10.74
1747833178, 0, 956, 1200, 1197, 16, 7.49%, 0, 8, 3, 10.29
1747833189, 0, 958, 1200, 1197, 16, 7.49%, 0, 8, 3, 11.83
1747833204, 0, 959, 1200, 1197, 16, 7.49%, 0, 8, 3, 11.27
1747833214, 0, 960, 1200, 1197, 16, 7.49%, 0, 8, 3, 11.79
1747833224, 0, 961, 1200, 1197, 16, 7.49%, 0, 8, 3, 10.92
1747833235, 0, 962, 1200, 1197, 16, 7.49%, 0, 8, 3, 10.50
1747833250, 0, 963, 1200, 1197, 16, 7.49%, 0, 8, 3, 10.87
1747833260, 0, 964, 1200, 1197, 16, 7.49%, 0, 8, 3, 10.41
1747833271, 0, 965, 1200, 1197, 16, 7.49%, 0, 8, 3, 10.93
1747833286, 0, 966, 1200, 1197, 16, 7.49%, 0, 8, 3, 10.50
1747833296, 0, 968, 1200, 1197, 16, 7.49%, 0, 8, 3, 10.89
1747833307, 0, 969, 1200, 1197, 16, 7.49%, 0, 8, 3, 10.70
1747833322, 0, 970, 1200, 1197, 16, 7.49%, 0, 8, 3, 10.91
1747833332, 0, 971, 1200, 1197, 16, 7.49%, 0, 8, 3, 11.40
1747833343, 0, 972, 1200, 1197, 16, 7.49%, 0, 8, 3, 11.01
1747833353, 0, 973, 1200, 1197, 16, 7.49%, 0, 8, 3, 10.94
1747833368, 0, 974, 1200, 1197, 16, 7.49%, 0, 8, 3, 11.02
1747833379, 0, 975, 1200, 1197, 16, 7.49%, 0, 8, 3, 11.15
1747833389, 0, 976, 1200, 1197, 16, 7.49%, 0, 8, 3, 11.50
1747833399, 0, 977, 1200, 1197, 16, 7.49%, 0, 8, 3, 11.62
1747833415, 0, 978, 1200, 1197, 16, 7.49%, 0, 8, 3, 11.61
1747833425, 0, 983, 1200, 1197, 16, 7.49%, 0, 8, 3, 10.42
1747833435, 0, 984, 1200, 1197, 16, 7.49%, 0, 8, 3, 11.08
1747833451, 0, 985, 1200, 1197, 16, 7.49%, 0, 8, 3, 10.78
1747833461, 0, 987, 1200, 1197, 16, 7.49%, 0, 8, 3, 10.56
1747833471, 0, 988, 1200, 1197, 16, 7.49%, 0, 8, 3, 11.22
1747833487, 0, 990, 1200, 1197, 16, 7.49%, 0, 8, 3, 10.88
1747833497, 0, 991, 1200, 1197, 16, 7.49%, 0, 8, 3, 11.55
1747833507, 0, 994, 1200, 1197, 16, 7.49%, 0, 8, 3, 11.54
1747833518, 0, 995, 1200, 1197, 16, 7.49%, 0, 8, 3, 10.41
1747833533, 0, 996, 1200, 1197, 16, 7.49%, 0, 8, 3, 9.86
1747833544, 0, 997, 1200, 1197, 16, 7.49%, 0, 8, 3, 11.30
1747833554, 0, 998, 1200, 1197, 16, 7.49%, 0, 8, 3, 10.64
1747833564, 0, 1000, 1200, 1197, 16, 7.49%, 0, 8, 3, 11.00
1747833580, 0, 1001, 1200, 1197, 16, 7.49%, 0, 8, 3, 10.79
1747833590, 0, 1002, 1200, 1197, 16, 7.49%, 0, 8, 3, 10.69
1747833600, 0, 1004, 1200, 1197, 16, 7.49%, 0, 8, 3, 10.97
1747833611, 0, 1004, 1201, 1198, 16, 7.49%, 0, 8, 3, 11.08
1747833626, 0, 1005, 1201, 1198, 16, 7.49%, 0, 8, 3, 10.62
1747833642, 0, 1006, 1201, 1198, 16, 7.49%, 0, 8, 3, 10.92
1747833652, 0, 1007, 1201, 1198, 16, 7.49%, 0, 8, 3, 11.12
1747833662, 0, 1009, 1201, 1198, 16, 7.49%, 0, 8, 3, 10.92
1747833677, 0, 1010, 1201, 1198, 16, 7.49%, 0, 8, 3, 10.33
1747833687, 0, 1011, 1201, 1198, 16, 7.49%, 0, 8, 3, 11.35
1747833697, 0, 1012, 1201, 1198, 16, 7.49%, 0, 8, 3, 10.73
1747833708, 0, 1013, 1201, 1198, 16, 7.49%, 0, 8, 3, 11.59
1747833718, 0, 1014, 1201, 1198, 16, 7.49%, 0, 8, 3, 12.88
1747833734, 0, 1015, 1201, 1198, 16, 7.49%, 0, 8, 3, 11.45
1747833744, 0, 1016, 1201, 1198, 16, 7.49%, 0, 8, 3, 11.09
1747833754, 0, 1017, 1201, 1198, 16, 7.49%, 0, 8, 3, 10.90
1747833764, 0, 1018, 1201, 1198, 16, 7.49%, 0, 8, 3, 11.07
1747833780, 0, 1019, 1201, 1198, 16, 7.49%, 0, 8, 3, 10.77
1747833790, 0, 1022, 1201, 1198, 16, 7.49%, 0, 8, 3, 9.93
1747833800, 0, 1023, 1201, 1198, 16, 7.49%, 0, 8, 3, 11.11
1747833815, 0, 1024, 1201, 1198, 16, 7.49%, 0, 8, 3, 11.54
1747833826, 0, 1025, 1201, 1198, 16, 7.49%, 0, 8, 3, 11.11
1747833836, 0, 1026, 1201, 1198, 16, 7.49%, 0, 8, 3, 12.19
1747833846, 0, 1027, 1201, 1198, 16, 7.49%, 0, 8, 3, 11.85
1747833861, 0, 1028, 1201, 1198, 16, 7.49%, 0, 8, 3, 10.46
1747833872, 0, 1029, 1201, 1198, 16, 7.49%, 0, 8, 3, 10.44
1747833887, 0, 1030, 1201, 1198, 16, 7.49%, 0, 8, 3, 10.51
1747833898, 0, 1031, 1201, 1198, 16, 7.49%, 0, 8, 3, 10.69
1747833908, 0, 1032, 1201, 1198, 16, 7.49%, 0, 8, 3, 10.30
1747833923, 0, 1033, 1201, 1198, 16, 7.49%, 0, 8, 3, 12.13
1747833934, 0, 1034, 1201, 1198, 16, 7.49%, 0, 8, 3, 11.45
1747833944, 0, 1035, 1201, 1198, 16, 7.49%, 0, 8, 3, 10.51
1747833954, 0, 1036, 1201, 1198, 16, 7.49%, 0, 8, 3, 10.36
1747833970, 0, 1037, 1201, 1198, 16, 7.49%, 0, 8, 3, 10.61
1747833980, 0, 1038, 1201, 1198, 16, 7.49%, 0, 8, 3, 11.28
1747833990, 0, 1039, 1201, 1198, 16, 7.49%, 0, 8, 3, 10.49
1747834006, 0, 1040, 1201, 1198, 16, 7.49%, 0, 8, 3, 11.04
1747834016, 0, 1041, 1201, 1198, 16, 7.49%, 0, 8, 3, 11.41
1747834026, 0, 1042, 1201, 1198, 16, 7.49%, 0, 8, 3, 11.16
1747834042, 0, 1044, 1201, 1198, 16, 7.49%, 0, 8, 3, 10.90
1747834052, 0, 1045, 1201, 1198, 16, 7.49%, 0, 8, 3, 10.43
1747834062, 0, 1046, 1201, 1198, 16, 7.49%, 0, 8, 3, 11.36
1747834077, 0, 1047, 1201, 1198, 16, 7.49%, 0, 8, 3, 10.98
1747834088, 0, 1048, 1201, 1198, 16, 7.49%, 0, 8, 3, 11.01
1747834098, 0, 1049, 1201, 1198, 16, 7.49%, 0, 8, 3, 11.01
1747834108, 0, 1050, 1201, 1198, 16, 7.49%, 0, 8, 3, 10.41
1747834124, 0, 1051, 1201, 1198, 16, 7.49%, 0, 8, 3, 11.31
1747834134, 0, 1052, 1201, 1198, 16, 7.49%, 0, 8, 3, 11.91
1747834144, 0, 1054, 1201, 1198, 16, 7.49%, 0, 8, 3, 12.07
1747834154, 0, 1055, 1201, 1198, 16, 7.49%, 0, 8, 3, 11.52
1747834170, 0, 1057, 1201, 1198, 16, 7.49%, 0, 8, 3, 11.54
1747834180, 0, 1058, 1201, 1198, 16, 7.49%, 0, 8, 3, 11.27
1747834190, 0, 1059, 1201, 1198, 16, 7.49%, 0, 8, 3, 11.54
1747834201, 0, 1060, 1201, 1198, 16, 7.49%, 0, 8, 3, 11.81
1747834211, 0, 1063, 1201, 1198, 16, 7.49%, 0, 8, 3, 11.54
1747834221, 0, 1064, 1201, 1198, 16, 7.49%, 0, 8, 3, 11.04
1747834237, 0, 1065, 1201, 1198, 16, 7.49%, 0, 8, 3, 11.00
1747834247, 0, 1066, 1201, 1198, 16, 7.49%, 0, 8, 3, 11.25
1747834258, 0, 1067, 1201, 1198, 16, 7.49%, 0, 8, 3, 11.84
1747834268, 0, 1068, 1201, 1198, 16, 7.49%, 0, 8, 3, 11.01
1747834283, 0, 1071, 1201, 1198, 16, 7.49%, 0, 8, 3, 10.95
1747834293, 0, 1072, 1202, 1199, 16, 7.49%, 0, 8, 3, 10.83
1747834319, 0, 1073, 1203, 1200, 16, 7.52%, 0, 8, 3, 10.08
1747834340, 0, 1074, 1203, 1200, 16, 7.52%, 0, 8, 3, 11.19
1747834350, 0, 1075, 1203, 1200, 16, 7.52%, 0, 8, 3, 11.19
1747834366, 0, 1078, 1203, 1200, 16, 7.52%, 0, 8, 3, 9.93
1747834376, 0, 1079, 1203, 1200, 16, 7.52%, 0, 8, 3, 11.61
1747834386, 0, 1080, 1203, 1200, 16, 7.52%, 0, 8, 3, 10.80
1747834402, 0, 1081, 1203, 1200, 16, 7.52%, 0, 8, 3, 10.25
1747834412, 0, 1082, 1203, 1200, 16, 7.52%, 0, 8, 3, 12.21
1747834423, 0, 1083, 1203, 1200, 16, 7.52%, 0, 8, 3, 10.29
1747834433, 0, 1084, 1203, 1200, 16, 7.52%, 0, 8, 3, 11.30
1747834444, 0, 1085, 1203, 1200, 16, 7.52%, 0, 8, 3, 15.81
1747834454, 0, 1086, 1203, 1200, 16, 7.52%, 0, 8, 3, 18.73
1747834603, 0, 1086, 1204, 1201, 16, 7.52%, 0, 8, 4, 14.40
1747843898, 0, 1088, 1204, 1200, 15, 7.52%, 0, 8, 4, 11.44
1747843914, 0, 1089, 1204, 1200, 15, 7.52%, 0, 8, 4, 10.49
1747843924, 0, 1090, 1204, 1200, 15, 7.52%, 0, 8, 4, 12.24
1747851865, 0, 1091, 1204, 1199, 14, 7.52%, 0, 8, 4, 12.26
1747851875, 0, 1092, 1204, 1199, 14, 7.52%, 0, 8, 4, 10.75
1747851886, 0, 1093, 1204, 1199, 14, 7.52%, 0, 8, 4, 10.77
1747851901, 0, 1094, 1204, 1199, 14, 7.52%, 0, 8, 4, 10.98
1747851911, 0, 1095, 1204, 1199, 14, 7.52%, 0, 8, 4, 11.61
1747851922, 0, 1096, 1204, 1199, 14, 7.52%, 0, 8, 4, 10.52
1747851937, 0, 1098, 1204, 1199, 14, 7.52%, 0, 8, 4, 10.21
1747851947, 0, 1100, 1204, 1199, 14, 7.52%, 0, 8, 4, 11.24
1747851958, 0, 1103, 1204, 1199, 14, 7.52%, 0, 8, 4, 10.54
1747851973, 0, 1104, 1204, 1199, 14, 7.52%, 0, 8, 4, 11.20
1747851983, 0, 1105, 1204, 1199, 14, 7.52%, 0, 8, 4, 11.21
1747851993, 0, 1106, 1204, 1199, 14, 7.52%, 0, 8, 4, 10.24
1747852009, 0, 1108, 1204, 1199, 14, 7.52%, 0, 8, 4, 10.98
1747852019, 0, 1109, 1204, 1199, 14, 7.52%, 0, 8, 4, 11.21
1747852029, 0, 1110, 1204, 1199, 14, 7.52%, 0, 8, 4, 11.05
1747852040, 0, 1111, 1204, 1199, 14, 7.52%, 0, 8, 4, 10.46
1747852055, 0, 1113, 1204, 1199, 14, 7.52%, 0, 8, 4, 10.79
1747852065, 0, 1114, 1204, 1199, 14, 7.52%, 0, 8, 4, 11.25
1747852075, 0, 1115, 1204, 1199, 14, 7.52%, 0, 8, 4, 11.81
1747852091, 0, 1116, 1204, 1199, 14, 7.52%, 0, 8, 4, 11.06
1747852101, 0, 1117, 1204, 1199, 14, 7.52%, 0, 8, 4, 10.40
1747852116, 0, 1118, 1204, 1199, 14, 7.52%, 0, 8, 4, 10.60
1747852126, 0, 1119, 1204, 1199, 14, 7.52%, 0, 8, 4, 10.67
1747852137, 0, 1120, 1204, 1199, 14, 7.52%, 0, 8, 4, 11.27
1747852152, 0, 1121, 1204, 1199, 14, 7.52%, 0, 8, 4, 10.33
1747852163, 0, 1122, 1204, 1199, 14, 7.52%, 0, 8, 4, 10.37
1747852173, 0, 1125, 1204, 1199, 14, 7.52%, 0, 8, 4, 11.62
1747852178, 0, 1125, 1205, 1200, 14, 7.52%, 0, 8, 4, 10.06
1747852198, 0, 1126, 1205, 1200, 14, 7.52%, 0, 8, 4, 10.43
1747852209, 0, 1127, 1205, 1200, 14, 7.52%, 0, 8, 4, 10.10
1747852224, 0, 1128, 1205, 1200, 14, 7.52%, 0, 8, 4, 11.62
1747852234, 0, 1130, 1205, 1200, 14, 7.52%, 0, 8, 4, 12.17
1747852244, 0, 1131, 1205, 1200, 14, 7.52%, 0, 8, 4, 11.22
1747852255, 0, 1132, 1205, 1200, 14, 7.52%, 0, 8, 4, 10.66
1747852270, 0, 1133, 1205, 1200, 14, 7.52%, 0, 8, 4, 10.46
1747852281, 0, 1136, 1205, 1200, 14, 7.52%, 0, 8, 4, 10.46
1747852291, 0, 1137, 1205, 1200, 14, 7.52%, 0, 8, 4, 11.48
1747852306, 0, 1138, 1205, 1200, 14, 7.52%, 0, 8, 4, 11.34
1747852317, 0, 1139, 1205, 1200, 14, 7.52%, 0, 8, 4, 10.40
1747852332, 0, 1141, 1205, 1200, 14, 7.52%, 0, 8, 4, 10.93
1747852343, 0, 1142, 1205, 1200, 14, 7.52%, 0, 8, 4, 11.07
1747852353, 0, 1143, 1205, 1200, 14, 7.52%, 0, 8, 4, 11.03
1747852363, 0, 1145, 1205, 1200, 14, 7.52%, 0, 8, 4, 10.94
1747852373, 0, 1146, 1205, 1200, 14, 7.52%, 0, 8, 4, 11.19
1747852389, 0, 1147, 1205, 1200, 14, 7.52%, 0, 8, 4, 11.02
1747852399, 0, 1148, 1205, 1200, 14, 7.52%, 0, 8, 4, 10.37
1747852409, 0, 1149, 1205, 1200, 14, 7.52%, 0, 8, 4, 11.44
1747852425, 0, 1150, 1205, 1200, 14, 7.52%, 0, 8, 4, 11.53
1747852435, 0, 1153, 1205, 1200, 14, 7.52%, 0, 8, 4, 10.95
1747852446, 0, 1154, 1205, 1200, 14, 7.52%, 0, 8, 4, 9.80
1747852461, 0, 1155, 1205, 1200, 14, 7.52%, 0, 8, 4, 11.42
1747852471, 0, 1156, 1205, 1200, 14, 7.52%, 0, 8, 4, 11.25
1747852481, 0, 1157, 1205, 1200, 14, 7.52%, 0, 8, 4, 11.71
1747852491, 0, 1158, 1205, 1200, 14, 7.52%, 0, 8, 4, 10.95
1747852507, 0, 1159, 1205, 1200, 14, 7.52%, 0, 8, 4, 10.43
1747852517, 0, 1161, 1205, 1200, 14, 7.52%, 0, 8, 4, 9.85
1747852527, 0, 1162, 1205, 1200, 14, 7.52%, 0, 8, 4, 10.04
1747852543, 0, 1163, 1205, 1200, 14, 7.52%, 0, 8, 4, 10.76
1747852553, 0, 1164, 1205, 1200, 14, 7.52%, 0, 8, 4, 11.40
1747852563, 0, 1165, 1205, 1200, 14, 7.52%, 0, 8, 4, 10.74
1747852579, 0, 1167, 1205, 1200, 14, 7.52%, 0, 8, 4, 10.29
1747852589, 0, 1168, 1205, 1200, 14, 7.52%, 0, 8, 4, 9.58
1747852604, 0, 1169, 1205, 1200, 14, 7.52%, 0, 8, 4, 10.62
1747852614, 0, 1171, 1205, 1200, 14, 7.52%, 0, 8, 4, 11.56
1747852625, 0, 1172, 1205, 1200, 14, 7.52%, 0, 8, 4, 10.98
1747852635, 0, 1173, 1205, 1200, 14, 7.52%, 0, 8, 4, 11.30
