# unix_time, cycles_done, cur_path, paths_total, pending_total, pending_favs, map_size, unique_crashes, unique_hangs, max_depth, execs_per_sec
1747817516, 0, 0, 1, 1, 1, 3.78%, 0, 0, 1, 56.34
1747817521, 0, 0, 20, 20, 1, 4.94%, 0, 0, 2, 53.27
1747817526, 0, 0, 40, 40, 1, 4.97%, 0, 0, 2, 51.44
1747817531, 0, 0, 57, 57, 1, 4.97%, 0, 0, 2, 48.97
1747817536, 0, 0, 71, 71, 1, 4.97%, 0, 0, 2, 50.16
1747817541, 0, 0, 85, 85, 1, 4.98%, 0, 0, 2, 49.31
1747817546, 0, 0, 94, 94, 1, 4.98%, 0, 0, 2, 49.72
1747817552, 0, 0, 103, 103, 1, 4.98%, 0, 0, 2, 50.82
1747817557, 0, 0, 114, 114, 1, 4.99%, 0, 0, 2, 51.41
1747817562, 0, 0, 120, 120, 1, 4.99%, 0, 0, 2, 52.24
1747817567, 0, 0, 129, 129, 1, 4.99%, 0, 0, 2, 49.67
1747817572, 0, 0, 135, 135, 1, 4.99%, 0, 0, 2, 51.88
1747817577, 0, 0, 140, 140, 1, 4.99%, 0, 0, 2, 52.24
1747817582, 0, 0, 149, 149, 1, 4.99%, 0, 0, 2, 50.95
1747817587, 0, 0, 157, 157, 1, 5.00%, 0, 0, 2, 51.43
1747817592, 0, 0, 163, 163, 1, 5.00%, 0, 0, 2, 51.48
1747817597, 0, 0, 165, 165, 1, 5.00%, 0, 0, 2, 54.01
1747817602, 0, 0, 166, 166, 1, 5.00%, 0, 0, 2, 54.79
1747817607, 0, 0, 169, 169, 1, 5.00%, 0, 0, 2, 53.88
1747817612, 0, 0, 172, 172, 1, 5.00%, 0, 0, 2, 52.83
1747817617, 0, 0, 176, 176, 1, 5.00%, 0, 0, 2, 52.26
1747817623, 0, 0, 177, 177, 1, 5.00%, 0, 0, 2, 54.37
1747817628, 0, 0, 181, 181, 1, 5.00%, 0, 0, 2, 53.22
1747817633, 0, 0, 186, 186, 1, 5.00%, 0, 0, 2, 51.76
1747817638, 0, 0, 191, 191, 1, 5.00%, 0, 0, 2, 52.68
1747817643, 0, 0, 194, 194, 1, 5.00%, 0, 0, 2, 53.85
1747817648, 0, 0, 195, 195, 1, 5.00%, 0, 0, 2, 54.34
1747817653, 0, 0, 196, 196, 1, 5.00%, 0, 0, 2, 54.10
1747817658, 0, 0, 198, 198, 1, 5.00%, 0, 0, 2, 54.64
1747817663, 0, 0, 199, 199, 1, 5.00%, 0, 0, 2, 55.29
1747817668, 0, 0, 202, 202, 1, 5.00%, 0, 0, 2, 52.83
1747817678, 0, 0, 204, 204, 1, 5.00%, 0, 0, 2, 53.88
1747817683, 0, 0, 208, 208, 1, 5.04%, 0, 0, 2, 52.57
1747817688, 0, 0, 210, 210, 1, 5.04%, 0, 0, 2, 53.40
1747817693, 0, 0, 213, 213, 1, 5.04%, 0, 0, 2, 54.12
1747817699, 0, 0, 214, 214, 1, 5.04%, 0, 0, 2, 54.42
1747817704, 0, 0, 216, 216, 1, 5.04%, 0, 0, 2, 53.48
1747817709, 0, 0, 218, 218, 1, 5.04%, 0, 0, 2, 53.22
1747817719, 0, 0, 220, 220, 1, 5.04%, 0, 0, 2, 53.34
1747817734, 0, 0, 222, 222, 1, 5.04%, 0, 0, 2, 53.52
1747817739, 0, 0, 223, 223, 1, 5.04%, 0, 0, 2, 54.50
1747817749, 0, 0, 224, 224, 1, 5.04%, 0, 0, 2, 55.22
1747817754, 0, 0, 226, 226, 1, 5.04%, 0, 0, 2, 53.59
1747817759, 0, 0, 228, 228, 1, 5.04%, 0, 0, 2, 53.81
1747817764, 0, 0, 230, 230, 1, 5.04%, 0, 0, 2, 54.18
1747817769, 0, 0, 231, 231, 1, 5.04%, 0, 0, 2, 54.39
1747817780, 0, 0, 232, 232, 1, 5.04%, 0, 0, 2, 55.53
1747817785, 0, 0, 235, 235, 1, 5.04%, 0, 0, 2, 54.01
1747817790, 0, 0, 236, 236, 1, 5.04%, 0, 0, 2, 53.96
1747817795, 0, 0, 237, 237, 1, 5.04%, 0, 0, 2, 54.58
1747817800, 0, 0, 240, 240, 1, 5.04%, 0, 0, 2, 52.98
1747817805, 0, 0, 242, 242, 1, 5.04%, 0, 0, 2, 53.22
1747817836, 0, 0, 243, 243, 1, 5.04%, 0, 0, 2, 54.13
1747817841, 0, 0, 244, 244, 1, 5.04%, 0, 0, 2, 54.91
1747817856, 0, 0, 245, 245, 1, 5.04%, 0, 0, 2, 54.25
1747817861, 0, 1, 248, 247, 13, 5.05%, 0, 0, 2, 50.57
1747817866, 0, 1, 264, 263, 13, 5.13%, 0, 0, 2, 36.72
1747817871, 0, 1, 277, 276, 13, 5.14%, 0, 0, 2, 34.39
1747817876, 0, 1, 287, 286, 13, 5.14%, 0, 0, 2, 33.77
1747817881, 0, 1, 296, 295, 13, 5.14%, 0, 0, 2, 33.96
1747817887, 0, 1, 308, 307, 13, 5.14%, 0, 0, 2, 34.35
1747817892, 0, 1, 313, 312, 13, 5.14%, 0, 0, 2, 34.64
1747817897, 0, 1, 319, 318, 13, 5.16%, 0, 0, 2, 34.31
1747817902, 0, 1, 321, 320, 13, 5.16%, 0, 0, 2, 34.88
1747817907, 0, 1, 328, 327, 13, 5.17%, 0, 0, 2, 33.87
1747817912, 0, 1, 333, 332, 13, 5.19%, 0, 0, 2, 34.50
1747817917, 0, 1, 334, 333, 13, 5.19%, 0, 0, 2, 35.07
1747817922, 0, 1, 337, 336, 13, 5.19%, 0, 0, 2, 34.31
1747817927, 0, 1, 339, 338, 13, 5.19%, 0, 0, 2, 34.83
1747817932, 0, 1, 342, 341, 13, 5.19%, 0, 0, 2, 34.65
1747817937, 0, 1, 343, 342, 13, 5.19%, 0, 0, 2, 34.63
1747817942, 0, 1, 345, 344, 13, 5.20%, 0, 0, 2, 34.15
1747817947, 0, 1, 346, 345, 13, 5.20%, 0, 0, 2, 34.64
1747817952, 0, 1, 350, 349, 13, 5.20%, 0, 0, 2, 34.06
1747817958, 0, 1, 351, 350, 13, 5.20%, 0, 0, 2, 34.82
1747817963, 0, 1, 353, 352, 13, 5.20%, 0, 0, 2, 34.33
1747817968, 0, 1, 355, 354, 13, 5.23%, 0, 0, 2, 34.63
1747817983, 0, 1, 358, 357, 13, 5.23%, 0, 0, 2, 34.57
1747817993, 0, 1, 361, 360, 13, 5.23%, 0, 0, 2, 34.77
1747818004, 0, 1, 363, 362, 13, 5.23%, 0, 0, 2, 35.23
1747818009, 0, 2, 370, 369, 19, 5.23%, 0, 0, 2, 31.71
1747818014, 0, 2, 384, 383, 19, 5.24%, 0, 0, 2, 28.86
1747818019, 0, 2, 396, 395, 19, 5.30%, 0, 0, 2, 28.60
1747818024, 0, 2, 407, 406, 19, 5.30%, 0, 0, 2, 28.66
1747818029, 0, 2, 417, 416, 19, 5.92%, 0, 0, 2, 28.52
1747818034, 0, 2, 424, 423, 19, 5.93%, 0, 0, 2, 28.51
1747818040, 0, 2, 430, 429, 19, 5.95%, 0, 0, 2, 28.37
1747818045, 0, 2, 439, 438, 19, 5.95%, 0, 0, 2, 28.40
1747818050, 0, 2, 444, 443, 19, 5.95%, 0, 0, 2, 28.25
1747818055, 0, 2, 448, 447, 19, 5.95%, 0, 0, 2, 28.48
1747818060, 0, 2, 452, 451, 19, 5.95%, 0, 0, 2, 28.46
1747818065, 0, 2, 455, 454, 19, 5.95%, 0, 0, 2, 29.04
1747818070, 0, 2, 458, 457, 19, 6.01%, 0, 0, 2, 27.94
1747818075, 0, 2, 463, 462, 19, 6.01%, 0, 0, 2, 28.31
1747818080, 0, 2, 465, 464, 19, 6.01%, 0, 0, 2, 28.76
1747818086, 0, 2, 466, 465, 19, 6.01%, 0, 0, 2, 29.04
1747818091, 0, 2, 468, 467, 19, 6.01%, 0, 0, 2, 28.80
1747818096, 0, 2, 471, 470, 19, 6.01%, 0, 0, 2, 28.47
1747818101, 0, 2, 472, 471, 19, 6.01%, 0, 0, 2, 29.07
1747818106, 0, 2, 474, 473, 19, 6.02%, 0, 0, 2, 28.89
1747818111, 0, 2, 477, 476, 19, 6.02%, 0, 0, 2, 28.88
1747818116, 0, 2, 480, 479, 19, 6.05%, 0, 0, 2, 28.59
1747818121, 0, 2, 482, 481, 19, 6.05%, 0, 0, 2, 28.74
1747818126, 0, 2, 485, 484, 19, 6.05%, 0, 0, 2, 27.76
1747818131, 0, 2, 488, 487, 19, 6.05%, 0, 0, 2, 28.52
1747818136, 0, 2, 490, 489, 19, 6.07%, 0, 0, 2, 28.87
1747818141, 0, 2, 491, 490, 19, 6.07%, 0, 0, 2, 29.31
1747818152, 0, 2, 492, 491, 19, 6.07%, 0, 0, 2, 29.35
1747818157, 0, 2, 493, 492, 19, 6.07%, 0, 0, 2, 29.05
1747818167, 0, 2, 496, 495, 19, 6.07%, 0, 0, 2, 28.34
1747818172, 0, 2, 497, 496, 19, 6.07%, 0, 0, 2, 28.95
1747818177, 0, 2, 499, 498, 19, 6.07%, 0, 0, 2, 28.72
1747818182, 0, 2, 500, 499, 19, 6.07%, 0, 0, 2, 29.01
1747818187, 0, 2, 506, 505, 19, 6.07%, 0, 0, 2, 28.44
1747818192, 0, 5, 514, 513, 18, 6.07%, 0, 0, 2, 26.27
1747818197, 0, 5, 524, 523, 18, 6.11%, 0, 0, 2, 23.98
1747818203, 0, 5, 532, 531, 18, 6.11%, 0, 0, 2, 23.34
1747818208, 0, 5, 540, 539, 18, 6.11%, 0, 0, 2, 23.55
1747818213, 0, 5, 545, 544, 18, 6.12%, 0, 0, 2, 23.82
1747818218, 0, 5, 556, 555, 18, 6.40%, 0, 0, 2, 23.71
1747818223, 0, 5, 563, 562, 18, 6.40%, 0, 0, 2, 23.81
1747818228, 0, 5, 569, 568, 18, 6.40%, 0, 0, 2, 23.72
1747818233, 0, 5, 576, 575, 18, 6.40%, 0, 0, 2, 23.48
1747818238, 0, 5, 583, 582, 18, 6.41%, 0, 0, 2, 23.55
1747818243, 0, 5, 590, 589, 18, 6.42%, 0, 0, 2, 23.50
1747818248, 0, 5, 596, 595, 18, 6.42%, 0, 0, 2, 23.39
1747818254, 0, 5, 602, 601, 18, 6.42%, 0, 0, 2, 23.30
1747818259, 0, 5, 611, 610, 18, 6.44%, 0, 0, 2, 22.99
1747818264, 0, 5, 618, 617, 18, 6.46%, 0, 0, 2, 23.42
1747818269, 0, 5, 624, 623, 18, 6.46%, 0, 0, 2, 23.03
1747818274, 0, 5, 630, 629, 18, 6.46%, 0, 0, 2, 23.28
1747818279, 0, 5, 638, 637, 18, 6.46%, 0, 0, 2, 23.34
1747818284, 0, 5, 643, 642, 18, 6.46%, 0, 0, 2, 24.00
1747818289, 0, 5, 647, 646, 18, 6.46%, 0, 0, 2, 29.77
1747818294, 0, 5, 652, 651, 18, 6.46%, 0, 0, 2, 24.34
1747818300, 0, 5, 656, 655, 18, 6.46%, 0, 0, 2, 23.62
1747818305, 0, 5, 659, 658, 18, 6.46%, 0, 0, 2, 23.80
1747818310, 0, 5, 662, 661, 18, 6.46%, 0, 0, 2, 23.55
1747818315, 0, 5, 667, 666, 18, 6.52%, 0, 0, 2, 23.42
1747818320, 0, 5, 669, 668, 18, 6.52%, 0, 0, 2, 23.25
1747818325, 0, 5, 672, 671, 18, 6.52%, 0, 0, 2, 23.65
1747818330, 0, 5, 675, 674, 18, 6.52%, 0, 0, 2, 23.55
1747818335, 0, 5, 678, 677, 18, 6.52%, 0, 0, 2, 23.03
1747818345, 0, 5, 682, 681, 18, 6.52%, 0, 0, 2, 23.33
1747818351, 0, 5, 683, 682, 18, 6.52%, 0, 0, 2, 23.53
1747818356, 0, 5, 685, 684, 18, 6.52%, 0, 0, 2, 23.34
1747818361, 0, 5, 686, 685, 18, 6.52%, 0, 0, 2, 23.77
1747818366, 0, 5, 692, 691, 18, 6.53%, 0, 0, 2, 23.42
1747818371, 0, 5, 696, 695, 18, 6.53%, 0, 0, 2, 23.42
1747818376, 0, 5, 698, 697, 18, 6.53%, 0, 0, 2, 23.66
1747818381, 0, 5, 699, 698, 18, 6.53%, 0, 0, 2, 23.89
1747818386, 0, 5, 700, 699, 18, 6.53%, 0, 0, 2, 23.53
1747818392, 0, 5, 702, 701, 18, 6.53%, 0, 0, 2, 23.71
1747818397, 0, 5, 703, 702, 18, 6.53%, 0, 0, 2, 23.65
1747818402, 0, 5, 704, 703, 18, 6.53%, 0, 0, 2, 23.74
1747818407, 0, 5, 705, 704, 18, 6.53%, 0, 0, 2, 23.71
1747818412, 0, 5, 707, 706, 18, 6.53%, 0, 0, 2, 23.47
1747818417, 0, 5, 708, 707, 18, 6.53%, 0, 0, 2, 23.73
1747818422, 0, 5, 709, 708, 18, 6.53%, 0, 0, 2, 23.41
1747818427, 0, 5, 711, 710, 18, 6.53%, 0, 0, 2, 23.95
1747818433, 0, 7, 713, 712, 25, 6.53%, 0, 0, 2, 23.40
1747818438, 0, 7, 718, 717, 25, 6.53%, 0, 0, 2, 22.06
1747818443, 0, 7, 723, 722, 25, 6.59%, 0, 0, 2, 21.35
1747818448, 0, 7, 728, 727, 25, 6.59%, 0, 0, 2, 20.98
1747818453, 0, 7, 734, 733, 25, 6.59%, 0, 0, 2, 20.94
1747818458, 0, 7, 738, 737, 25, 6.65%, 0, 0, 2, 21.31
1747818463, 0, 7, 743, 742, 25, 6.65%, 0, 0, 2, 20.80
1747818468, 0, 7, 749, 748, 25, 6.65%, 0, 0, 2, 20.47
1747818474, 0, 7, 754, 753, 25, 6.65%, 0, 0, 2, 20.70
1747818479, 0, 7, 760, 759, 25, 6.65%, 0, 0, 2, 21.13
1747818484, 0, 7, 764, 763, 25, 6.65%, 0, 0, 2, 20.90
1747818489, 0, 7, 770, 769, 25, 6.65%, 0, 0, 2, 20.59
1747818494, 0, 7, 774, 773, 25, 6.65%, 0, 0, 2, 20.52
1747818504, 0, 7, 775, 774, 25, 6.65%, 0, 0, 2, 22.32
1747818509, 0, 7, 777, 776, 25, 6.65%, 0, 0, 2, 22.19
1747818520, 0, 7, 780, 779, 25, 6.65%, 0, 0, 2, 22.13
1747818525, 0, 7, 782, 781, 25, 6.65%, 0, 0, 2, 22.59
1747818530, 0, 7, 785, 784, 25, 6.65%, 0, 0, 2, 22.77
1747818535, 0, 7, 786, 785, 25, 6.65%, 0, 0, 2, 22.91
1747818540, 0, 7, 788, 787, 25, 6.65%, 0, 0, 2, 21.70
1747818545, 0, 7, 791, 790, 25, 6.65%, 0, 0, 2, 22.17
1747818550, 0, 7, 792, 791, 25, 6.65%, 0, 0, 2, 23.02
1747818560, 0, 7, 793, 792, 25, 6.65%, 0, 0, 2, 22.16
1747818565, 0, 7, 795, 794, 25, 6.65%, 0, 0, 2, 21.91
1747818571, 0, 7, 797, 796, 25, 6.65%, 0, 0, 2, 22.08
1747818576, 0, 7, 800, 799, 25, 6.65%, 0, 0, 2, 21.50
1747818581, 0, 7, 801, 800, 25, 6.65%, 0, 0, 2, 21.83
1747818586, 0, 7, 802, 801, 25, 6.66%, 0, 0, 2, 22.65
1747818591, 0, 7, 803, 802, 25, 6.66%, 0, 0, 2, 23.06
1747818601, 0, 7, 805, 804, 25, 6.66%, 0, 0, 2, 22.65
1747818606, 0, 7, 807, 806, 25, 6.66%, 0, 0, 2, 22.10
1747818611, 0, 7, 809, 808, 25, 6.66%, 0, 0, 2, 22.36
1747818616, 0, 7, 811, 810, 25, 6.66%, 0, 0, 2, 21.57
1747818622, 0, 7, 813, 812, 25, 6.66%, 0, 0, 2, 21.88
1747818642, 0, 7, 815, 814, 25, 6.66%, 0, 0, 2, 22.05
1747818647, 0, 7, 817, 816, 25, 6.66%, 0, 0, 2, 22.76
1747818657, 0, 8, 820, 819, 26, 6.66%, 0, 0, 2, 21.01
1747818662, 0, 8, 827, 826, 26, 6.68%, 0, 0, 2, 18.15
1747818668, 0, 8, 832, 831, 26, 6.68%, 0, 0, 2, 17.05
1747818673, 0, 8, 837, 836, 26, 6.68%, 0, 0, 2, 17.07
1747818678, 0, 8, 841, 840, 26, 6.68%, 0, 0, 2, 17.09
1747818683, 0, 8, 844, 843, 26, 6.68%, 0, 0, 2, 17.32
1747818688, 0, 8, 847, 846, 26, 6.68%, 0, 0, 2, 17.40
1747818693, 0, 8, 850, 849, 26, 6.68%, 0, 0, 2, 17.69
1747818698, 0, 8, 855, 854, 26, 6.68%, 0, 0, 2, 17.18
1747818703, 0, 8, 857, 856, 26, 6.68%, 0, 0, 2, 17.64
1747818708, 0, 8, 859, 858, 26, 6.68%, 0, 0, 2, 18.01
1747818714, 0, 8, 862, 861, 26, 6.68%, 0, 0, 2, 17.59
1747818719, 0, 8, 867, 866, 26, 6.68%, 0, 0, 2, 16.97
1747818724, 0, 8, 869, 868, 26, 6.68%, 0, 0, 2, 17.90
1747818729, 0, 8, 871, 870, 26, 6.68%, 0, 0, 2, 17.53
1747818734, 0, 8, 873, 872, 26, 6.68%, 0, 0, 2, 17.36
1747818739, 0, 8, 876, 875, 26, 6.68%, 0, 0, 2, 17.12
1747818744, 0, 8, 879, 878, 26, 6.68%, 0, 0, 2, 17.12
1747818749, 0, 8, 881, 880, 26, 6.69%, 0, 0, 2, 17.73
1747818755, 0, 8, 883, 882, 26, 6.69%, 0, 0, 2, 17.34
1747818760, 0, 8, 886, 885, 26, 6.69%, 0, 0, 2, 16.85
1747818780, 0, 8, 887, 886, 26, 6.69%, 0, 0, 2, 17.80
1747818785, 0, 8, 888, 887, 26, 6.69%, 0, 0, 2, 17.59
1747818796, 0, 8, 890, 889, 26, 6.69%, 0, 0, 2, 17.47
1747818801, 0, 8, 891, 890, 26, 6.69%, 0, 0, 2, 17.32
1747818811, 0, 8, 892, 891, 26, 6.69%, 0, 0, 2, 17.52
1747818816, 0, 8, 893, 892, 26, 6.69%, 0, 0, 2, 17.30
1747818821, 0, 8, 894, 893, 26, 6.69%, 0, 0, 2, 17.12
1747818826, 0, 8, 895, 894, 26, 6.69%, 0, 0, 2, 16.89
1747818831, 0, 8, 896, 895, 26, 6.69%, 0, 0, 2, 17.67
1747818836, 0, 8, 900, 899, 26, 6.69%, 0, 0, 2, 17.40
1747818842, 0, 8, 902, 901, 26, 6.69%, 0, 0, 2, 17.96
1747818847, 0, 8, 904, 903, 26, 6.69%, 0, 0, 2, 17.79
1747818857, 0, 8, 906, 905, 26, 6.69%, 0, 0, 2, 17.82
1747818862, 0, 8, 907, 906, 26, 6.69%, 0, 0, 2, 18.02
1747818873, 0, 8, 909, 908, 26, 6.69%, 0, 0, 2, 17.43
1747818878, 0, 8, 910, 909, 26, 6.69%, 0, 0, 2, 17.89
1747818883, 0, 8, 912, 911, 26, 6.69%, 0, 0, 2, 17.61
1747818888, 0, 8, 913, 912, 26, 6.69%, 0, 0, 2, 18.05
1747818898, 0, 8, 914, 913, 26, 6.69%, 0, 0, 2, 18.47
1747818903, 0, 8, 917, 916, 26, 6.70%, 0, 0, 2, 18.18
1747818908, 0, 8, 918, 917, 26, 6.70%, 0, 0, 2, 17.75
1747818914, 0, 8, 919, 918, 26, 6.70%, 0, 0, 2, 18.22
1747818934, 0, 8, 920, 919, 26, 6.70%, 0, 0, 2, 18.05
1747818939, 0, 10, 920, 919, 26, 6.70%, 0, 0, 2, 20.33
1747818944, 0, 11, 920, 919, 26, 6.70%, 0, 0, 2, 22.36
1747818949, 0, 12, 924, 923, 26, 6.70%, 0, 0, 2, 18.76
1747818954, 0, 12, 929, 928, 26, 6.70%, 0, 0, 2, 16.61
1747818959, 0, 12, 931, 930, 26, 6.70%, 0, 0, 2, 16.23
1747818964, 0, 12, 935, 934, 26, 6.70%, 0, 0, 2, 16.02
1747818970, 0, 12, 936, 935, 26, 6.70%, 0, 0, 2, 16.71
1747818975, 0, 12, 939, 938, 26, 6.70%, 0, 0, 2, 16.42
1747818980, 0, 12, 940, 939, 26, 6.70%, 0, 0, 2, 16.38
1747818990, 0, 12, 941, 940, 26, 6.70%, 0, 0, 2, 16.49
1747818995, 0, 12, 943, 942, 26, 6.70%, 0, 0, 2, 16.37
1747819000, 0, 12, 945, 944, 26, 6.70%, 0, 0, 2, 16.51
1747819010, 0, 12, 948, 947, 26, 6.70%, 0, 0, 2, 15.97
1747819015, 0, 12, 952, 951, 26, 6.70%, 0, 0, 2, 16.21
1747819026, 0, 12, 954, 953, 26, 6.70%, 0, 0, 2, 16.49
1747819031, 0, 12, 955, 954, 26, 6.70%, 0, 0, 2, 16.23
1747819036, 0, 12, 956, 955, 26, 6.70%, 0, 0, 2, 16.47
1747819051, 0, 12, 958, 957, 26, 6.70%, 0, 0, 2, 16.27
1747819056, 0, 12, 959, 958, 26, 6.70%, 0, 0, 2, 16.35
1747819061, 0, 12, 960, 959, 26, 6.70%, 0, 0, 2, 16.63
1747819087, 0, 12, 962, 961, 26, 6.70%, 0, 0, 2, 16.36
1747819092, 0, 12, 963, 962, 26, 6.70%, 0, 0, 2, 16.18
1747819097, 0, 12, 964, 963, 26, 6.70%, 0, 0, 2, 16.44
1747819107, 0, 12, 965, 964, 26, 6.70%, 0, 0, 2, 16.37
1747819128, 0, 12, 966, 965, 26, 6.70%, 0, 0, 2, 16.39
1747819138, 0, 12, 968, 967, 26, 6.70%, 0, 0, 2, 16.42
1747819148, 0, 12, 969, 968, 26, 6.70%, 0, 0, 2, 16.14
1747819153, 0, 12, 970, 969, 26, 6.70%, 0, 0, 2, 16.60
1747819163, 0, 12, 972, 971, 26, 6.70%, 0, 0, 2, 16.04
1747819174, 0, 12, 973, 972, 26, 6.70%, 0, 0, 2, 16.42
1747819184, 0, 12, 974, 973, 26, 6.70%, 0, 0, 2, 16.60
1747819199, 0, 12, 976, 975, 26, 6.70%, 0, 0, 2, 16.06
1747819225, 0, 13, 976, 975, 26, 6.70%, 0, 0, 2, 16.29
1747819230, 0, 13, 978, 977, 26, 6.70%, 0, 0, 2, 15.79
1747819235, 0, 13, 979, 978, 26, 6.70%, 0, 0, 2, 15.70
1747819240, 0, 13, 982, 981, 26, 6.82%, 0, 0, 2, 15.08
1747819246, 0, 13, 984, 983, 26, 6.82%, 0, 0, 2, 15.53
1747819251, 0, 13, 985, 984, 26, 6.82%, 0, 0, 2, 15.73
1747819256, 0, 13, 987, 986, 26, 6.82%, 0, 0, 2, 15.56
1747819266, 0, 13, 988, 987, 26, 6.82%, 0, 0, 2, 15.58
1747819271, 0, 13, 990, 989, 26, 6.82%, 0, 0, 2, 15.59
1747819287, 0, 13, 991, 990, 26, 6.82%, 0, 0, 2, 15.49
1747819297, 0, 13, 992, 991, 26, 6.82%, 0, 0, 2, 15.89
1747819307, 0, 13, 993, 992, 26, 6.82%, 0, 0, 2, 15.96
1747819343, 0, 13, 994, 993, 26, 6.82%, 0, 0, 2, 15.62
1747819358, 0, 13, 996, 995, 26, 6.82%, 0, 0, 2, 15.66
1747819363, 0, 13, 997, 996, 26, 6.82%, 0, 0, 2, 15.60
1747819384, 0, 13, 998, 997, 26, 6.82%, 0, 0, 2, 15.49
1747819389, 0, 13, 999, 998, 26, 6.82%, 0, 0, 2, 15.37
1747819409, 0, 13, 1000, 999, 26, 6.82%, 0, 0, 2, 15.73
1747819445, 0, 13, 1001, 1000, 26, 6.82%, 0, 0, 2, 15.54
1747819455, 0, 13, 1002, 1001, 26, 6.82%, 0, 0, 2, 15.87
1747819476, 0, 13, 1003, 1002, 26, 6.82%, 0, 0, 2, 16.00
1747819501, 0, 15, 1003, 1002, 25, 6.82%, 0, 0, 2, 20.19
1747819506, 0, 16, 1003, 1002, 25, 6.82%, 0, 0, 2, 19.49
1747819512, 0, 16, 1004, 1003, 25, 6.82%, 0, 0, 2, 17.60
1747819517, 0, 16, 1005, 1004, 25, 6.82%, 0, 0, 2, 17.61
1747819532, 0, 16, 1006, 1005, 25, 6.82%, 0, 0, 2, 17.28
1747819558, 0, 16, 1007, 1006, 25, 6.82%, 0, 0, 2, 18.06
1747819563, 0, 16, 1008, 1007, 25, 6.82%, 0, 0, 2, 18.55
1747819589, 0, 16, 1009, 1008, 25, 6.82%, 0, 0, 2, 17.68
1747819599, 0, 16, 1010, 1009, 25, 6.82%, 0, 0, 2, 18.52
1747819604, 0, 16, 1011, 1010, 25, 6.82%, 0, 0, 2, 17.17
1747819614, 0, 16, 1012, 1011, 25, 6.83%, 0, 0, 2, 17.32
1747819625, 0, 16, 1013, 1012, 25, 6.83%, 0, 0, 2, 17.64
1747819635, 0, 16, 1014, 1013, 25, 6.83%, 0, 0, 2, 18.23
1747819640, 0, 16, 1015, 1014, 25, 6.83%, 0, 0, 2, 17.58
1747819666, 0, 16, 1016, 1015, 25, 6.83%, 0, 0, 2, 18.48
1747819671, 0, 16, 1018, 1017, 25, 6.83%, 0, 0, 2, 17.29
1747819717, 0, 16, 1020, 1019, 25, 6.83%, 0, 0, 2, 17.59
1747819738, 0, 17, 1020, 1019, 26, 6.83%, 0, 0, 2, 19.71
1747819743, 0, 18, 1020, 1019, 26, 6.83%, 0, 0, 2, 21.92
1747819753, 0, 19, 1023, 1022, 26, 6.83%, 0, 0, 2, 15.79
1747819763, 0, 19, 1024, 1023, 26, 6.83%, 0, 0, 2, 14.57
1747819768, 0, 19, 1025, 1024, 26, 6.84%, 0, 0, 2, 14.32
1747819773, 0, 19, 1026, 1025, 26, 6.84%, 0, 0, 2, 14.60
1747819779, 0, 19, 1027, 1026, 26, 6.84%, 0, 0, 2, 14.23
1747819789, 0, 19, 1030, 1029, 26, 6.85%, 0, 0, 2, 14.30
1747819794, 0, 19, 1031, 1030, 26, 6.85%, 0, 0, 2, 14.78
1747819799, 0, 19, 1035, 1034, 26, 6.85%, 0, 0, 2, 14.16
1747819804, 0, 19, 1037, 1036, 26, 6.85%, 0, 0, 2, 14.44
1747819809, 0, 19, 1038, 1037, 26, 6.85%, 0, 0, 2, 14.29
1747819814, 0, 19, 1039, 1038, 26, 6.85%, 0, 0, 2, 14.61
1747819819, 0, 19, 1040, 1039, 26, 6.85%, 0, 0, 2, 14.62
1747819825, 0, 19, 1041, 1040, 26, 6.85%, 0, 0, 2, 14.69
1747819835, 0, 19, 1042, 1041, 26, 6.85%, 0, 0, 2, 14.67
1747819840, 0, 19, 1044, 1043, 26, 6.85%, 0, 0, 2, 14.54
1747819845, 0, 19, 1046, 1045, 26, 6.85%, 0, 0, 2, 14.04
1747819850, 0, 19, 1048, 1047, 26, 6.85%, 0, 0, 2, 14.32
1747819865, 0, 19, 1049, 1048, 26, 6.85%, 0, 0, 2, 14.48
1747819875, 0, 19, 1050, 1049, 26, 6.85%, 0, 0, 2, 14.67
1747819880, 0, 19, 1051, 1050, 26, 6.85%, 0, 0, 2, 14.65
1747819885, 0, 19, 1052, 1051, 26, 6.85%, 0, 0, 2, 14.57
1747819901, 0, 19, 1053, 1052, 26, 6.85%, 0, 0, 2, 14.57
1747819906, 0, 19, 1055, 1054, 26, 6.85%, 0, 0, 2, 14.20
1747819911, 0, 19, 1056, 1055, 26, 6.85%, 0, 0, 2, 14.37
1747819916, 0, 19, 1057, 1056, 26, 6.85%, 0, 0, 2, 14.60
1747819921, 0, 19, 1058, 1057, 26, 6.85%, 0, 0, 2, 14.74
1747819962, 0, 19, 1059, 1058, 26, 6.85%, 0, 0, 2, 14.32
1747819967, 0, 19, 1060, 1059, 26, 6.85%, 0, 0, 2, 14.48
1747819972, 0, 19, 1061, 1060, 26, 6.85%, 0, 0, 2, 14.23
1747820054, 0, 20, 1064, 1063, 28, 6.85%, 0, 0, 2, 13.76
1747820084, 0, 20, 1065, 1064, 28, 6.85%, 0, 0, 2, 14.63
1747820095, 0, 20, 1066, 1065, 28, 6.86%, 0, 0, 2, 14.07
1747820115, 0, 20, 1067, 1066, 28, 6.86%, 0, 0, 2, 14.33
1747820131, 0, 20, 1069, 1068, 28, 6.86%, 0, 0, 2, 13.66
1747820162, 0, 20, 1070, 1069, 28, 6.86%, 0, 0, 2, 13.97
1747820197, 0, 20, 1071, 1070, 28, 6.86%, 0, 0, 2, 14.48
1747820238, 0, 20, 1072, 1071, 28, 6.86%, 0, 0, 2, 14.79
1747820258, 0, 20, 1073, 1072, 28, 6.86%, 0, 0, 2, 14.71
1747820269, 0, 20, 1074, 1073, 28, 6.86%, 0, 0, 2, 13.89
1747820315, 0, 20, 1075, 1074, 28, 6.86%, 0, 0, 2, 14.46
1747820346, 0, 22, 1075, 1074, 29, 6.86%, 0, 0, 2, 14.13
1747820356, 0, 23, 1075, 1074, 29, 6.86%, 0, 0, 2, 13.64
1747820361, 0, 24, 1075, 1074, 29, 6.86%, 0, 0, 2, 14.12
1747820371, 0, 25, 1075, 1074, 29, 6.86%, 0, 0, 2, 20.70
1747820376, 0, 26, 1075, 1074, 29, 6.86%, 0, 0, 2, 18.16
1747820382, 0, 26, 1076, 1075, 29, 6.86%, 0, 0, 2, 15.16
1747820392, 0, 29, 1076, 1075, 29, 6.86%, 0, 0, 2, 14.23
1747820402, 0, 30, 1076, 1075, 29, 6.86%, 0, 0, 2, 21.11
1747820407, 0, 31, 1076, 1075, 29, 6.86%, 0, 0, 2, 16.90
1747820412, 0, 31, 1077, 1076, 29, 6.86%, 0, 0, 2, 14.53
1747820417, 0, 31, 1078, 1077, 29, 6.86%, 0, 0, 2, 14.49
1747820422, 0, 31, 1079, 1078, 29, 6.86%, 0, 0, 2, 14.11
1747820448, 0, 31, 1080, 1079, 29, 6.86%, 0, 0, 2, 14.11
1747820463, 0, 31, 1081, 1080, 29, 6.86%, 0, 0, 2, 13.28
1747820494, 0, 31, 1082, 1081, 29, 6.86%, 0, 0, 2, 14.03
1747820520, 0, 31, 1083, 1082, 29, 6.86%, 0, 0, 2, 13.73
1747820530, 0, 31, 1084, 1083, 29, 6.86%, 0, 0, 2, 13.32
1747820535, 0, 31, 1085, 1084, 29, 6.86%, 0, 0, 2, 13.49
1747820602, 0, 31, 1086, 1085, 29, 6.86%, 0, 0, 2, 13.88
1747820633, 0, 31, 1087, 1086, 29, 6.86%, 0, 0, 2, 13.47
1747820704, 0, 32, 1087, 1086, 28, 6.86%, 0, 0, 2, 15.46
1747820714, 0, 33, 1087, 1086, 28, 6.86%, 0, 0, 2, 16.08
1747820719, 0, 35, 1087, 1086, 28, 6.86%, 0, 0, 2, 18.05
1747820724, 0, 36, 1087, 1086, 28, 6.86%, 0, 0, 2, 19.83
1747820729, 0, 36, 1089, 1088, 28, 6.86%, 0, 0, 2, 15.27
1747820745, 0, 36, 1090, 1089, 28, 6.86%, 0, 0, 2, 16.14
1747820755, 0, 36, 1092, 1091, 28, 6.86%, 0, 0, 2, 21.84
1747820760, 0, 36, 1094, 1093, 28, 6.86%, 0, 0, 2, 22.75
1747820765, 0, 36, 1095, 1094, 28, 6.86%, 0, 0, 2, 22.60
1747820796, 0, 36, 1096, 1095, 28, 6.86%, 0, 0, 2, 22.48
1747820801, 0, 36, 1097, 1096, 28, 6.86%, 0, 0, 2, 22.35
1747820816, 0, 36, 1098, 1097, 28, 6.86%, 0, 0, 2, 23.07
1747820827, 0, 36, 1099, 1098, 28, 6.86%, 0, 0, 2, 22.13
1747820837, 0, 36, 1100, 1099, 28, 6.86%, 0, 0, 2, 22.89
1747820842, 0, 36, 1101, 1100, 28, 6.86%, 0, 0, 2, 22.93
1747820862, 0, 36, 1102, 1101, 28, 6.86%, 0, 0, 2, 23.01
1747820919, 0, 38, 1102, 1101, 29, 6.86%, 0, 0, 2, 33.66
1747820929, 0, 41, 1102, 1101, 29, 6.86%, 0, 0, 2, 22.84
1747820934, 0, 43, 1103, 1102, 29, 6.86%, 0, 0, 2, 29.93
1747820939, 0, 43, 1104, 1103, 29, 6.86%, 0, 0, 2, 23.25
1747820944, 0, 43, 1105, 1104, 29, 6.86%, 0, 0, 2, 21.99
1747820955, 0, 43, 1107, 1106, 29, 6.86%, 0, 0, 2, 21.11
1747820965, 0, 43, 1108, 1107, 29, 6.86%, 0, 0, 2, 21.18
1747820970, 0, 43, 1109, 1108, 29, 6.86%, 0, 0, 2, 21.46
1747821001, 0, 43, 1110, 1109, 29, 6.86%, 0, 0, 2, 22.09
1747821006, 0, 43, 1111, 1110, 29, 6.86%, 0, 0, 2, 21.32
1747821011, 0, 43, 1112, 1111, 29, 6.86%, 0, 0, 2, 20.74
1747821016, 0, 43, 1113, 1112, 29, 6.86%, 0, 0, 2, 21.27
1747821032, 0, 43, 1114, 1113, 29, 6.86%, 0, 0, 2, 21.97
1747821078, 0, 43, 1115, 1114, 29, 6.86%, 0, 0, 2, 21.35
1747821098, 0, 43, 1116, 1115, 29, 6.86%, 0, 0, 2, 21.09
1747821134, 0, 44, 1117, 1116, 29, 6.86%, 0, 0, 2, 20.54
1747821139, 0, 44, 1118, 1117, 29, 6.86%, 0, 0, 2, 20.53
1747821154, 0, 44, 1120, 1119, 29, 6.86%, 0, 0, 2, 21.07
1747821159, 0, 44, 1121, 1120, 29, 6.86%, 0, 0, 2, 20.53
1747821165, 0, 44, 1122, 1121, 29, 6.86%, 0, 0, 2, 20.34
1747821175, 0, 44, 1123, 1122, 29, 6.86%, 0, 0, 2, 21.14
1747821201, 0, 44, 1124, 1123, 29, 6.86%, 0, 0, 2, 20.46
1747821236, 0, 44, 1125, 1124, 29, 6.86%, 0, 0, 2, 20.78
1747821241, 0, 44, 1126, 1125, 29, 6.86%, 0, 0, 2, 20.83
1747821257, 0, 44, 1127, 1126, 29, 6.86%, 0, 0, 2, 20.70
1747821267, 0, 44, 1128, 1127, 29, 6.86%, 0, 0, 2, 20.80
1747821277, 0, 44, 1129, 1128, 29, 6.86%, 0, 0, 2, 22.05
1747821287, 0, 44, 1131, 1130, 29, 6.86%, 0, 0, 2, 20.43
1747821303, 0, 44, 1132, 1131, 29, 6.86%, 0, 0, 2, 21.56
1747821329, 0, 44, 1133, 1132, 29, 6.86%, 0, 0, 2, 21.14
1747821334, 0, 45, 1133, 1132, 29, 6.86%, 0, 0, 2, 32.57
1747821339, 0, 47, 1133, 1132, 29, 6.86%, 0, 0, 2, 35.18
1747821344, 0, 48, 1133, 1132, 29, 6.86%, 0, 0, 2, 36.37
1747821349, 0, 50, 1133, 1132, 29, 6.86%, 0, 0, 2, 37.40
1747821354, 0, 51, 1135, 1134, 29, 6.86%, 0, 0, 2, 27.29
1747821364, 0, 51, 1136, 1135, 29, 6.86%, 0, 0, 2, 20.25
1747821385, 0, 51, 1137, 1136, 29, 6.86%, 0, 0, 2, 19.89
1747821411, 0, 51, 1138, 1137, 29, 6.86%, 0, 0, 2, 19.94
1747821416, 0, 51, 1139, 1138, 29, 6.87%, 0, 0, 2, 20.25
1747821421, 0, 51, 1140, 1139, 29, 6.87%, 0, 0, 2, 19.61
1747821462, 0, 51, 1141, 1140, 29, 6.87%, 0, 0, 2, 20.40
1747821483, 0, 51, 1142, 1141, 29, 6.87%, 0, 0, 2, 20.42
1747821529, 0, 51, 1143, 1142, 29, 6.87%, 0, 0, 2, 21.20
1747821549, 0, 51, 1144, 1143, 29, 6.87%, 0, 0, 2, 19.94
1747821559, 0, 54, 1144, 1143, 30, 6.87%, 0, 0, 2, 30.04
1747821564, 0, 55, 1144, 1143, 30, 6.87%, 0, 0, 2, 26.74
1747821569, 0, 56, 1144, 1143, 30, 6.87%, 0, 0, 2, 27.30
1747821574, 0, 57, 1145, 1144, 30, 6.87%, 0, 0, 2, 25.57
1747821580, 0, 57, 1146, 1145, 30, 6.87%, 0, 0, 2, 21.73
1747821600, 0, 58, 1148, 1147, 30, 6.87%, 0, 0, 2, 19.86
1747821605, 0, 58, 1149, 1148, 30, 6.87%, 0, 0, 2, 19.83
1747821615, 0, 58, 1150, 1149, 30, 6.87%, 0, 0, 2, 19.56
1747821635, 0, 58, 1152, 1151, 30, 6.87%, 0, 0, 2, 19.81
1747821753, 0, 58, 1153, 1152, 30, 6.87%, 0, 0, 2, 11.19
1747821856, 0, 58, 1154, 1153, 30, 6.87%, 0, 0, 2, 11.07
1747821866, 0, 59, 1154, 1153, 30, 6.87%, 0, 0, 2, 24.45
1747821871, 0, 61, 1154, 1153, 30, 6.87%, 0, 0, 2, 36.19
1747821876, 0, 62, 1154, 1153, 30, 6.87%, 0, 0, 2, 27.56
1747821882, 0, 63, 1154, 1153, 30, 6.87%, 0, 0, 2, 24.97
1747821887, 0, 64, 1154, 1153, 30, 6.87%, 0, 0, 2, 30.14
1747821892, 0, 65, 1154, 1153, 30, 6.87%, 0, 0, 2, 34.87
1747821897, 0, 67, 1154, 1153, 30, 6.87%, 0, 0, 2, 34.85
1747821902, 0, 68, 1154, 1153, 30, 6.87%, 0, 0, 2, 37.00
1747821907, 0, 71, 1154, 1153, 30, 6.87%, 0, 0, 2, 32.47
1747821912, 0, 71, 1158, 1157, 30, 6.87%, 0, 0, 2, 21.83
1747821917, 0, 71, 1159, 1158, 30, 6.87%, 0, 0, 2, 19.61
1747821927, 0, 71, 1160, 1159, 30, 6.87%, 0, 0, 2, 18.41
1747821953, 0, 71, 1161, 1160, 30, 6.87%, 0, 0, 2, 11.93
1747821968, 0, 71, 1162, 1161, 30, 6.87%, 0, 0, 2, 10.88
1747821979, 0, 71, 1163, 1162, 30, 6.87%, 0, 0, 2, 11.01
1747822004, 0, 71, 1164, 1163, 30, 6.87%, 0, 0, 2, 10.89
1747822014, 0, 71, 1165, 1164, 30, 6.87%, 0, 0, 2, 10.44
1747822066, 0, 71, 1166, 1165, 30, 6.87%, 0, 0, 2, 10.64
1747822137, 0, 71, 1167, 1166, 30, 6.87%, 0, 0, 2, 11.28
1747822183, 0, 71, 1168, 1167, 30, 6.87%, 0, 0, 2, 10.38
1747822204, 0, 71, 1169, 1168, 30, 6.87%, 0, 0, 2, 11.62
1747822214, 0, 71, 1170, 1169, 30, 6.87%, 0, 0, 2, 11.10
1747822219, 0, 71, 1171, 1170, 30, 6.87%, 0, 0, 2, 10.88
1747822260, 0, 72, 1172, 1171, 31, 6.87%, 0, 0, 2, 11.15
1747822265, 0, 72, 1175, 1174, 31, 6.87%, 0, 0, 2, 9.41
1747822271, 0, 72, 1177, 1176, 31, 6.87%, 0, 0, 2, 9.51
1747822286, 0, 72, 1178, 1177, 31, 6.87%, 0, 0, 2, 10.46
1747822291, 0, 72, 1179, 1178, 31, 6.87%, 0, 0, 2, 9.89
1747822296, 0, 72, 1180, 1179, 31, 6.87%, 0, 0, 2, 10.64
1747822301, 0, 72, 1181, 1180, 31, 6.87%, 0, 0, 2, 10.21
1747822311, 0, 72, 1182, 1181, 31, 6.87%, 0, 0, 2, 10.16
1747822316, 0, 72, 1183, 1182, 31, 6.87%, 0, 0, 2, 10.10
1747822439, 0, 72, 1184, 1183, 31, 6.87%, 0, 0, 2, 10.54
1747822501, 0, 72, 1185, 1184, 31, 6.87%, 0, 0, 2, 10.13
1747822552, 0, 72, 1186, 1185, 31, 6.87%, 0, 0, 2, 10.47
1747822665, 0, 73, 1186, 1185, 32, 6.87%, 0, 0, 2, 10.81
1747822676, 0, 73, 1187, 1186, 32, 6.87%, 0, 0, 2, 10.16
1747822691, 0, 74, 1187, 1186, 32, 6.87%, 0, 0, 2, 10.13
1747822701, 0, 75, 1187, 1186, 32, 6.87%, 0, 0, 2, 10.93
1747822712, 0, 76, 1187, 1186, 32, 6.87%, 0, 0, 2, 10.74
1747822727, 0, 77, 1187, 1186, 32, 6.87%, 0, 0, 2, 13.54
1747822732, 0, 77, 1188, 1187, 32, 6.87%, 0, 0, 2, 14.20
1747822742, 0, 78, 1188, 1187, 32, 6.87%, 0, 0, 2, 12.44
1747822753, 0, 79, 1188, 1187, 32, 6.87%, 0, 0, 2, 11.45
1747822768, 0, 82, 1188, 1187, 32, 6.87%, 0, 0, 2, 12.61
1747822778, 0, 83, 1188, 1187, 32, 6.87%, 0, 0, 2, 11.68
1747822789, 0, 85, 1188, 1187, 32, 6.87%, 0, 0, 2, 10.67
1747822799, 0, 86, 1188, 1187, 32, 6.87%, 0, 0, 2, 10.66
1747822804, 0, 86, 1189, 1188, 32, 6.87%, 0, 0, 2, 10.13
1747822820, 0, 86, 1190, 1189, 32, 6.87%, 0, 0, 2, 9.89
1747822835, 0, 86, 1191, 1190, 32, 6.87%, 0, 0, 2, 9.75
1747822866, 0, 86, 1192, 1191, 32, 6.87%, 0, 0, 2, 9.62
1747822979, 0, 86, 1194, 1193, 32, 6.87%, 0, 0, 2, 10.26
1747822994, 0, 86, 1195, 1194, 32, 6.87%, 0, 0, 2, 10.76
1747823009, 0, 86, 1196, 1195, 32, 6.87%, 0, 0, 2, 9.56
1747823030, 0, 86, 1197, 1196, 32, 6.87%, 0, 0, 2, 10.14
1747823193, 0, 87, 1197, 1196, 30, 6.87%, 0, 0, 2, 10.75
1747823208, 0, 88, 1198, 1197, 30, 6.87%, 0, 0, 2, 9.44
1747823214, 0, 88, 1199, 1198, 30, 6.87%, 0, 0, 2, 9.46
1747823239, 0, 88, 1200, 1199, 30, 6.87%, 0, 0, 2, 9.78
1747823260, 0, 88, 1201, 1200, 30, 6.87%, 0, 0, 2, 9.97
1747823367, 0, 88, 1202, 1201, 30, 6.87%, 0, 0, 2, 10.28
1747823387, 0, 88, 1203, 1202, 30, 6.87%, 0, 0, 2, 10.04
1747823423, 0, 88, 1204, 1203, 30, 6.87%, 0, 0, 2, 9.28
1747823443, 0, 88, 1205, 1204, 30, 6.88%, 0, 0, 2, 9.94
1747823448, 0, 88, 1206, 1205, 30, 6.88%, 0, 0, 2, 10.06
1747823505, 0, 88, 1207, 1206, 30, 6.88%, 0, 0, 2, 10.07
1747823520, 0, 88, 1208, 1207, 30, 6.88%, 0, 0, 2, 10.25
1747823607, 0, 88, 1209, 1208, 30, 6.88%, 0, 0, 2, 9.73
1747823618, 0, 89, 1209, 1208, 31, 6.88%, 0, 0, 2, 10.16
1747823628, 0, 90, 1209, 1208, 31, 6.88%, 0, 0, 2, 10.33
1747823633, 0, 90, 1210, 1209, 31, 6.88%, 0, 0, 2, 10.01
1747823653, 0, 92, 1210, 1209, 31, 6.88%, 0, 0, 2, 10.65
1747823664, 0, 95, 1210, 1209, 31, 6.88%, 0, 0, 2, 10.20
1747823679, 0, 96, 1210, 1209, 31, 6.88%, 0, 0, 2, 10.71
1747823689, 0, 97, 1210, 1209, 31, 6.88%, 0, 0, 2, 11.29
1747823699, 0, 98, 1210, 1209, 31, 6.88%, 0, 0, 2, 10.33
1747823715, 0, 99, 1210, 1209, 31, 6.88%, 0, 0, 2, 9.63
1747823725, 0, 100, 1210, 1209, 31, 6.88%, 0, 0, 2, 10.59
1747823735, 0, 101, 1210, 1209, 31, 6.88%, 0, 0, 2, 11.73
1747823740, 0, 101, 1211, 1210, 31, 6.88%, 0, 0, 2, 10.30
1747823761, 0, 105, 1211, 1210, 31, 6.88%, 0, 0, 2, 10.87
1747823771, 0, 105, 1212, 1211, 31, 6.88%, 0, 0, 2, 9.72
1747823776, 0, 105, 1213, 1212, 31, 6.88%, 0, 0, 2, 9.38
1747823797, 0, 105, 1215, 1214, 31, 6.88%, 0, 0, 2, 9.48
1747823817, 0, 105, 1216, 1215, 31, 6.88%, 0, 0, 2, 9.62
1747823843, 0, 105, 1217, 1216, 31, 6.88%, 0, 0, 2, 10.10
1747823910, 0, 105, 1218, 1217, 31, 6.88%, 0, 0, 2, 9.45
1747823976, 0, 105, 1219, 1218, 31, 6.88%, 0, 0, 2, 9.46
1747824104, 0, 105, 1220, 1219, 31, 6.88%, 0, 0, 2, 9.62
1747824181, 0, 106, 1220, 1219, 31, 6.88%, 0, 0, 2, 10.09
1747824191, 0, 107, 1220, 1219, 31, 6.88%, 0, 0, 2, 10.27
1747824207, 0, 108, 1220, 1219, 31, 6.88%, 0, 0, 2, 10.29
1747824217, 0, 109, 1220, 1219, 31, 6.88%, 0, 0, 2, 11.09
1747824222, 0, 109, 1221, 1220, 31, 6.88%, 0, 0, 2, 10.00
1747824243, 0, 110, 1221, 1220, 31, 6.88%, 0, 0, 2, 10.37
1747824253, 0, 111, 1221, 1220, 31, 6.88%, 0, 0, 2, 13.88
1747824263, 0, 113, 1222, 1221, 31, 6.88%, 0, 0, 2, 17.48
1747824279, 0, 115, 1222, 1221, 31, 6.88%, 0, 0, 2, 17.83
1747824284, 0, 116, 1222, 1221, 31, 6.88%, 0, 0, 2, 17.41
1747824289, 0, 117, 1222, 1221, 31, 6.88%, 0, 0, 2, 16.90
1747824299, 0, 118, 1222, 1221, 31, 6.88%, 0, 0, 2, 16.55
1747824304, 0, 119, 1222, 1221, 31, 6.88%, 0, 0, 2, 17.58
1747824315, 0, 120, 1222, 1221, 31, 6.88%, 0, 0, 2, 17.77
1747824320, 0, 121, 1222, 1221, 31, 6.88%, 0, 0, 2, 17.19
1747824330, 0, 122, 1222, 1221, 31, 6.88%, 0, 0, 2, 16.73
1747824335, 0, 123, 1222, 1221, 31, 6.88%, 0, 0, 2, 16.46
1747824345, 0, 124, 1222, 1221, 31, 6.88%, 0, 0, 2, 17.98
1747824351, 0, 125, 1222, 1221, 31, 6.88%, 0, 0, 2, 17.18
1747824356, 0, 126, 1222, 1221, 31, 6.88%, 0, 0, 2, 18.38
1747824366, 0, 130, 1222, 1221, 31, 6.88%, 0, 0, 2, 17.56
1747824371, 0, 132, 1222, 1221, 31, 6.88%, 0, 0, 2, 16.34
1747824382, 0, 133, 1222, 1221, 31, 6.88%, 0, 0, 2, 17.65
1747824387, 0, 134, 1222, 1221, 31, 6.88%, 0, 0, 2, 17.41
1747824397, 0, 135, 1222, 1221, 31, 6.88%, 0, 0, 2, 17.71
1747824402, 0, 136, 1222, 1221, 31, 6.88%, 0, 0, 2, 17.55
1747824412, 0, 137, 1223, 1222, 31, 6.88%, 0, 0, 2, 16.06
1747824417, 0, 137, 1224, 1223, 31, 6.88%, 0, 0, 2, 16.08
1747824438, 0, 137, 1226, 1225, 31, 6.88%, 0, 0, 2, 15.65
1747824509, 0, 137, 1227, 1226, 31, 6.88%, 0, 0, 2, 9.56
1747824586, 0, 137, 1228, 1227, 31, 6.88%, 0, 0, 2, 8.52
1747824725, 0, 137, 1229, 1228, 31, 6.88%, 0, 0, 2, 9.04
1747824817, 0, 138, 1229, 1228, 32, 6.88%, 0, 0, 2, 9.68
1747824827, 0, 139, 1229, 1228, 32, 6.88%, 0, 0, 2, 10.25
1747824843, 0, 140, 1229, 1228, 32, 6.88%, 0, 0, 2, 9.80
1747824853, 0, 141, 1229, 1228, 32, 6.88%, 0, 0, 2, 9.81
1747824863, 0, 141, 1230, 1229, 32, 6.88%, 0, 0, 2, 9.84
1747824879, 0, 142, 1230, 1229, 32, 6.88%, 0, 0, 2, 10.64
1747824894, 0, 143, 1230, 1229, 32, 6.88%, 0, 0, 2, 9.67
1747824904, 0, 144, 1230, 1229, 32, 6.88%, 0, 0, 2, 9.70
1747824920, 0, 145, 1230, 1229, 32, 6.88%, 0, 0, 2, 9.34
1747824935, 0, 146, 1230, 1229, 32, 6.88%, 0, 0, 2, 9.77
1747824946, 0, 147, 1230, 1229, 32, 6.88%, 0, 0, 2, 9.69
1747824961, 0, 148, 1230, 1229, 32, 6.88%, 0, 0, 2, 9.20
1747824971, 0, 149, 1230, 1229, 32, 6.88%, 0, 0, 2, 9.68
1747824987, 0, 151, 1230, 1229, 32, 6.88%, 0, 0, 2, 9.11
1747825002, 0, 152, 1230, 1229, 32, 6.88%, 0, 0, 2, 9.03
1747825012, 0, 153, 1230, 1229, 32, 6.88%, 0, 0, 2, 9.11
1747825028, 0, 154, 1230, 1229, 32, 6.88%, 0, 0, 2, 9.14
1747825038, 0, 154, 1231, 1230, 32, 6.88%, 0, 0, 2, 9.82
1747825053, 0, 155, 1231, 1230, 32, 6.88%, 0, 0, 2, 10.71
1747825068, 0, 156, 1231, 1230, 32, 6.88%, 0, 0, 2, 9.86
1747825079, 0, 156, 1232, 1231, 32, 6.88%, 0, 0, 2, 10.13
1747825089, 0, 157, 1232, 1231, 32, 6.88%, 0, 0, 2, 10.42
1747825105, 0, 158, 1233, 1232, 32, 6.88%, 0, 0, 2, 8.90
1747825120, 0, 158, 1234, 1233, 32, 6.88%, 0, 0, 2, 8.74
1747825131, 0, 158, 1235, 1234, 32, 6.88%, 0, 0, 2, 9.08
1747825136, 0, 158, 1236, 1235, 32, 6.88%, 0, 0, 2, 9.09
1747825229, 0, 158, 1237, 1236, 32, 6.88%, 0, 0, 2, 9.04
1747825337, 0, 158, 1238, 1237, 32, 6.88%, 0, 0, 2, 9.64
1747825347, 0, 158, 1239, 1238, 32, 6.88%, 0, 0, 2, 8.51
1747825542, 0, 158, 1240, 1239, 32, 6.88%, 0, 0, 2, 9.69
1747825547, 0, 159, 1240, 1239, 32, 6.88%, 0, 0, 2, 9.30
1747825557, 0, 162, 1240, 1239, 32, 6.88%, 0, 0, 2, 9.85
1747825572, 0, 163, 1240, 1239, 32, 6.88%, 0, 0, 2, 9.57
1747825583, 0, 164, 1240, 1239, 32, 6.88%, 0, 0, 2, 9.34
1747825598, 0, 165, 1240, 1239, 32, 6.88%, 0, 0, 2, 10.01
1747825614, 0, 166, 1240, 1239, 32, 6.88%, 0, 0, 2, 10.21
1747825624, 0, 167, 1240, 1239, 32, 6.88%, 0, 0, 2, 9.99
1747825639, 0, 168, 1240, 1239, 32, 6.88%, 0, 0, 2, 10.18
1747825650, 0, 169, 1240, 1239, 32, 6.88%, 0, 0, 2, 10.17
1747825660, 0, 170, 1240, 1239, 32, 6.88%, 0, 0, 2, 9.64
1747825670, 0, 170, 1241, 1240, 32, 6.88%, 0, 0, 2, 9.78
1747825685, 0, 171, 1241, 1240, 32, 6.88%, 0, 0, 2, 10.12
1747825700, 0, 172, 1241, 1240, 32, 6.88%, 0, 0, 2, 11.33
1747825711, 0, 173, 1241, 1240, 32, 6.88%, 0, 0, 2, 16.45
1747825716, 0, 173, 1242, 1241, 32, 6.88%, 0, 0, 2, 16.70
1747825726, 0, 174, 1242, 1241, 32, 6.88%, 0, 0, 2, 15.58
1747825731, 0, 175, 1242, 1241, 32, 6.88%, 0, 0, 2, 16.41
1747825741, 0, 176, 1243, 1242, 32, 6.88%, 0, 0, 2, 16.06
1747825757, 0, 177, 1243, 1242, 32, 6.88%, 0, 0, 2, 16.92
1747825767, 0, 178, 1243, 1242, 32, 6.88%, 0, 0, 2, 60.96
1747825889, 0, 179, 1243, 1241, 32, 6.88%, 0, 0, 2, 22.19
1747825895, 0, 179, 1244, 1242, 32, 6.88%, 0, 0, 3, 12.78
1747825915, 0, 180, 1244, 1242, 32, 6.88%, 0, 0, 3, 9.45
1747825925, 0, 180, 1245, 1243, 32, 6.88%, 0, 0, 3, 8.53
1747825930, 0, 180, 1246, 1244, 32, 6.88%, 0, 0, 3, 9.07
1747825956, 0, 180, 1247, 1245, 32, 6.88%, 0, 0, 3, 8.51
1747825961, 0, 180, 1248, 1246, 32, 6.88%, 0, 0, 3, 9.06
1747826002, 0, 180, 1249, 1247, 32, 6.88%, 0, 0, 3, 9.37
1747826115, 0, 180, 1250, 1248, 32, 6.88%, 0, 0, 3, 9.80
1747826258, 0, 180, 1251, 1249, 32, 6.88%, 0, 0, 3, 9.11
1747826268, 0, 180, 1252, 1250, 32, 6.88%, 0, 0, 3, 9.21
1747826361, 0, 181, 1252, 1250, 32, 6.88%, 0, 0, 3, 9.88
1747826371, 0, 182, 1252, 1250, 32, 6.88%, 0, 0, 3, 9.81
1747826386, 0, 184, 1252, 1250, 32, 6.88%, 0, 0, 3, 10.32
1747826396, 0, 185, 1252, 1250, 32, 6.88%, 0, 0, 3, 9.68
1747826412, 0, 186, 1252, 1250, 32, 6.88%, 0, 0, 3, 9.63
1747826427, 0, 188, 1252, 1250, 32, 6.88%, 0, 0, 3, 9.63
1747826437, 0, 189, 1252, 1250, 32, 6.88%, 0, 0, 3, 9.78
1747826453, 0, 190, 1252, 1250, 32, 6.88%, 0, 0, 3, 9.87
1747826458, 0, 190, 1253, 1251, 32, 6.88%, 0, 0, 3, 9.60
1747826478, 0, 192, 1253, 1251, 33, 6.88%, 0, 0, 3, 9.46
1747826489, 0, 193, 1253, 1251, 33, 6.88%, 0, 0, 3, 9.03
1747826504, 0, 195, 1253, 1251, 33, 6.88%, 0, 0, 3, 9.30
1747826514, 0, 196, 1253, 1251, 33, 6.88%, 0, 0, 3, 10.00
1747826519, 0, 196, 1254, 1252, 33, 6.88%, 0, 0, 3, 9.53
1747826545, 0, 197, 1254, 1252, 33, 6.88%, 0, 0, 3, 9.80
1747826555, 0, 198, 1254, 1252, 33, 6.88%, 0, 0, 3, 9.74
1747826571, 0, 199, 1254, 1252, 33, 6.88%, 0, 0, 3, 10.08
1747826586, 0, 201, 1254, 1252, 33, 6.88%, 0, 0, 3, 9.63
1747826596, 0, 202, 1254, 1252, 33, 6.88%, 0, 0, 3, 10.39
1747826606, 0, 203, 1254, 1252, 33, 6.88%, 0, 0, 3, 10.27
1747826622, 0, 205, 1254, 1252, 33, 6.88%, 0, 0, 3, 9.94
1747826627, 0, 205, 1255, 1253, 33, 6.88%, 0, 0, 3, 9.31
1747826648, 0, 206, 1255, 1253, 33, 6.88%, 0, 0, 3, 9.65
1747826658, 0, 206, 1256, 1254, 33, 6.88%, 0, 0, 3, 9.31
1747826679, 0, 207, 1256, 1254, 33, 6.88%, 0, 0, 3, 9.86
1747826689, 0, 208, 1256, 1254, 33, 6.88%, 0, 0, 3, 9.89
1747826704, 0, 209, 1256, 1254, 33, 6.88%, 0, 0, 3, 10.33
1747826719, 0, 210, 1256, 1254, 33, 6.88%, 0, 0, 3, 9.93
1747826730, 0, 211, 1256, 1254, 33, 6.88%, 0, 0, 3, 9.99
1747826740, 0, 212, 1256, 1254, 33, 6.88%, 0, 0, 3, 9.49
1747826756, 0, 213, 1256, 1254, 33, 6.88%, 0, 0, 3, 9.88
1747826766, 0, 214, 1256, 1254, 33, 6.88%, 0, 0, 3, 10.07
1747826781, 0, 215, 1256, 1254, 33, 6.88%, 0, 0, 3, 9.70
1747826796, 0, 218, 1256, 1254, 33, 6.88%, 0, 0, 3, 9.60
1747826807, 0, 219, 1256, 1254, 33, 6.88%, 0, 0, 3, 9.02
1747826822, 0, 220, 1256, 1254, 33, 6.88%, 0, 0, 3, 9.61
1747826838, 0, 221, 1256, 1254, 33, 6.88%, 0, 0, 3, 9.53
1747826848, 0, 222, 1256, 1254, 33, 6.88%, 0, 0, 3, 9.84
1747826863, 0, 223, 1256, 1254, 33, 6.88%, 0, 0, 3, 9.45
1747826873, 0, 224, 1256, 1254, 33, 6.88%, 0, 0, 3, 9.32
1747826889, 0, 225, 1256, 1254, 33, 6.88%, 0, 0, 3, 10.21
1747826899, 0, 226, 1256, 1254, 33, 6.88%, 0, 0, 3, 9.45
1747826915, 0, 228, 1256, 1254, 33, 6.88%, 0, 0, 3, 9.92
1747826925, 0, 229, 1256, 1254, 33, 6.88%, 0, 0, 3, 9.55
1747826941, 0, 230, 1256, 1254, 33, 6.88%, 0, 0, 3, 10.07
1747826946, 0, 230, 1257, 1255, 33, 6.88%, 0, 0, 3, 9.17
1747826966, 0, 231, 1257, 1255, 33, 6.88%, 0, 0, 3, 9.20
1747826982, 0, 232, 1257, 1255, 33, 6.88%, 0, 0, 3, 9.59
1747826997, 0, 233, 1258, 1256, 33, 6.88%, 0, 0, 3, 8.54
1747827008, 0, 233, 1259, 1257, 33, 6.88%, 0, 0, 3, 8.85
1747827013, 0, 233, 1260, 1258, 33, 6.88%, 0, 0, 3, 9.32
1747827018, 0, 233, 1261, 1259, 33, 6.88%, 0, 0, 3, 8.55
1747827028, 0, 233, 1262, 1260, 33, 6.88%, 0, 0, 3, 8.81
1747827085, 0, 233, 1263, 1261, 33, 6.88%, 0, 0, 3, 8.63
1747827177, 0, 233, 1264, 1262, 33, 6.88%, 0, 0, 3, 8.84
1747827233, 0, 233, 1265, 1263, 33, 6.88%, 0, 0, 3, 8.72
1747827397, 0, 233, 1266, 1264, 33, 6.88%, 0, 0, 3, 9.58
1747827444, 0, 233, 1267, 1265, 33, 6.88%, 0, 0, 3, 9.45
1747827449, 0, 234, 1267, 1265, 33, 6.88%, 0, 0, 3, 9.41
1747827464, 0, 235, 1267, 1265, 33, 6.88%, 0, 0, 3, 9.19
1747827474, 0, 236, 1267, 1265, 33, 6.88%, 0, 0, 3, 9.50
1747827490, 0, 240, 1268, 1266, 33, 6.88%, 0, 0, 3, 8.96
1747827495, 0, 240, 1269, 1267, 33, 6.88%, 0, 0, 3, 8.68
1747827531, 0, 240, 1270, 1268, 33, 6.88%, 0, 0, 3, 9.34
1747827602, 0, 241, 1271, 1269, 33, 6.88%, 0, 0, 3, 9.58
1747827628, 0, 242, 1271, 1269, 33, 6.88%, 0, 0, 3, 9.06
1747827644, 0, 245, 1271, 1269, 33, 6.88%, 0, 0, 3, 9.89
1747827654, 0, 245, 1272, 1270, 33, 6.88%, 0, 0, 3, 9.18
1747827669, 0, 246, 1272, 1270, 33, 6.88%, 0, 0, 3, 9.37
1747827685, 0, 247, 1272, 1270, 33, 6.88%, 0, 0, 3, 9.55
1747827700, 0, 248, 1272, 1270, 33, 6.88%, 0, 0, 3, 9.99
1747827710, 0, 250, 1272, 1270, 33, 6.88%, 0, 0, 3, 9.93
1747827726, 0, 251, 1272, 1270, 33, 6.88%, 0, 0, 3, 9.26
1747827736, 0, 252, 1272, 1270, 33, 6.88%, 0, 0, 3, 9.29
1747827751, 0, 253, 1272, 1270, 33, 6.88%, 0, 0, 3, 9.66
1747827762, 0, 254, 1272, 1270, 33, 6.88%, 0, 0, 3, 9.50
1747827777, 0, 255, 1272, 1270, 33, 6.88%, 0, 0, 3, 9.99
1747827788, 0, 257, 1272, 1270, 33, 6.88%, 0, 0, 3, 9.86
1747827803, 0, 259, 1273, 1271, 33, 6.88%, 0, 0, 3, 10.02
1747827829, 0, 260, 1273, 1271, 33, 6.88%, 0, 0, 3, 9.56
1747827844, 0, 261, 1273, 1271, 33, 6.88%, 0, 0, 3, 9.08
1747827860, 0, 262, 1273, 1271, 33, 6.88%, 0, 0, 3, 10.59
1747827870, 0, 263, 1273, 1271, 33, 6.88%, 0, 0, 3, 10.11
1747827880, 0, 264, 1273, 1271, 33, 6.88%, 0, 0, 3, 9.40
1747827896, 0, 265, 1273, 1271, 33, 6.88%, 0, 0, 3, 10.04
1747827906, 0, 266, 1273, 1271, 33, 6.88%, 0, 0, 3, 10.99
1747827921, 0, 266, 1274, 1272, 33, 6.88%, 0, 0, 3, 8.87
1747827936, 0, 268, 1274, 1272, 33, 6.88%, 0, 0, 3, 9.81
1747827952, 0, 269, 1274, 1272, 33, 6.88%, 0, 0, 3, 10.32
1747827962, 0, 270, 1274, 1272, 33, 6.88%, 0, 0, 3, 9.78
1747827977, 0, 271, 1274, 1272, 33, 6.88%, 0, 0, 3, 10.72
1747827988, 0, 272, 1274, 1272, 33, 6.88%, 0, 0, 3, 9.51
1747828003, 0, 273, 1274, 1272, 33, 6.88%, 0, 0, 3, 9.65
1747828014, 0, 274, 1274, 1272, 33, 6.88%, 0, 0, 3, 9.81
1747828029, 0, 275, 1274, 1272, 33, 6.88%, 0, 0, 3, 9.97
1747828039, 0, 276, 1274, 1272, 33, 6.88%, 0, 0, 3, 9.31
1747828055, 0, 277, 1274, 1272, 33, 6.88%, 0, 0, 3, 9.71
1747828065, 0, 278, 1274, 1272, 33, 6.88%, 0, 0, 3, 10.18
1747828080, 0, 279, 1274, 1272, 33, 6.88%, 0, 0, 3, 9.26
1747828091, 0, 280, 1274, 1272, 33, 6.88%, 0, 0, 3, 9.93
1747828106, 0, 281, 1274, 1272, 33, 6.88%, 0, 0, 3, 9.92
1747828117, 0, 282, 1274, 1272, 33, 6.88%, 0, 0, 3, 9.39
1747828132, 0, 283, 1274, 1272, 33, 6.88%, 0, 0, 3, 9.39
1747828147, 0, 284, 1274, 1272, 33, 6.88%, 0, 0, 3, 9.32
1747828158, 0, 286, 1274, 1272, 33, 6.88%, 0, 0, 3, 8.91
1747828173, 0, 287, 1274, 1272, 33, 6.88%, 0, 0, 3, 9.30
1747828188, 0, 288, 1274, 1272, 33, 6.88%, 0, 0, 3, 9.10
1747828199, 0, 289, 1274, 1272, 33, 6.88%, 0, 0, 3, 9.66
1747828214, 0, 290, 1274, 1272, 33, 6.88%, 0, 0, 3, 9.39
1747828224, 0, 291, 1274, 1272, 33, 6.88%, 0, 0, 3, 9.68
1747828240, 0, 292, 1274, 1272, 33, 6.88%, 0, 0, 3, 9.48
1747828255, 0, 293, 1274, 1272, 33, 6.88%, 0, 0, 3, 9.61
1747828265, 0, 295, 1274, 1272, 33, 6.88%, 0, 0, 3, 9.67
1747828280, 0, 297, 1274, 1272, 33, 6.88%, 0, 0, 3, 9.46
1747828296, 0, 298, 1274, 1272, 33, 6.88%, 0, 0, 3, 9.67
1747828306, 0, 299, 1274, 1272, 33, 6.88%, 0, 0, 3, 9.53
1747828322, 0, 300, 1274, 1272, 33, 6.88%, 0, 0, 3, 10.20
1747828332, 0, 301, 1274, 1272, 33, 6.88%, 0, 0, 3, 10.37
1747828342, 0, 302, 1274, 1272, 33, 6.88%, 0, 0, 3, 9.62
1747828358, 0, 306, 1274, 1272, 33, 6.88%, 0, 0, 3, 10.52
1747828363, 0, 306, 1275, 1273, 33, 6.89%, 0, 0, 3, 9.93
1747828383, 0, 307, 1275, 1273, 31, 6.89%, 0, 0, 3, 9.85
1747828399, 0, 308, 1275, 1273, 31, 6.89%, 0, 0, 3, 10.39
1747828409, 0, 309, 1275, 1273, 31, 6.89%, 0, 0, 3, 10.04
1747828424, 0, 310, 1275, 1273, 31, 6.89%, 0, 0, 3, 10.10
1747828434, 0, 311, 1275, 1273, 31, 6.89%, 0, 0, 3, 10.41
1747828450, 0, 312, 1275, 1273, 31, 6.89%, 0, 0, 3, 9.19
1747828460, 0, 313, 1275, 1273, 31, 6.89%, 0, 0, 3, 9.72
1747828475, 0, 314, 1275, 1273, 31, 6.89%, 0, 0, 3, 10.29
1747828485, 0, 315, 1275, 1273, 31, 6.89%, 0, 0, 3, 10.36
1747828500, 0, 316, 1275, 1273, 31, 6.89%, 0, 0, 3, 10.30
1747828511, 0, 317, 1275, 1273, 31, 6.89%, 0, 0, 3, 10.03
1747828526, 0, 319, 1275, 1273, 31, 6.89%, 0, 0, 3, 9.53
1747828536, 0, 321, 1275, 1273, 31, 6.89%, 0, 0, 3, 9.64
1747828552, 0, 322, 1275, 1273, 31, 6.89%, 0, 0, 3, 10.43
1747828562, 0, 323, 1275, 1273, 31, 6.89%, 0, 0, 3, 9.63
1747828578, 0, 324, 1276, 1274, 31, 6.89%, 0, 0, 3, 8.93
1747828593, 0, 324, 1277, 1275, 31, 6.89%, 0, 0, 3, 8.91
1747828618, 0, 324, 1278, 1276, 31, 6.89%, 0, 0, 3, 9.58
1747828690, 0, 325, 1279, 1277, 31, 6.89%, 0, 0, 3, 8.47
1747828716, 0, 326, 1279, 1277, 31, 6.89%, 0, 0, 3, 9.69
1747828731, 0, 327, 1279, 1277, 31, 6.89%, 0, 0, 3, 10.15
1747828741, 0, 328, 1279, 1277, 31, 6.89%, 0, 0, 3, 10.08
1747828757, 0, 329, 1279, 1277, 31, 6.89%, 0, 0, 3, 8.96
1747828772, 0, 330, 1279, 1277, 31, 6.89%, 0, 0, 3, 9.09
1747828787, 0, 333, 1279, 1277, 31, 6.89%, 0, 0, 3, 9.33
1747828798, 0, 334, 1279, 1277, 31, 6.89%, 0, 0, 3, 10.45
1747828813, 0, 335, 1279, 1277, 31, 6.89%, 0, 0, 3, 9.07
1747828823, 0, 335, 1280, 1278, 31, 6.89%, 0, 0, 3, 8.26
1747828844, 0, 336, 1280, 1278, 31, 6.89%, 0, 0, 3, 9.55
1747828854, 0, 337, 1280, 1278, 31, 6.89%, 0, 0, 3, 9.92
1747828869, 0, 338, 1280, 1278, 31, 6.89%, 0, 0, 3, 10.35
1747828880, 0, 339, 1280, 1278, 31, 6.89%, 0, 0, 3, 9.55
1747828895, 0, 341, 1280, 1278, 31, 6.89%, 0, 0, 3, 9.13
1747828911, 0, 342, 1280, 1278, 31, 6.89%, 0, 0, 3, 9.80
1747828921, 0, 343, 1280, 1278, 31, 6.89%, 0, 0, 3, 9.47
1747828936, 0, 344, 1280, 1278, 31, 6.89%, 0, 0, 3, 9.27
1747828946, 0, 347, 1280, 1278, 31, 6.89%, 0, 0, 3, 9.30
1747828962, 0, 349, 1280, 1278, 31, 6.89%, 0, 0, 3, 9.77
1747828972, 0, 350, 1280, 1278, 31, 6.89%, 0, 0, 3, 10.03
1747828988, 0, 351, 1280, 1278, 31, 6.89%, 0, 0, 3, 10.17
1747828998, 0, 352, 1280, 1278, 31, 6.89%, 0, 0, 3, 9.83
1747829013, 0, 353, 1280, 1278, 31, 6.89%, 0, 0, 3, 9.35
1747829029, 0, 354, 1280, 1278, 31, 6.89%, 0, 0, 3, 9.83
1747829039, 0, 355, 1280, 1278, 31, 6.89%, 0, 0, 3, 9.41
1747829054, 0, 356, 1280, 1278, 31, 6.89%, 0, 0, 3, 9.17
1747829059, 0, 356, 1281, 1279, 31, 6.89%, 0, 0, 3, 8.38
1747829085, 0, 357, 1281, 1279, 31, 6.89%, 0, 0, 3, 9.62
1747829095, 0, 358, 1281, 1279, 31, 6.89%, 0, 0, 3, 10.28
1747829111, 0, 359, 1281, 1279, 31, 6.89%, 0, 0, 3, 9.06
1747829126, 0, 361, 1281, 1279, 31, 6.89%, 0, 0, 3, 9.08
1747829142, 0, 362, 1281, 1279, 31, 6.89%, 0, 0, 3, 9.84
1747829152, 0, 363, 1281, 1279, 31, 6.89%, 0, 0, 3, 9.54
1747829168, 0, 365, 1281, 1279, 31, 6.89%, 0, 0, 3, 8.71
1747829183, 0, 371, 1281, 1279, 31, 6.89%, 0, 0, 3, 8.56
1747829193, 0, 373, 1281, 1279, 31, 6.89%, 0, 0, 3, 9.80
1747829208, 0, 374, 1282, 1280, 31, 6.89%, 0, 0, 3, 8.76
1747829219, 0, 374, 1283, 1281, 31, 6.89%, 0, 0, 3, 9.22
1747829229, 0, 374, 1284, 1282, 31, 6.89%, 0, 0, 3, 9.32
1747829250, 0, 374, 1285, 1283, 31, 6.89%, 0, 0, 3, 8.34
1747829332, 0, 374, 1286, 1284, 31, 6.89%, 0, 0, 3, 9.08
1747829456, 0, 374, 1287, 1285, 31, 6.89%, 0, 0, 3, 8.14
1747829672, 0, 375, 1288, 1286, 31, 6.89%, 0, 0, 3, 8.37
1747829703, 0, 376, 1288, 1286, 31, 6.89%, 0, 0, 3, 9.10
1747829718, 0, 377, 1288, 1286, 31, 6.89%, 0, 0, 3, 8.73
1747829734, 0, 378, 1289, 1287, 31, 6.89%, 0, 0, 3, 8.35
1747829765, 0, 379, 1289, 1287, 31, 6.89%, 0, 0, 3, 9.29
1747829775, 0, 381, 1289, 1287, 31, 6.89%, 0, 0, 3, 8.54
1747829790, 0, 382, 1289, 1287, 31, 6.89%, 0, 0, 3, 9.37
1747829806, 0, 384, 1290, 1288, 31, 6.89%, 0, 0, 3, 8.37
1747829836, 0, 385, 1290, 1288, 31, 6.89%, 0, 0, 3, 9.77
1747829852, 0, 387, 1290, 1288, 31, 6.89%, 0, 0, 3, 8.54
1747829867, 0, 388, 1290, 1288, 31, 6.89%, 0, 0, 3, 8.78
1747829878, 0, 389, 1290, 1288, 31, 6.89%, 0, 0, 3, 8.97
1747829893, 0, 391, 1290, 1288, 31, 6.89%, 0, 0, 3, 10.46
1747829903, 0, 392, 1290, 1288, 31, 6.89%, 0, 0, 3, 11.96
1747830704, 0, 393, 1290, 1287, 30, 6.89%, 0, 0, 3, 15.95
1747830714, 0, 394, 1290, 1287, 30, 6.89%, 0, 0, 3, 10.25
1747830730, 0, 396, 1290, 1287, 30, 6.89%, 0, 0, 3, 9.34
1747830745, 0, 397, 1290, 1287, 30, 6.89%, 0, 0, 3, 8.33
1747830761, 0, 398, 1290, 1287, 30, 6.89%, 0, 0, 3, 8.66
1747830771, 0, 399, 1290, 1287, 30, 6.89%, 0, 0, 3, 9.63
1747830786, 0, 400, 1290, 1287, 30, 6.89%, 0, 0, 3, 9.32
1747830801, 0, 401, 1290, 1287, 30, 6.89%, 0, 0, 3, 8.73
1747830817, 0, 402, 1290, 1287, 30, 6.89%, 0, 0, 3, 8.98
1747830827, 0, 404, 1290, 1287, 30, 6.89%, 0, 0, 3, 9.50
1747830843, 0, 405, 1290, 1287, 30, 6.89%, 0, 0, 3, 8.83
1747830858, 0, 406, 1290, 1287, 30, 6.89%, 0, 0, 3, 8.87
1747830874, 0, 407, 1290, 1287, 30, 6.89%, 0, 0, 3, 8.55
1747830884, 0, 408, 1290, 1287, 30, 6.89%, 0, 0, 3, 8.97
1747830899, 0, 410, 1290, 1287, 30, 6.89%, 0, 0, 3, 8.81
1747830915, 0, 411, 1290, 1287, 30, 6.89%, 0, 0, 3, 9.68
1747830930, 0, 412, 1290, 1287, 30, 6.89%, 0, 0, 3, 8.96
1747830940, 0, 413, 1290, 1287, 30, 6.89%, 0, 0, 3, 8.99
1747830956, 0, 414, 1290, 1287, 30, 6.89%, 0, 0, 3, 8.57
1747830971, 0, 415, 1290, 1287, 30, 6.89%, 0, 0, 3, 8.83
1747830987, 0, 416, 1290, 1287, 30, 6.89%, 0, 0, 3, 8.85
1747831002, 0, 417, 1290, 1287, 30, 6.89%, 0, 0, 3, 9.30
1747831017, 0, 418, 1290, 1287, 30, 6.89%, 0, 0, 3, 8.58
1747831027, 0, 419, 1290, 1287, 30, 6.89%, 0, 0, 3, 9.06
1747831038, 0, 419, 1291, 1288, 30, 6.89%, 0, 0, 3, 8.58
1747831059, 0, 420, 1291, 1288, 30, 6.89%, 0, 0, 3, 8.82
1747831074, 0, 423, 1291, 1288, 30, 6.89%, 0, 0, 3, 8.30
1747831090, 0, 426, 1291, 1288, 30, 6.89%, 0, 0, 3, 9.03
1747831105, 0, 427, 1291, 1288, 30, 6.89%, 0, 0, 3, 8.23
1747831120, 0, 428, 1291, 1288, 30, 6.89%, 0, 0, 3, 9.31
1747831130, 0, 429, 1291, 1288, 30, 6.89%, 0, 0, 3, 10.25
1747831136, 0, 429, 1292, 1289, 30, 6.89%, 0, 0, 3, 8.59
1747831161, 0, 430, 1292, 1289, 30, 6.89%, 0, 0, 3, 8.85
1747831177, 0, 431, 1292, 1289, 30, 6.89%, 0, 0, 3, 9.08
1747831187, 0, 432, 1292, 1289, 30, 6.89%, 0, 0, 3, 9.11
1747831202, 0, 435, 1292, 1289, 30, 6.89%, 0, 0, 3, 9.00
1747831218, 0, 437, 1293, 1290, 30, 6.89%, 0, 0, 3, 8.47
1747831249, 0, 439, 1293, 1290, 30, 6.89%, 0, 0, 3, 8.83
1747831264, 0, 440, 1293, 1290, 30, 6.89%, 0, 0, 3, 8.91
1747831280, 0, 442, 1293, 1290, 30, 6.89%, 0, 0, 3, 8.85
1747831290, 0, 443, 1293, 1290, 30, 6.89%, 0, 0, 3, 9.64
1747831305, 0, 444, 1293, 1290, 30, 6.89%, 0, 0, 3, 9.14
1747831320, 0, 445, 1293, 1290, 30, 6.89%, 0, 0, 3, 9.15
1747831336, 0, 446, 1293, 1290, 30, 6.89%, 0, 0, 3, 9.68
1747831346, 0, 448, 1293, 1290, 30, 6.89%, 0, 0, 3, 10.33
1747831361, 0, 450, 1293, 1290, 30, 6.89%, 0, 0, 3, 9.30
1747831371, 0, 453, 1293, 1290, 30, 6.89%, 0, 0, 3, 9.77
1747831387, 0, 455, 1293, 1290, 30, 6.89%, 0, 0, 3, 9.49
1747831397, 0, 456, 1293, 1290, 30, 6.89%, 0, 0, 3, 9.89
1747831412, 0, 457, 1293, 1290, 30, 6.89%, 0, 0, 3, 8.61
1747831428, 0, 459, 1293, 1290, 30, 6.89%, 0, 0, 3, 8.91
1747831443, 0, 460, 1293, 1290, 30, 6.89%, 0, 0, 3, 8.54
1747831459, 0, 461, 1293, 1290, 30, 6.89%, 0, 0, 3, 9.28
1747831469, 0, 465, 1293, 1290, 30, 6.89%, 0, 0, 3, 9.28
1747831484, 0, 466, 1293, 1290, 30, 6.89%, 0, 0, 3, 9.14
1747831499, 0, 469, 1293, 1290, 30, 6.89%, 0, 0, 3, 9.39
1747831504, 0, 469, 1294, 1291, 30, 6.89%, 0, 0, 3, 9.09
1747831530, 0, 470, 1294, 1291, 30, 6.89%, 0, 0, 3, 8.90
1747831545, 0, 471, 1294, 1291, 30, 6.89%, 0, 0, 3, 8.10
1747831551, 0, 471, 1295, 1292, 30, 6.89%, 0, 0, 3, 8.09
1747831576, 0, 472, 1295, 1292, 30, 6.89%, 0, 0, 3, 9.16
1747831586, 0, 473, 1295, 1292, 30, 6.89%, 0, 0, 3, 8.89
1747831601, 0, 475, 1295, 1292, 30, 6.89%, 0, 0, 3, 9.71
1747831617, 0, 476, 1295, 1292, 30, 6.89%, 0, 0, 3, 8.77
1747831633, 0, 477, 1295, 1292, 30, 6.89%, 0, 0, 3, 9.00
1747831643, 0, 478, 1295, 1292, 30, 6.89%, 0, 0, 3, 9.20
1747831658, 0, 480, 1295, 1292, 30, 6.89%, 0, 0, 3, 9.27
1747831673, 0, 480, 1296, 1293, 30, 6.89%, 0, 0, 3, 8.21
1747831689, 0, 481, 1297, 1294, 30, 6.89%, 0, 0, 3, 9.02
1747831720, 0, 482, 1297, 1294, 30, 6.89%, 0, 0, 3, 8.70
1747831735, 0, 484, 1297, 1294, 30, 6.89%, 0, 0, 3, 8.92
1747831751, 0, 485, 1297, 1294, 30, 6.89%, 0, 0, 3, 8.34
1747831766, 0, 486, 1297, 1294, 30, 6.89%, 0, 0, 3, 8.60
1747831781, 0, 487, 1297, 1294, 30, 6.89%, 0, 0, 3, 8.42
1747831792, 0, 491, 1297, 1294, 30, 6.89%, 0, 0, 3, 8.19
1747831807, 0, 492, 1297, 1294, 30, 6.89%, 0, 0, 3, 8.33
1747831823, 0, 493, 1297, 1294, 30, 6.89%, 0, 0, 3, 8.84
1747831838, 0, 494, 1297, 1294, 30, 6.89%, 0, 0, 3, 9.46
1747831854, 0, 495, 1297, 1294, 30, 6.89%, 0, 0, 3, 8.73
1747831869, 0, 496, 1297, 1294, 30, 6.89%, 0, 0, 3, 8.98
1747831879, 0, 497, 1297, 1294, 30, 6.89%, 0, 0, 3, 8.53
1747831895, 0, 498, 1297, 1294, 30, 6.89%, 0, 0, 3, 9.19
1747831910, 0, 499, 1297, 1294, 30, 6.89%, 0, 0, 3, 9.91
1747831925, 0, 502, 1297, 1294, 30, 6.89%, 0, 0, 3, 9.30
1747831936, 0, 503, 1297, 1294, 30, 6.89%, 0, 0, 3, 9.06
1747831952, 0, 504, 1297, 1294, 30, 6.89%, 0, 0, 3, 8.59
1747831967, 0, 505, 1297, 1294, 30, 6.89%, 0, 0, 3, 9.88
1747831977, 0, 506, 1297, 1294, 30, 6.89%, 0, 0, 3, 10.91
1747831992, 0, 507, 1297, 1294, 30, 6.89%, 0, 0, 3, 9.31
1747832008, 0, 508, 1297, 1294, 30, 6.89%, 0, 0, 3, 9.83
1747832018, 0, 509, 1297, 1294, 30, 6.89%, 0, 0, 3, 8.72
1747832028, 0, 509, 1298, 1295, 30, 6.89%, 0, 0, 3, 8.83
1747832049, 0, 510, 1298, 1295, 30, 6.89%, 0, 0, 3, 8.68
1747832064, 0, 511, 1299, 1296, 30, 6.89%, 0, 0, 3, 8.91
1747832069, 0, 511, 1300, 1297, 30, 6.89%, 0, 0, 3, 8.58
1747832125, 0, 512, 1300, 1297, 30, 6.89%, 0, 0, 3, 9.04
1747832141, 0, 513, 1300, 1297, 30, 6.89%, 0, 0, 3, 9.21
1747832156, 0, 514, 1300, 1297, 30, 6.89%, 0, 0, 3, 9.72
1747832166, 0, 515, 1300, 1297, 30, 6.89%, 0, 0, 3, 9.55
1747832182, 0, 516, 1300, 1297, 30, 6.89%, 0, 0, 3, 8.62
1747832197, 0, 517, 1300, 1297, 30, 6.89%, 0, 0, 3, 8.79
1747832212, 0, 518, 1300, 1297, 30, 6.89%, 0, 0, 3, 9.42
1747832223, 0, 519, 1300, 1297, 30, 6.89%, 0, 0, 3, 9.97
1747832238, 0, 521, 1300, 1297, 30, 6.89%, 0, 0, 3, 8.67
1747832254, 0, 522, 1300, 1297, 30, 6.89%, 0, 0, 3, 8.78
1747832269, 0, 523, 1300, 1297, 30, 6.89%, 0, 0, 3, 8.62
1747832279, 0, 524, 1300, 1297, 30, 6.89%, 0, 0, 3, 8.93
1747832295, 0, 525, 1300, 1297, 30, 6.89%, 0, 0, 3, 8.89
1747832310, 0, 526, 1300, 1297, 30, 6.89%, 0, 0, 3, 9.39
1747832325, 0, 529, 1300, 1297, 30, 6.89%, 0, 0, 3, 9.38
1747832336, 0, 530, 1300, 1297, 30, 6.89%, 0, 0, 3, 9.06
1747832341, 0, 530, 1301, 1298, 30, 6.89%, 0, 0, 3, 8.98
1747832367, 0, 531, 1301, 1298, 30, 6.89%, 0, 0, 3, 8.89
1747832382, 0, 532, 1301, 1298, 30, 6.89%, 0, 0, 3, 9.04
1747832398, 0, 533, 1301, 1298, 30, 6.89%, 0, 0, 3, 9.78
1747832408, 0, 534, 1301, 1298, 30, 6.89%, 0, 0, 3, 9.66
1747832424, 0, 535, 1301, 1298, 30, 6.89%, 0, 0, 3, 9.27
1747832439, 0, 538, 1301, 1298, 30, 6.89%, 0, 0, 3, 9.40
1747832449, 0, 539, 1301, 1298, 30, 6.89%, 0, 0, 3, 8.65
1747832465, 0, 540, 1301, 1298, 30, 6.89%, 0, 0, 3, 9.32
1747832480, 0, 541, 1301, 1298, 30, 6.89%, 0, 0, 3, 9.34
1747832490, 0, 543, 1301, 1298, 30, 6.89%, 0, 0, 3, 9.05
1747832505, 0, 544, 1301, 1298, 30, 6.89%, 0, 0, 3, 8.90
1747832521, 0, 545, 1301, 1298, 30, 6.89%, 0, 0, 3, 8.43
1747832536, 0, 546, 1301, 1298, 30, 6.89%, 0, 0, 3, 9.17
1747832551, 0, 547, 1301, 1298, 30, 6.89%, 0, 0, 3, 8.70
1747832567, 0, 548, 1301, 1298, 30, 6.89%, 0, 0, 3, 8.81
1747832577, 0, 549, 1301, 1298, 30, 6.89%, 0, 0, 3, 9.34
1747832592, 0, 550, 1301, 1298, 30, 6.89%, 0, 0, 3, 9.09
1747832608, 0, 552, 1301, 1298, 30, 6.89%, 0, 0, 3, 8.96
1747832623, 0, 554, 1301, 1298, 30, 6.89%, 0, 0, 3, 8.75
1747832639, 0, 555, 1302, 1299, 30, 6.89%, 0, 0, 3, 8.35
1747832669, 0, 556, 1302, 1299, 30, 6.89%, 0, 0, 3, 8.78
1747832685, 0, 557, 1302, 1299, 30, 6.89%, 0, 0, 3, 8.29
1747832695, 0, 558, 1302, 1299, 30, 6.89%, 0, 0, 3, 8.76
1747832710, 0, 559, 1302, 1299, 30, 6.89%, 0, 0, 3, 9.57
1747832726, 0, 560, 1302, 1299, 30, 6.89%, 0, 0, 3, 8.98
1747832741, 0, 561, 1302, 1299, 30, 6.89%, 0, 0, 3, 8.77
1747832756, 0, 565, 1302, 1299, 30, 6.89%, 0, 0, 3, 8.79
1747832772, 0, 566, 1302, 1299, 30, 6.89%, 0, 0, 3, 8.96
1747832782, 0, 567, 1302, 1299, 30, 6.89%, 0, 0, 3, 9.03
1747832798, 0, 568, 1302, 1299, 30, 6.89%, 0, 0, 3, 8.34
1747832813, 0, 569, 1302, 1299, 30, 6.89%, 0, 0, 3, 8.85
1747832828, 0, 570, 1302, 1299, 30, 6.89%, 0, 0, 3, 9.24
1747832844, 0, 571, 1302, 1299, 30, 6.89%, 0, 0, 3, 8.68
1747832859, 0, 572, 1302, 1299, 30, 6.89%, 0, 0, 3, 9.40
1747832870, 0, 574, 1302, 1299, 30, 6.89%, 0, 0, 3, 9.39
1747832885, 0, 575, 1302, 1299, 30, 6.89%, 0, 0, 3, 9.40
1747832900, 0, 576, 1302, 1299, 30, 6.89%, 0, 0, 3, 9.28
1747832916, 0, 577, 1302, 1299, 30, 6.89%, 0, 0, 3, 9.20
1747832926, 0, 578, 1302, 1299, 30, 6.89%, 0, 0, 3, 8.95
1747832941, 0, 579, 1302, 1299, 30, 6.89%, 0, 0, 3, 9.32
1747832957, 0, 580, 1302, 1299, 30, 6.89%, 0, 0, 3, 8.80
1747832972, 0, 581, 1302, 1299, 30, 6.89%, 0, 0, 3, 9.82
1747832982, 0, 585, 1302, 1299, 30, 6.89%, 0, 0, 3, 10.03
1747832998, 0, 586, 1302, 1299, 30, 6.89%, 0, 0, 3, 9.19
1747833013, 0, 587, 1302, 1299, 30, 6.89%, 0, 0, 3, 8.45
1747833024, 0, 588, 1302, 1299, 30, 6.89%, 0, 0, 3, 9.26
1747833039, 0, 589, 1302, 1299, 30, 6.89%, 0, 0, 3, 8.74
1747833055, 0, 590, 1302, 1299, 30, 6.89%, 0, 0, 3, 9.00
1747833070, 0, 591, 1302, 1299, 30, 6.89%, 0, 0, 3, 8.99
1747833086, 0, 592, 1302, 1299, 30, 6.89%, 0, 0, 3, 8.92
1747833096, 0, 593, 1302, 1299, 30, 6.89%, 0, 0, 3, 8.79
1747833111, 0, 594, 1302, 1299, 30, 6.89%, 0, 0, 3, 8.90
1747833127, 0, 595, 1302, 1299, 30, 6.89%, 0, 0, 3, 8.45
1747833142, 0, 596, 1302, 1299, 30, 6.89%, 0, 0, 3, 8.89
1747833158, 0, 598, 1302, 1299, 30, 6.89%, 0, 0, 3, 8.29
1747833173, 0, 599, 1302, 1299, 30, 6.89%, 0, 0, 3, 8.92
1747833188, 0, 600, 1302, 1299, 30, 6.89%, 0, 0, 3, 9.39
1747833199, 0, 601, 1302, 1299, 30, 6.89%, 0, 0, 3, 9.21
1747833214, 0, 602, 1302, 1299, 30, 6.89%, 0, 0, 3, 8.78
1747833229, 0, 603, 1302, 1299, 30, 6.89%, 0, 0, 3, 9.19
1747833244, 0, 604, 1302, 1299, 30, 6.89%, 0, 0, 3, 9.28
1747833260, 0, 605, 1302, 1299, 30, 6.89%, 0, 0, 3, 8.80
1747833275, 0, 606, 1302, 1299, 30, 6.89%, 0, 0, 3, 9.10
1747833286, 0, 607, 1302, 1299, 30, 6.89%, 0, 0, 3, 8.89
1747833301, 0, 608, 1302, 1299, 30, 6.89%, 0, 0, 3, 8.91
1747833312, 0, 608, 1303, 1300, 30, 6.89%, 0, 0, 3, 8.63
1747833332, 0, 609, 1303, 1300, 30, 6.89%, 0, 0, 3, 8.33
1747833348, 0, 611, 1303, 1300, 30, 6.89%, 0, 0, 3, 8.77
1747833363, 0, 612, 1303, 1300, 30, 6.89%, 0, 0, 3, 8.90
1747833373, 0, 613, 1303, 1300, 30, 6.89%, 0, 0, 3, 9.30
1747833388, 0, 614, 1303, 1300, 30, 6.89%, 0, 0, 3, 8.73
1747833404, 0, 615, 1303, 1300, 30, 6.89%, 0, 0, 3, 8.67
1747833420, 0, 616, 1303, 1300, 30, 6.89%, 0, 0, 3, 8.81
1747833435, 0, 617, 1303, 1300, 30, 6.89%, 0, 0, 3, 8.81
1747833445, 0, 620, 1303, 1300, 30, 6.89%, 0, 0, 3, 8.53
1747833460, 0, 621, 1303, 1300, 30, 6.89%, 0, 0, 3, 8.89
1747833476, 0, 622, 1303, 1300, 30, 6.89%, 0, 0, 3, 9.09
1747833491, 0, 623, 1303, 1300, 30, 6.89%, 0, 0, 3, 8.46
1747833507, 0, 624, 1303, 1300, 30, 6.89%, 0, 0, 3, 9.63
1747833522, 0, 625, 1303, 1300, 30, 6.89%, 0, 0, 3, 8.89
1747833537, 0, 626, 1303, 1300, 30, 6.89%, 0, 0, 3, 8.91
1747833547, 0, 627, 1303, 1300, 30, 6.89%, 0, 0, 3, 8.53
1747833563, 0, 628, 1303, 1300, 30, 6.89%, 0, 0, 3, 8.90
1747833578, 0, 629, 1303, 1300, 30, 6.89%, 0, 0, 3, 9.83
1747833594, 0, 631, 1303, 1300, 30, 6.89%, 0, 0, 3, 9.60
1747833604, 0, 632, 1303, 1300, 30, 6.89%, 0, 0, 3, 8.78
1747833610, 0, 632, 1304, 1301, 30, 7.22%, 0, 0, 3, 8.31
1747833625, 0, 632, 1305, 1302, 30, 7.22%, 0, 0, 3, 7.88
1747833671, 0, 633, 1305, 1302, 23, 7.22%, 0, 0, 3, 9.34
1747833681, 0, 634, 1305, 1302, 23, 7.22%, 0, 0, 3, 8.36
1747833692, 0, 634, 1306, 1303, 23, 7.22%, 0, 0, 3, 8.08
1747833697, 0, 634, 1307, 1304, 23, 7.22%, 0, 0, 3, 7.33
1747833748, 0, 636, 1307, 1304, 23, 7.22%, 0, 0, 3, 8.63
1747833758, 0, 637, 1307, 1304, 23, 7.22%, 0, 0, 3, 8.87
1747833768, 0, 637, 1308, 1305, 23, 7.22%, 0, 0, 3, 8.80
1747833784, 0, 637, 1309, 1306, 23, 7.22%, 0, 0, 3, 8.48
1747833805, 0, 637, 1310, 1307, 23, 7.22%, 0, 0, 3, 8.07
1747833815, 0, 637, 1311, 1308, 23, 7.22%, 0, 0, 3, 8.40
1747833830, 0, 637, 1312, 1309, 23, 7.22%, 0, 0, 3, 8.56
1747834057, 0, 637, 1313, 1310, 23, 7.22%, 0, 0, 3, 8.11
1747834083, 0, 637, 1314, 1311, 23, 7.31%, 0, 0, 3, 8.26
1747834139, 0, 637, 1315, 1312, 23, 7.31%, 0, 0, 3, 8.67
1747834242, 0, 638, 1315, 1312, 23, 7.31%, 0, 0, 3, 8.85
1747834258, 0, 639, 1315, 1312, 23, 7.31%, 0, 0, 3, 7.97
1747834273, 0, 640, 1315, 1312, 23, 7.31%, 0, 0, 3, 8.75
1747834289, 0, 641, 1315, 1312, 23, 7.31%, 0, 0, 3, 8.91
1747834304, 0, 642, 1315, 1312, 23, 7.31%, 0, 0, 3, 8.71
1747834309, 0, 642, 1316, 1313, 23, 7.31%, 0, 0, 3, 8.68
1747834314, 0, 642, 1317, 1314, 23, 7.31%, 0, 0, 3, 7.68
1747834360, 0, 642, 1318, 1315, 23, 7.31%, 0, 0, 3, 8.07
1747834366, 0, 642, 1319, 1316, 23, 7.31%, 0, 0, 3, 7.96
1747834484, 0, 642, 1320, 1317, 23, 7.31%, 0, 0, 3, 8.41
1747834777, 0, 643, 1320, 1317, 24, 7.31%, 0, 0, 3, 9.12
1747834792, 0, 645, 1320, 1317, 24, 7.31%, 0, 0, 3, 8.65
1747834808, 0, 646, 1320, 1317, 24, 7.31%, 0, 0, 3, 8.29
1747834823, 0, 647, 1320, 1317, 24, 7.31%, 0, 0, 3, 10.51
1747834833, 0, 648, 1320, 1317, 24, 7.31%, 0, 0, 3, 9.42
1747834849, 0, 649, 1320, 1317, 24, 7.31%, 0, 0, 3, 8.95
1747834864, 0, 650, 1320, 1317, 24, 7.31%, 0, 0, 3, 8.91
1747834879, 0, 651, 1320, 1317, 24, 7.31%, 0, 0, 3, 9.49
1747834890, 0, 652, 1320, 1317, 24, 7.31%, 0, 0, 3, 9.76
1747834905, 0, 656, 1320, 1317, 24, 7.31%, 0, 0, 3, 9.43
1747834920, 0, 657, 1320, 1317, 24, 7.31%, 0, 0, 3, 9.53
1747834936, 0, 658, 1320, 1317, 24, 7.31%, 0, 0, 3, 17.31
1747836040, 0, 659, 1320, 1316, 23, 7.31%, 0, 0, 3, 14.97
1747836051, 0, 660, 1320, 1316, 23, 7.31%, 0, 0, 3, 9.94
1747836061, 0, 660, 1321, 1317, 23, 7.31%, 0, 0, 3, 8.15
1747836081, 0, 660, 1322, 1318, 23, 7.31%, 0, 0, 3, 8.01
1747836117, 0, 661, 1322, 1318, 23, 7.31%, 0, 0, 3, 8.39
1747836133, 0, 662, 1322, 1318, 23, 7.31%, 0, 0, 3, 8.82
1747836148, 0, 663, 1322, 1318, 23, 7.31%, 0, 0, 3, 8.50
1747836164, 0, 664, 1322, 1318, 23, 7.31%, 0, 0, 3, 8.73
1747836174, 0, 665, 1322, 1318, 23, 7.31%, 0, 0, 3, 8.81
1747836189, 0, 666, 1322, 1318, 23, 7.31%, 0, 0, 3, 8.64
1747836205, 0, 667, 1322, 1318, 23, 7.31%, 0, 0, 3, 8.62
1747836220, 0, 669, 1322, 1318, 23, 7.31%, 0, 0, 3, 8.79
1747836236, 0, 670, 1322, 1318, 23, 7.31%, 0, 0, 3, 8.36
1747836251, 0, 671, 1322, 1318, 23, 7.31%, 0, 0, 3, 8.81
1747836267, 0, 672, 1322, 1318, 23, 7.31%, 0, 0, 3, 8.48
1747836282, 0, 673, 1322, 1318, 23, 7.31%, 0, 0, 3, 7.94
1747836298, 0, 674, 1322, 1318, 23, 7.31%, 0, 0, 3, 9.27
1747836313, 0, 675, 1322, 1318, 23, 7.31%, 0, 0, 3, 8.36
1747836328, 0, 676, 1322, 1318, 23, 7.31%, 0, 0, 3, 9.02
1747836339, 0, 677, 1322, 1318, 23, 7.31%, 0, 0, 3, 8.50
1747836354, 0, 678, 1322, 1318, 23, 7.31%, 0, 0, 3, 7.90
1747836370, 0, 679, 1322, 1318, 23, 7.31%, 0, 0, 3, 9.30
1747836385, 0, 680, 1322, 1318, 23, 7.31%, 0, 0, 3, 8.58
1747836400, 0, 682, 1322, 1318, 23, 7.31%, 0, 0, 3, 7.95
1747836416, 0, 684, 1322, 1318, 23, 7.31%, 0, 0, 3, 8.85
1747836431, 0, 685, 1322, 1318, 23, 7.31%, 0, 0, 3, 9.10
1747836447, 0, 686, 1322, 1318, 23, 7.31%, 0, 0, 3, 9.23
1747836457, 0, 687, 1322, 1318, 23, 7.31%, 0, 0, 3, 9.39
1747836472, 0, 688, 1322, 1318, 23, 7.31%, 0, 0, 3, 9.62
1747836488, 0, 690, 1322, 1318, 23, 7.31%, 0, 0, 3, 8.35
1747836503, 0, 691, 1322, 1318, 23, 7.31%, 0, 0, 3, 8.38
1747836513, 0, 693, 1322, 1318, 23, 7.31%, 0, 0, 3, 8.86
1747836529, 0, 694, 1323, 1319, 23, 7.31%, 0, 0, 3, 8.82
1747836560, 0, 695, 1323, 1319, 23, 7.31%, 0, 0, 3, 8.16
1747836575, 0, 697, 1323, 1319, 23, 7.31%, 0, 0, 3, 8.59
1747836591, 0, 698, 1323, 1319, 23, 7.31%, 0, 0, 3, 8.79
1747836606, 0, 699, 1323, 1319, 23, 7.31%, 0, 0, 3, 8.69
1747836622, 0, 700, 1323, 1319, 23, 7.31%, 0, 0, 3, 8.20
1747836637, 0, 702, 1323, 1319, 23, 7.31%, 0, 0, 3, 8.58
1747836653, 0, 703, 1323, 1319, 23, 7.31%, 0, 0, 3, 8.34
1747836668, 0, 704, 1323, 1319, 23, 7.31%, 0, 0, 3, 8.09
1747836684, 0, 705, 1323, 1319, 23, 7.31%, 0, 0, 3, 8.56
1747836699, 0, 706, 1323, 1319, 23, 7.31%, 0, 0, 3, 8.51
1747836715, 0, 707, 1323, 1319, 23, 7.31%, 0, 0, 3, 8.07
1747836730, 0, 708, 1323, 1319, 23, 7.31%, 0, 0, 3, 7.95
1747836746, 0, 710, 1323, 1319, 23, 7.31%, 0, 0, 3, 8.75
1747836751, 0, 710, 1324, 1320, 23, 7.32%, 0, 0, 3, 8.29
1747836776, 0, 711, 1324, 1320, 22, 7.32%, 0, 0, 3, 14.17
1747839048, 0, 712, 1324, 1319, 22, 7.32%, 0, 0, 3, 17.95
1747839063, 0, 713, 1324, 1319, 22, 7.32%, 0, 0, 3, 8.81
1747839079, 0, 714, 1324, 1319, 22, 7.32%, 0, 0, 3, 9.26
1747839094, 0, 715, 1324, 1319, 22, 7.32%, 0, 0, 3, 8.20
1747839109, 0, 716, 1324, 1319, 22, 7.32%, 0, 0, 3, 8.42
1747839125, 0, 717, 1324, 1319, 22, 7.32%, 0, 0, 3, 8.59
1747839140, 0, 718, 1324, 1319, 22, 7.32%, 0, 0, 3, 8.25
1747839156, 0, 719, 1324, 1319, 22, 7.32%, 0, 0, 3, 8.94
1747839171, 0, 720, 1324, 1319, 22, 7.32%, 0, 0, 3, 9.12
1747839187, 0, 721, 1324, 1319, 22, 7.32%, 0, 0, 3, 8.36
1747839192, 0, 721, 1325, 1320, 22, 7.32%, 0, 0, 3, 7.96
1747839217, 0, 722, 1325, 1320, 22, 7.32%, 0, 0, 3, 8.55
1747839233, 0, 723, 1325, 1320, 22, 7.32%, 0, 0, 3, 8.31
1747839248, 0, 725, 1325, 1320, 22, 7.32%, 0, 0, 3, 10.33
1747839259, 0, 727, 1325, 1320, 22, 7.32%, 0, 0, 3, 9.91
1747839274, 0, 728, 1325, 1320, 22, 7.32%, 0, 0, 3, 8.79
1747839289, 0, 729, 1325, 1320, 22, 7.32%, 0, 0, 3, 8.90
1747839305, 0, 730, 1325, 1320, 22, 7.32%, 0, 0, 3, 7.85
1747839320, 0, 731, 1325, 1320, 22, 7.32%, 0, 0, 3, 9.07
1747839331, 0, 732, 1325, 1320, 22, 7.32%, 0, 0, 3, 9.87
1747839351, 0, 733, 1325, 1320, 22, 7.32%, 0, 0, 3, 8.31
1747839367, 0, 735, 1325, 1320, 22, 7.32%, 0, 0, 3, 8.45
1747839377, 0, 737, 1325, 1320, 22, 7.32%, 0, 0, 3, 8.83
1747839382, 0, 737, 1326, 1321, 22, 7.32%, 0, 0, 3, 7.69
1747839413, 0, 738, 1326, 1321, 22, 7.32%, 0, 0, 3, 8.65
1747839429, 0, 740, 1326, 1321, 22, 7.32%, 0, 0, 3, 8.51
1747839444, 0, 742, 1326, 1321, 22, 7.32%, 0, 0, 3, 8.52
1747839460, 0, 743, 1326, 1321, 22, 7.32%, 0, 0, 3, 8.56
1747839475, 0, 744, 1326, 1321, 22, 7.32%, 0, 0, 3, 8.55
1747839491, 0, 746, 1326, 1321, 22, 7.32%, 0, 0, 3, 8.63
1747839506, 0, 747, 1326, 1321, 22, 7.32%, 0, 0, 3, 8.56
1747839517, 0, 748, 1326, 1321, 22, 7.32%, 0, 0, 3, 8.61
1747839532, 0, 749, 1326, 1321, 22, 7.32%, 0, 0, 3, 9.32
1747839547, 0, 750, 1326, 1321, 22, 7.32%, 0, 0, 3, 8.32
1747839563, 0, 751, 1326, 1321, 22, 7.32%, 0, 0, 3, 8.77
1747839578, 0, 752, 1326, 1321, 22, 7.32%, 0, 0, 3, 8.97
1747839594, 0, 753, 1326, 1321, 22, 7.32%, 0, 0, 3, 8.24
1747839609, 0, 754, 1326, 1321, 22, 7.32%, 0, 0, 3, 9.09
1747839624, 0, 755, 1326, 1321, 22, 7.32%, 0, 0, 3, 8.52
1747839640, 0, 756, 1326, 1321, 22, 7.32%, 0, 0, 3, 8.81
1747839655, 0, 758, 1326, 1321, 22, 7.32%, 0, 0, 3, 8.17
1747839670, 0, 760, 1326, 1321, 22, 7.32%, 0, 0, 3, 8.81
1747839686, 0, 762, 1326, 1321, 22, 7.32%, 0, 0, 3, 8.42
1747839701, 0, 763, 1326, 1321, 22, 7.32%, 0, 0, 3, 8.88
1747839706, 0, 763, 1327, 1322, 22, 7.32%, 0, 0, 3, 8.07
1747839732, 0, 764, 1327, 1322, 22, 7.32%, 0, 0, 3, 9.08
1747839747, 0, 765, 1327, 1322, 22, 7.32%, 0, 0, 3, 8.19
1747839763, 0, 768, 1327, 1322, 22, 7.32%, 0, 0, 3, 8.39
1747839778, 0, 769, 1327, 1322, 22, 7.32%, 0, 0, 3, 8.02
1747839794, 0, 770, 1327, 1322, 22, 7.32%, 0, 0, 3, 7.75
1747839809, 0, 771, 1327, 1322, 22, 7.32%, 0, 0, 3, 8.02
1747839824, 0, 772, 1327, 1322, 22, 7.32%, 0, 0, 3, 8.74
1747839839, 0, 773, 1327, 1322, 22, 7.32%, 0, 0, 3, 8.51
1747839855, 0, 775, 1327, 1322, 22, 7.32%, 0, 0, 3, 8.17
1747839860, 0, 775, 1328, 1323, 22, 7.32%, 0, 0, 3, 7.84
1747839886, 0, 776, 1328, 1323, 22, 7.32%, 0, 0, 3, 8.53
1747839901, 0, 777, 1328, 1323, 22, 7.32%, 0, 0, 3, 9.14
1747839911, 0, 777, 1329, 1324, 22, 7.32%, 0, 0, 3, 8.11
1747839932, 0, 779, 1329, 1324, 22, 7.32%, 0, 0, 3, 8.07
1747839947, 0, 779, 1330, 1325, 22, 7.32%, 0, 0, 3, 9.62
1747839963, 0, 780, 1330, 1325, 22, 7.32%, 0, 0, 3, 8.91
1747839968, 0, 780, 1331, 1326, 22, 7.32%, 0, 0, 3, 8.20
1747839994, 0, 781, 1331, 1326, 22, 7.32%, 0, 0, 3, 8.68
1747840009, 0, 783, 1331, 1326, 22, 7.32%, 0, 0, 3, 8.83
1747840024, 0, 783, 1332, 1327, 22, 7.32%, 0, 0, 3, 8.12
1747840045, 0, 784, 1332, 1327, 22, 7.32%, 0, 0, 3, 8.39
1747840061, 0, 785, 1332, 1327, 22, 7.32%, 0, 0, 3, 10.15
1747840071, 0, 786, 1332, 1327, 22, 7.32%, 0, 0, 3, 9.59
1747840086, 0, 788, 1332, 1327, 22, 7.32%, 0, 0, 3, 8.36
1747840101, 0, 789, 1332, 1327, 22, 7.32%, 0, 0, 3, 8.33
1747840117, 0, 790, 1332, 1327, 22, 7.32%, 0, 0, 3, 8.38
1747840133, 0, 792, 1332, 1327, 22, 7.32%, 0, 0, 3, 8.20
1747840138, 0, 792, 1333, 1328, 22, 7.32%, 0, 0, 3, 8.00
1747840163, 0, 794, 1333, 1328, 22, 7.32%, 0, 0, 3, 8.45
1747840184, 0, 798, 1333, 1328, 22, 7.32%, 0, 0, 3, 8.33
1747840194, 0, 798, 1334, 1329, 22, 7.32%, 0, 0, 3, 7.53
1747840215, 0, 799, 1334, 1329, 22, 7.32%, 0, 0, 3, 8.39
1747840230, 0, 800, 1334, 1329, 22, 7.32%, 0, 0, 3, 8.57
1747840246, 0, 801, 1334, 1329, 22, 7.32%, 0, 0, 3, 9.20
1747840261, 0, 802, 1334, 1329, 22, 7.32%, 0, 0, 3, 8.48
1747840277, 0, 803, 1335, 1330, 22, 7.50%, 0, 0, 3, 8.27
1747840307, 0, 804, 1336, 1331, 22, 7.50%, 0, 0, 3, 8.26
1747840312, 0, 804, 1337, 1332, 22, 7.50%, 0, 0, 3, 7.22
1747840374, 0, 805, 1337, 1332, 22, 7.50%, 0, 0, 3, 9.06
1747840389, 0, 807, 1337, 1332, 22, 7.50%, 0, 0, 3, 8.85
1747840404, 0, 808, 1337, 1332, 22, 7.50%, 0, 0, 3, 9.84
1747840415, 0, 809, 1337, 1332, 22, 7.50%, 0, 0, 3, 9.04
1747840430, 0, 811, 1337, 1332, 22, 7.50%, 0, 0, 3, 8.28
1747840445, 0, 812, 1337, 1332, 22, 7.50%, 0, 0, 3, 7.78
1747840461, 0, 813, 1337, 1332, 22, 7.50%, 0, 0, 3, 8.88
1747840476, 0, 813, 1338, 1333, 22, 7.50%, 0, 0, 3, 8.66
1747840491, 0, 815, 1338, 1333, 22, 7.50%, 0, 0, 3, 8.51
1747840507, 0, 816, 1338, 1333, 22, 7.50%, 0, 0, 3, 8.91
1747840523, 0, 817, 1338, 1333, 22, 7.50%, 0, 0, 3, 8.14
1747840538, 0, 819, 1338, 1333, 22, 7.50%, 0, 0, 3, 8.96
1747840554, 0, 821, 1338, 1333, 22, 7.50%, 0, 0, 3, 8.47
1747840569, 0, 822, 1338, 1333, 22, 7.50%, 0, 0, 3, 8.61
1747840580, 0, 822, 1339, 1334, 22, 7.50%, 0, 0, 3, 8.09
1747840600, 0, 823, 1339, 1334, 22, 7.50%, 0, 0, 3, 8.56
1747840616, 0, 825, 1339, 1334, 22, 7.50%, 0, 0, 3, 8.69
1747840631, 0, 826, 1339, 1334, 22, 7.50%, 0, 0, 3, 8.24
1747840647, 0, 828, 1339, 1334, 22, 7.50%, 0, 0, 3, 8.85
1747840662, 0, 829, 1339, 1334, 22, 7.50%, 0, 0, 3, 8.45
1747840678, 0, 830, 1339, 1334, 22, 7.50%, 0, 0, 3, 8.18
1747840693, 0, 832, 1339, 1334, 22, 7.50%, 0, 0, 3, 8.55
1747840708, 0, 833, 1339, 1334, 22, 7.50%, 0, 0, 3, 8.40
1747840724, 0, 836, 1339, 1334, 22, 7.50%, 0, 0, 3, 8.72
1747840739, 0, 837, 1339, 1334, 22, 7.50%, 0, 0, 3, 8.21
1747840754, 0, 838, 1339, 1334, 22, 7.50%, 0, 0, 3, 8.32
1747840770, 0, 840, 1339, 1334, 22, 7.50%, 0, 0, 3, 8.85
1747840785, 0, 841, 1339, 1334, 22, 7.50%, 0, 0, 3, 8.64
1747840801, 0, 842, 1339, 1334, 22, 7.50%, 0, 0, 3, 8.35
1747840816, 0, 843, 1339, 1334, 22, 7.50%, 0, 0, 3, 9.08
1747840831, 0, 844, 1339, 1334, 22, 7.50%, 0, 0, 3, 8.84
1747840847, 0, 845, 1339, 1334, 22, 7.50%, 0, 0, 3, 8.94
1747840862, 0, 846, 1339, 1334, 22, 7.50%, 0, 0, 3, 8.26
1747840878, 0, 847, 1339, 1334, 22, 7.50%, 0, 0, 3, 7.93
1747840893, 0, 848, 1339, 1334, 22, 7.50%, 0, 0, 3, 8.44
1747840908, 0, 849, 1339, 1334, 22, 7.50%, 0, 0, 3, 8.39
1747840924, 0, 851, 1339, 1334, 22, 7.50%, 0, 0, 3, 7.98
1747840939, 0, 852, 1339, 1334, 22, 7.50%, 0, 0, 3, 8.51
1747840950, 0, 852, 1340, 1335, 22, 7.50%, 0, 0, 3, 7.98
1747840955, 0, 852, 1341, 1336, 22, 7.50%, 0, 0, 3, 7.37
1747840980, 0, 852, 1342, 1337, 22, 7.50%, 0, 0, 3, 7.80
1747841037, 0, 852, 1343, 1338, 22, 7.50%, 0, 0, 3, 8.73
1747841187, 0, 853, 1343, 1338, 23, 7.50%, 0, 0, 3, 9.05
1747841202, 0, 854, 1343, 1338, 23, 7.50%, 0, 0, 3, 8.39
1747841217, 0, 855, 1343, 1338, 23, 7.50%, 0, 0, 3, 9.08
1747841233, 0, 857, 1343, 1338, 23, 7.50%, 0, 0, 3, 9.18
1747841248, 0, 858, 1343, 1338, 23, 7.50%, 0, 0, 3, 9.24
1747841263, 0, 859, 1343, 1338, 23, 7.50%, 0, 0, 3, 8.65
1747841278, 0, 860, 1343, 1338, 23, 7.50%, 0, 0, 3, 8.37
1747841294, 0, 861, 1343, 1338, 23, 7.50%, 0, 0, 3, 8.71
1747841309, 0, 862, 1343, 1338, 23, 7.50%, 0, 0, 3, 8.12
1747841324, 0, 863, 1343, 1338, 23, 7.50%, 0, 0, 3, 8.53
1747841340, 0, 866, 1343, 1338, 23, 7.50%, 0, 0, 3, 8.17
1747841355, 0, 867, 1343, 1338, 23, 7.50%, 0, 0, 3, 8.77
1747841371, 0, 868, 1343, 1338, 23, 7.50%, 0, 0, 3, 8.58
1747841386, 0, 869, 1343, 1338, 23, 7.50%, 0, 0, 3, 8.45
1747841401, 0, 870, 1343, 1338, 23, 7.50%, 0, 0, 3, 9.12
1747841416, 0, 871, 1343, 1338, 23, 7.50%, 0, 0, 3, 8.55
1747841427, 0, 872, 1343, 1338, 23, 7.50%, 0, 0, 3, 8.93
1747841442, 0, 873, 1343, 1338, 23, 7.50%, 0, 0, 3, 8.82
1747841458, 0, 874, 1343, 1338, 23, 7.50%, 0, 0, 3, 8.34
1747841473, 0, 876, 1343, 1338, 23, 7.50%, 0, 0, 3, 8.43
1747841489, 0, 879, 1343, 1338, 23, 7.50%, 0, 0, 3, 8.36
1747841494, 0, 879, 1344, 1339, 23, 7.50%, 0, 0, 3, 8.46
1747841519, 0, 880, 1344, 1339, 23, 7.50%, 0, 0, 3, 8.51
1747841535, 0, 881, 1344, 1339, 23, 7.50%, 0, 0, 3, 8.21
1747841550, 0, 882, 1344, 1339, 23, 7.50%, 0, 0, 3, 8.60
1747841555, 0, 882, 1345, 1340, 23, 7.50%, 0, 0, 3, 8.04
1747841586, 0, 883, 1345, 1340, 23, 7.50%, 0, 0, 3, 8.85
1747841597, 0, 884, 1345, 1340, 23, 7.50%, 0, 0, 3, 8.35
1747841602, 0, 884, 1346, 1341, 23, 7.50%, 0, 0, 3, 8.01
1747841632, 0, 885, 1346, 1341, 23, 7.50%, 0, 0, 3, 8.52
1747841643, 0, 885, 1347, 1342, 23, 7.50%, 0, 0, 3, 7.95
1747841663, 0, 886, 1347, 1342, 23, 7.50%, 0, 0, 3, 8.95
1747841679, 0, 887, 1347, 1342, 23, 7.50%, 0, 0, 3, 9.49
1747841694, 0, 888, 1347, 1342, 23, 7.50%, 0, 0, 3, 8.86
1747841705, 0, 889, 1347, 1342, 23, 7.50%, 0, 0, 3, 8.84
1747841720, 0, 891, 1347, 1342, 23, 7.50%, 0, 0, 3, 7.61
1747841736, 0, 892, 1347, 1342, 23, 7.50%, 0, 0, 3, 8.46
1747841752, 0, 893, 1347, 1342, 23, 7.50%, 0, 0, 3, 8.63
1747841767, 0, 894, 1347, 1342, 23, 7.50%, 0, 0, 3, 8.89
1747841782, 0, 899, 1347, 1342, 23, 7.50%, 0, 0, 3, 8.86
1747841797, 0, 900, 1347, 1342, 23, 7.50%, 0, 0, 3, 9.01
1747841813, 0, 901, 1347, 1342, 23, 7.50%, 0, 0, 3, 8.71
1747841829, 0, 903, 1347, 1342, 23, 7.50%, 0, 0, 3, 8.28
1747841845, 0, 904, 1347, 1342, 23, 7.50%, 0, 0, 3, 8.35
1747841860, 0, 905, 1347, 1342, 23, 7.50%, 0, 0, 3, 8.69
1747841876, 0, 906, 1347, 1342, 23, 7.50%, 0, 0, 3, 8.77
1747841891, 0, 907, 1347, 1342, 23, 7.50%, 0, 0, 3, 7.93
1747841907, 0, 908, 1348, 1343, 23, 7.50%, 0, 0, 3, 8.51
1747841938, 0, 909, 1348, 1343, 23, 7.50%, 0, 0, 3, 8.88
1747841953, 0, 910, 1348, 1343, 23, 7.50%, 0, 0, 3, 8.89
1747841968, 0, 911, 1348, 1343, 23, 7.50%, 0, 0, 3, 8.86
1747841984, 0, 912, 1348, 1343, 23, 7.50%, 0, 0, 3, 9.00
1747842000, 0, 914, 1348, 1343, 23, 7.50%, 0, 0, 3, 8.49
1747842015, 0, 915, 1348, 1343, 23, 7.50%, 0, 0, 3, 8.42
1747842025, 0, 916, 1348, 1343, 23, 7.50%, 0, 0, 3, 8.82
1747842041, 0, 918, 1348, 1343, 23, 7.50%, 0, 0, 3, 8.86
1747842051, 0, 918, 1349, 1344, 23, 7.50%, 0, 0, 3, 7.45
1747842077, 0, 919, 1349, 1344, 23, 7.50%, 0, 0, 3, 8.53
1747842093, 0, 920, 1349, 1344, 23, 7.50%, 0, 0, 3, 8.49
1747842108, 0, 921, 1349, 1344, 23, 7.50%, 0, 0, 3, 8.80
1747842123, 0, 922, 1349, 1344, 23, 7.50%, 0, 0, 3, 8.77
1747842138, 0, 923, 1349, 1344, 23, 7.50%, 0, 0, 3, 8.30
1747842154, 0, 924, 1349, 1344, 23, 7.50%, 0, 0, 3, 8.48
1747842169, 0, 925, 1349, 1344, 23, 7.50%, 0, 0, 3, 8.78
1747842185, 0, 926, 1349, 1344, 23, 7.50%, 0, 0, 3, 7.74
1747842200, 0, 927, 1349, 1344, 23, 7.50%, 0, 0, 3, 8.68
1747842216, 0, 928, 1349, 1344, 23, 7.50%, 0, 0, 3, 8.19
1747842231, 0, 929, 1349, 1344, 23, 7.50%, 0, 0, 3, 9.10
1747842242, 0, 930, 1349, 1344, 23, 7.50%, 0, 0, 3, 8.77
1747842257, 0, 931, 1349, 1344, 23, 7.50%, 0, 0, 3, 8.93
1747842272, 0, 932, 1349, 1344, 23, 7.50%, 0, 0, 3, 8.32
1747842288, 0, 933, 1349, 1344, 23, 7.50%, 0, 0, 3, 8.47
1747842304, 0, 934, 1349, 1344, 23, 7.50%, 0, 0, 3, 8.18
1747842319, 0, 935, 1349, 1344, 23, 7.50%, 0, 0, 3, 8.19
1747842334, 0, 936, 1349, 1344, 23, 7.50%, 0, 0, 3, 8.17
1747842350, 0, 937, 1349, 1344, 23, 7.50%, 0, 0, 3, 8.87
1747842360, 0, 937, 1350, 1345, 23, 7.50%, 0, 0, 3, 7.69
1747842386, 0, 938, 1350, 1345, 23, 7.50%, 0, 0, 3, 8.91
1747842396, 0, 939, 1350, 1345, 23, 7.50%, 0, 0, 3, 9.08
1747842417, 0, 940, 1351, 1346, 23, 7.50%, 0, 0, 3, 7.61
1747842422, 0, 940, 1352, 1347, 23, 7.50%, 0, 0, 3, 8.12
1747842478, 0, 941, 1352, 1347, 23, 7.50%, 0, 0, 3, 9.13
1747842494, 0, 942, 1352, 1347, 23, 7.50%, 0, 0, 3, 9.05
1747842509, 0, 943, 1352, 1347, 23, 7.50%, 0, 0, 3, 9.00
1747842525, 0, 944, 1352, 1347, 23, 7.50%, 0, 0, 3, 8.61
1747842540, 0, 945, 1352, 1347, 23, 7.50%, 0, 0, 3, 8.45
1747842555, 0, 946, 1352, 1347, 23, 7.50%, 0, 0, 3, 8.72
1747842571, 0, 947, 1352, 1347, 23, 7.50%, 0, 0, 3, 8.85
1747842586, 0, 948, 1352, 1347, 23, 7.50%, 0, 0, 3, 8.41
1747842601, 0, 949, 1352, 1347, 23, 7.50%, 0, 0, 3, 8.59
1747842617, 0, 950, 1352, 1347, 23, 7.50%, 0, 0, 3, 9.06
1747842632, 0, 951, 1352, 1347, 23, 7.50%, 0, 0, 3, 7.61
1747842648, 0, 953, 1352, 1347, 23, 7.50%, 0, 0, 3, 8.54
1747842664, 0, 954, 1352, 1347, 23, 7.50%, 0, 0, 3, 8.91
1747842679, 0, 955, 1352, 1347, 23, 7.50%, 0, 0, 3, 8.13
1747842694, 0, 956, 1352, 1347, 23, 7.50%, 0, 0, 3, 8.51
1747842710, 0, 957, 1352, 1347, 23, 7.50%, 0, 0, 3, 8.62
1747842725, 0, 958, 1352, 1347, 23, 7.50%, 0, 0, 3, 8.20
1747842741, 0, 962, 1352, 1347, 23, 7.50%, 0, 0, 3, 9.08
1747842756, 0, 963, 1352, 1347, 23, 7.50%, 0, 0, 3, 8.17
1747842772, 0, 964, 1352, 1347, 23, 7.50%, 0, 0, 3, 8.53
1747842787, 0, 965, 1352, 1347, 23, 7.50%, 0, 0, 3, 8.29
1747842803, 0, 966, 1352, 1347, 23, 7.50%, 0, 0, 3, 8.23
1747842818, 0, 967, 1352, 1347, 23, 7.50%, 0, 0, 3, 7.64
1747842834, 0, 968, 1352, 1347, 23, 7.50%, 0, 0, 3, 8.00
1747842849, 0, 969, 1352, 1347, 23, 7.50%, 0, 0, 3, 8.48
1747842864, 0, 970, 1352, 1347, 23, 7.50%, 0, 0, 3, 8.51
1747842880, 0, 971, 1352, 1347, 23, 7.50%, 0, 0, 3, 8.84
1747842896, 0, 973, 1352, 1347, 23, 7.50%, 0, 0, 3, 7.93
1747842911, 0, 974, 1352, 1347, 23, 7.50%, 0, 0, 3, 8.64
1747842927, 0, 975, 1352, 1347, 23, 7.50%, 0, 0, 3, 8.47
1747842937, 0, 975, 1353, 1348, 23, 7.50%, 0, 0, 3, 8.13
1747842942, 0, 975, 1354, 1349, 23, 7.50%, 0, 0, 3, 8.63
1747842989, 0, 976, 1354, 1349, 23, 7.50%, 0, 0, 3, 8.60
1747843004, 0, 978, 1354, 1349, 23, 7.50%, 0, 0, 3, 8.25
1747843019, 0, 980, 1354, 1349, 23, 7.50%, 0, 0, 3, 8.24
1747843035, 0, 982, 1354, 1349, 23, 7.50%, 0, 0, 3, 8.62
1747843051, 0, 983, 1354, 1349, 23, 7.50%, 0, 0, 3, 8.17
1747843066, 0, 984, 1354, 1349, 23, 7.50%, 0, 0, 3, 8.37
1747843071, 0, 984, 1355, 1350, 23, 7.50%, 0, 0, 3, 8.24
1747843097, 0, 985, 1355, 1350, 23, 7.50%, 0, 0, 3, 8.50
1747843113, 0, 986, 1355, 1350, 23, 7.50%, 0, 0, 3, 8.40
1747843128, 0, 987, 1355, 1350, 23, 7.50%, 0, 0, 3, 9.11
1747843143, 0, 988, 1355, 1350, 23, 7.50%, 0, 0, 3, 9.14
1747843159, 0, 989, 1355, 1350, 23, 7.50%, 0, 0, 3, 8.95
1747843174, 0, 990, 1355, 1350, 23, 7.50%, 0, 0, 3, 9.02
1747843189, 0, 991, 1355, 1350, 23, 7.50%, 0, 0, 3, 9.22
1747843205, 0, 992, 1355, 1350, 23, 7.50%, 0, 0, 3, 9.49
1747843215, 0, 993, 1355, 1350, 23, 7.50%, 0, 0, 3, 8.39
1747843231, 0, 994, 1355, 1350, 23, 7.50%, 0, 0, 3, 8.55
1747843246, 0, 995, 1355, 1350, 23, 7.50%, 0, 0, 3, 8.50
1747843262, 0, 998, 1355, 1350, 23, 7.50%, 0, 0, 3, 8.74
1747843272, 0, 998, 1356, 1351, 23, 7.50%, 0, 0, 3, 8.18
1747843298, 0, 999, 1356, 1351, 23, 7.50%, 0, 0, 3, 8.23
1747843313, 0, 1000, 1356, 1351, 23, 7.50%, 0, 0, 3, 8.43
1747843328, 0, 1001, 1356, 1351, 23, 7.50%, 0, 0, 3, 8.43
1747843344, 0, 1002, 1356, 1351, 23, 7.50%, 0, 0, 3, 8.30
1747843359, 0, 1003, 1356, 1351, 23, 7.50%, 0, 0, 3, 8.07
1747843375, 0, 1004, 1356, 1351, 23, 7.50%, 0, 0, 3, 8.14
1747843390, 0, 1005, 1356, 1351, 23, 7.50%, 0, 0, 3, 8.49
1747843406, 0, 1006, 1356, 1351, 23, 7.50%, 0, 0, 3, 9.17
1747843421, 0, 1007, 1356, 1351, 23, 7.50%, 0, 0, 3, 8.24
1747843436, 0, 1009, 1356, 1351, 23, 7.50%, 0, 0, 3, 8.60
1747843451, 0, 1011, 1356, 1351, 23, 7.50%, 0, 0, 3, 8.84
1747843462, 0, 1012, 1356, 1351, 23, 7.50%, 0, 0, 3, 8.69
1747843477, 0, 1013, 1356, 1351, 23, 7.50%, 0, 0, 3, 8.48
1747843492, 0, 1014, 1356, 1351, 23, 7.50%, 0, 0, 3, 8.59
1747843508, 0, 1015, 1356, 1351, 23, 7.50%, 0, 0, 3, 7.98
1747843523, 0, 1016, 1356, 1351, 23, 7.50%, 0, 0, 3, 8.59
1747843539, 0, 1017, 1356, 1351, 23, 7.50%, 0, 0, 3, 8.79
1747843554, 0, 1018, 1356, 1351, 23, 7.50%, 0, 0, 3, 8.20
1747843570, 0, 1020, 1356, 1351, 23, 7.50%, 0, 0, 3, 8.40
1747843585, 0, 1021, 1356, 1351, 23, 7.50%, 0, 0, 3, 8.67
1747843601, 0, 1022, 1356, 1351, 23, 7.50%, 0, 0, 3, 8.74
1747843616, 0, 1026, 1356, 1351, 23, 7.50%, 0, 0, 3, 8.53
1747843631, 0, 1028, 1356, 1351, 23, 7.50%, 0, 0, 3, 8.44
1747843647, 0, 1029, 1356, 1351, 23, 7.50%, 0, 0, 3, 8.61
1747843662, 0, 1030, 1356, 1351, 23, 7.50%, 0, 0, 3, 8.94
1747843678, 0, 1031, 1356, 1351, 23, 7.50%, 0, 0, 3, 8.47
1747843693, 0, 1032, 1356, 1351, 23, 7.50%, 0, 0, 3, 8.47
1747843708, 0, 1033, 1356, 1351, 23, 7.50%, 0, 0, 3, 8.20
1747843724, 0, 1034, 1356, 1351, 23, 7.50%, 0, 0, 3, 9.30
1747843739, 0, 1035, 1356, 1351, 23, 7.50%, 0, 0, 3, 8.34
1747843755, 0, 1036, 1356, 1351, 23, 7.50%, 0, 0, 3, 8.75
1747843770, 0, 1037, 1356, 1351, 23, 7.50%, 0, 0, 3, 8.93
1747843781, 0, 1038, 1356, 1351, 23, 7.50%, 0, 0, 3, 9.22
1747843796, 0, 1040, 1356, 1351, 23, 7.50%, 0, 0, 3, 8.29
1747843811, 0, 1041, 1356, 1351, 23, 7.50%, 0, 0, 3, 9.10
1747843822, 0, 1041, 1357, 1352, 23, 7.50%, 0, 0, 3, 7.81
1747843842, 0, 1042, 1357, 1352, 23, 7.50%, 0, 0, 3, 8.99
1747843858, 0, 1044, 1357, 1352, 23, 7.50%, 0, 0, 3, 8.56
1747843873, 0, 1047, 1357, 1352, 23, 7.50%, 0, 0, 3, 8.63
1747843889, 0, 1048, 1357, 1352, 23, 7.50%, 0, 0, 3, 8.29
1747843904, 0, 1049, 1357, 1352, 23, 7.50%, 0, 0, 3, 8.90
1747843920, 0, 1050, 1357, 1352, 23, 7.50%, 0, 0, 3, 8.65
1747843935, 0, 1051, 1357, 1352, 23, 7.50%, 0, 0, 3, 8.49
1747843950, 0, 1052, 1357, 1352, 23, 7.50%, 0, 0, 3, 9.09
1747843965, 0, 1053, 1357, 1352, 23, 7.50%, 0, 0, 3, 8.37
1747843981, 0, 1054, 1357, 1352, 23, 7.50%, 0, 0, 3, 8.47
1747843997, 0, 1055, 1357, 1352, 23, 7.50%, 0, 0, 3, 8.36
1747844012, 0, 1056, 1357, 1352, 23, 7.50%, 0, 0, 3, 8.36
1747844028, 0, 1057, 1357, 1352, 23, 7.50%, 0, 0, 3, 8.80
1747844043, 0, 1058, 1357, 1352, 23, 7.50%, 0, 0, 3, 8.69
1747844053, 0, 1059, 1357, 1352, 23, 7.50%, 0, 0, 3, 8.59
1747844058, 0, 1059, 1358, 1353, 23, 7.50%, 0, 0, 3, 7.68
1747844090, 0, 1060, 1358, 1353, 23, 7.50%, 0, 0, 3, 7.93
1747844105, 0, 1061, 1358, 1353, 23, 7.50%, 0, 0, 3, 8.38
1747844121, 0, 1062, 1358, 1353, 23, 7.50%, 0, 0, 3, 8.40
1747844136, 0, 1063, 1358, 1353, 23, 7.50%, 0, 0, 3, 9.43
1747844147, 0, 1065, 1358, 1353, 23, 7.50%, 0, 0, 3, 9.43
1747844162, 0, 1067, 1358, 1353, 23, 7.50%, 0, 0, 3, 7.94
1747844178, 0, 1068, 1358, 1353, 23, 7.50%, 0, 0, 3, 9.03
1747844193, 0, 1069, 1358, 1353, 23, 7.50%, 0, 0, 3, 9.16
1747844208, 0, 1071, 1358, 1353, 23, 7.50%, 0, 0, 3, 8.49
1747844224, 0, 1073, 1358, 1353, 23, 7.50%, 0, 0, 3, 8.50
1747844239, 0, 1074, 1358, 1353, 23, 7.50%, 0, 0, 3, 8.54
1747844244, 0, 1074, 1359, 1354, 23, 7.50%, 0, 0, 3, 7.51
1747844271, 0, 1075, 1359, 1354, 23, 7.50%, 0, 0, 3, 8.56
1747844286, 0, 1076, 1359, 1354, 23, 7.50%, 0, 0, 3, 8.36
1747844302, 0, 1077, 1359, 1354, 23, 7.50%, 0, 0, 3, 8.36
1747844317, 0, 1078, 1359, 1354, 23, 7.50%, 0, 0, 3, 8.41
1747844332, 0, 1079, 1359, 1354, 23, 7.50%, 0, 0, 3, 8.60
1747844348, 0, 1081, 1359, 1354, 23, 7.50%, 0, 0, 3, 8.59
1747844363, 0, 1082, 1359, 1354, 23, 7.50%, 0, 0, 3, 8.45
1747844379, 0, 1083, 1359, 1354, 23, 7.50%, 0, 0, 3, 8.25
1747844394, 0, 1084, 1359, 1354, 23, 7.50%, 0, 0, 3, 9.20
1747844409, 0, 1085, 1359, 1354, 23, 7.50%, 0, 0, 3, 8.24
1747844425, 0, 1086, 1359, 1354, 23, 7.50%, 0, 0, 3, 8.22
1747844440, 0, 1087, 1359, 1354, 23, 7.50%, 0, 0, 3, 8.48
1747844456, 0, 1088, 1359, 1354, 23, 7.50%, 0, 0, 3, 8.38
1747844471, 0, 1089, 1359, 1354, 23, 7.50%, 0, 0, 3, 8.61
1747844487, 0, 1090, 1359, 1354, 23, 7.50%, 0, 0, 3, 8.09
1747844502, 0, 1091, 1359, 1354, 23, 7.50%, 0, 0, 3, 8.92
1747844517, 0, 1093, 1359, 1354, 23, 7.50%, 0, 0, 3, 7.96
1747844533, 0, 1094, 1359, 1354, 23, 7.50%, 0, 0, 3, 8.19
1747844548, 0, 1095, 1359, 1354, 23, 7.50%, 0, 0, 3, 8.19
1747844563, 0, 1096, 1359, 1354, 23, 7.50%, 0, 0, 3, 11.34
1747850750, 0, 1097, 1359, 1353, 22, 7.50%, 0, 0, 3, 11.64
1747850766, 0, 1099, 1359, 1353, 22, 7.50%, 0, 0, 3, 8.36
1747850786, 0, 1100, 1359, 1353, 22, 7.50%, 0, 0, 3, 8.19
1747850802, 0, 1101, 1359, 1353, 22, 7.50%, 0, 0, 3, 8.41
1747850817, 0, 1102, 1359, 1353, 22, 7.50%, 0, 0, 3, 8.50
1747850832, 0, 1103, 1359, 1353, 22, 7.50%, 0, 0, 3, 9.25
1747850843, 0, 1104, 1359, 1353, 22, 7.50%, 0, 0, 3, 9.08
1747850858, 0, 1105, 1359, 1353, 22, 7.50%, 0, 0, 3, 8.96
1747850863, 0, 1105, 1360, 1354, 22, 7.50%, 0, 0, 3, 8.22
1747850894, 0, 1106, 1360, 1354, 22, 7.50%, 0, 0, 3, 8.28
1747850899, 0, 1106, 1361, 1355, 22, 7.50%, 0, 0, 3, 7.67
1747850909, 0, 1106, 1362, 1356, 22, 7.50%, 0, 0, 3, 7.60
1747850950, 0, 1108, 1362, 1356, 22, 7.50%, 0, 0, 3, 12.83
1747850960, 0, 1109, 1362, 1356, 22, 7.50%, 0, 0, 3, 13.73
1747850971, 0, 1110, 1362, 1356, 22, 7.50%, 0, 0, 3, 13.97
1747850981, 0, 1111, 1362, 1356, 22, 7.50%, 0, 0, 3, 13.54
1747850986, 0, 1112, 1362, 1356, 22, 7.50%, 0, 0, 3, 13.76
1747850996, 0, 1113, 1362, 1356, 22, 7.50%, 0, 0, 3, 14.70
1747851006, 0, 1114, 1362, 1356, 22, 7.50%, 0, 0, 3, 14.09
1747851017, 0, 1115, 1362, 1356, 22, 7.50%, 0, 0, 3, 13.81
1747851022, 0, 1116, 1362, 1356, 22, 7.50%, 0, 0, 3, 14.40
1747851032, 0, 1117, 1362, 1356, 22, 7.50%, 0, 0, 3, 15.23
1747851042, 0, 1118, 1362, 1356, 22, 7.50%, 0, 0, 3, 15.11
1747851052, 0, 1120, 1362, 1356, 22, 7.50%, 0, 0, 3, 13.20
1747851058, 0, 1121, 1362, 1356, 22, 7.50%, 0, 0, 3, 13.37
1747851068, 0, 1122, 1362, 1356, 22, 7.50%, 0, 0, 3, 13.92
1747851078, 0, 1123, 1362, 1356, 22, 7.50%, 0, 0, 3, 14.33
1747851088, 0, 1124, 1362, 1356, 22, 7.50%, 0, 0, 3, 14.69
1747851093, 0, 1125, 1362, 1356, 22, 7.50%, 0, 0, 3, 15.80
1747851103, 0, 1126, 1362, 1356, 22, 7.50%, 0, 0, 3, 14.93
1747851114, 0, 1127, 1362, 1356, 22, 7.50%, 0, 0, 3, 14.22
1747851124, 0, 1128, 1362, 1356, 22, 7.50%, 0, 0, 3, 14.27
1747851129, 0, 1129, 1362, 1356, 22, 7.50%, 0, 0, 3, 14.75
1747851139, 0, 1130, 1362, 1356, 22, 7.50%, 0, 0, 3, 13.91
1747851149, 0, 1131, 1362, 1356, 22, 7.50%, 0, 0, 3, 13.24
1747851160, 0, 1132, 1362, 1356, 22, 7.50%, 0, 0, 3, 13.31
1747851170, 0, 1133, 1362, 1356, 22, 7.50%, 0, 0, 3, 13.80
1747851180, 0, 1135, 1362, 1356, 22, 7.50%, 0, 0, 3, 14.26
1747851185, 0, 1139, 1362, 1356, 22, 7.50%, 0, 0, 3, 14.36
1747851196, 0, 1140, 1362, 1356, 22, 7.50%, 0, 0, 3, 15.01
1747851206, 0, 1141, 1362, 1356, 22, 7.50%, 0, 0, 3, 13.66
1747851216, 0, 1143, 1362, 1356, 22, 7.50%, 0, 0, 3, 12.58
1747851226, 0, 1144, 1362, 1356, 22, 7.50%, 0, 0, 3, 9.07
1747851242, 0, 1145, 1362, 1356, 22, 7.50%, 0, 0, 3, 8.14
1747851252, 0, 1145, 1363, 1357, 22, 7.50%, 0, 0, 3, 7.73
1747851273, 0, 1146, 1363, 1357, 22, 7.50%, 0, 0, 3, 8.98
1747851288, 0, 1148, 1363, 1357, 22, 7.50%, 0, 0, 3, 8.33
1747851303, 0, 1149, 1363, 1357, 22, 7.50%, 0, 0, 3, 8.29
1747851319, 0, 1152, 1363, 1357, 22, 7.50%, 0, 0, 3, 8.20
1747851335, 0, 1153, 1363, 1357, 22, 7.50%, 0, 0, 3, 8.27
1747851350, 0, 1154, 1363, 1357, 22, 7.50%, 0, 0, 3, 8.64
1747851365, 0, 1155, 1363, 1357, 22, 7.50%, 0, 0, 3, 9.04
1747851381, 0, 1156, 1363, 1357, 22, 7.50%, 0, 0, 3, 8.39
1747851396, 0, 1157, 1363, 1357, 22, 7.50%, 0, 0, 3, 8.45
1747851412, 0, 1158, 1363, 1357, 22, 7.50%, 0, 0, 3, 8.08
1747851427, 0, 1160, 1363, 1357, 22, 7.50%, 0, 0, 3, 8.21
1747851442, 0, 1161, 1363, 1357, 22, 7.50%, 0, 0, 3, 7.90
1747851458, 0, 1162, 1363, 1357, 22, 7.50%, 0, 0, 3, 8.12
1747851473, 0, 1165, 1363, 1357, 22, 7.50%, 0, 0, 3, 8.83
1747851489, 0, 1166, 1363, 1357, 22, 7.50%, 0, 0, 3, 8.73
1747851504, 0, 1167, 1363, 1357, 22, 7.50%, 0, 0, 3, 9.02
1747851520, 0, 1168, 1363, 1357, 22, 7.50%, 0, 0, 3, 8.90
1747851535, 0, 1169, 1363, 1357, 22, 7.50%, 0, 0, 3, 8.30
1747851550, 0, 1170, 1363, 1357, 22, 7.50%, 0, 0, 3, 8.34
1747851566, 0, 1171, 1363, 1357, 22, 7.50%, 0, 0, 3, 8.86
1747851581, 0, 1173, 1363, 1357, 22, 7.50%, 0, 0, 3, 8.39
1747851597, 0, 1176, 1363, 1357, 22, 7.50%, 0, 0, 3, 8.61
1747851612, 0, 1177, 1363, 1357, 22, 7.50%, 0, 0, 3, 8.47
1747851627, 0, 1178, 1363, 1357, 22, 7.50%, 0, 0, 3, 8.32
1747851643, 0, 1179, 1363, 1357, 22, 7.50%, 0, 0, 3, 8.87
1747851658, 0, 1180, 1363, 1357, 22, 7.50%, 0, 0, 3, 8.56
1747851669, 0, 1182, 1363, 1357, 22, 7.50%, 0, 0, 3, 8.52
1747851685, 0, 1183, 1363, 1357, 22, 7.50%, 0, 0, 3, 8.14
1747851695, 0, 1183, 1364, 1358, 22, 7.50%, 0, 0, 3, 8.02
1747851720, 0, 1184, 1364, 1358, 23, 7.50%, 0, 0, 3, 8.13
1747851726, 0, 1184, 1365, 1359, 23, 7.50%, 0, 0, 3, 7.59
1747851752, 0, 1185, 1365, 1359, 23, 7.50%, 0, 0, 3, 8.69
1747851767, 0, 1188, 1365, 1359, 23, 7.50%, 0, 0, 3, 8.85
1747851782, 0, 1189, 1365, 1359, 23, 7.50%, 0, 0, 3, 8.48
1747851798, 0, 1191, 1365, 1359, 23, 7.50%, 0, 0, 3, 7.96
1747851813, 0, 1192, 1365, 1359, 23, 7.50%, 0, 0, 3, 8.46
1747851829, 0, 1193, 1365, 1359, 23, 7.50%, 0, 0, 3, 8.61
1747851844, 0, 1194, 1365, 1359, 23, 7.50%, 0, 0, 3, 9.13
1747851860, 0, 1195, 1365, 1359, 23, 7.50%, 0, 0, 3, 8.50
1747851875, 0, 1196, 1365, 1359, 23, 7.50%, 0, 0, 3, 8.70
1747851890, 0, 1197, 1365, 1359, 23, 7.50%, 0, 0, 3, 8.12
1747851906, 0, 1200, 1365, 1359, 23, 7.50%, 0, 0, 3, 8.41
1747851921, 0, 1202, 1365, 1359, 23, 7.50%, 0, 0, 3, 8.40
1747851932, 0, 1202, 1366, 1360, 23, 7.50%, 0, 0, 3, 7.73
1747851952, 0, 1203, 1366, 1360, 23, 7.50%, 0, 0, 3, 7.99
1747851967, 0, 1204, 1366, 1360, 23, 7.50%, 0, 0, 3, 8.20
1747851983, 0, 1205, 1366, 1360, 23, 7.50%, 0, 0, 3, 8.19
1747851998, 0, 1206, 1366, 1360, 23, 7.50%, 0, 0, 3, 8.45
1747852014, 0, 1206, 1367, 1361, 23, 7.50%, 0, 0, 3, 8.01
1747852029, 0, 1207, 1367, 1361, 23, 7.50%, 0, 0, 3, 8.25
1747852050, 0, 1208, 1367, 1361, 23, 7.50%, 0, 0, 3, 8.95
1747852065, 0, 1209, 1367, 1361, 23, 7.50%, 0, 0, 3, 8.88
1747852075, 0, 1211, 1367, 1361, 23, 7.50%, 0, 0, 3, 9.05
1747852091, 0, 1212, 1367, 1361, 23, 7.50%, 0, 0, 3, 8.38
1747852106, 0, 1213, 1367, 1361, 23, 7.50%, 0, 0, 3, 8.07
1747852122, 0, 1214, 1367, 1361, 23, 7.50%, 0, 0, 3, 7.93
1747852137, 0, 1215, 1367, 1361, 23, 7.50%, 0, 0, 3, 8.73
1747852152, 0, 1216, 1367, 1361, 23, 7.50%, 0, 0, 3, 8.28
1747852158, 0, 1216, 1368, 1362, 23, 7.50%, 0, 0, 3, 7.86
1747852188, 0, 1217, 1368, 1362, 23, 7.50%, 0, 0, 3, 8.28
1747852204, 0, 1219, 1368, 1362, 23, 7.50%, 0, 0, 3, 8.07
1747852219, 0, 1220, 1368, 1362, 23, 7.50%, 0, 0, 3, 8.60
1747852234, 0, 1221, 1368, 1362, 23, 7.50%, 0, 0, 3, 7.86
1747852250, 0, 1222, 1368, 1362, 23, 7.50%, 0, 0, 3, 8.06
1747852265, 0, 1223, 1368, 1362, 23, 7.50%, 0, 0, 3, 8.17
1747852281, 0, 1224, 1368, 1362, 23, 7.50%, 0, 0, 3, 9.30
1747852296, 0, 1225, 1368, 1362, 23, 7.50%, 0, 0, 3, 8.56
1747852312, 0, 1227, 1368, 1362, 23, 7.50%, 0, 0, 3, 8.18
1747852327, 0, 1228, 1368, 1362, 23, 7.50%, 0, 0, 3, 8.10
1747852343, 0, 1230, 1368, 1362, 23, 7.50%, 0, 0, 3, 8.46
1747852358, 0, 1231, 1368, 1362, 23, 7.50%, 0, 0, 3, 8.42
1747852373, 0, 1232, 1368, 1362, 23, 7.50%, 0, 0, 3, 8.16
1747852389, 0, 1234, 1368, 1362, 23, 7.50%, 0, 0, 3, 8.35
1747852404, 0, 1235, 1368, 1362, 23, 7.50%, 0, 0, 3, 8.72
1747852420, 0, 1236, 1368, 1362, 23, 7.50%, 0, 0, 3, 8.47
1747852436, 0, 1237, 1368, 1362, 23, 7.50%, 0, 0, 3, 8.33
1747852451, 0, 1239, 1368, 1362, 23, 7.50%, 0, 0, 3, 8.06
1747852467, 0, 1241, 1368, 1362, 23, 7.50%, 0, 0, 3, 8.23
1747852482, 0, 1242, 1369, 1363, 23, 7.50%, 0, 0, 3, 8.01
1747852513, 0, 1243, 1369, 1363, 23, 7.50%, 0, 0, 3, 8.71
1747852528, 0, 1245, 1369, 1363, 23, 7.50%, 0, 0, 3, 8.36
1747852544, 0, 1247, 1369, 1363, 23, 7.50%, 0, 0, 3, 8.86
1747852559, 0, 1248, 1369, 1363, 23, 7.50%, 0, 0, 3, 8.29
1747852575, 0, 1249, 1369, 1363, 23, 7.50%, 0, 0, 3, 8.74
1747852590, 0, 1250, 1369, 1363, 23, 7.50%, 0, 0, 3, 8.89
1747852606, 0, 1251, 1369, 1363, 23, 7.50%, 0, 0, 3, 7.79
1747852621, 0, 1252, 1369, 1363, 23, 7.50%, 0, 0, 3, 9.15
1747860500, 0, 1252, 1370, 1364, 23, 7.50%, 0, 0, 4, 8.28
