# unix_time, cycles_done, cur_path, paths_total, pending_total, pending_favs, map_size, unique_crashes, unique_hangs, max_depth, execs_per_sec
1747817486, 0, 0, 1, 1, 1, 3.78%, 0, 0, 1, 93.02
1747817491, 0, 0, 34, 34, 1, 5.33%, 0, 0, 2, 86.04
1747817496, 0, 0, 58, 58, 1, 5.34%, 0, 0, 2, 85.23
1747817501, 0, 0, 72, 72, 1, 5.34%, 0, 0, 2, 84.58
1747817506, 0, 0, 84, 84, 1, 5.34%, 0, 0, 2, 84.35
1747817511, 0, 0, 90, 90, 1, 5.34%, 0, 0, 2, 89.04
1747817517, 0, 0, 92, 92, 1, 5.34%, 0, 0, 2, 89.29
1747817522, 0, 0, 97, 97, 1, 5.34%, 0, 0, 2, 60.61
1747817527, 0, 0, 99, 99, 1, 5.41%, 0, 0, 2, 54.60
1747817532, 0, 0, 104, 104, 1, 5.41%, 0, 0, 2, 52.67
1747817537, 0, 0, 108, 108, 1, 5.56%, 0, 0, 2, 50.43
1747817542, 0, 0, 111, 111, 1, 5.56%, 0, 0, 2, 78.64
1747817547, 0, 0, 115, 115, 1, 5.57%, 0, 0, 2, 87.73
1747817557, 0, 0, 119, 119, 1, 5.57%, 0, 0, 2, 87.04
1747817562, 0, 0, 121, 121, 1, 5.57%, 0, 0, 2, 90.91
1747817567, 0, 0, 122, 122, 1, 5.57%, 0, 0, 2, 92.25
1747817573, 0, 0, 123, 123, 1, 5.57%, 0, 0, 2, 92.35
1747817578, 0, 0, 124, 124, 1, 5.57%, 0, 0, 2, 90.38
1747817583, 0, 0, 125, 125, 1, 5.57%, 0, 0, 2, 91.90
1747817593, 0, 0, 127, 127, 1, 5.57%, 0, 0, 2, 91.34
1747817598, 0, 0, 130, 130, 1, 5.58%, 0, 0, 2, 87.54
1747817603, 0, 0, 132, 132, 1, 5.58%, 0, 0, 2, 90.65
1747817609, 0, 0, 133, 133, 1, 5.58%, 0, 0, 2, 90.74
1747817619, 0, 0, 134, 134, 1, 5.58%, 0, 0, 2, 90.34
1747817624, 0, 0, 136, 136, 1, 5.58%, 0, 0, 2, 90.30
1747817629, 0, 0, 139, 139, 1, 5.58%, 0, 0, 2, 89.72
1747817634, 0, 0, 141, 141, 1, 5.58%, 0, 0, 2, 91.07
1747817644, 0, 0, 143, 143, 1, 5.58%, 0, 0, 2, 89.74
1747817650, 0, 0, 145, 145, 1, 5.59%, 0, 0, 2, 88.33
1747817655, 0, 0, 146, 146, 1, 5.59%, 0, 0, 2, 89.58
1747817660, 0, 0, 148, 148, 1, 5.59%, 0, 0, 2, 88.76
1747817675, 0, 0, 149, 149, 1, 5.59%, 0, 0, 2, 89.52
1747817680, 0, 0, 150, 150, 1, 5.59%, 0, 0, 2, 90.26
1747817686, 0, 0, 151, 151, 1, 5.59%, 0, 0, 2, 90.23
1747817691, 0, 0, 152, 152, 1, 5.59%, 0, 0, 2, 90.41
1747817696, 0, 1, 169, 168, 7, 5.62%, 0, 0, 2, 61.66
1747817701, 0, 1, 188, 187, 7, 5.62%, 0, 0, 2, 54.18
1747817706, 0, 1, 198, 197, 7, 5.62%, 0, 0, 2, 56.26
1747817711, 0, 1, 212, 211, 7, 5.63%, 0, 0, 2, 55.62
1747817716, 0, 1, 220, 219, 7, 5.64%, 0, 0, 2, 55.69
1747817721, 0, 1, 229, 228, 7, 5.64%, 0, 0, 2, 55.53
1747817726, 0, 1, 238, 237, 7, 5.64%, 0, 0, 2, 55.92
1747817732, 0, 1, 244, 243, 7, 5.64%, 0, 0, 2, 55.93
1747817737, 0, 1, 249, 248, 7, 5.66%, 0, 0, 2, 56.77
1747817742, 0, 1, 252, 251, 7, 5.66%, 0, 0, 2, 57.49
1747817747, 0, 1, 258, 257, 7, 5.66%, 0, 0, 2, 55.39
1747817752, 0, 1, 264, 263, 7, 5.66%, 0, 0, 2, 55.29
1747817757, 0, 1, 269, 268, 7, 5.67%, 0, 0, 2, 56.09
1747817762, 0, 1, 273, 272, 7, 5.67%, 0, 0, 2, 56.49
1747817767, 0, 1, 275, 274, 7, 5.67%, 0, 0, 2, 57.02
1747817772, 0, 1, 277, 276, 7, 5.67%, 0, 0, 2, 57.74
1747817777, 0, 1, 280, 279, 7, 5.67%, 0, 0, 2, 56.95
1747817782, 0, 1, 285, 284, 7, 5.67%, 0, 0, 2, 55.75
1747817787, 0, 2, 287, 286, 11, 5.67%, 0, 0, 2, 56.03
1747817793, 0, 2, 290, 289, 11, 5.67%, 0, 0, 2, 54.09
1747817798, 0, 2, 294, 293, 11, 5.67%, 0, 0, 2, 53.79
1747817803, 0, 2, 296, 295, 11, 5.69%, 0, 0, 2, 55.39
1747817808, 0, 2, 300, 299, 11, 5.69%, 0, 0, 2, 54.26
1747817813, 0, 2, 301, 300, 11, 5.69%, 0, 0, 2, 55.18
1747817818, 0, 2, 302, 301, 11, 5.69%, 0, 0, 2, 56.04
1747817823, 0, 2, 303, 302, 11, 5.69%, 0, 0, 2, 56.30
1747817828, 0, 2, 305, 304, 11, 5.70%, 0, 0, 2, 55.34
1747817833, 0, 2, 308, 307, 11, 5.70%, 0, 0, 2, 55.59
1747817843, 0, 2, 310, 309, 11, 5.70%, 0, 0, 2, 49.16
1747817848, 0, 2, 311, 310, 11, 5.70%, 0, 0, 2, 36.19
1747817859, 0, 2, 312, 311, 11, 5.70%, 0, 0, 2, 32.69
1747817869, 0, 2, 313, 312, 11, 5.70%, 0, 0, 2, 32.99
1747817879, 0, 4, 319, 318, 12, 5.70%, 0, 0, 2, 27.10
1747817884, 0, 4, 329, 328, 12, 5.83%, 0, 0, 2, 23.54
1747817889, 0, 4, 339, 338, 12, 5.83%, 0, 0, 2, 22.99
1747817894, 0, 4, 346, 345, 12, 5.83%, 0, 0, 2, 23.16
1747817899, 0, 4, 357, 356, 12, 5.91%, 0, 0, 2, 35.80
1747817904, 0, 4, 366, 365, 12, 5.91%, 0, 0, 2, 38.96
1747817909, 0, 4, 373, 372, 12, 5.91%, 0, 0, 2, 39.19
1747817915, 0, 4, 382, 381, 12, 5.91%, 0, 0, 2, 39.32
1747817920, 0, 4, 388, 387, 12, 5.91%, 0, 0, 2, 39.54
1747817925, 0, 4, 391, 390, 12, 5.91%, 0, 0, 2, 40.48
1747817930, 0, 4, 396, 395, 12, 5.91%, 0, 0, 2, 39.98
1747817935, 0, 4, 402, 401, 12, 6.14%, 0, 0, 2, 39.35
1747817940, 0, 4, 406, 405, 12, 6.61%, 0, 0, 2, 39.90
1747817945, 0, 4, 407, 406, 12, 6.61%, 0, 0, 2, 41.37
1747817956, 0, 4, 410, 409, 12, 6.61%, 0, 0, 2, 40.57
1747817961, 0, 4, 413, 412, 12, 6.61%, 0, 0, 2, 40.62
1747817966, 0, 4, 415, 414, 12, 6.61%, 0, 0, 2, 40.10
1747817971, 0, 4, 418, 417, 12, 6.61%, 0, 0, 2, 40.13
1747817976, 0, 4, 419, 418, 12, 6.61%, 0, 0, 2, 40.67
1747817981, 0, 4, 423, 422, 12, 6.61%, 0, 0, 2, 40.38
1747817986, 0, 4, 426, 425, 12, 6.61%, 0, 0, 2, 39.99
1747817992, 0, 4, 428, 427, 12, 6.61%, 0, 0, 2, 39.90
1747817997, 0, 4, 429, 428, 12, 6.61%, 0, 0, 2, 40.86
1747818002, 0, 4, 433, 432, 12, 6.62%, 0, 0, 2, 40.34
1747818007, 0, 4, 434, 433, 12, 6.62%, 0, 0, 2, 27.86
1747818012, 0, 4, 436, 435, 12, 6.62%, 0, 0, 2, 24.20
1747818018, 0, 5, 437, 436, 7, 6.63%, 0, 0, 2, 27.10
1747818023, 0, 7, 443, 442, 7, 6.63%, 0, 0, 2, 24.04
1747818028, 0, 7, 453, 452, 7, 6.74%, 0, 0, 2, 19.00
1747818033, 0, 7, 462, 461, 7, 6.74%, 0, 0, 2, 18.37
1747818038, 0, 7, 471, 470, 7, 6.74%, 0, 0, 2, 17.93
1747818043, 0, 7, 480, 479, 7, 6.77%, 0, 0, 2, 18.14
1747818048, 0, 7, 489, 488, 7, 6.77%, 0, 0, 2, 18.09
1747818053, 0, 7, 497, 496, 7, 6.78%, 0, 0, 2, 18.32
1747818058, 0, 7, 505, 504, 7, 6.94%, 0, 0, 2, 17.83
1747818064, 0, 7, 511, 510, 7, 6.94%, 0, 0, 2, 18.14
1747818069, 0, 7, 518, 517, 7, 6.97%, 0, 0, 2, 17.76
1747818074, 0, 7, 524, 523, 7, 6.97%, 0, 0, 2, 17.54
1747818079, 0, 7, 528, 527, 7, 6.97%, 0, 0, 2, 18.16
1747818084, 0, 7, 531, 530, 7, 6.97%, 0, 0, 2, 18.30
1747818089, 0, 7, 538, 537, 7, 6.97%, 0, 0, 2, 17.59
1747818094, 0, 7, 542, 541, 7, 6.97%, 0, 0, 2, 18.05
1747818099, 0, 7, 546, 545, 7, 6.97%, 0, 0, 2, 18.13
1747818104, 0, 7, 551, 550, 7, 6.97%, 0, 0, 2, 18.09
1747818109, 0, 7, 554, 553, 7, 6.97%, 0, 0, 2, 17.75
1747818114, 0, 7, 557, 556, 7, 6.97%, 0, 0, 2, 17.81
1747818119, 0, 7, 560, 559, 7, 6.97%, 0, 0, 2, 18.11
1747818125, 0, 7, 564, 563, 7, 6.97%, 0, 0, 2, 18.16
1747818130, 0, 7, 568, 567, 7, 6.97%, 0, 0, 2, 17.97
1747818135, 0, 7, 571, 570, 7, 6.97%, 0, 0, 2, 18.11
1747818140, 0, 7, 573, 572, 7, 6.99%, 0, 0, 2, 18.02
1747818145, 0, 7, 576, 575, 7, 6.99%, 0, 0, 2, 17.82
1747818155, 0, 7, 577, 576, 7, 7.00%, 0, 0, 2, 18.31
1747818160, 0, 7, 579, 578, 7, 7.00%, 0, 0, 2, 18.31
1747818165, 0, 7, 583, 582, 7, 7.00%, 0, 0, 2, 17.49
1747818176, 0, 7, 585, 584, 7, 7.00%, 0, 0, 2, 18.06
1747818181, 0, 7, 587, 586, 7, 7.00%, 0, 0, 2, 18.07
1747818186, 0, 7, 588, 587, 7, 7.00%, 0, 0, 2, 18.12
1747818191, 0, 7, 589, 588, 7, 7.00%, 0, 0, 2, 18.40
1747818196, 0, 7, 590, 589, 7, 7.00%, 0, 0, 2, 18.32
1747818206, 0, 7, 592, 591, 7, 7.00%, 0, 0, 2, 18.19
1747818211, 0, 7, 595, 594, 7, 7.00%, 0, 0, 2, 17.67
1747818216, 0, 7, 598, 597, 7, 7.00%, 0, 0, 2, 17.97
1747818221, 0, 7, 599, 598, 7, 7.00%, 0, 0, 2, 17.98
1747818232, 0, 7, 600, 599, 7, 7.00%, 0, 0, 2, 18.40
1747818237, 0, 7, 604, 603, 7, 7.00%, 0, 0, 2, 18.19
1747818242, 0, 7, 605, 604, 7, 7.00%, 0, 0, 2, 17.95
1747818247, 0, 7, 606, 605, 7, 7.00%, 0, 0, 2, 18.23
1747818252, 0, 7, 607, 606, 7, 7.05%, 0, 0, 2, 18.15
1747818262, 0, 7, 608, 607, 7, 7.05%, 0, 0, 2, 18.37
1747818268, 0, 7, 611, 610, 7, 7.05%, 0, 0, 2, 17.97
1747818273, 0, 7, 612, 611, 7, 7.05%, 0, 0, 2, 18.07
1747818278, 0, 7, 613, 612, 7, 7.05%, 0, 0, 2, 18.19
1747818288, 0, 7, 618, 617, 7, 7.06%, 0, 0, 2, 23.57
1747818293, 0, 7, 626, 625, 7, 7.06%, 0, 0, 2, 28.65
1747818298, 0, 7, 633, 632, 7, 7.06%, 0, 0, 2, 30.15
1747818303, 0, 7, 638, 637, 7, 7.06%, 0, 0, 2, 31.06
1747818308, 0, 7, 644, 643, 7, 7.06%, 0, 0, 2, 30.69
1747818313, 0, 7, 646, 645, 7, 7.06%, 0, 0, 2, 31.08
1747818318, 0, 8, 648, 647, 16, 7.06%, 0, 0, 2, 30.85
1747818323, 0, 11, 648, 647, 16, 7.06%, 0, 0, 2, 52.10
1747818328, 0, 14, 654, 653, 16, 7.06%, 0, 0, 2, 38.34
1747818334, 0, 14, 661, 660, 16, 7.06%, 0, 0, 2, 31.63
1747818339, 0, 14, 664, 663, 16, 7.06%, 0, 0, 2, 30.09
1747818344, 0, 14, 668, 667, 16, 7.06%, 0, 0, 2, 29.72
1747818349, 0, 14, 671, 670, 16, 7.06%, 0, 0, 2, 30.07
1747818354, 0, 14, 674, 673, 16, 7.06%, 0, 0, 2, 29.90
1747818359, 0, 14, 676, 675, 16, 7.06%, 0, 0, 2, 30.12
1747818364, 0, 14, 678, 677, 16, 7.06%, 0, 0, 2, 30.02
1747818369, 0, 14, 681, 680, 16, 7.06%, 0, 0, 2, 30.12
1747818375, 0, 14, 684, 683, 16, 7.07%, 0, 0, 2, 29.51
1747818380, 0, 14, 687, 686, 16, 7.07%, 0, 0, 2, 29.14
1747818385, 0, 14, 689, 688, 16, 7.07%, 0, 0, 2, 29.48
1747818390, 0, 14, 691, 690, 16, 7.07%, 0, 0, 2, 29.93
1747818395, 0, 14, 693, 692, 16, 7.07%, 0, 0, 2, 30.15
1747818411, 0, 14, 694, 693, 16, 7.07%, 0, 0, 2, 29.77
1747818416, 0, 14, 697, 696, 16, 7.07%, 0, 0, 2, 29.64
1747818431, 0, 14, 699, 698, 16, 7.07%, 0, 0, 2, 29.66
1747818436, 0, 14, 700, 699, 16, 7.07%, 0, 0, 2, 29.87
1747818441, 0, 14, 702, 701, 16, 7.07%, 0, 0, 2, 27.52
1747818452, 0, 14, 705, 704, 16, 7.07%, 0, 0, 2, 29.15
1747818457, 0, 14, 706, 705, 16, 7.07%, 0, 0, 2, 29.23
1747818482, 0, 16, 710, 709, 14, 7.07%, 0, 0, 2, 28.88
1747818487, 0, 16, 713, 712, 14, 7.07%, 0, 0, 2, 28.85
1747818493, 0, 16, 718, 717, 14, 7.10%, 0, 0, 2, 28.46
1747818498, 0, 16, 721, 720, 14, 7.10%, 0, 0, 2, 27.79
1747818503, 0, 16, 725, 724, 14, 7.10%, 0, 0, 2, 28.13
1747818508, 0, 16, 730, 729, 14, 7.10%, 0, 0, 2, 27.81
1747818513, 0, 16, 731, 730, 14, 7.10%, 0, 0, 2, 28.34
1747818518, 0, 16, 735, 734, 14, 7.10%, 0, 0, 2, 27.18
1747818523, 0, 16, 739, 738, 14, 7.10%, 0, 0, 2, 27.84
1747818533, 0, 16, 745, 744, 14, 7.10%, 0, 0, 2, 27.37
1747818539, 0, 16, 749, 748, 14, 7.10%, 0, 0, 2, 27.71
1747818544, 0, 16, 750, 749, 14, 7.10%, 0, 0, 2, 27.98
1747818549, 0, 16, 752, 751, 14, 7.10%, 0, 0, 2, 28.26
1747818554, 0, 16, 753, 752, 14, 7.10%, 0, 0, 2, 27.77
1747818559, 0, 16, 754, 753, 14, 7.10%, 0, 0, 2, 27.85
1747818564, 0, 16, 755, 754, 14, 7.10%, 0, 0, 2, 28.23
1747818569, 0, 16, 757, 756, 14, 7.10%, 0, 0, 2, 28.30
1747818579, 0, 16, 759, 758, 14, 7.10%, 0, 0, 2, 28.22
1747818584, 0, 16, 761, 760, 14, 7.11%, 0, 0, 2, 28.13
1747818590, 0, 16, 762, 761, 14, 7.11%, 0, 0, 2, 27.68
1747818595, 0, 16, 763, 762, 14, 7.11%, 0, 0, 2, 28.32
1747818605, 0, 16, 764, 763, 14, 7.11%, 0, 0, 2, 28.62
1747818610, 0, 16, 765, 764, 14, 7.11%, 0, 0, 2, 28.37
1747818615, 0, 16, 766, 765, 14, 7.11%, 0, 0, 2, 28.57
1747818620, 0, 16, 768, 767, 14, 7.11%, 0, 0, 2, 28.36
1747818625, 0, 16, 770, 769, 14, 7.11%, 0, 0, 2, 28.18
1747818630, 0, 16, 773, 772, 14, 7.11%, 0, 0, 2, 27.94
1747818645, 0, 17, 774, 773, 17, 7.11%, 0, 0, 2, 42.65
1747818651, 0, 20, 780, 779, 17, 7.11%, 0, 0, 2, 34.76
1747818656, 0, 20, 788, 787, 17, 7.11%, 0, 0, 2, 26.59
1747818661, 0, 20, 794, 793, 17, 7.11%, 0, 0, 2, 24.33
1747818666, 0, 20, 800, 799, 17, 7.11%, 0, 0, 2, 24.05
1747818671, 0, 20, 808, 807, 17, 7.11%, 0, 0, 2, 23.28
1747818676, 0, 20, 816, 815, 17, 7.11%, 0, 0, 2, 23.54
1747818681, 0, 20, 820, 819, 17, 7.11%, 0, 0, 2, 23.76
1747818686, 0, 20, 823, 822, 17, 7.12%, 0, 0, 2, 23.86
1747818691, 0, 20, 824, 823, 17, 7.12%, 0, 0, 2, 24.53
1747818697, 0, 20, 827, 826, 17, 7.12%, 0, 0, 2, 24.72
1747818702, 0, 20, 831, 830, 17, 7.12%, 0, 0, 2, 25.13
1747818707, 0, 20, 834, 833, 17, 7.12%, 0, 0, 2, 24.24
1747818712, 0, 20, 837, 836, 17, 7.12%, 0, 0, 2, 24.28
1747818717, 0, 20, 840, 839, 17, 7.12%, 0, 0, 2, 24.40
1747818722, 0, 20, 843, 842, 17, 7.12%, 0, 0, 2, 24.42
1747818727, 0, 20, 846, 845, 17, 7.12%, 0, 0, 2, 24.52
1747818732, 0, 20, 847, 846, 17, 7.12%, 0, 0, 2, 25.06
1747818737, 0, 20, 849, 848, 17, 7.12%, 0, 0, 2, 25.25
1747818742, 0, 20, 851, 850, 17, 7.12%, 0, 0, 2, 24.81
1747818748, 0, 20, 853, 852, 17, 7.12%, 0, 0, 2, 24.40
1747818753, 0, 20, 855, 854, 17, 7.12%, 0, 0, 2, 25.34
1747818773, 0, 20, 857, 856, 17, 7.12%, 0, 0, 2, 24.91
1747818778, 0, 20, 858, 857, 17, 7.12%, 0, 0, 2, 24.71
1747818783, 0, 20, 860, 859, 17, 7.12%, 0, 0, 2, 24.57
1747818804, 0, 20, 862, 861, 17, 7.12%, 0, 0, 2, 25.32
1747818809, 0, 20, 863, 862, 17, 7.12%, 0, 0, 2, 25.10
1747818814, 0, 20, 864, 863, 17, 7.12%, 0, 0, 2, 24.87
1747818819, 0, 20, 865, 864, 17, 7.12%, 0, 0, 2, 24.92
1747818824, 0, 20, 866, 865, 17, 7.12%, 0, 0, 2, 24.57
1747818844, 0, 21, 868, 867, 17, 7.12%, 0, 0, 2, 23.36
1747818849, 0, 21, 876, 875, 17, 7.12%, 0, 0, 2, 19.84
1747818854, 0, 21, 883, 882, 17, 7.12%, 0, 0, 2, 19.62
1747818860, 0, 21, 889, 888, 17, 7.13%, 0, 0, 2, 19.50
1747818865, 0, 21, 893, 892, 17, 7.13%, 0, 0, 2, 20.01
1747818870, 0, 21, 896, 895, 17, 7.13%, 0, 0, 2, 19.87
1747818875, 0, 21, 898, 897, 17, 7.14%, 0, 0, 2, 20.08
1747818880, 0, 21, 900, 899, 17, 7.14%, 0, 0, 2, 19.90
1747818885, 0, 21, 902, 901, 17, 7.14%, 0, 0, 2, 19.96
1747818890, 0, 21, 903, 902, 17, 7.14%, 0, 0, 2, 20.18
1747818895, 0, 21, 905, 904, 17, 7.14%, 0, 0, 2, 19.56
1747818900, 0, 21, 908, 907, 17, 7.14%, 0, 0, 2, 19.86
1747818911, 0, 21, 909, 908, 17, 7.14%, 0, 0, 2, 20.32
1747818916, 0, 21, 911, 910, 17, 7.14%, 0, 0, 2, 20.77
1747818931, 0, 21, 913, 912, 17, 7.14%, 0, 0, 2, 21.04
1747818936, 0, 21, 915, 914, 17, 7.14%, 0, 0, 2, 21.15
1747818942, 0, 21, 917, 916, 17, 7.14%, 0, 0, 2, 20.65
1747818952, 0, 21, 922, 921, 17, 7.28%, 0, 0, 2, 20.16
1747818957, 0, 21, 924, 923, 17, 7.28%, 0, 0, 2, 19.96
1747818962, 0, 21, 929, 928, 17, 7.28%, 0, 0, 2, 19.74
1747818967, 0, 21, 933, 932, 17, 7.28%, 0, 0, 2, 19.59
1747818972, 0, 21, 935, 934, 17, 7.29%, 0, 0, 2, 20.02
1747818977, 0, 21, 937, 936, 17, 7.29%, 0, 0, 2, 20.04
1747818982, 0, 21, 938, 937, 17, 7.29%, 0, 0, 2, 20.37
1747818988, 0, 21, 940, 939, 17, 7.29%, 0, 0, 2, 19.80
1747818993, 0, 21, 941, 940, 17, 7.29%, 0, 0, 2, 20.22
1747818998, 0, 21, 944, 943, 17, 7.29%, 0, 0, 2, 19.76
1747819003, 0, 21, 945, 944, 17, 7.29%, 0, 0, 2, 20.24
1747819008, 0, 21, 948, 947, 17, 7.29%, 0, 0, 2, 19.89
1747819013, 0, 21, 950, 949, 17, 7.29%, 0, 0, 2, 19.52
1747819018, 0, 21, 953, 952, 17, 7.29%, 0, 0, 2, 19.51
1747819023, 0, 21, 954, 953, 17, 7.29%, 0, 0, 2, 20.11
1747819034, 0, 21, 955, 954, 17, 7.29%, 0, 0, 2, 20.21
1747819039, 0, 21, 956, 955, 17, 7.29%, 0, 0, 2, 20.01
1747819044, 0, 21, 958, 957, 17, 7.29%, 0, 0, 2, 19.70
1747819049, 0, 21, 959, 958, 17, 7.30%, 0, 0, 2, 19.47
1747819059, 0, 21, 960, 959, 17, 7.30%, 0, 0, 2, 20.06
1747819064, 0, 21, 961, 960, 17, 7.30%, 0, 0, 2, 20.27
1747819070, 0, 21, 963, 962, 17, 7.30%, 0, 0, 2, 19.75
1747819075, 0, 21, 964, 963, 17, 7.30%, 0, 0, 2, 19.83
1747819090, 0, 24, 966, 965, 19, 7.30%, 0, 0, 2, 19.72
1747819095, 0, 24, 968, 967, 19, 7.30%, 0, 0, 2, 19.49
1747819100, 0, 24, 971, 970, 19, 7.30%, 0, 0, 2, 19.50
1747819105, 0, 24, 973, 972, 19, 7.30%, 0, 0, 2, 19.24
1747819110, 0, 24, 975, 974, 19, 7.30%, 0, 0, 2, 18.38
1747819116, 0, 24, 980, 979, 19, 7.30%, 0, 0, 2, 18.34
1747819126, 0, 24, 982, 981, 19, 7.30%, 0, 0, 2, 17.82
1747819136, 0, 24, 983, 982, 19, 7.30%, 0, 0, 2, 18.97
1747819141, 0, 24, 985, 984, 19, 7.36%, 0, 0, 2, 19.00
1747819146, 0, 24, 987, 986, 19, 7.36%, 0, 0, 2, 18.71
1747819151, 0, 24, 988, 987, 19, 7.36%, 0, 0, 2, 19.00
1747819157, 0, 24, 989, 988, 19, 7.36%, 0, 0, 2, 18.47
1747819162, 0, 24, 990, 989, 19, 7.36%, 0, 0, 2, 18.56
1747819167, 0, 24, 991, 990, 19, 7.36%, 0, 0, 2, 18.78
1747819172, 0, 24, 992, 991, 19, 7.36%, 0, 0, 2, 18.41
1747819177, 0, 24, 993, 992, 19, 7.36%, 0, 0, 2, 18.53
1747819182, 0, 24, 994, 993, 19, 7.36%, 0, 0, 2, 18.48
1747819203, 0, 24, 995, 994, 19, 7.36%, 0, 0, 2, 18.47
1747819218, 0, 24, 996, 995, 19, 7.36%, 0, 0, 2, 18.93
1747819223, 0, 24, 997, 996, 19, 7.36%, 0, 0, 2, 18.12
1747819249, 0, 24, 998, 997, 19, 7.36%, 0, 0, 2, 19.27
1747819254, 0, 24, 1000, 999, 19, 7.36%, 0, 0, 2, 18.56
1747819259, 0, 24, 1001, 1000, 19, 7.36%, 0, 0, 2, 18.51
1747819274, 0, 24, 1003, 1002, 19, 7.36%, 0, 0, 2, 18.89
1747819284, 0, 24, 1004, 1003, 19, 7.36%, 0, 0, 2, 19.41
1747819300, 0, 24, 1005, 1004, 19, 7.43%, 0, 0, 2, 18.89
1747819315, 0, 24, 1006, 1005, 19, 7.43%, 0, 0, 2, 18.78
1747819320, 0, 24, 1009, 1008, 19, 7.44%, 0, 0, 2, 19.02
1747819326, 0, 26, 1009, 1008, 18, 7.44%, 0, 0, 2, 19.14
1747819331, 0, 26, 1014, 1013, 18, 7.44%, 0, 0, 2, 18.00
1747819336, 0, 26, 1016, 1015, 18, 7.44%, 0, 0, 2, 18.55
1747819346, 0, 26, 1018, 1017, 18, 7.44%, 0, 0, 2, 18.53
1747819351, 0, 26, 1020, 1019, 18, 7.44%, 0, 0, 2, 18.70
1747819366, 0, 26, 1021, 1020, 18, 7.44%, 0, 0, 2, 18.64
1747819371, 0, 26, 1022, 1021, 18, 7.44%, 0, 0, 2, 18.25
1747819376, 0, 26, 1023, 1022, 18, 7.44%, 0, 0, 2, 18.00
1747819387, 0, 26, 1025, 1024, 18, 7.44%, 0, 0, 2, 18.29
1747819392, 0, 26, 1026, 1025, 18, 7.44%, 0, 0, 2, 18.31
1747819397, 0, 26, 1027, 1026, 18, 7.44%, 0, 0, 2, 18.39
1747819402, 0, 26, 1028, 1027, 18, 7.44%, 0, 0, 2, 18.48
1747819417, 0, 26, 1029, 1028, 18, 7.44%, 0, 0, 2, 18.34
1747819428, 0, 26, 1030, 1029, 18, 7.44%, 0, 0, 2, 18.65
1747819433, 0, 26, 1031, 1030, 18, 7.44%, 0, 0, 2, 18.49
1747819443, 0, 26, 1032, 1031, 18, 7.44%, 0, 0, 2, 18.27
1747819458, 0, 26, 1033, 1032, 18, 7.44%, 0, 0, 2, 18.39
1747819463, 0, 26, 1034, 1033, 18, 7.44%, 0, 0, 2, 18.05
1747819494, 0, 26, 1036, 1035, 18, 7.44%, 0, 0, 2, 18.52
1747819555, 0, 27, 1037, 1036, 18, 7.44%, 0, 0, 2, 18.93
1747819566, 0, 27, 1039, 1038, 18, 7.44%, 0, 0, 2, 17.86
1747819571, 0, 27, 1041, 1040, 18, 7.47%, 0, 0, 2, 17.35
1747819576, 0, 27, 1043, 1042, 18, 7.47%, 0, 0, 2, 17.01
1747819581, 0, 27, 1044, 1043, 18, 7.47%, 0, 0, 2, 15.18
1747819586, 0, 27, 1045, 1044, 18, 7.47%, 0, 0, 2, 11.60
1747819591, 0, 27, 1046, 1045, 18, 7.47%, 0, 0, 2, 10.34
1747819607, 0, 27, 1047, 1046, 18, 7.47%, 0, 0, 2, 9.95
1747819612, 0, 27, 1048, 1047, 18, 7.47%, 0, 0, 2, 10.17
1747819648, 0, 27, 1050, 1049, 18, 7.47%, 0, 0, 2, 10.02
1747819653, 0, 27, 1051, 1050, 18, 7.47%, 0, 0, 2, 10.02
1747819663, 0, 27, 1052, 1051, 18, 7.47%, 0, 0, 2, 10.01
1747819699, 0, 27, 1053, 1052, 18, 7.47%, 0, 0, 2, 10.58
1747819709, 0, 27, 1054, 1053, 18, 7.47%, 0, 0, 2, 9.93
1747819719, 0, 27, 1056, 1055, 18, 7.47%, 0, 0, 2, 10.02
1747819750, 0, 27, 1057, 1056, 18, 7.47%, 0, 0, 2, 10.53
1747819760, 0, 27, 1058, 1057, 18, 7.47%, 0, 0, 2, 10.54
1747819765, 0, 27, 1059, 1058, 18, 7.47%, 0, 0, 2, 10.50
1747819770, 0, 27, 1060, 1059, 18, 7.51%, 0, 0, 2, 9.97
1747819780, 0, 27, 1062, 1061, 18, 7.51%, 0, 0, 2, 10.12
1747819790, 0, 27, 1063, 1062, 18, 7.51%, 0, 0, 2, 10.06
1747819795, 0, 27, 1064, 1063, 18, 7.51%, 0, 0, 2, 10.33
1747819811, 0, 27, 1065, 1064, 18, 7.51%, 0, 0, 2, 10.21
1747819862, 0, 27, 1066, 1065, 18, 7.51%, 0, 0, 2, 10.19
1747819872, 0, 27, 1067, 1066, 18, 7.51%, 0, 0, 2, 9.66
1747819887, 0, 27, 1068, 1067, 18, 7.51%, 0, 0, 2, 10.24
1747819892, 0, 27, 1070, 1069, 18, 7.51%, 0, 0, 2, 10.30
1747819964, 0, 29, 1070, 1069, 20, 7.51%, 0, 0, 2, 22.39
1747819974, 0, 29, 1071, 1070, 20, 7.51%, 0, 0, 2, 10.64
1747819989, 0, 30, 1071, 1070, 20, 7.51%, 0, 0, 2, 9.79
1747819995, 0, 30, 1073, 1072, 20, 7.52%, 0, 0, 2, 9.33
1747820000, 0, 30, 1074, 1073, 20, 7.52%, 0, 0, 2, 9.27
1747820005, 0, 30, 1075, 1074, 20, 7.53%, 0, 0, 2, 10.17
1747820010, 0, 30, 1077, 1076, 20, 7.53%, 0, 0, 2, 9.99
1747820030, 0, 30, 1078, 1077, 20, 7.53%, 0, 0, 2, 10.08
1747820035, 0, 30, 1079, 1078, 20, 7.53%, 0, 0, 2, 9.60
1747820040, 0, 30, 1080, 1079, 20, 7.53%, 0, 0, 2, 9.76
1747820046, 0, 30, 1081, 1080, 20, 7.53%, 0, 0, 2, 10.00
1747820071, 0, 30, 1082, 1081, 20, 7.53%, 0, 0, 2, 9.57
1747820076, 0, 30, 1083, 1082, 20, 7.53%, 0, 0, 2, 9.40
1747820097, 0, 30, 1085, 1084, 20, 7.53%, 0, 0, 2, 9.93
1747820117, 0, 30, 1086, 1085, 20, 7.53%, 0, 0, 2, 10.37
1747820174, 0, 30, 1087, 1086, 20, 7.53%, 0, 0, 2, 10.15
1747820184, 0, 30, 1088, 1087, 20, 7.53%, 0, 0, 2, 9.77
1747820189, 0, 30, 1089, 1088, 20, 7.53%, 0, 0, 2, 10.02
1747820194, 0, 30, 1090, 1089, 20, 7.53%, 0, 0, 2, 10.31
1747820235, 0, 30, 1091, 1090, 20, 7.53%, 0, 0, 2, 9.50
1747820271, 0, 30, 1092, 1091, 20, 7.53%, 0, 0, 2, 10.53
1747820276, 0, 30, 1094, 1093, 20, 7.53%, 0, 0, 2, 10.39
1747820287, 0, 30, 1095, 1094, 20, 7.53%, 0, 0, 2, 9.68
1747820292, 0, 30, 1097, 1096, 20, 7.53%, 0, 0, 2, 9.65
1747820297, 0, 30, 1098, 1097, 20, 7.53%, 0, 0, 2, 9.54
1747820307, 0, 30, 1100, 1099, 20, 7.53%, 0, 0, 2, 9.42
1747820317, 0, 30, 1101, 1100, 20, 7.53%, 0, 0, 2, 9.93
1747820363, 0, 30, 1102, 1101, 20, 7.53%, 0, 0, 2, 9.39
1747820388, 0, 30, 1104, 1103, 20, 7.53%, 0, 0, 2, 9.12
1747820429, 0, 30, 1105, 1104, 20, 7.53%, 0, 0, 2, 9.71
1747820434, 0, 31, 1105, 1104, 21, 7.53%, 0, 0, 2, 9.59
1747820445, 0, 31, 1106, 1105, 21, 7.53%, 0, 0, 2, 9.38
1747820460, 0, 32, 1106, 1105, 21, 7.53%, 0, 0, 2, 9.85
1747820470, 0, 32, 1107, 1106, 21, 7.53%, 0, 0, 2, 9.29
1747820475, 0, 32, 1108, 1107, 21, 7.53%, 0, 0, 2, 9.67
1747820516, 0, 33, 1108, 1107, 21, 7.53%, 0, 0, 2, 9.34
1747820521, 0, 33, 1111, 1110, 21, 7.53%, 0, 0, 2, 8.64
1747820527, 0, 33, 1112, 1111, 21, 7.53%, 0, 0, 2, 8.85
1747820532, 0, 33, 1113, 1112, 21, 7.54%, 0, 0, 2, 9.22
1747820542, 0, 33, 1114, 1113, 21, 7.54%, 0, 0, 2, 9.05
1747820557, 0, 33, 1115, 1114, 21, 7.54%, 0, 0, 2, 8.99
1747820562, 0, 33, 1116, 1115, 21, 7.54%, 0, 0, 2, 8.90
1747820567, 0, 33, 1118, 1117, 21, 7.59%, 0, 0, 2, 8.76
1747820573, 0, 33, 1119, 1118, 21, 7.60%, 0, 0, 2, 8.70
1747820583, 0, 33, 1120, 1119, 21, 7.60%, 0, 0, 2, 9.34
1747820644, 0, 33, 1121, 1120, 21, 7.60%, 0, 0, 2, 8.94
1747820664, 0, 33, 1123, 1122, 21, 7.60%, 0, 0, 2, 8.59
1747820715, 0, 33, 1124, 1123, 21, 7.60%, 0, 0, 2, 9.09
1747820721, 0, 33, 1125, 1124, 21, 7.60%, 0, 0, 2, 8.58
1747820787, 0, 33, 1126, 1125, 21, 7.60%, 0, 0, 2, 8.95
1747820854, 0, 33, 1127, 1126, 21, 7.60%, 0, 0, 2, 8.66
1747820859, 0, 33, 1128, 1127, 21, 7.60%, 0, 0, 2, 8.89
1747820900, 0, 33, 1129, 1128, 21, 7.60%, 0, 0, 2, 9.03
1747820915, 0, 33, 1130, 1129, 21, 7.60%, 0, 0, 2, 9.13
1747820967, 0, 33, 1131, 1130, 21, 7.60%, 0, 0, 2, 8.91
1747820972, 0, 33, 1132, 1131, 21, 7.61%, 0, 0, 2, 8.94
1747820992, 0, 34, 1133, 1132, 25, 7.61%, 0, 0, 2, 9.79
1747821007, 0, 34, 1134, 1133, 25, 7.61%, 0, 0, 2, 9.32
1747821033, 0, 34, 1135, 1134, 25, 7.63%, 0, 0, 2, 9.50
1747821099, 0, 35, 1135, 1134, 23, 7.63%, 0, 0, 2, 9.42
1747821115, 0, 35, 1136, 1135, 23, 7.63%, 0, 0, 2, 8.43
1747821120, 0, 35, 1137, 1136, 23, 7.63%, 0, 0, 2, 8.31
1747821151, 0, 35, 1138, 1137, 23, 7.63%, 0, 0, 2, 8.67
1747821161, 0, 35, 1139, 1138, 23, 7.63%, 0, 0, 2, 8.78
1747821176, 0, 35, 1140, 1139, 23, 7.63%, 0, 0, 2, 8.85
1747821182, 0, 35, 1141, 1140, 23, 7.63%, 0, 0, 2, 8.74
1747821207, 0, 35, 1142, 1141, 23, 7.63%, 0, 0, 2, 8.61
1747821213, 0, 35, 1143, 1142, 23, 7.63%, 0, 0, 2, 8.33
1747821218, 0, 35, 1144, 1143, 23, 7.63%, 0, 0, 2, 8.18
1747821254, 0, 35, 1145, 1144, 23, 7.63%, 0, 0, 2, 8.99
1747821269, 0, 35, 1146, 1145, 23, 7.63%, 0, 0, 2, 8.57
1747821341, 0, 35, 1147, 1146, 23, 7.63%, 0, 0, 2, 8.71
1747821361, 0, 35, 1148, 1147, 23, 7.63%, 0, 0, 2, 8.92
1747821381, 0, 35, 1149, 1148, 23, 7.63%, 0, 0, 2, 8.79
1747821392, 0, 35, 1150, 1149, 23, 7.63%, 0, 0, 2, 8.81
1747821407, 0, 35, 1151, 1150, 23, 7.63%, 0, 0, 2, 9.21
1747821423, 0, 35, 1152, 1151, 23, 7.63%, 0, 0, 2, 8.67
1747821448, 0, 35, 1153, 1152, 23, 7.63%, 0, 0, 2, 9.28
1747821464, 0, 35, 1154, 1153, 23, 7.63%, 0, 0, 2, 8.50
1747821577, 0, 36, 1154, 1153, 23, 7.63%, 0, 0, 2, 8.60
1747821592, 0, 37, 1154, 1153, 23, 7.63%, 0, 0, 2, 8.99
1747821598, 0, 37, 1155, 1154, 23, 7.63%, 0, 0, 2, 8.67
1747821618, 0, 39, 1155, 1154, 23, 7.63%, 0, 0, 2, 8.86
1747821634, 0, 40, 1155, 1154, 23, 7.63%, 0, 0, 2, 8.79
1747821649, 0, 41, 1155, 1154, 23, 7.63%, 0, 0, 2, 8.93
1747821664, 0, 42, 1155, 1154, 23, 7.63%, 0, 0, 2, 9.76
1747821675, 0, 43, 1156, 1155, 23, 7.63%, 0, 0, 2, 9.49
1747821705, 0, 46, 1157, 1156, 23, 7.74%, 0, 0, 2, 9.03
1747821710, 0, 46, 1158, 1157, 23, 7.74%, 0, 0, 2, 8.64
1747821726, 0, 46, 1159, 1158, 23, 7.74%, 0, 0, 2, 8.65
1747821752, 0, 46, 1160, 1159, 23, 7.74%, 0, 0, 2, 8.41
1747821813, 0, 46, 1161, 1160, 23, 7.74%, 0, 0, 2, 8.74
1747821829, 0, 46, 1162, 1161, 23, 7.74%, 0, 0, 2, 8.35
1747821854, 0, 46, 1163, 1162, 23, 7.74%, 0, 0, 2, 8.59
1747821926, 0, 46, 1164, 1163, 23, 7.74%, 0, 0, 2, 8.63
1747821967, 0, 46, 1165, 1164, 23, 7.74%, 0, 0, 2, 8.40
1747822039, 0, 46, 1166, 1165, 23, 7.74%, 0, 0, 2, 8.80
1747822121, 0, 46, 1167, 1166, 23, 7.74%, 0, 0, 2, 8.77
1747822183, 0, 47, 1167, 1166, 21, 7.74%, 0, 0, 2, 9.32
1747822194, 0, 48, 1167, 1166, 21, 7.74%, 0, 0, 2, 9.48
1747822209, 0, 50, 1167, 1166, 21, 7.74%, 0, 0, 2, 9.26
1747822224, 0, 51, 1167, 1166, 21, 7.74%, 0, 0, 2, 9.23
1747822234, 0, 52, 1167, 1166, 21, 7.74%, 0, 0, 2, 10.16
1747822250, 0, 53, 1167, 1166, 21, 7.74%, 0, 0, 2, 9.22
1747822265, 0, 54, 1167, 1166, 21, 7.74%, 0, 0, 2, 9.15
1747822276, 0, 55, 1167, 1166, 21, 7.74%, 0, 0, 2, 9.61
1747822291, 0, 55, 1168, 1167, 21, 7.74%, 0, 0, 2, 8.60
1747822307, 0, 56, 1168, 1167, 21, 7.74%, 0, 0, 2, 8.87
1747822322, 0, 57, 1168, 1167, 21, 7.74%, 0, 0, 2, 10.26
1747822332, 0, 58, 1168, 1167, 21, 7.74%, 0, 0, 2, 9.54
1747822342, 0, 58, 1169, 1168, 21, 7.74%, 0, 0, 2, 8.75
1747822363, 0, 60, 1169, 1168, 21, 7.74%, 0, 0, 2, 8.96
1747822378, 0, 61, 1169, 1168, 21, 7.74%, 0, 0, 2, 8.38
1747822389, 0, 61, 1170, 1169, 21, 7.74%, 0, 0, 2, 8.27
1747822409, 0, 62, 1170, 1169, 21, 7.74%, 0, 0, 2, 9.20
1747822419, 0, 63, 1170, 1169, 21, 7.74%, 0, 0, 2, 9.69
1747822430, 0, 63, 1171, 1170, 21, 7.74%, 0, 0, 2, 9.71
1747822450, 0, 65, 1171, 1170, 21, 7.74%, 0, 0, 2, 9.82
1747822460, 0, 66, 1171, 1170, 21, 7.74%, 0, 0, 2, 9.65
1747822476, 0, 67, 1171, 1170, 21, 7.74%, 0, 0, 2, 9.58
1747822486, 0, 69, 1171, 1170, 21, 7.74%, 0, 0, 2, 9.69
1747822496, 0, 69, 1172, 1171, 21, 7.74%, 0, 0, 2, 9.30
1747822517, 0, 71, 1172, 1171, 21, 7.74%, 0, 0, 2, 9.20
1747822532, 0, 72, 1172, 1171, 21, 7.74%, 0, 0, 2, 9.36
1747822542, 0, 73, 1172, 1171, 21, 7.74%, 0, 0, 2, 9.64
1747822558, 0, 74, 1172, 1171, 21, 7.74%, 0, 0, 2, 9.52
1747822568, 0, 75, 1172, 1171, 21, 7.74%, 0, 0, 2, 9.62
1747822573, 0, 75, 1173, 1172, 21, 7.74%, 0, 0, 2, 8.94
1747822598, 0, 76, 1173, 1172, 21, 7.74%, 0, 0, 2, 8.97
1747822614, 0, 77, 1173, 1172, 21, 7.74%, 0, 0, 2, 8.62
1747822629, 0, 79, 1173, 1172, 21, 7.74%, 0, 0, 2, 9.53
1747822640, 0, 80, 1173, 1172, 21, 7.74%, 0, 0, 2, 9.90
1747822655, 0, 81, 1173, 1172, 21, 7.74%, 0, 0, 2, 9.36
1747822670, 0, 83, 1173, 1172, 21, 7.74%, 0, 0, 2, 8.83
1747822675, 0, 83, 1174, 1173, 21, 7.74%, 0, 0, 2, 8.61
1747822691, 0, 83, 1175, 1174, 21, 7.74%, 0, 0, 2, 8.53
1747822711, 0, 83, 1176, 1175, 21, 7.74%, 0, 0, 2, 8.48
1747822788, 0, 85, 1176, 1175, 21, 7.74%, 0, 0, 2, 9.27
1747822803, 0, 86, 1176, 1175, 21, 7.74%, 0, 0, 2, 9.17
1747822819, 0, 87, 1176, 1175, 21, 7.74%, 0, 0, 2, 9.45
1747822829, 0, 88, 1176, 1175, 21, 7.74%, 0, 0, 2, 9.53
1747822844, 0, 89, 1176, 1175, 21, 7.74%, 0, 0, 2, 8.94
1747822860, 0, 90, 1176, 1175, 21, 7.74%, 0, 0, 2, 9.54
1747822870, 0, 91, 1176, 1175, 21, 7.74%, 0, 0, 2, 9.51
1747822885, 0, 92, 1176, 1175, 21, 7.74%, 0, 0, 2, 9.86
1747822896, 0, 93, 1176, 1175, 21, 7.74%, 0, 0, 2, 10.26
1747822911, 0, 94, 1176, 1175, 21, 7.74%, 0, 0, 2, 9.71
1747822927, 0, 95, 1176, 1175, 21, 7.74%, 0, 0, 2, 9.64
1747822937, 0, 96, 1176, 1175, 21, 7.74%, 0, 0, 2, 8.93
1747822953, 0, 97, 1176, 1175, 21, 7.74%, 0, 0, 2, 9.16
1747822968, 0, 98, 1176, 1175, 21, 7.74%, 0, 0, 2, 9.56
1747822978, 0, 99, 1176, 1175, 21, 7.74%, 0, 0, 2, 9.76
1747822994, 0, 100, 1176, 1175, 21, 7.74%, 0, 0, 2, 8.76
1747822999, 0, 100, 1177, 1176, 21, 7.74%, 0, 0, 2, 8.37
1747823014, 0, 100, 1178, 1177, 21, 7.74%, 0, 0, 2, 8.36
1747823029, 0, 100, 1180, 1179, 21, 7.74%, 0, 0, 2, 8.04
1747823167, 0, 100, 1181, 1180, 21, 7.74%, 0, 0, 2, 8.83
1747823296, 0, 100, 1182, 1181, 21, 7.76%, 0, 0, 2, 8.27
1747823450, 0, 100, 1183, 1182, 21, 7.80%, 0, 0, 2, 8.31
1747823480, 0, 101, 1183, 1182, 22, 7.80%, 0, 0, 2, 9.50
1747823491, 0, 103, 1184, 1183, 22, 7.80%, 0, 0, 2, 9.09
1747823496, 0, 103, 1185, 1184, 22, 7.80%, 0, 0, 2, 8.67
1747823552, 0, 104, 1185, 1184, 22, 7.80%, 0, 0, 2, 8.90
1747823567, 0, 105, 1185, 1184, 22, 7.80%, 0, 0, 2, 8.68
1747823583, 0, 106, 1185, 1184, 22, 7.80%, 0, 0, 2, 9.92
1747823593, 0, 107, 1185, 1184, 22, 7.80%, 0, 0, 2, 12.55
1747823603, 0, 108, 1185, 1184, 22, 7.80%, 0, 0, 2, 15.04
1747823613, 0, 109, 1185, 1184, 22, 7.80%, 0, 0, 2, 15.98
1747823618, 0, 110, 1185, 1184, 22, 7.80%, 0, 0, 2, 15.63
1747823628, 0, 111, 1185, 1184, 22, 7.80%, 0, 0, 2, 16.30
1747823633, 0, 114, 1185, 1184, 22, 7.80%, 0, 0, 2, 16.41
1747823644, 0, 115, 1185, 1184, 22, 7.80%, 0, 0, 2, 16.21
1747823649, 0, 116, 1185, 1184, 22, 7.80%, 0, 0, 2, 16.18
1747823659, 0, 117, 1185, 1184, 22, 7.80%, 0, 0, 2, 17.06
1747823664, 0, 118, 1185, 1184, 22, 7.80%, 0, 0, 2, 17.25
1747823674, 0, 119, 1185, 1184, 22, 7.80%, 0, 0, 2, 15.38
1747823685, 0, 120, 1185, 1184, 22, 7.80%, 0, 0, 2, 15.36
1747823690, 0, 121, 1185, 1184, 22, 7.80%, 0, 0, 2, 15.95
1747823695, 0, 121, 1186, 1185, 22, 7.80%, 0, 0, 2, 14.48
1747823711, 0, 122, 1186, 1185, 22, 7.80%, 0, 0, 2, 16.12
1747823716, 0, 124, 1186, 1185, 22, 7.80%, 0, 0, 2, 15.94
1747823726, 0, 125, 1186, 1185, 22, 7.80%, 0, 0, 2, 15.30
1747823731, 0, 126, 1186, 1185, 22, 7.80%, 0, 0, 2, 14.81
1747823736, 0, 126, 1187, 1186, 22, 7.80%, 0, 0, 2, 14.19
1747823741, 0, 126, 1188, 1187, 22, 7.80%, 0, 0, 2, 13.30
1747823762, 0, 126, 1189, 1188, 22, 7.80%, 0, 0, 2, 13.56
1747823808, 0, 127, 1189, 1188, 23, 7.80%, 0, 0, 2, 14.59
1747823818, 0, 128, 1189, 1188, 23, 7.80%, 0, 0, 2, 13.95
1747823828, 0, 130, 1189, 1188, 23, 7.80%, 0, 0, 2, 16.20
1747823833, 0, 130, 1190, 1189, 23, 7.80%, 0, 0, 2, 15.98
1747823844, 0, 131, 1190, 1189, 24, 7.80%, 0, 0, 2, 15.26
1747823854, 0, 132, 1190, 1189, 24, 7.80%, 0, 0, 2, 14.32
1747823859, 0, 133, 1190, 1189, 24, 7.80%, 0, 0, 2, 14.28
1747823869, 0, 134, 1190, 1189, 24, 7.80%, 0, 0, 2, 14.79
1747823879, 0, 135, 1190, 1189, 24, 7.80%, 0, 0, 2, 14.29
1747823890, 0, 136, 1190, 1189, 24, 7.80%, 0, 0, 2, 16.12
1747823895, 0, 137, 1190, 1189, 24, 7.80%, 0, 0, 2, 16.37
1747823905, 0, 138, 1190, 1189, 24, 7.80%, 0, 0, 2, 16.18
1747823910, 0, 139, 1190, 1189, 24, 7.80%, 0, 0, 2, 15.82
1747823920, 0, 140, 1191, 1190, 24, 7.80%, 0, 0, 2, 14.39
1747823936, 0, 142, 1191, 1190, 24, 7.80%, 0, 0, 2, 13.79
1747823946, 0, 143, 1191, 1190, 24, 7.80%, 0, 0, 2, 15.20
1747823956, 0, 144, 1191, 1190, 24, 7.80%, 0, 0, 2, 16.46
1747823961, 0, 145, 1191, 1190, 24, 7.80%, 0, 0, 2, 15.61
1747823972, 0, 147, 1191, 1190, 24, 7.80%, 0, 0, 2, 15.86
1747823977, 0, 148, 1191, 1190, 24, 7.80%, 0, 0, 2, 16.07
1747823987, 0, 149, 1191, 1190, 24, 7.80%, 0, 0, 2, 16.50
1747823997, 0, 150, 1191, 1190, 24, 7.80%, 0, 0, 2, 16.48
1747824002, 0, 151, 1191, 1190, 24, 7.80%, 0, 0, 2, 15.40
1747824007, 0, 151, 1192, 1191, 24, 7.80%, 0, 0, 2, 14.54
1747824022, 0, 152, 1193, 1192, 24, 7.80%, 0, 0, 2, 13.86
1747824038, 0, 153, 1193, 1192, 24, 7.80%, 0, 0, 2, 14.27
1747824043, 0, 153, 1194, 1193, 24, 7.80%, 0, 0, 2, 13.88
1747824058, 0, 154, 1194, 1193, 24, 7.80%, 0, 0, 2, 15.33
1747824069, 0, 155, 1194, 1193, 24, 7.80%, 0, 0, 2, 16.60
1747824074, 0, 158, 1195, 1194, 24, 7.80%, 0, 0, 2, 15.23
1747824094, 0, 159, 1195, 1194, 24, 7.80%, 0, 0, 2, 15.52
1747824099, 0, 160, 1195, 1194, 24, 7.80%, 0, 0, 2, 15.71
1747824105, 0, 160, 1196, 1195, 24, 7.80%, 0, 0, 2, 15.23
1747824115, 0, 162, 1196, 1195, 24, 7.80%, 0, 0, 2, 16.34
1747824125, 0, 163, 1196, 1195, 24, 7.80%, 0, 0, 2, 17.08
1747824130, 0, 164, 1196, 1195, 24, 7.80%, 0, 0, 2, 16.59
1747824141, 0, 165, 1196, 1195, 24, 7.80%, 0, 0, 2, 16.92
1747824146, 0, 166, 1196, 1195, 24, 7.80%, 0, 0, 2, 16.52
1747824156, 0, 167, 1196, 1195, 24, 7.80%, 0, 0, 2, 15.07
1747824166, 0, 169, 1196, 1195, 24, 7.80%, 0, 0, 2, 13.77
1747824177, 0, 171, 1196, 1195, 24, 7.80%, 0, 0, 2, 13.39
1747824182, 0, 172, 1196, 1195, 24, 7.80%, 0, 0, 2, 13.92
1747824187, 0, 172, 1197, 1196, 24, 7.82%, 0, 0, 2, 15.66
1747824197, 0, 174, 1197, 1196, 25, 7.82%, 0, 0, 2, 16.80
1747824202, 0, 174, 1198, 1197, 25, 7.83%, 0, 0, 2, 16.98
1747824213, 0, 175, 1198, 1197, 26, 7.83%, 0, 0, 2, 16.89
1747824223, 0, 176, 1198, 1197, 26, 7.83%, 0, 0, 2, 16.68
1747824228, 0, 176, 1200, 1199, 26, 7.84%, 0, 0, 2, 15.68
1747824243, 0, 176, 1201, 1200, 26, 7.84%, 0, 0, 2, 16.64
1747824249, 0, 176, 1202, 1201, 26, 7.84%, 0, 0, 2, 16.52
1747824264, 0, 176, 1203, 1202, 26, 7.84%, 0, 0, 2, 17.04
1747824464, 0, 176, 1204, 1203, 26, 7.84%, 0, 0, 2, 15.80
1747824469, 0, 177, 1204, 1203, 28, 7.84%, 0, 0, 2, 16.12
1747824479, 0, 178, 1204, 1203, 28, 7.84%, 0, 0, 2, 16.09
1747824484, 0, 179, 1204, 1203, 28, 7.84%, 0, 0, 2, 15.94
1747824494, 0, 181, 1204, 1203, 28, 7.84%, 0, 0, 2, 15.42
1747824505, 0, 182, 1205, 1204, 28, 7.84%, 0, 0, 2, 14.15
1747824520, 0, 182, 1206, 1205, 28, 7.84%, 0, 0, 2, 13.31
1747824540, 0, 182, 1207, 1206, 28, 7.84%, 0, 0, 2, 13.58
1747824545, 0, 182, 1208, 1207, 28, 7.84%, 0, 0, 2, 13.35
1747824581, 0, 182, 1209, 1208, 28, 7.84%, 0, 0, 2, 13.52
1747824586, 0, 182, 1210, 1209, 28, 7.84%, 0, 0, 2, 13.80
1747824607, 0, 182, 1211, 1210, 28, 7.84%, 0, 0, 2, 13.77
1747824694, 0, 182, 1212, 1211, 28, 7.84%, 0, 0, 2, 13.39
1747824745, 0, 182, 1213, 1212, 28, 7.84%, 0, 0, 2, 13.99
1747824806, 0, 184, 1213, 1212, 28, 7.84%, 0, 0, 2, 15.62
1747824812, 0, 186, 1213, 1212, 28, 7.84%, 0, 0, 2, 15.18
1747824822, 0, 187, 1213, 1212, 28, 7.84%, 0, 0, 2, 14.63
1747824832, 0, 188, 1213, 1212, 28, 7.84%, 0, 0, 2, 16.97
1747824837, 0, 189, 1213, 1212, 28, 7.84%, 0, 0, 2, 15.56
1747824848, 0, 190, 1213, 1212, 28, 7.84%, 0, 0, 2, 15.06
1747824858, 0, 191, 1214, 1213, 28, 7.84%, 0, 0, 2, 14.32
1747824873, 0, 194, 1214, 1213, 29, 7.84%, 0, 0, 2, 13.84
1747824884, 0, 195, 1214, 1213, 29, 7.84%, 0, 0, 2, 16.62
1747824889, 0, 196, 1214, 1213, 29, 7.84%, 0, 0, 2, 16.81
1747824899, 0, 197, 1214, 1213, 29, 7.84%, 0, 0, 2, 16.75
1747824904, 0, 198, 1214, 1213, 29, 7.84%, 0, 0, 2, 17.00
1747824914, 0, 199, 1214, 1213, 29, 7.84%, 0, 0, 2, 16.83
1747824919, 0, 200, 1214, 1213, 29, 7.84%, 0, 0, 2, 17.02
1747824930, 0, 202, 1215, 1214, 29, 7.84%, 0, 0, 2, 14.45
1747824935, 0, 202, 1216, 1215, 29, 7.84%, 0, 0, 2, 14.29
1747824940, 0, 202, 1217, 1216, 29, 7.84%, 0, 0, 2, 13.70
1747825001, 0, 202, 1218, 1217, 29, 7.84%, 0, 0, 2, 13.29
1747825078, 0, 203, 1218, 1217, 28, 7.84%, 0, 0, 2, 14.34
1747825083, 0, 203, 1219, 1218, 28, 7.87%, 0, 0, 2, 13.89
1747825088, 0, 203, 1220, 1219, 28, 7.87%, 0, 0, 2, 14.04
1747825093, 0, 203, 1221, 1220, 28, 7.87%, 0, 0, 2, 13.46
1747825135, 0, 203, 1223, 1222, 28, 7.87%, 0, 0, 2, 13.43
1747825145, 0, 203, 1224, 1223, 28, 7.87%, 0, 0, 2, 13.22
1747825196, 0, 203, 1225, 1224, 28, 7.87%, 0, 0, 2, 13.37
1747825385, 0, 204, 1225, 1224, 28, 7.87%, 0, 0, 2, 15.65
1747825390, 0, 205, 1225, 1224, 28, 7.87%, 0, 0, 2, 15.88
1747825400, 0, 206, 1225, 1224, 28, 7.87%, 0, 0, 2, 13.87
1747825411, 0, 208, 1225, 1224, 28, 7.87%, 0, 0, 2, 15.34
1747825421, 0, 209, 1225, 1224, 28, 7.87%, 0, 0, 2, 16.45
1747825426, 0, 210, 1226, 1225, 28, 7.87%, 0, 0, 2, 16.38
1747825442, 0, 211, 1226, 1225, 27, 7.87%, 0, 0, 2, 15.80
1747825452, 0, 212, 1226, 1225, 27, 7.87%, 0, 0, 2, 16.09
1747825457, 0, 213, 1226, 1225, 27, 7.87%, 0, 0, 2, 16.08
1747825467, 0, 214, 1226, 1225, 27, 7.87%, 0, 0, 2, 16.25
1747825472, 0, 215, 1226, 1225, 27, 7.87%, 0, 0, 2, 15.23
1747825482, 0, 216, 1227, 1226, 27, 7.89%, 0, 0, 2, 14.32
1747825498, 0, 216, 1228, 1227, 27, 7.89%, 0, 0, 2, 13.26
1747825508, 0, 216, 1230, 1229, 27, 7.89%, 0, 0, 2, 13.24
1747825513, 0, 216, 1231, 1230, 27, 7.89%, 0, 0, 2, 13.20
1747825646, 0, 216, 1232, 1231, 27, 7.89%, 0, 0, 2, 13.07
1747825667, 0, 216, 1233, 1232, 27, 7.89%, 0, 0, 2, 13.37
1747825677, 0, 216, 1235, 1234, 27, 7.92%, 0, 0, 2, 13.04
1747825682, 0, 216, 1237, 1236, 27, 7.92%, 0, 0, 2, 12.71
1747825687, 0, 216, 1238, 1237, 27, 7.92%, 0, 0, 2, 13.35
1747825693, 0, 216, 1239, 1238, 27, 7.92%, 0, 0, 2, 13.29
1747825713, 0, 216, 1240, 1239, 27, 7.92%, 0, 0, 2, 13.08
1747825733, 0, 216, 1241, 1240, 27, 7.92%, 0, 0, 2, 13.28
1747825749, 0, 216, 1242, 1241, 27, 7.92%, 0, 0, 2, 12.55
1747825759, 0, 216, 1243, 1242, 27, 7.92%, 0, 0, 2, 13.10
1747825800, 0, 216, 1244, 1243, 27, 7.92%, 0, 0, 2, 12.89
1747825805, 0, 217, 1244, 1243, 26, 7.92%, 0, 0, 2, 15.52
1747825810, 0, 218, 1244, 1243, 26, 7.92%, 0, 0, 2, 16.60
1747825820, 0, 219, 1244, 1243, 26, 7.92%, 0, 0, 2, 16.55
1747825825, 0, 220, 1244, 1243, 26, 7.92%, 0, 0, 2, 16.41
1747825830, 0, 220, 1246, 1245, 26, 7.92%, 0, 0, 2, 16.47
1747825861, 0, 221, 1246, 1245, 26, 7.92%, 0, 0, 2, 14.69
1747825866, 0, 222, 1246, 1245, 26, 7.92%, 0, 0, 2, 13.48
1747825876, 0, 223, 1246, 1245, 26, 7.92%, 0, 0, 2, 14.69
1747825886, 0, 224, 1246, 1245, 26, 7.92%, 0, 0, 2, 16.24
1747825891, 0, 225, 1247, 1246, 26, 7.92%, 0, 0, 2, 15.34
1747825896, 0, 225, 1249, 1248, 26, 7.92%, 0, 0, 2, 13.26
1747825907, 0, 225, 1250, 1249, 26, 7.92%, 0, 0, 2, 13.21
1747825917, 0, 225, 1251, 1250, 26, 7.92%, 0, 0, 2, 12.82
1747825922, 0, 225, 1252, 1251, 26, 7.92%, 0, 0, 2, 12.43
1747825928, 0, 225, 1253, 1252, 26, 7.92%, 0, 0, 2, 12.96
1747825979, 0, 225, 1255, 1254, 26, 7.92%, 0, 0, 2, 12.85
1747825989, 0, 225, 1256, 1255, 26, 7.92%, 0, 0, 2, 12.78
1747826010, 0, 225, 1257, 1256, 26, 7.92%, 0, 0, 2, 13.46
1747826040, 0, 225, 1258, 1257, 26, 7.92%, 0, 0, 2, 12.87
1747826061, 0, 225, 1259, 1258, 26, 7.92%, 0, 0, 2, 13.22
1747826071, 0, 225, 1260, 1259, 26, 7.92%, 0, 0, 2, 12.80
1747826122, 0, 225, 1262, 1261, 26, 7.92%, 0, 0, 2, 12.55
1747826153, 0, 225, 1263, 1262, 26, 7.92%, 0, 0, 2, 12.99
1747826179, 0, 225, 1264, 1263, 26, 7.92%, 0, 0, 2, 12.59
1747826215, 0, 226, 1264, 1263, 26, 7.92%, 0, 0, 2, 13.10
1747826225, 0, 228, 1264, 1263, 26, 7.92%, 0, 0, 2, 16.00
1747826235, 0, 230, 1264, 1263, 26, 7.92%, 0, 0, 2, 15.89
1747826240, 0, 231, 1264, 1263, 26, 7.92%, 0, 0, 2, 16.05
1747826251, 0, 232, 1265, 1264, 26, 7.92%, 0, 0, 2, 13.68
1747826266, 0, 234, 1266, 1265, 26, 7.92%, 0, 0, 2, 13.39
1747826282, 0, 234, 1267, 1266, 26, 7.93%, 0, 0, 2, 12.75
1747826287, 0, 234, 1268, 1267, 26, 7.93%, 0, 0, 2, 13.20
1747826292, 0, 234, 1269, 1268, 26, 7.93%, 0, 0, 2, 12.69
1747826323, 0, 234, 1270, 1269, 26, 7.93%, 0, 0, 2, 12.84
1747826328, 0, 234, 1271, 1270, 26, 7.93%, 0, 0, 2, 13.36
1747826353, 0, 234, 1272, 1271, 26, 7.93%, 0, 0, 2, 13.40
1747826374, 0, 234, 1273, 1272, 26, 7.93%, 0, 0, 2, 13.11
1747826425, 0, 234, 1274, 1273, 26, 7.93%, 0, 0, 2, 7.27
1747826445, 0, 234, 1275, 1274, 26, 7.93%, 0, 0, 2, 7.75
1747826455, 0, 234, 1276, 1275, 26, 7.93%, 0, 0, 2, 7.46
1747826471, 0, 234, 1277, 1276, 26, 7.93%, 0, 0, 2, 7.42
1747826532, 0, 234, 1278, 1277, 26, 7.93%, 0, 0, 2, 7.72
1747826676, 0, 234, 1279, 1278, 26, 7.93%, 0, 0, 2, 7.42
1747826681, 0, 234, 1280, 1279, 26, 7.93%, 0, 0, 2, 7.38
1747826697, 0, 234, 1281, 1280, 26, 7.93%, 0, 0, 2, 7.69
1747826728, 0, 235, 1281, 1280, 27, 7.93%, 0, 0, 2, 8.31
1747826744, 0, 236, 1282, 1281, 27, 7.93%, 0, 0, 2, 8.31
1747826780, 0, 237, 1283, 1282, 27, 7.93%, 0, 0, 2, 7.65
1747826810, 0, 238, 1283, 1282, 27, 7.93%, 0, 0, 2, 8.03
1747826831, 0, 240, 1283, 1282, 27, 7.93%, 0, 0, 2, 9.24
1747826841, 0, 241, 1284, 1283, 27, 7.93%, 0, 0, 2, 8.90
1747826856, 0, 241, 1286, 1285, 27, 7.94%, 0, 0, 2, 7.45
1747826882, 0, 241, 1287, 1286, 27, 7.94%, 0, 0, 2, 7.43
1747826943, 0, 241, 1288, 1287, 27, 7.94%, 0, 0, 2, 7.37
1747826979, 0, 241, 1289, 1288, 27, 7.94%, 0, 0, 2, 7.19
1747827025, 0, 241, 1290, 1289, 27, 7.94%, 0, 0, 2, 7.28
1747827071, 0, 241, 1291, 1290, 27, 7.94%, 0, 0, 2, 7.61
1747827102, 0, 241, 1292, 1291, 27, 7.94%, 0, 0, 2, 7.38
1747827216, 0, 241, 1293, 1292, 27, 7.94%, 0, 0, 2, 7.61
1747827257, 0, 241, 1294, 1293, 27, 7.94%, 0, 0, 2, 7.34
1747827267, 0, 241, 1295, 1294, 27, 7.94%, 0, 0, 2, 7.21
1747827334, 0, 241, 1296, 1295, 27, 7.94%, 0, 0, 2, 7.63
1747827390, 0, 242, 1296, 1295, 27, 7.94%, 0, 0, 2, 8.05
1747827406, 0, 244, 1296, 1295, 27, 7.94%, 0, 0, 2, 7.85
1747827411, 0, 244, 1297, 1296, 27, 7.94%, 0, 0, 2, 7.78
1747827442, 0, 246, 1297, 1296, 27, 7.94%, 0, 0, 2, 7.78
1747827457, 0, 247, 1297, 1296, 27, 7.94%, 0, 0, 2, 9.04
1747827472, 0, 249, 1297, 1296, 27, 7.94%, 0, 0, 2, 8.59
1747827487, 0, 250, 1297, 1296, 27, 7.94%, 0, 0, 2, 9.82
1747827498, 0, 251, 1297, 1296, 27, 7.94%, 0, 0, 2, 9.77
1747827513, 0, 252, 1297, 1296, 27, 7.94%, 0, 0, 2, 10.85
1747827518, 0, 252, 1298, 1297, 27, 7.94%, 0, 0, 2, 12.41
1747827523, 0, 252, 1299, 1298, 27, 7.94%, 0, 0, 2, 12.38
1747827534, 0, 252, 1300, 1299, 27, 7.94%, 0, 0, 2, 13.16
1747827595, 0, 253, 1300, 1299, 27, 7.94%, 0, 0, 2, 13.28
1747827606, 0, 254, 1300, 1299, 27, 7.94%, 0, 0, 2, 15.18
1747827611, 0, 255, 1300, 1299, 27, 7.94%, 0, 0, 2, 15.57
1747827621, 0, 256, 1300, 1299, 27, 7.94%, 0, 0, 2, 14.32
1747827631, 0, 257, 1300, 1299, 27, 7.94%, 0, 0, 2, 15.15
1747827641, 0, 258, 1300, 1299, 27, 7.94%, 0, 0, 2, 13.77
1747827647, 0, 259, 1300, 1299, 27, 7.94%, 0, 0, 2, 13.20
1747827657, 0, 259, 1301, 1300, 27, 7.94%, 0, 0, 2, 12.48
1747827667, 0, 260, 1301, 1300, 27, 7.94%, 0, 0, 2, 12.75
1747827678, 0, 261, 1301, 1300, 27, 7.94%, 0, 0, 2, 12.47
1747827688, 0, 262, 1301, 1300, 27, 7.94%, 0, 0, 2, 13.77
1747827698, 0, 263, 1301, 1300, 27, 7.94%, 0, 0, 2, 14.38
1747827709, 0, 264, 1302, 1301, 27, 7.94%, 0, 0, 2, 15.67
1747827724, 0, 265, 1302, 1301, 27, 7.94%, 0, 0, 2, 14.08
1747827734, 0, 265, 1304, 1303, 27, 7.94%, 0, 0, 2, 13.01
1747827765, 0, 266, 1304, 1303, 27, 7.94%, 0, 0, 2, 14.24
1747827775, 0, 267, 1304, 1303, 27, 7.94%, 0, 0, 2, 16.56
1747827780, 0, 268, 1304, 1303, 27, 7.94%, 0, 0, 2, 16.62
1747827790, 0, 269, 1304, 1303, 27, 7.94%, 0, 0, 2, 16.33
1747827795, 0, 270, 1304, 1303, 27, 7.94%, 0, 0, 2, 15.25
1747827800, 0, 270, 1305, 1304, 27, 7.95%, 0, 0, 2, 13.62
1747827816, 0, 271, 1306, 1305, 28, 7.95%, 0, 0, 2, 12.37
1747827826, 0, 271, 1307, 1306, 28, 7.95%, 0, 0, 2, 12.63
1747827857, 0, 272, 1307, 1306, 28, 7.95%, 0, 0, 2, 12.99
1747827867, 0, 273, 1307, 1306, 28, 7.95%, 0, 0, 2, 13.75
1747827877, 0, 274, 1308, 1307, 28, 7.95%, 0, 0, 2, 13.66
1747827898, 0, 275, 1308, 1307, 28, 7.95%, 0, 0, 2, 15.33
1747827903, 0, 278, 1308, 1307, 28, 7.95%, 0, 0, 2, 15.69
1747827913, 0, 279, 1308, 1307, 28, 7.95%, 0, 0, 2, 16.80
1747827918, 0, 280, 1308, 1307, 28, 7.95%, 0, 0, 2, 16.09
1747827928, 0, 282, 1308, 1307, 28, 7.95%, 0, 0, 2, 14.25
1747827938, 0, 283, 1308, 1307, 28, 7.95%, 0, 0, 2, 15.53
1747827944, 0, 284, 1308, 1307, 28, 7.95%, 0, 0, 2, 16.33
1747827954, 0, 285, 1308, 1307, 28, 7.95%, 0, 0, 2, 15.13
1747827964, 0, 287, 1308, 1307, 28, 7.95%, 0, 0, 2, 13.72
1747827974, 0, 288, 1308, 1307, 28, 7.95%, 0, 0, 2, 15.89
1747827979, 0, 289, 1308, 1307, 28, 7.95%, 0, 0, 2, 15.93
1747827989, 0, 291, 1308, 1307, 28, 7.95%, 0, 0, 2, 14.26
1747828000, 0, 292, 1308, 1307, 28, 7.95%, 0, 0, 2, 12.84
1747828010, 0, 293, 1309, 1308, 28, 7.95%, 0, 0, 2, 13.04
1747828015, 0, 293, 1310, 1309, 28, 7.95%, 0, 0, 2, 12.86
1747828046, 0, 294, 1310, 1309, 28, 7.95%, 0, 0, 2, 13.66
1747828056, 0, 294, 1311, 1310, 28, 7.95%, 0, 0, 2, 12.96
1747828066, 0, 297, 1311, 1310, 28, 7.95%, 0, 0, 2, 13.07
1747828077, 0, 298, 1311, 1310, 28, 7.95%, 0, 0, 2, 14.76
1747828087, 0, 299, 1311, 1310, 28, 7.95%, 0, 0, 2, 15.42
1747828092, 0, 300, 1311, 1310, 28, 7.95%, 0, 0, 2, 15.74
1747828102, 0, 301, 1311, 1310, 28, 7.95%, 0, 0, 2, 13.25
1747828107, 0, 301, 1312, 1311, 28, 7.96%, 0, 0, 2, 12.58
1747828112, 0, 301, 1313, 1312, 28, 7.96%, 0, 0, 2, 12.64
1747828123, 0, 301, 1314, 1313, 28, 7.97%, 0, 0, 2, 12.58
1747828164, 0, 301, 1315, 1314, 28, 7.97%, 0, 0, 2, 12.59
1747828184, 0, 301, 1316, 1315, 28, 7.97%, 0, 0, 2, 12.59
1747828271, 0, 301, 1317, 1316, 28, 7.97%, 0, 0, 2, 12.29
1747828323, 0, 301, 1318, 1317, 28, 7.97%, 0, 0, 2, 12.48
1747828425, 0, 302, 1318, 1317, 28, 7.97%, 0, 0, 2, 12.48
1747828435, 0, 303, 1318, 1317, 28, 7.97%, 0, 0, 2, 13.16
1747828446, 0, 304, 1318, 1317, 28, 7.97%, 0, 0, 2, 12.98
1747828456, 0, 305, 1318, 1317, 28, 7.97%, 0, 0, 2, 13.03
1747828466, 0, 305, 1319, 1318, 28, 7.97%, 0, 0, 2, 12.68
1747828476, 0, 307, 1319, 1318, 28, 7.97%, 0, 0, 2, 13.59
1747828482, 0, 307, 1320, 1319, 28, 7.97%, 0, 0, 2, 12.58
1747828487, 0, 307, 1321, 1320, 28, 7.97%, 0, 0, 2, 12.16
1747828518, 0, 309, 1321, 1320, 28, 7.97%, 0, 0, 2, 14.24
1747828528, 0, 310, 1322, 1321, 28, 7.97%, 0, 0, 2, 15.64
1747828543, 0, 311, 1322, 1321, 28, 7.97%, 0, 0, 2, 15.22
1747828554, 0, 312, 1322, 1321, 28, 7.97%, 0, 0, 2, 13.08
1747828564, 0, 314, 1323, 1322, 28, 7.97%, 0, 0, 2, 12.50
1747828584, 0, 316, 1323, 1322, 28, 7.97%, 0, 0, 2, 15.18
1747828590, 0, 318, 1323, 1322, 28, 7.97%, 0, 0, 2, 16.33
1747828600, 0, 319, 1324, 1323, 28, 7.97%, 0, 0, 2, 10.76
1747828605, 0, 319, 1325, 1324, 28, 7.97%, 0, 0, 2, 8.22
1747828631, 0, 319, 1326, 1325, 28, 7.97%, 0, 0, 2, 6.94
1747828641, 0, 319, 1327, 1326, 28, 7.97%, 0, 0, 2, 6.78
1747828672, 0, 319, 1328, 1327, 28, 7.97%, 0, 0, 2, 7.10
1747828692, 0, 319, 1329, 1328, 28, 7.97%, 0, 0, 2, 7.02
1747828697, 0, 319, 1330, 1329, 28, 7.97%, 0, 0, 2, 7.29
1747828718, 0, 319, 1331, 1330, 28, 7.97%, 0, 0, 2, 6.92
1747828790, 0, 319, 1332, 1331, 28, 7.97%, 0, 0, 2, 7.09
1747828795, 0, 319, 1333, 1332, 28, 7.97%, 0, 0, 2, 7.21
1747828914, 0, 319, 1334, 1333, 28, 7.97%, 0, 0, 2, 7.52
1747829161, 0, 319, 1335, 1334, 28, 7.97%, 0, 0, 2, 7.24
1747829167, 0, 320, 1335, 1334, 28, 7.97%, 0, 0, 2, 7.50
1747829182, 0, 321, 1335, 1334, 28, 7.97%, 0, 0, 2, 7.76
1747829197, 0, 322, 1335, 1334, 28, 7.97%, 0, 0, 2, 7.66
1747829213, 0, 323, 1335, 1334, 28, 7.97%, 0, 0, 2, 8.56
1747829228, 0, 324, 1335, 1334, 28, 7.97%, 0, 0, 2, 7.81
1747829244, 0, 324, 1336, 1335, 28, 7.97%, 0, 0, 2, 7.36
1747829265, 0, 325, 1336, 1335, 28, 7.97%, 0, 0, 2, 7.80
1747829280, 0, 326, 1336, 1335, 28, 7.97%, 0, 0, 2, 7.52
1747829296, 0, 326, 1337, 1336, 28, 7.97%, 0, 0, 2, 7.41
1747829316, 0, 327, 1337, 1336, 28, 7.97%, 0, 0, 2, 7.67
1747829332, 0, 328, 1337, 1336, 28, 7.97%, 0, 0, 2, 7.75
1747829352, 0, 329, 1337, 1336, 28, 7.97%, 0, 0, 2, 7.35
1747829367, 0, 330, 1337, 1336, 28, 7.97%, 0, 0, 2, 7.79
1747829383, 0, 330, 1338, 1337, 28, 7.97%, 0, 0, 2, 7.89
1747829393, 0, 330, 1339, 1338, 28, 7.97%, 0, 0, 2, 7.69
1747829435, 0, 330, 1340, 1339, 28, 7.97%, 0, 0, 2, 7.93
1747829506, 0, 331, 1340, 1339, 28, 7.97%, 0, 0, 2, 7.74
1747829521, 0, 332, 1340, 1339, 28, 7.97%, 0, 0, 2, 7.54
1747829542, 0, 333, 1340, 1339, 28, 7.97%, 0, 0, 2, 7.36
1747829557, 0, 334, 1340, 1339, 28, 7.97%, 0, 0, 2, 7.46
1747829573, 0, 335, 1340, 1339, 28, 7.97%, 0, 0, 2, 7.57
1747829578, 0, 335, 1341, 1340, 28, 7.97%, 0, 0, 2, 7.00
1747829593, 0, 335, 1342, 1341, 28, 7.97%, 0, 0, 2, 7.30
1747829604, 0, 335, 1343, 1342, 28, 7.97%, 0, 0, 2, 7.14
1747829630, 0, 335, 1344, 1343, 28, 7.97%, 0, 0, 2, 7.01
1747829697, 0, 335, 1345, 1344, 28, 7.97%, 0, 0, 2, 7.16
1747829728, 0, 335, 1346, 1345, 28, 7.97%, 0, 0, 2, 7.06
1747829862, 0, 335, 1347, 1346, 28, 7.97%, 0, 0, 2, 7.03
1747829991, 0, 335, 1348, 1347, 28, 7.97%, 0, 0, 2, 7.41
1747830088, 0, 335, 1349, 1348, 28, 7.97%, 0, 0, 2, 7.14
1747830140, 0, 335, 1350, 1349, 28, 7.97%, 0, 0, 2, 7.25
1747830150, 0, 336, 1350, 1349, 28, 7.97%, 0, 0, 2, 7.32
1747830165, 0, 337, 1350, 1349, 28, 7.97%, 0, 0, 2, 6.95
1747830170, 0, 337, 1351, 1350, 28, 7.97%, 0, 0, 2, 7.24
1747830201, 0, 338, 1351, 1350, 28, 7.97%, 0, 0, 2, 7.16
1747830206, 0, 338, 1352, 1351, 28, 7.98%, 0, 0, 2, 6.81
1747830242, 0, 341, 1352, 1351, 29, 7.98%, 0, 0, 2, 8.40
1747830252, 0, 342, 1352, 1351, 29, 7.98%, 0, 0, 2, 9.34
1747830263, 0, 342, 1353, 1352, 29, 7.98%, 0, 0, 2, 7.49
1747830278, 0, 342, 1354, 1353, 29, 7.98%, 0, 0, 2, 7.74
1747830324, 0, 345, 1355, 1354, 29, 7.98%, 0, 0, 2, 7.50
1747830360, 0, 346, 1355, 1354, 29, 7.98%, 0, 0, 2, 7.50
1747830381, 0, 347, 1355, 1354, 29, 7.98%, 0, 0, 2, 7.34
1747830396, 0, 348, 1355, 1354, 29, 7.98%, 0, 0, 2, 7.75
1747830417, 0, 349, 1355, 1354, 29, 7.98%, 0, 0, 2, 7.70
1747830433, 0, 350, 1355, 1354, 29, 7.98%, 0, 0, 2, 9.07
1747830443, 0, 351, 1355, 1354, 29, 7.98%, 0, 0, 2, 9.40
1747830464, 0, 352, 1355, 1354, 29, 7.98%, 0, 0, 2, 8.55
1747830474, 0, 353, 1355, 1354, 29, 7.98%, 0, 0, 2, 9.50
1747830489, 0, 354, 1355, 1354, 29, 7.98%, 0, 0, 2, 8.36
1747830505, 0, 354, 1356, 1355, 29, 7.98%, 0, 0, 2, 6.97
1747830525, 0, 355, 1356, 1355, 29, 7.98%, 0, 0, 2, 7.15
1747830530, 0, 355, 1357, 1356, 29, 7.98%, 0, 0, 2, 6.94
1747830561, 0, 356, 1357, 1356, 29, 7.98%, 0, 0, 2, 7.40
1747830581, 0, 357, 1357, 1356, 29, 7.98%, 0, 0, 2, 8.40
1747830592, 0, 358, 1357, 1356, 29, 7.98%, 0, 0, 2, 8.94
1747830612, 0, 360, 1357, 1356, 29, 7.98%, 0, 0, 2, 7.98
1747830627, 0, 361, 1357, 1356, 29, 7.98%, 0, 0, 2, 7.42
1747830643, 0, 362, 1357, 1356, 29, 7.98%, 0, 0, 2, 7.93
1747830658, 0, 363, 1357, 1356, 29, 7.98%, 0, 0, 2, 8.33
1747830674, 0, 363, 1358, 1357, 29, 7.98%, 0, 0, 2, 7.02
1747830694, 0, 364, 1358, 1357, 29, 7.98%, 0, 0, 2, 7.18
1747830715, 0, 365, 1358, 1357, 29, 7.98%, 0, 0, 2, 8.75
1747830720, 0, 365, 1359, 1358, 29, 7.98%, 0, 0, 2, 8.90
1747830740, 0, 366, 1359, 1358, 29, 7.98%, 0, 0, 2, 8.43
1747830756, 0, 368, 1359, 1358, 29, 7.98%, 0, 0, 2, 7.53
1747830771, 0, 369, 1359, 1358, 29, 7.98%, 0, 0, 2, 8.55
1747830782, 0, 369, 1360, 1359, 29, 8.01%, 0, 0, 2, 7.24
1747830797, 0, 369, 1361, 1360, 29, 8.01%, 0, 0, 2, 7.10
1747830803, 0, 369, 1363, 1362, 29, 8.01%, 0, 0, 2, 6.58
1747830828, 0, 369, 1364, 1363, 29, 8.01%, 0, 0, 2, 7.22
1747830921, 0, 369, 1365, 1364, 29, 8.01%, 0, 0, 2, 6.92
1747830937, 0, 369, 1366, 1365, 29, 8.01%, 0, 0, 2, 7.00
1747830973, 0, 369, 1367, 1366, 29, 8.01%, 0, 0, 2, 7.07
1747830999, 0, 369, 1368, 1367, 29, 8.01%, 0, 0, 2, 6.87
1747831143, 0, 369, 1369, 1368, 29, 8.01%, 0, 0, 2, 7.23
1747831159, 0, 369, 1370, 1369, 29, 8.01%, 0, 0, 2, 7.46
1747831303, 0, 369, 1371, 1370, 29, 8.01%, 0, 0, 2, 7.01
1747831359, 0, 370, 1371, 1370, 31, 8.01%, 0, 0, 2, 7.87
1747831375, 0, 371, 1371, 1370, 31, 8.01%, 0, 0, 2, 7.41
1747831385, 0, 371, 1372, 1371, 31, 8.01%, 0, 0, 2, 6.88
1747831410, 0, 373, 1372, 1371, 31, 8.01%, 0, 0, 2, 7.92
1747831426, 0, 377, 1372, 1371, 31, 8.01%, 0, 0, 2, 8.08
1747831442, 0, 378, 1373, 1372, 31, 8.01%, 0, 0, 2, 7.45
1747831447, 0, 378, 1374, 1373, 31, 8.01%, 0, 0, 2, 7.15
1747831452, 0, 378, 1375, 1374, 31, 8.01%, 0, 0, 2, 6.74
1747831483, 0, 378, 1376, 1375, 31, 8.01%, 0, 0, 2, 7.31
1747831514, 0, 378, 1377, 1376, 31, 8.01%, 0, 0, 2, 7.22
1747831545, 0, 378, 1378, 1377, 31, 8.06%, 0, 0, 2, 7.11
1747831597, 0, 378, 1379, 1378, 31, 8.06%, 0, 0, 2, 7.45
1747831663, 0, 378, 1380, 1379, 31, 8.06%, 0, 0, 2, 7.19
1747831690, 0, 378, 1381, 1380, 31, 8.06%, 0, 0, 2, 6.83
1747831792, 0, 378, 1382, 1381, 31, 8.06%, 0, 0, 2, 7.56
1747831818, 0, 378, 1383, 1382, 31, 8.25%, 0, 0, 2, 6.79
1747831978, 0, 378, 1384, 1383, 31, 8.25%, 0, 0, 2, 7.22
1747832024, 0, 379, 1384, 1383, 29, 8.25%, 0, 0, 2, 7.63
1747832040, 0, 380, 1384, 1383, 29, 8.25%, 0, 0, 2, 8.67
1747832050, 0, 382, 1384, 1383, 29, 8.25%, 0, 0, 2, 9.58
1747832071, 0, 383, 1384, 1383, 29, 8.25%, 0, 0, 2, 7.39
1747832086, 0, 385, 1384, 1383, 29, 8.25%, 0, 0, 2, 7.19
1747832107, 0, 386, 1384, 1383, 29, 8.25%, 0, 0, 2, 8.88
1747832117, 0, 387, 1384, 1383, 29, 8.25%, 0, 0, 2, 9.39
1747832137, 0, 388, 1384, 1383, 29, 8.25%, 0, 0, 2, 7.56
1747832153, 0, 389, 1384, 1383, 29, 8.25%, 0, 0, 2, 7.50
1747832168, 0, 390, 1384, 1383, 29, 8.25%, 0, 0, 2, 7.43
1747832189, 0, 391, 1384, 1383, 29, 8.25%, 0, 0, 2, 7.94
1747832194, 0, 391, 1385, 1384, 29, 8.25%, 0, 0, 2, 7.30
1747832209, 0, 391, 1386, 1385, 29, 8.25%, 0, 0, 2, 6.66
1747832261, 0, 392, 1386, 1385, 29, 8.25%, 0, 0, 2, 7.36
1747832276, 0, 393, 1386, 1385, 29, 8.25%, 0, 0, 2, 7.75
1747832297, 0, 394, 1386, 1385, 29, 8.25%, 0, 0, 2, 7.43
1747832307, 0, 394, 1387, 1386, 29, 8.25%, 0, 0, 2, 6.61
1747832333, 0, 396, 1387, 1386, 29, 8.25%, 0, 0, 2, 7.31
1747832348, 0, 397, 1387, 1386, 29, 8.25%, 0, 0, 2, 7.66
1747832359, 0, 397, 1388, 1387, 29, 8.25%, 0, 0, 2, 9.51
1747832379, 0, 399, 1388, 1387, 29, 8.25%, 0, 0, 2, 8.34
1747832389, 0, 399, 1389, 1388, 29, 8.25%, 0, 0, 2, 7.00
1747832415, 0, 401, 1389, 1388, 29, 8.25%, 0, 0, 2, 7.06
1747832420, 0, 401, 1390, 1389, 29, 8.25%, 0, 0, 2, 6.79
1747832451, 0, 402, 1390, 1389, 29, 8.25%, 0, 0, 2, 7.25
1747832472, 0, 403, 1390, 1389, 29, 8.25%, 0, 0, 2, 7.25
1747832487, 0, 404, 1390, 1389, 29, 8.25%, 0, 0, 2, 7.56
1747832502, 0, 405, 1390, 1389, 29, 8.25%, 0, 0, 2, 8.56
1747832518, 0, 407, 1390, 1389, 29, 8.25%, 0, 0, 2, 7.24
1747832539, 0, 407, 1391, 1390, 29, 8.25%, 0, 0, 2, 6.66
1747832559, 0, 409, 1391, 1390, 29, 8.25%, 0, 0, 2, 8.75
1747832569, 0, 410, 1391, 1390, 29, 8.25%, 0, 0, 2, 8.78
1747832590, 0, 413, 1391, 1390, 29, 8.25%, 0, 0, 2, 8.72
1747832601, 0, 414, 1391, 1390, 29, 8.25%, 0, 0, 2, 8.92
1747832621, 0, 415, 1391, 1390, 29, 8.25%, 0, 0, 2, 8.71
1747832631, 0, 416, 1391, 1390, 29, 8.25%, 0, 0, 2, 8.95
1747832647, 0, 416, 1392, 1391, 29, 8.26%, 0, 0, 2, 7.28
1747832667, 0, 417, 1392, 1391, 29, 8.26%, 0, 0, 2, 7.73
1747832688, 0, 419, 1392, 1391, 29, 8.26%, 0, 0, 2, 6.91
1747832703, 0, 420, 1392, 1391, 29, 8.26%, 0, 0, 2, 7.19
1747832724, 0, 421, 1393, 1392, 29, 8.26%, 0, 0, 2, 7.80
1747832760, 0, 422, 1393, 1392, 29, 8.26%, 0, 0, 2, 7.37
1747832775, 0, 422, 1394, 1393, 29, 8.26%, 0, 0, 2, 6.88
1747832796, 0, 423, 1394, 1393, 29, 8.26%, 0, 0, 2, 8.35
1747832811, 0, 424, 1394, 1393, 29, 8.26%, 0, 0, 2, 8.08
1747832827, 0, 426, 1394, 1393, 29, 8.26%, 0, 0, 2, 7.37
1747832847, 0, 428, 1394, 1393, 29, 8.26%, 0, 0, 2, 7.08
1747832863, 0, 429, 1394, 1393, 29, 8.26%, 0, 0, 2, 7.11
1747832878, 0, 430, 1394, 1393, 29, 8.26%, 0, 0, 2, 7.13
1747832899, 0, 431, 1394, 1393, 29, 8.26%, 0, 0, 2, 8.58
1747832915, 0, 433, 1394, 1393, 29, 8.26%, 0, 0, 2, 8.01
1747832930, 0, 437, 1394, 1393, 29, 8.26%, 0, 0, 2, 7.58
1747832945, 0, 438, 1394, 1393, 29, 8.26%, 0, 0, 2, 7.61
1747832966, 0, 439, 1394, 1393, 29, 8.26%, 0, 0, 2, 7.41
1747832976, 0, 439, 1395, 1394, 29, 8.26%, 0, 0, 2, 7.23
1747833002, 0, 440, 1395, 1394, 29, 8.26%, 0, 0, 2, 7.18
1747833017, 0, 441, 1395, 1394, 29, 8.26%, 0, 0, 2, 7.51
1747833022, 0, 441, 1396, 1395, 29, 8.26%, 0, 0, 2, 6.99
1747833058, 0, 442, 1396, 1395, 29, 8.26%, 0, 0, 2, 7.17
1747833074, 0, 444, 1396, 1395, 29, 8.26%, 0, 0, 2, 7.53
1747833095, 0, 445, 1396, 1395, 29, 8.26%, 0, 0, 2, 7.33
1747833110, 0, 446, 1396, 1395, 29, 8.26%, 0, 0, 2, 8.36
1747833126, 0, 447, 1396, 1395, 29, 8.26%, 0, 0, 2, 7.66
1747833141, 0, 449, 1396, 1395, 29, 8.26%, 0, 0, 2, 7.54
1747833156, 0, 450, 1396, 1395, 29, 8.26%, 0, 0, 2, 7.48
1747833177, 0, 451, 1396, 1395, 29, 8.26%, 0, 0, 2, 7.29
1747833192, 0, 452, 1396, 1395, 29, 8.26%, 0, 0, 2, 8.04
1747833207, 0, 453, 1396, 1395, 29, 8.26%, 0, 0, 2, 7.94
1747833223, 0, 454, 1396, 1395, 29, 8.26%, 0, 0, 2, 8.50
1747833238, 0, 455, 1396, 1395, 29, 8.26%, 0, 0, 2, 7.99
1747833254, 0, 456, 1396, 1395, 29, 8.26%, 0, 0, 2, 7.42
1747833274, 0, 457, 1396, 1395, 29, 8.26%, 0, 0, 2, 9.07
1747833284, 0, 458, 1396, 1395, 29, 8.26%, 0, 0, 2, 9.45
1747833300, 0, 459, 1396, 1395, 29, 8.26%, 0, 0, 2, 8.19
1747833320, 0, 461, 1396, 1395, 29, 8.26%, 0, 0, 2, 6.92
1747833336, 0, 462, 1396, 1395, 29, 8.26%, 0, 0, 2, 8.28
1747833351, 0, 464, 1396, 1395, 29, 8.26%, 0, 0, 2, 9.16
1747833361, 0, 465, 1396, 1395, 29, 8.26%, 0, 0, 2, 9.80
1747833372, 0, 465, 1398, 1397, 29, 8.26%, 0, 0, 2, 6.83
1747833377, 0, 465, 1399, 1398, 29, 8.26%, 0, 0, 2, 6.76
1747833510, 0, 466, 1399, 1398, 29, 8.26%, 0, 0, 2, 7.55
1747833521, 0, 466, 1400, 1399, 29, 8.26%, 0, 0, 2, 9.52
1747833536, 0, 467, 1400, 1399, 29, 8.26%, 0, 0, 2, 9.27
1747833557, 0, 468, 1400, 1399, 29, 8.26%, 0, 0, 2, 7.75
1747833572, 0, 469, 1400, 1399, 29, 8.26%, 0, 0, 2, 7.16
1747833593, 0, 470, 1400, 1399, 29, 8.26%, 0, 0, 2, 7.47
1747833609, 0, 471, 1400, 1399, 29, 8.26%, 0, 0, 2, 7.07
1747833624, 0, 472, 1400, 1399, 29, 8.26%, 0, 0, 2, 7.61
1747833645, 0, 473, 1400, 1399, 29, 8.26%, 0, 0, 2, 7.27
1747833650, 0, 473, 1401, 1400, 29, 8.26%, 0, 0, 2, 6.74
1747833680, 0, 474, 1401, 1400, 29, 8.26%, 0, 0, 2, 7.06
1747833696, 0, 476, 1401, 1400, 29, 8.26%, 0, 0, 2, 7.87
1747833716, 0, 477, 1402, 1401, 29, 8.26%, 0, 0, 2, 6.86
1747833752, 0, 478, 1402, 1401, 29, 8.26%, 0, 0, 2, 8.24
1747833767, 0, 480, 1402, 1401, 29, 8.26%, 0, 0, 2, 9.74
1747833778, 0, 481, 1402, 1401, 29, 8.26%, 0, 0, 2, 8.69
1747833794, 0, 482, 1402, 1401, 29, 8.26%, 0, 0, 2, 7.82
1747833814, 0, 483, 1402, 1401, 29, 8.26%, 0, 0, 2, 6.98
1747833830, 0, 485, 1402, 1401, 29, 8.26%, 0, 0, 2, 6.93
1747833851, 0, 486, 1402, 1401, 29, 8.26%, 0, 0, 2, 8.80
1747833861, 0, 487, 1402, 1401, 29, 8.26%, 0, 0, 2, 9.55
1747833881, 0, 488, 1402, 1401, 29, 8.26%, 0, 0, 2, 7.42
1747833897, 0, 489, 1402, 1401, 29, 8.26%, 0, 0, 2, 7.66
1747833917, 0, 490, 1402, 1401, 29, 8.26%, 0, 0, 2, 7.52
1747833928, 0, 490, 1403, 1402, 29, 8.26%, 0, 0, 2, 6.72
1747833933, 0, 490, 1404, 1403, 29, 8.42%, 0, 0, 2, 6.53
1747833990, 0, 491, 1404, 1403, 30, 8.42%, 0, 0, 2, 7.44
1747834011, 0, 492, 1404, 1403, 30, 8.42%, 0, 0, 2, 8.83
1747834021, 0, 494, 1404, 1403, 30, 8.42%, 0, 0, 2, 8.46
1747834041, 0, 495, 1404, 1403, 30, 8.42%, 0, 0, 2, 7.17
1747834057, 0, 496, 1404, 1403, 30, 8.42%, 0, 0, 2, 6.92
1747834067, 0, 496, 1405, 1404, 30, 8.42%, 0, 0, 2, 6.91
1747834078, 0, 496, 1406, 1405, 30, 8.42%, 0, 0, 2, 7.01
1747834088, 0, 496, 1407, 1406, 30, 8.42%, 0, 0, 2, 6.81
1747834175, 0, 496, 1408, 1407, 30, 8.42%, 0, 0, 2, 6.77
1747834191, 0, 496, 1409, 1408, 30, 8.42%, 0, 0, 2, 6.73
1747834314, 0, 496, 1410, 1409, 30, 8.42%, 0, 0, 2, 7.07
1747834320, 0, 496, 1411, 1410, 30, 8.42%, 0, 0, 2, 6.75
1747834491, 0, 496, 1412, 1411, 30, 8.43%, 0, 0, 2, 6.77
1747834501, 0, 496, 1413, 1412, 30, 8.43%, 0, 0, 2, 7.21
1747834563, 0, 496, 1414, 1413, 30, 8.43%, 0, 0, 2, 6.99
1747834630, 0, 496, 1415, 1414, 30, 8.43%, 0, 0, 2, 6.77
1747834655, 0, 498, 1415, 1414, 31, 8.43%, 0, 0, 2, 8.00
1747834671, 0, 499, 1415, 1414, 31, 8.43%, 0, 0, 2, 7.92
1747834686, 0, 500, 1415, 1414, 31, 8.43%, 0, 0, 2, 7.87
1747834691, 0, 500, 1416, 1415, 31, 8.43%, 0, 0, 2, 9.05
1747834717, 0, 501, 1416, 1415, 31, 8.43%, 0, 0, 2, 8.13
1747834732, 0, 503, 1416, 1415, 31, 8.43%, 0, 0, 2, 8.00
1747834748, 0, 504, 1416, 1415, 31, 8.43%, 0, 0, 2, 8.48
1747834763, 0, 505, 1416, 1415, 31, 8.43%, 0, 0, 2, 7.36
1747834784, 0, 507, 1416, 1415, 31, 8.43%, 0, 0, 2, 8.93
1747834794, 0, 508, 1416, 1415, 31, 8.43%, 0, 0, 2, 8.82
1747834815, 0, 509, 1416, 1415, 31, 8.43%, 0, 0, 2, 7.17
1747834830, 0, 510, 1416, 1415, 31, 8.43%, 0, 0, 2, 7.22
1747834846, 0, 511, 1416, 1415, 31, 8.43%, 0, 0, 2, 7.55
1747834867, 0, 512, 1416, 1415, 31, 8.43%, 0, 0, 2, 7.84
1747834882, 0, 513, 1416, 1415, 31, 8.43%, 0, 0, 2, 7.62
1747834898, 0, 514, 1416, 1415, 31, 8.43%, 0, 0, 2, 7.40
1747834919, 0, 515, 1416, 1415, 31, 8.43%, 0, 0, 2, 7.12
1747834934, 0, 516, 1416, 1415, 31, 8.43%, 0, 0, 2, 7.24
1747834955, 0, 518, 1416, 1415, 31, 8.43%, 0, 0, 2, 7.29
1747834960, 0, 518, 1417, 1416, 31, 8.43%, 0, 0, 2, 7.14
1747834991, 0, 519, 1417, 1416, 31, 8.43%, 0, 0, 2, 7.27
1747834996, 0, 519, 1418, 1417, 31, 8.43%, 0, 0, 2, 6.81
1747835012, 0, 519, 1419, 1418, 31, 8.43%, 0, 0, 2, 6.84
1747835068, 0, 520, 1419, 1418, 31, 8.43%, 0, 0, 2, 7.48
1747835084, 0, 521, 1419, 1418, 31, 8.43%, 0, 0, 2, 7.38
1747835099, 0, 521, 1420, 1419, 31, 8.43%, 0, 0, 2, 6.91
1747835120, 0, 522, 1420, 1419, 31, 8.43%, 0, 0, 2, 7.05
1747835141, 0, 523, 1420, 1419, 31, 8.43%, 0, 0, 2, 7.50
1747835157, 0, 525, 1420, 1419, 31, 8.43%, 0, 0, 2, 7.39
1747835177, 0, 527, 1420, 1419, 31, 8.43%, 0, 0, 2, 8.55
1747835187, 0, 528, 1420, 1419, 31, 8.43%, 0, 0, 2, 9.23
1747835203, 0, 529, 1420, 1419, 31, 8.43%, 0, 0, 2, 9.42
1747835213, 0, 530, 1420, 1419, 31, 8.43%, 0, 0, 2, 9.67
1747835234, 0, 531, 1420, 1419, 31, 8.43%, 0, 0, 2, 7.33
1747835244, 0, 531, 1421, 1420, 31, 8.43%, 0, 0, 2, 6.83
1747835270, 0, 532, 1421, 1420, 31, 8.43%, 0, 0, 2, 7.03
1747835290, 0, 533, 1422, 1421, 31, 8.43%, 0, 0, 2, 8.51
1747835316, 0, 535, 1422, 1421, 31, 8.43%, 0, 0, 2, 8.27
1747835337, 0, 536, 1422, 1421, 31, 8.43%, 0, 0, 2, 6.80
1747835353, 0, 537, 1422, 1421, 31, 8.43%, 0, 0, 2, 6.80
1747835373, 0, 538, 1422, 1421, 31, 8.43%, 0, 0, 2, 7.21
1747835389, 0, 539, 1422, 1421, 31, 8.43%, 0, 0, 2, 7.33
1747835409, 0, 541, 1422, 1421, 31, 8.43%, 0, 0, 2, 7.27
1747835424, 0, 541, 1423, 1422, 31, 8.43%, 0, 0, 2, 6.58
1747835445, 0, 542, 1423, 1422, 31, 8.43%, 0, 0, 2, 7.09
1747835461, 0, 542, 1424, 1423, 31, 8.43%, 0, 0, 2, 6.84
1747835486, 0, 543, 1424, 1423, 31, 8.43%, 0, 0, 2, 6.80
1747835507, 0, 544, 1424, 1423, 31, 8.43%, 0, 0, 2, 7.25
1747835522, 0, 545, 1424, 1423, 31, 8.43%, 0, 0, 2, 7.30
1747835543, 0, 547, 1424, 1423, 31, 8.43%, 0, 0, 2, 6.98
1747835558, 0, 548, 1424, 1423, 31, 8.43%, 0, 0, 2, 7.35
1747835578, 0, 550, 1425, 1424, 31, 8.43%, 0, 0, 2, 6.70
1747835614, 0, 551, 1425, 1424, 31, 8.43%, 0, 0, 2, 7.11
1747835625, 0, 551, 1426, 1425, 31, 8.43%, 0, 0, 2, 6.94
1747835650, 0, 552, 1426, 1425, 31, 8.43%, 0, 0, 2, 7.52
1747835656, 0, 552, 1427, 1426, 31, 8.44%, 0, 0, 2, 7.03
1747835682, 0, 552, 1428, 1427, 31, 8.44%, 0, 0, 2, 6.72
1747835728, 0, 553, 1428, 1427, 32, 8.44%, 0, 0, 2, 6.91
1747835744, 0, 554, 1428, 1427, 32, 8.44%, 0, 0, 2, 7.33
1747835765, 0, 555, 1428, 1427, 32, 8.44%, 0, 0, 2, 6.76
1747835785, 0, 556, 1428, 1427, 32, 8.44%, 0, 0, 2, 7.15
1747835795, 0, 556, 1429, 1428, 32, 8.44%, 0, 0, 2, 7.12
1747835821, 0, 558, 1429, 1428, 32, 8.44%, 0, 0, 2, 7.41
1747835837, 0, 559, 1429, 1428, 32, 8.44%, 0, 0, 2, 7.18
1747835857, 0, 560, 1429, 1428, 32, 8.44%, 0, 0, 2, 7.06
1747835878, 0, 561, 1429, 1428, 32, 8.44%, 0, 0, 2, 7.21
1747835893, 0, 562, 1429, 1428, 32, 8.44%, 0, 0, 2, 7.14
1747835914, 0, 563, 1429, 1428, 32, 8.44%, 0, 0, 2, 7.07
1747835929, 0, 564, 1430, 1429, 32, 8.44%, 0, 0, 2, 6.65
1747835970, 0, 565, 1430, 1429, 32, 8.44%, 0, 0, 2, 7.14
1747835986, 0, 566, 1430, 1429, 32, 8.44%, 0, 0, 2, 7.37
1747836006, 0, 567, 1430, 1429, 32, 8.44%, 0, 0, 2, 7.44
1747836022, 0, 568, 1430, 1429, 32, 8.44%, 0, 0, 2, 7.63
1747836038, 0, 569, 1430, 1429, 32, 8.44%, 0, 0, 2, 7.45
1747836053, 0, 569, 1431, 1430, 32, 8.44%, 0, 0, 2, 6.71
1747836079, 0, 570, 1431, 1430, 32, 8.44%, 0, 0, 2, 7.83
1747836094, 0, 571, 1431, 1430, 32, 8.44%, 0, 0, 2, 7.44
1747836114, 0, 572, 1431, 1430, 32, 8.44%, 0, 0, 2, 7.01
1747836119, 0, 572, 1432, 1431, 32, 8.44%, 0, 0, 2, 7.30
1747836150, 0, 573, 1432, 1431, 32, 8.44%, 0, 0, 2, 7.18
1747836166, 0, 574, 1432, 1431, 32, 8.44%, 0, 0, 2, 7.47
1747836186, 0, 575, 1432, 1431, 32, 8.44%, 0, 0, 2, 9.64
1747836196, 0, 576, 1432, 1431, 32, 8.44%, 0, 0, 2, 12.82
1747836207, 0, 577, 1432, 1431, 32, 8.44%, 0, 0, 2, 11.88
1747836212, 0, 577, 1433, 1432, 32, 8.44%, 0, 0, 2, 11.44
1747836227, 0, 578, 1433, 1432, 32, 8.44%, 0, 0, 2, 11.79
1747836237, 0, 579, 1433, 1432, 32, 8.44%, 0, 0, 2, 11.96
1747836248, 0, 580, 1433, 1432, 32, 8.44%, 0, 0, 2, 13.55
1747836258, 0, 581, 1433, 1432, 32, 8.44%, 0, 0, 2, 15.68
1747836263, 0, 582, 1433, 1432, 32, 8.44%, 0, 0, 2, 15.34
1747836278, 0, 583, 1433, 1432, 32, 8.44%, 0, 0, 2, 11.48
1747836289, 0, 586, 1433, 1432, 32, 8.44%, 0, 0, 2, 11.71
1747836299, 0, 588, 1433, 1432, 32, 8.44%, 0, 0, 2, 10.44
1747836315, 0, 589, 1433, 1432, 32, 8.44%, 0, 0, 2, 7.09
1747836335, 0, 590, 1433, 1432, 32, 8.44%, 0, 0, 2, 7.02
1747836351, 0, 591, 1433, 1432, 32, 8.44%, 0, 0, 2, 7.08
1747836372, 0, 592, 1433, 1432, 32, 8.44%, 0, 0, 2, 6.80
1747836392, 0, 593, 1433, 1432, 32, 8.44%, 0, 0, 2, 7.25
1747836408, 0, 594, 1433, 1432, 32, 8.44%, 0, 0, 2, 7.74
1747836423, 0, 595, 1433, 1432, 32, 8.44%, 0, 0, 2, 9.36
1747836439, 0, 596, 1434, 1433, 32, 8.44%, 0, 0, 2, 7.12
1747836475, 0, 597, 1434, 1433, 32, 8.44%, 0, 0, 2, 7.26
1747836496, 0, 598, 1434, 1433, 32, 8.44%, 0, 0, 2, 8.63
1747836506, 0, 600, 1434, 1433, 32, 8.44%, 0, 0, 2, 9.34
1747836521, 0, 601, 1434, 1433, 32, 8.44%, 0, 0, 2, 10.06
1747836531, 0, 602, 1434, 1433, 32, 8.44%, 0, 0, 2, 11.42
1747836542, 0, 603, 1434, 1433, 32, 8.44%, 0, 0, 2, 12.11
1747836552, 0, 604, 1434, 1433, 32, 8.44%, 0, 0, 2, 12.04
1747836567, 0, 607, 1434, 1433, 32, 8.44%, 0, 0, 2, 11.38
1747836572, 0, 607, 1435, 1434, 32, 8.44%, 0, 0, 2, 11.43
1747836582, 0, 607, 1436, 1435, 32, 8.44%, 0, 0, 2, 11.49
1747836608, 0, 608, 1436, 1435, 32, 8.44%, 0, 0, 2, 11.92
1747836619, 0, 609, 1436, 1435, 32, 8.44%, 0, 0, 2, 13.06
1747836629, 0, 610, 1436, 1435, 32, 8.44%, 0, 0, 2, 15.08
1747836639, 0, 611, 1436, 1435, 32, 8.44%, 0, 0, 2, 16.74
1747836644, 0, 612, 1436, 1435, 32, 8.44%, 0, 0, 2, 14.14
1747836649, 0, 612, 1437, 1436, 32, 8.44%, 0, 0, 2, 12.46
1747836669, 0, 613, 1437, 1436, 32, 8.44%, 0, 0, 2, 15.33
1747836674, 0, 614, 1437, 1436, 32, 8.44%, 0, 0, 2, 14.10
1747836685, 0, 615, 1437, 1436, 32, 8.44%, 0, 0, 2, 11.60
1747836695, 0, 616, 1437, 1436, 32, 8.44%, 0, 0, 2, 12.07
1747836705, 0, 618, 1437, 1436, 32, 8.44%, 0, 0, 2, 13.42
1747836715, 0, 619, 1437, 1436, 32, 8.44%, 0, 0, 2, 15.67
1747836726, 0, 621, 1437, 1436, 32, 8.44%, 0, 0, 2, 13.51
1747836736, 0, 622, 1437, 1436, 32, 8.44%, 0, 0, 2, 27.13
1747837811, 0, 622, 1438, 1437, 32, 8.44%, 0, 0, 3, 31.49
1747837831, 0, 622, 1439, 1438, 32, 8.44%, 0, 0, 3, 22.30
1747837964, 0, 623, 1439, 1437, 31, 8.44%, 0, 0, 3, 12.16
1747837974, 0, 624, 1439, 1437, 31, 8.44%, 0, 0, 3, 8.93
1747837995, 0, 626, 1439, 1437, 31, 8.44%, 0, 0, 3, 7.37
1747838010, 0, 628, 1439, 1437, 31, 8.44%, 0, 0, 3, 7.76
1747838026, 0, 630, 1439, 1437, 31, 8.44%, 0, 0, 3, 9.64
1747838036, 0, 631, 1439, 1437, 31, 8.44%, 0, 0, 3, 9.44
1747838057, 0, 632, 1439, 1437, 31, 8.44%, 0, 0, 3, 6.86
1747838077, 0, 633, 1439, 1437, 31, 8.44%, 0, 0, 3, 10.21
1747838087, 0, 634, 1439, 1437, 31, 8.44%, 0, 0, 3, 11.80
1747838098, 0, 635, 1439, 1437, 31, 8.44%, 0, 0, 3, 12.25
1747838108, 0, 636, 1439, 1437, 31, 8.44%, 0, 0, 3, 13.01
1747838118, 0, 638, 1439, 1437, 31, 8.44%, 0, 0, 3, 11.95
1747838128, 0, 639, 1439, 1437, 31, 8.44%, 0, 0, 3, 14.65
1747838139, 0, 640, 1441, 1439, 31, 8.44%, 0, 0, 3, 11.87
1747838179, 0, 641, 1441, 1439, 31, 8.44%, 0, 0, 3, 11.75
1747838190, 0, 642, 1441, 1439, 31, 8.44%, 0, 0, 3, 12.42
1747838205, 0, 643, 1441, 1439, 31, 8.44%, 0, 0, 3, 12.09
1747838215, 0, 644, 1441, 1439, 31, 8.44%, 0, 0, 3, 12.44
1747838226, 0, 645, 1441, 1439, 31, 8.44%, 0, 0, 3, 11.87
1747838236, 0, 646, 1441, 1439, 31, 8.44%, 0, 0, 3, 12.05
1747838246, 0, 647, 1441, 1439, 31, 8.44%, 0, 0, 3, 14.15
1747838251, 0, 650, 1441, 1439, 31, 8.44%, 0, 0, 3, 15.20
1747838267, 0, 652, 1441, 1439, 31, 8.44%, 0, 0, 3, 14.91
1747838272, 0, 653, 1441, 1439, 31, 8.44%, 0, 0, 3, 14.23
1747838282, 0, 654, 1441, 1439, 31, 8.44%, 0, 0, 3, 12.74
1747838292, 0, 656, 1441, 1439, 31, 8.44%, 0, 0, 3, 13.38
1747838302, 0, 657, 1441, 1439, 31, 8.44%, 0, 0, 3, 14.11
1747838313, 0, 658, 1441, 1439, 31, 8.44%, 0, 0, 3, 12.26
1747838323, 0, 659, 1441, 1439, 31, 8.44%, 0, 0, 3, 11.46
1747838333, 0, 660, 1441, 1439, 31, 8.44%, 0, 0, 3, 12.39
1747838343, 0, 662, 1441, 1439, 31, 8.44%, 0, 0, 3, 12.02
1747838353, 0, 663, 1441, 1439, 31, 8.44%, 0, 0, 3, 12.01
1747838364, 0, 664, 1441, 1439, 31, 8.44%, 0, 0, 3, 13.74
1747838374, 0, 665, 1441, 1439, 31, 8.44%, 0, 0, 3, 12.97
1747838384, 0, 666, 1441, 1439, 31, 8.44%, 0, 0, 3, 14.38
1747838389, 0, 667, 1441, 1439, 31, 8.44%, 0, 0, 3, 15.69
1747838405, 0, 668, 1441, 1439, 31, 8.44%, 0, 0, 3, 12.83
1747838415, 0, 669, 1441, 1439, 31, 8.44%, 0, 0, 3, 11.46
1747838425, 0, 670, 1441, 1439, 31, 8.44%, 0, 0, 3, 12.17
1747838436, 0, 671, 1441, 1439, 31, 8.44%, 0, 0, 3, 14.31
1747838441, 0, 672, 1441, 1439, 31, 8.44%, 0, 0, 3, 15.30
1747838456, 0, 673, 1441, 1439, 31, 8.44%, 0, 0, 3, 11.26
1747838466, 0, 674, 1441, 1439, 31, 8.44%, 0, 0, 3, 14.26
1747838471, 0, 675, 1441, 1439, 31, 8.44%, 0, 0, 3, 15.70
1747838481, 0, 676, 1441, 1439, 31, 8.44%, 0, 0, 3, 14.44
1747838492, 0, 677, 1441, 1439, 31, 8.44%, 0, 0, 3, 12.48
1747838502, 0, 678, 1441, 1439, 31, 8.44%, 0, 0, 3, 11.92
1747838513, 0, 679, 1441, 1439, 31, 8.44%, 0, 0, 3, 11.54
1747838523, 0, 680, 1441, 1439, 31, 8.44%, 0, 0, 3, 11.71
1747838538, 0, 681, 1441, 1439, 31, 8.44%, 0, 0, 3, 11.74
1747838549, 0, 682, 1441, 1439, 31, 8.44%, 0, 0, 3, 11.44
1747838559, 0, 684, 1441, 1439, 31, 8.44%, 0, 0, 3, 13.40
1747838569, 0, 685, 1441, 1439, 31, 8.44%, 0, 0, 3, 12.67
1747838579, 0, 686, 1441, 1439, 31, 8.44%, 0, 0, 3, 11.87
1747838590, 0, 687, 1441, 1439, 31, 8.44%, 0, 0, 3, 12.50
1747838600, 0, 688, 1441, 1439, 31, 8.44%, 0, 0, 3, 15.01
1747838605, 0, 689, 1441, 1439, 31, 8.44%, 0, 0, 3, 15.83
1747838615, 0, 690, 1441, 1439, 31, 8.44%, 0, 0, 3, 13.41
1747838626, 0, 690, 1442, 1440, 31, 8.45%, 0, 0, 3, 11.57
1747838636, 0, 691, 1442, 1440, 32, 8.45%, 0, 0, 3, 11.89
1747838647, 0, 692, 1442, 1440, 32, 8.45%, 0, 0, 3, 13.45
1747838657, 0, 693, 1442, 1440, 32, 8.45%, 0, 0, 3, 13.57
1747838667, 0, 695, 1442, 1440, 32, 8.45%, 0, 0, 3, 13.48
1747838677, 0, 697, 1442, 1440, 32, 8.45%, 0, 0, 3, 12.53
1747838682, 0, 697, 1443, 1441, 32, 8.45%, 0, 0, 3, 11.60
1747838698, 0, 698, 1443, 1441, 32, 8.45%, 0, 0, 3, 11.60
1747838708, 0, 699, 1443, 1441, 32, 8.45%, 0, 0, 3, 11.77
1747838718, 0, 700, 1443, 1441, 32, 8.45%, 0, 0, 3, 12.08
1747838729, 0, 701, 1443, 1441, 32, 8.45%, 0, 0, 3, 13.46
1747838739, 0, 702, 1443, 1441, 32, 8.45%, 0, 0, 3, 13.26
1747838749, 0, 703, 1443, 1441, 32, 8.45%, 0, 0, 3, 11.81
1747838760, 0, 704, 1443, 1441, 32, 8.45%, 0, 0, 3, 11.57
1747838770, 0, 705, 1443, 1441, 32, 8.45%, 0, 0, 3, 11.71
1747838780, 0, 706, 1443, 1441, 32, 8.45%, 0, 0, 3, 11.29
1747838790, 0, 708, 1443, 1441, 32, 8.45%, 0, 0, 3, 11.95
1747838806, 0, 710, 1443, 1441, 32, 8.45%, 0, 0, 3, 12.43
1747838816, 0, 712, 1443, 1441, 32, 8.45%, 0, 0, 3, 12.17
1747838826, 0, 714, 1443, 1441, 32, 8.45%, 0, 0, 3, 11.92
1747838837, 0, 715, 1443, 1441, 32, 8.45%, 0, 0, 3, 11.55
1747838847, 0, 716, 1443, 1441, 32, 8.45%, 0, 0, 3, 11.53
1747838852, 0, 716, 1444, 1442, 32, 8.45%, 0, 0, 3, 12.34
1747838867, 0, 717, 1444, 1442, 32, 8.45%, 0, 0, 3, 12.76
1747838878, 0, 718, 1444, 1442, 32, 8.45%, 0, 0, 3, 13.77
1747838888, 0, 719, 1444, 1442, 32, 8.45%, 0, 0, 3, 11.90
1747838898, 0, 720, 1444, 1442, 32, 8.45%, 0, 0, 3, 12.05
1747838908, 0, 721, 1444, 1442, 32, 8.45%, 0, 0, 3, 12.65
1747838919, 0, 722, 1444, 1442, 32, 8.45%, 0, 0, 3, 11.85
1747838929, 0, 723, 1444, 1442, 32, 8.45%, 0, 0, 3, 12.01
1747838940, 0, 725, 1444, 1442, 32, 8.45%, 0, 0, 3, 11.97
1747838950, 0, 727, 1444, 1442, 32, 8.45%, 0, 0, 3, 12.23
1747838960, 0, 728, 1444, 1442, 32, 8.45%, 0, 0, 3, 14.14
1747838965, 0, 728, 1445, 1443, 32, 8.45%, 0, 0, 3, 11.69
1747838980, 0, 729, 1445, 1443, 32, 8.45%, 0, 0, 3, 11.57
1747838991, 0, 729, 1446, 1444, 32, 8.45%, 0, 0, 3, 11.96
1747839006, 0, 731, 1446, 1444, 32, 8.45%, 0, 0, 3, 14.04
1747839011, 0, 734, 1446, 1444, 32, 8.45%, 0, 0, 3, 15.36
1747839021, 0, 735, 1446, 1444, 32, 8.45%, 0, 0, 3, 13.77
1747839032, 0, 736, 1446, 1444, 32, 8.45%, 0, 0, 3, 13.74
1747839042, 0, 737, 1446, 1444, 32, 8.45%, 0, 0, 3, 12.62
1747839052, 0, 738, 1446, 1444, 32, 8.45%, 0, 0, 3, 14.25
1747839057, 0, 739, 1446, 1444, 32, 8.45%, 0, 0, 3, 15.24
1747839067, 0, 741, 1446, 1444, 32, 8.45%, 0, 0, 3, 12.63
1747839083, 0, 742, 1447, 1445, 32, 8.45%, 0, 0, 3, 11.80
1747839103, 0, 743, 1447, 1445, 32, 8.45%, 0, 0, 3, 14.89
1747839108, 0, 744, 1447, 1445, 32, 8.45%, 0, 0, 3, 14.59
1747839119, 0, 745, 1447, 1445, 32, 8.45%, 0, 0, 3, 12.60
1747839129, 0, 747, 1447, 1445, 32, 8.45%, 0, 0, 3, 15.36
1747839139, 0, 748, 1447, 1445, 32, 8.45%, 0, 0, 3, 12.93
1747839150, 0, 749, 1447, 1445, 32, 8.45%, 0, 0, 3, 14.23
1747839155, 0, 750, 1447, 1445, 32, 8.45%, 0, 0, 3, 14.55
1747839165, 0, 750, 1449, 1447, 32, 8.45%, 0, 0, 3, 11.08
1747839170, 0, 750, 1450, 1448, 32, 8.45%, 0, 0, 3, 10.96
1747839175, 0, 750, 1451, 1449, 32, 8.45%, 0, 0, 3, 10.95
1747839196, 0, 750, 1452, 1450, 32, 8.45%, 0, 0, 3, 11.50
1747839201, 0, 750, 1453, 1451, 32, 8.45%, 0, 0, 3, 11.18
1747839206, 0, 750, 1454, 1452, 32, 8.45%, 0, 0, 3, 10.86
1747839212, 0, 750, 1455, 1453, 32, 8.45%, 0, 0, 3, 11.40
1747839222, 0, 750, 1456, 1454, 32, 8.45%, 0, 0, 3, 11.93
1747839294, 0, 750, 1457, 1455, 32, 8.45%, 0, 0, 3, 10.56
1747839346, 0, 750, 1458, 1456, 32, 8.45%, 0, 0, 3, 11.09
1747839361, 0, 750, 1459, 1457, 32, 8.45%, 0, 0, 3, 7.13
1747839377, 0, 750, 1460, 1458, 32, 8.45%, 0, 0, 3, 6.75
1747839423, 0, 750, 1461, 1459, 32, 8.45%, 0, 0, 3, 6.84
1747839429, 0, 750, 1462, 1460, 32, 8.45%, 0, 0, 3, 6.57
1747839490, 0, 750, 1463, 1461, 32, 8.45%, 0, 0, 3, 6.61
1747839625, 0, 750, 1464, 1462, 32, 8.45%, 0, 0, 3, 6.31
1747839645, 0, 751, 1464, 1462, 32, 8.45%, 0, 0, 3, 7.41
1747839666, 0, 753, 1464, 1462, 32, 8.45%, 0, 0, 3, 7.26
1747839682, 0, 755, 1464, 1462, 32, 8.45%, 0, 0, 3, 7.65
1747839702, 0, 756, 1464, 1462, 32, 8.45%, 0, 0, 3, 7.33
1747839717, 0, 757, 1464, 1462, 32, 8.45%, 0, 0, 3, 7.58
1747839733, 0, 758, 1464, 1462, 32, 8.45%, 0, 0, 3, 9.49
1747839748, 0, 759, 1464, 1462, 32, 8.45%, 0, 0, 3, 8.69
1747839764, 0, 760, 1464, 1462, 32, 8.45%, 0, 0, 3, 7.28
1747839769, 0, 760, 1465, 1463, 32, 8.45%, 0, 0, 3, 6.76
1747839779, 0, 760, 1466, 1464, 32, 8.45%, 0, 0, 3, 6.55
1747839805, 0, 760, 1467, 1465, 32, 8.45%, 0, 0, 3, 6.79
1747839825, 0, 760, 1468, 1466, 32, 8.45%, 0, 0, 3, 6.56
1747839912, 0, 760, 1469, 1467, 32, 8.45%, 0, 0, 3, 6.41
1747839969, 0, 760, 1470, 1468, 32, 8.45%, 0, 0, 3, 6.46
1747840062, 0, 760, 1471, 1469, 32, 8.45%, 0, 0, 3, 6.29
1747840381, 0, 761, 1472, 1470, 32, 8.46%, 0, 0, 3, 6.76
1747840422, 0, 762, 1472, 1470, 31, 8.46%, 0, 0, 3, 8.71
1747840432, 0, 763, 1472, 1470, 31, 8.46%, 0, 0, 3, 9.45
1747840442, 0, 763, 1473, 1471, 31, 8.46%, 0, 0, 3, 11.45
1747840453, 0, 764, 1473, 1471, 31, 8.46%, 0, 0, 3, 14.53
1747840463, 0, 765, 1473, 1471, 31, 8.46%, 0, 0, 3, 13.16
1747840478, 0, 767, 1473, 1471, 31, 8.46%, 0, 0, 3, 9.96
1747840489, 0, 768, 1473, 1471, 31, 8.46%, 0, 0, 3, 12.93
1747840499, 0, 769, 1473, 1471, 31, 8.46%, 0, 0, 3, 11.77
1747840509, 0, 770, 1473, 1471, 31, 8.46%, 0, 0, 3, 9.10
1747840524, 0, 771, 1473, 1471, 31, 8.46%, 0, 0, 3, 10.89
1747840534, 0, 772, 1473, 1471, 31, 8.46%, 0, 0, 3, 11.48
1747840545, 0, 773, 1473, 1471, 31, 8.46%, 0, 0, 3, 12.12
1747840555, 0, 774, 1473, 1471, 31, 8.46%, 0, 0, 3, 11.44
1747840565, 0, 774, 1474, 1472, 31, 8.46%, 0, 0, 3, 11.18
1747840570, 0, 774, 1475, 1473, 31, 8.46%, 0, 0, 3, 10.92
1747840591, 0, 774, 1476, 1474, 31, 8.46%, 0, 0, 3, 11.04
1747840596, 0, 774, 1477, 1475, 31, 8.46%, 0, 0, 3, 10.72
1747840724, 0, 774, 1478, 1476, 31, 8.46%, 0, 0, 3, 11.31
1747840919, 0, 775, 1478, 1476, 30, 8.46%, 0, 0, 3, 13.74
1747840924, 0, 776, 1478, 1476, 30, 8.46%, 0, 0, 3, 14.08
1747840934, 0, 777, 1478, 1476, 30, 8.46%, 0, 0, 3, 12.38
1747840950, 0, 778, 1478, 1476, 30, 8.46%, 0, 0, 3, 15.13
1747840955, 0, 779, 1478, 1476, 30, 8.46%, 0, 0, 3, 14.04
1747840965, 0, 780, 1478, 1476, 30, 8.46%, 0, 0, 3, 11.64
1747840976, 0, 781, 1478, 1476, 30, 8.46%, 0, 0, 3, 12.09
1747840986, 0, 783, 1478, 1476, 30, 8.46%, 0, 0, 3, 12.05
1747840996, 0, 785, 1478, 1476, 30, 8.46%, 0, 0, 3, 12.12
1747841011, 0, 786, 1478, 1476, 30, 8.46%, 0, 0, 3, 11.28
1747841022, 0, 787, 1478, 1476, 30, 8.46%, 0, 0, 3, 9.17
1747841037, 0, 788, 1478, 1476, 30, 8.46%, 0, 0, 3, 7.53
1747841052, 0, 789, 1478, 1476, 30, 8.46%, 0, 0, 3, 7.98
1747841073, 0, 791, 1478, 1476, 30, 8.46%, 0, 0, 3, 8.15
1747841088, 0, 792, 1478, 1476, 30, 8.46%, 0, 0, 3, 7.76
1747841104, 0, 794, 1478, 1476, 30, 8.46%, 0, 0, 3, 8.29
1747841119, 0, 795, 1478, 1476, 30, 8.46%, 0, 0, 3, 7.80
1747841134, 0, 796, 1478, 1476, 30, 8.46%, 0, 0, 3, 7.38
1747841150, 0, 798, 1478, 1476, 30, 8.46%, 0, 0, 3, 9.47
1747841165, 0, 799, 1478, 1476, 30, 8.46%, 0, 0, 3, 9.37
1747841176, 0, 800, 1478, 1476, 30, 8.46%, 0, 0, 3, 9.47
1747841191, 0, 802, 1478, 1476, 30, 8.46%, 0, 0, 3, 9.78
1747841206, 0, 803, 1478, 1476, 30, 8.46%, 0, 0, 3, 9.43
1747841216, 0, 804, 1478, 1476, 30, 8.46%, 0, 0, 3, 8.49
1747841237, 0, 805, 1479, 1477, 30, 8.46%, 0, 0, 3, 6.89
1747841258, 0, 805, 1480, 1478, 30, 8.46%, 0, 0, 3, 6.96
1747841314, 0, 806, 1480, 1478, 30, 8.46%, 0, 0, 3, 7.07
1747841329, 0, 807, 1480, 1478, 30, 8.46%, 0, 0, 3, 7.01
1747841349, 0, 808, 1480, 1478, 30, 8.46%, 0, 0, 3, 6.71
1747841370, 0, 809, 1480, 1478, 30, 8.46%, 0, 0, 3, 7.43
1747841385, 0, 810, 1480, 1478, 30, 8.46%, 0, 0, 3, 7.63
1747841406, 0, 811, 1480, 1478, 30, 8.46%, 0, 0, 3, 7.39
1747841421, 0, 812, 1480, 1478, 30, 8.46%, 0, 0, 3, 7.14
1747841442, 0, 813, 1480, 1478, 30, 8.46%, 0, 0, 3, 8.67
1747841452, 0, 814, 1480, 1478, 30, 8.46%, 0, 0, 3, 9.11
1747841467, 0, 815, 1480, 1478, 30, 8.46%, 0, 0, 3, 8.26
1747841488, 0, 816, 1480, 1478, 30, 8.46%, 0, 0, 3, 7.45
1747841503, 0, 817, 1480, 1478, 30, 8.46%, 0, 0, 3, 6.87
1747841524, 0, 818, 1480, 1478, 30, 8.46%, 0, 0, 3, 7.00
1747841540, 0, 820, 1480, 1478, 30, 8.46%, 0, 0, 3, 7.24
1747841560, 0, 823, 1480, 1478, 30, 8.46%, 0, 0, 3, 8.73
1747841571, 0, 825, 1480, 1478, 30, 8.46%, 0, 0, 3, 8.90
1747841591, 0, 826, 1480, 1478, 30, 8.46%, 0, 0, 3, 7.84
1747841606, 0, 828, 1480, 1478, 30, 8.46%, 0, 0, 3, 9.53
1747841616, 0, 829, 1480, 1478, 30, 8.46%, 0, 0, 3, 9.49
1747841632, 0, 830, 1480, 1478, 30, 8.46%, 0, 0, 3, 8.49
1747841652, 0, 831, 1480, 1478, 30, 8.46%, 0, 0, 3, 7.03
1747841668, 0, 832, 1480, 1478, 30, 8.46%, 0, 0, 3, 7.91
1747841683, 0, 833, 1480, 1478, 30, 8.46%, 0, 0, 3, 9.50
1747841694, 0, 834, 1480, 1478, 30, 8.46%, 0, 0, 3, 9.16
1747841715, 0, 835, 1480, 1478, 30, 8.46%, 0, 0, 3, 7.14
1747841730, 0, 836, 1480, 1478, 30, 8.46%, 0, 0, 3, 7.06
1747841750, 0, 837, 1480, 1478, 30, 8.46%, 0, 0, 3, 6.28
1747841771, 0, 838, 1480, 1478, 30, 8.46%, 0, 0, 3, 7.02
1747841787, 0, 839, 1480, 1478, 30, 8.46%, 0, 0, 3, 7.37
1747841807, 0, 840, 1480, 1478, 30, 8.46%, 0, 0, 3, 6.82
1747841828, 0, 841, 1480, 1478, 30, 8.46%, 0, 0, 3, 6.45
1747841849, 0, 842, 1480, 1478, 30, 8.46%, 0, 0, 3, 7.12
1747841864, 0, 843, 1480, 1478, 30, 8.46%, 0, 0, 3, 6.96
1747841885, 0, 844, 1480, 1478, 30, 8.46%, 0, 0, 3, 7.04
1747841906, 0, 845, 1480, 1478, 30, 8.46%, 0, 0, 3, 6.70
1747841926, 0, 846, 1480, 1478, 30, 8.46%, 0, 0, 3, 7.00
1747841941, 0, 847, 1480, 1478, 30, 8.46%, 0, 0, 3, 7.28
1747841962, 0, 848, 1480, 1478, 30, 8.46%, 0, 0, 3, 6.91
1747841977, 0, 851, 1480, 1478, 30, 8.46%, 0, 0, 3, 7.26
1747841998, 0, 852, 1480, 1478, 30, 8.46%, 0, 0, 3, 7.63
1747842013, 0, 854, 1480, 1478, 30, 8.46%, 0, 0, 3, 7.23
1747842033, 0, 855, 1480, 1478, 30, 8.46%, 0, 0, 3, 7.19
1747842054, 0, 856, 1481, 1479, 30, 8.46%, 0, 0, 3, 6.67
1747842090, 0, 857, 1481, 1479, 30, 8.46%, 0, 0, 3, 6.82
1747842110, 0, 858, 1481, 1479, 30, 8.46%, 0, 0, 3, 7.00
1747842126, 0, 859, 1481, 1479, 30, 8.46%, 0, 0, 3, 7.26
1747842141, 0, 859, 1482, 1480, 30, 8.46%, 0, 0, 3, 6.93
1747842167, 0, 860, 1482, 1480, 30, 8.46%, 0, 0, 3, 6.69
1747842187, 0, 862, 1483, 1481, 30, 8.46%, 0, 0, 3, 6.54
1747842229, 0, 863, 1483, 1481, 30, 8.46%, 0, 0, 3, 6.57
1747842244, 0, 864, 1483, 1481, 30, 8.46%, 0, 0, 3, 6.64
1747842264, 0, 865, 1483, 1481, 30, 8.46%, 0, 0, 3, 7.04
1747842285, 0, 867, 1483, 1481, 30, 8.46%, 0, 0, 3, 6.90
1747842300, 0, 868, 1483, 1481, 30, 8.46%, 0, 0, 3, 6.68
1747842321, 0, 869, 1483, 1481, 30, 8.46%, 0, 0, 3, 6.38
1747842342, 0, 870, 1483, 1481, 30, 8.46%, 0, 0, 3, 6.96
1747842362, 0, 871, 1483, 1481, 30, 8.46%, 0, 0, 3, 7.09
1747842377, 0, 872, 1483, 1481, 30, 8.46%, 0, 0, 3, 8.42
1747842392, 0, 873, 1483, 1481, 30, 8.46%, 0, 0, 3, 8.17
1747842408, 0, 875, 1483, 1481, 30, 8.46%, 0, 0, 3, 6.84
1747842429, 0, 876, 1483, 1481, 30, 8.46%, 0, 0, 3, 7.06
1747842445, 0, 877, 1483, 1481, 30, 8.46%, 0, 0, 3, 7.64
1747842450, 0, 877, 1484, 1482, 30, 8.47%, 0, 0, 3, 6.90
1747842486, 0, 878, 1484, 1482, 30, 8.47%, 0, 0, 3, 6.42
1747842507, 0, 879, 1484, 1482, 30, 8.47%, 0, 0, 3, 7.49
1747842522, 0, 880, 1484, 1482, 30, 8.47%, 0, 0, 3, 7.62
1747842542, 0, 881, 1484, 1482, 30, 8.47%, 0, 0, 3, 6.94
1747842558, 0, 882, 1484, 1482, 30, 8.47%, 0, 0, 3, 6.96
1747842563, 0, 882, 1485, 1483, 30, 8.47%, 0, 0, 3, 6.39
1747842599, 0, 884, 1485, 1483, 30, 8.47%, 0, 0, 3, 8.11
1747842614, 0, 885, 1485, 1483, 30, 8.47%, 0, 0, 3, 7.79
1747842630, 0, 886, 1486, 1484, 30, 8.47%, 0, 0, 3, 6.65
1747842640, 0, 886, 1487, 1485, 30, 8.47%, 0, 0, 3, 6.61
1747842712, 0, 887, 1487, 1485, 30, 8.47%, 0, 0, 3, 6.72
1747842732, 0, 888, 1487, 1485, 30, 8.47%, 0, 0, 3, 11.05
1747847058, 0, 889, 1487, 1484, 29, 8.47%, 0, 0, 3, 10.82
1747847069, 0, 891, 1487, 1484, 29, 8.47%, 0, 0, 3, 9.03
1747847089, 0, 892, 1487, 1484, 29, 8.47%, 0, 0, 3, 6.97
1747847105, 0, 893, 1487, 1484, 29, 8.47%, 0, 0, 3, 7.43
1747847125, 0, 894, 1487, 1484, 29, 8.47%, 0, 0, 3, 7.03
1747847135, 0, 894, 1488, 1485, 29, 8.47%, 0, 0, 3, 6.26
1747847166, 0, 895, 1488, 1485, 29, 8.47%, 0, 0, 3, 6.85
1747847172, 0, 895, 1489, 1486, 29, 8.47%, 0, 0, 3, 6.58
1747847202, 0, 896, 1489, 1486, 29, 8.47%, 0, 0, 3, 6.87
1747847223, 0, 897, 1489, 1486, 29, 8.47%, 0, 0, 3, 6.59
1747847243, 0, 898, 1489, 1486, 29, 8.47%, 0, 0, 3, 6.83
1747847264, 0, 899, 1489, 1486, 29, 8.47%, 0, 0, 3, 6.76
1747847284, 0, 900, 1489, 1486, 29, 8.47%, 0, 0, 3, 6.48
1747847300, 0, 902, 1489, 1486, 29, 8.47%, 0, 0, 3, 9.49
1747847310, 0, 903, 1489, 1486, 29, 8.47%, 0, 0, 3, 11.71
1747847320, 0, 904, 1489, 1486, 29, 8.47%, 0, 0, 3, 10.78
1747847336, 0, 905, 1489, 1486, 29, 8.47%, 0, 0, 3, 14.61
1747847341, 0, 906, 1489, 1486, 29, 8.47%, 0, 0, 3, 14.50
1747847351, 0, 906, 1490, 1487, 29, 8.47%, 0, 0, 3, 10.81
1747847366, 0, 908, 1490, 1487, 30, 8.47%, 0, 0, 3, 11.02
1747847377, 0, 909, 1490, 1487, 30, 8.47%, 0, 0, 3, 11.96
1747847387, 0, 910, 1490, 1487, 30, 8.47%, 0, 0, 3, 11.95
1747847402, 0, 911, 1490, 1487, 30, 8.47%, 0, 0, 3, 11.03
1747847413, 0, 912, 1490, 1487, 30, 8.47%, 0, 0, 3, 11.15
1747847423, 0, 913, 1490, 1487, 30, 8.47%, 0, 0, 3, 9.15
1747847438, 0, 914, 1490, 1487, 30, 8.47%, 0, 0, 3, 7.45
1747847454, 0, 915, 1490, 1487, 30, 8.47%, 0, 0, 3, 8.35
1747847464, 0, 915, 1491, 1488, 30, 8.47%, 0, 0, 3, 6.36
1747847496, 0, 916, 1491, 1488, 30, 8.47%, 0, 0, 3, 6.59
1747847516, 0, 917, 1491, 1488, 30, 8.47%, 0, 0, 3, 7.08
1747847526, 0, 917, 1492, 1489, 30, 8.47%, 0, 0, 3, 7.15
1747847552, 0, 918, 1492, 1489, 30, 8.47%, 0, 0, 3, 7.32
1747847572, 0, 919, 1492, 1489, 30, 8.47%, 0, 0, 3, 6.89
1747847593, 0, 920, 1492, 1489, 30, 8.47%, 0, 0, 3, 6.71
1747847613, 0, 921, 1492, 1489, 30, 8.47%, 0, 0, 3, 7.12
1747847629, 0, 922, 1492, 1489, 30, 8.47%, 0, 0, 3, 7.71
1747847644, 0, 923, 1492, 1489, 30, 8.47%, 0, 0, 3, 8.18
1747847655, 0, 923, 1493, 1490, 30, 8.47%, 0, 0, 3, 6.51
1747847686, 0, 924, 1493, 1490, 30, 8.47%, 0, 0, 3, 6.48
1747847697, 0, 924, 1494, 1491, 30, 8.47%, 0, 0, 3, 6.27
1747847728, 0, 925, 1494, 1491, 30, 8.47%, 0, 0, 3, 6.22
1747847743, 0, 925, 1495, 1492, 30, 8.47%, 0, 0, 3, 6.47
1747847758, 0, 925, 1496, 1493, 30, 8.47%, 0, 0, 3, 6.02
1747847784, 0, 925, 1497, 1494, 30, 8.47%, 0, 0, 3, 6.12
1747847836, 0, 925, 1498, 1495, 30, 8.47%, 0, 0, 3, 6.02
1747847851, 0, 925, 1499, 1496, 30, 8.47%, 0, 0, 3, 5.76
1747848382, 0, 926, 1499, 1496, 30, 8.47%, 0, 0, 3, 6.91
1747848397, 0, 927, 1499, 1496, 30, 8.47%, 0, 0, 3, 6.87
1747848418, 0, 928, 1499, 1496, 30, 8.47%, 0, 0, 3, 6.64
1747848438, 0, 929, 1499, 1496, 30, 8.47%, 0, 0, 3, 6.90
1747848459, 0, 931, 1499, 1496, 30, 8.47%, 0, 0, 3, 6.40
1747848479, 0, 934, 1499, 1496, 30, 8.47%, 0, 0, 3, 6.61
1747848485, 0, 934, 1500, 1497, 30, 8.47%, 0, 0, 3, 6.32
1747848521, 0, 934, 1501, 1498, 30, 8.47%, 0, 0, 3, 6.25
1747848552, 0, 934, 1502, 1499, 30, 8.47%, 0, 0, 3, 6.49
1747848644, 0, 935, 1502, 1499, 30, 8.47%, 0, 0, 3, 6.60
1747848659, 0, 936, 1502, 1499, 30, 8.47%, 0, 0, 3, 7.10
1747848680, 0, 937, 1502, 1499, 30, 8.47%, 0, 0, 3, 6.55
1747848700, 0, 938, 1502, 1499, 30, 8.47%, 0, 0, 3, 8.08
1747848711, 0, 939, 1502, 1499, 30, 8.47%, 0, 0, 3, 9.66
1747848726, 0, 940, 1502, 1499, 30, 8.47%, 0, 0, 3, 8.70
1747848747, 0, 941, 1502, 1499, 30, 8.47%, 0, 0, 3, 8.61
1747848757, 0, 943, 1502, 1499, 30, 8.47%, 0, 0, 3, 8.90
1747848778, 0, 945, 1502, 1499, 30, 8.47%, 0, 0, 3, 6.47
1747848798, 0, 946, 1502, 1499, 30, 8.47%, 0, 0, 3, 7.08
1747848814, 0, 947, 1502, 1499, 30, 8.47%, 0, 0, 3, 7.15
1747848835, 0, 948, 1502, 1499, 30, 8.47%, 0, 0, 3, 6.84
1747848855, 0, 951, 1502, 1499, 30, 8.47%, 0, 0, 3, 7.31
1747848876, 0, 952, 1502, 1499, 30, 8.47%, 0, 0, 3, 6.89
1747848891, 0, 954, 1502, 1499, 30, 8.47%, 0, 0, 3, 7.41
1747848907, 0, 954, 1503, 1500, 30, 8.47%, 0, 0, 3, 5.99
1747848932, 0, 955, 1503, 1500, 30, 8.47%, 0, 0, 3, 6.07
1747848953, 0, 956, 1503, 1500, 30, 8.47%, 0, 0, 3, 6.57
1747848974, 0, 957, 1503, 1500, 30, 8.47%, 0, 0, 3, 6.49
1747848979, 0, 957, 1504, 1501, 30, 8.47%, 0, 0, 3, 6.73
1747849015, 0, 958, 1504, 1501, 30, 8.47%, 0, 0, 3, 6.40
1747849035, 0, 959, 1504, 1501, 30, 8.47%, 0, 0, 3, 7.10
1747849051, 0, 960, 1504, 1501, 30, 8.47%, 0, 0, 3, 7.05
1747849071, 0, 961, 1504, 1501, 30, 8.47%, 0, 0, 3, 6.80
1747849092, 0, 962, 1504, 1501, 30, 8.47%, 0, 0, 3, 6.97
1747849107, 0, 963, 1504, 1501, 30, 8.47%, 0, 0, 3, 6.92
1747849128, 0, 964, 1504, 1501, 30, 8.47%, 0, 0, 3, 6.71
1747849148, 0, 965, 1504, 1501, 30, 8.47%, 0, 0, 3, 7.13
1747849164, 0, 966, 1504, 1501, 30, 8.47%, 0, 0, 3, 7.09
1747849185, 0, 967, 1504, 1501, 30, 8.47%, 0, 0, 3, 6.88
1747849200, 0, 969, 1504, 1501, 30, 8.47%, 0, 0, 3, 6.81
1747849205, 0, 969, 1505, 1502, 30, 8.47%, 0, 0, 3, 5.86
1747849226, 0, 969, 1506, 1503, 30, 8.47%, 0, 0, 3, 5.84
1747849288, 0, 970, 1506, 1503, 30, 8.47%, 0, 0, 3, 6.34
1747849309, 0, 971, 1506, 1503, 30, 8.47%, 0, 0, 3, 6.67
1747849325, 0, 972, 1506, 1503, 30, 8.47%, 0, 0, 3, 6.76
1747849335, 0, 972, 1507, 1504, 30, 8.47%, 0, 0, 3, 5.99
1747849361, 0, 972, 1508, 1505, 30, 8.47%, 0, 0, 3, 5.94
1747849412, 0, 974, 1508, 1505, 30, 8.47%, 0, 0, 3, 6.43
1747849438, 0, 975, 1508, 1505, 30, 8.47%, 0, 0, 3, 6.65
1747849453, 0, 976, 1508, 1505, 30, 8.47%, 0, 0, 3, 6.43
1747849474, 0, 977, 1508, 1505, 30, 8.47%, 0, 0, 3, 5.97
1747849494, 0, 978, 1508, 1505, 30, 8.47%, 0, 0, 3, 6.69
1747849515, 0, 980, 1508, 1505, 30, 8.47%, 0, 0, 3, 6.93
1747849531, 0, 981, 1508, 1505, 30, 8.47%, 0, 0, 3, 7.00
1747849551, 0, 981, 1509, 1506, 30, 8.47%, 0, 0, 3, 5.98
1747849577, 0, 982, 1509, 1506, 30, 8.47%, 0, 0, 3, 6.70
1747849592, 0, 983, 1509, 1506, 30, 8.47%, 0, 0, 3, 7.60
1747849608, 0, 984, 1509, 1506, 30, 8.47%, 0, 0, 3, 8.15
1747849628, 0, 985, 1509, 1506, 30, 8.47%, 0, 0, 3, 8.35
1747849644, 0, 986, 1509, 1506, 30, 8.47%, 0, 0, 3, 7.10
1747849654, 0, 986, 1510, 1507, 30, 8.47%, 0, 0, 3, 6.01
1747849685, 0, 987, 1510, 1507, 30, 8.47%, 0, 0, 3, 6.56
1747849706, 0, 988, 1510, 1507, 30, 8.47%, 0, 0, 3, 7.26
1747849721, 0, 989, 1510, 1507, 30, 8.47%, 0, 0, 3, 7.78
1747849736, 0, 990, 1510, 1507, 30, 8.47%, 0, 0, 3, 7.92
1747849752, 0, 992, 1510, 1507, 30, 8.47%, 0, 0, 3, 7.14
1747849773, 0, 993, 1510, 1507, 30, 8.47%, 0, 0, 3, 6.77
1747849793, 0, 995, 1510, 1507, 30, 8.47%, 0, 0, 3, 6.79
1747849809, 0, 996, 1510, 1507, 30, 8.47%, 0, 0, 3, 6.93
1747849829, 0, 997, 1510, 1507, 30, 8.47%, 0, 0, 3, 6.85
1747849850, 0, 999, 1510, 1507, 30, 8.47%, 0, 0, 3, 6.17
1747849870, 0, 1000, 1510, 1507, 30, 8.47%, 0, 0, 3, 7.28
1747849886, 0, 1003, 1510, 1507, 30, 8.47%, 0, 0, 3, 7.87
1747849906, 0, 1005, 1510, 1507, 30, 8.47%, 0, 0, 3, 6.45
1747849927, 0, 1006, 1510, 1507, 30, 8.47%, 0, 0, 3, 6.33
1747849948, 0, 1007, 1510, 1507, 30, 8.47%, 0, 0, 3, 7.05
1747849963, 0, 1008, 1510, 1507, 30, 8.47%, 0, 0, 3, 6.90
1747849984, 0, 1009, 1510, 1507, 30, 8.47%, 0, 0, 3, 6.52
1747850004, 0, 1010, 1510, 1507, 30, 8.47%, 0, 0, 3, 6.79
1747850020, 0, 1011, 1510, 1507, 30, 8.47%, 0, 0, 3, 6.82
1747850041, 0, 1012, 1510, 1507, 30, 8.47%, 0, 0, 3, 7.42
1747850056, 0, 1013, 1510, 1507, 30, 8.47%, 0, 0, 3, 8.30
1747850076, 0, 1014, 1510, 1507, 30, 8.47%, 0, 0, 3, 6.94
1747850097, 0, 1016, 1510, 1507, 30, 8.47%, 0, 0, 3, 6.46
1747850118, 0, 1017, 1510, 1507, 30, 8.47%, 0, 0, 3, 8.98
1747850128, 0, 1019, 1510, 1507, 30, 8.47%, 0, 0, 3, 8.57
1747850149, 0, 1020, 1510, 1507, 30, 8.47%, 0, 0, 3, 6.56
1747850169, 0, 1021, 1510, 1507, 30, 8.47%, 0, 0, 3, 8.19
1747850179, 0, 1022, 1510, 1507, 30, 8.47%, 0, 0, 3, 9.05
1747850195, 0, 1023, 1510, 1507, 30, 8.47%, 0, 0, 3, 8.33
1747850215, 0, 1025, 1510, 1507, 30, 8.47%, 0, 0, 3, 6.34
1747850236, 0, 1026, 1510, 1507, 30, 8.47%, 0, 0, 3, 7.82
1747850252, 0, 1027, 1510, 1507, 30, 8.47%, 0, 0, 3, 7.69
1747850267, 0, 1028, 1510, 1507, 30, 8.47%, 0, 0, 3, 6.97
1747850287, 0, 1029, 1510, 1507, 30, 8.47%, 0, 0, 3, 8.32
1747850297, 0, 1030, 1510, 1507, 30, 8.47%, 0, 0, 3, 9.40
1747850313, 0, 1031, 1510, 1507, 30, 8.47%, 0, 0, 3, 8.22
1747850334, 0, 1032, 1510, 1507, 30, 8.47%, 0, 0, 3, 6.69
1747850354, 0, 1034, 1510, 1507, 30, 8.47%, 0, 0, 3, 6.25
1747850375, 0, 1036, 1510, 1507, 30, 8.47%, 0, 0, 3, 6.34
1747850396, 0, 1037, 1510, 1507, 30, 8.47%, 0, 0, 3, 5.94
1747850411, 0, 1037, 1511, 1508, 30, 8.47%, 0, 0, 3, 5.47
1747850437, 0, 1038, 1511, 1508, 30, 8.47%, 0, 0, 3, 6.10
1747850457, 0, 1039, 1511, 1508, 30, 8.47%, 0, 0, 3, 6.09
1747850478, 0, 1040, 1511, 1508, 30, 8.47%, 0, 0, 3, 7.32
1747850499, 0, 1041, 1511, 1508, 30, 8.47%, 0, 0, 3, 7.36
1747850514, 0, 1042, 1511, 1508, 30, 8.47%, 0, 0, 3, 6.96
1747850535, 0, 1043, 1511, 1508, 30, 8.47%, 0, 0, 3, 7.14
1747850550, 0, 1044, 1511, 1508, 30, 8.47%, 0, 0, 3, 6.94
1747850571, 0, 1045, 1511, 1508, 30, 8.47%, 0, 0, 3, 7.07
1747850592, 0, 1046, 1511, 1508, 30, 8.47%, 0, 0, 3, 6.70
1747850612, 0, 1048, 1511, 1508, 30, 8.47%, 0, 0, 3, 6.27
1747850633, 0, 1049, 1511, 1508, 30, 8.47%, 0, 0, 3, 6.78
1747850649, 0, 1050, 1511, 1508, 30, 8.47%, 0, 0, 3, 7.16
1747850669, 0, 1051, 1511, 1508, 30, 8.47%, 0, 0, 3, 6.54
1747850689, 0, 1052, 1511, 1508, 30, 8.47%, 0, 0, 3, 7.39
1747850705, 0, 1053, 1511, 1508, 30, 8.47%, 0, 0, 3, 6.87
1747850726, 0, 1054, 1511, 1508, 30, 8.47%, 0, 0, 3, 7.11
1747850747, 0, 1055, 1511, 1508, 30, 8.47%, 0, 0, 3, 6.21
1747850767, 0, 1057, 1511, 1508, 30, 8.47%, 0, 0, 3, 6.58
1747850783, 0, 1060, 1511, 1508, 30, 8.47%, 0, 0, 3, 7.32
1747850803, 0, 1061, 1511, 1508, 30, 8.47%, 0, 0, 3, 8.50
1747850814, 0, 1062, 1511, 1508, 30, 8.47%, 0, 0, 3, 9.03
1747850834, 0, 1063, 1511, 1508, 30, 8.47%, 0, 0, 3, 6.02
1747850860, 0, 1065, 1511, 1508, 30, 8.47%, 0, 0, 3, 8.30
1747850871, 0, 1066, 1511, 1508, 30, 8.47%, 0, 0, 3, 8.90
1747850891, 0, 1067, 1511, 1508, 30, 8.47%, 0, 0, 3, 6.69
1747850912, 0, 1068, 1511, 1508, 30, 8.47%, 0, 0, 3, 5.93
1747850927, 0, 1068, 1512, 1509, 30, 8.47%, 0, 0, 3, 5.78
1747850958, 0, 1069, 1512, 1509, 30, 8.47%, 0, 0, 3, 6.41
1747850979, 0, 1072, 1512, 1509, 30, 8.47%, 0, 0, 3, 6.84
1747850994, 0, 1073, 1512, 1509, 30, 8.47%, 0, 0, 3, 7.10
1747851015, 0, 1074, 1512, 1509, 30, 8.47%, 0, 0, 3, 6.96
1747851030, 0, 1075, 1512, 1509, 30, 8.47%, 0, 0, 3, 9.63
1747851040, 0, 1076, 1512, 1509, 30, 8.47%, 0, 0, 3, 9.48
1747851056, 0, 1077, 1512, 1509, 30, 8.47%, 0, 0, 3, 8.11
1747851077, 0, 1079, 1512, 1509, 30, 8.47%, 0, 0, 3, 6.16
1747851097, 0, 1080, 1512, 1509, 30, 8.47%, 0, 0, 3, 6.66
1747851118, 0, 1081, 1512, 1509, 30, 8.47%, 0, 0, 3, 6.49
1747851133, 0, 1083, 1512, 1509, 30, 8.47%, 0, 0, 3, 6.50
1747851154, 0, 1085, 1512, 1509, 30, 8.47%, 0, 0, 3, 6.67
1747851174, 0, 1086, 1512, 1509, 30, 8.47%, 0, 0, 3, 7.37
1747851195, 0, 1087, 1512, 1509, 30, 8.47%, 0, 0, 3, 7.11
1747851210, 0, 1088, 1512, 1509, 30, 8.47%, 0, 0, 3, 6.97
1747851231, 0, 1089, 1512, 1509, 30, 8.47%, 0, 0, 3, 6.12
1747851251, 0, 1091, 1512, 1509, 30, 8.47%, 0, 0, 3, 6.66
1747851272, 0, 1094, 1512, 1509, 30, 8.47%, 0, 0, 3, 6.67
1747851292, 0, 1095, 1512, 1509, 30, 8.47%, 0, 0, 3, 8.78
1747851302, 0, 1096, 1512, 1509, 30, 8.47%, 0, 0, 3, 9.39
1747851318, 0, 1097, 1512, 1509, 30, 8.47%, 0, 0, 3, 8.19
1747851338, 0, 1098, 1512, 1509, 30, 8.47%, 0, 0, 3, 8.52
1747851349, 0, 1099, 1512, 1509, 30, 8.47%, 0, 0, 3, 8.59
1747851369, 0, 1100, 1512, 1509, 30, 8.47%, 0, 0, 3, 6.96
1747851390, 0, 1101, 1512, 1509, 30, 8.47%, 0, 0, 3, 8.82
1747851400, 0, 1102, 1512, 1509, 30, 8.47%, 0, 0, 3, 9.63
1747851416, 0, 1103, 1512, 1509, 30, 8.47%, 0, 0, 3, 9.37
1747851426, 0, 1104, 1512, 1509, 30, 8.47%, 0, 0, 3, 9.85
1747851441, 0, 1105, 1512, 1509, 30, 8.47%, 0, 0, 3, 8.53
1747851462, 0, 1106, 1512, 1509, 30, 8.47%, 0, 0, 3, 8.34
1747851472, 0, 1107, 1512, 1509, 30, 8.47%, 0, 0, 3, 8.57
1747851493, 0, 1108, 1512, 1509, 30, 8.47%, 0, 0, 3, 6.95
1747851508, 0, 1109, 1512, 1509, 30, 8.47%, 0, 0, 3, 8.38
1747851529, 0, 1110, 1512, 1509, 30, 8.47%, 0, 0, 3, 7.12
1747851544, 0, 1112, 1512, 1509, 30, 8.47%, 0, 0, 3, 7.11
1747851565, 0, 1113, 1512, 1509, 30, 8.47%, 0, 0, 3, 6.68
1747851570, 0, 1113, 1513, 1510, 30, 8.47%, 0, 0, 3, 5.66
1747851606, 0, 1114, 1513, 1510, 30, 8.47%, 0, 0, 3, 6.35
1747851627, 0, 1115, 1513, 1510, 30, 8.47%, 0, 0, 3, 6.87
1747851647, 0, 1117, 1513, 1510, 30, 8.47%, 0, 0, 3, 8.52
1747851658, 0, 1118, 1513, 1510, 30, 8.47%, 0, 0, 3, 8.51
1747851678, 0, 1119, 1513, 1510, 30, 8.47%, 0, 0, 3, 6.52
1747851699, 0, 1120, 1513, 1510, 30, 8.47%, 0, 0, 3, 6.33
1747851720, 0, 1121, 1513, 1510, 30, 8.47%, 0, 0, 3, 6.75
1747851736, 0, 1124, 1513, 1510, 30, 8.47%, 0, 0, 3, 7.06
1747851746, 0, 1124, 1514, 1511, 30, 8.48%, 0, 0, 3, 5.79
1747851782, 0, 1125, 1514, 1511, 31, 8.48%, 0, 0, 3, 7.48
1747851797, 0, 1126, 1514, 1511, 31, 8.48%, 0, 0, 3, 7.82
1747851813, 0, 1128, 1514, 1511, 31, 8.48%, 0, 0, 3, 6.94
1747851833, 0, 1129, 1514, 1511, 31, 8.48%, 0, 0, 3, 6.80
1747851854, 0, 1130, 1514, 1511, 31, 8.48%, 0, 0, 3, 6.70
1747851874, 0, 1131, 1514, 1511, 31, 8.48%, 0, 0, 3, 6.70
1747851889, 0, 1132, 1514, 1511, 31, 8.48%, 0, 0, 3, 7.05
1747851915, 0, 1135, 1514, 1511, 31, 8.48%, 0, 0, 3, 5.98
1747851925, 0, 1135, 1515, 1512, 31, 8.48%, 0, 0, 3, 5.91
1747851935, 0, 1135, 1516, 1513, 31, 8.48%, 0, 0, 3, 5.62
1747851951, 0, 1135, 1518, 1515, 31, 8.48%, 0, 0, 3, 5.19
1747851961, 0, 1135, 1519, 1516, 31, 8.48%, 0, 0, 3, 5.53
1747852337, 0, 1135, 1520, 1517, 31, 8.48%, 0, 0, 3, 5.69
1747852362, 0, 1135, 1521, 1518, 31, 8.48%, 0, 0, 3, 6.59
1747852599, 0, 1135, 1522, 1519, 31, 8.48%, 0, 0, 3, 5.89
1747852604, 0, 1136, 1522, 1519, 31, 8.48%, 0, 0, 3, 6.64
1747852619, 0, 1137, 1522, 1519, 31, 8.48%, 0, 0, 3, 7.20
1747852640, 0, 1139, 1522, 1519, 31, 8.48%, 0, 0, 3, 6.75
1747852660, 0, 1140, 1522, 1519, 31, 8.48%, 0, 0, 3, 6.33
1747852681, 0, 1141, 1522, 1519, 31, 8.48%, 0, 0, 3, 6.01
1747852702, 0, 1142, 1522, 1519, 31, 8.48%, 0, 0, 3, 6.30
1747852718, 0, 1143, 1522, 1519, 31, 8.48%, 0, 0, 3, 6.75
1747852738, 0, 1145, 1522, 1519, 31, 8.48%, 0, 0, 3, 6.15
1747852754, 0, 1146, 1522, 1519, 31, 8.48%, 0, 0, 3, 8.32
1747852775, 0, 1147, 1522, 1519, 31, 8.48%, 0, 0, 3, 8.86
1747852785, 0, 1148, 1522, 1519, 31, 8.48%, 0, 0, 3, 9.45
1747852800, 0, 1149, 1523, 1520, 31, 8.48%, 0, 0, 3, 7.64
1747852841, 0, 1151, 1523, 1520, 31, 8.48%, 0, 0, 3, 7.15
1747852862, 0, 1152, 1523, 1520, 31, 8.48%, 0, 0, 3, 7.18
1747852878, 0, 1153, 1523, 1520, 31, 8.48%, 0, 0, 3, 6.69
1747852898, 0, 1154, 1523, 1520, 31, 8.48%, 0, 0, 3, 6.38
1747852914, 0, 1155, 1523, 1520, 31, 8.48%, 0, 0, 3, 7.59
1747852934, 0, 1156, 1523, 1520, 31, 8.48%, 0, 0, 3, 6.98
1747852955, 0, 1157, 1523, 1520, 31, 8.48%, 0, 0, 3, 6.89
1747852970, 0, 1159, 1523, 1520, 31, 8.48%, 0, 0, 3, 8.24
1747852986, 0, 1160, 1523, 1520, 31, 8.48%, 0, 0, 3, 9.44
1747852996, 0, 1161, 1523, 1520, 31, 8.48%, 0, 0, 3, 9.25
1747853016, 0, 1162, 1523, 1520, 31, 8.48%, 0, 0, 3, 7.26
1747853037, 0, 1163, 1523, 1520, 31, 8.48%, 0, 0, 3, 6.74
1747853057, 0, 1164, 1523, 1520, 31, 8.48%, 0, 0, 3, 5.87
1747853067, 0, 1165, 1523, 1520, 31, 8.48%, 0, 0, 3, 10.42
1747853083, 0, 1167, 1523, 1520, 31, 8.48%, 0, 0, 3, 11.48
1747853093, 0, 1168, 1523, 1520, 31, 8.48%, 0, 0, 3, 12.11
1747853103, 0, 1169, 1523, 1520, 31, 8.48%, 0, 0, 3, 11.90
1747853113, 0, 1170, 1523, 1520, 31, 8.48%, 0, 0, 3, 11.83
1747853123, 0, 1171, 1523, 1520, 31, 8.48%, 0, 0, 3, 11.94
1747853134, 0, 1173, 1523, 1520, 31, 8.48%, 0, 0, 3, 12.08
1747853149, 0, 1174, 1523, 1520, 31, 8.48%, 0, 0, 3, 10.41
1747853159, 0, 1175, 1523, 1520, 31, 8.48%, 0, 0, 3, 11.56
1747853170, 0, 1176, 1523, 1520, 31, 8.48%, 0, 0, 3, 10.92
1747853185, 0, 1177, 1523, 1520, 31, 8.48%, 0, 0, 3, 11.72
1747853195, 0, 1179, 1523, 1520, 31, 8.48%, 0, 0, 3, 12.17
1747853205, 0, 1180, 1523, 1520, 31, 8.48%, 0, 0, 3, 11.09
1747853216, 0, 1181, 1523, 1520, 31, 8.48%, 0, 0, 3, 10.60
1747853226, 0, 1182, 1523, 1520, 31, 8.48%, 0, 0, 3, 10.63
1747853236, 0, 1183, 1523, 1520, 31, 8.48%, 0, 0, 3, 11.91
1747853251, 0, 1184, 1523, 1520, 31, 8.48%, 0, 0, 3, 11.79
1747853262, 0, 1185, 1523, 1520, 31, 8.48%, 0, 0, 3, 11.04
1747853272, 0, 1186, 1523, 1520, 31, 8.48%, 0, 0, 3, 11.33
1747853282, 0, 1187, 1523, 1520, 31, 8.48%, 0, 0, 3, 11.51
1747853292, 0, 1188, 1523, 1520, 31, 8.48%, 0, 0, 3, 11.98
1747853308, 0, 1189, 1523, 1520, 31, 8.48%, 0, 0, 3, 10.74
1747853318, 0, 1190, 1523, 1520, 31, 8.48%, 0, 0, 3, 11.29
1747853328, 0, 1191, 1523, 1520, 31, 8.48%, 0, 0, 3, 11.04
1747853338, 0, 1192, 1523, 1520, 31, 8.48%, 0, 0, 3, 11.07
1747853354, 0, 1194, 1523, 1520, 31, 8.48%, 0, 0, 3, 10.52
1747853364, 0, 1196, 1523, 1520, 31, 8.48%, 0, 0, 3, 11.48
1747853375, 0, 1197, 1523, 1520, 31, 8.48%, 0, 0, 3, 12.53
1747853385, 0, 1198, 1523, 1520, 31, 8.48%, 0, 0, 3, 12.17
1747853395, 0, 1201, 1523, 1520, 31, 8.48%, 0, 0, 3, 14.18
