# unix_time, cycles_done, cur_path, paths_total, pending_total, pending_favs, map_size, unique_crashes, unique_hangs, max_depth, execs_per_sec
1747817456, 0, 0, 1, 1, 1, 3.78%, 0, 0, 1, 31.25
1747817461, 0, 0, 19, 19, 1, 4.88%, 0, 0, 2, 47.42
1747817466, 0, 0, 39, 39, 1, 4.90%, 0, 0, 2, 46.52
1747817471, 0, 0, 52, 52, 1, 4.91%, 0, 0, 2, 47.81
1747817476, 0, 0, 65, 65, 1, 4.91%, 0, 0, 2, 47.80
1747817481, 0, 0, 75, 75, 1, 4.91%, 0, 0, 2, 47.90
1747817486, 0, 0, 89, 89, 1, 4.91%, 0, 0, 2, 63.21
1747817491, 0, 0, 105, 105, 1, 4.94%, 0, 0, 2, 82.48
1747817497, 0, 0, 119, 119, 1, 4.94%, 0, 0, 2, 86.83
1747817502, 0, 0, 131, 131, 1, 4.94%, 0, 0, 2, 87.68
1747817507, 0, 0, 143, 143, 1, 4.94%, 0, 0, 2, 88.06
1747817512, 0, 0, 157, 157, 1, 4.94%, 0, 0, 2, 85.46
1747817517, 0, 0, 164, 164, 1, 4.94%, 0, 0, 2, 84.76
1747817522, 0, 0, 167, 167, 1, 4.94%, 0, 0, 2, 61.66
1747817527, 0, 0, 171, 171, 1, 4.94%, 0, 0, 2, 55.06
1747817532, 0, 0, 175, 175, 1, 4.95%, 0, 0, 2, 52.10
1747817537, 0, 0, 177, 177, 1, 4.95%, 0, 0, 2, 53.13
1747817542, 0, 0, 181, 181, 1, 4.95%, 0, 0, 2, 52.70
1747817547, 0, 0, 186, 186, 1, 4.95%, 0, 0, 2, 51.71
1747817553, 0, 0, 189, 189, 1, 4.95%, 0, 0, 2, 52.65
1747817558, 0, 0, 190, 190, 1, 4.95%, 0, 0, 2, 54.48
1747817563, 0, 0, 195, 195, 1, 4.95%, 0, 0, 2, 51.42
1747817568, 0, 0, 197, 197, 1, 4.95%, 0, 0, 2, 52.33
1747817573, 0, 0, 198, 198, 1, 4.95%, 0, 0, 2, 54.45
1747817578, 0, 0, 202, 202, 1, 4.95%, 0, 0, 2, 53.11
1747817583, 0, 0, 203, 203, 1, 4.95%, 0, 0, 2, 53.31
1747817588, 0, 0, 205, 205, 1, 4.95%, 0, 0, 2, 53.47
1747817593, 0, 0, 210, 210, 1, 4.95%, 0, 0, 2, 52.40
1747817598, 0, 1, 227, 226, 13, 4.98%, 0, 0, 2, 38.33
1747817603, 0, 1, 243, 242, 13, 5.00%, 0, 0, 2, 34.02
1747817609, 0, 1, 260, 259, 13, 5.00%, 0, 0, 2, 33.09
1747817614, 0, 1, 275, 274, 13, 5.00%, 0, 0, 2, 32.92
1747817619, 0, 1, 284, 283, 13, 5.00%, 0, 0, 2, 33.32
1747817624, 0, 1, 294, 293, 13, 5.01%, 0, 0, 2, 33.03
1747817629, 0, 1, 299, 298, 13, 5.01%, 0, 0, 2, 33.57
1747817634, 0, 1, 307, 306, 13, 5.01%, 0, 0, 2, 32.88
1747817639, 0, 1, 313, 312, 13, 5.01%, 0, 0, 2, 32.25
1747817645, 0, 1, 319, 318, 13, 5.01%, 0, 0, 2, 32.48
1747817650, 0, 1, 322, 321, 13, 5.02%, 0, 0, 2, 32.79
1747817655, 0, 1, 327, 326, 13, 5.02%, 0, 0, 2, 32.26
1747817660, 0, 1, 331, 330, 13, 5.02%, 0, 0, 2, 33.10
1747817665, 0, 1, 335, 334, 13, 5.02%, 0, 0, 2, 32.79
1747817670, 0, 1, 338, 337, 13, 5.02%, 0, 0, 2, 32.95
1747817675, 0, 2, 341, 340, 13, 5.04%, 0, 0, 2, 31.62
1747817680, 0, 2, 354, 353, 13, 5.65%, 0, 0, 2, 26.38
1747817685, 0, 2, 368, 367, 13, 5.65%, 0, 0, 2, 25.80
1747817691, 0, 2, 379, 378, 13, 5.65%, 0, 0, 2, 25.66
1747817696, 0, 2, 389, 388, 13, 5.65%, 0, 0, 2, 25.99
1747817701, 0, 2, 399, 398, 13, 5.75%, 0, 0, 2, 24.90
1747817706, 0, 2, 409, 408, 13, 5.75%, 0, 0, 2, 25.35
1747817711, 0, 2, 416, 415, 13, 5.75%, 0, 0, 2, 25.18
1747817716, 0, 2, 424, 423, 13, 5.75%, 0, 0, 2, 24.94
1747817721, 0, 2, 428, 427, 13, 5.75%, 0, 0, 2, 25.25
1747817726, 0, 2, 436, 435, 13, 5.75%, 0, 0, 2, 24.70
1747817732, 0, 2, 441, 440, 13, 5.75%, 0, 0, 2, 24.69
1747817737, 0, 2, 447, 446, 13, 5.75%, 0, 0, 2, 25.67
1747817742, 0, 2, 453, 452, 13, 5.75%, 0, 0, 2, 25.63
1747817747, 0, 2, 456, 455, 13, 5.75%, 0, 0, 2, 25.81
1747817752, 0, 2, 458, 457, 13, 5.75%, 0, 0, 2, 25.71
1747817757, 0, 2, 462, 461, 13, 5.75%, 0, 0, 2, 25.27
1747817763, 0, 2, 463, 462, 13, 5.75%, 0, 0, 2, 25.78
1747817768, 0, 2, 466, 465, 13, 5.75%, 0, 0, 2, 25.77
1747817773, 0, 2, 467, 466, 13, 5.75%, 0, 0, 2, 25.62
1747817778, 0, 2, 471, 470, 13, 5.75%, 0, 0, 2, 25.26
1747817783, 0, 3, 478, 477, 9, 5.98%, 0, 0, 2, 22.41
1747817788, 0, 3, 489, 488, 9, 5.98%, 0, 0, 2, 20.70
1747817793, 0, 3, 499, 498, 9, 6.01%, 0, 0, 2, 20.33
1747817798, 0, 3, 510, 509, 9, 6.55%, 0, 0, 2, 20.27
1747817804, 0, 3, 520, 519, 9, 6.55%, 0, 0, 2, 19.30
1747817809, 0, 3, 530, 529, 9, 6.55%, 0, 0, 2, 19.61
1747817814, 0, 3, 539, 538, 9, 6.55%, 0, 0, 2, 19.56
1747817819, 0, 3, 548, 547, 9, 6.55%, 0, 0, 2, 19.26
1747817824, 0, 3, 556, 555, 9, 6.55%, 0, 0, 2, 19.43
1747817829, 0, 3, 563, 562, 9, 6.55%, 0, 0, 2, 19.54
1747817834, 0, 3, 573, 572, 9, 6.66%, 0, 0, 2, 19.41
1747817839, 0, 3, 581, 580, 9, 6.66%, 0, 0, 2, 19.13
1747817845, 0, 3, 588, 587, 9, 6.70%, 0, 0, 2, 19.55
1747817850, 0, 3, 594, 593, 9, 6.70%, 0, 0, 2, 19.69
1747817855, 0, 3, 599, 598, 9, 6.70%, 0, 0, 2, 19.26
1747817860, 0, 3, 605, 604, 9, 6.70%, 0, 0, 2, 19.57
1747817865, 0, 3, 609, 608, 9, 6.70%, 0, 0, 2, 19.46
1747817870, 0, 3, 613, 612, 9, 6.71%, 0, 0, 2, 19.11
1747817875, 0, 3, 619, 618, 9, 6.71%, 0, 0, 2, 19.77
1747817880, 0, 3, 624, 623, 9, 6.71%, 0, 0, 2, 19.39
1747817885, 0, 3, 630, 629, 9, 6.71%, 0, 0, 2, 18.89
1747817890, 0, 3, 635, 634, 9, 6.71%, 0, 0, 2, 19.14
1747817896, 0, 3, 637, 636, 9, 6.71%, 0, 0, 2, 19.47
1747817901, 0, 3, 641, 640, 9, 6.71%, 0, 0, 2, 19.50
1747817906, 0, 3, 643, 642, 9, 6.71%, 0, 0, 2, 19.53
1747817911, 0, 3, 647, 646, 9, 6.71%, 0, 0, 2, 19.69
1747817916, 0, 3, 656, 655, 9, 7.23%, 0, 0, 2, 18.76
1747817921, 0, 3, 662, 661, 9, 7.27%, 0, 0, 2, 18.71
1747817926, 0, 3, 666, 665, 9, 7.28%, 0, 0, 2, 18.73
1747817931, 0, 3, 674, 673, 9, 7.29%, 0, 0, 2, 18.40
1747817937, 0, 3, 680, 679, 9, 7.29%, 0, 0, 2, 18.36
1747817942, 0, 3, 686, 685, 9, 7.29%, 0, 0, 2, 18.46
1747817947, 0, 3, 691, 690, 9, 7.34%, 0, 0, 2, 18.66
1747817952, 0, 3, 697, 696, 9, 7.34%, 0, 0, 2, 18.40
1747817957, 0, 3, 704, 703, 9, 7.35%, 0, 0, 2, 18.67
1747817962, 0, 3, 708, 707, 9, 7.35%, 0, 0, 2, 18.66
1747817967, 0, 6, 712, 711, 17, 7.35%, 0, 0, 2, 18.20
1747817972, 0, 6, 718, 717, 17, 7.35%, 0, 0, 2, 18.01
1747817978, 0, 6, 721, 720, 17, 7.44%, 0, 0, 2, 17.60
1747817983, 0, 6, 724, 723, 17, 7.44%, 0, 0, 2, 18.07
1747817988, 0, 6, 725, 724, 17, 7.44%, 0, 0, 2, 18.12
1747817993, 0, 6, 727, 726, 17, 7.44%, 0, 0, 2, 17.83
1747817998, 0, 6, 731, 730, 17, 7.44%, 0, 0, 2, 17.61
1747818003, 0, 6, 736, 735, 17, 7.44%, 0, 0, 2, 18.20
1747818008, 0, 6, 738, 737, 17, 7.44%, 0, 0, 2, 18.02
1747818013, 0, 6, 742, 741, 17, 7.44%, 0, 0, 2, 17.72
1747818019, 0, 6, 745, 744, 17, 7.47%, 0, 0, 2, 17.61
1747818024, 0, 6, 749, 748, 17, 7.47%, 0, 0, 2, 17.84
1747818029, 0, 6, 751, 750, 17, 7.47%, 0, 0, 2, 17.68
1747818034, 0, 6, 753, 752, 17, 7.47%, 0, 0, 2, 18.02
1747818039, 0, 6, 755, 754, 17, 7.47%, 0, 0, 2, 18.08
1747818044, 0, 6, 758, 757, 17, 7.47%, 0, 0, 2, 17.89
1747818054, 0, 6, 760, 759, 17, 7.47%, 0, 0, 2, 18.32
1747818065, 0, 6, 762, 761, 17, 7.48%, 0, 0, 2, 18.06
1747818070, 0, 6, 764, 763, 17, 7.48%, 0, 0, 2, 18.28
1747818075, 0, 6, 765, 764, 17, 7.48%, 0, 0, 2, 18.30
1747818080, 0, 7, 766, 765, 21, 7.48%, 0, 0, 2, 18.13
1747818085, 0, 7, 768, 767, 21, 7.48%, 0, 0, 2, 17.32
1747818090, 0, 7, 770, 769, 21, 7.48%, 0, 0, 2, 17.40
1747818095, 0, 7, 773, 772, 21, 7.49%, 0, 0, 2, 17.26
1747818100, 0, 7, 776, 775, 21, 7.49%, 0, 0, 2, 17.17
1747818105, 0, 7, 777, 776, 21, 7.49%, 0, 0, 2, 17.49
1747818110, 0, 7, 778, 777, 21, 7.49%, 0, 0, 2, 17.50
1747818116, 0, 7, 779, 778, 21, 7.49%, 0, 0, 2, 17.41
1747818126, 0, 7, 780, 779, 21, 7.49%, 0, 0, 2, 17.55
1747818136, 0, 7, 781, 780, 21, 7.49%, 0, 0, 2, 17.43
1747818141, 0, 7, 784, 783, 21, 7.49%, 0, 0, 2, 17.28
1747818151, 0, 7, 786, 785, 21, 7.49%, 0, 0, 2, 17.81
1747818156, 0, 7, 788, 787, 21, 7.49%, 0, 0, 2, 17.84
1747818162, 0, 7, 791, 790, 21, 7.49%, 0, 0, 2, 17.28
1747818167, 0, 7, 793, 792, 21, 7.49%, 0, 0, 2, 17.54
1747818182, 0, 7, 795, 794, 21, 7.49%, 0, 0, 2, 17.71
1747818187, 0, 8, 797, 796, 23, 7.49%, 0, 0, 2, 17.74
1747818192, 0, 8, 799, 798, 23, 7.49%, 0, 0, 2, 17.06
1747818198, 0, 8, 802, 801, 23, 7.50%, 0, 0, 2, 16.48
1747818203, 0, 8, 803, 802, 23, 7.50%, 0, 0, 2, 16.60
1747818208, 0, 8, 804, 803, 23, 7.50%, 0, 0, 2, 16.97
1747818213, 0, 8, 807, 806, 23, 7.51%, 0, 0, 2, 16.34
1747818218, 0, 8, 810, 809, 23, 7.53%, 0, 0, 2, 16.53
1747818223, 0, 8, 812, 811, 23, 7.55%, 0, 0, 2, 16.52
1747818228, 0, 8, 814, 813, 23, 7.56%, 0, 0, 2, 16.41
1747818233, 0, 8, 815, 814, 23, 7.56%, 0, 0, 2, 16.61
1747818239, 0, 8, 816, 815, 23, 7.56%, 0, 0, 2, 16.88
1747818249, 0, 8, 817, 816, 23, 7.56%, 0, 0, 2, 17.19
1747818254, 0, 8, 820, 819, 23, 7.56%, 0, 0, 2, 16.74
1747818259, 0, 8, 822, 821, 23, 7.56%, 0, 0, 2, 16.76
1747818264, 0, 8, 824, 823, 23, 7.56%, 0, 0, 2, 16.80
1747818269, 0, 8, 825, 824, 23, 7.56%, 0, 0, 2, 16.96
1747818274, 0, 8, 827, 826, 23, 7.56%, 0, 0, 2, 17.01
1747818279, 0, 8, 828, 827, 23, 7.56%, 0, 0, 2, 16.83
1747818290, 0, 8, 829, 828, 23, 7.56%, 0, 0, 2, 12.32
1747818295, 0, 8, 830, 829, 23, 7.56%, 0, 0, 2, 15.93
1747818300, 0, 8, 831, 830, 23, 7.56%, 0, 0, 2, 16.80
1747818305, 0, 9, 834, 833, 23, 7.56%, 0, 0, 2, 17.53
1747818311, 0, 9, 838, 837, 23, 7.57%, 0, 0, 2, 17.98
1747818316, 0, 9, 841, 840, 23, 7.57%, 0, 0, 2, 18.16
1747818321, 0, 9, 843, 842, 23, 7.57%, 0, 0, 2, 18.01
1747818326, 0, 9, 844, 843, 23, 7.57%, 0, 0, 2, 18.05
1747818331, 0, 9, 846, 845, 23, 7.57%, 0, 0, 2, 17.92
1747818336, 0, 9, 847, 846, 23, 7.57%, 0, 0, 2, 17.86
1747818341, 0, 9, 848, 847, 23, 7.57%, 0, 0, 2, 17.91
1747818347, 0, 9, 850, 849, 23, 7.57%, 0, 0, 2, 17.77
1747818352, 0, 9, 851, 850, 23, 7.57%, 0, 0, 2, 18.03
1747818357, 0, 9, 853, 852, 23, 7.57%, 0, 0, 2, 17.66
1747818372, 0, 9, 854, 853, 23, 7.57%, 0, 0, 2, 18.05
1747818377, 0, 9, 855, 854, 23, 7.57%, 0, 0, 2, 18.17
1747818392, 0, 9, 856, 855, 23, 7.57%, 0, 0, 2, 17.80
1747818397, 0, 9, 857, 856, 23, 7.57%, 0, 0, 2, 17.86
1747818408, 0, 11, 857, 856, 25, 7.57%, 0, 0, 2, 17.77
1747818413, 0, 11, 858, 857, 25, 7.57%, 0, 0, 2, 17.30
1747818418, 0, 14, 859, 858, 25, 7.57%, 0, 0, 2, 17.06
1747818423, 0, 14, 860, 859, 25, 7.57%, 0, 0, 2, 17.35
1747818428, 0, 14, 861, 860, 25, 7.57%, 0, 0, 2, 16.97
1747818439, 0, 14, 862, 861, 25, 7.61%, 0, 0, 2, 16.85
1747818449, 0, 14, 863, 862, 25, 7.61%, 0, 0, 2, 16.85
1747818470, 0, 14, 864, 863, 25, 7.61%, 0, 0, 2, 17.05
1747818475, 0, 14, 865, 864, 25, 7.61%, 0, 0, 2, 17.03
1747818480, 0, 14, 867, 866, 25, 7.62%, 0, 0, 2, 16.47
1747818490, 0, 14, 869, 868, 25, 7.63%, 0, 0, 2, 16.24
1747818495, 0, 14, 871, 870, 25, 7.63%, 0, 0, 2, 16.80
1747818500, 0, 14, 872, 871, 25, 7.63%, 0, 0, 2, 16.93
1747818516, 0, 14, 873, 872, 25, 7.63%, 0, 0, 2, 16.85
1747818521, 0, 15, 874, 873, 26, 7.63%, 0, 0, 2, 16.60
1747818526, 0, 16, 874, 873, 26, 7.63%, 0, 0, 2, 17.07
1747818531, 0, 20, 875, 874, 26, 7.63%, 0, 0, 2, 16.84
1747818537, 0, 20, 877, 876, 26, 7.63%, 0, 0, 2, 16.54
1747818542, 0, 20, 878, 877, 26, 7.63%, 0, 0, 2, 16.49
1747818547, 0, 20, 880, 879, 26, 7.63%, 0, 0, 2, 16.46
1747818552, 0, 20, 882, 881, 26, 7.63%, 0, 0, 2, 16.46
1747818557, 0, 20, 883, 882, 26, 7.63%, 0, 0, 2, 16.54
1747818583, 0, 20, 884, 883, 26, 7.63%, 0, 0, 2, 16.57
1747818593, 0, 20, 886, 885, 26, 7.63%, 0, 0, 2, 16.18
1747818603, 0, 20, 889, 888, 26, 7.64%, 0, 0, 2, 16.18
1747818608, 0, 20, 890, 889, 26, 7.68%, 0, 0, 2, 16.36
1747818613, 0, 20, 891, 890, 26, 7.68%, 0, 0, 2, 16.30
1747818618, 0, 20, 892, 891, 26, 7.68%, 0, 0, 2, 15.77
1747818629, 0, 20, 893, 892, 26, 7.68%, 0, 0, 2, 16.81
1747818639, 0, 21, 893, 892, 27, 7.68%, 0, 0, 2, 16.52
1747818644, 0, 22, 896, 895, 27, 7.68%, 0, 0, 2, 14.62
1747818649, 0, 22, 900, 899, 27, 7.74%, 0, 0, 2, 13.50
1747818654, 0, 22, 903, 902, 27, 7.74%, 0, 0, 2, 13.52
1747818659, 0, 22, 906, 905, 27, 7.74%, 0, 0, 2, 14.21
1747818664, 0, 22, 907, 906, 27, 7.74%, 0, 0, 2, 14.26
1747818669, 0, 22, 910, 909, 27, 7.74%, 0, 0, 2, 14.07
1747818674, 0, 22, 912, 911, 27, 7.75%, 0, 0, 2, 13.89
1747818680, 0, 22, 915, 914, 27, 7.75%, 0, 0, 2, 14.20
1747818685, 0, 22, 916, 915, 27, 7.75%, 0, 0, 2, 14.04
1747818690, 0, 22, 918, 917, 27, 7.75%, 0, 0, 2, 13.83
1747818695, 0, 22, 919, 918, 27, 7.75%, 0, 0, 2, 14.25
1747818700, 0, 22, 921, 920, 27, 7.75%, 0, 0, 2, 14.22
1747818705, 0, 22, 922, 921, 27, 7.75%, 0, 0, 2, 14.31
1747818711, 0, 22, 924, 923, 27, 7.75%, 0, 0, 2, 14.41
1747818716, 0, 22, 926, 925, 27, 7.75%, 0, 0, 2, 14.11
1747818721, 0, 22, 928, 927, 27, 7.76%, 0, 0, 2, 13.96
1747818726, 0, 22, 929, 928, 27, 7.76%, 0, 0, 2, 14.22
1747818736, 0, 22, 930, 929, 27, 7.76%, 0, 0, 2, 13.90
1747818741, 0, 22, 931, 930, 27, 7.76%, 0, 0, 2, 14.14
1747818752, 0, 22, 933, 932, 27, 7.76%, 0, 0, 2, 14.81
1747818757, 0, 22, 934, 933, 27, 7.76%, 0, 0, 2, 14.45
1747818777, 0, 22, 936, 935, 27, 7.81%, 0, 0, 2, 13.93
1747818782, 0, 25, 937, 936, 27, 7.81%, 0, 0, 2, 14.43
1747818787, 0, 25, 939, 938, 27, 7.81%, 0, 0, 2, 15.18
1747818808, 0, 25, 940, 939, 27, 7.81%, 0, 0, 2, 16.08
1747818823, 0, 25, 941, 940, 27, 7.81%, 0, 0, 2, 15.97
1747818838, 0, 25, 942, 941, 27, 7.81%, 0, 0, 2, 15.78
1747818843, 0, 25, 943, 942, 27, 7.81%, 0, 0, 2, 15.70
1747818869, 0, 25, 944, 943, 27, 7.81%, 0, 0, 2, 16.25
1747818884, 0, 25, 945, 944, 27, 7.81%, 0, 0, 2, 15.74
1747818889, 0, 27, 947, 946, 28, 7.81%, 0, 0, 2, 16.22
1747818899, 0, 28, 949, 948, 28, 7.81%, 0, 0, 2, 15.59
1747818905, 0, 28, 950, 949, 28, 7.81%, 0, 0, 2, 15.23
1747818910, 0, 28, 951, 950, 28, 7.81%, 0, 0, 2, 14.82
1747818925, 0, 28, 953, 952, 28, 7.81%, 0, 0, 2, 15.12
1747818946, 0, 28, 954, 953, 28, 7.81%, 0, 0, 2, 15.45
1747818961, 0, 28, 956, 955, 28, 7.81%, 0, 0, 2, 15.36
1747818981, 0, 28, 957, 956, 28, 7.81%, 0, 0, 2, 15.49
1747818986, 0, 28, 959, 958, 28, 7.81%, 0, 0, 2, 14.96
1747818992, 0, 28, 961, 960, 28, 7.81%, 0, 0, 2, 15.15
1747819002, 0, 28, 962, 961, 28, 7.81%, 0, 0, 2, 15.30
1747819012, 0, 30, 962, 961, 29, 7.81%, 0, 0, 2, 15.55
1747819017, 0, 30, 963, 962, 29, 7.81%, 0, 0, 2, 15.36
1747819022, 0, 32, 964, 963, 29, 7.81%, 0, 0, 2, 15.22
1747819027, 0, 33, 964, 963, 29, 7.81%, 0, 0, 2, 15.88
1747819032, 0, 34, 964, 963, 29, 7.81%, 0, 0, 2, 15.77
1747819037, 0, 36, 965, 964, 29, 7.81%, 0, 0, 2, 15.43
1747819048, 0, 38, 967, 966, 29, 7.81%, 0, 0, 2, 15.08
1747819058, 0, 39, 967, 966, 29, 7.81%, 0, 0, 2, 14.96
1747819063, 0, 40, 967, 966, 29, 7.81%, 0, 0, 2, 16.49
1747819068, 0, 42, 967, 966, 29, 7.81%, 0, 0, 2, 15.42
1747819074, 0, 43, 967, 966, 29, 7.81%, 0, 0, 2, 15.08
1747819079, 0, 46, 967, 966, 29, 7.81%, 0, 0, 2, 16.07
1747819084, 0, 47, 968, 967, 29, 7.81%, 0, 0, 2, 15.76
1747819089, 0, 48, 968, 967, 29, 7.81%, 0, 0, 2, 15.33
1747819094, 0, 51, 968, 967, 29, 7.81%, 0, 0, 2, 15.51
1747819099, 0, 52, 968, 967, 29, 7.81%, 0, 0, 2, 15.89
1747819104, 0, 54, 968, 967, 29, 7.81%, 0, 0, 2, 16.39
1747819110, 0, 56, 968, 967, 29, 7.81%, 0, 0, 2, 15.46
1747819115, 0, 57, 968, 967, 29, 7.81%, 0, 0, 2, 15.88
1747819120, 0, 58, 970, 969, 29, 7.81%, 0, 0, 2, 14.71
1747819125, 0, 58, 972, 971, 29, 7.81%, 0, 0, 2, 14.82
1747819135, 0, 58, 973, 972, 29, 7.82%, 0, 0, 2, 14.68
1747819140, 0, 58, 974, 973, 29, 7.82%, 0, 0, 2, 14.56
1747819155, 0, 58, 975, 974, 29, 7.82%, 0, 0, 2, 14.67
1747819161, 0, 58, 976, 975, 29, 7.82%, 0, 0, 2, 14.68
1747819176, 0, 58, 977, 976, 29, 7.82%, 0, 0, 2, 14.41
1747819181, 0, 58, 978, 977, 29, 7.82%, 0, 0, 2, 14.39
1747819197, 0, 58, 979, 978, 29, 7.82%, 0, 0, 2, 14.51
1747819207, 0, 58, 981, 980, 29, 7.82%, 0, 0, 2, 14.83
1747819222, 0, 58, 982, 981, 29, 7.82%, 0, 0, 2, 14.80
1747819227, 0, 58, 983, 982, 29, 7.82%, 0, 0, 2, 14.44
1747819232, 0, 58, 984, 983, 29, 7.82%, 0, 0, 2, 14.30
1747819237, 0, 59, 984, 983, 26, 7.82%, 0, 0, 2, 14.70
1747819243, 0, 60, 985, 984, 26, 7.82%, 0, 0, 2, 14.41
1747819248, 0, 60, 986, 985, 26, 7.82%, 0, 0, 2, 14.52
1747819253, 0, 60, 987, 986, 26, 7.82%, 0, 0, 2, 14.77
1747819258, 0, 60, 988, 987, 26, 7.82%, 0, 0, 2, 14.39
1747819299, 0, 61, 988, 987, 26, 7.82%, 0, 0, 2, 14.99
1747819304, 0, 63, 988, 987, 26, 7.82%, 0, 0, 2, 14.83
1747819309, 0, 66, 988, 987, 26, 7.82%, 0, 0, 2, 14.68
1747819314, 0, 68, 988, 987, 26, 7.82%, 0, 0, 2, 14.31
1747819320, 0, 69, 989, 988, 26, 7.82%, 0, 0, 2, 14.70
1747819325, 0, 69, 990, 989, 26, 7.82%, 0, 0, 2, 14.65
1747819335, 0, 70, 990, 989, 26, 7.82%, 0, 0, 2, 14.94
1747819340, 0, 72, 990, 989, 26, 7.82%, 0, 0, 2, 14.81
1747819345, 0, 73, 990, 989, 26, 7.82%, 0, 0, 2, 14.64
1747819350, 0, 74, 993, 992, 26, 7.82%, 0, 0, 2, 14.11
1747819376, 0, 75, 993, 992, 26, 7.82%, 0, 0, 2, 14.87
1747819381, 0, 76, 993, 992, 26, 7.82%, 0, 0, 2, 14.82
1747819386, 0, 76, 995, 994, 26, 7.82%, 0, 0, 2, 14.63
1747819396, 0, 78, 996, 995, 26, 7.93%, 0, 0, 2, 14.64
1747819401, 0, 79, 996, 995, 26, 7.93%, 0, 0, 2, 14.80
1747819406, 0, 81, 996, 995, 26, 7.93%, 0, 0, 2, 15.84
1747819411, 0, 83, 996, 995, 26, 7.93%, 0, 0, 2, 15.26
1747819417, 0, 85, 996, 995, 26, 7.93%, 0, 0, 2, 14.85
1747819422, 0, 87, 996, 995, 26, 7.93%, 0, 0, 2, 15.91
1747819427, 0, 88, 996, 995, 26, 7.93%, 0, 0, 2, 15.01
1747819432, 0, 90, 996, 995, 26, 7.93%, 0, 0, 2, 14.85
1747819437, 0, 91, 997, 996, 26, 7.93%, 0, 0, 2, 14.68
1747819442, 0, 92, 997, 996, 26, 7.93%, 0, 0, 2, 14.88
1747819447, 0, 93, 997, 996, 26, 7.93%, 0, 0, 2, 15.54
1747819452, 0, 95, 997, 996, 26, 7.93%, 0, 0, 2, 15.46
1747819457, 0, 96, 998, 997, 26, 7.93%, 0, 0, 2, 16.86
1747819462, 0, 96, 999, 998, 26, 7.93%, 0, 0, 2, 17.40
1747819467, 0, 96, 1000, 999, 26, 7.93%, 0, 0, 2, 17.49
1747819477, 0, 96, 1001, 1000, 26, 7.93%, 0, 0, 2, 17.59
1747819482, 0, 96, 1002, 1001, 26, 7.93%, 0, 0, 2, 17.61
1747819488, 0, 96, 1003, 1002, 26, 7.93%, 0, 0, 2, 17.60
1747819503, 0, 96, 1004, 1003, 26, 7.93%, 0, 0, 2, 17.69
1747819513, 0, 96, 1005, 1004, 26, 7.93%, 0, 0, 2, 17.61
1747819543, 0, 96, 1006, 1005, 26, 7.93%, 0, 0, 2, 17.53
1747819554, 0, 97, 1006, 1005, 26, 7.93%, 0, 0, 2, 16.06
1747819559, 0, 99, 1006, 1005, 26, 7.93%, 0, 0, 2, 16.08
1747819564, 0, 100, 1007, 1006, 26, 7.93%, 0, 0, 2, 14.83
1747819569, 0, 100, 1009, 1008, 26, 7.93%, 0, 0, 2, 14.59
1747819574, 0, 100, 1010, 1009, 26, 7.93%, 0, 0, 2, 14.46
1747819584, 0, 100, 1011, 1010, 26, 7.93%, 0, 0, 2, 14.47
1747819600, 0, 100, 1012, 1011, 26, 7.93%, 0, 0, 2, 14.58
1747819625, 0, 100, 1013, 1012, 26, 7.93%, 0, 0, 2, 14.68
1747819651, 0, 100, 1015, 1014, 26, 7.93%, 0, 0, 2, 14.24
1747819661, 0, 100, 1016, 1015, 26, 7.94%, 0, 0, 2, 14.41
1747819681, 0, 101, 1016, 1015, 29, 7.94%, 0, 0, 2, 14.46
1747819686, 0, 103, 1016, 1015, 29, 7.94%, 0, 0, 2, 15.41
1747819692, 0, 104, 1017, 1016, 29, 7.94%, 0, 0, 2, 14.57
1747819697, 0, 106, 1017, 1016, 29, 7.94%, 0, 0, 2, 14.93
1747819702, 0, 108, 1017, 1016, 29, 7.94%, 0, 0, 2, 14.98
1747819707, 0, 110, 1017, 1016, 29, 7.94%, 0, 0, 2, 14.77
1747819712, 0, 110, 1018, 1017, 29, 7.94%, 0, 0, 2, 14.46
1747819717, 0, 110, 1021, 1020, 29, 7.94%, 0, 0, 2, 14.48
1747819753, 0, 110, 1023, 1022, 29, 7.94%, 0, 0, 2, 14.27
1747819825, 0, 112, 1023, 1022, 30, 7.94%, 0, 0, 2, 14.86
1747819830, 0, 114, 1023, 1022, 30, 7.94%, 0, 0, 2, 14.71
1747819835, 0, 115, 1024, 1023, 30, 7.94%, 0, 0, 2, 14.40
1747819840, 0, 115, 1025, 1024, 30, 7.94%, 0, 0, 2, 14.24
1747819850, 0, 118, 1026, 1025, 30, 7.94%, 0, 0, 2, 14.69
1747819860, 0, 119, 1027, 1026, 30, 7.94%, 0, 0, 2, 14.53
1747819865, 0, 121, 1027, 1026, 30, 7.94%, 0, 0, 2, 14.48
1747819871, 0, 123, 1027, 1026, 30, 7.94%, 0, 0, 2, 14.79
1747819876, 0, 126, 1027, 1026, 30, 7.94%, 0, 0, 2, 14.33
1747819881, 0, 127, 1028, 1027, 30, 7.94%, 0, 0, 2, 14.58
1747819886, 0, 128, 1028, 1027, 30, 7.94%, 0, 0, 2, 14.58
1747819891, 0, 130, 1028, 1027, 30, 7.94%, 0, 0, 2, 14.75
1747819896, 0, 131, 1028, 1027, 30, 7.94%, 0, 0, 2, 14.30
1747819901, 0, 134, 1028, 1027, 30, 7.94%, 0, 0, 2, 14.22
1747819906, 0, 135, 1028, 1027, 30, 7.94%, 0, 0, 2, 14.55
1747819912, 0, 137, 1028, 1027, 30, 7.94%, 0, 0, 2, 14.67
1747819917, 0, 138, 1028, 1027, 30, 7.94%, 0, 0, 2, 14.42
1747819922, 0, 140, 1028, 1027, 30, 7.94%, 0, 0, 2, 14.62
1747819927, 0, 141, 1028, 1027, 30, 7.94%, 0, 0, 2, 14.55
1747819932, 0, 144, 1028, 1027, 30, 7.94%, 0, 0, 2, 14.45
1747819937, 0, 146, 1028, 1027, 30, 7.94%, 0, 0, 2, 14.72
1747819942, 0, 148, 1028, 1027, 30, 7.94%, 0, 0, 2, 14.63
1747819947, 0, 149, 1028, 1027, 30, 7.94%, 0, 0, 2, 14.80
1747819952, 0, 150, 1028, 1027, 30, 7.94%, 0, 0, 2, 14.62
1747819957, 0, 151, 1029, 1028, 30, 7.94%, 0, 0, 2, 14.76
1747819962, 0, 152, 1029, 1028, 30, 7.94%, 0, 0, 2, 14.99
1747819968, 0, 155, 1029, 1028, 30, 7.94%, 0, 0, 2, 15.11
1747819973, 0, 156, 1029, 1028, 30, 7.94%, 0, 0, 2, 14.71
1747819978, 0, 160, 1029, 1028, 30, 7.94%, 0, 0, 2, 14.54
1747819983, 0, 161, 1029, 1028, 30, 7.94%, 0, 0, 2, 14.69
1747819988, 0, 162, 1030, 1029, 30, 7.94%, 0, 0, 2, 14.51
1747819993, 0, 162, 1032, 1031, 30, 7.94%, 0, 0, 2, 13.91
1747819998, 0, 162, 1033, 1032, 30, 7.94%, 0, 0, 2, 14.40
1747820008, 0, 162, 1034, 1033, 30, 7.94%, 0, 0, 2, 14.58
1747820039, 0, 162, 1035, 1034, 30, 7.94%, 0, 0, 2, 14.76
1747820059, 0, 162, 1036, 1035, 30, 7.94%, 0, 0, 2, 14.15
1747820065, 0, 162, 1037, 1036, 30, 7.94%, 0, 0, 2, 14.26
1747820105, 0, 163, 1039, 1038, 30, 7.94%, 0, 0, 2, 13.80
1747820111, 0, 163, 1040, 1039, 30, 7.94%, 0, 0, 2, 13.68
1747820131, 0, 163, 1041, 1040, 30, 7.94%, 0, 0, 2, 13.92
1747820136, 0, 163, 1042, 1041, 30, 7.94%, 0, 0, 2, 13.99
1747820141, 0, 163, 1043, 1042, 30, 7.94%, 0, 0, 2, 14.05
1747820162, 0, 163, 1045, 1044, 30, 7.94%, 0, 0, 2, 14.00
1747820167, 0, 163, 1047, 1046, 30, 7.94%, 0, 0, 2, 13.90
1747820187, 0, 163, 1048, 1047, 30, 7.94%, 0, 0, 2, 13.93
1747820223, 0, 165, 1048, 1047, 29, 7.94%, 0, 0, 2, 14.24
1747820228, 0, 167, 1048, 1047, 29, 7.94%, 0, 0, 2, 14.70
1747820233, 0, 170, 1048, 1047, 29, 7.94%, 0, 0, 2, 14.45
1747820238, 0, 171, 1048, 1047, 29, 7.94%, 0, 0, 2, 14.33
1747820243, 0, 174, 1048, 1047, 29, 7.94%, 0, 0, 2, 14.39
1747820248, 0, 177, 1048, 1047, 29, 7.94%, 0, 0, 2, 13.92
1747820254, 0, 178, 1048, 1047, 29, 7.94%, 0, 0, 2, 14.13
1747820259, 0, 181, 1048, 1047, 29, 7.94%, 0, 0, 2, 14.14
1747820264, 0, 182, 1048, 1047, 29, 7.94%, 0, 0, 2, 14.27
1747820269, 0, 183, 1049, 1048, 29, 7.94%, 0, 0, 2, 13.58
1747820274, 0, 184, 1049, 1048, 29, 7.94%, 0, 0, 2, 14.20
1747820279, 0, 185, 1050, 1049, 29, 8.07%, 0, 0, 2, 14.07
1747820284, 0, 188, 1050, 1049, 29, 8.07%, 0, 0, 2, 14.13
1747820289, 0, 189, 1050, 1049, 29, 8.07%, 0, 0, 2, 14.45
1747820294, 0, 190, 1050, 1049, 29, 8.07%, 0, 0, 2, 14.34
1747820299, 0, 191, 1051, 1050, 29, 8.07%, 0, 0, 2, 14.02
1747820304, 0, 192, 1051, 1050, 29, 8.07%, 0, 0, 2, 14.18
1747820309, 0, 193, 1052, 1051, 29, 8.07%, 0, 0, 2, 13.72
1747820315, 0, 195, 1052, 1051, 29, 8.07%, 0, 0, 2, 13.95
1747820320, 0, 195, 1053, 1052, 29, 8.07%, 0, 0, 2, 13.53
1747820325, 0, 197, 1053, 1052, 29, 8.07%, 0, 0, 2, 13.79
1747820330, 0, 198, 1054, 1053, 29, 8.07%, 0, 0, 2, 13.43
1747820335, 0, 198, 1055, 1054, 29, 8.07%, 0, 0, 2, 13.64
1747820345, 0, 201, 1056, 1055, 29, 8.07%, 0, 0, 2, 13.64
1747820351, 0, 202, 1056, 1055, 29, 8.07%, 0, 0, 2, 13.61
1747820356, 0, 204, 1057, 1056, 29, 8.08%, 0, 0, 2, 13.72
1747820366, 0, 204, 1058, 1057, 29, 8.08%, 0, 0, 2, 13.70
1747820371, 0, 205, 1059, 1058, 30, 8.13%, 0, 0, 2, 13.48
1747820381, 0, 206, 1060, 1059, 29, 8.13%, 0, 0, 2, 13.34
1747820386, 0, 207, 1060, 1059, 29, 8.13%, 0, 0, 2, 13.56
1747820392, 0, 207, 1062, 1061, 29, 8.13%, 0, 0, 2, 13.12
1747820407, 0, 209, 1062, 1061, 29, 8.13%, 0, 0, 2, 13.69
1747820412, 0, 210, 1064, 1063, 29, 8.13%, 0, 0, 2, 13.64
1747820427, 0, 211, 1065, 1064, 29, 8.13%, 0, 0, 2, 13.89
1747820432, 0, 211, 1066, 1065, 29, 8.13%, 0, 0, 2, 13.58
1747820443, 0, 211, 1067, 1066, 29, 8.13%, 0, 0, 2, 13.58
1747820458, 0, 212, 1067, 1066, 29, 8.13%, 0, 0, 2, 14.19
1747820463, 0, 213, 1067, 1066, 29, 8.13%, 0, 0, 2, 13.79
1747820468, 0, 214, 1067, 1066, 29, 8.13%, 0, 0, 2, 13.44
1747820473, 0, 216, 1067, 1066, 29, 8.13%, 0, 0, 2, 13.35
1747820478, 0, 217, 1067, 1066, 29, 8.13%, 0, 0, 2, 13.77
1747820483, 0, 219, 1067, 1066, 29, 8.13%, 0, 0, 2, 13.92
1747820488, 0, 220, 1068, 1067, 29, 8.13%, 0, 0, 2, 13.37
1747820494, 0, 223, 1068, 1067, 29, 8.13%, 0, 0, 2, 13.59
1747820499, 0, 224, 1068, 1067, 29, 8.13%, 0, 0, 2, 13.49
1747820504, 0, 226, 1069, 1068, 29, 8.13%, 0, 0, 2, 13.74
1747820509, 0, 226, 1071, 1070, 29, 8.13%, 0, 0, 2, 12.66
1747820514, 0, 226, 1072, 1071, 29, 8.13%, 0, 0, 2, 13.27
1747820519, 0, 226, 1073, 1072, 29, 8.13%, 0, 0, 2, 13.59
1747820524, 0, 226, 1074, 1073, 29, 8.13%, 0, 0, 2, 13.03
1747820529, 0, 226, 1075, 1074, 29, 8.13%, 0, 0, 2, 13.37
1747820535, 0, 226, 1076, 1075, 29, 8.13%, 0, 0, 2, 13.01
1747820540, 0, 226, 1077, 1076, 29, 8.13%, 0, 0, 2, 12.88
1747820545, 0, 226, 1078, 1077, 29, 8.13%, 0, 0, 2, 13.20
1747820550, 0, 226, 1079, 1078, 29, 8.13%, 0, 0, 2, 12.94
1747820555, 0, 226, 1080, 1079, 29, 8.13%, 0, 0, 2, 13.41
1747820560, 0, 226, 1081, 1080, 29, 8.13%, 0, 0, 2, 12.84
1747820565, 0, 226, 1083, 1082, 29, 8.13%, 0, 0, 2, 12.78
1747820575, 0, 226, 1084, 1083, 29, 8.13%, 0, 0, 2, 13.21
1747820581, 0, 226, 1085, 1084, 29, 8.13%, 0, 0, 2, 13.28
1747820591, 0, 226, 1087, 1086, 29, 8.13%, 0, 0, 2, 21.47
1747820596, 0, 226, 1088, 1087, 29, 8.16%, 0, 0, 2, 22.50
1747820611, 0, 226, 1090, 1089, 29, 8.16%, 0, 0, 2, 22.23
1747820616, 0, 226, 1093, 1092, 29, 8.17%, 0, 0, 2, 21.93
1747820622, 0, 227, 1094, 1093, 29, 8.17%, 0, 0, 2, 21.77
1747820627, 0, 230, 1094, 1093, 29, 8.17%, 0, 0, 2, 22.18
1747820632, 0, 231, 1095, 1094, 29, 8.17%, 0, 0, 2, 21.99
1747820637, 0, 234, 1096, 1095, 30, 8.17%, 0, 0, 2, 22.08
1747820642, 0, 238, 1097, 1096, 30, 8.19%, 0, 0, 2, 22.73
1747820647, 0, 238, 1098, 1097, 30, 8.19%, 0, 0, 2, 21.80
1747820652, 0, 238, 1101, 1100, 30, 8.19%, 0, 0, 2, 21.36
1747820657, 0, 238, 1103, 1102, 30, 8.19%, 0, 0, 2, 21.23
1747820667, 0, 238, 1104, 1103, 30, 8.19%, 0, 0, 2, 22.12
1747820673, 0, 238, 1105, 1104, 30, 8.24%, 0, 0, 2, 21.87
1747820678, 0, 238, 1106, 1105, 30, 8.24%, 0, 0, 2, 22.05
1747820693, 0, 238, 1107, 1106, 30, 8.24%, 0, 0, 2, 21.45
1747820714, 0, 238, 1108, 1107, 30, 8.24%, 0, 0, 2, 13.29
1747820739, 0, 239, 1108, 1107, 29, 8.24%, 0, 0, 2, 12.94
1747820744, 0, 239, 1109, 1108, 29, 8.24%, 0, 0, 2, 12.61
1747820749, 0, 239, 1110, 1109, 29, 8.24%, 0, 0, 2, 12.21
1747820760, 0, 239, 1111, 1110, 29, 8.24%, 0, 0, 2, 12.35
1747820765, 0, 239, 1112, 1111, 29, 8.24%, 0, 0, 2, 12.14
1747820770, 0, 239, 1113, 1112, 29, 8.24%, 0, 0, 2, 12.47
1747820780, 0, 239, 1114, 1113, 29, 8.25%, 0, 0, 2, 12.49
1747820790, 0, 239, 1115, 1114, 29, 8.25%, 0, 0, 2, 12.88
1747820806, 0, 239, 1116, 1115, 29, 8.25%, 0, 0, 2, 12.55
1747820852, 0, 239, 1118, 1117, 29, 8.25%, 0, 0, 2, 12.10
1747820862, 0, 239, 1119, 1118, 29, 8.25%, 0, 0, 2, 12.45
1747820878, 0, 239, 1121, 1120, 29, 8.25%, 0, 0, 2, 12.05
1747820883, 0, 242, 1121, 1120, 31, 8.25%, 0, 0, 2, 12.64
1747820888, 0, 243, 1121, 1120, 31, 8.25%, 0, 0, 2, 12.79
1747820893, 0, 244, 1121, 1120, 31, 8.25%, 0, 0, 2, 12.87
1747820898, 0, 247, 1121, 1120, 31, 8.25%, 0, 0, 2, 13.05
1747820903, 0, 249, 1123, 1122, 31, 8.25%, 0, 0, 2, 12.52
1747820908, 0, 249, 1126, 1125, 31, 8.25%, 0, 0, 2, 12.30
1747820913, 0, 249, 1127, 1126, 31, 8.25%, 0, 0, 2, 12.30
1747820918, 0, 249, 1128, 1127, 31, 8.25%, 0, 0, 2, 12.32
1747820934, 0, 249, 1129, 1128, 31, 8.32%, 0, 0, 2, 12.31
1747820939, 0, 249, 1130, 1129, 31, 8.32%, 0, 0, 2, 12.63
1747820985, 0, 249, 1131, 1130, 31, 8.32%, 0, 0, 2, 12.73
1747820990, 0, 249, 1133, 1132, 31, 8.32%, 0, 0, 2, 11.98
1747821011, 0, 249, 1134, 1133, 31, 8.32%, 0, 0, 2, 12.49
1747821042, 0, 253, 1134, 1133, 29, 8.32%, 0, 0, 2, 13.30
1747821047, 0, 254, 1134, 1133, 29, 8.32%, 0, 0, 2, 13.14
1747821052, 0, 256, 1134, 1133, 29, 8.32%, 0, 0, 2, 13.48
1747821057, 0, 258, 1134, 1133, 29, 8.32%, 0, 0, 2, 12.75
1747821062, 0, 258, 1135, 1134, 29, 8.32%, 0, 0, 2, 12.39
1747821067, 0, 260, 1135, 1134, 29, 8.32%, 0, 0, 2, 12.71
1747821072, 0, 261, 1135, 1134, 29, 8.32%, 0, 0, 2, 12.99
1747821077, 0, 261, 1136, 1135, 29, 8.32%, 0, 0, 2, 12.82
1747821083, 0, 263, 1136, 1135, 29, 8.32%, 0, 0, 2, 13.09
1747821088, 0, 264, 1136, 1135, 29, 8.32%, 0, 0, 2, 13.01
1747821093, 0, 266, 1137, 1136, 29, 8.32%, 0, 0, 2, 12.74
1747821103, 0, 269, 1137, 1136, 29, 8.32%, 0, 0, 2, 12.72
1747821108, 0, 270, 1137, 1136, 29, 8.32%, 0, 0, 2, 12.78
1747821113, 0, 271, 1138, 1137, 29, 8.32%, 0, 0, 2, 12.91
1747821118, 0, 271, 1139, 1138, 29, 8.32%, 0, 0, 2, 13.18
1747821124, 0, 271, 1140, 1139, 29, 8.32%, 0, 0, 2, 12.65
1747821139, 0, 271, 1141, 1140, 29, 8.32%, 0, 0, 2, 12.56
1747821149, 0, 271, 1142, 1141, 29, 8.32%, 0, 0, 2, 12.33
1747821154, 0, 271, 1143, 1142, 29, 8.32%, 0, 0, 2, 12.44
1747821164, 0, 271, 1144, 1143, 29, 8.32%, 0, 0, 2, 12.55
1747821211, 0, 271, 1145, 1144, 29, 8.32%, 0, 0, 2, 13.26
1747821221, 0, 271, 1146, 1145, 29, 8.35%, 0, 0, 2, 12.60
1747821246, 0, 272, 1146, 1145, 29, 8.35%, 0, 0, 2, 12.78
1747821252, 0, 272, 1147, 1146, 29, 8.35%, 0, 0, 2, 12.77
1747821257, 0, 273, 1147, 1146, 29, 8.35%, 0, 0, 2, 12.91
1747821262, 0, 274, 1147, 1146, 29, 8.35%, 0, 0, 2, 12.71
1747821267, 0, 274, 1149, 1148, 29, 8.35%, 0, 0, 2, 12.59
1747821272, 0, 274, 1150, 1149, 29, 8.35%, 0, 0, 2, 12.33
1747821277, 0, 274, 1151, 1150, 29, 8.35%, 0, 0, 2, 12.84
1747821293, 0, 274, 1152, 1151, 29, 8.35%, 0, 0, 2, 12.94
1747821313, 0, 274, 1153, 1152, 29, 8.35%, 0, 0, 2, 12.18
1747821318, 0, 274, 1154, 1153, 29, 8.35%, 0, 0, 2, 11.92
1747821364, 0, 274, 1155, 1154, 29, 8.35%, 0, 0, 2, 12.69
1747821369, 0, 274, 1156, 1155, 29, 8.35%, 0, 0, 2, 12.15
1747821384, 0, 274, 1157, 1156, 29, 8.35%, 0, 0, 2, 12.48
1747821395, 0, 275, 1157, 1156, 29, 8.35%, 0, 0, 2, 12.73
1747821400, 0, 276, 1157, 1156, 29, 8.35%, 0, 0, 2, 12.86
1747821405, 0, 276, 1158, 1157, 29, 8.35%, 0, 0, 2, 12.56
1747821410, 0, 277, 1158, 1157, 29, 8.35%, 0, 0, 2, 12.90
1747821415, 0, 278, 1160, 1159, 29, 8.35%, 0, 0, 2, 12.06
1747821425, 0, 278, 1161, 1160, 29, 8.35%, 0, 0, 2, 11.99
1747821431, 0, 278, 1162, 1161, 29, 8.35%, 0, 0, 2, 12.01
1747821461, 0, 278, 1163, 1162, 29, 8.35%, 0, 0, 2, 12.03
1747821518, 0, 278, 1164, 1163, 29, 8.41%, 0, 0, 2, 12.28
1747821538, 0, 278, 1166, 1165, 29, 8.41%, 0, 0, 2, 11.89
1747821554, 0, 280, 1166, 1165, 30, 8.41%, 0, 0, 2, 12.38
1747821559, 0, 281, 1166, 1165, 30, 8.41%, 0, 0, 2, 12.48
1747821564, 0, 282, 1166, 1165, 30, 8.41%, 0, 0, 2, 12.65
1747821569, 0, 282, 1168, 1167, 30, 8.41%, 0, 0, 2, 11.92
1747821574, 0, 282, 1169, 1168, 30, 8.42%, 0, 0, 2, 11.96
1747821579, 0, 282, 1171, 1170, 30, 8.42%, 0, 0, 2, 11.76
1747821589, 0, 282, 1172, 1171, 30, 8.42%, 0, 0, 2, 11.92
1747821605, 0, 282, 1173, 1172, 30, 8.42%, 0, 0, 2, 12.21
1747821610, 0, 282, 1174, 1173, 30, 8.42%, 0, 0, 2, 12.02
1747821615, 0, 282, 1175, 1174, 30, 8.42%, 0, 0, 2, 11.37
1747821620, 0, 282, 1176, 1175, 30, 8.42%, 0, 0, 2, 11.60
1747821661, 0, 282, 1177, 1176, 30, 8.42%, 0, 0, 2, 12.25
1747821666, 0, 282, 1178, 1177, 30, 8.42%, 0, 0, 2, 12.06
1747821692, 0, 282, 1179, 1178, 30, 8.42%, 0, 0, 2, 12.28
1747821707, 0, 284, 1179, 1178, 31, 8.42%, 0, 0, 2, 12.59
1747821712, 0, 285, 1179, 1178, 31, 8.42%, 0, 0, 2, 12.61
1747821717, 0, 288, 1179, 1178, 31, 8.42%, 0, 0, 2, 12.67
1747821722, 0, 288, 1180, 1179, 31, 8.42%, 0, 0, 2, 12.85
1747821728, 0, 290, 1180, 1179, 31, 8.42%, 0, 0, 2, 13.19
1747821733, 0, 291, 1180, 1179, 31, 8.42%, 0, 0, 2, 12.92
1747821738, 0, 292, 1180, 1179, 31, 8.42%, 0, 0, 2, 12.54
1747821743, 0, 294, 1180, 1179, 31, 8.42%, 0, 0, 2, 12.80
1747821748, 0, 295, 1180, 1179, 31, 8.42%, 0, 0, 2, 12.75
1747821753, 0, 296, 1180, 1179, 31, 8.42%, 0, 0, 2, 12.98
1747821758, 0, 298, 1180, 1179, 31, 8.42%, 0, 0, 2, 12.77
1747821763, 0, 299, 1180, 1179, 31, 8.42%, 0, 0, 2, 12.40
1747821768, 0, 300, 1180, 1179, 31, 8.42%, 0, 0, 2, 12.99
1747821774, 0, 301, 1180, 1179, 31, 8.42%, 0, 0, 2, 13.11
1747821779, 0, 303, 1180, 1179, 31, 8.42%, 0, 0, 2, 12.77
1747821784, 0, 304, 1180, 1179, 31, 8.42%, 0, 0, 2, 12.91
1747821789, 0, 305, 1180, 1179, 31, 8.42%, 0, 0, 2, 12.91
1747821794, 0, 307, 1180, 1179, 31, 8.42%, 0, 0, 2, 13.09
1747821799, 0, 308, 1181, 1180, 31, 8.42%, 0, 0, 2, 12.30
1747821804, 0, 308, 1182, 1181, 31, 8.42%, 0, 0, 2, 11.51
1747821809, 0, 308, 1183, 1182, 31, 8.42%, 0, 0, 2, 11.59
1747821825, 0, 308, 1184, 1183, 31, 8.42%, 0, 0, 2, 11.66
1747821830, 0, 308, 1185, 1184, 31, 8.42%, 0, 0, 2, 11.39
1747821840, 0, 308, 1186, 1185, 31, 8.42%, 0, 0, 2, 11.88
1747821850, 0, 308, 1187, 1186, 31, 8.42%, 0, 0, 2, 11.48
1747821855, 0, 308, 1188, 1187, 31, 8.42%, 0, 0, 2, 11.21
1747821881, 0, 308, 1189, 1188, 31, 8.42%, 0, 0, 2, 11.98
1747821937, 0, 308, 1191, 1190, 31, 8.42%, 0, 0, 2, 10.80
1747821947, 0, 309, 1191, 1190, 31, 8.42%, 0, 0, 2, 12.35
1747821952, 0, 310, 1192, 1191, 31, 8.44%, 0, 0, 2, 11.49
1747821957, 0, 312, 1192, 1191, 32, 8.44%, 0, 0, 2, 11.60
1747821962, 0, 312, 1193, 1192, 32, 8.44%, 0, 0, 2, 12.17
1747821968, 0, 313, 1194, 1193, 33, 8.44%, 0, 0, 2, 11.53
1747821973, 0, 313, 1195, 1194, 33, 8.44%, 0, 0, 2, 11.51
1747821978, 0, 313, 1197, 1196, 33, 8.44%, 0, 0, 2, 10.62
1747822014, 0, 313, 1198, 1197, 33, 8.44%, 0, 0, 2, 11.81
1747822029, 0, 313, 1199, 1198, 33, 8.44%, 0, 0, 2, 11.53
1747822060, 0, 313, 1200, 1199, 33, 8.44%, 0, 0, 2, 11.48
1747822065, 0, 313, 1201, 1200, 33, 8.44%, 0, 0, 2, 11.37
1747822081, 0, 313, 1202, 1201, 33, 8.44%, 0, 0, 2, 11.39
1747822091, 0, 313, 1203, 1202, 33, 8.44%, 0, 0, 2, 11.82
1747822111, 0, 313, 1204, 1203, 33, 8.44%, 0, 0, 2, 11.29
1747822117, 0, 314, 1206, 1205, 34, 8.44%, 0, 0, 2, 11.37
1747822122, 0, 315, 1206, 1205, 34, 8.44%, 0, 0, 2, 12.53
1747822127, 0, 317, 1206, 1205, 34, 8.44%, 0, 0, 2, 12.87
1747822132, 0, 319, 1206, 1205, 34, 8.44%, 0, 0, 2, 11.90
1747822137, 0, 320, 1206, 1205, 34, 8.44%, 0, 0, 2, 12.30
1747822142, 0, 321, 1206, 1205, 34, 8.44%, 0, 0, 2, 12.33
1747822147, 0, 322, 1206, 1205, 34, 8.44%, 0, 0, 2, 12.54
1747822152, 0, 323, 1206, 1205, 34, 8.44%, 0, 0, 2, 12.32
1747822157, 0, 325, 1206, 1205, 34, 8.44%, 0, 0, 2, 12.56
1747822162, 0, 327, 1206, 1205, 34, 8.44%, 0, 0, 2, 12.62
1747822167, 0, 328, 1206, 1205, 34, 8.44%, 0, 0, 2, 12.73
1747822173, 0, 331, 1206, 1205, 34, 8.44%, 0, 0, 2, 12.74
1747822178, 0, 332, 1206, 1205, 34, 8.44%, 0, 0, 2, 11.96
1747822183, 0, 333, 1206, 1205, 34, 8.44%, 0, 0, 2, 12.56
1747822188, 0, 335, 1206, 1205, 34, 8.44%, 0, 0, 2, 12.80
1747822193, 0, 337, 1206, 1205, 34, 8.44%, 0, 0, 2, 12.85
1747822198, 0, 339, 1206, 1205, 34, 8.44%, 0, 0, 2, 12.71
1747822203, 0, 340, 1206, 1205, 34, 8.44%, 0, 0, 2, 12.49
1747822208, 0, 341, 1206, 1205, 34, 8.44%, 0, 0, 2, 12.18
1747822214, 0, 342, 1206, 1205, 34, 8.44%, 0, 0, 2, 11.85
1747822219, 0, 344, 1206, 1205, 34, 8.44%, 0, 0, 2, 12.48
1747822224, 0, 346, 1206, 1205, 34, 8.44%, 0, 0, 2, 12.33
1747822229, 0, 347, 1207, 1206, 34, 8.44%, 0, 0, 2, 11.61
1747822239, 0, 350, 1207, 1206, 34, 8.44%, 0, 0, 2, 12.13
1747822244, 0, 354, 1207, 1206, 34, 8.44%, 0, 0, 2, 12.55
1747822249, 0, 355, 1207, 1206, 34, 8.44%, 0, 0, 2, 12.78
1747822254, 0, 356, 1207, 1206, 34, 8.44%, 0, 0, 2, 12.66
1747822259, 0, 357, 1207, 1206, 34, 8.44%, 0, 0, 2, 12.98
1747822265, 0, 359, 1207, 1206, 34, 8.44%, 0, 0, 2, 13.16
1747822270, 0, 360, 1207, 1206, 34, 8.44%, 0, 0, 2, 11.79
1747822275, 0, 360, 1208, 1207, 34, 8.44%, 0, 0, 2, 11.60
1747822280, 0, 361, 1208, 1207, 34, 8.44%, 0, 0, 2, 12.02
1747822285, 0, 362, 1208, 1207, 34, 8.44%, 0, 0, 2, 12.34
1747822290, 0, 365, 1208, 1207, 34, 8.44%, 0, 0, 2, 12.57
1747822295, 0, 366, 1208, 1207, 34, 8.44%, 0, 0, 2, 12.83
1747822300, 0, 367, 1208, 1207, 34, 8.44%, 0, 0, 2, 12.62
1747822306, 0, 368, 1208, 1207, 34, 8.44%, 0, 0, 2, 11.67
1747822311, 0, 373, 1208, 1207, 34, 8.44%, 0, 0, 2, 12.75
1747822316, 0, 374, 1208, 1207, 34, 8.44%, 0, 0, 2, 12.81
1747822321, 0, 375, 1208, 1207, 34, 8.44%, 0, 0, 2, 12.18
1747822326, 0, 376, 1208, 1207, 34, 8.44%, 0, 0, 2, 11.58
1747822331, 0, 377, 1209, 1208, 34, 8.44%, 0, 0, 2, 11.21
1747822342, 0, 379, 1209, 1208, 34, 8.44%, 0, 0, 2, 11.56
1747822347, 0, 380, 1209, 1208, 34, 8.44%, 0, 0, 2, 12.38
1747822352, 0, 381, 1209, 1208, 34, 8.44%, 0, 0, 2, 12.90
1747822357, 0, 382, 1209, 1208, 34, 8.44%, 0, 0, 2, 12.67
1747822362, 0, 384, 1209, 1208, 34, 8.44%, 0, 0, 2, 11.70
1747822367, 0, 385, 1209, 1208, 34, 8.44%, 0, 0, 2, 12.69
1747822373, 0, 386, 1210, 1209, 34, 8.44%, 0, 0, 2, 12.28
1747822383, 0, 387, 1210, 1209, 35, 8.44%, 0, 0, 2, 11.72
1747822388, 0, 389, 1210, 1209, 35, 8.44%, 0, 0, 2, 12.28
1747822393, 0, 390, 1210, 1209, 35, 8.44%, 0, 0, 2, 11.92
1747822398, 0, 392, 1211, 1210, 35, 8.44%, 0, 0, 2, 11.64
1747822409, 0, 393, 1211, 1210, 35, 8.44%, 0, 0, 2, 12.83
1747822414, 0, 395, 1211, 1210, 35, 8.44%, 0, 0, 2, 12.41
1747822419, 0, 396, 1211, 1210, 35, 8.44%, 0, 0, 2, 12.59
1747822424, 0, 401, 1211, 1210, 35, 8.44%, 0, 0, 2, 12.01
1747822429, 0, 402, 1211, 1210, 35, 8.44%, 0, 0, 2, 11.58
1747822434, 0, 403, 1211, 1210, 35, 8.44%, 0, 0, 2, 12.09
1747822439, 0, 406, 1211, 1210, 35, 8.44%, 0, 0, 2, 12.00
1747822444, 0, 407, 1211, 1210, 35, 8.44%, 0, 0, 2, 12.71
1747822449, 0, 408, 1211, 1210, 35, 8.44%, 0, 0, 2, 12.08
1747822454, 0, 409, 1211, 1210, 35, 8.44%, 0, 0, 2, 12.12
1747822459, 0, 411, 1211, 1210, 35, 8.44%, 0, 0, 2, 12.05
1747822464, 0, 414, 1211, 1210, 35, 8.44%, 0, 0, 2, 11.84
1747822469, 0, 415, 1211, 1210, 35, 8.44%, 0, 0, 2, 11.95
1747822475, 0, 416, 1211, 1210, 35, 8.44%, 0, 0, 2, 12.40
1747822480, 0, 419, 1212, 1211, 35, 8.44%, 0, 0, 2, 12.26
1747822490, 0, 422, 1212, 1211, 35, 8.44%, 0, 0, 2, 12.47
1747822495, 0, 422, 1213, 1212, 35, 8.44%, 0, 0, 2, 11.28
1747822500, 0, 423, 1213, 1212, 35, 8.44%, 0, 0, 2, 12.27
1747822505, 0, 424, 1213, 1212, 35, 8.44%, 0, 0, 2, 12.69
1747822511, 0, 425, 1214, 1213, 35, 8.44%, 0, 0, 2, 12.64
1747822516, 0, 426, 1214, 1213, 35, 8.44%, 0, 0, 2, 12.77
1747822521, 0, 427, 1214, 1213, 35, 8.44%, 0, 0, 2, 13.46
1747822526, 0, 428, 1214, 1213, 35, 8.44%, 0, 0, 2, 13.15
1747822531, 0, 429, 1214, 1213, 35, 8.44%, 0, 0, 2, 12.13
1747822536, 0, 431, 1214, 1213, 35, 8.44%, 0, 0, 2, 11.73
1747822542, 0, 432, 1214, 1213, 35, 8.44%, 0, 0, 2, 12.64
1747822547, 0, 433, 1214, 1213, 35, 8.44%, 0, 0, 2, 12.46
1747822552, 0, 434, 1214, 1213, 35, 8.44%, 0, 0, 2, 12.36
1747822557, 0, 435, 1215, 1214, 35, 8.44%, 0, 0, 2, 12.83
1747822562, 0, 437, 1215, 1214, 35, 8.44%, 0, 0, 2, 12.92
1747822567, 0, 438, 1215, 1214, 35, 8.44%, 0, 0, 2, 12.83
1747822572, 0, 440, 1215, 1214, 35, 8.44%, 0, 0, 2, 12.18
1747822577, 0, 441, 1215, 1214, 35, 8.44%, 0, 0, 2, 12.49
1747822582, 0, 444, 1215, 1214, 35, 8.44%, 0, 0, 2, 11.87
1747822587, 0, 445, 1215, 1214, 35, 8.44%, 0, 0, 2, 16.97
1747824082, 0, 446, 1215, 1213, 35, 8.44%, 0, 0, 2, 16.58
1747824087, 0, 447, 1216, 1214, 35, 8.44%, 0, 0, 3, 13.06
1747824093, 0, 448, 1216, 1214, 35, 8.44%, 0, 0, 3, 12.42
1747824098, 0, 450, 1216, 1214, 35, 8.44%, 0, 0, 3, 12.69
1747824103, 0, 452, 1216, 1214, 35, 8.44%, 0, 0, 3, 12.60
1747824108, 0, 454, 1216, 1214, 35, 8.44%, 0, 0, 3, 12.42
1747824113, 0, 456, 1216, 1214, 35, 8.44%, 0, 0, 3, 12.80
1747824118, 0, 457, 1216, 1214, 35, 8.44%, 0, 0, 3, 12.67
1747824123, 0, 458, 1217, 1215, 35, 8.45%, 0, 0, 3, 11.96
1747824134, 0, 459, 1217, 1215, 35, 8.45%, 0, 0, 3, 11.90
1747824139, 0, 462, 1217, 1215, 35, 8.45%, 0, 0, 3, 11.64
1747824144, 0, 463, 1217, 1215, 35, 8.45%, 0, 0, 3, 11.69
1747824149, 0, 464, 1217, 1215, 35, 8.45%, 0, 0, 3, 12.76
1747824154, 0, 465, 1217, 1215, 35, 8.45%, 0, 0, 3, 12.29
1747824159, 0, 466, 1218, 1216, 35, 8.45%, 0, 0, 3, 12.32
1747824164, 0, 466, 1219, 1217, 35, 8.45%, 0, 0, 3, 12.44
1747824174, 0, 467, 1219, 1217, 36, 8.45%, 0, 0, 3, 12.80
1747824179, 0, 468, 1219, 1217, 36, 8.45%, 0, 0, 3, 12.93
1747824184, 0, 469, 1219, 1217, 36, 8.45%, 0, 0, 3, 12.44
1747824189, 0, 471, 1219, 1217, 36, 8.45%, 0, 0, 3, 12.97
1747824195, 0, 472, 1219, 1217, 36, 8.45%, 0, 0, 3, 12.86
1747824200, 0, 473, 1219, 1217, 36, 8.45%, 0, 0, 3, 13.02
1747824205, 0, 475, 1219, 1217, 36, 8.45%, 0, 0, 3, 12.70
1747824210, 0, 476, 1219, 1217, 36, 8.45%, 0, 0, 3, 12.38
1747824215, 0, 477, 1219, 1217, 36, 8.45%, 0, 0, 3, 12.86
1747824220, 0, 481, 1219, 1217, 36, 8.45%, 0, 0, 3, 12.65
1747824226, 0, 483, 1219, 1217, 36, 8.45%, 0, 0, 3, 12.58
1747824231, 0, 484, 1220, 1218, 36, 8.45%, 0, 0, 3, 12.29
1747824241, 0, 484, 1222, 1220, 36, 8.45%, 0, 0, 3, 11.34
1747824246, 0, 484, 1223, 1221, 36, 8.45%, 0, 0, 3, 11.41
1747824262, 0, 484, 1224, 1222, 36, 8.46%, 0, 0, 3, 11.11
1747824267, 0, 484, 1225, 1223, 36, 8.47%, 0, 0, 3, 11.30
1747824287, 0, 484, 1226, 1224, 36, 8.47%, 0, 0, 3, 11.14
1747824359, 0, 484, 1227, 1225, 36, 8.47%, 0, 0, 3, 11.45
1747824380, 0, 486, 1227, 1225, 37, 8.47%, 0, 0, 3, 12.21
1747824385, 0, 486, 1228, 1226, 37, 8.47%, 0, 0, 3, 11.16
1747824390, 0, 487, 1228, 1226, 37, 8.47%, 0, 0, 3, 11.93
1747824395, 0, 488, 1228, 1226, 37, 8.47%, 0, 0, 3, 12.49
1747824400, 0, 489, 1228, 1226, 37, 8.47%, 0, 0, 3, 12.09
1747824405, 0, 491, 1228, 1226, 37, 8.47%, 0, 0, 3, 12.61
1747824410, 0, 492, 1228, 1226, 37, 8.47%, 0, 0, 3, 12.80
1747824415, 0, 494, 1228, 1226, 37, 8.47%, 0, 0, 3, 12.98
1747824421, 0, 496, 1228, 1226, 37, 8.47%, 0, 0, 3, 12.45
1747824426, 0, 499, 1228, 1226, 37, 8.47%, 0, 0, 3, 11.83
1747824431, 0, 500, 1228, 1226, 37, 8.47%, 0, 0, 3, 12.12
1747824436, 0, 501, 1228, 1226, 37, 8.47%, 0, 0, 3, 12.32
1747824441, 0, 502, 1229, 1227, 37, 8.47%, 0, 0, 3, 12.20
1747824451, 0, 505, 1229, 1227, 37, 8.47%, 0, 0, 3, 12.86
1747824457, 0, 507, 1230, 1228, 37, 8.47%, 0, 0, 3, 11.79
1747824467, 0, 508, 1230, 1228, 37, 8.47%, 0, 0, 3, 12.75
1747824472, 0, 509, 1230, 1228, 37, 8.47%, 0, 0, 3, 12.89
1747824477, 0, 512, 1230, 1228, 37, 8.47%, 0, 0, 3, 13.30
1747824482, 0, 513, 1230, 1228, 37, 8.47%, 0, 0, 3, 12.33
1747824487, 0, 514, 1230, 1228, 37, 8.47%, 0, 0, 3, 11.40
1747824492, 0, 515, 1230, 1228, 37, 8.47%, 0, 0, 3, 11.02
1747824497, 0, 516, 1230, 1228, 37, 8.47%, 0, 0, 3, 11.41
1747824503, 0, 519, 1230, 1228, 37, 8.47%, 0, 0, 3, 12.49
1747824508, 0, 520, 1230, 1228, 37, 8.47%, 0, 0, 3, 12.45
1747824513, 0, 522, 1230, 1228, 37, 8.47%, 0, 0, 3, 11.85
1747824518, 0, 523, 1230, 1228, 37, 8.47%, 0, 0, 3, 12.61
1747824523, 0, 524, 1231, 1229, 37, 8.47%, 0, 0, 3, 12.55
1747824528, 0, 525, 1231, 1229, 37, 8.47%, 0, 0, 3, 12.90
1747824533, 0, 526, 1231, 1229, 37, 8.47%, 0, 0, 3, 12.16
1747824539, 0, 527, 1231, 1229, 37, 8.47%, 0, 0, 3, 11.93
1747824544, 0, 528, 1231, 1229, 37, 8.47%, 0, 0, 3, 12.17
1747824549, 0, 530, 1231, 1229, 37, 8.47%, 0, 0, 3, 12.71
1747824554, 0, 531, 1231, 1229, 37, 8.47%, 0, 0, 3, 12.55
1747824559, 0, 532, 1231, 1229, 37, 8.47%, 0, 0, 3, 12.59
1747824564, 0, 533, 1231, 1229, 37, 8.47%, 0, 0, 3, 12.52
1747824570, 0, 536, 1231, 1229, 37, 8.47%, 0, 0, 3, 12.89
1747824575, 0, 537, 1231, 1229, 37, 8.47%, 0, 0, 3, 12.42
1747824580, 0, 538, 1231, 1229, 37, 8.47%, 0, 0, 3, 12.19
1747824585, 0, 539, 1231, 1229, 37, 8.47%, 0, 0, 3, 12.87
1747824590, 0, 541, 1231, 1229, 37, 8.47%, 0, 0, 3, 12.56
1747824595, 0, 542, 1231, 1229, 37, 8.47%, 0, 0, 3, 12.53
1747824600, 0, 543, 1231, 1229, 37, 8.47%, 0, 0, 3, 12.63
1747824605, 0, 544, 1231, 1229, 37, 8.47%, 0, 0, 3, 12.73
1747824610, 0, 545, 1231, 1229, 37, 8.47%, 0, 0, 3, 16.92
1747826549, 0, 546, 1231, 1228, 37, 8.47%, 0, 0, 3, 28.20
1747826554, 0, 549, 1231, 1228, 37, 8.47%, 0, 0, 3, 23.62
1747826559, 0, 551, 1231, 1228, 37, 8.47%, 0, 0, 3, 21.84
1747826564, 0, 553, 1231, 1228, 37, 8.47%, 0, 0, 3, 21.36
1747826570, 0, 556, 1231, 1228, 37, 8.47%, 0, 0, 3, 21.13
1747826575, 0, 558, 1231, 1228, 37, 8.47%, 0, 0, 3, 21.15
1747826580, 0, 564, 1231, 1228, 37, 8.47%, 0, 0, 3, 21.11
1747826585, 0, 564, 1232, 1229, 37, 8.47%, 0, 0, 3, 20.70
1747826590, 0, 566, 1232, 1229, 37, 8.47%, 0, 0, 3, 21.13
1747826595, 0, 570, 1232, 1229, 37, 8.47%, 0, 0, 3, 21.72
1747826600, 0, 574, 1232, 1229, 37, 8.47%, 0, 0, 3, 20.59
1747826605, 0, 577, 1233, 1230, 37, 8.47%, 0, 0, 3, 20.30
1747826610, 0, 578, 1233, 1230, 37, 8.47%, 0, 0, 3, 21.09
1747826616, 0, 580, 1233, 1230, 37, 8.47%, 0, 0, 3, 21.69
1747826621, 0, 584, 1233, 1230, 37, 8.47%, 0, 0, 3, 21.94
1747826626, 0, 586, 1233, 1230, 37, 8.47%, 0, 0, 3, 21.47
1747826631, 0, 588, 1233, 1230, 37, 8.47%, 0, 0, 3, 21.34
1747826636, 0, 590, 1233, 1230, 37, 8.47%, 0, 0, 3, 20.45
1747826641, 0, 594, 1233, 1230, 37, 8.47%, 0, 0, 3, 20.66
1747826647, 0, 598, 1233, 1230, 37, 8.47%, 0, 0, 3, 21.80
1747826652, 0, 600, 1233, 1230, 37, 8.47%, 0, 0, 3, 21.58
1747826657, 0, 603, 1233, 1230, 37, 8.47%, 0, 0, 3, 21.33
1747826662, 0, 605, 1233, 1230, 37, 8.47%, 0, 0, 3, 21.47
1747826667, 0, 607, 1233, 1230, 37, 8.47%, 0, 0, 3, 21.25
1747826672, 0, 609, 1233, 1230, 37, 8.47%, 0, 0, 3, 19.93
1747826677, 0, 611, 1233, 1230, 37, 8.47%, 0, 0, 3, 20.69
1747826682, 0, 616, 1233, 1230, 37, 8.47%, 0, 0, 3, 19.62
1747826687, 0, 617, 1234, 1231, 37, 8.47%, 0, 0, 3, 19.92
1747826692, 0, 619, 1234, 1231, 37, 8.47%, 0, 0, 3, 20.42
1747826697, 0, 624, 1234, 1231, 37, 8.47%, 0, 0, 3, 19.85
1747826703, 0, 625, 1235, 1232, 37, 8.47%, 0, 0, 3, 19.77
1747826708, 0, 627, 1235, 1232, 37, 8.47%, 0, 0, 3, 21.68
1747826713, 0, 629, 1235, 1232, 37, 8.47%, 0, 0, 3, 20.97
1747826718, 0, 631, 1235, 1232, 37, 8.47%, 0, 0, 3, 20.61
1747826723, 0, 635, 1236, 1233, 37, 8.47%, 0, 0, 3, 20.31
1747826728, 0, 636, 1236, 1233, 37, 8.47%, 0, 0, 3, 19.27
1747826733, 0, 636, 1238, 1235, 37, 8.47%, 0, 0, 3, 18.77
1747826738, 0, 636, 1239, 1236, 37, 8.47%, 0, 0, 3, 19.09
1747826748, 0, 636, 1240, 1237, 37, 8.47%, 0, 0, 3, 19.61
1747826753, 0, 636, 1241, 1238, 37, 8.47%, 0, 0, 3, 19.51
1747826774, 0, 636, 1242, 1239, 37, 8.47%, 0, 0, 3, 19.28
1747826784, 0, 636, 1243, 1240, 37, 8.47%, 0, 0, 3, 18.84
1747826804, 0, 636, 1244, 1241, 37, 8.47%, 0, 0, 3, 18.64
1747826820, 0, 639, 1245, 1242, 35, 8.47%, 0, 0, 3, 18.97
1747826825, 0, 640, 1245, 1242, 35, 8.47%, 0, 0, 3, 20.12
1747826830, 0, 641, 1246, 1243, 35, 8.47%, 0, 0, 3, 19.17
1747826835, 0, 643, 1246, 1243, 35, 8.47%, 0, 0, 3, 20.15
1747826840, 0, 645, 1246, 1243, 35, 8.47%, 0, 0, 3, 20.98
1747826845, 0, 647, 1246, 1243, 35, 8.47%, 0, 0, 3, 19.33
1747826850, 0, 650, 1246, 1243, 35, 8.47%, 0, 0, 3, 20.89
1747826856, 0, 652, 1246, 1243, 35, 8.47%, 0, 0, 3, 21.34
1747826861, 0, 654, 1246, 1243, 35, 8.47%, 0, 0, 3, 19.91
1747826866, 0, 656, 1246, 1243, 35, 8.47%, 0, 0, 3, 20.29
1747826871, 0, 660, 1246, 1243, 35, 8.47%, 0, 0, 3, 20.24
1747826876, 0, 663, 1246, 1243, 35, 8.47%, 0, 0, 3, 20.55
1747826881, 0, 664, 1247, 1244, 35, 8.47%, 0, 0, 3, 19.82
1747826886, 0, 666, 1247, 1244, 35, 8.47%, 0, 0, 3, 20.50
1747826891, 0, 669, 1247, 1244, 35, 8.47%, 0, 0, 3, 20.25
1747826896, 0, 671, 1247, 1244, 35, 8.47%, 0, 0, 3, 24.01
1747828392, 0, 672, 1247, 1243, 35, 8.47%, 0, 0, 3, 13.71
1747828397, 0, 676, 1247, 1243, 35, 8.47%, 0, 0, 3, 12.21
1747828402, 0, 677, 1247, 1243, 35, 8.47%, 0, 0, 3, 12.17
1747828407, 0, 679, 1247, 1243, 35, 8.47%, 0, 0, 3, 12.54
1747828413, 0, 681, 1249, 1245, 35, 8.47%, 0, 0, 3, 13.02
1747828428, 0, 683, 1249, 1245, 35, 8.47%, 0, 0, 3, 12.30
1747828433, 0, 684, 1249, 1245, 35, 8.47%, 0, 0, 3, 12.01
1747828438, 0, 685, 1249, 1245, 35, 8.47%, 0, 0, 3, 12.40
1747828443, 0, 688, 1250, 1246, 35, 8.47%, 0, 0, 3, 11.92
1747828453, 0, 689, 1250, 1246, 35, 8.47%, 0, 0, 3, 12.70
1747828459, 0, 690, 1250, 1246, 35, 8.47%, 0, 0, 3, 12.55
1747828464, 0, 693, 1250, 1246, 35, 8.47%, 0, 0, 3, 12.76
1747828469, 0, 697, 1250, 1246, 35, 8.47%, 0, 0, 3, 12.51
1747828474, 0, 698, 1250, 1246, 35, 8.47%, 0, 0, 3, 11.68
1747828479, 0, 699, 1250, 1246, 35, 8.47%, 0, 0, 3, 12.49
1747828484, 0, 701, 1250, 1246, 35, 8.47%, 0, 0, 3, 12.27
1747828489, 0, 703, 1250, 1246, 35, 8.47%, 0, 0, 3, 12.66
1747828494, 0, 705, 1250, 1246, 35, 8.47%, 0, 0, 3, 12.06
1747828500, 0, 707, 1250, 1246, 35, 8.47%, 0, 0, 3, 12.02
1747828505, 0, 708, 1251, 1247, 35, 8.47%, 0, 0, 3, 11.06
1747828515, 0, 709, 1251, 1247, 35, 8.47%, 0, 0, 3, 12.10
1747828520, 0, 712, 1251, 1247, 35, 8.47%, 0, 0, 3, 12.31
1747828525, 0, 713, 1251, 1247, 35, 8.47%, 0, 0, 3, 11.68
1747828531, 0, 714, 1251, 1247, 35, 8.47%, 0, 0, 3, 12.12
1747828536, 0, 716, 1251, 1247, 35, 8.47%, 0, 0, 3, 11.60
1747828541, 0, 717, 1251, 1247, 35, 8.47%, 0, 0, 3, 12.42
1747828546, 0, 719, 1251, 1247, 35, 8.47%, 0, 0, 3, 12.32
1747828551, 0, 719, 1252, 1248, 35, 8.47%, 0, 0, 3, 11.53
1747828556, 0, 720, 1252, 1248, 35, 8.47%, 0, 0, 3, 11.55
1747828561, 0, 721, 1252, 1248, 35, 8.47%, 0, 0, 3, 11.53
1747828566, 0, 722, 1252, 1248, 35, 8.47%, 0, 0, 3, 11.89
1747828572, 0, 723, 1252, 1248, 35, 8.47%, 0, 0, 3, 11.37
1747828577, 0, 727, 1252, 1248, 35, 8.47%, 0, 0, 3, 12.35
1747828582, 0, 728, 1252, 1248, 35, 8.47%, 0, 0, 3, 12.02
1747828587, 0, 728, 1253, 1249, 35, 8.47%, 0, 0, 3, 11.24
1747828592, 0, 729, 1253, 1249, 35, 8.47%, 0, 0, 3, 11.47
1747828597, 0, 730, 1253, 1249, 35, 8.47%, 0, 0, 3, 12.23
1747828602, 0, 731, 1253, 1249, 35, 8.47%, 0, 0, 3, 12.70
1747828607, 0, 733, 1253, 1249, 35, 8.47%, 0, 0, 3, 12.59
1747828613, 0, 735, 1253, 1249, 35, 8.47%, 0, 0, 3, 11.77
1747828618, 0, 736, 1253, 1249, 35, 8.47%, 0, 0, 3, 12.89
1747828623, 0, 738, 1253, 1249, 35, 8.47%, 0, 0, 3, 12.06
1747828628, 0, 741, 1253, 1249, 35, 8.47%, 0, 0, 3, 12.64
1747828633, 0, 742, 1253, 1249, 35, 8.47%, 0, 0, 3, 12.26
1747828638, 0, 743, 1254, 1250, 35, 8.47%, 0, 0, 3, 10.87
1747828648, 0, 746, 1254, 1250, 35, 8.47%, 0, 0, 3, 11.70
1747828653, 0, 748, 1254, 1250, 35, 8.47%, 0, 0, 3, 12.21
1747828659, 0, 749, 1254, 1250, 35, 8.47%, 0, 0, 3, 12.17
1747828664, 0, 751, 1254, 1250, 35, 8.47%, 0, 0, 3, 11.66
1747828669, 0, 752, 1254, 1250, 35, 8.47%, 0, 0, 3, 11.65
1747828674, 0, 753, 1254, 1250, 35, 8.47%, 0, 0, 3, 11.96
1747828679, 0, 754, 1254, 1250, 35, 8.47%, 0, 0, 3, 12.38
1747828684, 0, 755, 1254, 1250, 35, 8.47%, 0, 0, 3, 11.64
1747828689, 0, 757, 1254, 1250, 35, 8.47%, 0, 0, 3, 12.19
1747828695, 0, 758, 1254, 1250, 35, 8.47%, 0, 0, 3, 12.13
1747828700, 0, 759, 1254, 1250, 35, 8.47%, 0, 0, 3, 12.48
1747828705, 0, 760, 1254, 1250, 35, 8.47%, 0, 0, 3, 11.42
1747828710, 0, 762, 1254, 1250, 35, 8.47%, 0, 0, 3, 11.58
1747828715, 0, 764, 1254, 1250, 35, 8.47%, 0, 0, 3, 10.94
1747828720, 0, 766, 1254, 1250, 35, 8.47%, 0, 0, 3, 12.38
1747828725, 0, 767, 1254, 1250, 35, 8.47%, 0, 0, 3, 12.81
1747828731, 0, 768, 1254, 1250, 35, 8.47%, 0, 0, 3, 12.63
1747828736, 0, 770, 1254, 1250, 35, 8.47%, 0, 0, 3, 12.15
1747828741, 0, 770, 1255, 1251, 35, 8.47%, 0, 0, 3, 12.25
1747828746, 0, 771, 1255, 1251, 35, 8.47%, 0, 0, 3, 11.55
1747828751, 0, 772, 1255, 1251, 35, 8.47%, 0, 0, 3, 11.27
1747828756, 0, 773, 1255, 1251, 35, 8.47%, 0, 0, 3, 11.57
1747828761, 0, 774, 1255, 1251, 35, 8.47%, 0, 0, 3, 12.25
1747828766, 0, 776, 1255, 1251, 35, 8.47%, 0, 0, 3, 12.22
1747828772, 0, 776, 1256, 1252, 35, 8.47%, 0, 0, 3, 11.19
1747828777, 0, 777, 1256, 1252, 35, 8.47%, 0, 0, 3, 11.01
1747828782, 0, 778, 1256, 1252, 35, 8.47%, 0, 0, 3, 12.34
1747828787, 0, 779, 1256, 1252, 35, 8.47%, 0, 0, 3, 11.94
1747828792, 0, 780, 1256, 1252, 35, 8.47%, 0, 0, 3, 12.27
1747828797, 0, 782, 1256, 1252, 35, 8.47%, 0, 0, 3, 12.75
1747828802, 0, 784, 1256, 1252, 35, 8.47%, 0, 0, 3, 11.18
1747828808, 0, 785, 1256, 1252, 35, 8.47%, 0, 0, 3, 12.16
1747828813, 0, 786, 1256, 1252, 35, 8.47%, 0, 0, 3, 12.91
1747828818, 0, 788, 1256, 1252, 35, 8.47%, 0, 0, 3, 12.76
1747828823, 0, 789, 1256, 1252, 35, 8.47%, 0, 0, 3, 12.15
1747828828, 0, 790, 1256, 1252, 35, 8.47%, 0, 0, 3, 13.21
1747828833, 0, 791, 1258, 1254, 35, 8.47%, 0, 0, 3, 11.08
1747828854, 0, 793, 1258, 1254, 35, 8.47%, 0, 0, 3, 11.90
1747828859, 0, 794, 1260, 1256, 35, 8.62%, 0, 0, 3, 11.20
1747828864, 0, 794, 1261, 1257, 35, 8.62%, 0, 0, 3, 10.68
1747828894, 0, 796, 1262, 1258, 33, 8.62%, 0, 0, 3, 11.66
1747828905, 0, 797, 1262, 1258, 34, 8.62%, 0, 0, 3, 12.54
1747828910, 0, 801, 1262, 1258, 34, 8.62%, 0, 0, 3, 12.68
1747828915, 0, 802, 1262, 1258, 34, 8.62%, 0, 0, 3, 12.65
1747828920, 0, 803, 1262, 1258, 34, 8.62%, 0, 0, 3, 12.63
1747828925, 0, 805, 1262, 1258, 34, 8.62%, 0, 0, 3, 13.28
1747828930, 0, 806, 1262, 1258, 34, 8.62%, 0, 0, 3, 11.78
1747828935, 0, 806, 1262, 1258, 34, 8.62%, 0, 1, 3, 16.39
1747828940, 0, 809, 1262, 1258, 34, 8.62%, 0, 1, 3, 13.68
1747828945, 0, 811, 1262, 1258, 34, 8.62%, 0, 1, 3, 12.15
1747828951, 0, 813, 1263, 1259, 34, 8.62%, 0, 1, 3, 11.67
1747828956, 0, 813, 1264, 1260, 34, 8.64%, 0, 1, 3, 10.86
1747828971, 0, 814, 1264, 1260, 34, 8.64%, 0, 1, 3, 11.77
1747828976, 0, 816, 1264, 1260, 34, 8.64%, 0, 1, 3, 12.14
1747828981, 0, 819, 1264, 1260, 34, 8.64%, 0, 1, 3, 12.58
1747828986, 0, 823, 1264, 1260, 34, 8.64%, 0, 1, 3, 12.44
1747828991, 0, 824, 1264, 1260, 34, 8.64%, 0, 1, 3, 12.36
1747828997, 0, 825, 1264, 1260, 34, 8.64%, 0, 1, 3, 12.28
1747829002, 0, 827, 1264, 1260, 34, 8.64%, 0, 1, 3, 12.56
1747829007, 0, 828, 1264, 1260, 34, 8.64%, 0, 1, 3, 11.09
1747829012, 0, 830, 1264, 1260, 34, 8.64%, 0, 1, 3, 10.69
1747829017, 0, 831, 1264, 1260, 34, 8.64%, 0, 1, 3, 12.56
1747829022, 0, 832, 1264, 1260, 34, 8.64%, 0, 1, 3, 12.79
1747829027, 0, 833, 1264, 1260, 34, 8.64%, 0, 1, 3, 11.93
1747829033, 0, 835, 1265, 1261, 34, 8.64%, 0, 1, 3, 12.23
1747829038, 0, 837, 1265, 1261, 34, 8.64%, 0, 1, 3, 12.97
1747829043, 0, 840, 1265, 1261, 34, 8.64%, 0, 1, 3, 11.79
1747829048, 0, 841, 1265, 1261, 34, 8.64%, 0, 1, 3, 11.46
1747829053, 0, 843, 1265, 1261, 34, 8.64%, 0, 1, 3, 12.05
1747829058, 0, 844, 1265, 1261, 34, 8.64%, 0, 1, 3, 11.06
1747829064, 0, 846, 1265, 1261, 34, 8.64%, 0, 1, 3, 12.40
1747829069, 0, 847, 1265, 1261, 34, 8.64%, 0, 1, 3, 11.57
1747829074, 0, 848, 1265, 1261, 34, 8.64%, 0, 1, 3, 10.75
1747829079, 0, 849, 1265, 1261, 34, 8.64%, 0, 1, 3, 11.34
1747829084, 0, 851, 1265, 1261, 34, 8.64%, 0, 1, 3, 12.19
1747829089, 0, 852, 1265, 1261, 34, 8.64%, 0, 1, 3, 12.68
1747829094, 0, 854, 1266, 1262, 34, 8.64%, 0, 1, 3, 11.91
1747829099, 0, 854, 1267, 1263, 34, 8.64%, 0, 1, 3, 11.45
1747829115, 0, 855, 1267, 1263, 34, 8.64%, 0, 1, 3, 11.66
1747829120, 0, 856, 1267, 1263, 34, 8.64%, 0, 1, 3, 12.58
1747829125, 0, 857, 1267, 1263, 34, 8.64%, 0, 1, 3, 12.70
1747829130, 0, 859, 1267, 1263, 34, 8.64%, 0, 1, 3, 11.95
1747829135, 0, 860, 1267, 1263, 34, 8.64%, 0, 1, 3, 10.88
1747829140, 0, 861, 1267, 1263, 34, 8.64%, 0, 1, 3, 11.45
1747829146, 0, 862, 1267, 1263, 34, 8.64%, 0, 1, 3, 10.79
1747829151, 0, 862, 1268, 1264, 34, 8.64%, 0, 1, 3, 10.09
1747829156, 0, 863, 1268, 1264, 34, 8.64%, 0, 1, 3, 11.37
1747829161, 0, 865, 1268, 1264, 34, 8.64%, 0, 1, 3, 12.41
1747829166, 0, 866, 1268, 1264, 34, 8.64%, 0, 1, 3, 15.89
1747832266, 0, 867, 1268, 1263, 33, 8.64%, 0, 1, 3, 12.88
1747832271, 0, 869, 1269, 1264, 33, 8.64%, 0, 1, 3, 11.28
1747832276, 0, 869, 1270, 1265, 33, 8.64%, 0, 1, 3, 10.77
1747832281, 0, 869, 1271, 1266, 33, 8.64%, 0, 1, 3, 10.38
1747832291, 0, 869, 1272, 1267, 33, 8.64%, 0, 1, 3, 10.03
1747832307, 0, 869, 1273, 1268, 33, 8.64%, 0, 1, 3, 10.21
1747832348, 0, 869, 1274, 1269, 33, 8.64%, 0, 1, 3, 10.28
1747832378, 0, 869, 1275, 1270, 33, 8.64%, 0, 1, 3, 10.06
1747832388, 0, 869, 1276, 1271, 33, 8.64%, 0, 1, 3, 10.05
1747832429, 0, 869, 1277, 1272, 33, 8.64%, 0, 1, 3, 10.36
1747832435, 0, 870, 1277, 1272, 33, 8.64%, 0, 1, 3, 10.52
1747832440, 0, 871, 1277, 1272, 33, 8.64%, 0, 1, 3, 10.04
1747832445, 0, 873, 1277, 1272, 33, 8.64%, 0, 1, 3, 11.69
1747832450, 0, 873, 1278, 1273, 33, 8.64%, 0, 1, 3, 10.57
1747832455, 0, 874, 1278, 1273, 33, 8.64%, 0, 1, 3, 10.24
1747832460, 0, 874, 1279, 1274, 33, 8.64%, 0, 1, 3, 10.95
1747832465, 0, 876, 1279, 1274, 33, 8.64%, 0, 1, 3, 11.29
1747832471, 0, 877, 1279, 1274, 33, 8.64%, 0, 1, 3, 10.63
1747832476, 0, 878, 1279, 1274, 33, 8.64%, 0, 1, 3, 12.22
1747832481, 0, 879, 1279, 1274, 33, 8.64%, 0, 1, 3, 12.57
1747832486, 0, 881, 1279, 1274, 33, 8.64%, 0, 1, 3, 13.05
1747832491, 0, 882, 1279, 1274, 33, 8.64%, 0, 1, 3, 12.96
1747832496, 0, 883, 1279, 1274, 33, 8.64%, 0, 1, 3, 12.28
1747832502, 0, 884, 1280, 1275, 33, 8.64%, 0, 1, 3, 11.98
1747832512, 0, 886, 1280, 1275, 33, 8.64%, 0, 1, 3, 11.98
1747832517, 0, 887, 1280, 1275, 33, 8.64%, 0, 1, 3, 12.47
1747832522, 0, 890, 1280, 1275, 33, 8.64%, 0, 1, 3, 13.08
1747832527, 0, 891, 1280, 1275, 33, 8.64%, 0, 1, 3, 11.82
1747832532, 0, 891, 1281, 1276, 33, 8.64%, 0, 1, 3, 11.27
1747832537, 0, 894, 1282, 1277, 33, 8.64%, 0, 1, 3, 10.71
1747832548, 0, 895, 1282, 1277, 33, 8.64%, 0, 1, 3, 10.71
1747832553, 0, 896, 1282, 1277, 33, 8.64%, 0, 1, 3, 10.66
1747832558, 0, 898, 1282, 1277, 33, 8.64%, 0, 1, 3, 12.15
1747832563, 0, 899, 1282, 1277, 33, 8.64%, 0, 1, 3, 11.91
1747832568, 0, 900, 1282, 1277, 33, 8.64%, 0, 1, 3, 11.97
1747832573, 0, 901, 1282, 1277, 33, 8.64%, 0, 1, 3, 12.40
1747832579, 0, 902, 1282, 1277, 33, 8.64%, 0, 1, 3, 11.42
1747832584, 0, 907, 1282, 1277, 33, 8.64%, 0, 1, 3, 11.15
1747832589, 0, 909, 1282, 1277, 33, 8.64%, 0, 1, 3, 11.48
1747832594, 0, 910, 1282, 1277, 33, 8.64%, 0, 1, 3, 11.98
1747832599, 0, 911, 1282, 1277, 33, 8.64%, 0, 1, 3, 11.27
1747832604, 0, 913, 1282, 1277, 33, 8.64%, 0, 1, 3, 12.49
1747832609, 0, 915, 1282, 1277, 33, 8.64%, 0, 1, 3, 12.23
1747832615, 0, 916, 1282, 1277, 33, 8.64%, 0, 1, 3, 11.42
1747832620, 0, 916, 1283, 1278, 33, 8.64%, 0, 1, 3, 11.28
1747832625, 0, 917, 1283, 1278, 33, 8.64%, 0, 1, 3, 10.58
1747832630, 0, 918, 1283, 1278, 33, 8.64%, 0, 1, 3, 11.39
1747832635, 0, 919, 1283, 1278, 33, 8.64%, 0, 1, 3, 12.52
1747832640, 0, 921, 1283, 1278, 33, 8.64%, 0, 1, 3, 12.93
1747832645, 0, 924, 1283, 1278, 33, 8.64%, 0, 1, 3, 12.84
1747832651, 0, 925, 1283, 1278, 33, 8.64%, 0, 1, 3, 12.77
1747832656, 0, 926, 1283, 1278, 33, 8.64%, 0, 1, 3, 12.60
1747832661, 0, 928, 1283, 1278, 33, 8.64%, 0, 1, 3, 13.03
1747832722, 0, 928, 1284, 1279, 33, 8.64%, 0, 1, 3, 13.39
1747836464, 0, 930, 1284, 1278, 30, 8.64%, 0, 1, 3, 22.25
1747836469, 0, 934, 1284, 1278, 30, 8.64%, 0, 1, 3, 19.82
1747836474, 0, 937, 1284, 1278, 30, 8.64%, 0, 1, 3, 20.00
1747836480, 0, 939, 1284, 1278, 30, 8.64%, 0, 1, 3, 20.41
1747836485, 0, 941, 1284, 1278, 30, 8.64%, 0, 1, 3, 19.41
1747836490, 0, 944, 1284, 1278, 30, 8.64%, 0, 1, 3, 20.75
1747836495, 0, 952, 1284, 1278, 30, 8.64%, 0, 1, 3, 19.68
1747836500, 0, 954, 1284, 1278, 30, 8.64%, 0, 1, 3, 19.33
1747836505, 0, 956, 1284, 1278, 30, 8.64%, 0, 1, 3, 18.41
1747836510, 0, 956, 1285, 1279, 30, 8.64%, 0, 1, 3, 18.48
1747836515, 0, 959, 1285, 1279, 29, 8.64%, 0, 1, 3, 19.03
1747836520, 0, 961, 1285, 1279, 29, 8.64%, 0, 1, 3, 19.38
1747836525, 0, 963, 1285, 1279, 29, 8.64%, 0, 1, 3, 21.03
1747836530, 0, 966, 1285, 1279, 29, 8.64%, 0, 1, 3, 20.84
1747836535, 0, 966, 1286, 1280, 29, 8.64%, 0, 1, 3, 18.09
1747836541, 0, 968, 1286, 1280, 29, 8.64%, 0, 1, 3, 19.19
1747836546, 0, 970, 1286, 1280, 29, 8.64%, 0, 1, 3, 19.24
1747836551, 0, 972, 1286, 1280, 29, 8.64%, 0, 1, 3, 20.94
1747836556, 0, 974, 1286, 1280, 29, 8.64%, 0, 1, 3, 19.43
1747836561, 0, 976, 1286, 1280, 29, 8.64%, 0, 1, 3, 19.71
1747836566, 0, 979, 1286, 1280, 29, 8.64%, 0, 1, 3, 21.83
1747836572, 0, 981, 1286, 1280, 29, 8.64%, 0, 1, 3, 19.92
1747836577, 0, 983, 1286, 1280, 29, 8.64%, 0, 1, 3, 21.30
1747836582, 0, 986, 1287, 1281, 29, 8.64%, 0, 1, 3, 20.15
1747836587, 0, 988, 1287, 1281, 29, 8.64%, 0, 1, 3, 20.61
1747836592, 0, 990, 1287, 1281, 29, 8.64%, 0, 1, 3, 20.97
1747836597, 0, 993, 1287, 1281, 29, 8.64%, 0, 1, 3, 21.74
1747836602, 0, 995, 1287, 1281, 29, 8.64%, 0, 1, 3, 19.40
1747836607, 0, 997, 1287, 1281, 29, 8.64%, 0, 1, 3, 20.51
1747836613, 0, 999, 1287, 1281, 29, 8.64%, 0, 1, 3, 19.82
1747836618, 0, 1001, 1287, 1281, 29, 8.64%, 0, 1, 3, 19.85
1747836623, 0, 1002, 1287, 1281, 29, 8.64%, 0, 1, 3, 18.61
1747836628, 0, 1004, 1287, 1281, 29, 8.64%, 0, 1, 3, 20.39
1747836633, 0, 1006, 1287, 1281, 29, 8.64%, 0, 1, 3, 20.08
1747836638, 0, 1008, 1287, 1281, 29, 8.64%, 0, 1, 3, 19.64
1747836643, 0, 1010, 1287, 1281, 29, 8.64%, 0, 1, 3, 19.51
1747836648, 0, 1013, 1287, 1281, 29, 8.64%, 0, 1, 3, 21.86
1747836653, 0, 1014, 1287, 1281, 29, 8.64%, 0, 1, 3, 20.72
1747836659, 0, 1016, 1287, 1281, 29, 8.64%, 0, 1, 3, 19.38
1747836664, 0, 1018, 1287, 1281, 29, 8.64%, 0, 1, 3, 18.89
1747836669, 0, 1024, 1287, 1281, 29, 8.64%, 0, 1, 3, 20.91
1747836674, 0, 1026, 1287, 1281, 29, 8.64%, 0, 1, 3, 20.92
1747836679, 0, 1028, 1287, 1281, 29, 8.64%, 0, 1, 3, 18.85
1747836684, 0, 1029, 1287, 1281, 29, 8.64%, 0, 1, 3, 19.69
1747836689, 0, 1031, 1287, 1281, 29, 8.64%, 0, 1, 3, 19.03
1747836695, 0, 1033, 1287, 1281, 29, 8.64%, 0, 1, 3, 20.08
1747836700, 0, 1036, 1287, 1281, 29, 8.64%, 0, 1, 3, 18.86
1747836705, 0, 1038, 1287, 1281, 29, 8.64%, 0, 1, 3, 17.99
1747836710, 0, 1041, 1287, 1281, 29, 8.64%, 0, 1, 3, 19.85
1747836715, 0, 1043, 1287, 1281, 29, 8.64%, 0, 1, 3, 21.00
1747836720, 0, 1045, 1287, 1281, 29, 8.64%, 0, 1, 3, 19.94
1747836725, 0, 1048, 1287, 1281, 29, 8.64%, 0, 1, 3, 19.61
1747836730, 0, 1050, 1287, 1281, 29, 8.64%, 0, 1, 3, 18.67
1747836736, 0, 1053, 1287, 1281, 29, 8.64%, 0, 1, 3, 21.01
1747836741, 0, 1056, 1287, 1281, 29, 8.64%, 0, 1, 3, 19.69
1747836746, 0, 1057, 1288, 1282, 29, 8.64%, 0, 1, 3, 19.68
1747836751, 0, 1060, 1288, 1282, 29, 8.64%, 0, 1, 3, 20.11
1747836756, 0, 1063, 1288, 1282, 29, 8.64%, 0, 1, 3, 21.36
1747836761, 0, 1065, 1288, 1282, 29, 8.64%, 0, 1, 3, 20.97
1747836766, 0, 1067, 1288, 1282, 29, 8.64%, 0, 1, 3, 21.27
1747836771, 0, 1070, 1288, 1282, 29, 8.64%, 0, 1, 3, 19.98
1747836777, 0, 1074, 1288, 1282, 29, 8.64%, 0, 1, 3, 21.34
1747836782, 0, 1077, 1288, 1282, 29, 8.64%, 0, 1, 3, 19.88
1747836787, 0, 1079, 1288, 1282, 29, 8.64%, 0, 1, 3, 20.63
1747836792, 0, 1081, 1288, 1282, 29, 8.64%, 0, 1, 3, 20.17
1747836797, 0, 1083, 1288, 1282, 29, 8.64%, 0, 1, 3, 20.46
1747836802, 0, 1085, 1288, 1282, 29, 8.64%, 0, 1, 3, 20.98
1747836807, 0, 1088, 1288, 1282, 29, 8.64%, 0, 1, 3, 21.03
1747836812, 0, 1092, 1288, 1282, 29, 8.64%, 0, 1, 3, 20.15
1747836817, 0, 1094, 1288, 1282, 29, 8.64%, 0, 1, 3, 20.47
1747836822, 0, 1097, 1288, 1282, 29, 8.64%, 0, 1, 3, 21.50
1747836828, 0, 1099, 1288, 1282, 29, 8.64%, 0, 1, 3, 20.42
1747836833, 0, 1100, 1289, 1283, 29, 8.64%, 0, 1, 3, 19.10
1747836838, 0, 1102, 1289, 1283, 29, 8.64%, 0, 1, 3, 18.16
1747836843, 0, 1102, 1290, 1284, 29, 8.64%, 0, 1, 3, 18.46
1747836848, 0, 1104, 1290, 1284, 29, 8.64%, 0, 1, 3, 20.50
1747836853, 0, 1105, 1291, 1285, 29, 8.64%, 0, 1, 3, 19.00
1747836858, 0, 1105, 1292, 1286, 29, 8.64%, 0, 1, 3, 18.25
1747836863, 0, 1107, 1292, 1286, 28, 8.64%, 0, 1, 3, 19.18
1747836868, 0, 1107, 1293, 1287, 28, 8.64%, 0, 1, 3, 17.96
1747836873, 0, 1107, 1294, 1288, 28, 8.64%, 0, 1, 3, 18.70
1747836879, 0, 1110, 1294, 1288, 29, 8.64%, 0, 1, 3, 18.29
1747836884, 0, 1112, 1294, 1288, 29, 8.64%, 0, 1, 3, 18.98
1747836889, 0, 1115, 1294, 1288, 29, 8.64%, 0, 1, 3, 19.35
1747836894, 0, 1116, 1294, 1288, 29, 8.64%, 0, 1, 3, 17.81
1747836899, 0, 1119, 1294, 1288, 29, 8.64%, 0, 1, 3, 20.50
1747836904, 0, 1121, 1294, 1288, 29, 8.64%, 0, 1, 3, 21.45
1747836909, 0, 1123, 1294, 1288, 29, 8.64%, 0, 1, 3, 20.29
1747836914, 0, 1123, 1295, 1289, 29, 8.64%, 0, 1, 3, 18.45
1747836919, 0, 1126, 1295, 1289, 29, 8.64%, 0, 1, 3, 18.39
1747836924, 0, 1129, 1295, 1289, 29, 8.64%, 0, 1, 3, 19.61
1747836929, 0, 1131, 1295, 1289, 29, 8.64%, 0, 1, 3, 20.54
1747836935, 0, 1133, 1295, 1289, 29, 8.64%, 0, 1, 3, 20.60
1747836940, 0, 1135, 1295, 1289, 29, 8.64%, 0, 1, 3, 19.68
1747836945, 0, 1137, 1295, 1289, 29, 8.64%, 0, 1, 3, 20.97
1747836950, 0, 1140, 1295, 1289, 29, 8.64%, 0, 1, 3, 20.71
1747836955, 0, 1140, 1296, 1290, 29, 8.64%, 0, 1, 3, 18.31
1747836960, 0, 1143, 1296, 1290, 29, 8.64%, 0, 1, 3, 19.16
1747836966, 0, 1145, 1296, 1290, 29, 8.64%, 0, 1, 3, 18.28
1747836971, 0, 1147, 1296, 1290, 29, 8.64%, 0, 1, 3, 19.06
1747836976, 0, 1150, 1296, 1290, 29, 8.64%, 0, 1, 3, 20.39
1747836981, 0, 1152, 1296, 1290, 29, 8.64%, 0, 1, 3, 20.96
1747836986, 0, 1156, 1296, 1290, 29, 8.64%, 0, 1, 3, 19.86
1747836991, 0, 1157, 1297, 1291, 29, 8.64%, 0, 1, 3, 21.60
1747836996, 0, 1158, 1298, 1292, 29, 8.64%, 0, 1, 3, 20.41
1747837001, 0, 1160, 1298, 1292, 31, 8.64%, 0, 1, 3, 20.75
1747837006, 0, 1164, 1298, 1292, 31, 8.64%, 0, 1, 3, 20.18
1747837011, 0, 1166, 1298, 1292, 31, 8.64%, 0, 1, 3, 18.44
1747837016, 0, 1167, 1299, 1293, 31, 8.64%, 0, 1, 3, 18.10
1747837021, 0, 1169, 1299, 1293, 31, 8.64%, 0, 1, 3, 17.86
1747837026, 0, 1171, 1299, 1293, 31, 8.64%, 0, 1, 3, 20.28
1747837032, 0, 1174, 1299, 1293, 31, 8.64%, 0, 1, 3, 18.94
1747837037, 0, 1176, 1299, 1293, 31, 8.64%, 0, 1, 3, 17.98
1747837042, 0, 1178, 1299, 1293, 31, 8.64%, 0, 1, 3, 20.36
1747837047, 0, 1179, 1300, 1294, 31, 8.64%, 0, 1, 3, 21.15
1747837052, 0, 1181, 1300, 1294, 31, 8.64%, 0, 1, 3, 18.84
1747837057, 0, 1184, 1300, 1294, 31, 8.64%, 0, 1, 3, 20.09
1747842491, 0, 1184, 1301, 1295, 31, 8.64%, 0, 1, 3, 11.56
1747842512, 0, 1186, 1301, 1294, 30, 8.64%, 0, 1, 3, 12.51
1747842517, 0, 1187, 1301, 1294, 30, 8.64%, 0, 1, 3, 12.34
1747842522, 0, 1188, 1301, 1294, 30, 8.64%, 0, 1, 3, 12.65
1747842527, 0, 1190, 1301, 1294, 30, 8.64%, 0, 1, 3, 12.98
1747842532, 0, 1190, 1302, 1295, 30, 8.64%, 0, 1, 3, 10.68
1747842542, 0, 1192, 1302, 1295, 30, 8.64%, 0, 1, 3, 11.61
1747842548, 0, 1193, 1302, 1295, 30, 8.64%, 0, 1, 3, 11.63
1747842553, 0, 1194, 1302, 1295, 30, 8.64%, 0, 1, 3, 11.10
1747842558, 0, 1195, 1302, 1295, 30, 8.64%, 0, 1, 3, 11.01
1747843586, 0, 1195, 1303, 1296, 30, 8.64%, 0, 1, 3, 11.92
1747850034, 0, 1196, 1303, 1295, 29, 8.64%, 0, 1, 3, 12.28
1747850039, 0, 1197, 1303, 1295, 29, 8.64%, 0, 1, 3, 11.29
1747850044, 0, 1198, 1303, 1295, 29, 8.64%, 0, 1, 3, 11.61
1747850049, 0, 1200, 1303, 1295, 29, 8.64%, 0, 1, 3, 12.41
1747850054, 0, 1201, 1304, 1296, 29, 8.64%, 0, 1, 3, 12.40
1747850060, 0, 1203, 1304, 1296, 29, 8.64%, 0, 1, 3, 12.59
1747850065, 0, 1204, 1304, 1296, 29, 8.64%, 0, 1, 3, 10.64
1747850070, 0, 1205, 1304, 1296, 29, 8.64%, 0, 1, 3, 9.93
1747850075, 0, 1206, 1304, 1296, 29, 8.64%, 0, 1, 3, 11.20
1747850080, 0, 1208, 1304, 1296, 29, 8.64%, 0, 1, 3, 12.35
1747850085, 0, 1209, 1304, 1296, 29, 8.64%, 0, 1, 3, 11.76
1747850090, 0, 1210, 1304, 1296, 29, 8.64%, 0, 1, 3, 11.93
1747850095, 0, 1212, 1304, 1296, 29, 8.64%, 0, 1, 3, 12.44
1747850101, 0, 1213, 1304, 1296, 29, 8.64%, 0, 1, 3, 12.15
1747850106, 0, 1215, 1304, 1296, 29, 8.64%, 0, 1, 3, 10.50
1747850111, 0, 1215, 1305, 1297, 29, 8.64%, 0, 1, 3, 10.00
1747850116, 0, 1216, 1305, 1297, 29, 8.64%, 0, 1, 3, 10.44
1747851200, 0, 1216, 1306, 1298, 29, 8.64%, 0, 1, 4, 9.71
1747852879, 0, 1216, 1307, 1299, 29, 8.64%, 0, 1, 4, 9.53
1747855424, 0, 1216, 1308, 1300, 29, 8.64%, 0, 1, 4, 9.57
1747857985, 0, 1217, 1309, 1300, 28, 8.64%, 0, 1, 4, 10.61
1747857995, 0, 1218, 1309, 1300, 28, 8.64%, 0, 1, 4, 9.84
1747858000, 0, 1219, 1309, 1300, 28, 8.64%, 0, 1, 4, 10.61
1747858005, 0, 1220, 1309, 1300, 28, 8.64%, 0, 1, 4, 10.83
1747858011, 0, 1221, 1309, 1300, 28, 8.64%, 0, 1, 4, 11.10
1747858016, 0, 1222, 1309, 1300, 28, 8.64%, 0, 1, 4, 11.38
1747858021, 0, 1224, 1309, 1300, 28, 8.64%, 0, 1, 4, 11.76
1747858026, 0, 1225, 1309, 1300, 28, 8.64%, 0, 1, 4, 10.64
1747858031, 0, 1227, 1309, 1300, 28, 8.64%, 0, 1, 4, 11.75
1747858036, 0, 1228, 1309, 1300, 28, 8.64%, 0, 1, 4, 10.81
1747858041, 0, 1229, 1309, 1300, 28, 8.64%, 0, 1, 4, 10.41
1747858046, 0, 1230, 1309, 1300, 28, 8.64%, 0, 1, 4, 11.08
1747858052, 0, 1231, 1309, 1300, 28, 8.64%, 0, 1, 4, 11.43
1747858057, 0, 1232, 1309, 1300, 28, 8.64%, 0, 1, 4, 11.66
1747858062, 0, 1234, 1310, 1301, 28, 8.64%, 0, 1, 4, 10.11
1747858072, 0, 1235, 1310, 1301, 28, 8.64%, 0, 1, 4, 11.27
1747858077, 0, 1236, 1310, 1301, 28, 8.64%, 0, 1, 4, 10.98
1747858082, 0, 1236, 1311, 1302, 28, 8.64%, 0, 1, 4, 9.98
1747858088, 0, 1237, 1312, 1303, 28, 8.64%, 0, 1, 4, 9.80
1747858098, 0, 1238, 1312, 1303, 28, 8.64%, 0, 1, 4, 10.99
1747858103, 0, 1239, 1312, 1303, 28, 8.64%, 0, 1, 4, 12.05
1747858108, 0, 1246, 1312, 1303, 28, 8.64%, 0, 1, 4, 12.50
1747858113, 0, 1246, 1313, 1304, 28, 8.64%, 0, 1, 4, 10.68
1747858123, 0, 1249, 1313, 1304, 28, 8.64%, 0, 1, 4, 12.20
1747858129, 0, 1250, 1313, 1304, 28, 8.64%, 0, 1, 4, 12.13
1747858134, 0, 1251, 1313, 1304, 28, 8.64%, 0, 1, 4, 11.95
1747858139, 0, 1252, 1313, 1304, 28, 8.64%, 0, 1, 4, 11.25
1747858144, 0, 1253, 1313, 1304, 28, 8.64%, 0, 1, 4, 10.58
1747858149, 0, 1254, 1314, 1305, 28, 8.64%, 0, 1, 4, 9.82
1747858159, 0, 1255, 1314, 1305, 28, 8.64%, 0, 1, 4, 11.64
1747858164, 0, 1256, 1314, 1305, 28, 8.64%, 0, 1, 4, 12.50
1747858169, 0, 1257, 1315, 1306, 28, 8.64%, 0, 1, 4, 10.38
1747858180, 0, 1258, 1315, 1306, 28, 8.64%, 0, 1, 4, 10.50
1747858185, 0, 1259, 1315, 1306, 28, 8.64%, 0, 1, 4, 10.25
1747858190, 0, 1262, 1315, 1306, 28, 8.64%, 0, 1, 4, 11.97
1747858195, 0, 1263, 1315, 1306, 28, 8.64%, 0, 1, 4, 11.38
1747858200, 0, 1264, 1315, 1306, 28, 8.64%, 0, 1, 4, 11.27
1747858205, 0, 1265, 1315, 1306, 28, 8.64%, 0, 1, 4, 12.11
1747858211, 0, 1266, 1315, 1306, 28, 8.64%, 0, 1, 4, 12.33
1747858216, 0, 1269, 1315, 1306, 28, 8.64%, 0, 1, 4, 12.44
1747858221, 0, 1270, 1315, 1306, 28, 8.64%, 0, 1, 4, 11.72
1747858226, 0, 1270, 1316, 1307, 28, 8.64%, 0, 1, 4, 10.53
1747858231, 0, 1271, 1316, 1307, 28, 8.64%, 0, 1, 4, 10.71
1747858236, 0, 1272, 1316, 1307, 28, 8.64%, 0, 1, 4, 11.14
1747858241, 0, 1273, 1317, 1308, 28, 8.64%, 0, 1, 4, 12.15
1747858252, 0, 1275, 1317, 1308, 28, 8.64%, 0, 1, 4, 13.07
1747858257, 0, 1276, 1317, 1308, 28, 8.64%, 0, 1, 4, 12.08
1747858262, 0, 1277, 1317, 1308, 28, 8.64%, 0, 1, 4, 11.47
1747858267, 0, 1278, 1317, 1308, 28, 8.64%, 0, 1, 4, 12.33
1747858272, 0, 1279, 1317, 1308, 28, 8.64%, 0, 1, 4, 11.36
1747858277, 0, 1280, 1318, 1309, 28, 8.64%, 0, 1, 4, 9.99
1747858287, 0, 1281, 1318, 1309, 28, 8.64%, 0, 1, 4, 10.26
1747858292, 0, 1282, 1318, 1309, 28, 8.64%, 0, 1, 4, 11.41
1747858298, 0, 1283, 1318, 1309, 28, 8.64%, 0, 1, 4, 14.06
1747858421, 0, 1283, 1319, 1310, 28, 8.64%, 0, 1, 4, 13.60
1747860080, 0, 1283, 1320, 1311, 28, 8.64%, 0, 1, 4, 26.43
