# unix_time, cycles_done, cur_path, paths_total, pending_total, pending_favs, map_size, unique_crashes, unique_hangs, max_depth, execs_per_sec
1747817517, 0, 0, 1, 1, 1, 3.78%, 0, 0, 1, 54.79
1747817522, 0, 0, 19, 19, 1, 5.05%, 0, 0, 2, 50.82
1747817527, 0, 0, 40, 40, 1, 5.06%, 0, 0, 2, 48.12
1747817532, 0, 0, 53, 53, 1, 5.07%, 0, 0, 2, 48.62
1747817537, 0, 0, 64, 64, 1, 5.07%, 0, 0, 2, 48.01
1747817542, 0, 0, 75, 75, 1, 5.07%, 0, 0, 2, 48.14
1747817547, 0, 0, 86, 86, 1, 5.07%, 0, 0, 2, 49.59
1747817552, 0, 0, 97, 97, 1, 5.07%, 0, 0, 2, 48.83
1747817557, 0, 0, 106, 106, 1, 5.07%, 0, 0, 2, 48.03
1747817562, 0, 0, 114, 114, 1, 5.07%, 0, 0, 2, 48.99
1747817567, 0, 0, 124, 124, 1, 5.08%, 0, 0, 2, 46.30
1747817573, 0, 0, 130, 130, 1, 5.09%, 0, 0, 2, 49.28
1747817578, 0, 0, 136, 136, 1, 5.09%, 0, 0, 2, 50.39
1747817583, 0, 0, 143, 143, 1, 5.09%, 0, 0, 2, 49.85
1747817588, 0, 0, 149, 149, 1, 5.09%, 0, 0, 2, 49.95
1747817593, 0, 0, 156, 156, 1, 5.10%, 0, 0, 2, 48.61
1747817598, 0, 0, 162, 162, 1, 5.10%, 0, 0, 2, 48.68
1747817603, 0, 0, 165, 165, 1, 5.10%, 0, 0, 2, 50.33
1747817608, 0, 0, 170, 170, 1, 5.10%, 0, 0, 2, 52.00
1747817613, 0, 0, 173, 173, 1, 5.10%, 0, 0, 2, 51.66
1747817618, 0, 0, 175, 175, 1, 5.10%, 0, 0, 2, 52.46
1747817623, 0, 0, 179, 179, 1, 5.10%, 0, 0, 2, 51.51
1747817628, 0, 0, 184, 184, 1, 5.10%, 0, 0, 2, 50.58
1747817633, 0, 0, 188, 188, 1, 5.10%, 0, 0, 2, 50.35
1747817638, 0, 0, 190, 190, 1, 5.10%, 0, 0, 2, 51.85
1747817643, 0, 0, 193, 193, 1, 5.10%, 0, 0, 2, 51.20
1747817648, 0, 0, 195, 195, 1, 5.10%, 0, 0, 2, 51.30
1747817654, 0, 0, 198, 198, 1, 5.10%, 0, 0, 2, 52.38
1747817659, 0, 0, 200, 200, 1, 5.10%, 0, 0, 2, 51.73
1747817664, 0, 0, 202, 202, 1, 5.10%, 0, 0, 2, 50.89
1747817669, 0, 0, 204, 204, 1, 5.10%, 0, 0, 2, 51.47
1747817674, 0, 0, 205, 205, 1, 5.10%, 0, 0, 2, 52.56
1747817679, 0, 0, 207, 207, 1, 5.10%, 0, 0, 2, 51.63
1747817684, 0, 0, 208, 208, 1, 5.10%, 0, 0, 2, 51.61
1747817689, 0, 0, 209, 209, 1, 5.10%, 0, 0, 2, 52.45
1747817694, 0, 0, 212, 212, 1, 5.10%, 0, 0, 2, 51.08
1747817699, 0, 0, 215, 215, 1, 5.10%, 0, 0, 2, 50.71
1747817704, 0, 0, 216, 216, 1, 5.10%, 0, 0, 2, 51.93
1747817710, 0, 0, 217, 217, 1, 5.10%, 0, 0, 2, 51.79
1747817715, 0, 0, 218, 218, 1, 5.10%, 0, 0, 2, 52.65
1747817720, 0, 0, 220, 220, 1, 5.10%, 0, 0, 2, 51.90
1747817725, 0, 0, 222, 222, 1, 5.10%, 0, 0, 2, 52.28
1747817735, 0, 0, 223, 223, 1, 5.10%, 0, 0, 2, 53.03
1747817740, 0, 0, 225, 225, 1, 5.10%, 0, 0, 2, 52.30
1747817745, 0, 0, 226, 226, 1, 5.10%, 0, 0, 2, 52.47
1747817750, 0, 0, 227, 227, 1, 5.10%, 0, 0, 2, 52.84
1747817756, 0, 0, 229, 229, 1, 5.11%, 0, 0, 2, 52.54
1747817771, 0, 0, 232, 232, 1, 5.11%, 0, 0, 2, 52.33
1747817776, 0, 0, 233, 233, 1, 5.11%, 0, 0, 2, 52.97
1747817781, 0, 0, 234, 234, 1, 5.11%, 0, 0, 2, 51.21
1747817797, 0, 0, 235, 235, 1, 5.11%, 0, 0, 2, 53.45
1747817802, 0, 0, 236, 236, 1, 5.11%, 0, 0, 2, 52.48
1747817812, 0, 0, 237, 237, 1, 5.11%, 0, 0, 2, 53.14
1747817842, 0, 0, 239, 239, 1, 5.11%, 0, 0, 2, 51.69
1747817847, 0, 0, 240, 240, 1, 5.11%, 0, 0, 2, 52.54
1747817858, 0, 0, 241, 241, 1, 5.11%, 0, 0, 2, 52.31
1747817868, 0, 0, 242, 242, 1, 5.11%, 0, 0, 2, 52.06
1747817878, 0, 1, 242, 241, 17, 5.11%, 0, 0, 2, 53.26
1747817888, 0, 2, 252, 250, 16, 5.14%, 0, 0, 3, 40.24
1747817893, 0, 2, 268, 266, 16, 5.15%, 0, 0, 3, 33.41
1747817898, 0, 2, 283, 281, 16, 5.17%, 0, 0, 3, 32.28
1747817903, 0, 2, 296, 294, 16, 5.17%, 0, 0, 3, 32.24
1747817908, 0, 2, 306, 304, 16, 5.17%, 0, 0, 3, 31.54
1747817914, 0, 2, 317, 315, 16, 5.17%, 0, 0, 3, 30.64
1747817919, 0, 2, 323, 321, 16, 5.17%, 0, 0, 3, 31.30
1747817924, 0, 2, 330, 328, 16, 5.17%, 0, 0, 3, 31.74
1747817929, 0, 2, 333, 331, 16, 5.17%, 0, 0, 3, 32.15
1747817934, 0, 2, 337, 335, 16, 5.17%, 0, 0, 3, 32.25
1747817939, 0, 2, 339, 337, 16, 5.17%, 0, 0, 3, 32.48
1747817944, 0, 2, 344, 342, 16, 5.17%, 0, 0, 3, 32.04
1747817950, 0, 2, 348, 346, 16, 5.17%, 0, 0, 3, 31.27
1747817955, 0, 2, 350, 348, 16, 5.17%, 0, 0, 3, 32.18
1747817960, 0, 2, 353, 351, 16, 5.17%, 0, 0, 3, 32.17
1747817965, 0, 2, 355, 353, 16, 5.17%, 0, 0, 3, 32.31
1747817970, 0, 2, 358, 356, 16, 5.17%, 0, 0, 3, 32.08
1747817975, 0, 2, 360, 358, 16, 5.17%, 0, 0, 3, 32.30
1747817986, 0, 2, 362, 360, 16, 5.17%, 0, 0, 3, 32.11
1747817991, 0, 2, 363, 361, 16, 5.17%, 0, 0, 3, 32.62
1747818006, 0, 2, 365, 363, 16, 5.20%, 0, 0, 3, 32.45
1747818011, 0, 2, 368, 366, 16, 5.20%, 0, 0, 3, 32.64
1747818016, 0, 2, 369, 367, 16, 5.20%, 0, 0, 3, 32.78
1747818021, 0, 2, 370, 368, 16, 5.20%, 0, 0, 3, 32.77
1747818026, 0, 2, 372, 370, 16, 5.20%, 0, 0, 3, 32.61
1747818032, 0, 2, 374, 372, 16, 5.20%, 0, 0, 3, 32.41
1747818037, 0, 2, 375, 373, 16, 5.20%, 0, 0, 3, 32.53
1747818042, 0, 2, 376, 374, 16, 5.20%, 0, 0, 3, 32.21
1747818047, 0, 3, 379, 377, 15, 5.21%, 0, 0, 3, 30.59
1747818052, 0, 3, 392, 390, 15, 5.66%, 0, 0, 3, 25.27
1747818057, 0, 3, 404, 402, 15, 5.73%, 0, 0, 3, 23.72
1747818062, 0, 3, 415, 413, 15, 5.73%, 0, 0, 3, 23.23
1747818068, 0, 3, 425, 423, 15, 5.73%, 0, 0, 3, 22.79
1747818073, 0, 3, 434, 432, 15, 5.73%, 0, 0, 3, 23.69
1747818078, 0, 3, 441, 439, 15, 5.73%, 0, 0, 3, 23.39
1747818083, 0, 3, 450, 448, 15, 5.83%, 0, 0, 3, 23.48
1747818088, 0, 3, 460, 458, 15, 5.83%, 0, 0, 3, 23.04
1747818093, 0, 3, 467, 465, 15, 5.86%, 0, 0, 3, 22.91
1747818098, 0, 3, 476, 474, 15, 5.86%, 0, 0, 3, 22.68
1747818103, 0, 3, 480, 478, 15, 5.86%, 0, 0, 3, 23.19
1747818108, 0, 3, 486, 484, 15, 6.11%, 0, 0, 3, 22.94
1747818113, 0, 3, 492, 490, 15, 6.11%, 0, 0, 3, 22.94
1747818118, 0, 3, 497, 495, 15, 6.12%, 0, 0, 3, 22.69
1747818123, 0, 3, 502, 500, 15, 6.19%, 0, 0, 3, 22.88
1747818129, 0, 3, 508, 506, 15, 6.19%, 0, 0, 3, 23.28
1747818134, 0, 3, 511, 509, 15, 6.19%, 0, 0, 3, 23.73
1747818139, 0, 3, 514, 512, 15, 6.19%, 0, 0, 3, 23.46
1747818144, 0, 3, 516, 514, 15, 6.19%, 0, 0, 3, 23.72
1747818149, 0, 3, 517, 515, 15, 6.19%, 0, 0, 3, 23.69
1747818154, 0, 3, 518, 516, 15, 6.19%, 0, 0, 3, 23.82
1747818159, 0, 3, 519, 517, 15, 6.19%, 0, 0, 3, 23.78
1747818164, 0, 3, 523, 521, 15, 6.19%, 0, 0, 3, 23.33
1747818169, 0, 3, 526, 524, 15, 6.19%, 0, 0, 3, 23.73
1747818175, 0, 3, 529, 527, 15, 6.19%, 0, 0, 3, 23.32
1747818180, 0, 3, 532, 530, 15, 6.19%, 0, 0, 3, 23.61
1747818185, 0, 3, 534, 532, 15, 6.19%, 0, 0, 3, 23.65
1747818190, 0, 3, 537, 535, 15, 6.19%, 0, 0, 3, 23.39
1747818195, 0, 3, 539, 537, 15, 6.19%, 0, 0, 3, 23.66
1747818200, 0, 3, 540, 538, 15, 6.19%, 0, 0, 3, 23.85
1747818205, 0, 3, 543, 541, 15, 6.20%, 0, 0, 3, 23.66
1747818210, 0, 3, 544, 542, 15, 6.20%, 0, 0, 3, 23.53
1747818215, 0, 3, 548, 546, 15, 6.20%, 0, 0, 3, 23.22
1747818220, 0, 3, 549, 547, 15, 6.20%, 0, 0, 3, 23.56
1747818225, 0, 3, 551, 549, 15, 6.20%, 0, 0, 3, 23.84
1747818230, 0, 3, 552, 550, 15, 6.20%, 0, 0, 3, 23.68
1747818235, 0, 3, 553, 551, 15, 6.20%, 0, 0, 3, 23.78
1747818240, 0, 3, 554, 552, 15, 6.25%, 0, 0, 3, 23.07
1747818250, 0, 3, 556, 554, 15, 6.25%, 0, 0, 3, 23.22
1747818255, 0, 3, 557, 555, 15, 6.25%, 0, 0, 3, 23.62
1747818261, 0, 3, 559, 557, 15, 6.25%, 0, 0, 3, 23.36
1747818266, 0, 3, 562, 560, 15, 6.25%, 0, 0, 3, 23.29
1747818276, 0, 3, 563, 561, 15, 6.25%, 0, 0, 3, 23.80
1747818281, 0, 3, 567, 565, 15, 6.25%, 0, 0, 3, 22.92
1747818286, 0, 3, 569, 567, 15, 6.25%, 0, 0, 3, 23.32
1747818291, 0, 4, 577, 575, 19, 6.25%, 0, 0, 3, 21.10
1747818296, 0, 4, 587, 585, 19, 6.27%, 0, 0, 3, 19.30
1747818301, 0, 4, 597, 595, 19, 6.28%, 0, 0, 3, 19.64
1747818306, 0, 4, 605, 603, 19, 6.29%, 0, 0, 3, 19.63
1747818312, 0, 4, 612, 610, 19, 6.30%, 0, 0, 3, 19.19
1747818317, 0, 4, 619, 617, 19, 6.31%, 0, 0, 3, 19.06
1747818322, 0, 4, 625, 623, 19, 6.32%, 0, 0, 3, 19.36
1747818327, 0, 4, 633, 631, 19, 6.32%, 0, 0, 3, 18.83
1747818332, 0, 4, 639, 637, 19, 6.32%, 0, 0, 3, 19.36
1747818337, 0, 4, 647, 645, 19, 6.32%, 0, 0, 3, 19.20
1747818342, 0, 4, 652, 650, 19, 6.32%, 0, 0, 3, 19.30
1747818347, 0, 4, 658, 656, 19, 6.32%, 0, 0, 3, 19.19
1747818352, 0, 4, 664, 662, 19, 6.32%, 0, 0, 3, 19.27
1747818357, 0, 4, 669, 667, 19, 6.32%, 0, 0, 3, 19.04
1747818362, 0, 4, 673, 671, 19, 6.32%, 0, 0, 3, 19.06
1747818367, 0, 4, 678, 676, 19, 6.32%, 0, 0, 3, 18.76
1747818373, 0, 4, 681, 679, 19, 6.32%, 0, 0, 3, 19.25
1747818378, 0, 4, 683, 681, 19, 6.32%, 0, 0, 3, 19.39
1747818383, 0, 4, 686, 684, 19, 6.32%, 0, 0, 3, 19.03
1747818388, 0, 4, 690, 688, 19, 6.32%, 0, 0, 3, 19.19
1747818393, 0, 4, 692, 690, 19, 6.34%, 0, 0, 3, 19.52
1747818398, 0, 4, 695, 693, 19, 6.34%, 0, 0, 3, 19.36
1747818403, 0, 4, 696, 694, 19, 6.34%, 0, 0, 3, 19.21
1747818409, 0, 4, 699, 697, 19, 6.34%, 0, 0, 3, 19.17
1747818414, 0, 4, 703, 701, 19, 6.34%, 0, 0, 3, 18.92
1747818419, 0, 4, 704, 702, 19, 6.34%, 0, 0, 3, 19.15
1747818424, 0, 4, 706, 704, 19, 6.34%, 0, 0, 3, 19.35
1747818434, 0, 4, 707, 705, 19, 6.34%, 0, 0, 3, 19.45
1747818439, 0, 4, 709, 707, 19, 6.34%, 0, 0, 3, 19.37
1747818444, 0, 4, 711, 709, 19, 6.34%, 0, 0, 3, 19.19
1747818449, 0, 4, 713, 711, 19, 6.34%, 0, 0, 3, 19.30
1747818454, 0, 4, 714, 712, 19, 6.34%, 0, 0, 3, 19.28
1747818460, 0, 4, 715, 713, 19, 6.34%, 0, 0, 3, 19.50
1747818465, 0, 4, 716, 714, 19, 6.34%, 0, 0, 3, 19.28
1747818470, 0, 4, 718, 716, 19, 6.34%, 0, 0, 3, 18.99
1747818475, 0, 4, 719, 717, 19, 6.34%, 0, 0, 3, 19.53
1747818480, 0, 4, 721, 719, 19, 6.34%, 0, 0, 3, 19.66
1747818485, 0, 4, 723, 721, 19, 6.34%, 0, 0, 3, 19.09
1747818490, 0, 4, 724, 722, 19, 6.34%, 0, 0, 3, 19.48
1747818495, 0, 4, 727, 725, 19, 6.34%, 0, 0, 3, 19.33
1747818501, 0, 4, 729, 727, 19, 6.34%, 0, 0, 3, 19.02
1747818506, 0, 4, 730, 728, 19, 6.34%, 0, 0, 3, 19.16
1747818511, 0, 4, 732, 730, 19, 6.34%, 0, 0, 3, 19.10
1747818526, 0, 4, 734, 732, 19, 6.34%, 0, 0, 3, 19.29
1747818541, 0, 4, 736, 734, 19, 6.34%, 0, 0, 3, 19.24
1747818547, 0, 4, 737, 735, 19, 6.34%, 0, 0, 3, 19.40
1747818552, 0, 4, 738, 736, 19, 6.34%, 0, 0, 3, 19.44
1747818562, 0, 4, 739, 737, 19, 6.34%, 0, 0, 3, 19.00
1747818572, 0, 5, 740, 738, 25, 6.34%, 0, 0, 3, 19.38
1747818583, 0, 6, 745, 743, 25, 6.35%, 0, 0, 3, 17.73
1747818588, 0, 6, 746, 744, 25, 6.35%, 0, 0, 3, 17.91
1747818593, 0, 6, 748, 746, 25, 6.35%, 0, 0, 3, 17.71
1747818598, 0, 6, 751, 749, 25, 6.35%, 0, 0, 3, 17.24
1747818603, 0, 6, 753, 751, 25, 6.35%, 0, 0, 3, 17.87
1747818608, 0, 6, 755, 753, 25, 6.35%, 0, 0, 3, 18.00
1747818613, 0, 6, 757, 755, 25, 6.35%, 0, 0, 3, 17.88
1747818619, 0, 6, 759, 757, 25, 6.35%, 0, 0, 3, 17.76
1747818624, 0, 6, 761, 759, 25, 6.35%, 0, 0, 3, 17.52
1747818629, 0, 6, 764, 762, 25, 6.35%, 0, 0, 3, 17.46
1747818634, 0, 6, 765, 763, 25, 6.35%, 0, 0, 3, 17.66
1747818639, 0, 6, 767, 765, 25, 6.35%, 0, 0, 3, 17.79
1747818644, 0, 6, 768, 766, 25, 6.35%, 0, 0, 3, 17.92
1747818649, 0, 6, 770, 768, 25, 6.35%, 0, 0, 3, 17.57
1747818665, 0, 6, 774, 772, 25, 6.35%, 0, 0, 3, 17.70
1747818670, 0, 6, 775, 773, 25, 6.35%, 0, 0, 3, 17.77
1747818680, 0, 6, 777, 775, 25, 6.35%, 0, 0, 3, 17.75
1747818685, 0, 6, 778, 776, 25, 6.35%, 0, 0, 3, 17.97
1747818690, 0, 6, 780, 778, 25, 6.35%, 0, 0, 3, 17.85
1747818695, 0, 6, 781, 779, 25, 6.35%, 0, 0, 3, 17.98
1747818706, 0, 6, 784, 782, 25, 6.35%, 0, 0, 3, 17.74
1747818711, 0, 6, 786, 784, 25, 6.35%, 0, 0, 3, 17.71
1747818716, 0, 6, 788, 786, 25, 6.35%, 0, 0, 3, 17.91
1747818721, 0, 6, 789, 787, 25, 6.35%, 0, 0, 3, 17.99
1747818731, 0, 6, 790, 788, 25, 6.35%, 0, 0, 3, 17.93
1747818736, 0, 6, 791, 789, 25, 6.35%, 0, 0, 3, 17.63
1747818757, 0, 6, 792, 790, 25, 6.35%, 0, 0, 3, 17.91
1747818762, 0, 6, 793, 791, 25, 6.35%, 0, 0, 3, 17.41
1747818767, 0, 6, 795, 793, 25, 6.35%, 0, 0, 3, 17.31
1747818772, 0, 6, 796, 794, 25, 6.35%, 0, 0, 3, 17.78
1747818777, 0, 6, 797, 795, 25, 6.35%, 0, 0, 3, 17.97
1747818787, 0, 6, 798, 796, 25, 6.35%, 0, 0, 3, 17.93
1747818798, 0, 6, 799, 797, 25, 6.35%, 0, 0, 3, 17.83
1747818808, 0, 6, 800, 798, 25, 6.35%, 0, 0, 3, 18.09
1747818823, 0, 6, 801, 799, 25, 6.35%, 0, 0, 3, 17.81
1747818834, 0, 6, 802, 800, 25, 6.35%, 0, 0, 3, 17.52
1747818839, 0, 9, 803, 801, 23, 6.35%, 0, 0, 3, 17.22
1747818844, 0, 9, 804, 802, 23, 6.35%, 0, 0, 3, 17.49
1747818849, 0, 9, 805, 803, 23, 6.35%, 0, 0, 3, 17.37
1747818854, 0, 9, 806, 804, 23, 6.35%, 0, 0, 3, 17.47
1747818874, 0, 9, 808, 806, 23, 6.35%, 0, 0, 3, 17.14
1747818884, 0, 9, 809, 807, 23, 6.35%, 0, 0, 3, 17.48
1747818889, 0, 9, 810, 808, 23, 6.35%, 0, 0, 3, 17.35
1747818894, 0, 9, 812, 810, 23, 6.35%, 0, 0, 3, 17.33
1747818925, 0, 9, 813, 811, 23, 6.35%, 0, 0, 3, 17.41
1747818940, 0, 9, 814, 812, 23, 6.35%, 0, 0, 3, 17.45
1747818956, 0, 9, 815, 813, 23, 6.35%, 0, 0, 3, 17.51
1747818966, 0, 9, 816, 814, 23, 6.35%, 0, 0, 3, 17.53
1747818981, 0, 9, 817, 815, 23, 6.35%, 0, 0, 3, 17.58
1747818986, 0, 9, 818, 816, 23, 6.35%, 0, 0, 3, 17.59
1747818992, 0, 9, 819, 817, 23, 6.35%, 0, 0, 3, 17.65
1747818997, 0, 9, 820, 818, 23, 6.35%, 0, 0, 3, 17.34
1747819007, 0, 9, 821, 819, 23, 6.35%, 0, 0, 3, 17.46
1747819012, 0, 9, 822, 820, 23, 6.35%, 0, 0, 3, 17.12
1747819023, 0, 9, 823, 821, 23, 6.35%, 0, 0, 3, 17.67
1747819033, 0, 9, 826, 824, 23, 6.35%, 0, 0, 3, 17.41
1747819043, 0, 9, 827, 825, 23, 6.35%, 0, 0, 3, 17.53
1747819074, 0, 9, 828, 826, 23, 6.35%, 0, 0, 3, 17.52
1747819079, 0, 9, 830, 828, 23, 6.35%, 0, 0, 3, 17.32
1747819084, 0, 10, 831, 829, 23, 6.35%, 0, 0, 3, 17.42
1747819095, 0, 11, 831, 829, 23, 6.35%, 0, 0, 3, 17.75
1747819100, 0, 13, 831, 829, 23, 6.35%, 0, 0, 3, 18.58
1747819105, 0, 14, 831, 829, 23, 6.35%, 0, 0, 3, 19.04
1747819110, 0, 14, 832, 830, 23, 6.35%, 0, 0, 3, 17.80
1747819120, 0, 16, 832, 830, 23, 6.35%, 0, 0, 3, 17.74
1747819130, 0, 18, 832, 830, 23, 6.35%, 0, 0, 3, 19.08
1747819135, 0, 20, 832, 830, 23, 6.35%, 0, 0, 3, 18.43
1747819140, 0, 21, 832, 830, 23, 6.35%, 0, 0, 3, 17.84
1747819145, 0, 21, 834, 832, 23, 6.35%, 0, 0, 3, 17.42
1747819156, 0, 21, 836, 834, 23, 6.35%, 0, 0, 3, 17.19
1747819206, 0, 21, 837, 835, 23, 6.35%, 0, 0, 3, 17.14
1747819211, 0, 21, 838, 836, 23, 6.35%, 0, 0, 3, 17.21
1747819232, 0, 21, 839, 837, 23, 6.35%, 0, 0, 3, 17.51
1747819262, 0, 21, 841, 839, 23, 6.35%, 0, 0, 3, 17.06
1747819298, 0, 21, 843, 841, 23, 6.35%, 0, 0, 3, 17.34
1747819308, 0, 21, 844, 842, 23, 6.35%, 0, 0, 3, 17.30
1747819328, 0, 21, 845, 843, 23, 6.35%, 0, 0, 3, 17.40
1747819333, 0, 21, 846, 844, 23, 6.35%, 0, 0, 3, 17.35
1747819354, 0, 21, 847, 845, 23, 6.35%, 0, 0, 3, 17.30
1747819364, 0, 21, 848, 846, 23, 6.35%, 0, 0, 3, 17.09
1747819369, 0, 21, 849, 847, 23, 6.35%, 0, 0, 3, 17.06
1747819384, 0, 22, 849, 847, 24, 6.35%, 0, 0, 3, 17.47
1747819389, 0, 22, 850, 848, 24, 6.35%, 0, 0, 3, 17.16
1747819400, 0, 24, 850, 848, 24, 6.35%, 0, 0, 3, 18.08
1747819410, 0, 26, 852, 850, 24, 6.35%, 0, 0, 3, 17.11
1747819420, 0, 26, 854, 852, 24, 6.36%, 0, 0, 3, 16.50
1747819425, 0, 26, 856, 854, 24, 6.36%, 0, 0, 3, 16.68
1747819430, 0, 26, 858, 856, 24, 6.36%, 0, 0, 3, 16.71
1747819441, 0, 26, 860, 858, 24, 6.36%, 0, 0, 3, 16.90
1747819456, 0, 26, 862, 860, 24, 6.36%, 0, 0, 3, 16.56
1747819461, 0, 26, 863, 861, 24, 6.36%, 0, 0, 3, 17.00
1747819476, 0, 26, 865, 863, 24, 6.36%, 0, 0, 3, 16.89
1747819543, 0, 26, 867, 865, 24, 6.36%, 0, 0, 3, 16.82
1747819559, 0, 26, 868, 866, 24, 6.36%, 0, 0, 3, 17.18
1747819569, 0, 26, 871, 869, 24, 6.36%, 0, 0, 3, 17.11
1747819635, 0, 26, 873, 871, 24, 6.36%, 0, 0, 3, 16.87
1747819656, 0, 26, 874, 872, 24, 6.36%, 0, 0, 3, 17.31
1747819661, 0, 27, 874, 872, 23, 6.36%, 0, 0, 3, 16.95
1747819666, 0, 27, 875, 873, 23, 6.37%, 0, 0, 3, 17.02
1747819671, 0, 27, 876, 874, 23, 6.37%, 0, 0, 3, 16.50
1747819681, 0, 27, 877, 875, 23, 6.37%, 0, 0, 3, 16.83
1747819702, 0, 27, 879, 877, 23, 6.37%, 0, 0, 3, 16.92
1747819712, 0, 27, 880, 878, 23, 6.37%, 0, 0, 3, 16.98
1747819769, 0, 27, 881, 879, 23, 6.37%, 0, 0, 3, 17.09
1747819810, 0, 27, 882, 880, 23, 6.37%, 0, 0, 3, 16.77
1747819841, 0, 27, 883, 881, 23, 6.37%, 0, 0, 3, 16.64
1747819851, 0, 27, 884, 882, 23, 6.37%, 0, 0, 3, 16.60
1747819856, 0, 27, 885, 883, 23, 6.37%, 0, 0, 3, 16.36
1747819897, 0, 27, 886, 884, 23, 6.37%, 0, 0, 3, 16.81
1747819908, 0, 28, 887, 885, 21, 6.37%, 0, 0, 3, 16.91
1747819913, 0, 28, 889, 887, 21, 6.37%, 0, 0, 3, 16.38
1747819918, 0, 28, 890, 888, 21, 6.37%, 0, 0, 3, 16.66
1747819934, 0, 28, 891, 889, 21, 6.37%, 0, 0, 3, 16.64
1747819954, 0, 28, 892, 890, 21, 6.37%, 0, 0, 3, 16.77
1747820010, 0, 28, 893, 891, 21, 6.37%, 0, 0, 3, 16.85
1747820056, 0, 28, 894, 892, 21, 6.37%, 0, 0, 3, 16.83
1747820077, 0, 28, 895, 893, 21, 6.37%, 0, 0, 3, 16.36
1747820103, 0, 28, 896, 894, 21, 6.37%, 0, 0, 3, 17.08
1747820154, 0, 29, 897, 895, 22, 6.37%, 0, 0, 3, 16.41
1747820169, 0, 30, 897, 895, 22, 6.37%, 0, 0, 3, 16.98
1747820174, 0, 30, 898, 896, 22, 6.37%, 0, 0, 3, 16.62
1747820185, 0, 31, 898, 896, 22, 6.37%, 0, 0, 3, 16.79
1747820195, 0, 31, 900, 898, 22, 6.37%, 0, 0, 3, 15.87
1747820210, 0, 31, 901, 899, 22, 6.37%, 0, 0, 3, 16.46
1747820215, 0, 31, 903, 901, 22, 6.37%, 0, 0, 3, 16.12
1747820225, 0, 31, 904, 902, 22, 6.37%, 0, 0, 3, 16.23
1747820241, 0, 31, 905, 903, 22, 6.37%, 0, 0, 3, 16.43
1747820272, 0, 31, 907, 905, 22, 6.37%, 0, 0, 3, 15.79
1747820287, 0, 31, 908, 906, 22, 6.37%, 0, 0, 3, 16.75
1747820333, 0, 31, 909, 907, 22, 6.37%, 0, 0, 3, 16.40
1747820369, 0, 31, 910, 908, 22, 6.37%, 0, 0, 3, 16.28
1747820374, 0, 31, 911, 909, 22, 6.37%, 0, 0, 3, 16.33
1747820436, 0, 31, 912, 910, 22, 6.37%, 0, 0, 3, 15.95
1747820446, 0, 35, 912, 910, 22, 6.37%, 0, 0, 3, 16.61
1747820451, 0, 35, 913, 911, 22, 6.37%, 0, 0, 3, 16.47
1747820456, 0, 35, 914, 912, 22, 6.37%, 0, 0, 3, 16.76
1747820461, 0, 35, 915, 913, 22, 6.37%, 0, 0, 3, 16.48
1747820471, 0, 35, 916, 914, 22, 6.37%, 0, 0, 3, 16.73
1747820569, 0, 37, 916, 914, 22, 6.37%, 0, 0, 3, 16.01
1747820574, 0, 38, 916, 914, 22, 6.37%, 0, 0, 3, 16.01
1747820579, 0, 38, 917, 915, 22, 6.37%, 0, 0, 3, 15.54
1747820584, 0, 38, 919, 917, 22, 6.37%, 0, 0, 3, 14.79
1747820589, 0, 38, 921, 919, 22, 6.37%, 0, 0, 3, 15.23
1747820595, 0, 38, 924, 922, 22, 6.37%, 0, 0, 3, 14.75
1747820600, 0, 38, 925, 923, 22, 6.37%, 0, 0, 3, 14.56
1747820605, 0, 38, 926, 924, 22, 6.37%, 0, 0, 3, 14.84
1747820610, 0, 38, 927, 925, 22, 6.37%, 0, 0, 3, 14.74
1747820620, 0, 38, 928, 926, 22, 6.37%, 0, 0, 3, 14.56
1747820625, 0, 38, 930, 928, 22, 6.37%, 0, 0, 3, 14.77
1747820636, 0, 38, 931, 929, 22, 6.37%, 0, 0, 3, 14.64
1747820641, 0, 38, 932, 930, 22, 6.37%, 0, 0, 3, 14.84
1747820646, 0, 38, 933, 931, 22, 6.37%, 0, 0, 3, 14.70
1747820656, 0, 38, 934, 932, 22, 6.37%, 0, 0, 3, 14.51
1747820661, 0, 38, 935, 933, 22, 6.37%, 0, 0, 3, 14.64
1747820672, 0, 38, 936, 934, 22, 6.37%, 0, 0, 3, 14.71
1747820677, 0, 38, 938, 936, 22, 6.37%, 0, 0, 3, 14.59
1747820687, 0, 38, 939, 937, 22, 6.37%, 0, 0, 3, 14.61
1747820697, 0, 38, 940, 938, 22, 6.37%, 0, 0, 3, 14.92
1747820712, 0, 38, 941, 939, 22, 6.37%, 0, 0, 3, 14.41
1747820738, 0, 38, 942, 940, 22, 6.37%, 0, 0, 3, 14.55
1747820748, 0, 38, 943, 941, 22, 6.37%, 0, 0, 3, 15.03
1747820768, 0, 38, 944, 942, 22, 6.37%, 0, 0, 3, 14.73
1747820784, 0, 38, 945, 943, 22, 6.37%, 0, 0, 3, 14.92
1747820804, 0, 38, 946, 944, 22, 6.37%, 0, 0, 3, 14.73
1747820820, 0, 38, 947, 945, 22, 6.37%, 0, 0, 3, 14.76
1747820860, 0, 38, 948, 946, 22, 6.37%, 0, 0, 3, 14.74
1747820870, 0, 39, 949, 947, 22, 6.37%, 0, 0, 3, 14.93
1747820875, 0, 39, 950, 948, 22, 6.37%, 0, 0, 3, 14.31
1747820891, 0, 39, 951, 949, 22, 6.37%, 0, 0, 3, 14.42
1747820896, 0, 39, 952, 950, 22, 6.37%, 0, 0, 3, 14.51
1747820906, 0, 39, 953, 951, 22, 6.37%, 0, 0, 3, 14.75
1747820922, 0, 39, 954, 952, 22, 6.37%, 0, 0, 3, 14.83
1747820947, 0, 39, 956, 954, 22, 6.37%, 0, 0, 3, 14.03
1747820952, 0, 39, 957, 955, 22, 6.37%, 0, 0, 3, 14.38
1747820983, 0, 39, 958, 956, 22, 6.37%, 0, 0, 3, 14.53
1747820988, 0, 39, 959, 957, 22, 6.37%, 0, 0, 3, 14.77
1747820998, 0, 39, 960, 958, 22, 6.37%, 0, 0, 3, 14.56
1747821039, 0, 39, 961, 959, 22, 6.37%, 0, 0, 3, 14.82
1747821044, 0, 39, 963, 961, 22, 6.37%, 0, 0, 3, 14.41
1747821085, 0, 39, 964, 962, 22, 6.37%, 0, 0, 3, 14.50
1747821090, 0, 39, 965, 963, 22, 6.37%, 0, 0, 3, 14.49
1747821111, 0, 39, 966, 964, 22, 6.37%, 0, 0, 3, 14.63
1747821116, 0, 39, 967, 965, 22, 6.37%, 0, 0, 3, 14.54
1747821157, 0, 44, 967, 965, 22, 6.37%, 0, 0, 3, 14.78
1747821167, 0, 45, 967, 965, 22, 6.37%, 0, 0, 3, 14.66
1747821172, 0, 46, 967, 965, 22, 6.37%, 0, 0, 3, 14.73
1747821183, 0, 47, 967, 965, 22, 6.37%, 0, 0, 3, 14.64
1747821193, 0, 48, 967, 965, 22, 6.37%, 0, 0, 3, 14.36
1747821198, 0, 48, 969, 967, 22, 6.37%, 0, 0, 3, 14.45
1747821203, 0, 48, 970, 968, 22, 6.37%, 0, 0, 3, 14.32
1747821214, 0, 48, 971, 969, 22, 6.37%, 0, 0, 3, 14.34
1747821234, 0, 48, 972, 970, 22, 6.37%, 0, 0, 3, 14.30
1747821239, 0, 48, 973, 971, 22, 6.37%, 0, 0, 3, 14.55
1747821255, 0, 48, 974, 972, 22, 6.37%, 0, 0, 3, 14.58
1747821275, 0, 48, 975, 973, 22, 6.37%, 0, 0, 3, 14.13
1747821285, 0, 48, 976, 974, 22, 6.37%, 0, 0, 3, 14.69
1747821316, 0, 48, 977, 975, 22, 6.37%, 0, 0, 3, 14.24
1747821342, 0, 48, 978, 976, 22, 6.37%, 0, 0, 3, 14.12
1747821347, 0, 48, 979, 977, 22, 6.37%, 0, 0, 3, 14.11
1747821387, 0, 48, 981, 979, 22, 6.37%, 0, 0, 3, 14.13
1747821439, 0, 48, 982, 980, 22, 6.37%, 0, 0, 3, 14.57
1747821464, 0, 48, 983, 981, 22, 6.37%, 0, 0, 3, 14.27
1747821485, 0, 49, 983, 981, 22, 6.37%, 0, 0, 3, 14.50
1747821495, 0, 50, 983, 981, 22, 6.37%, 0, 0, 3, 14.20
1747821500, 0, 50, 984, 982, 22, 6.37%, 0, 0, 3, 14.16
1747821505, 0, 50, 985, 983, 22, 6.37%, 0, 0, 3, 14.35
1747821531, 0, 51, 985, 983, 22, 6.37%, 0, 0, 3, 14.41
1747821541, 0, 52, 985, 983, 22, 6.37%, 0, 0, 3, 14.80
1747821546, 0, 53, 985, 983, 22, 6.37%, 0, 0, 3, 14.48
1747821556, 0, 54, 985, 983, 22, 6.37%, 0, 0, 3, 14.44
1747821567, 0, 55, 985, 983, 22, 6.37%, 0, 0, 3, 14.58
1747821572, 0, 56, 985, 983, 22, 6.37%, 0, 0, 3, 14.47
1747821582, 0, 57, 986, 984, 22, 6.37%, 0, 0, 3, 14.27
1747821592, 0, 57, 987, 985, 22, 6.37%, 0, 0, 3, 14.35
1747821602, 0, 57, 988, 986, 22, 6.37%, 0, 0, 3, 14.44
1747821628, 0, 57, 989, 987, 22, 6.42%, 0, 0, 3, 14.39
1747821659, 0, 57, 990, 988, 22, 6.42%, 0, 0, 3, 13.82
1747821827, 0, 57, 991, 989, 22, 6.42%, 0, 0, 3, 14.11
1747821838, 0, 57, 992, 990, 22, 6.42%, 0, 0, 3, 14.66
1747821868, 0, 58, 992, 990, 15, 6.42%, 0, 0, 3, 14.58
1747821878, 0, 59, 992, 990, 15, 6.42%, 0, 0, 3, 14.29
1747821889, 0, 60, 992, 990, 15, 6.42%, 0, 0, 3, 14.42
1747821899, 0, 61, 992, 990, 15, 6.42%, 0, 0, 3, 14.47
1747821904, 0, 62, 992, 990, 15, 6.42%, 0, 0, 3, 14.53
1747821914, 0, 63, 992, 990, 15, 6.42%, 0, 0, 3, 14.58
1747821919, 0, 63, 993, 991, 15, 6.42%, 0, 0, 3, 14.18
1747821935, 0, 64, 993, 991, 15, 6.42%, 0, 0, 3, 14.41
1747821940, 0, 65, 993, 991, 15, 6.42%, 0, 0, 3, 14.37
1747821950, 0, 66, 993, 991, 15, 6.42%, 0, 0, 3, 14.01
1747821960, 0, 66, 994, 992, 15, 6.68%, 0, 0, 3, 14.65
1747821966, 0, 66, 995, 993, 15, 6.68%, 0, 0, 3, 14.28
1747821986, 0, 67, 995, 993, 16, 6.68%, 0, 0, 3, 14.25
1747821996, 0, 68, 995, 993, 16, 6.68%, 0, 0, 3, 14.55
1747822007, 0, 70, 995, 993, 16, 6.68%, 0, 0, 3, 14.12
1747822012, 0, 71, 995, 993, 16, 6.68%, 0, 0, 3, 14.01
1747822022, 0, 72, 995, 993, 16, 6.68%, 0, 0, 3, 14.89
1747822027, 0, 72, 996, 994, 16, 6.69%, 0, 0, 3, 14.16
1747822032, 0, 72, 998, 996, 16, 6.70%, 0, 0, 3, 13.97
1747822043, 0, 72, 999, 997, 16, 6.70%, 0, 0, 3, 14.14
1747822053, 0, 72, 1000, 998, 16, 6.70%, 0, 0, 3, 14.38
1747822068, 0, 72, 1001, 999, 16, 6.70%, 0, 0, 3, 14.30
1747822073, 0, 72, 1002, 1000, 16, 6.70%, 0, 0, 3, 13.87
1747822083, 0, 72, 1003, 1001, 16, 6.70%, 0, 0, 3, 13.91
1747822088, 0, 72, 1004, 1002, 16, 6.70%, 0, 0, 3, 13.67
1747822093, 0, 72, 1005, 1003, 16, 6.70%, 0, 0, 3, 14.11
1747822104, 0, 72, 1006, 1004, 16, 6.70%, 0, 0, 3, 13.88
1747822109, 0, 72, 1008, 1006, 16, 7.11%, 0, 0, 3, 13.66
1747822119, 0, 72, 1009, 1007, 16, 7.11%, 0, 0, 3, 13.98
1747822145, 0, 72, 1010, 1008, 16, 7.11%, 0, 0, 3, 14.17
1747822155, 0, 72, 1011, 1009, 16, 7.11%, 0, 0, 3, 13.76
1747822206, 0, 72, 1012, 1010, 16, 7.11%, 0, 0, 3, 14.57
1747822257, 0, 72, 1013, 1011, 16, 7.11%, 0, 0, 3, 14.62
1747822262, 0, 72, 1014, 1012, 16, 7.11%, 0, 0, 3, 14.62
1747822283, 0, 72, 1015, 1013, 16, 7.11%, 0, 0, 3, 14.32
1747822319, 0, 73, 1016, 1014, 18, 7.11%, 0, 0, 3, 14.13
1747822324, 0, 73, 1017, 1015, 18, 7.12%, 0, 0, 3, 14.41
1747822344, 0, 73, 1018, 1016, 18, 7.12%, 0, 0, 3, 14.25
1747822359, 0, 73, 1019, 1017, 18, 7.12%, 0, 0, 3, 13.77
1747822375, 0, 73, 1020, 1018, 18, 7.12%, 0, 0, 3, 13.86
1747822385, 0, 73, 1021, 1019, 18, 7.12%, 0, 0, 3, 13.88
1747822395, 0, 73, 1022, 1020, 18, 7.12%, 0, 0, 3, 14.00
1747822400, 0, 73, 1023, 1021, 18, 7.12%, 0, 0, 3, 13.86
1747822415, 0, 73, 1024, 1022, 18, 7.12%, 0, 0, 3, 14.26
1747822426, 0, 73, 1025, 1023, 18, 7.13%, 0, 0, 3, 14.33
1747822462, 0, 73, 1027, 1025, 18, 7.13%, 0, 0, 3, 13.84
1747822518, 0, 73, 1028, 1026, 18, 7.13%, 0, 0, 3, 14.00
1747822554, 0, 73, 1029, 1027, 18, 7.13%, 0, 0, 3, 14.24
1747822569, 0, 73, 1030, 1028, 18, 7.13%, 0, 0, 3, 13.91
1747822615, 0, 74, 1030, 1028, 20, 7.13%, 0, 0, 3, 14.09
1747822620, 0, 74, 1031, 1029, 20, 7.17%, 0, 0, 3, 14.24
1747822626, 0, 74, 1032, 1030, 20, 7.17%, 0, 0, 3, 14.04
1747822636, 0, 74, 1034, 1032, 20, 7.18%, 0, 0, 3, 14.24
1747822641, 0, 74, 1035, 1033, 20, 7.18%, 0, 0, 3, 14.07
1747822651, 0, 74, 1036, 1034, 20, 7.18%, 0, 0, 3, 14.17
1747822661, 0, 74, 1037, 1035, 20, 7.18%, 0, 0, 3, 13.59
1747822671, 0, 74, 1038, 1036, 20, 7.18%, 0, 0, 3, 13.48
1747822886, 0, 74, 1039, 1037, 20, 7.18%, 0, 0, 3, 13.96
1747822907, 0, 76, 1039, 1037, 18, 7.18%, 0, 0, 3, 13.85
1747822912, 0, 76, 1041, 1039, 18, 7.18%, 0, 0, 3, 13.71
1747822917, 0, 76, 1042, 1040, 18, 7.18%, 0, 0, 3, 14.34
1747822927, 0, 76, 1043, 1041, 18, 7.18%, 0, 0, 3, 14.47
1747822947, 0, 76, 1044, 1042, 18, 7.18%, 0, 0, 3, 13.92
1747822952, 0, 76, 1045, 1043, 18, 7.18%, 0, 0, 3, 13.81
1747822998, 0, 76, 1046, 1044, 18, 7.18%, 0, 0, 3, 14.06
1747823004, 0, 76, 1047, 1045, 18, 7.18%, 0, 0, 3, 13.73
1747823009, 0, 76, 1048, 1046, 18, 7.18%, 0, 0, 3, 14.09
1747823014, 0, 76, 1049, 1047, 18, 7.18%, 0, 0, 3, 13.67
1747823019, 0, 76, 1050, 1048, 18, 7.18%, 0, 0, 3, 14.17
1747823029, 0, 76, 1051, 1049, 18, 7.18%, 0, 0, 3, 14.05
1747823060, 0, 76, 1052, 1050, 18, 7.18%, 0, 0, 3, 14.41
1747823070, 0, 76, 1054, 1052, 18, 7.18%, 0, 0, 3, 13.73
1747823091, 0, 76, 1055, 1053, 18, 7.18%, 0, 0, 3, 13.76
1747823132, 0, 76, 1056, 1054, 18, 7.18%, 0, 0, 3, 14.02
1747823168, 0, 76, 1057, 1055, 18, 7.18%, 0, 0, 3, 13.93
1747823204, 0, 76, 1058, 1056, 18, 7.18%, 0, 0, 3, 13.85
1747823209, 0, 77, 1059, 1057, 19, 7.18%, 0, 0, 3, 13.65
1747823214, 0, 77, 1060, 1058, 19, 7.21%, 0, 0, 3, 13.71
1747823229, 0, 77, 1061, 1059, 19, 7.21%, 0, 0, 3, 13.79
1747823250, 0, 79, 1061, 1059, 17, 7.21%, 0, 0, 3, 14.12
1747823255, 0, 80, 1061, 1059, 17, 7.21%, 0, 0, 3, 14.30
1747823266, 0, 81, 1061, 1059, 17, 7.21%, 0, 0, 3, 14.07
1747823276, 0, 82, 1061, 1059, 17, 7.21%, 0, 0, 3, 13.69
1747823281, 0, 82, 1062, 1060, 17, 7.21%, 0, 0, 3, 13.61
1747823296, 0, 83, 1062, 1060, 17, 7.21%, 0, 0, 3, 13.82
1747823307, 0, 84, 1064, 1062, 17, 7.21%, 0, 0, 3, 13.36
1747823317, 0, 84, 1065, 1063, 17, 7.21%, 0, 0, 3, 13.28
1747823337, 0, 84, 1066, 1064, 17, 7.21%, 0, 0, 3, 13.30
1747823343, 0, 84, 1067, 1065, 17, 7.21%, 0, 0, 3, 13.52
1747823348, 0, 84, 1068, 1066, 17, 7.21%, 0, 0, 3, 13.28
1747823373, 0, 84, 1069, 1067, 17, 7.21%, 0, 0, 3, 13.57
1747823444, 0, 84, 1070, 1068, 17, 7.21%, 0, 0, 3, 13.82
1747823500, 0, 84, 1071, 1069, 17, 7.21%, 0, 0, 3, 13.24
1747823531, 0, 84, 1072, 1070, 17, 7.21%, 0, 0, 3, 13.40
1747823556, 0, 84, 1073, 1071, 17, 7.21%, 0, 0, 3, 13.34
1747823582, 0, 84, 1074, 1072, 17, 7.21%, 0, 0, 3, 13.19
1747823602, 0, 84, 1075, 1073, 17, 7.21%, 0, 0, 3, 13.64
1747823613, 0, 85, 1075, 1073, 18, 7.21%, 0, 0, 3, 13.83
1747823618, 0, 85, 1076, 1074, 18, 7.22%, 0, 0, 3, 13.43
1747823633, 0, 86, 1076, 1074, 19, 7.22%, 0, 0, 3, 13.23
1747823638, 0, 86, 1078, 1076, 19, 7.22%, 0, 0, 3, 12.84
1747823648, 0, 86, 1079, 1077, 19, 7.22%, 0, 0, 3, 13.39
1747823653, 0, 86, 1080, 1078, 19, 7.22%, 0, 0, 3, 13.65
1747823669, 0, 86, 1081, 1079, 19, 7.22%, 0, 0, 3, 13.36
1747823694, 0, 86, 1083, 1081, 19, 7.22%, 0, 0, 3, 13.39
1747823700, 0, 86, 1084, 1082, 19, 7.22%, 0, 0, 3, 14.36
1747823705, 0, 86, 1085, 1083, 19, 7.22%, 0, 0, 3, 13.83
1747823720, 0, 86, 1086, 1084, 19, 7.22%, 0, 0, 3, 13.62
1747823740, 0, 86, 1088, 1086, 19, 7.22%, 0, 0, 3, 13.35
1747823771, 0, 86, 1089, 1087, 19, 7.38%, 0, 0, 3, 13.90
1747823791, 0, 86, 1090, 1088, 19, 7.38%, 0, 0, 3, 13.52
1747823817, 0, 86, 1091, 1089, 19, 7.38%, 0, 0, 3, 13.37
1747823827, 0, 86, 1092, 1090, 19, 7.38%, 0, 0, 3, 14.06
1747823832, 0, 86, 1093, 1091, 19, 7.38%, 0, 0, 3, 13.44
1747823878, 0, 86, 1094, 1092, 19, 7.38%, 0, 0, 3, 13.73
1747823940, 0, 87, 1095, 1093, 20, 7.38%, 0, 0, 3, 14.38
1747823950, 0, 87, 1096, 1094, 20, 7.38%, 0, 0, 3, 13.50
1747823970, 0, 87, 1097, 1095, 20, 7.38%, 0, 0, 3, 13.72
1747823986, 0, 87, 1098, 1096, 20, 7.38%, 0, 0, 3, 13.84
1747823996, 0, 87, 1099, 1097, 20, 7.39%, 0, 0, 3, 13.64
1747824017, 0, 87, 1100, 1098, 20, 7.39%, 0, 0, 3, 13.15
1747824032, 0, 87, 1101, 1099, 20, 7.39%, 0, 0, 3, 13.18
1747824058, 0, 87, 1102, 1100, 20, 7.39%, 0, 0, 3, 13.44
1747824099, 0, 87, 1103, 1101, 20, 7.40%, 0, 0, 3, 12.97
1747824104, 0, 87, 1105, 1103, 20, 7.40%, 0, 0, 3, 13.00
1747824134, 0, 87, 1106, 1104, 20, 7.40%, 0, 0, 3, 13.69
1747824145, 0, 87, 1107, 1105, 20, 7.43%, 0, 0, 3, 13.58
1747824227, 0, 87, 1108, 1106, 20, 7.43%, 0, 0, 3, 14.26
1747824253, 0, 88, 1109, 1107, 21, 7.43%, 0, 0, 3, 13.46
1747824258, 0, 88, 1110, 1108, 21, 7.43%, 0, 0, 3, 13.48
1747824263, 0, 88, 1111, 1109, 21, 7.49%, 0, 0, 3, 13.24
1747824273, 0, 88, 1112, 1110, 21, 7.49%, 0, 0, 3, 13.61
1747824278, 0, 88, 1113, 1111, 21, 7.49%, 0, 0, 3, 13.86
1747824283, 0, 88, 1114, 1112, 21, 7.49%, 0, 0, 3, 13.43
1747824294, 0, 88, 1116, 1114, 21, 7.49%, 0, 0, 3, 13.17
1747824299, 0, 88, 1118, 1116, 21, 7.49%, 0, 0, 3, 12.77
1747824304, 0, 88, 1119, 1117, 21, 7.49%, 0, 0, 3, 13.23
1747824340, 0, 88, 1120, 1118, 21, 7.49%, 0, 0, 3, 14.02
1747824345, 0, 88, 1121, 1119, 21, 7.49%, 0, 0, 3, 13.52
1747824350, 0, 88, 1122, 1120, 21, 7.49%, 0, 0, 3, 13.26
1747824371, 0, 88, 1123, 1121, 21, 7.49%, 0, 0, 3, 13.36
1747824386, 0, 88, 1124, 1122, 21, 7.49%, 0, 0, 3, 13.63
1747824397, 0, 88, 1125, 1123, 21, 7.49%, 0, 0, 3, 14.22
1747824489, 0, 88, 1126, 1124, 21, 7.49%, 0, 0, 3, 13.77
1747824535, 0, 88, 1127, 1125, 21, 7.49%, 0, 0, 3, 13.15
1747824560, 0, 90, 1128, 1126, 21, 7.49%, 0, 0, 3, 12.83
1747824566, 0, 90, 1129, 1127, 21, 7.49%, 0, 0, 3, 13.28
1747824571, 0, 90, 1130, 1128, 21, 7.50%, 0, 0, 3, 12.72
1747824576, 0, 90, 1132, 1130, 21, 7.50%, 0, 0, 3, 12.42
1747824622, 0, 90, 1133, 1131, 21, 7.50%, 0, 0, 3, 12.61
1747824627, 0, 90, 1134, 1132, 21, 7.50%, 0, 0, 3, 12.99
1747824709, 0, 90, 1135, 1133, 21, 7.50%, 0, 0, 3, 13.07
1747824755, 0, 90, 1136, 1134, 21, 7.50%, 0, 0, 3, 13.04
1747824765, 0, 90, 1137, 1135, 21, 7.50%, 0, 0, 3, 13.64
1747824791, 0, 90, 1138, 1136, 21, 7.50%, 0, 0, 3, 13.71
1747824853, 0, 90, 1139, 1137, 21, 7.50%, 0, 0, 3, 13.14
1747824873, 0, 90, 1140, 1138, 21, 7.50%, 0, 0, 3, 13.13
1747824878, 0, 92, 1140, 1138, 22, 7.50%, 0, 0, 3, 13.38
1747824889, 0, 93, 1140, 1138, 22, 7.50%, 0, 0, 3, 13.47
1747824894, 0, 93, 1141, 1139, 22, 7.50%, 0, 0, 3, 13.13
1747824904, 0, 93, 1142, 1140, 22, 7.50%, 0, 0, 3, 13.12
1747824914, 0, 93, 1143, 1141, 22, 7.50%, 0, 0, 3, 12.90
1747824924, 0, 93, 1144, 1142, 22, 7.50%, 0, 0, 3, 12.57
1747824950, 0, 93, 1145, 1143, 22, 7.50%, 0, 0, 3, 12.38
1747825130, 0, 93, 1146, 1144, 22, 7.50%, 0, 0, 3, 12.98
1747825160, 0, 93, 1147, 1145, 22, 7.50%, 0, 0, 3, 12.73
1747825201, 0, 93, 1148, 1146, 22, 7.50%, 0, 0, 3, 13.34
1747825206, 0, 94, 1148, 1146, 23, 7.50%, 0, 0, 3, 13.03
1747825217, 0, 96, 1148, 1146, 23, 7.50%, 0, 0, 3, 12.72
1747825222, 0, 96, 1149, 1147, 23, 7.50%, 0, 0, 3, 12.60
1747825227, 0, 96, 1150, 1148, 23, 7.50%, 0, 0, 3, 13.17
1747825257, 0, 97, 1151, 1149, 23, 7.50%, 0, 0, 3, 13.21
1747825273, 0, 97, 1152, 1150, 23, 7.50%, 0, 0, 3, 13.39
1747825293, 0, 98, 1152, 1150, 23, 7.50%, 0, 0, 3, 13.88
1747825303, 0, 99, 1153, 1151, 23, 7.50%, 0, 0, 3, 13.08
1747825309, 0, 99, 1154, 1152, 23, 7.50%, 0, 0, 3, 13.07
1747825314, 0, 99, 1155, 1153, 23, 7.50%, 0, 0, 3, 13.23
1747825349, 0, 99, 1157, 1155, 23, 7.50%, 0, 0, 3, 13.01
1747825365, 0, 99, 1158, 1156, 23, 7.50%, 0, 0, 3, 13.04
1747825375, 0, 99, 1159, 1157, 23, 7.50%, 0, 0, 3, 13.05
1747825478, 0, 99, 1160, 1158, 23, 7.50%, 0, 0, 3, 13.81
1747825595, 0, 99, 1161, 1159, 23, 7.50%, 0, 0, 3, 13.18
1747825621, 0, 100, 1161, 1159, 24, 7.50%, 0, 0, 3, 14.04
1747825627, 0, 101, 1161, 1159, 24, 7.50%, 0, 0, 3, 14.39
1747825637, 0, 102, 1161, 1159, 24, 7.50%, 0, 0, 3, 14.16
1747825647, 0, 103, 1161, 1159, 24, 7.50%, 0, 0, 3, 13.85
1747825657, 0, 104, 1161, 1159, 24, 7.50%, 0, 0, 3, 13.52
1747825663, 0, 105, 1161, 1159, 24, 7.50%, 0, 0, 3, 13.29
1747825668, 0, 105, 1162, 1160, 24, 7.57%, 0, 0, 3, 12.44
1747825678, 0, 105, 1163, 1161, 24, 7.57%, 0, 0, 3, 12.75
1747825709, 0, 106, 1163, 1161, 23, 7.57%, 0, 0, 3, 13.08
1747825714, 0, 107, 1163, 1161, 23, 7.57%, 0, 0, 3, 13.45
1747825724, 0, 108, 1163, 1161, 23, 7.57%, 0, 0, 3, 12.87
1747825734, 0, 109, 1163, 1161, 23, 7.57%, 0, 0, 3, 12.73
1747825745, 0, 110, 1163, 1161, 23, 7.57%, 0, 0, 3, 12.83
1747825755, 0, 111, 1163, 1161, 23, 7.57%, 0, 0, 3, 13.21
1747825765, 0, 112, 1164, 1162, 23, 7.57%, 0, 0, 3, 12.60
1747825786, 0, 112, 1165, 1163, 23, 7.57%, 0, 0, 3, 12.80
1747825806, 0, 113, 1165, 1163, 23, 7.57%, 0, 0, 3, 12.82
1747825817, 0, 114, 1165, 1163, 23, 7.57%, 0, 0, 3, 13.40
1747825827, 0, 116, 1165, 1163, 23, 7.57%, 0, 0, 3, 12.84
1747825837, 0, 116, 1166, 1164, 23, 7.57%, 0, 0, 3, 13.72
1747825848, 0, 117, 1166, 1164, 23, 7.57%, 0, 0, 3, 13.11
1747825858, 0, 118, 1166, 1164, 23, 7.57%, 0, 0, 3, 13.36
1747825868, 0, 119, 1166, 1164, 23, 7.57%, 0, 0, 3, 12.65
1747825878, 0, 120, 1166, 1164, 23, 7.57%, 0, 0, 3, 12.27
1747825888, 0, 121, 1167, 1165, 23, 7.57%, 0, 0, 3, 12.57
1747825909, 0, 123, 1167, 1165, 23, 7.57%, 0, 0, 3, 12.71
1747825914, 0, 123, 1168, 1166, 23, 7.57%, 0, 0, 3, 12.26
1747825930, 0, 124, 1168, 1166, 24, 7.57%, 0, 0, 3, 12.39
1747825940, 0, 125, 1168, 1166, 24, 7.57%, 0, 0, 3, 12.54
1747825950, 0, 126, 1168, 1166, 24, 7.57%, 0, 0, 3, 12.76
1747825961, 0, 127, 1168, 1166, 24, 7.57%, 0, 0, 3, 13.94
1747825966, 0, 128, 1168, 1166, 24, 7.57%, 0, 0, 3, 14.60
1747825976, 0, 129, 1168, 1166, 24, 7.57%, 0, 0, 3, 14.52
1747825986, 0, 130, 1168, 1166, 24, 7.57%, 0, 0, 3, 14.02
1747825991, 0, 130, 1169, 1167, 24, 7.57%, 0, 0, 3, 13.30
1747826006, 0, 132, 1169, 1167, 24, 7.57%, 0, 0, 3, 13.26
1747826017, 0, 133, 1169, 1167, 24, 7.57%, 0, 0, 3, 13.01
1747826027, 0, 135, 1169, 1167, 24, 7.57%, 0, 0, 3, 13.28
1747826032, 0, 136, 1169, 1167, 24, 7.57%, 0, 0, 3, 12.95
1747826042, 0, 137, 1169, 1167, 24, 7.57%, 0, 0, 3, 12.80
1747826053, 0, 138, 1169, 1167, 24, 7.57%, 0, 0, 3, 12.34
1747826063, 0, 139, 1169, 1167, 24, 7.57%, 0, 0, 3, 13.31
1747826073, 0, 140, 1169, 1167, 24, 7.57%, 0, 0, 3, 13.08
1747826083, 0, 141, 1169, 1167, 24, 7.57%, 0, 0, 3, 13.20
1747826094, 0, 142, 1169, 1167, 24, 7.57%, 0, 0, 3, 13.03
1747826104, 0, 143, 1169, 1167, 24, 7.57%, 0, 0, 3, 12.92
1747826114, 0, 144, 1169, 1167, 24, 7.57%, 0, 0, 3, 12.77
1747826119, 0, 144, 1170, 1168, 24, 7.57%, 0, 0, 3, 13.07
1747826135, 0, 146, 1170, 1168, 24, 7.57%, 0, 0, 3, 13.82
1747826145, 0, 147, 1170, 1168, 24, 7.57%, 0, 0, 3, 12.86
1747826155, 0, 148, 1170, 1168, 24, 7.57%, 0, 0, 3, 12.81
1747826166, 0, 152, 1170, 1168, 24, 7.57%, 0, 0, 3, 13.08
1747826176, 0, 153, 1171, 1169, 24, 7.57%, 0, 0, 3, 12.74
1747826196, 0, 155, 1171, 1169, 24, 7.57%, 0, 0, 3, 13.45
1747826201, 0, 156, 1171, 1169, 24, 7.57%, 0, 0, 3, 13.37
1747826212, 0, 157, 1171, 1169, 24, 7.57%, 0, 0, 3, 12.65
1747826222, 0, 158, 1171, 1169, 24, 7.57%, 0, 0, 3, 13.46
1747826232, 0, 160, 1171, 1169, 24, 7.57%, 0, 0, 3, 13.52
1747826242, 0, 161, 1171, 1169, 24, 7.57%, 0, 0, 3, 12.90
1747826253, 0, 162, 1171, 1169, 24, 7.57%, 0, 0, 3, 13.31
1747826263, 0, 163, 1171, 1169, 24, 7.57%, 0, 0, 3, 13.56
1747826273, 0, 164, 1171, 1169, 24, 7.57%, 0, 0, 3, 13.51
1747826284, 0, 167, 1171, 1169, 24, 7.57%, 0, 0, 3, 13.17
1747826289, 0, 168, 1171, 1169, 24, 7.57%, 0, 0, 3, 13.18
1747826299, 0, 170, 1171, 1169, 24, 7.57%, 0, 0, 3, 12.87
1747826309, 0, 171, 1171, 1169, 24, 7.57%, 0, 0, 3, 12.97
1747826320, 0, 172, 1171, 1169, 24, 7.57%, 0, 0, 3, 13.26
1747826330, 0, 173, 1171, 1169, 24, 7.57%, 0, 0, 3, 13.23
1747826340, 0, 174, 1171, 1169, 24, 7.57%, 0, 0, 3, 13.98
1747826350, 0, 175, 1171, 1169, 24, 7.57%, 0, 0, 3, 13.36
1747826360, 0, 177, 1171, 1169, 24, 7.57%, 0, 0, 3, 13.69
1747826366, 0, 177, 1172, 1170, 24, 7.57%, 0, 0, 3, 13.30
1747826376, 0, 177, 1173, 1171, 24, 7.57%, 0, 0, 3, 13.09
1747826396, 0, 179, 1173, 1171, 24, 7.57%, 0, 0, 3, 13.66
1747826407, 0, 182, 1173, 1171, 24, 7.57%, 0, 0, 3, 12.56
1747826417, 0, 183, 1173, 1171, 24, 7.57%, 0, 0, 3, 12.99
1747826427, 0, 185, 1173, 1171, 24, 7.57%, 0, 0, 3, 13.78
1747826432, 0, 185, 1174, 1172, 24, 7.57%, 0, 0, 3, 13.28
1747826447, 0, 186, 1174, 1172, 24, 7.57%, 0, 0, 3, 13.23
1747826453, 0, 186, 1175, 1173, 24, 7.57%, 0, 0, 3, 12.57
1747826468, 0, 187, 1175, 1173, 24, 7.57%, 0, 0, 3, 13.64
1747826478, 0, 189, 1175, 1173, 24, 7.57%, 0, 0, 3, 13.32
1747826488, 0, 191, 1175, 1173, 24, 7.57%, 0, 0, 3, 13.38
1747826498, 0, 192, 1175, 1173, 24, 7.57%, 0, 0, 3, 13.16
1747826509, 0, 193, 1175, 1173, 24, 7.57%, 0, 0, 3, 13.43
1747826514, 0, 193, 1176, 1174, 24, 7.57%, 0, 0, 3, 12.71
1747826529, 0, 195, 1176, 1174, 24, 7.57%, 0, 0, 3, 12.54
1747826539, 0, 196, 1176, 1174, 24, 7.57%, 0, 0, 3, 12.91
1747826544, 0, 197, 1176, 1174, 24, 7.57%, 0, 0, 3, 13.89
1747826555, 0, 198, 1176, 1174, 24, 7.57%, 0, 0, 3, 12.74
1747826565, 0, 199, 1176, 1174, 24, 7.57%, 0, 0, 3, 12.94
1747826575, 0, 200, 1176, 1174, 24, 7.57%, 0, 0, 3, 13.37
1747826580, 0, 200, 1177, 1175, 24, 7.57%, 0, 0, 3, 13.24
1747826595, 0, 201, 1177, 1175, 24, 7.57%, 0, 0, 3, 13.28
1747826605, 0, 202, 1177, 1175, 24, 7.57%, 0, 0, 3, 13.28
1747826616, 0, 203, 1177, 1175, 24, 7.57%, 0, 0, 3, 13.93
1747826626, 0, 204, 1177, 1175, 24, 7.57%, 0, 0, 3, 13.67
1747826636, 0, 205, 1177, 1175, 24, 7.57%, 0, 0, 3, 13.25
1747826646, 0, 206, 1177, 1175, 24, 7.57%, 0, 0, 3, 13.59
1747826651, 0, 207, 1177, 1175, 24, 7.57%, 0, 0, 3, 13.43
1747826662, 0, 208, 1177, 1175, 24, 7.57%, 0, 0, 3, 13.22
1747826667, 0, 208, 1178, 1176, 24, 7.57%, 0, 0, 3, 12.46
1747826682, 0, 209, 1178, 1176, 24, 7.57%, 0, 0, 3, 12.83
1747826692, 0, 209, 1179, 1177, 24, 7.57%, 0, 0, 3, 12.56
1747826702, 0, 212, 1179, 1177, 24, 7.57%, 0, 0, 3, 12.62
1747826712, 0, 213, 1179, 1177, 24, 7.57%, 0, 0, 3, 13.31
1747826723, 0, 214, 1179, 1177, 24, 7.57%, 0, 0, 3, 13.25
1747826733, 0, 215, 1179, 1177, 24, 7.57%, 0, 0, 3, 13.25
1747826743, 0, 216, 1179, 1177, 24, 7.57%, 0, 0, 3, 12.98
1747826753, 0, 217, 1179, 1177, 24, 7.57%, 0, 0, 3, 13.61
1747826763, 0, 218, 1179, 1177, 24, 7.57%, 0, 0, 3, 13.29
1747826773, 0, 219, 1179, 1177, 24, 7.57%, 0, 0, 3, 13.20
1747826784, 0, 220, 1179, 1177, 24, 7.57%, 0, 0, 3, 13.43
1747826789, 0, 221, 1179, 1177, 24, 7.57%, 0, 0, 3, 13.49
1747826799, 0, 222, 1179, 1177, 24, 7.57%, 0, 0, 3, 12.97
1747826804, 0, 222, 1180, 1178, 24, 7.57%, 0, 0, 3, 12.72
1747826820, 0, 223, 1180, 1178, 24, 7.57%, 0, 0, 3, 12.63
1747826830, 0, 224, 1180, 1178, 24, 7.57%, 0, 0, 3, 13.41
1747826841, 0, 226, 1180, 1178, 24, 7.57%, 0, 0, 3, 12.84
1747826851, 0, 227, 1180, 1178, 24, 7.57%, 0, 0, 3, 13.01
1747826861, 0, 228, 1180, 1178, 24, 7.57%, 0, 0, 3, 13.15
1747826871, 0, 230, 1180, 1178, 24, 7.57%, 0, 0, 3, 13.14
1747826882, 0, 230, 1181, 1179, 24, 7.57%, 0, 0, 3, 12.83
1747826892, 0, 232, 1182, 1180, 24, 7.57%, 0, 0, 3, 13.37
1747826912, 0, 233, 1182, 1180, 24, 7.57%, 0, 0, 3, 12.89
1747826923, 0, 234, 1182, 1180, 24, 7.57%, 0, 0, 3, 12.51
1747826928, 0, 234, 1183, 1181, 24, 7.57%, 0, 0, 3, 12.37
1747826943, 0, 235, 1183, 1181, 24, 7.57%, 0, 0, 3, 12.79
1747826954, 0, 236, 1183, 1181, 24, 7.57%, 0, 0, 3, 13.08
1747826964, 0, 237, 1183, 1181, 24, 7.57%, 0, 0, 3, 12.86
1747826975, 0, 238, 1183, 1181, 24, 7.57%, 0, 0, 3, 12.83
1747826980, 0, 238, 1184, 1182, 24, 7.57%, 0, 0, 3, 13.45
1747826995, 0, 239, 1184, 1182, 24, 7.57%, 0, 0, 3, 12.75
1747827005, 0, 242, 1185, 1183, 24, 7.57%, 0, 0, 3, 12.75
1747827026, 0, 243, 1185, 1183, 24, 7.57%, 0, 0, 3, 13.16
1747827036, 0, 244, 1185, 1183, 24, 7.57%, 0, 0, 3, 12.79
1747827046, 0, 247, 1185, 1183, 24, 7.57%, 0, 0, 3, 12.49
1747827057, 0, 248, 1185, 1183, 24, 7.57%, 0, 0, 3, 12.86
1747827062, 0, 252, 1185, 1183, 24, 7.57%, 0, 0, 3, 12.60
1747827072, 0, 254, 1185, 1183, 24, 7.57%, 0, 0, 3, 12.83
1747827082, 0, 255, 1185, 1183, 24, 7.57%, 0, 0, 3, 13.09
1747827092, 0, 256, 1185, 1183, 24, 7.57%, 0, 0, 3, 12.31
1747827102, 0, 258, 1185, 1183, 24, 7.57%, 0, 0, 3, 12.95
1747827113, 0, 259, 1185, 1183, 24, 7.57%, 0, 0, 3, 12.63
1747827123, 0, 260, 1185, 1183, 24, 7.57%, 0, 0, 3, 12.97
1747827133, 0, 261, 1185, 1183, 24, 7.57%, 0, 0, 3, 12.57
1747827144, 0, 262, 1185, 1183, 24, 7.57%, 0, 0, 3, 13.48
1747827154, 0, 263, 1185, 1183, 24, 7.57%, 0, 0, 3, 13.50
1747827159, 0, 263, 1186, 1184, 24, 7.57%, 0, 0, 3, 13.07
1747827174, 0, 264, 1186, 1184, 24, 7.57%, 0, 0, 3, 12.65
1747827185, 0, 265, 1186, 1184, 24, 7.57%, 0, 0, 3, 12.76
1747827195, 0, 266, 1186, 1184, 24, 7.57%, 0, 0, 3, 14.01
1747827205, 0, 267, 1186, 1184, 24, 7.57%, 0, 0, 3, 13.70
1747827210, 0, 269, 1186, 1184, 24, 7.57%, 0, 0, 3, 13.29
1747827220, 0, 270, 1186, 1184, 24, 7.57%, 0, 0, 3, 12.79
1747827231, 0, 271, 1186, 1184, 24, 7.57%, 0, 0, 3, 12.55
1747827241, 0, 273, 1186, 1184, 24, 7.57%, 0, 0, 3, 12.45
1747827251, 0, 274, 1186, 1184, 24, 7.57%, 0, 0, 3, 12.49
1747827261, 0, 276, 1186, 1184, 24, 7.57%, 0, 0, 3, 13.12
1747827272, 0, 277, 1186, 1184, 24, 7.57%, 0, 0, 3, 13.51
1747827277, 0, 277, 1187, 1185, 24, 7.58%, 0, 0, 3, 12.43
1747827292, 0, 279, 1187, 1185, 24, 7.58%, 0, 0, 3, 12.48
1747827297, 0, 279, 1188, 1186, 24, 7.58%, 0, 0, 3, 12.57
1747827312, 0, 280, 1188, 1186, 24, 7.58%, 0, 0, 3, 12.66
1747827322, 0, 282, 1188, 1186, 24, 7.58%, 0, 0, 3, 13.55
1747827328, 0, 282, 1189, 1187, 24, 7.58%, 0, 0, 3, 12.45
1747827343, 0, 283, 1189, 1187, 24, 7.58%, 0, 0, 3, 12.95
1747827353, 0, 284, 1189, 1187, 24, 7.58%, 0, 0, 3, 12.69
1747827358, 0, 284, 1190, 1188, 24, 7.58%, 0, 0, 3, 13.13
1747827369, 0, 284, 1191, 1189, 24, 7.59%, 0, 0, 3, 13.33
1747827394, 0, 286, 1191, 1189, 24, 7.59%, 0, 0, 3, 12.72
1747827404, 0, 288, 1191, 1189, 24, 7.59%, 0, 0, 3, 13.00
1747827414, 0, 289, 1192, 1190, 24, 7.59%, 0, 0, 3, 13.32
1747827435, 0, 291, 1192, 1190, 24, 7.59%, 0, 0, 3, 13.34
1747827445, 0, 292, 1192, 1190, 24, 7.59%, 0, 0, 3, 13.59
1747827450, 0, 293, 1192, 1190, 24, 7.59%, 0, 0, 3, 13.57
1747827461, 0, 294, 1192, 1190, 24, 7.59%, 0, 0, 3, 12.32
1747827471, 0, 295, 1192, 1190, 24, 7.59%, 0, 0, 3, 13.28
1747827481, 0, 296, 1192, 1190, 24, 7.59%, 0, 0, 3, 12.36
1747827492, 0, 297, 1192, 1190, 24, 7.59%, 0, 0, 3, 12.37
1747827502, 0, 298, 1192, 1190, 24, 7.59%, 0, 0, 3, 12.61
1747827512, 0, 301, 1192, 1190, 24, 7.59%, 0, 0, 3, 12.62
1747827522, 0, 302, 1192, 1190, 24, 7.59%, 0, 0, 3, 13.13
1747827533, 0, 303, 1192, 1190, 24, 7.59%, 0, 0, 3, 13.53
1747827543, 0, 304, 1192, 1190, 24, 7.59%, 0, 0, 3, 13.11
1747827553, 0, 306, 1193, 1191, 24, 7.59%, 0, 0, 3, 13.15
1747827573, 0, 307, 1193, 1191, 24, 7.59%, 0, 0, 3, 12.94
1747827584, 0, 308, 1193, 1191, 24, 7.59%, 0, 0, 3, 13.62
1747827594, 0, 309, 1193, 1191, 24, 7.59%, 0, 0, 3, 13.67
1747827599, 0, 309, 1194, 1192, 24, 7.59%, 0, 0, 3, 13.20
1747827609, 0, 309, 1196, 1194, 24, 7.59%, 0, 0, 3, 13.29
1747827670, 0, 310, 1196, 1194, 24, 7.59%, 0, 0, 3, 13.48
1747827680, 0, 312, 1196, 1194, 24, 7.59%, 0, 0, 3, 13.02
1747827691, 0, 313, 1196, 1194, 24, 7.59%, 0, 0, 3, 12.18
1747827701, 0, 314, 1196, 1194, 24, 7.59%, 0, 0, 3, 13.16
1747827711, 0, 315, 1196, 1194, 24, 7.59%, 0, 0, 3, 13.20
1747827721, 0, 316, 1196, 1194, 24, 7.59%, 0, 0, 3, 13.77
1747827727, 0, 317, 1196, 1194, 24, 7.59%, 0, 0, 3, 13.37
1747827737, 0, 319, 1196, 1194, 24, 7.59%, 0, 0, 3, 12.32
1747827752, 0, 320, 1196, 1194, 24, 7.59%, 0, 0, 3, 13.62
1747827757, 0, 321, 1196, 1194, 24, 7.59%, 0, 0, 3, 13.66
1747827768, 0, 322, 1197, 1195, 24, 7.59%, 0, 0, 3, 12.14
1747827788, 0, 323, 1197, 1195, 24, 7.59%, 0, 0, 3, 12.89
1747827798, 0, 324, 1197, 1195, 24, 7.59%, 0, 0, 3, 14.11
1747827809, 0, 326, 1197, 1195, 24, 7.59%, 0, 0, 3, 13.53
1747827819, 0, 327, 1197, 1195, 24, 7.59%, 0, 0, 3, 13.34
1747827829, 0, 328, 1197, 1195, 24, 7.59%, 0, 0, 3, 13.04
1747827839, 0, 330, 1197, 1195, 24, 7.59%, 0, 0, 3, 13.00
1747827850, 0, 333, 1198, 1196, 24, 7.59%, 0, 0, 3, 12.68
1747827865, 0, 333, 1199, 1197, 24, 7.62%, 0, 0, 3, 13.04
1747827891, 0, 334, 1199, 1197, 24, 7.62%, 0, 0, 3, 12.94
1747827901, 0, 337, 1199, 1197, 24, 7.62%, 0, 0, 3, 13.08
1747827911, 0, 338, 1199, 1197, 24, 7.62%, 0, 0, 3, 12.89
1747827916, 0, 339, 1199, 1197, 24, 7.62%, 0, 0, 3, 13.32
1747827927, 0, 340, 1199, 1197, 24, 7.62%, 0, 0, 3, 13.43
1747827937, 0, 341, 1199, 1197, 24, 7.62%, 0, 0, 3, 13.32
1747827947, 0, 342, 1199, 1197, 24, 7.62%, 0, 0, 3, 13.38
1747827957, 0, 343, 1199, 1197, 24, 7.62%, 0, 0, 3, 13.60
1747827967, 0, 344, 1199, 1197, 24, 7.62%, 0, 0, 3, 13.54
1747827978, 0, 345, 1199, 1197, 24, 7.62%, 0, 0, 3, 13.08
1747827988, 0, 348, 1199, 1197, 24, 7.62%, 0, 0, 3, 12.84
1747827998, 0, 349, 1199, 1197, 24, 7.62%, 0, 0, 3, 12.51
1747828009, 0, 350, 1199, 1197, 24, 7.62%, 0, 0, 3, 13.37
1747828019, 0, 351, 1199, 1197, 24, 7.62%, 0, 0, 3, 12.77
1747828030, 0, 352, 1199, 1197, 24, 7.62%, 0, 0, 3, 12.52
1747828040, 0, 353, 1199, 1197, 24, 7.62%, 0, 0, 3, 12.21
1747828045, 0, 353, 1200, 1198, 24, 7.62%, 0, 0, 3, 12.16
1747828060, 0, 354, 1200, 1198, 24, 7.62%, 0, 0, 3, 12.73
1747828071, 0, 355, 1201, 1199, 24, 7.62%, 0, 0, 3, 13.04
1747828091, 0, 356, 1201, 1199, 24, 7.62%, 0, 0, 3, 13.77
1747828101, 0, 357, 1201, 1199, 24, 7.62%, 0, 0, 3, 12.50
1747828107, 0, 357, 1202, 1200, 24, 7.62%, 0, 0, 3, 12.09
1747828112, 0, 357, 1203, 1201, 24, 7.62%, 0, 0, 3, 11.93
1747828143, 0, 358, 1203, 1201, 25, 7.62%, 0, 0, 3, 12.90
1747828153, 0, 360, 1203, 1201, 25, 7.62%, 0, 0, 3, 13.21
1747828163, 0, 362, 1204, 1202, 25, 7.62%, 0, 0, 3, 12.41
1747828173, 0, 362, 1205, 1203, 25, 7.62%, 0, 0, 3, 11.86
1747828178, 0, 362, 1206, 1204, 25, 7.62%, 0, 0, 3, 11.39
1747828184, 0, 362, 1207, 1205, 25, 7.62%, 0, 0, 3, 11.28
1747828204, 0, 362, 1208, 1206, 25, 7.62%, 0, 0, 3, 12.00
1747828225, 0, 362, 1209, 1207, 25, 7.62%, 0, 0, 3, 11.38
1747828502, 0, 363, 1209, 1207, 25, 7.62%, 0, 0, 3, 12.07
1747828512, 0, 364, 1209, 1207, 25, 7.62%, 0, 0, 3, 11.70
1747828523, 0, 365, 1209, 1207, 25, 7.62%, 0, 0, 3, 12.19
1747828533, 0, 367, 1209, 1207, 25, 7.62%, 0, 0, 3, 12.11
1747828543, 0, 368, 1209, 1207, 25, 7.62%, 0, 0, 3, 13.06
1747828553, 0, 369, 1209, 1207, 25, 7.62%, 0, 0, 3, 12.84
1747828564, 0, 371, 1209, 1207, 25, 7.62%, 0, 0, 3, 12.19
1747828574, 0, 372, 1209, 1207, 25, 7.62%, 0, 0, 3, 11.72
1747828584, 0, 373, 1209, 1207, 25, 7.62%, 0, 0, 3, 12.15
1747828594, 0, 373, 1210, 1208, 25, 7.62%, 0, 0, 3, 11.67
1747828610, 0, 376, 1210, 1208, 25, 7.62%, 0, 0, 3, 11.85
1747828620, 0, 377, 1210, 1208, 25, 7.62%, 0, 0, 3, 12.95
1747828630, 0, 378, 1210, 1208, 25, 7.62%, 0, 0, 3, 12.34
1747828641, 0, 380, 1210, 1208, 25, 7.62%, 0, 0, 3, 12.67
1747828651, 0, 381, 1210, 1208, 25, 7.62%, 0, 0, 3, 13.70
1747828661, 0, 382, 1210, 1208, 25, 7.62%, 0, 0, 3, 12.43
1747828671, 0, 383, 1210, 1208, 25, 7.62%, 0, 0, 3, 12.51
1747828682, 0, 384, 1210, 1208, 25, 7.62%, 0, 0, 3, 12.15
1747828692, 0, 385, 1210, 1208, 25, 7.62%, 0, 0, 3, 12.05
1747828702, 0, 385, 1211, 1209, 25, 7.64%, 0, 0, 3, 11.83
1747828707, 0, 385, 1212, 1210, 25, 7.64%, 0, 0, 3, 11.96
1747828717, 0, 385, 1213, 1211, 25, 7.64%, 0, 0, 3, 11.67
1747828723, 0, 385, 1214, 1212, 25, 7.64%, 0, 0, 3, 11.60
1747828748, 0, 385, 1215, 1213, 25, 7.64%, 0, 0, 3, 12.26
1747828866, 0, 385, 1216, 1214, 25, 7.64%, 0, 0, 3, 12.30
1747829035, 0, 386, 1216, 1214, 23, 7.64%, 0, 0, 3, 12.05
1747829046, 0, 388, 1216, 1214, 23, 7.64%, 0, 0, 3, 11.74
1747829056, 0, 389, 1216, 1214, 23, 7.64%, 0, 0, 3, 12.12
1747829066, 0, 390, 1216, 1214, 23, 7.64%, 0, 0, 3, 12.60
1747829076, 0, 391, 1216, 1214, 23, 7.64%, 0, 0, 3, 12.29
1747829082, 0, 391, 1217, 1215, 23, 7.79%, 0, 0, 3, 11.68
1747829097, 0, 392, 1217, 1215, 22, 7.79%, 0, 0, 3, 12.07
1747829102, 0, 392, 1218, 1216, 22, 7.79%, 0, 0, 3, 11.50
1747829117, 0, 392, 1219, 1217, 22, 7.79%, 0, 0, 3, 11.85
1747829133, 0, 392, 1220, 1218, 22, 7.79%, 0, 0, 3, 11.42
1747829143, 0, 392, 1222, 1220, 22, 7.79%, 0, 0, 3, 11.04
1747829148, 0, 392, 1223, 1221, 22, 7.79%, 0, 0, 3, 11.18
1747829169, 0, 392, 1225, 1223, 22, 7.79%, 0, 0, 3, 11.16
1747829184, 0, 392, 1226, 1224, 22, 7.79%, 0, 0, 3, 11.52
1747829190, 0, 392, 1227, 1225, 22, 7.79%, 0, 0, 3, 10.86
1747829257, 0, 392, 1228, 1226, 22, 7.79%, 0, 0, 3, 11.59
1747829344, 0, 392, 1229, 1227, 22, 7.79%, 0, 0, 3, 10.77
1747829375, 0, 392, 1230, 1228, 22, 7.79%, 0, 0, 3, 11.36
1747829421, 0, 392, 1231, 1229, 22, 7.79%, 0, 0, 3, 11.55
1747829436, 0, 392, 1232, 1230, 22, 7.79%, 0, 0, 3, 11.15
1747829447, 0, 392, 1233, 1231, 22, 7.79%, 0, 0, 3, 11.63
1747829452, 0, 392, 1234, 1232, 22, 7.79%, 0, 0, 3, 11.32
1747829462, 0, 393, 1234, 1232, 23, 7.79%, 0, 0, 3, 11.17
1747829472, 0, 396, 1234, 1232, 23, 7.79%, 0, 0, 3, 11.73
1747829483, 0, 396, 1235, 1233, 23, 7.79%, 0, 0, 3, 11.07
1747829498, 0, 397, 1235, 1233, 23, 7.79%, 0, 0, 3, 11.82
1747829508, 0, 398, 1235, 1233, 23, 7.79%, 0, 0, 3, 13.04
1747829519, 0, 400, 1235, 1233, 23, 7.79%, 0, 0, 3, 12.82
1747829524, 0, 400, 1236, 1234, 23, 7.79%, 0, 0, 3, 11.56
1747829539, 0, 402, 1236, 1234, 23, 7.79%, 0, 0, 3, 11.61
1747829549, 0, 402, 1237, 1235, 23, 7.79%, 0, 0, 3, 10.79
1747829565, 0, 403, 1237, 1235, 23, 7.79%, 0, 0, 3, 11.81
1747829575, 0, 404, 1237, 1235, 23, 7.79%, 0, 0, 3, 11.91
1747829580, 0, 404, 1238, 1236, 23, 7.79%, 0, 0, 3, 11.18
1747829585, 0, 404, 1239, 1237, 23, 7.79%, 0, 0, 3, 11.15
1747829595, 0, 404, 1240, 1238, 23, 7.79%, 0, 0, 3, 11.71
1747829605, 0, 404, 1241, 1239, 23, 7.79%, 0, 0, 3, 11.17
1747829631, 0, 404, 1242, 1240, 23, 7.79%, 0, 0, 3, 11.15
1747829677, 0, 404, 1243, 1241, 23, 7.79%, 0, 0, 3, 11.44
1747829744, 0, 404, 1244, 1242, 23, 7.79%, 0, 0, 3, 11.62
1747829810, 0, 404, 1245, 1243, 23, 7.79%, 0, 0, 3, 11.70
1747829831, 0, 404, 1246, 1244, 23, 7.79%, 0, 0, 3, 11.08
1747829923, 0, 405, 1246, 1244, 23, 7.79%, 0, 0, 3, 12.27
1747829939, 0, 406, 1247, 1245, 23, 7.79%, 0, 0, 3, 10.84
1747829954, 0, 406, 1248, 1246, 23, 7.79%, 0, 0, 3, 11.57
1747829979, 0, 408, 1248, 1246, 23, 7.79%, 0, 0, 3, 11.86
1747829995, 0, 409, 1248, 1246, 23, 7.79%, 0, 0, 3, 13.07
1747830000, 0, 409, 1249, 1247, 23, 7.79%, 0, 0, 3, 13.14
1747830010, 0, 411, 1249, 1247, 23, 7.79%, 0, 0, 3, 13.80
1747830020, 0, 412, 1249, 1247, 23, 7.79%, 0, 0, 3, 13.07
1747830031, 0, 412, 1250, 1248, 23, 7.81%, 0, 0, 3, 11.28
1747830036, 0, 412, 1251, 1249, 23, 7.81%, 0, 0, 3, 12.27
1747830066, 0, 413, 1251, 1249, 23, 7.81%, 0, 0, 3, 11.53
1747830076, 0, 415, 1252, 1250, 23, 7.81%, 0, 0, 3, 11.05
1747830097, 0, 415, 1253, 1251, 23, 7.81%, 0, 0, 3, 11.13
1747830112, 0, 415, 1254, 1252, 23, 7.81%, 0, 0, 3, 10.93
1747830164, 0, 415, 1255, 1253, 23, 7.81%, 0, 0, 3, 10.83
1747830189, 0, 415, 1256, 1254, 23, 7.81%, 0, 0, 3, 10.89
1747830287, 0, 415, 1257, 1255, 23, 7.81%, 0, 0, 3, 11.00
1747830426, 0, 415, 1258, 1256, 23, 7.81%, 0, 0, 3, 11.38
1747830441, 0, 416, 1258, 1256, 23, 7.81%, 0, 0, 3, 11.54
1747830451, 0, 417, 1258, 1256, 23, 7.81%, 0, 0, 3, 12.20
1747830457, 0, 417, 1259, 1257, 23, 7.81%, 0, 0, 3, 12.18
1747830462, 0, 417, 1261, 1259, 23, 7.81%, 0, 0, 3, 10.79
1747830503, 0, 417, 1262, 1260, 23, 7.81%, 0, 0, 3, 11.51
1747830529, 0, 417, 1264, 1262, 23, 7.81%, 0, 0, 3, 10.74
1747830539, 0, 417, 1265, 1263, 23, 7.81%, 0, 0, 3, 11.67
1747830544, 0, 417, 1266, 1264, 23, 7.81%, 0, 0, 3, 11.91
1747830595, 0, 417, 1267, 1265, 23, 7.81%, 0, 0, 3, 11.58
1747830615, 0, 417, 1268, 1266, 23, 7.81%, 0, 0, 3, 12.03
1747830620, 0, 417, 1269, 1267, 23, 7.81%, 0, 0, 3, 11.40
1747830687, 0, 417, 1270, 1268, 23, 7.81%, 0, 0, 3, 11.58
1747830702, 0, 417, 1271, 1269, 23, 7.81%, 0, 0, 3, 11.15
1747830728, 0, 417, 1272, 1270, 23, 7.81%, 0, 0, 3, 11.54
1747830759, 0, 417, 1273, 1271, 23, 7.81%, 0, 0, 3, 11.69
1747830779, 0, 417, 1274, 1272, 23, 7.81%, 0, 0, 3, 11.94
1747830810, 0, 418, 1274, 1272, 23, 7.81%, 0, 0, 3, 12.22
1747830820, 0, 419, 1274, 1272, 23, 7.81%, 0, 0, 3, 11.72
1747830836, 0, 420, 1274, 1272, 23, 7.81%, 0, 0, 3, 12.09
1747830846, 0, 421, 1275, 1273, 23, 7.81%, 0, 0, 3, 11.67
1747830861, 0, 421, 1276, 1274, 23, 7.81%, 0, 0, 3, 11.34
1747830866, 0, 421, 1277, 1275, 23, 7.81%, 0, 0, 3, 11.09
1747830923, 0, 421, 1278, 1276, 23, 7.81%, 0, 0, 3, 11.43
1747830933, 0, 421, 1279, 1277, 23, 7.81%, 0, 0, 3, 11.60
1747830943, 0, 421, 1280, 1278, 23, 7.81%, 0, 0, 3, 11.67
1747830948, 0, 421, 1281, 1279, 23, 7.81%, 0, 0, 3, 11.57
1747831046, 0, 421, 1282, 1280, 23, 7.81%, 0, 0, 3, 11.09
1747831159, 0, 421, 1283, 1281, 23, 7.81%, 0, 0, 3, 11.60
1747831175, 0, 421, 1284, 1282, 23, 7.81%, 0, 0, 3, 10.89
1747831180, 0, 421, 1285, 1283, 23, 7.81%, 0, 0, 3, 10.55
1747831200, 0, 423, 1285, 1283, 23, 7.81%, 0, 0, 3, 12.70
1747831210, 0, 424, 1285, 1283, 23, 7.81%, 0, 0, 3, 13.25
1747831226, 0, 425, 1286, 1284, 23, 7.81%, 0, 0, 3, 11.13
1747831246, 0, 426, 1286, 1284, 23, 7.81%, 0, 0, 3, 11.61
1747831256, 0, 427, 1286, 1284, 23, 7.81%, 0, 0, 3, 12.80
1747831266, 0, 430, 1286, 1284, 23, 7.81%, 0, 0, 3, 12.24
1747831277, 0, 432, 1286, 1284, 23, 7.81%, 0, 0, 3, 11.91
1747831287, 0, 433, 1286, 1284, 23, 7.81%, 0, 0, 3, 12.38
1747831297, 0, 434, 1286, 1284, 23, 7.81%, 0, 0, 3, 12.01
1747831307, 0, 435, 1286, 1284, 23, 7.81%, 0, 0, 3, 11.83
1747831323, 0, 436, 1286, 1284, 23, 7.81%, 0, 0, 3, 12.85
1747831328, 0, 438, 1286, 1284, 23, 7.81%, 0, 0, 3, 12.94
1747831333, 0, 438, 1288, 1286, 23, 7.82%, 0, 0, 3, 10.67
1747831343, 0, 438, 1289, 1287, 23, 7.83%, 0, 0, 3, 10.88
1747831363, 0, 438, 1290, 1288, 23, 7.83%, 0, 0, 3, 10.69
1747831425, 0, 438, 1291, 1289, 23, 7.83%, 0, 0, 3, 11.58
1747831492, 0, 438, 1292, 1290, 23, 7.83%, 0, 0, 3, 10.54
1747831568, 0, 438, 1293, 1291, 23, 7.83%, 0, 0, 3, 10.73
1747831650, 0, 438, 1294, 1292, 23, 7.83%, 0, 0, 3, 11.00
1747831707, 0, 439, 1294, 1292, 25, 7.83%, 0, 0, 3, 10.65
1747831717, 0, 439, 1295, 1293, 25, 7.84%, 0, 0, 3, 10.41
1747831733, 0, 442, 1295, 1293, 26, 7.84%, 0, 0, 3, 11.39
1747831743, 0, 443, 1295, 1293, 26, 7.84%, 0, 0, 3, 11.11
1747831753, 0, 445, 1295, 1293, 26, 7.84%, 0, 0, 3, 11.17
1747831758, 0, 445, 1296, 1294, 26, 7.84%, 0, 0, 3, 10.76
1747831779, 0, 446, 1296, 1294, 26, 7.84%, 0, 0, 3, 10.99
1747831789, 0, 447, 1296, 1294, 26, 7.84%, 0, 0, 3, 10.69
1747831794, 0, 447, 1297, 1295, 26, 7.84%, 0, 0, 3, 10.66
1747831810, 0, 447, 1298, 1296, 26, 7.84%, 0, 0, 3, 10.61
1747831841, 0, 448, 1298, 1296, 26, 7.84%, 0, 0, 3, 10.87
1747831851, 0, 449, 1298, 1296, 26, 7.84%, 0, 0, 3, 11.13
1747831861, 0, 450, 1298, 1296, 26, 7.84%, 0, 0, 3, 11.06
1747831866, 0, 450, 1299, 1297, 26, 7.84%, 0, 0, 3, 10.92
1747831887, 0, 452, 1299, 1297, 26, 7.84%, 0, 0, 3, 10.72
1747831892, 0, 452, 1300, 1298, 26, 7.84%, 0, 0, 3, 10.53
1747831912, 0, 453, 1300, 1298, 26, 7.84%, 0, 0, 3, 11.10
1747831923, 0, 454, 1300, 1298, 26, 7.84%, 0, 0, 3, 12.56
1747831933, 0, 456, 1300, 1298, 26, 7.84%, 0, 0, 3, 12.60
1747831943, 0, 457, 1301, 1299, 26, 7.84%, 0, 0, 3, 10.99
1747831953, 0, 457, 1302, 1300, 26, 7.84%, 0, 0, 3, 10.29
1747831958, 0, 457, 1303, 1301, 26, 7.84%, 0, 0, 3, 10.74
1747831989, 0, 457, 1304, 1302, 26, 7.84%, 0, 0, 3, 10.47
1747831999, 0, 457, 1306, 1304, 26, 7.84%, 0, 0, 3, 10.42
1747832097, 0, 457, 1307, 1305, 26, 7.84%, 0, 0, 3, 10.60
1747832112, 0, 457, 1308, 1306, 26, 7.84%, 0, 0, 3, 10.31
1747832153, 0, 457, 1309, 1307, 26, 7.84%, 0, 0, 3, 10.70
1747832169, 0, 457, 1310, 1308, 26, 7.84%, 0, 0, 3, 10.91
1747832265, 0, 457, 1311, 1309, 26, 7.84%, 0, 0, 3, 10.65
1747832322, 0, 458, 1311, 1309, 27, 7.84%, 0, 0, 3, 11.45
1747832332, 0, 460, 1311, 1309, 27, 7.84%, 0, 0, 3, 11.09
1747832337, 0, 460, 1312, 1310, 27, 7.84%, 0, 0, 3, 10.41
1747832353, 0, 460, 1313, 1311, 27, 7.84%, 0, 0, 3, 10.20
1747832368, 0, 460, 1314, 1312, 27, 7.84%, 0, 0, 3, 10.12
1747832383, 0, 460, 1315, 1313, 27, 7.84%, 0, 0, 3, 10.42
1747832388, 0, 460, 1316, 1314, 27, 7.84%, 0, 0, 3, 10.68
1747832394, 0, 460, 1317, 1315, 27, 7.85%, 0, 0, 3, 10.71
1747832399, 0, 460, 1318, 1316, 27, 7.85%, 0, 0, 3, 10.32
1747832419, 0, 460, 1319, 1317, 27, 7.85%, 0, 0, 3, 10.89
1747832435, 0, 460, 1320, 1318, 27, 7.85%, 0, 0, 3, 11.14
1747832496, 0, 460, 1321, 1319, 27, 7.85%, 0, 0, 3, 10.85
1747832512, 0, 460, 1322, 1320, 27, 7.85%, 0, 0, 3, 10.18
1747832548, 0, 460, 1323, 1321, 27, 7.85%, 0, 0, 3, 10.96
1747832558, 0, 460, 1324, 1322, 27, 7.85%, 0, 0, 3, 10.80
1747832599, 0, 460, 1325, 1323, 27, 7.91%, 0, 0, 3, 11.48
1747832717, 0, 461, 1325, 1323, 29, 7.91%, 0, 0, 3, 11.22
1747832728, 0, 462, 1325, 1323, 29, 7.91%, 0, 0, 3, 11.35
1747832738, 0, 463, 1325, 1323, 29, 7.91%, 0, 0, 3, 12.05
1747832748, 0, 464, 1325, 1323, 29, 7.91%, 0, 0, 3, 12.65
1747832753, 0, 464, 1326, 1324, 29, 7.91%, 0, 0, 3, 10.67
1747832764, 0, 464, 1327, 1325, 29, 7.91%, 0, 0, 3, 10.15
1747832789, 0, 464, 1328, 1326, 29, 7.91%, 0, 0, 3, 10.70
1747832794, 0, 464, 1329, 1327, 29, 7.91%, 0, 0, 3, 9.78
1747832810, 0, 464, 1330, 1328, 29, 7.91%, 0, 0, 3, 10.71
1747832856, 0, 464, 1331, 1329, 29, 7.91%, 0, 0, 3, 11.25
1747832871, 0, 464, 1332, 1330, 29, 7.91%, 0, 0, 3, 10.41
1747832876, 0, 464, 1334, 1332, 29, 7.91%, 0, 0, 3, 10.06
1747832902, 0, 464, 1335, 1333, 29, 7.91%, 0, 0, 3, 10.48
1747832927, 0, 464, 1336, 1334, 29, 7.91%, 0, 0, 3, 10.41
1747832938, 0, 464, 1337, 1335, 29, 7.91%, 0, 0, 3, 10.96
1747832943, 0, 464, 1338, 1336, 29, 7.91%, 0, 0, 3, 10.30
1747832979, 0, 464, 1339, 1337, 29, 7.91%, 0, 0, 3, 10.68
1747832989, 0, 464, 1340, 1338, 29, 7.91%, 0, 0, 3, 10.60
1747833040, 0, 464, 1341, 1339, 29, 7.91%, 0, 0, 3, 10.29
1747833137, 0, 465, 1341, 1339, 30, 7.91%, 0, 0, 3, 10.69
1747833147, 0, 466, 1341, 1339, 30, 7.91%, 0, 0, 3, 10.81
1747833163, 0, 469, 1341, 1339, 30, 7.91%, 0, 0, 3, 10.42
1747833173, 0, 470, 1341, 1339, 30, 7.91%, 0, 0, 3, 10.78
1747833178, 0, 470, 1342, 1340, 30, 7.91%, 0, 0, 3, 10.80
1747833199, 0, 471, 1342, 1340, 30, 7.91%, 0, 0, 3, 10.98
1747833204, 0, 471, 1343, 1341, 30, 7.91%, 0, 0, 3, 10.26
1747833209, 0, 471, 1344, 1342, 30, 7.91%, 0, 0, 3, 10.84
1747833214, 0, 471, 1345, 1343, 30, 8.01%, 0, 0, 3, 10.81
1747833230, 0, 471, 1346, 1344, 30, 8.01%, 0, 0, 3, 10.74
1747833261, 0, 471, 1347, 1345, 30, 8.01%, 0, 0, 3, 10.16
1747833286, 0, 471, 1348, 1346, 30, 8.01%, 0, 0, 3, 10.58
1747833291, 0, 471, 1350, 1348, 30, 8.01%, 0, 0, 3, 10.36
1747833312, 0, 471, 1351, 1349, 30, 8.01%, 0, 0, 3, 10.70
1747833317, 0, 471, 1352, 1350, 30, 8.01%, 0, 0, 3, 10.20
1747833353, 0, 471, 1353, 1351, 30, 8.01%, 0, 0, 3, 10.36
1747833363, 0, 471, 1354, 1352, 30, 8.01%, 0, 0, 3, 10.31
1747833368, 0, 471, 1355, 1353, 30, 8.01%, 0, 0, 3, 10.33
1747833420, 0, 471, 1356, 1354, 30, 8.01%, 0, 0, 3, 10.70
1747833563, 0, 471, 1357, 1355, 30, 8.01%, 0, 0, 3, 10.44
1747833589, 0, 473, 1357, 1355, 29, 8.01%, 0, 0, 3, 12.37
1747833599, 0, 474, 1357, 1355, 29, 8.01%, 0, 0, 3, 13.46
1747833609, 0, 475, 1357, 1355, 29, 8.01%, 0, 0, 3, 11.78
1747833614, 0, 475, 1358, 1356, 29, 8.01%, 0, 0, 3, 10.90
1747833630, 0, 475, 1359, 1357, 29, 8.01%, 0, 0, 3, 10.36
1747833655, 0, 476, 1359, 1357, 29, 8.01%, 0, 0, 3, 11.12
1747833665, 0, 477, 1359, 1357, 29, 8.01%, 0, 0, 3, 10.68
1747833670, 0, 477, 1360, 1358, 29, 8.01%, 0, 0, 3, 10.23
1747833675, 0, 477, 1361, 1359, 29, 8.01%, 0, 0, 3, 10.23
1747833680, 0, 477, 1362, 1360, 29, 8.01%, 0, 0, 3, 10.19
1747833691, 0, 477, 1363, 1361, 29, 8.01%, 0, 0, 3, 10.20
1747833721, 0, 477, 1364, 1362, 29, 8.01%, 0, 0, 3, 10.35
1747833737, 0, 477, 1365, 1363, 29, 8.01%, 0, 0, 3, 10.72
1747833767, 0, 477, 1366, 1364, 29, 8.01%, 0, 0, 3, 11.08
1747833793, 0, 477, 1367, 1365, 29, 8.01%, 0, 0, 3, 10.06
1747833916, 0, 477, 1368, 1366, 29, 8.01%, 0, 0, 3, 10.18
1747833967, 0, 477, 1369, 1367, 29, 8.02%, 0, 0, 3, 10.47
1747833977, 0, 477, 1370, 1368, 29, 8.02%, 0, 0, 3, 10.81
1747834018, 0, 477, 1371, 1369, 29, 8.02%, 0, 0, 3, 10.31
1747834029, 0, 477, 1373, 1371, 29, 8.02%, 0, 0, 3, 10.52
1747834034, 0, 477, 1374, 1372, 29, 8.02%, 0, 0, 3, 10.45
1747834039, 0, 477, 1375, 1373, 29, 8.02%, 0, 0, 3, 10.28
1747834065, 0, 478, 1375, 1373, 30, 8.02%, 0, 0, 3, 10.75
1747834075, 0, 479, 1375, 1373, 30, 8.02%, 0, 0, 3, 11.05
1747834080, 0, 479, 1376, 1374, 30, 8.02%, 0, 0, 3, 10.09
1747834091, 0, 479, 1377, 1375, 30, 8.02%, 0, 0, 3, 9.89
1747834106, 0, 479, 1378, 1376, 30, 8.02%, 0, 0, 3, 9.90
1747834173, 0, 480, 1378, 1376, 30, 8.02%, 0, 0, 3, 10.87
1747834188, 0, 481, 1378, 1376, 30, 8.02%, 0, 0, 3, 10.70
1747834198, 0, 482, 1378, 1376, 30, 8.02%, 0, 0, 3, 10.64
1747834209, 0, 483, 1378, 1376, 30, 8.02%, 0, 0, 3, 11.39
1747834224, 0, 486, 1378, 1376, 30, 8.02%, 0, 0, 3, 10.53
1747834234, 0, 487, 1378, 1376, 30, 8.02%, 0, 0, 3, 10.88
1747834250, 0, 488, 1378, 1376, 30, 8.02%, 0, 0, 3, 12.54
1747834255, 0, 489, 1378, 1376, 30, 8.02%, 0, 0, 3, 13.11
1747834270, 0, 490, 1378, 1376, 30, 8.02%, 0, 0, 3, 10.80
1747834280, 0, 491, 1378, 1376, 30, 8.02%, 0, 0, 3, 10.79
1747834290, 0, 492, 1378, 1376, 30, 8.02%, 0, 0, 3, 10.79
1747834295, 0, 492, 1379, 1377, 30, 8.03%, 0, 0, 3, 10.36
1747834300, 0, 492, 1381, 1379, 30, 8.03%, 0, 0, 3, 9.79
1747834306, 0, 492, 1382, 1380, 30, 8.03%, 0, 0, 3, 10.46
1747834316, 0, 492, 1383, 1381, 30, 8.03%, 0, 0, 3, 10.09
1747834336, 0, 492, 1384, 1382, 30, 8.03%, 0, 0, 3, 9.93
1747834377, 0, 492, 1385, 1383, 30, 8.03%, 0, 0, 3, 10.32
1747834382, 0, 492, 1386, 1384, 30, 8.03%, 0, 0, 3, 10.17
1747834413, 0, 492, 1387, 1385, 30, 8.13%, 0, 0, 3, 10.06
1747834428, 0, 492, 1388, 1386, 30, 8.13%, 0, 0, 3, 10.49
1747834454, 0, 492, 1389, 1387, 30, 8.13%, 0, 0, 3, 9.88
1747834511, 0, 492, 1390, 1388, 30, 8.13%, 0, 0, 3, 10.23
1747834521, 0, 492, 1391, 1389, 30, 8.13%, 0, 0, 3, 9.69
1747834547, 0, 492, 1392, 1390, 30, 8.13%, 0, 0, 3, 10.54
1747834567, 0, 492, 1393, 1391, 30, 8.13%, 0, 0, 3, 10.08
1747834577, 0, 492, 1394, 1392, 30, 8.13%, 0, 0, 3, 10.19
1747834582, 0, 492, 1396, 1394, 30, 8.13%, 0, 0, 3, 9.88
1747834628, 0, 492, 1397, 1395, 30, 8.13%, 0, 0, 3, 9.86
1747834659, 0, 492, 1398, 1396, 30, 8.13%, 0, 0, 3, 10.19
1747834664, 0, 492, 1399, 1397, 30, 8.19%, 0, 0, 3, 10.86
1747834705, 0, 493, 1399, 1397, 30, 8.19%, 0, 0, 3, 10.69
1747834716, 0, 494, 1399, 1397, 30, 8.19%, 0, 0, 3, 10.27
1747834726, 0, 495, 1399, 1397, 30, 8.19%, 0, 0, 3, 10.96
1747834737, 0, 495, 1400, 1398, 30, 8.19%, 0, 0, 3, 10.22
1747834752, 0, 496, 1400, 1398, 30, 8.19%, 0, 0, 3, 11.02
1747834762, 0, 497, 1400, 1398, 30, 8.19%, 0, 0, 3, 11.00
1747834773, 0, 499, 1400, 1398, 30, 8.19%, 0, 0, 3, 10.94
1747834788, 0, 500, 1400, 1398, 30, 8.19%, 0, 0, 3, 9.92
1747834798, 0, 501, 1400, 1398, 30, 8.19%, 0, 0, 3, 10.48
1747834813, 0, 503, 1400, 1398, 30, 8.19%, 0, 0, 3, 10.36
1747834824, 0, 504, 1400, 1398, 30, 8.19%, 0, 0, 3, 10.38
1747834834, 0, 505, 1400, 1398, 30, 8.19%, 0, 0, 3, 10.57
1747834844, 0, 505, 1401, 1399, 30, 8.19%, 0, 0, 3, 10.01
1747834860, 0, 505, 1402, 1400, 30, 8.19%, 0, 0, 3, 10.60
1747834890, 0, 506, 1402, 1400, 31, 8.19%, 0, 0, 3, 11.27
1747834901, 0, 507, 1402, 1400, 31, 8.19%, 0, 0, 3, 10.85
1747834911, 0, 508, 1402, 1400, 31, 8.19%, 0, 0, 3, 10.78
1747834921, 0, 509, 1402, 1400, 31, 8.19%, 0, 0, 3, 11.17
1747834936, 0, 510, 1403, 1401, 31, 8.19%, 0, 0, 3, 9.91
1747834962, 0, 512, 1403, 1401, 31, 8.19%, 0, 0, 3, 10.49
1747834972, 0, 514, 1403, 1401, 31, 8.19%, 0, 0, 3, 11.14
1747834983, 0, 516, 1403, 1401, 31, 8.19%, 0, 0, 3, 10.73
1747834998, 0, 517, 1403, 1401, 31, 8.19%, 0, 0, 3, 10.95
1747835008, 0, 518, 1403, 1401, 31, 8.19%, 0, 0, 3, 9.98
1747835018, 0, 519, 1403, 1401, 31, 8.19%, 0, 0, 3, 10.54
1747835034, 0, 520, 1403, 1401, 31, 8.19%, 0, 0, 3, 10.84
1747835044, 0, 521, 1403, 1401, 31, 8.19%, 0, 0, 3, 10.61
1747835059, 0, 522, 1403, 1401, 31, 8.19%, 0, 0, 3, 10.82
1747835069, 0, 523, 1403, 1401, 31, 8.19%, 0, 0, 3, 10.64
1747835079, 0, 525, 1403, 1401, 31, 8.19%, 0, 0, 3, 11.30
1747835090, 0, 526, 1403, 1401, 31, 8.19%, 0, 0, 3, 12.20
1747835100, 0, 527, 1403, 1401, 31, 8.19%, 0, 0, 3, 11.38
1747835115, 0, 528, 1403, 1401, 31, 8.19%, 0, 0, 3, 9.87
1747835126, 0, 529, 1403, 1401, 31, 8.19%, 0, 0, 3, 10.76
1747835136, 0, 530, 1403, 1401, 31, 8.19%, 0, 0, 3, 10.81
1747835146, 0, 531, 1403, 1401, 31, 8.19%, 0, 0, 3, 12.48
1747835161, 0, 533, 1403, 1401, 31, 8.19%, 0, 0, 3, 10.86
1747835172, 0, 535, 1403, 1401, 31, 8.19%, 0, 0, 3, 10.02
1747835182, 0, 536, 1403, 1401, 31, 8.19%, 0, 0, 3, 10.91
1747835197, 0, 537, 1403, 1401, 31, 8.19%, 0, 0, 3, 10.52
1747835207, 0, 539, 1403, 1401, 31, 8.19%, 0, 0, 3, 10.98
1747835218, 0, 540, 1403, 1401, 31, 8.19%, 0, 0, 3, 10.69
1747835233, 0, 542, 1403, 1401, 31, 8.19%, 0, 0, 3, 10.64
1747835243, 0, 545, 1403, 1401, 31, 8.19%, 0, 0, 3, 11.12
1747835248, 0, 545, 1405, 1403, 31, 8.19%, 0, 0, 3, 10.09
1747835264, 0, 545, 1406, 1404, 31, 8.19%, 0, 0, 3, 10.49
1747835279, 0, 545, 1407, 1405, 31, 8.19%, 0, 0, 3, 10.22
1747835330, 0, 545, 1408, 1406, 31, 8.19%, 0, 0, 3, 9.95
1747835402, 0, 545, 1409, 1407, 31, 8.19%, 0, 0, 3, 10.32
1747835576, 0, 545, 1410, 1408, 31, 8.19%, 0, 0, 3, 10.40
1747835587, 0, 545, 1411, 1409, 31, 8.19%, 0, 0, 3, 10.08
1747835643, 0, 546, 1411, 1409, 31, 8.19%, 0, 0, 3, 10.12
1747835659, 0, 548, 1411, 1409, 31, 8.19%, 0, 0, 3, 9.88
1747835669, 0, 549, 1411, 1409, 31, 8.19%, 0, 0, 3, 10.31
1747835684, 0, 550, 1411, 1409, 31, 8.19%, 0, 0, 3, 10.24
1747835694, 0, 551, 1412, 1410, 31, 8.19%, 0, 0, 3, 9.99
1747835720, 0, 552, 1412, 1410, 31, 8.19%, 0, 0, 3, 10.84
1747835730, 0, 553, 1412, 1410, 31, 8.19%, 0, 0, 3, 10.69
1747835745, 0, 554, 1412, 1410, 31, 8.19%, 0, 0, 3, 10.02
1747835750, 0, 554, 1413, 1411, 31, 8.19%, 0, 0, 3, 10.30
1747835765, 0, 555, 1413, 1411, 31, 8.19%, 0, 0, 3, 11.30
1747835781, 0, 556, 1413, 1411, 31, 8.19%, 0, 0, 3, 11.17
1747835791, 0, 557, 1413, 1411, 31, 8.19%, 0, 0, 3, 10.63
1747835801, 0, 558, 1413, 1411, 31, 8.19%, 0, 0, 3, 10.87
1747835817, 0, 559, 1413, 1411, 31, 8.19%, 0, 0, 3, 10.80
1747835827, 0, 560, 1413, 1411, 31, 8.19%, 0, 0, 3, 15.84
1747837946, 0, 561, 1413, 1410, 31, 8.19%, 0, 0, 3, 16.42
1747837962, 0, 562, 1414, 1411, 31, 8.19%, 0, 0, 4, 9.77
1747837987, 0, 563, 1414, 1411, 31, 8.19%, 0, 0, 4, 10.21
1747837997, 0, 564, 1414, 1411, 31, 8.19%, 0, 0, 4, 10.37
1747838012, 0, 565, 1414, 1411, 31, 8.19%, 0, 0, 4, 10.61
1747838023, 0, 566, 1414, 1411, 31, 8.19%, 0, 0, 4, 11.31
1747838033, 0, 567, 1414, 1411, 31, 8.19%, 0, 0, 4, 10.34
1747838048, 0, 568, 1414, 1411, 31, 8.19%, 0, 0, 4, 9.61
1747838058, 0, 570, 1414, 1411, 31, 8.19%, 0, 0, 4, 10.43
1747838069, 0, 571, 1414, 1411, 31, 8.19%, 0, 0, 4, 12.36
1747838084, 0, 572, 1414, 1411, 31, 8.19%, 0, 0, 4, 10.12
1747838094, 0, 573, 1414, 1411, 31, 8.19%, 0, 0, 4, 10.63
1747838109, 0, 577, 1414, 1411, 31, 8.19%, 0, 0, 4, 10.57
1747838114, 0, 577, 1416, 1413, 31, 8.19%, 0, 0, 4, 9.74
1747838160, 0, 578, 1416, 1413, 31, 8.19%, 0, 0, 4, 9.86
1747838170, 0, 579, 1416, 1413, 31, 8.19%, 0, 0, 4, 9.63
1747838186, 0, 580, 1416, 1413, 31, 8.19%, 0, 0, 4, 10.32
1747838196, 0, 581, 1416, 1413, 31, 8.19%, 0, 0, 4, 11.15
1747838201, 0, 581, 1417, 1414, 31, 8.19%, 0, 0, 4, 10.13
1747838222, 0, 582, 1417, 1414, 31, 8.19%, 0, 0, 4, 11.14
1747838232, 0, 584, 1417, 1414, 31, 8.19%, 0, 0, 4, 10.65
1747838248, 0, 585, 1417, 1414, 31, 8.19%, 0, 0, 4, 10.26
1747838258, 0, 586, 1417, 1414, 31, 8.19%, 0, 0, 4, 10.45
1747838268, 0, 586, 1418, 1415, 31, 8.19%, 0, 0, 4, 9.90
1747838283, 0, 587, 1418, 1415, 31, 8.19%, 0, 0, 4, 10.39
1747838293, 0, 588, 1418, 1415, 31, 8.19%, 0, 0, 4, 10.73
1747838309, 0, 589, 1418, 1415, 31, 8.19%, 0, 0, 4, 10.25
1747838319, 0, 592, 1418, 1415, 31, 8.19%, 0, 0, 4, 10.18
1747838335, 0, 593, 1418, 1415, 31, 8.19%, 0, 0, 4, 10.07
1747838345, 0, 595, 1418, 1415, 31, 8.19%, 0, 0, 4, 10.04
1747838360, 0, 596, 1418, 1415, 31, 8.19%, 0, 0, 4, 9.91
1747838371, 0, 597, 1418, 1415, 31, 8.19%, 0, 0, 4, 10.49
1747838386, 0, 598, 1418, 1415, 31, 8.19%, 0, 0, 4, 10.30
1747838396, 0, 599, 1418, 1415, 31, 8.19%, 0, 0, 4, 9.98
1747838411, 0, 601, 1418, 1415, 31, 8.19%, 0, 0, 4, 10.03
1747838417, 0, 601, 1419, 1416, 31, 8.19%, 0, 0, 4, 10.20
1747838437, 0, 602, 1419, 1416, 32, 8.19%, 0, 0, 4, 10.34
1747838448, 0, 603, 1419, 1416, 32, 8.19%, 0, 0, 4, 11.25
1747838458, 0, 603, 1420, 1417, 32, 8.19%, 0, 0, 4, 9.66
1747838473, 0, 604, 1420, 1417, 32, 8.19%, 0, 0, 4, 10.47
1747838483, 0, 605, 1420, 1417, 32, 8.19%, 0, 0, 4, 10.51
1747838499, 0, 606, 1420, 1417, 32, 8.19%, 0, 0, 4, 10.47
1747838509, 0, 607, 1420, 1417, 32, 8.19%, 0, 0, 4, 11.07
1747838519, 0, 608, 1420, 1417, 32, 8.19%, 0, 0, 4, 10.87
1747838530, 0, 608, 1421, 1418, 32, 8.19%, 0, 0, 4, 10.30
1747838545, 0, 609, 1421, 1418, 32, 8.19%, 0, 0, 4, 10.36
1747838550, 0, 609, 1422, 1419, 32, 8.19%, 0, 0, 4, 10.42
1747838571, 0, 610, 1422, 1419, 32, 8.19%, 0, 0, 4, 11.28
1747838581, 0, 611, 1422, 1419, 32, 8.19%, 0, 0, 4, 10.56
1747838596, 0, 612, 1422, 1419, 32, 8.19%, 0, 0, 4, 10.65
1747838606, 0, 613, 1422, 1419, 32, 8.19%, 0, 0, 4, 11.45
1747838617, 0, 614, 1422, 1419, 32, 8.19%, 0, 0, 4, 10.56
1747838632, 0, 615, 1422, 1419, 32, 8.19%, 0, 0, 4, 10.51
1747838642, 0, 616, 1422, 1419, 32, 8.19%, 0, 0, 4, 10.94
1747838652, 0, 617, 1422, 1419, 32, 8.19%, 0, 0, 4, 11.35
1747838668, 0, 618, 1422, 1419, 32, 8.19%, 0, 0, 4, 10.84
1747838678, 0, 620, 1422, 1419, 32, 8.19%, 0, 0, 4, 10.82
1747838688, 0, 621, 1422, 1419, 32, 8.19%, 0, 0, 4, 10.99
1747838699, 0, 622, 1422, 1419, 32, 8.19%, 0, 0, 4, 11.12
1747838714, 0, 623, 1423, 1420, 32, 8.19%, 0, 0, 4, 10.03
1747838740, 0, 625, 1423, 1420, 32, 8.19%, 0, 0, 4, 10.33
1747838750, 0, 626, 1423, 1420, 32, 8.19%, 0, 0, 4, 10.49
1747838765, 0, 627, 1423, 1420, 32, 8.19%, 0, 0, 4, 10.60
1747838776, 0, 628, 1423, 1420, 32, 8.19%, 0, 0, 4, 9.99
1747838791, 0, 630, 1423, 1420, 32, 8.19%, 0, 0, 4, 10.55
1747838801, 0, 631, 1423, 1420, 32, 8.19%, 0, 0, 4, 10.84
1747838811, 0, 632, 1423, 1420, 32, 8.19%, 0, 0, 4, 10.08
1747838827, 0, 633, 1423, 1420, 32, 8.19%, 0, 0, 4, 10.13
1747838837, 0, 634, 1423, 1420, 32, 8.19%, 0, 0, 4, 10.23
1747838853, 0, 635, 1423, 1420, 32, 8.19%, 0, 0, 4, 10.74
1747838863, 0, 636, 1423, 1420, 32, 8.19%, 0, 0, 4, 10.19
1747838873, 0, 637, 1423, 1420, 32, 8.19%, 0, 0, 4, 10.61
1747838889, 0, 638, 1423, 1420, 32, 8.19%, 0, 0, 4, 9.92
1747838899, 0, 639, 1423, 1420, 32, 8.19%, 0, 0, 4, 9.60
1747838914, 0, 641, 1423, 1420, 32, 8.19%, 0, 0, 4, 10.54
1747838919, 0, 641, 1424, 1421, 32, 8.19%, 0, 0, 4, 10.62
1747838934, 0, 641, 1425, 1422, 32, 8.20%, 0, 0, 4, 10.59
1747838960, 0, 642, 1425, 1422, 34, 8.20%, 0, 0, 4, 10.57
1747838970, 0, 643, 1425, 1422, 34, 8.20%, 0, 0, 4, 10.48
1747838986, 0, 644, 1425, 1422, 34, 8.20%, 0, 0, 4, 10.41
1747838996, 0, 645, 1425, 1422, 34, 8.20%, 0, 0, 4, 10.40
1747839011, 0, 646, 1425, 1422, 34, 8.20%, 0, 0, 4, 9.99
1747839021, 0, 648, 1425, 1422, 34, 8.20%, 0, 0, 4, 10.09
1747839032, 0, 650, 1425, 1422, 34, 8.20%, 0, 0, 4, 10.89
1747839047, 0, 652, 1425, 1422, 34, 8.20%, 0, 0, 4, 10.89
1747839057, 0, 653, 1425, 1422, 34, 8.20%, 0, 0, 4, 10.45
1747839073, 0, 654, 1425, 1422, 34, 8.20%, 0, 0, 4, 10.09
1747839083, 0, 655, 1425, 1422, 34, 8.20%, 0, 0, 4, 10.01
1747839093, 0, 655, 1426, 1423, 34, 8.20%, 0, 0, 4, 10.37
1747839108, 0, 656, 1426, 1423, 34, 8.20%, 0, 0, 4, 10.96
1747839119, 0, 658, 1426, 1423, 34, 8.20%, 0, 0, 4, 11.06
1747839124, 0, 658, 1427, 1424, 34, 8.20%, 0, 0, 4, 10.50
1747839144, 0, 659, 1427, 1424, 34, 8.20%, 0, 0, 4, 10.38
1747839154, 0, 660, 1427, 1424, 34, 8.20%, 0, 0, 4, 10.31
1747839170, 0, 661, 1427, 1424, 34, 8.20%, 0, 0, 4, 10.21
1747839180, 0, 662, 1427, 1424, 34, 8.20%, 0, 0, 4, 10.20
1747839195, 0, 666, 1427, 1424, 34, 8.20%, 0, 0, 4, 10.40
1747839206, 0, 667, 1427, 1424, 34, 8.20%, 0, 0, 4, 10.63
1747839216, 0, 669, 1427, 1424, 34, 8.20%, 0, 0, 4, 10.75
1747839231, 0, 670, 1427, 1424, 34, 8.20%, 0, 0, 4, 10.38
1747839241, 0, 671, 1427, 1424, 34, 8.20%, 0, 0, 4, 10.01
1747839257, 0, 672, 1427, 1424, 34, 8.20%, 0, 0, 4, 9.69
1747839267, 0, 675, 1427, 1424, 34, 8.20%, 0, 0, 4, 10.43
1747839282, 0, 678, 1428, 1425, 34, 8.20%, 0, 0, 4, 9.91
1747839302, 0, 679, 1428, 1425, 34, 8.20%, 0, 0, 4, 11.79
1747839318, 0, 680, 1428, 1425, 34, 8.20%, 0, 0, 4, 10.18
1747839328, 0, 681, 1428, 1425, 34, 8.20%, 0, 0, 4, 9.97
1747839338, 0, 683, 1428, 1425, 34, 8.20%, 0, 0, 4, 10.57
1747839343, 0, 683, 1429, 1426, 34, 8.20%, 0, 0, 4, 10.62
1747839348, 0, 683, 1430, 1427, 34, 8.20%, 0, 0, 4, 11.00
1747839390, 0, 684, 1430, 1427, 34, 8.20%, 0, 0, 4, 10.27
1747839405, 0, 685, 1430, 1427, 34, 8.20%, 0, 0, 4, 10.47
1747839415, 0, 688, 1431, 1428, 34, 8.20%, 0, 0, 4, 10.88
1747839441, 0, 689, 1431, 1428, 34, 8.20%, 0, 0, 4, 10.49
1747839451, 0, 691, 1431, 1428, 34, 8.20%, 0, 0, 4, 10.05
1747839467, 0, 692, 1431, 1428, 34, 8.20%, 0, 0, 4, 10.10
1747839477, 0, 693, 1431, 1428, 34, 8.20%, 0, 0, 4, 10.31
1747839487, 0, 694, 1431, 1428, 34, 8.20%, 0, 0, 4, 10.81
1747839503, 0, 695, 1431, 1428, 34, 8.20%, 0, 0, 4, 10.93
1747839513, 0, 696, 1432, 1429, 34, 8.20%, 0, 0, 4, 10.87
1747839528, 0, 696, 1433, 1430, 34, 8.20%, 0, 0, 4, 10.47
1747839559, 0, 697, 1433, 1430, 34, 8.20%, 0, 0, 4, 10.89
1747839574, 0, 698, 1433, 1430, 34, 8.20%, 0, 0, 4, 9.87
1747839584, 0, 700, 1433, 1430, 34, 8.20%, 0, 0, 4, 10.30
1747839600, 0, 702, 1433, 1430, 34, 8.20%, 0, 0, 4, 11.24
1747839610, 0, 703, 1433, 1430, 34, 8.20%, 0, 0, 4, 10.56
1747839620, 0, 706, 1433, 1430, 34, 8.20%, 0, 0, 4, 10.78
1747839630, 0, 706, 1434, 1431, 34, 8.20%, 0, 0, 4, 10.18
1747839646, 0, 707, 1434, 1431, 34, 8.20%, 0, 0, 4, 10.59
1747839661, 0, 708, 1434, 1431, 34, 8.20%, 0, 0, 4, 10.37
1747839671, 0, 709, 1434, 1431, 34, 8.20%, 0, 0, 4, 10.77
1747839686, 0, 710, 1434, 1431, 34, 8.20%, 0, 0, 4, 10.42
1747839697, 0, 711, 1434, 1431, 34, 8.20%, 0, 0, 4, 10.15
1747839707, 0, 712, 1434, 1431, 34, 8.20%, 0, 0, 4, 10.13
1747839722, 0, 714, 1434, 1431, 34, 8.20%, 0, 0, 4, 11.27
1747839733, 0, 715, 1434, 1431, 34, 8.20%, 0, 0, 4, 10.23
1747839738, 0, 715, 1435, 1432, 34, 8.20%, 0, 0, 4, 9.75
1747839758, 0, 716, 1435, 1432, 34, 8.20%, 0, 0, 4, 10.41
1747839769, 0, 720, 1435, 1432, 34, 8.20%, 0, 0, 4, 10.96
1747839784, 0, 724, 1435, 1432, 34, 8.20%, 0, 0, 4, 10.67
1747839794, 0, 725, 1435, 1432, 34, 8.20%, 0, 0, 4, 10.49
1747839805, 0, 726, 1435, 1432, 34, 8.20%, 0, 0, 4, 10.54
1747839820, 0, 727, 1435, 1432, 34, 8.20%, 0, 0, 4, 10.90
1747839830, 0, 728, 1435, 1432, 34, 8.20%, 0, 0, 4, 10.89
1747839840, 0, 729, 1435, 1432, 34, 8.20%, 0, 0, 4, 10.87
1747839856, 0, 731, 1435, 1432, 34, 8.20%, 0, 0, 4, 10.19
1747839861, 0, 731, 1436, 1433, 34, 8.20%, 0, 0, 4, 10.00
1747839881, 0, 732, 1436, 1433, 34, 8.20%, 0, 0, 4, 10.37
1747839891, 0, 732, 1437, 1434, 34, 8.20%, 0, 0, 4, 10.18
1747839907, 0, 733, 1437, 1434, 34, 8.20%, 0, 0, 4, 10.37
1747839917, 0, 733, 1438, 1435, 34, 8.20%, 0, 0, 4, 10.19
1747839932, 0, 734, 1438, 1435, 34, 8.20%, 0, 0, 4, 10.33
1747839943, 0, 735, 1438, 1435, 34, 8.20%, 0, 0, 4, 10.98
1747839958, 0, 736, 1438, 1435, 34, 8.20%, 0, 0, 4, 10.70
1747839968, 0, 737, 1438, 1435, 34, 8.20%, 0, 0, 4, 10.14
1747839978, 0, 738, 1438, 1435, 34, 8.20%, 0, 0, 4, 10.12
1747839994, 0, 739, 1438, 1435, 34, 8.20%, 0, 0, 4, 10.02
1747840004, 0, 741, 1438, 1435, 34, 8.20%, 0, 0, 4, 10.85
1747840019, 0, 742, 1438, 1435, 34, 8.20%, 0, 0, 4, 11.04
1747840024, 0, 742, 1439, 1436, 34, 8.26%, 0, 0, 4, 10.73
1747840040, 0, 743, 1439, 1436, 35, 8.26%, 0, 0, 4, 11.80
1747840050, 0, 744, 1439, 1436, 35, 8.26%, 0, 0, 4, 10.75
1747840065, 0, 745, 1440, 1437, 35, 8.26%, 0, 0, 4, 10.29
1747840091, 0, 746, 1440, 1437, 35, 8.26%, 0, 0, 4, 9.68
1747840101, 0, 747, 1440, 1437, 35, 8.26%, 0, 0, 4, 10.58
1747840117, 0, 748, 1440, 1437, 35, 8.26%, 0, 0, 4, 10.30
1747840127, 0, 749, 1440, 1437, 35, 8.26%, 0, 0, 4, 10.44
1747840137, 0, 750, 1440, 1437, 35, 8.26%, 0, 0, 4, 10.83
1747840152, 0, 751, 1440, 1437, 35, 8.26%, 0, 0, 4, 11.34
1747840157, 0, 751, 1441, 1438, 35, 8.26%, 0, 0, 4, 10.49
1747840178, 0, 752, 1441, 1438, 35, 8.26%, 0, 0, 4, 10.72
1747840188, 0, 753, 1441, 1438, 35, 8.26%, 0, 0, 4, 10.15
1747840198, 0, 754, 1441, 1438, 35, 8.26%, 0, 0, 4, 10.54
1747840214, 0, 755, 1441, 1438, 35, 8.26%, 0, 0, 4, 10.78
1747840224, 0, 756, 1441, 1438, 35, 8.26%, 0, 0, 4, 10.20
1747840240, 0, 757, 1441, 1438, 35, 8.26%, 0, 0, 4, 10.78
1747840250, 0, 760, 1441, 1438, 35, 8.26%, 0, 0, 4, 11.56
1747840260, 0, 761, 1441, 1438, 35, 8.26%, 0, 0, 4, 10.45
1747840276, 0, 762, 1441, 1438, 35, 8.26%, 0, 0, 4, 10.54
1747840286, 0, 764, 1441, 1438, 35, 8.26%, 0, 0, 4, 10.83
1747840296, 0, 766, 1441, 1438, 35, 8.26%, 0, 0, 4, 10.96
1747840311, 0, 768, 1441, 1438, 35, 8.26%, 0, 0, 4, 10.79
1747840322, 0, 768, 1442, 1439, 35, 8.27%, 0, 0, 4, 9.94
1747840337, 0, 769, 1442, 1439, 36, 8.27%, 0, 0, 4, 10.53
1747840347, 0, 770, 1442, 1439, 36, 8.27%, 0, 0, 4, 10.68
1747840357, 0, 771, 1442, 1439, 36, 8.27%, 0, 0, 4, 10.07
1747840373, 0, 772, 1442, 1439, 36, 8.27%, 0, 0, 4, 11.26
1747840383, 0, 773, 1442, 1439, 36, 8.27%, 0, 0, 4, 11.64
1747840393, 0, 774, 1442, 1439, 36, 8.27%, 0, 0, 4, 9.97
1747840409, 0, 775, 1442, 1439, 36, 8.27%, 0, 0, 4, 10.98
1747840419, 0, 776, 1442, 1439, 36, 8.27%, 0, 0, 4, 10.62
1747840429, 0, 777, 1442, 1439, 36, 8.27%, 0, 0, 4, 10.93
1747840440, 0, 778, 1442, 1439, 36, 8.27%, 0, 0, 4, 11.29
1747840455, 0, 779, 1442, 1439, 36, 8.27%, 0, 0, 4, 10.74
1747840465, 0, 780, 1442, 1439, 36, 8.27%, 0, 0, 4, 11.12
1747840476, 0, 783, 1442, 1439, 36, 8.27%, 0, 0, 4, 11.08
1747840491, 0, 784, 1442, 1439, 36, 8.27%, 0, 0, 4, 10.71
1747840501, 0, 786, 1442, 1439, 36, 8.27%, 0, 0, 4, 10.33
1747840512, 0, 787, 1442, 1439, 36, 8.27%, 0, 0, 4, 10.43
1747840527, 0, 788, 1442, 1439, 36, 8.27%, 0, 0, 4, 10.39
1747840537, 0, 790, 1442, 1439, 36, 8.27%, 0, 0, 4, 10.30
1747840552, 0, 791, 1442, 1439, 36, 8.27%, 0, 0, 4, 10.47
1747840563, 0, 792, 1442, 1439, 36, 8.27%, 0, 0, 4, 10.22
1747840573, 0, 793, 1442, 1439, 36, 8.27%, 0, 0, 4, 10.08
1747840588, 0, 794, 1442, 1439, 36, 8.27%, 0, 0, 4, 11.03
1747840598, 0, 797, 1442, 1439, 36, 8.27%, 0, 0, 4, 10.28
1747840609, 0, 798, 1442, 1439, 36, 8.27%, 0, 0, 4, 10.47
1747840624, 0, 799, 1442, 1439, 36, 8.27%, 0, 0, 4, 10.43
1747840635, 0, 801, 1442, 1439, 36, 8.27%, 0, 0, 4, 10.28
1747840645, 0, 803, 1442, 1439, 36, 8.27%, 0, 0, 4, 10.45
1747840660, 0, 804, 1442, 1439, 36, 8.27%, 0, 0, 4, 9.97
1747840671, 0, 805, 1442, 1439, 36, 8.27%, 0, 0, 4, 10.37
1747840686, 0, 807, 1442, 1439, 36, 8.27%, 0, 0, 4, 9.97
1747840697, 0, 808, 1442, 1439, 36, 8.27%, 0, 0, 4, 10.50
1747840707, 0, 809, 1442, 1439, 36, 8.27%, 0, 0, 4, 10.51
1747840722, 0, 811, 1442, 1439, 36, 8.27%, 0, 0, 4, 10.38
1747840733, 0, 812, 1442, 1439, 36, 8.27%, 0, 0, 4, 13.82
1747843934, 0, 813, 1442, 1438, 36, 8.27%, 0, 0, 4, 14.89
1747843945, 0, 814, 1442, 1438, 36, 8.27%, 0, 0, 4, 10.74
1747843960, 0, 815, 1442, 1438, 36, 8.27%, 0, 0, 4, 9.97
1747843970, 0, 816, 1442, 1438, 36, 8.27%, 0, 0, 4, 10.69
1747843986, 0, 817, 1442, 1438, 36, 8.27%, 0, 0, 4, 10.06
1747843996, 0, 821, 1442, 1438, 36, 8.27%, 0, 0, 4, 10.41
1747844006, 0, 823, 1442, 1438, 36, 8.27%, 0, 0, 4, 10.66
1747844022, 0, 825, 1442, 1438, 36, 8.27%, 0, 0, 4, 10.55
1747844032, 0, 826, 1442, 1438, 36, 8.27%, 0, 0, 4, 10.16
1747844042, 0, 827, 1442, 1438, 36, 8.27%, 0, 0, 4, 10.15
1747844058, 0, 831, 1442, 1438, 36, 8.27%, 0, 0, 4, 10.14
1747844068, 0, 833, 1442, 1438, 36, 8.27%, 0, 0, 4, 10.28
1747844073, 0, 833, 1443, 1439, 36, 8.27%, 0, 0, 4, 9.59
1747844093, 0, 835, 1443, 1439, 36, 8.27%, 0, 0, 4, 12.73
1747847524, 0, 836, 1443, 1438, 36, 8.27%, 0, 0, 4, 13.12
1747847534, 0, 837, 1443, 1438, 36, 8.27%, 0, 0, 4, 10.26
1747847550, 0, 838, 1443, 1438, 36, 8.27%, 0, 0, 4, 11.27
1747847560, 0, 839, 1443, 1438, 36, 8.27%, 0, 0, 4, 10.62
1747847570, 0, 842, 1443, 1438, 36, 8.27%, 0, 0, 4, 9.95
1747847585, 0, 843, 1444, 1439, 36, 8.27%, 0, 0, 4, 9.97
1747847611, 0, 844, 1444, 1439, 36, 8.27%, 0, 0, 4, 10.98
1747847621, 0, 845, 1444, 1439, 36, 8.27%, 0, 0, 4, 10.27
1747847632, 0, 846, 1444, 1439, 36, 8.27%, 0, 0, 4, 10.37
1747847642, 0, 846, 1445, 1440, 36, 8.27%, 0, 0, 4, 9.50
1747847657, 0, 847, 1445, 1440, 36, 8.27%, 0, 0, 4, 10.61
1747847672, 0, 849, 1445, 1440, 36, 8.27%, 0, 0, 4, 10.32
1747847683, 0, 849, 1446, 1441, 36, 8.27%, 0, 0, 4, 9.89
1747847698, 0, 853, 1446, 1441, 36, 8.27%, 0, 0, 4, 10.02
1747847708, 0, 856, 1446, 1441, 36, 8.27%, 0, 0, 4, 11.16
1747847719, 0, 857, 1446, 1441, 36, 8.27%, 0, 0, 4, 10.94
1747847734, 0, 858, 1446, 1441, 36, 8.27%, 0, 0, 4, 10.22
1747847744, 0, 859, 1446, 1441, 36, 8.27%, 0, 0, 4, 10.50
1747847760, 0, 860, 1446, 1441, 36, 8.27%, 0, 0, 4, 11.18
1747847770, 0, 862, 1446, 1441, 36, 8.27%, 0, 0, 4, 10.36
1747847780, 0, 863, 1446, 1441, 36, 8.27%, 0, 0, 4, 10.17
1747847795, 0, 864, 1446, 1441, 36, 8.27%, 0, 0, 4, 10.45
1747847806, 0, 865, 1446, 1441, 36, 8.27%, 0, 0, 4, 10.41
1747847821, 0, 867, 1446, 1441, 36, 8.27%, 0, 0, 4, 10.98
1747847831, 0, 868, 1446, 1441, 36, 8.27%, 0, 0, 4, 11.02
1747847842, 0, 870, 1446, 1441, 36, 8.27%, 0, 0, 4, 10.88
1747847852, 0, 871, 1446, 1441, 36, 8.27%, 0, 0, 4, 10.35
1747847868, 0, 872, 1446, 1441, 36, 8.27%, 0, 0, 4, 10.18
1747847878, 0, 873, 1446, 1441, 36, 8.27%, 0, 0, 4, 10.56
1747847888, 0, 874, 1446, 1441, 36, 8.27%, 0, 0, 4, 10.82
1747847903, 0, 875, 1446, 1441, 36, 8.27%, 0, 0, 4, 11.08
1747847914, 0, 876, 1446, 1441, 36, 8.27%, 0, 0, 4, 11.40
1747847924, 0, 877, 1446, 1441, 36, 8.27%, 0, 0, 4, 10.60
1747847939, 0, 878, 1446, 1441, 36, 8.27%, 0, 0, 4, 10.55
1747847949, 0, 880, 1446, 1441, 36, 8.27%, 0, 0, 4, 10.50
1747847959, 0, 881, 1446, 1441, 36, 8.27%, 0, 0, 4, 10.68
1747847975, 0, 883, 1446, 1441, 36, 8.27%, 0, 0, 4, 10.27
1747847985, 0, 884, 1446, 1441, 36, 8.27%, 0, 0, 4, 10.59
1747847995, 0, 885, 1446, 1441, 36, 8.27%, 0, 0, 4, 10.54
1747848011, 0, 887, 1446, 1441, 36, 8.27%, 0, 0, 4, 11.03
1747848021, 0, 888, 1446, 1441, 36, 8.27%, 0, 0, 4, 10.78
1747848031, 0, 889, 1446, 1441, 36, 8.27%, 0, 0, 4, 10.85
1747848046, 0, 890, 1446, 1441, 36, 8.27%, 0, 0, 4, 10.86
1747848057, 0, 891, 1446, 1441, 36, 8.27%, 0, 0, 4, 10.53
1747848067, 0, 892, 1446, 1441, 36, 8.27%, 0, 0, 4, 10.50
1747848082, 0, 893, 1446, 1441, 36, 8.27%, 0, 0, 4, 10.94
1747848092, 0, 894, 1446, 1441, 36, 8.27%, 0, 0, 4, 11.37
1747848103, 0, 895, 1446, 1441, 36, 8.27%, 0, 0, 4, 10.34
1747848118, 0, 896, 1446, 1441, 36, 8.27%, 0, 0, 4, 10.12
1747848128, 0, 897, 1446, 1441, 36, 8.27%, 0, 0, 4, 10.70
1747848144, 0, 898, 1446, 1441, 36, 8.27%, 0, 0, 4, 10.18
1747848154, 0, 899, 1446, 1441, 36, 8.27%, 0, 0, 4, 11.02
1747848164, 0, 900, 1446, 1441, 36, 8.27%, 0, 0, 4, 10.74
1747848175, 0, 901, 1446, 1441, 36, 8.27%, 0, 0, 4, 10.83
1747848190, 0, 902, 1446, 1441, 36, 8.27%, 0, 0, 4, 11.31
1747848200, 0, 903, 1446, 1441, 36, 8.27%, 0, 0, 4, 10.83
1747848211, 0, 904, 1446, 1441, 36, 8.27%, 0, 0, 4, 10.66
1747848226, 0, 905, 1446, 1441, 36, 8.27%, 0, 0, 4, 10.42
1747848236, 0, 906, 1446, 1441, 36, 8.27%, 0, 0, 4, 10.54
1747848252, 0, 907, 1446, 1441, 36, 8.27%, 0, 0, 4, 10.25
1747848262, 0, 908, 1446, 1441, 36, 8.27%, 0, 0, 4, 10.26
1747848273, 0, 909, 1446, 1441, 36, 8.27%, 0, 0, 4, 10.55
1747848288, 0, 911, 1446, 1441, 36, 8.27%, 0, 0, 4, 10.73
1747848298, 0, 912, 1446, 1441, 36, 8.27%, 0, 0, 4, 10.94
1747848308, 0, 913, 1446, 1441, 36, 8.27%, 0, 0, 4, 11.06
1747848319, 0, 914, 1446, 1441, 36, 8.27%, 0, 0, 4, 10.42
1747848334, 0, 915, 1446, 1441, 36, 8.27%, 0, 0, 4, 10.15
1747848345, 0, 916, 1446, 1441, 36, 8.27%, 0, 0, 4, 10.62
1747848360, 0, 917, 1446, 1441, 36, 8.27%, 0, 0, 4, 10.84
1747848370, 0, 918, 1446, 1441, 36, 8.27%, 0, 0, 4, 10.70
1747848380, 0, 919, 1446, 1441, 36, 8.27%, 0, 0, 4, 10.24
1747848395, 0, 920, 1446, 1441, 36, 8.27%, 0, 0, 4, 9.43
1747848406, 0, 921, 1446, 1441, 36, 8.27%, 0, 0, 4, 10.64
1747848421, 0, 923, 1446, 1441, 36, 8.27%, 0, 0, 4, 10.57
1747848431, 0, 924, 1446, 1441, 36, 8.27%, 0, 0, 4, 10.76
1747848442, 0, 925, 1446, 1441, 36, 8.27%, 0, 0, 4, 10.62
1747848447, 0, 925, 1447, 1442, 36, 8.27%, 0, 0, 4, 10.13
1747848467, 0, 926, 1447, 1442, 36, 8.27%, 0, 0, 4, 10.75
1747848483, 0, 927, 1447, 1442, 36, 8.27%, 0, 0, 4, 10.93
1747848493, 0, 928, 1447, 1442, 36, 8.27%, 0, 0, 4, 10.75
1747848503, 0, 929, 1447, 1442, 36, 8.27%, 0, 0, 4, 10.32
1747848519, 0, 930, 1447, 1442, 36, 8.27%, 0, 0, 4, 10.33
1747848529, 0, 931, 1447, 1442, 36, 8.27%, 0, 0, 4, 11.07
1747848539, 0, 931, 1448, 1443, 36, 8.27%, 0, 0, 4, 9.87
1747848555, 0, 932, 1448, 1443, 36, 8.27%, 0, 0, 4, 10.78
1747848565, 0, 933, 1448, 1443, 36, 8.27%, 0, 0, 4, 10.87
1747848570, 0, 933, 1449, 1444, 36, 8.27%, 0, 0, 4, 10.29
1747848591, 0, 934, 1449, 1444, 36, 8.27%, 0, 0, 4, 10.38
1747848606, 0, 935, 1449, 1444, 36, 8.27%, 0, 0, 4, 10.85
1747848611, 0, 935, 1450, 1445, 36, 8.27%, 0, 0, 4, 9.84
1747848632, 0, 937, 1450, 1445, 36, 8.27%, 0, 0, 4, 10.45
1747848637, 0, 937, 1451, 1446, 36, 8.27%, 0, 0, 4, 10.10
1747848647, 0, 937, 1452, 1447, 36, 8.27%, 0, 0, 4, 9.86
1747848682, 0, 938, 1452, 1447, 36, 8.27%, 0, 0, 4, 10.63
1747848693, 0, 940, 1452, 1447, 36, 8.27%, 0, 0, 4, 10.63
1747848708, 0, 941, 1452, 1447, 36, 8.27%, 0, 0, 4, 10.25
1747848718, 0, 942, 1452, 1447, 36, 8.27%, 0, 0, 4, 10.76
1747848729, 0, 944, 1452, 1447, 36, 8.27%, 0, 0, 4, 9.78
1747848744, 0, 945, 1452, 1447, 36, 8.27%, 0, 0, 4, 10.37
1747848754, 0, 946, 1452, 1447, 36, 8.27%, 0, 0, 4, 9.98
1747848770, 0, 947, 1452, 1447, 36, 8.27%, 0, 0, 4, 10.80
1747848780, 0, 949, 1452, 1447, 36, 8.27%, 0, 0, 4, 11.02
1747848790, 0, 952, 1452, 1447, 36, 8.27%, 0, 0, 4, 10.63
1747848800, 0, 953, 1452, 1447, 36, 8.27%, 0, 0, 4, 11.09
1747848805, 0, 953, 1453, 1448, 36, 8.27%, 0, 0, 4, 10.10
1747848821, 0, 953, 1454, 1449, 36, 8.27%, 0, 0, 4, 9.69
1747848857, 0, 954, 1454, 1449, 37, 8.27%, 0, 0, 4, 10.49
1747848867, 0, 956, 1454, 1449, 37, 8.27%, 0, 0, 4, 10.58
1747848877, 0, 957, 1454, 1449, 37, 8.27%, 0, 0, 4, 10.63
1747848892, 0, 958, 1454, 1449, 37, 8.27%, 0, 0, 4, 10.80
1747848902, 0, 961, 1454, 1449, 37, 8.27%, 0, 0, 4, 9.81
1747848918, 0, 962, 1454, 1449, 37, 8.27%, 0, 0, 4, 9.98
1747848928, 0, 963, 1454, 1449, 37, 8.27%, 0, 0, 4, 10.80
1747848938, 0, 964, 1454, 1449, 37, 8.27%, 0, 0, 4, 11.54
1747848953, 0, 965, 1454, 1449, 37, 8.27%, 0, 0, 4, 10.51
1747848964, 0, 966, 1454, 1449, 37, 8.27%, 0, 0, 4, 10.64
1747848974, 0, 967, 1454, 1449, 37, 8.27%, 0, 0, 4, 11.02
1747848989, 0, 968, 1454, 1449, 37, 8.27%, 0, 0, 4, 10.92
1747848999, 0, 970, 1454, 1449, 37, 8.27%, 0, 0, 4, 10.82
1747849010, 0, 971, 1454, 1449, 37, 8.27%, 0, 0, 4, 10.43
1747849025, 0, 973, 1454, 1449, 37, 8.27%, 0, 0, 4, 11.07
1747849035, 0, 974, 1454, 1449, 37, 8.27%, 0, 0, 4, 11.04
1747849045, 0, 976, 1454, 1449, 37, 8.27%, 0, 0, 4, 10.12
1747849061, 0, 978, 1454, 1449, 37, 8.27%, 0, 0, 4, 10.23
1747849071, 0, 979, 1454, 1449, 37, 8.27%, 0, 0, 4, 10.79
1747849081, 0, 980, 1455, 1450, 37, 8.27%, 0, 0, 4, 10.35
1747849107, 0, 981, 1455, 1450, 37, 8.27%, 0, 0, 4, 10.53
1747849122, 0, 982, 1455, 1450, 37, 8.27%, 0, 0, 4, 10.14
1747849133, 0, 983, 1455, 1450, 37, 8.27%, 0, 0, 4, 9.87
1747849143, 0, 984, 1455, 1450, 37, 8.27%, 0, 0, 4, 11.00
1747849158, 0, 986, 1455, 1450, 37, 8.27%, 0, 0, 4, 10.65
1747849168, 0, 987, 1455, 1450, 37, 8.27%, 0, 0, 4, 10.22
1747849178, 0, 988, 1455, 1450, 37, 8.27%, 0, 0, 4, 11.40
1747849194, 0, 989, 1455, 1450, 37, 8.27%, 0, 0, 4, 10.91
1747849204, 0, 991, 1455, 1450, 37, 8.27%, 0, 0, 4, 10.78
1747849214, 0, 992, 1455, 1450, 37, 8.27%, 0, 0, 4, 10.17
1747849230, 0, 993, 1455, 1450, 37, 8.27%, 0, 0, 4, 10.74
1747849240, 0, 994, 1455, 1450, 37, 8.27%, 0, 0, 4, 10.50
1747849250, 0, 996, 1455, 1450, 37, 8.27%, 0, 0, 4, 10.91
1747849266, 0, 998, 1455, 1450, 37, 8.27%, 0, 0, 4, 9.98
1747849276, 0, 999, 1455, 1450, 37, 8.27%, 0, 0, 4, 10.59
1747849291, 0, 1000, 1455, 1450, 37, 8.27%, 0, 0, 4, 10.99
1747849301, 0, 1001, 1455, 1450, 37, 8.27%, 0, 0, 4, 10.85
1747849312, 0, 1003, 1455, 1450, 37, 8.27%, 0, 0, 4, 10.67
1747849327, 0, 1005, 1455, 1450, 37, 8.27%, 0, 0, 4, 10.52
1747849337, 0, 1006, 1455, 1450, 37, 8.27%, 0, 0, 4, 10.29
1747849348, 0, 1008, 1455, 1450, 37, 8.27%, 0, 0, 4, 10.34
1747849358, 0, 1008, 1456, 1451, 37, 8.27%, 0, 0, 4, 10.64
1747849373, 0, 1009, 1456, 1451, 37, 8.27%, 0, 0, 4, 10.33
1747849383, 0, 1009, 1457, 1452, 37, 8.27%, 0, 0, 4, 9.97
1747849399, 0, 1010, 1457, 1452, 37, 8.27%, 0, 0, 4, 10.72
1747849414, 0, 1012, 1457, 1452, 37, 8.27%, 0, 0, 4, 11.14
1747849425, 0, 1013, 1457, 1452, 37, 8.27%, 0, 0, 4, 10.87
1747849435, 0, 1014, 1457, 1452, 37, 8.27%, 0, 0, 4, 11.00
1747849450, 0, 1015, 1457, 1452, 37, 8.27%, 0, 0, 4, 10.25
1747849460, 0, 1016, 1457, 1452, 37, 8.27%, 0, 0, 4, 10.57
1747849470, 0, 1018, 1457, 1452, 37, 8.27%, 0, 0, 4, 11.14
1747849486, 0, 1019, 1457, 1452, 37, 8.27%, 0, 0, 4, 10.56
1747849496, 0, 1021, 1457, 1452, 37, 8.27%, 0, 0, 4, 9.95
1747849511, 0, 1022, 1457, 1452, 37, 8.27%, 0, 0, 4, 11.13
1747849522, 0, 1023, 1457, 1452, 37, 8.27%, 0, 0, 4, 10.94
1747849532, 0, 1024, 1457, 1452, 37, 8.27%, 0, 0, 4, 11.01
1747849547, 0, 1025, 1458, 1453, 37, 8.28%, 0, 0, 4, 10.37
1747849572, 0, 1026, 1458, 1453, 37, 8.28%, 0, 0, 4, 10.94
1747849582, 0, 1027, 1458, 1453, 37, 8.28%, 0, 0, 4, 10.46
1747849593, 0, 1028, 1458, 1453, 37, 8.28%, 0, 0, 4, 10.03
1747849608, 0, 1029, 1458, 1453, 37, 8.28%, 0, 0, 4, 10.60
1747849619, 0, 1030, 1458, 1453, 37, 8.28%, 0, 0, 4, 10.57
1747849629, 0, 1031, 1458, 1453, 37, 8.28%, 0, 0, 4, 10.47
1747849644, 0, 1032, 1458, 1453, 37, 8.28%, 0, 0, 4, 11.17
1747849654, 0, 1033, 1458, 1453, 37, 8.28%, 0, 0, 4, 12.87
1747854806, 0, 1034, 1458, 1452, 36, 8.28%, 0, 0, 4, 11.64
1747854816, 0, 1035, 1458, 1452, 36, 8.28%, 0, 0, 4, 10.09
1747854827, 0, 1037, 1458, 1452, 36, 8.28%, 0, 0, 4, 11.20
1747854842, 0, 1039, 1458, 1452, 36, 8.28%, 0, 0, 4, 10.71
1747854852, 0, 1041, 1458, 1452, 36, 8.28%, 0, 0, 4, 10.98
1747854862, 0, 1042, 1458, 1452, 36, 8.28%, 0, 0, 4, 10.43
1747854878, 0, 1043, 1458, 1452, 36, 8.28%, 0, 0, 4, 10.48
1747854888, 0, 1044, 1458, 1452, 36, 8.28%, 0, 0, 4, 10.11
1747854898, 0, 1046, 1458, 1452, 36, 8.28%, 0, 0, 4, 10.18
1747854914, 0, 1047, 1458, 1452, 36, 8.28%, 0, 0, 4, 10.75
1747854924, 0, 1048, 1458, 1452, 36, 8.28%, 0, 0, 4, 10.53
1747854939, 0, 1049, 1458, 1452, 36, 8.28%, 0, 0, 4, 10.60
1747854950, 0, 1050, 1458, 1452, 36, 8.28%, 0, 0, 4, 10.21
1747854960, 0, 1051, 1458, 1452, 36, 8.28%, 0, 0, 4, 10.48
1747854970, 0, 1053, 1458, 1452, 36, 8.28%, 0, 0, 4, 11.08
1747854985, 0, 1054, 1458, 1452, 36, 8.28%, 0, 0, 4, 9.90
1747854995, 0, 1055, 1458, 1452, 36, 8.28%, 0, 0, 4, 10.02
1747855011, 0, 1056, 1458, 1452, 36, 8.28%, 0, 0, 4, 11.53
1747855021, 0, 1059, 1458, 1452, 36, 8.28%, 0, 0, 4, 10.69
1747855031, 0, 1060, 1458, 1452, 36, 8.28%, 0, 0, 4, 10.05
1747855047, 0, 1061, 1458, 1452, 36, 8.28%, 0, 0, 4, 10.15
1747855057, 0, 1063, 1458, 1452, 36, 8.28%, 0, 0, 4, 10.09
1747855067, 0, 1064, 1458, 1452, 36, 8.28%, 0, 0, 4, 11.38
1747855083, 0, 1066, 1458, 1452, 36, 8.28%, 0, 0, 4, 10.44
1747855093, 0, 1067, 1458, 1452, 36, 8.28%, 0, 0, 4, 10.24
1747855109, 0, 1068, 1458, 1452, 36, 8.28%, 0, 0, 4, 10.27
1747855119, 0, 1069, 1458, 1452, 36, 8.28%, 0, 0, 4, 10.28
1747855129, 0, 1070, 1458, 1452, 36, 8.28%, 0, 0, 4, 10.87
1747855145, 0, 1071, 1458, 1452, 36, 8.28%, 0, 0, 4, 10.73
1747855155, 0, 1072, 1458, 1452, 36, 8.28%, 0, 0, 4, 10.03
1747855165, 0, 1073, 1458, 1452, 36, 8.28%, 0, 0, 4, 10.80
1747855181, 0, 1074, 1458, 1452, 36, 8.28%, 0, 0, 4, 10.71
1747855191, 0, 1075, 1458, 1452, 36, 8.28%, 0, 0, 4, 11.01
1747855201, 0, 1076, 1458, 1452, 36, 8.28%, 0, 0, 4, 10.45
1747855211, 0, 1078, 1458, 1452, 36, 8.28%, 0, 0, 4, 11.20
1747855227, 0, 1078, 1459, 1453, 36, 8.28%, 0, 0, 4, 10.44
1747855237, 0, 1079, 1459, 1453, 36, 8.28%, 0, 0, 4, 10.61
1747855253, 0, 1082, 1459, 1453, 36, 8.28%, 0, 0, 4, 10.72
1747855263, 0, 1083, 1459, 1453, 36, 8.28%, 0, 0, 4, 11.32
1747855273, 0, 1086, 1459, 1453, 36, 8.28%, 0, 0, 4, 10.77
1747855288, 0, 1087, 1459, 1453, 36, 8.28%, 0, 0, 4, 10.77
1747855299, 0, 1088, 1459, 1453, 36, 8.28%, 0, 0, 4, 11.04
1747855309, 0, 1090, 1459, 1453, 36, 8.28%, 0, 0, 4, 10.75
1747855324, 0, 1091, 1459, 1453, 36, 8.28%, 0, 0, 4, 10.54
1747855334, 0, 1092, 1459, 1453, 36, 8.28%, 0, 0, 4, 10.06
1747855350, 0, 1093, 1459, 1453, 36, 8.28%, 0, 0, 4, 10.72
1747855360, 0, 1095, 1459, 1453, 36, 8.28%, 0, 0, 4, 10.02
1747855370, 0, 1096, 1459, 1453, 36, 8.28%, 0, 0, 4, 10.15
1747855386, 0, 1097, 1459, 1453, 36, 8.28%, 0, 0, 4, 10.55
1747855396, 0, 1098, 1459, 1453, 36, 8.28%, 0, 0, 4, 10.55
1747855406, 0, 1099, 1459, 1453, 36, 8.28%, 0, 0, 4, 11.11
1747855422, 0, 1100, 1459, 1453, 36, 8.28%, 0, 0, 4, 10.85
1747855432, 0, 1101, 1459, 1453, 36, 8.28%, 0, 0, 4, 10.29
1747855442, 0, 1102, 1459, 1453, 36, 8.28%, 0, 0, 4, 10.28
1747855458, 0, 1103, 1459, 1453, 36, 8.28%, 0, 0, 4, 10.92
1747855468, 0, 1104, 1459, 1453, 36, 8.28%, 0, 0, 4, 10.77
1747855479, 0, 1105, 1459, 1453, 36, 8.28%, 0, 0, 4, 10.25
1747855494, 0, 1106, 1459, 1453, 36, 8.28%, 0, 0, 4, 10.68
1747855504, 0, 1108, 1459, 1453, 36, 8.28%, 0, 0, 4, 10.68
1747855514, 0, 1109, 1459, 1453, 36, 8.28%, 0, 0, 4, 11.12
1747855530, 0, 1110, 1459, 1453, 36, 8.28%, 0, 0, 4, 12.71
