# unix_time, cycles_done, cur_path, paths_total, pending_total, pending_favs, map_size, unique_crashes, unique_hangs, max_depth, execs_per_sec
1747817516, 0, 0, 1, 1, 1, 3.78%, 0, 0, 1, 55.17
1747817521, 0, 0, 19, 19, 1, 5.45%, 0, 0, 2, 52.46
1747817526, 0, 0, 41, 41, 1, 5.49%, 0, 0, 2, 49.18
1747817531, 0, 0, 54, 54, 1, 5.52%, 0, 0, 2, 50.15
1747817536, 0, 0, 67, 67, 1, 5.53%, 0, 0, 2, 47.94
1747817542, 0, 0, 80, 80, 1, 5.53%, 0, 0, 2, 46.73
1747817547, 0, 0, 91, 91, 1, 5.54%, 0, 0, 2, 47.23
1747817552, 0, 0, 100, 100, 1, 5.55%, 0, 0, 2, 48.13
1747817557, 0, 0, 105, 105, 1, 5.55%, 0, 0, 2, 51.24
1747817562, 0, 0, 111, 111, 1, 5.55%, 0, 0, 2, 50.78
1747817567, 0, 0, 118, 118, 1, 5.55%, 0, 0, 2, 50.41
1747817572, 0, 0, 120, 120, 1, 5.55%, 0, 0, 2, 52.50
1747817577, 0, 0, 124, 124, 1, 5.55%, 0, 0, 2, 51.84
1747817582, 0, 0, 131, 131, 1, 5.55%, 0, 0, 2, 49.55
1747817587, 0, 0, 136, 136, 1, 5.55%, 0, 0, 2, 50.03
1747817592, 0, 0, 141, 141, 1, 5.55%, 0, 0, 2, 49.49
1747817597, 0, 0, 145, 145, 1, 5.55%, 0, 0, 2, 50.95
1747817603, 0, 0, 149, 149, 1, 5.55%, 0, 0, 2, 49.74
1747817608, 0, 0, 153, 153, 1, 5.55%, 0, 0, 2, 51.12
1747817613, 0, 0, 155, 155, 1, 5.55%, 0, 0, 2, 53.11
1747817618, 0, 0, 158, 158, 1, 5.55%, 0, 0, 2, 51.61
1747817623, 0, 0, 163, 163, 1, 5.55%, 0, 0, 2, 51.81
1747817628, 0, 0, 165, 165, 1, 5.55%, 0, 0, 2, 52.50
1747817633, 0, 0, 169, 169, 1, 5.55%, 0, 0, 2, 51.88
1747817638, 0, 0, 175, 175, 1, 5.55%, 0, 0, 2, 50.52
1747817643, 0, 0, 177, 177, 1, 5.55%, 0, 0, 2, 52.16
1747817648, 0, 0, 179, 179, 1, 5.55%, 0, 0, 2, 52.49
1747817654, 0, 0, 181, 181, 1, 5.55%, 0, 0, 2, 52.14
1747817659, 0, 0, 182, 182, 1, 5.55%, 0, 0, 2, 53.79
1747817664, 0, 0, 187, 187, 1, 5.55%, 0, 0, 2, 51.05
1747817669, 0, 0, 190, 190, 1, 5.55%, 0, 0, 2, 52.12
1747817674, 0, 0, 193, 193, 1, 5.55%, 0, 0, 2, 50.53
1747817684, 0, 0, 197, 197, 1, 5.55%, 0, 0, 2, 51.88
1747817689, 0, 0, 199, 199, 1, 5.56%, 0, 0, 2, 51.63
1747817694, 0, 0, 203, 203, 1, 5.56%, 0, 0, 2, 50.80
1747817699, 0, 0, 204, 204, 1, 5.56%, 0, 0, 2, 53.00
1747817704, 0, 0, 206, 206, 1, 5.56%, 0, 0, 2, 52.68
1747817710, 0, 0, 207, 207, 1, 5.56%, 0, 0, 2, 53.28
1747817715, 0, 0, 209, 209, 1, 5.56%, 0, 0, 2, 51.67
1747817720, 0, 0, 210, 210, 1, 5.56%, 0, 0, 2, 52.87
1747817725, 0, 0, 212, 212, 1, 5.56%, 0, 0, 2, 53.40
1747817730, 0, 0, 214, 214, 1, 5.56%, 0, 0, 2, 52.45
1747817735, 0, 0, 215, 215, 1, 5.56%, 0, 0, 2, 53.09
1747817761, 0, 0, 217, 217, 1, 5.56%, 0, 0, 2, 52.47
1747817766, 0, 0, 218, 218, 1, 5.56%, 0, 0, 2, 52.60
1747817776, 0, 0, 221, 221, 1, 5.56%, 0, 0, 2, 50.97
1747817781, 0, 0, 222, 222, 1, 5.56%, 0, 0, 2, 52.81
1747817786, 0, 0, 224, 224, 1, 5.57%, 0, 0, 2, 51.78
1747817806, 0, 0, 226, 226, 1, 5.68%, 0, 0, 2, 51.91
1747817811, 0, 0, 227, 227, 1, 5.68%, 0, 0, 2, 51.71
1747817816, 0, 0, 228, 228, 1, 5.68%, 0, 0, 2, 52.69
1747817826, 0, 0, 229, 229, 1, 5.68%, 0, 0, 2, 52.23
1747817832, 0, 0, 231, 231, 1, 5.68%, 0, 0, 2, 52.15
1747817842, 0, 0, 232, 232, 1, 5.68%, 0, 0, 2, 52.85
1747817847, 0, 0, 233, 233, 1, 5.68%, 0, 0, 2, 52.99
1747817867, 0, 0, 235, 235, 1, 5.68%, 0, 0, 2, 51.62
1747817872, 0, 1, 241, 240, 10, 5.71%, 0, 0, 2, 43.34
1747817877, 0, 1, 256, 255, 10, 5.71%, 0, 0, 2, 32.45
1747817882, 0, 1, 269, 268, 10, 5.71%, 0, 0, 2, 30.48
1747817887, 0, 1, 280, 279, 10, 5.71%, 0, 0, 2, 29.92
1747817893, 0, 1, 289, 288, 10, 5.72%, 0, 0, 2, 29.24
1747817898, 0, 1, 299, 298, 10, 5.72%, 0, 0, 2, 29.08
1747817903, 0, 1, 306, 305, 10, 5.72%, 0, 0, 2, 30.35
1747817908, 0, 1, 315, 314, 10, 5.74%, 0, 0, 2, 29.61
1747817913, 0, 1, 323, 322, 10, 5.75%, 0, 0, 2, 30.37
1747817918, 0, 1, 328, 327, 10, 5.75%, 0, 0, 2, 31.43
1747817923, 0, 1, 333, 332, 10, 5.75%, 0, 0, 2, 30.24
1747817928, 0, 1, 337, 336, 10, 5.75%, 0, 0, 2, 29.77
1747817933, 0, 1, 342, 341, 10, 5.75%, 0, 0, 2, 29.43
1747817938, 0, 1, 348, 347, 10, 5.75%, 0, 0, 2, 28.69
1747817943, 0, 1, 353, 352, 10, 5.75%, 0, 0, 2, 29.91
1747817948, 0, 1, 354, 353, 10, 5.75%, 0, 0, 2, 31.47
1747817954, 0, 1, 356, 355, 10, 5.75%, 0, 0, 2, 30.99
1747817964, 0, 1, 359, 358, 10, 5.75%, 0, 0, 2, 30.09
1747817969, 0, 1, 362, 361, 10, 5.78%, 0, 0, 2, 30.81
1747817974, 0, 1, 363, 362, 10, 5.78%, 0, 0, 2, 31.09
1747817984, 0, 1, 364, 363, 10, 5.78%, 0, 0, 2, 31.54
1747817989, 0, 1, 368, 367, 10, 5.78%, 0, 0, 2, 31.01
1747818004, 0, 1, 371, 370, 10, 5.78%, 0, 0, 2, 31.70
1747818010, 0, 1, 373, 372, 10, 5.78%, 0, 0, 2, 30.88
1747818025, 0, 1, 375, 374, 10, 5.78%, 0, 0, 2, 30.45
1747818030, 0, 1, 376, 375, 10, 5.78%, 0, 0, 2, 31.07
1747818035, 0, 1, 379, 378, 10, 5.78%, 0, 0, 2, 31.05
1747818040, 0, 1, 380, 379, 10, 5.78%, 0, 0, 2, 31.22
1747818045, 0, 2, 389, 388, 15, 6.22%, 0, 0, 2, 25.30
1747818050, 0, 2, 400, 399, 15, 6.28%, 0, 0, 2, 22.73
1747818055, 0, 2, 411, 410, 15, 6.29%, 0, 0, 2, 21.87
1747818061, 0, 2, 420, 419, 15, 6.31%, 0, 0, 2, 21.85
1747818066, 0, 2, 429, 428, 15, 6.31%, 0, 0, 2, 21.77
1747818071, 0, 2, 435, 434, 15, 6.31%, 0, 0, 2, 21.99
1747818076, 0, 2, 442, 441, 15, 6.31%, 0, 0, 2, 21.98
1747818081, 0, 2, 451, 450, 15, 6.31%, 0, 0, 2, 21.31
1747818086, 0, 2, 457, 456, 15, 6.31%, 0, 0, 2, 21.71
1747818091, 0, 2, 465, 464, 15, 6.31%, 0, 0, 2, 21.62
1747818096, 0, 2, 468, 467, 15, 6.31%, 0, 0, 2, 22.33
1747818101, 0, 2, 471, 470, 15, 6.31%, 0, 0, 2, 22.46
1747818106, 0, 2, 478, 477, 15, 6.31%, 0, 0, 2, 22.20
1747818112, 0, 2, 480, 479, 15, 6.31%, 0, 0, 2, 22.11
1747818117, 0, 2, 485, 484, 15, 6.51%, 0, 0, 2, 22.42
1747818122, 0, 2, 489, 488, 15, 6.51%, 0, 0, 2, 22.04
1747818127, 0, 2, 490, 489, 15, 6.51%, 0, 0, 2, 22.62
1747818132, 0, 2, 495, 494, 15, 6.51%, 0, 0, 2, 21.72
1747818137, 0, 2, 499, 498, 15, 6.52%, 0, 0, 2, 22.04
1747818142, 0, 2, 502, 501, 15, 6.52%, 0, 0, 2, 21.98
1747818147, 0, 2, 507, 506, 15, 6.52%, 0, 0, 2, 21.10
1747818152, 0, 2, 508, 507, 15, 6.52%, 0, 0, 2, 22.29
1747818157, 0, 2, 513, 512, 15, 6.52%, 0, 0, 2, 21.98
1747818168, 0, 2, 514, 513, 15, 6.52%, 0, 0, 2, 22.45
1747818173, 0, 2, 515, 514, 15, 6.52%, 0, 0, 2, 22.64
1747818178, 0, 2, 518, 517, 15, 6.52%, 0, 0, 2, 21.66
1747818183, 0, 2, 521, 520, 15, 6.52%, 0, 0, 2, 21.64
1747818188, 0, 2, 522, 521, 15, 6.52%, 0, 0, 2, 22.12
1747818193, 0, 2, 523, 522, 15, 6.52%, 0, 0, 2, 22.48
1747818198, 0, 2, 525, 524, 15, 6.52%, 0, 0, 2, 22.36
1747818203, 0, 2, 527, 526, 15, 6.52%, 0, 0, 2, 21.87
1747818208, 0, 2, 529, 528, 15, 6.52%, 0, 0, 2, 21.95
1747818213, 0, 2, 530, 529, 15, 6.52%, 0, 0, 2, 22.15
1747818218, 0, 2, 532, 531, 15, 6.52%, 0, 0, 2, 22.37
1747818223, 0, 2, 535, 534, 15, 6.52%, 0, 0, 2, 21.84
1747818228, 0, 2, 536, 535, 15, 6.52%, 0, 0, 2, 22.02
1747818234, 0, 2, 538, 537, 15, 6.52%, 0, 0, 2, 22.04
1747818239, 0, 2, 539, 538, 15, 6.52%, 0, 0, 2, 22.54
1747818254, 0, 2, 540, 539, 15, 6.52%, 0, 0, 2, 22.47
1747818259, 0, 2, 541, 540, 15, 6.52%, 0, 0, 2, 22.68
1747818264, 0, 2, 542, 541, 15, 6.52%, 0, 0, 2, 22.45
1747818269, 0, 2, 544, 543, 15, 6.52%, 0, 0, 2, 22.08
1747818279, 0, 2, 549, 548, 15, 6.52%, 0, 0, 2, 21.44
1747818290, 0, 3, 553, 552, 15, 6.52%, 0, 0, 2, 21.64
1747818295, 0, 3, 563, 562, 15, 6.52%, 0, 0, 2, 19.41
1747818300, 0, 3, 571, 570, 15, 6.52%, 0, 0, 2, 18.65
1747818305, 0, 3, 579, 578, 15, 6.52%, 0, 0, 2, 18.82
1747818310, 0, 3, 585, 584, 15, 6.52%, 0, 0, 2, 18.83
1747818315, 0, 3, 590, 589, 15, 6.52%, 0, 0, 2, 19.04
1747818320, 0, 3, 597, 596, 15, 6.52%, 0, 0, 2, 21.48
1747818325, 0, 3, 606, 605, 15, 6.53%, 0, 0, 2, 29.18
1747818331, 0, 3, 614, 613, 15, 6.53%, 0, 0, 2, 30.41
1747818336, 0, 3, 619, 618, 15, 6.60%, 0, 0, 2, 31.41
1747818341, 0, 3, 623, 622, 15, 6.60%, 0, 0, 2, 30.85
1747818346, 0, 3, 627, 626, 15, 6.60%, 0, 0, 2, 31.31
1747818351, 0, 3, 631, 630, 15, 6.61%, 0, 0, 2, 29.23
1747818356, 0, 3, 635, 634, 15, 6.61%, 0, 0, 2, 31.32
1747818361, 0, 3, 639, 638, 15, 6.61%, 0, 0, 2, 31.84
1747818367, 0, 3, 641, 640, 15, 6.61%, 0, 0, 2, 32.39
1747818372, 0, 3, 647, 646, 15, 6.61%, 0, 0, 2, 31.76
1747818377, 0, 3, 652, 651, 15, 6.61%, 0, 0, 2, 31.03
1747818382, 0, 3, 654, 653, 15, 6.61%, 0, 0, 2, 32.02
1747818387, 0, 3, 659, 658, 15, 6.62%, 0, 0, 2, 31.32
1747818392, 0, 3, 661, 660, 15, 6.64%, 0, 0, 2, 31.49
1747818397, 0, 3, 662, 661, 15, 6.64%, 0, 0, 2, 31.68
1747818402, 0, 3, 665, 664, 15, 6.64%, 0, 0, 2, 31.38
1747818407, 0, 3, 666, 665, 15, 6.64%, 0, 0, 2, 32.10
1747818412, 0, 3, 670, 669, 15, 6.64%, 0, 0, 2, 31.76
1747818417, 0, 3, 671, 670, 15, 6.64%, 0, 0, 2, 31.13
1747818423, 0, 3, 673, 672, 15, 6.64%, 0, 0, 2, 31.78
1747818428, 0, 3, 675, 674, 15, 6.64%, 0, 0, 2, 31.26
1747818433, 0, 3, 677, 676, 15, 6.64%, 0, 0, 2, 32.06
1747818438, 0, 3, 680, 679, 15, 6.64%, 0, 0, 2, 30.81
1747818448, 0, 3, 681, 680, 15, 6.64%, 0, 0, 2, 31.71
1747818453, 0, 3, 684, 683, 15, 6.64%, 0, 0, 2, 31.38
1747818458, 0, 3, 686, 685, 15, 6.64%, 0, 0, 2, 32.03
1747818464, 0, 3, 688, 687, 15, 6.64%, 0, 0, 2, 31.94
1747818469, 0, 4, 693, 692, 16, 6.72%, 0, 0, 2, 29.81
1747818474, 0, 4, 701, 700, 16, 6.72%, 0, 0, 2, 26.97
1747818479, 0, 4, 710, 709, 16, 6.73%, 0, 0, 2, 27.46
1747818484, 0, 4, 718, 717, 16, 6.73%, 0, 0, 2, 26.83
1747818489, 0, 4, 724, 723, 16, 6.73%, 0, 0, 2, 25.56
1747818494, 0, 4, 729, 728, 16, 6.73%, 0, 0, 2, 27.04
1747818499, 0, 4, 733, 732, 16, 6.73%, 0, 0, 2, 26.90
1747818504, 0, 4, 739, 738, 16, 6.73%, 0, 0, 2, 27.72
1747818510, 0, 4, 743, 742, 16, 6.73%, 0, 0, 2, 27.49
1747818515, 0, 4, 745, 744, 16, 6.73%, 0, 0, 2, 28.09
1747818525, 0, 4, 748, 747, 16, 6.73%, 0, 0, 2, 27.93
1747818530, 0, 4, 749, 748, 16, 6.73%, 0, 0, 2, 27.71
1747818535, 0, 4, 751, 750, 16, 6.73%, 0, 0, 2, 27.13
1747818540, 0, 4, 752, 751, 16, 6.73%, 0, 0, 2, 27.92
1747818545, 0, 4, 753, 752, 16, 6.73%, 0, 0, 2, 28.25
1747818550, 0, 4, 755, 754, 16, 6.73%, 0, 0, 2, 26.69
1747818561, 0, 4, 756, 755, 16, 6.73%, 0, 0, 2, 27.76
1747818571, 0, 4, 758, 757, 16, 6.73%, 0, 0, 2, 27.47
1747818576, 0, 4, 759, 758, 16, 6.73%, 0, 0, 2, 27.66
1747818581, 0, 4, 760, 759, 16, 6.73%, 0, 0, 2, 27.26
1747818591, 0, 4, 761, 760, 16, 6.73%, 0, 0, 2, 27.28
1747818597, 0, 4, 762, 761, 16, 6.73%, 0, 0, 2, 27.12
1747818607, 0, 4, 763, 762, 16, 6.73%, 0, 0, 2, 27.27
1747818612, 0, 4, 765, 764, 16, 6.73%, 0, 0, 2, 27.48
1747818617, 0, 4, 766, 765, 16, 6.73%, 0, 0, 2, 28.01
1747818627, 0, 4, 768, 767, 16, 6.73%, 0, 0, 2, 27.60
1747818632, 0, 4, 769, 768, 16, 6.73%, 0, 0, 2, 28.08
1747818643, 0, 5, 776, 775, 17, 6.76%, 0, 0, 2, 24.64
1747818648, 0, 5, 784, 783, 17, 6.86%, 0, 0, 2, 23.59
1747818653, 0, 5, 790, 789, 17, 6.87%, 0, 0, 2, 24.11
1747818658, 0, 5, 795, 794, 17, 6.87%, 0, 0, 2, 23.64
1747818663, 0, 5, 801, 800, 17, 6.88%, 0, 0, 2, 22.95
1747818668, 0, 5, 809, 808, 17, 6.88%, 0, 0, 2, 22.86
1747818674, 0, 5, 814, 813, 17, 6.88%, 0, 0, 2, 23.41
1747818679, 0, 5, 817, 816, 17, 6.88%, 0, 0, 2, 23.99
1747818684, 0, 5, 818, 817, 17, 6.88%, 0, 0, 2, 25.08
1747818689, 0, 5, 822, 821, 17, 6.88%, 0, 0, 2, 24.85
1747818694, 0, 5, 823, 822, 17, 6.88%, 0, 0, 2, 25.09
1747818699, 0, 5, 825, 824, 17, 6.88%, 0, 0, 2, 24.40
1747818704, 0, 5, 827, 826, 17, 6.88%, 0, 0, 2, 25.33
1747818709, 0, 5, 829, 828, 17, 6.88%, 0, 0, 2, 24.41
1747818719, 0, 5, 830, 829, 17, 6.88%, 0, 0, 2, 24.52
1747818724, 0, 5, 831, 830, 17, 6.88%, 0, 0, 2, 25.26
1747818729, 0, 5, 832, 831, 17, 6.88%, 0, 0, 2, 25.02
1747818735, 0, 5, 836, 835, 17, 6.88%, 0, 0, 2, 23.88
1747818740, 0, 5, 837, 836, 17, 6.88%, 0, 0, 2, 24.33
1747818745, 0, 5, 838, 837, 17, 6.88%, 0, 0, 2, 24.11
1747818750, 0, 5, 839, 838, 17, 6.88%, 0, 0, 2, 25.01
1747818755, 0, 5, 840, 839, 17, 6.88%, 0, 0, 2, 24.51
1747818760, 0, 5, 843, 842, 17, 6.89%, 0, 0, 2, 24.67
1747818770, 0, 5, 844, 843, 17, 6.89%, 0, 0, 2, 24.27
1747818775, 0, 5, 846, 845, 17, 6.89%, 0, 0, 2, 25.61
1747818780, 0, 5, 847, 846, 17, 6.89%, 0, 0, 2, 25.89
1747818790, 0, 5, 851, 850, 17, 6.89%, 0, 0, 2, 24.44
1747818796, 0, 5, 852, 851, 17, 6.89%, 0, 0, 2, 25.74
1747818806, 0, 5, 853, 852, 17, 6.89%, 0, 0, 2, 24.83
1747818816, 0, 5, 854, 853, 17, 6.91%, 0, 0, 2, 26.01
1747818821, 0, 5, 855, 854, 17, 6.91%, 0, 0, 2, 25.28
1747818826, 0, 5, 858, 857, 17, 6.91%, 0, 0, 2, 24.73
1747818837, 0, 6, 861, 860, 20, 6.91%, 0, 0, 2, 24.33
1747818842, 0, 6, 862, 861, 20, 6.91%, 0, 0, 2, 24.38
1747818852, 0, 6, 866, 865, 20, 6.91%, 0, 0, 2, 23.96
1747818857, 0, 6, 868, 867, 20, 6.91%, 0, 0, 2, 24.47
1747818867, 0, 6, 869, 868, 20, 6.91%, 0, 0, 2, 24.47
1747818872, 0, 6, 870, 869, 20, 6.91%, 0, 0, 2, 24.69
1747818877, 0, 6, 871, 870, 20, 6.91%, 0, 0, 2, 24.11
1747818888, 0, 6, 872, 871, 20, 6.91%, 0, 0, 2, 24.29
1747818893, 0, 6, 875, 874, 20, 6.92%, 0, 0, 2, 23.92
1747818898, 0, 6, 876, 875, 20, 6.92%, 0, 0, 2, 24.65
1747818903, 0, 6, 877, 876, 20, 6.92%, 0, 0, 2, 24.37
1747818918, 0, 6, 878, 877, 20, 6.92%, 0, 0, 2, 24.73
1747818923, 0, 6, 880, 879, 20, 6.92%, 0, 0, 2, 24.70
1747818928, 0, 6, 881, 880, 20, 6.92%, 0, 0, 2, 25.06
1747818944, 0, 6, 882, 881, 20, 6.92%, 0, 0, 2, 24.22
1747818969, 0, 6, 883, 882, 20, 6.92%, 0, 0, 2, 25.43
1747818974, 0, 6, 884, 883, 20, 6.92%, 0, 0, 2, 24.69
1747819005, 0, 6, 885, 884, 20, 6.92%, 0, 0, 2, 24.38
1747819010, 0, 6, 886, 885, 20, 6.92%, 0, 0, 2, 24.68
1747819015, 0, 7, 887, 886, 22, 6.92%, 0, 0, 2, 25.08
1747819020, 0, 7, 888, 887, 22, 6.92%, 0, 0, 2, 24.71
1747819025, 0, 7, 889, 888, 22, 6.92%, 0, 0, 2, 24.76
1747819036, 0, 7, 890, 889, 22, 6.92%, 0, 0, 2, 24.90
1747819041, 0, 7, 891, 890, 22, 6.92%, 0, 0, 2, 25.19
1747819051, 0, 7, 892, 891, 22, 6.92%, 0, 0, 2, 24.56
1747819056, 0, 7, 893, 892, 22, 6.92%, 0, 0, 2, 24.60
1747819081, 0, 7, 894, 893, 22, 6.92%, 0, 0, 2, 24.99
1747819097, 0, 7, 895, 894, 22, 6.92%, 0, 0, 2, 24.73
1747819107, 0, 7, 897, 896, 22, 6.92%, 0, 0, 2, 24.88
1747819117, 0, 7, 898, 897, 22, 6.92%, 0, 0, 2, 24.38
1747819122, 0, 7, 899, 898, 22, 6.92%, 0, 0, 2, 24.84
1747819147, 0, 7, 901, 900, 22, 6.92%, 0, 0, 2, 24.21
1747819183, 0, 8, 902, 901, 22, 6.92%, 0, 0, 2, 24.29
1747819188, 0, 10, 903, 902, 22, 6.92%, 0, 0, 2, 23.96
1747819198, 0, 11, 903, 902, 22, 6.92%, 0, 0, 2, 25.79
1747819203, 0, 12, 904, 903, 22, 6.92%, 0, 0, 2, 24.60
1747819209, 0, 12, 906, 905, 22, 6.92%, 0, 0, 2, 24.63
1747819214, 0, 12, 907, 906, 22, 6.92%, 0, 0, 2, 24.69
1747819224, 0, 12, 908, 907, 22, 6.92%, 0, 0, 2, 24.80
1747819254, 0, 12, 909, 908, 22, 6.92%, 0, 0, 2, 25.14
1747819270, 0, 12, 910, 909, 22, 6.92%, 0, 0, 2, 25.02
1747819275, 0, 12, 911, 910, 22, 6.92%, 0, 0, 2, 25.38
1747819290, 0, 12, 912, 911, 22, 6.92%, 0, 0, 2, 24.67
1747819295, 0, 12, 913, 912, 22, 6.92%, 0, 0, 2, 24.29
1747819372, 0, 13, 914, 913, 22, 6.92%, 0, 0, 2, 24.74
1747819377, 0, 13, 916, 915, 22, 6.92%, 0, 0, 2, 24.02
1747819382, 0, 13, 917, 916, 22, 6.92%, 0, 0, 2, 24.85
1747819392, 0, 13, 918, 917, 22, 6.92%, 0, 0, 2, 24.21
1747819397, 0, 13, 919, 918, 22, 6.92%, 0, 0, 2, 24.56
1747819402, 0, 13, 920, 919, 22, 6.93%, 0, 0, 2, 25.47
1747819422, 0, 13, 921, 920, 22, 6.93%, 0, 0, 2, 24.08
1747819433, 0, 13, 922, 921, 22, 6.93%, 0, 0, 2, 24.62
1747819453, 0, 13, 923, 922, 22, 6.93%, 0, 0, 2, 24.70
1747819519, 0, 13, 924, 923, 22, 6.93%, 0, 0, 2, 24.73
1747819524, 0, 13, 926, 925, 22, 6.93%, 0, 0, 2, 23.94
1747819540, 0, 15, 926, 925, 23, 6.93%, 0, 0, 2, 24.58
1747819545, 0, 17, 926, 925, 23, 6.93%, 0, 0, 2, 25.19
1747819550, 0, 18, 926, 925, 23, 6.93%, 0, 0, 2, 25.24
1747819555, 0, 19, 926, 925, 23, 6.93%, 0, 0, 2, 25.59
1747819560, 0, 22, 926, 925, 23, 6.93%, 0, 0, 2, 25.37
1747819565, 0, 23, 927, 926, 23, 6.93%, 0, 0, 2, 24.11
1747819570, 0, 23, 928, 927, 23, 6.93%, 0, 0, 2, 23.70
1747819586, 0, 23, 929, 928, 23, 6.93%, 0, 0, 2, 15.85
1747819591, 0, 23, 930, 929, 23, 6.93%, 0, 0, 2, 14.78
1747819606, 0, 23, 932, 931, 23, 6.93%, 0, 0, 2, 13.44
1747819612, 0, 23, 933, 932, 23, 6.93%, 0, 0, 2, 13.66
1747819622, 0, 23, 934, 933, 23, 6.93%, 0, 0, 2, 14.41
1747819648, 0, 23, 935, 934, 23, 6.93%, 0, 0, 2, 13.68
1747819668, 0, 23, 936, 935, 23, 6.93%, 0, 0, 2, 13.76
1747819678, 0, 23, 937, 936, 23, 6.93%, 0, 0, 2, 14.20
1747819765, 0, 23, 938, 937, 23, 6.93%, 0, 0, 2, 13.79
1747819806, 0, 23, 939, 938, 23, 6.93%, 0, 0, 2, 14.30
1747819852, 0, 24, 939, 938, 24, 6.93%, 0, 0, 2, 23.03
1747819857, 0, 25, 940, 939, 24, 6.93%, 0, 0, 2, 24.11
1747819863, 0, 25, 942, 941, 24, 6.93%, 0, 0, 2, 23.81
1747819868, 0, 25, 943, 942, 24, 6.93%, 0, 0, 2, 23.49
1747819873, 0, 25, 944, 943, 24, 6.93%, 0, 0, 2, 23.69
1747819878, 0, 25, 945, 944, 24, 6.93%, 0, 0, 2, 23.69
1747819883, 0, 25, 946, 945, 24, 6.93%, 0, 0, 2, 23.69
1747819893, 0, 25, 947, 946, 24, 6.93%, 0, 0, 2, 24.21
1747819909, 0, 25, 948, 947, 24, 6.93%, 0, 0, 2, 24.52
1747819919, 0, 25, 949, 948, 24, 6.93%, 0, 0, 2, 24.49
1747819924, 0, 25, 950, 949, 24, 6.93%, 0, 0, 2, 25.07
1747819975, 0, 25, 951, 950, 24, 6.93%, 0, 0, 2, 24.76
1747819995, 0, 25, 952, 951, 24, 6.93%, 0, 0, 2, 25.31
1747820026, 0, 26, 952, 951, 23, 6.93%, 0, 0, 2, 24.20
1747820031, 0, 27, 952, 951, 23, 6.93%, 0, 0, 2, 25.01
1747820036, 0, 28, 952, 951, 23, 6.93%, 0, 0, 2, 24.57
1747820041, 0, 29, 952, 951, 23, 6.93%, 0, 0, 2, 24.11
1747820046, 0, 30, 952, 951, 23, 6.93%, 0, 0, 2, 24.37
1747820051, 0, 31, 952, 951, 23, 6.93%, 0, 0, 2, 24.99
1747820056, 0, 31, 953, 952, 23, 6.93%, 0, 0, 2, 24.77
1747820062, 0, 32, 953, 952, 23, 6.93%, 0, 0, 2, 24.96
1747820067, 0, 33, 953, 952, 23, 6.93%, 0, 0, 2, 24.96
1747820072, 0, 34, 953, 952, 23, 6.93%, 0, 0, 2, 25.41
1747820077, 0, 37, 953, 952, 23, 6.93%, 0, 0, 2, 24.85
1747820082, 0, 38, 953, 952, 23, 6.93%, 0, 0, 2, 25.05
1747820087, 0, 39, 953, 952, 23, 6.93%, 0, 0, 2, 25.19
1747820092, 0, 40, 953, 952, 23, 6.93%, 0, 0, 2, 25.59
1747820097, 0, 42, 953, 952, 23, 6.93%, 0, 0, 2, 24.46
1747820102, 0, 43, 953, 952, 23, 6.93%, 0, 0, 2, 24.12
1747820107, 0, 44, 953, 952, 23, 6.93%, 0, 0, 2, 23.97
1747820112, 0, 45, 953, 952, 23, 6.93%, 0, 0, 2, 24.82
1747820118, 0, 45, 955, 954, 23, 6.93%, 0, 0, 2, 23.72
1747820138, 0, 46, 955, 954, 23, 6.93%, 0, 0, 2, 24.69
1747820143, 0, 47, 956, 955, 23, 6.93%, 0, 0, 2, 24.08
1747820153, 0, 48, 957, 956, 23, 6.93%, 0, 0, 2, 23.95
1747820158, 0, 48, 958, 957, 23, 6.93%, 0, 0, 2, 22.54
1747820163, 0, 48, 959, 958, 23, 6.93%, 0, 0, 2, 22.82
1747820179, 0, 48, 960, 959, 23, 6.93%, 0, 0, 2, 23.45
1747820184, 0, 48, 961, 960, 23, 6.93%, 0, 0, 2, 23.63
1747820189, 0, 48, 962, 961, 23, 6.93%, 0, 0, 2, 23.54
1747820215, 0, 48, 963, 962, 23, 6.93%, 0, 0, 2, 23.17
1747820220, 0, 48, 964, 963, 23, 6.93%, 0, 0, 2, 24.33
1747820256, 0, 48, 965, 964, 23, 6.93%, 0, 0, 2, 23.67
1747820297, 0, 48, 966, 965, 23, 6.93%, 0, 0, 2, 23.77
1747820302, 0, 48, 967, 966, 23, 6.93%, 0, 0, 2, 23.35
1747820307, 0, 48, 968, 967, 23, 6.93%, 0, 0, 2, 23.51
1747820322, 0, 48, 969, 968, 23, 6.93%, 0, 0, 2, 23.52
1747820327, 0, 49, 970, 969, 23, 6.93%, 0, 0, 2, 22.97
1747820338, 0, 51, 970, 969, 23, 6.93%, 0, 0, 2, 22.53
1747820343, 0, 51, 972, 971, 23, 6.93%, 0, 0, 2, 21.13
1747820348, 0, 51, 973, 972, 23, 6.93%, 0, 0, 2, 21.79
1747820353, 0, 51, 974, 973, 23, 6.93%, 0, 0, 2, 21.84
1747820358, 0, 51, 975, 974, 23, 6.93%, 0, 0, 2, 21.29
1747820363, 0, 51, 977, 976, 23, 6.93%, 0, 0, 2, 20.87
1747820368, 0, 51, 978, 977, 23, 6.93%, 0, 0, 2, 22.04
1747820373, 0, 51, 979, 978, 23, 6.93%, 0, 0, 2, 22.15
1747820378, 0, 51, 980, 979, 23, 6.93%, 0, 0, 2, 21.70
1747820383, 0, 51, 982, 981, 23, 6.93%, 0, 0, 2, 21.63
1747820388, 0, 51, 983, 982, 23, 6.93%, 0, 0, 2, 21.33
1747820398, 0, 51, 984, 983, 23, 6.93%, 0, 0, 2, 21.19
1747820414, 0, 51, 985, 984, 23, 6.93%, 0, 0, 2, 22.41
1747820424, 0, 51, 986, 985, 23, 6.93%, 0, 0, 2, 22.09
1747820449, 0, 51, 987, 986, 23, 6.93%, 0, 0, 2, 21.78
1747820454, 0, 51, 988, 987, 23, 6.93%, 0, 0, 2, 22.05
1747820475, 0, 51, 989, 988, 23, 6.93%, 0, 0, 2, 20.73
1747820511, 0, 51, 990, 989, 23, 6.93%, 0, 0, 2, 21.66
1747820531, 0, 51, 991, 990, 23, 6.93%, 0, 0, 2, 21.88
1747820536, 0, 55, 992, 991, 25, 6.93%, 0, 0, 2, 23.21
1747820547, 0, 57, 993, 992, 25, 6.93%, 0, 0, 2, 22.83
1747820552, 0, 57, 994, 993, 25, 6.93%, 0, 0, 2, 21.31
1747820572, 0, 58, 995, 994, 25, 6.93%, 0, 0, 2, 21.61
1747820577, 0, 58, 996, 995, 25, 6.93%, 0, 0, 2, 20.75
1747820593, 0, 58, 997, 996, 25, 6.93%, 0, 0, 2, 13.06
1747820644, 0, 60, 998, 997, 25, 6.93%, 0, 0, 2, 12.31
1747820664, 0, 61, 998, 997, 25, 6.93%, 0, 0, 2, 12.90
1747820674, 0, 61, 1000, 999, 25, 6.93%, 0, 0, 2, 11.89
1747820680, 0, 61, 1001, 1000, 25, 6.93%, 0, 0, 2, 11.59
1747820700, 0, 61, 1002, 1001, 25, 6.94%, 0, 0, 2, 12.41
1747820726, 0, 61, 1003, 1002, 25, 6.94%, 0, 0, 2, 11.44
1747820751, 0, 61, 1004, 1003, 25, 6.94%, 0, 0, 2, 11.82
1747820787, 0, 61, 1005, 1004, 25, 6.94%, 0, 0, 2, 12.14
1747820808, 0, 61, 1006, 1005, 25, 6.94%, 0, 0, 2, 11.81
1747820813, 0, 61, 1008, 1007, 25, 7.17%, 0, 0, 2, 11.73
1747820834, 0, 61, 1009, 1008, 25, 7.17%, 0, 0, 2, 12.33
1747820844, 0, 61, 1010, 1009, 25, 7.17%, 0, 0, 2, 12.25
1747820849, 0, 61, 1011, 1010, 25, 7.17%, 0, 0, 2, 11.74
1747820880, 0, 61, 1012, 1011, 25, 7.17%, 0, 0, 2, 12.23
1747820895, 0, 61, 1014, 1013, 25, 7.17%, 0, 0, 2, 12.05
1747820937, 0, 61, 1015, 1014, 25, 7.17%, 0, 0, 2, 13.09
1747820952, 0, 61, 1016, 1015, 25, 7.17%, 0, 0, 2, 12.30
1747820962, 0, 61, 1017, 1016, 25, 7.17%, 0, 0, 2, 12.21
1747821013, 0, 62, 1018, 1017, 24, 7.17%, 0, 0, 2, 12.81
1747821023, 0, 62, 1019, 1018, 24, 7.18%, 0, 0, 2, 12.18
1747821034, 0, 62, 1020, 1019, 24, 7.18%, 0, 0, 2, 12.79
1747821039, 0, 62, 1021, 1020, 24, 7.18%, 0, 0, 2, 12.50
1747821044, 0, 62, 1022, 1021, 24, 7.18%, 0, 0, 2, 11.68
1747821054, 0, 62, 1023, 1022, 24, 7.18%, 0, 0, 2, 12.91
1747821095, 0, 62, 1024, 1023, 24, 7.18%, 0, 0, 2, 12.56
1747821105, 0, 62, 1025, 1024, 24, 7.18%, 0, 0, 2, 13.09
1747821121, 0, 62, 1026, 1025, 24, 7.18%, 0, 0, 2, 12.29
1747821141, 0, 62, 1027, 1026, 24, 7.18%, 0, 0, 2, 12.09
1747821198, 0, 62, 1028, 1027, 24, 7.18%, 0, 0, 2, 11.53
1747821213, 0, 62, 1029, 1028, 24, 7.18%, 0, 0, 2, 11.75
1747821254, 0, 62, 1030, 1029, 24, 7.18%, 0, 0, 2, 12.87
1747821336, 0, 62, 1031, 1030, 24, 7.18%, 0, 0, 2, 12.68
1747821346, 0, 65, 1031, 1030, 23, 7.18%, 0, 0, 2, 12.79
1747821357, 0, 66, 1031, 1030, 23, 7.18%, 0, 0, 2, 12.65
1747821362, 0, 66, 1032, 1031, 23, 7.18%, 0, 0, 2, 13.14
1747821377, 0, 68, 1032, 1031, 23, 7.18%, 0, 0, 2, 12.64
1747821387, 0, 69, 1032, 1031, 23, 7.18%, 0, 0, 2, 12.63
1747821402, 0, 71, 1032, 1031, 23, 7.18%, 0, 0, 2, 12.38
1747821412, 0, 72, 1032, 1031, 23, 7.18%, 0, 0, 2, 12.52
1747821423, 0, 73, 1033, 1032, 23, 7.23%, 0, 0, 2, 12.08
1747821433, 0, 73, 1034, 1033, 23, 7.23%, 0, 0, 2, 12.01
1747821443, 0, 73, 1035, 1034, 23, 7.23%, 0, 0, 2, 11.94
1747821458, 0, 73, 1036, 1035, 23, 7.23%, 0, 0, 2, 12.17
1747821468, 0, 73, 1037, 1036, 23, 7.23%, 0, 0, 2, 12.32
1747821484, 0, 73, 1038, 1037, 23, 7.23%, 0, 0, 2, 12.09
1747821494, 0, 73, 1039, 1038, 23, 7.23%, 0, 0, 2, 11.88
1747821504, 0, 73, 1040, 1039, 23, 7.23%, 0, 0, 2, 12.14
1747821669, 0, 73, 1041, 1040, 23, 7.24%, 0, 0, 2, 12.01
1747821674, 0, 73, 1042, 1041, 23, 7.24%, 0, 0, 2, 11.72
1747821767, 0, 74, 1042, 1041, 21, 7.24%, 0, 0, 2, 12.07
1747821777, 0, 75, 1042, 1041, 21, 7.24%, 0, 0, 2, 12.13
1747821792, 0, 76, 1042, 1041, 21, 7.24%, 0, 0, 2, 12.34
1747821802, 0, 77, 1043, 1042, 21, 7.24%, 0, 0, 2, 12.13
1747821823, 0, 78, 1043, 1042, 21, 7.24%, 0, 0, 2, 11.60
1747821828, 0, 78, 1044, 1043, 21, 7.24%, 0, 0, 2, 12.16
1747821838, 0, 78, 1045, 1044, 21, 7.24%, 0, 0, 2, 11.52
1747821864, 0, 79, 1045, 1044, 21, 7.24%, 0, 0, 2, 12.05
1747821874, 0, 79, 1046, 1045, 21, 7.24%, 0, 0, 2, 11.25
1747821889, 0, 81, 1046, 1045, 21, 7.24%, 0, 0, 2, 11.43
1747821899, 0, 82, 1046, 1045, 21, 7.24%, 0, 0, 2, 12.27
1747821909, 0, 83, 1046, 1045, 21, 7.24%, 0, 0, 2, 11.41
1747821920, 0, 84, 1046, 1045, 21, 7.24%, 0, 0, 2, 11.52
1747821930, 0, 85, 1046, 1045, 21, 7.24%, 0, 0, 2, 11.44
1747821945, 0, 87, 1046, 1045, 21, 7.24%, 0, 0, 2, 11.88
1747821956, 0, 87, 1047, 1046, 21, 7.24%, 0, 0, 2, 11.64
1747821966, 0, 89, 1047, 1046, 21, 7.24%, 0, 0, 2, 11.61
1747821976, 0, 90, 1047, 1046, 21, 7.24%, 0, 0, 2, 11.69
1747821987, 0, 91, 1047, 1046, 21, 7.24%, 0, 0, 2, 12.36
1747821997, 0, 92, 1047, 1046, 21, 7.24%, 0, 0, 2, 12.00
1747822007, 0, 93, 1047, 1046, 21, 7.24%, 0, 0, 2, 11.67
1747822017, 0, 94, 1047, 1046, 21, 7.24%, 0, 0, 2, 12.55
1747822028, 0, 95, 1047, 1046, 21, 7.24%, 0, 0, 2, 12.73
1747822038, 0, 96, 1047, 1046, 21, 7.24%, 0, 0, 2, 12.66
1747822048, 0, 97, 1047, 1046, 21, 7.24%, 0, 0, 2, 11.80
1747822058, 0, 98, 1047, 1046, 21, 7.24%, 0, 0, 2, 12.04
1747822063, 0, 98, 1048, 1047, 21, 7.24%, 0, 0, 2, 11.72
1747822069, 0, 98, 1049, 1048, 21, 7.24%, 0, 0, 2, 11.23
1747822104, 0, 99, 1049, 1048, 21, 7.24%, 0, 0, 2, 11.91
1747822115, 0, 99, 1050, 1049, 21, 7.24%, 0, 0, 2, 11.95
1747822125, 0, 100, 1050, 1049, 21, 7.24%, 0, 0, 2, 12.99
1747822140, 0, 102, 1050, 1049, 21, 7.24%, 0, 0, 2, 12.06
1747822151, 0, 103, 1050, 1049, 21, 7.24%, 0, 0, 2, 11.67
1747822161, 0, 104, 1050, 1049, 21, 7.24%, 0, 0, 2, 11.63
1747822166, 0, 104, 1051, 1050, 21, 7.24%, 0, 0, 2, 11.15
1747822171, 0, 104, 1052, 1051, 21, 7.24%, 0, 0, 2, 11.54
1747822177, 0, 104, 1053, 1052, 21, 7.24%, 0, 0, 2, 11.17
1747822207, 0, 104, 1054, 1053, 21, 7.24%, 0, 0, 2, 11.78
1747822227, 0, 104, 1056, 1055, 21, 7.24%, 0, 0, 2, 10.89
1747822345, 0, 104, 1057, 1056, 21, 7.24%, 0, 0, 2, 11.01
1747822355, 0, 104, 1058, 1057, 21, 7.24%, 0, 0, 2, 11.62
1747822370, 0, 104, 1059, 1058, 21, 7.24%, 0, 0, 2, 11.45
1747822416, 0, 104, 1060, 1059, 21, 7.24%, 0, 0, 2, 11.17
1747822442, 0, 104, 1061, 1060, 21, 7.24%, 0, 0, 2, 11.02
1747822498, 0, 104, 1062, 1061, 21, 7.24%, 0, 0, 2, 11.30
1747822524, 0, 105, 1062, 1061, 21, 7.24%, 0, 0, 2, 11.96
1747822534, 0, 106, 1062, 1061, 21, 7.24%, 0, 0, 2, 12.05
1747822544, 0, 107, 1062, 1061, 21, 7.24%, 0, 0, 2, 11.45
1747822555, 0, 108, 1062, 1061, 21, 7.24%, 0, 0, 2, 11.93
1747822565, 0, 109, 1062, 1061, 21, 7.24%, 0, 0, 2, 11.33
1747822575, 0, 110, 1062, 1061, 21, 7.24%, 0, 0, 2, 11.50
1747822585, 0, 110, 1063, 1062, 21, 7.25%, 0, 0, 2, 11.09
1747822590, 0, 110, 1064, 1063, 21, 7.25%, 0, 0, 2, 10.34
1747822606, 0, 110, 1065, 1064, 21, 7.25%, 0, 0, 2, 10.92
1747822611, 0, 110, 1066, 1065, 21, 7.25%, 0, 0, 2, 10.56
1747822621, 0, 110, 1068, 1067, 21, 7.25%, 0, 0, 2, 10.11
1747822636, 0, 110, 1070, 1069, 21, 7.25%, 0, 0, 2, 10.74
1747822677, 0, 110, 1071, 1070, 21, 7.25%, 0, 0, 2, 10.39
1747822728, 0, 110, 1072, 1071, 21, 7.25%, 0, 0, 2, 10.21
1747822743, 0, 110, 1073, 1072, 21, 7.25%, 0, 0, 2, 10.61
1747822846, 0, 110, 1074, 1073, 21, 7.25%, 0, 0, 2, 10.63
1747822876, 0, 110, 1075, 1074, 21, 7.25%, 0, 0, 2, 10.77
1747822958, 0, 111, 1077, 1076, 22, 7.25%, 0, 0, 2, 10.22
1747822989, 0, 111, 1078, 1077, 22, 7.25%, 0, 0, 2, 10.86
1747823050, 0, 112, 1078, 1077, 22, 7.25%, 0, 0, 2, 11.11
1747823056, 0, 112, 1079, 1078, 22, 7.25%, 0, 0, 2, 11.78
1747823076, 0, 113, 1079, 1078, 22, 7.25%, 0, 0, 2, 11.04
1747823086, 0, 114, 1079, 1078, 22, 7.25%, 0, 0, 2, 11.05
1747823096, 0, 116, 1079, 1078, 22, 7.25%, 0, 0, 2, 10.58
1747823107, 0, 117, 1079, 1078, 22, 7.25%, 0, 0, 2, 11.30
1747823122, 0, 118, 1079, 1078, 22, 7.25%, 0, 0, 2, 10.59
1747823127, 0, 118, 1080, 1079, 22, 7.25%, 0, 0, 2, 10.42
1747823143, 0, 119, 1080, 1079, 22, 7.25%, 0, 0, 2, 11.05
1747823158, 0, 120, 1080, 1079, 22, 7.25%, 0, 0, 2, 12.60
1747823168, 0, 121, 1081, 1080, 22, 7.25%, 0, 0, 2, 12.11
1747823183, 0, 121, 1082, 1081, 22, 7.25%, 0, 0, 2, 12.34
1747823209, 0, 122, 1082, 1081, 22, 7.25%, 0, 0, 2, 11.64
1747823214, 0, 122, 1085, 1084, 22, 7.25%, 0, 0, 2, 10.15
1747823270, 0, 122, 1086, 1085, 22, 7.25%, 0, 0, 2, 11.47
1747823296, 0, 122, 1087, 1086, 22, 7.25%, 0, 0, 2, 11.29
1747823352, 0, 122, 1089, 1088, 22, 7.25%, 0, 0, 2, 10.63
1747823429, 0, 122, 1090, 1089, 22, 7.25%, 0, 0, 2, 11.21
1747823475, 0, 122, 1091, 1090, 22, 7.25%, 0, 0, 2, 11.27
1747823480, 0, 122, 1092, 1091, 22, 7.25%, 0, 0, 2, 11.34
1747823485, 0, 122, 1093, 1092, 22, 7.25%, 0, 0, 2, 12.01
1747823496, 0, 122, 1094, 1093, 22, 7.25%, 0, 0, 2, 10.74
1747823521, 0, 122, 1095, 1094, 22, 7.25%, 0, 0, 2, 11.38
1747823537, 0, 122, 1096, 1095, 22, 7.25%, 0, 0, 2, 10.78
1747823583, 0, 123, 1096, 1095, 22, 7.25%, 0, 0, 2, 11.43
1747823593, 0, 125, 1096, 1095, 22, 7.25%, 0, 0, 2, 12.02
1747823598, 0, 125, 1097, 1096, 22, 7.25%, 0, 0, 2, 10.81
1747823608, 0, 125, 1098, 1097, 22, 7.25%, 0, 0, 2, 10.89
1747823639, 0, 126, 1098, 1097, 22, 7.25%, 0, 0, 2, 11.58
1747823649, 0, 126, 1099, 1098, 22, 7.25%, 0, 0, 2, 10.58
1747823654, 0, 126, 1100, 1099, 22, 7.25%, 0, 0, 2, 10.45
1747823684, 0, 126, 1101, 1100, 22, 7.25%, 0, 0, 2, 10.44
1747823720, 0, 126, 1102, 1101, 22, 7.25%, 0, 0, 2, 10.87
1747823736, 0, 126, 1103, 1102, 22, 7.25%, 0, 0, 2, 10.73
1747823772, 0, 126, 1104, 1103, 22, 7.25%, 0, 0, 2, 10.75
1747823838, 0, 126, 1105, 1104, 22, 7.25%, 0, 0, 2, 10.68
1747823874, 0, 126, 1106, 1105, 22, 7.25%, 0, 0, 2, 10.46
1747823991, 0, 126, 1107, 1106, 22, 7.26%, 0, 0, 2, 11.06
1747824012, 0, 127, 1107, 1106, 21, 7.26%, 0, 0, 2, 10.62
1747824027, 0, 128, 1107, 1106, 21, 7.26%, 0, 0, 2, 11.87
1747824032, 0, 128, 1108, 1107, 21, 7.26%, 0, 0, 2, 11.54
1747824048, 0, 130, 1108, 1107, 21, 7.26%, 0, 0, 2, 12.31
1747824058, 0, 131, 1108, 1107, 21, 7.26%, 0, 0, 2, 11.19
1747824063, 0, 131, 1109, 1108, 21, 7.26%, 0, 0, 2, 10.54
1747824084, 0, 132, 1109, 1108, 21, 7.26%, 0, 0, 2, 11.10
1747824094, 0, 132, 1110, 1109, 21, 7.26%, 0, 0, 2, 10.83
1747824104, 0, 133, 1110, 1109, 21, 7.26%, 0, 0, 2, 11.15
1747824115, 0, 135, 1110, 1109, 21, 7.26%, 0, 0, 2, 11.72
1747824125, 0, 136, 1110, 1109, 21, 7.26%, 0, 0, 2, 12.07
1747824141, 0, 137, 1110, 1109, 21, 7.26%, 0, 0, 2, 11.02
1747824151, 0, 138, 1110, 1109, 21, 7.26%, 0, 0, 2, 11.38
1747824161, 0, 139, 1110, 1109, 21, 7.26%, 0, 0, 2, 10.81
1747824171, 0, 139, 1112, 1111, 21, 7.26%, 0, 0, 2, 10.64
1747824177, 0, 139, 1113, 1112, 21, 7.26%, 0, 0, 2, 10.02
1747824197, 0, 139, 1114, 1113, 21, 7.26%, 0, 0, 2, 10.30
1747824202, 0, 139, 1115, 1114, 21, 7.26%, 0, 0, 2, 9.40
1747824233, 0, 139, 1116, 1115, 21, 7.26%, 0, 0, 2, 9.67
1747824238, 0, 139, 1117, 1116, 21, 7.26%, 0, 0, 2, 9.26
1747824341, 0, 139, 1118, 1117, 21, 7.26%, 0, 0, 2, 9.94
1747824531, 0, 139, 1119, 1118, 21, 7.26%, 0, 0, 2, 10.04
1747824541, 0, 139, 1120, 1119, 21, 7.27%, 0, 0, 2, 10.45
1747824556, 0, 139, 1121, 1120, 21, 7.27%, 0, 0, 2, 9.69
1747824561, 0, 140, 1121, 1120, 22, 7.27%, 0, 0, 2, 10.43
1747824566, 0, 140, 1122, 1121, 22, 7.27%, 0, 0, 2, 10.70
1747824587, 0, 141, 1122, 1121, 22, 7.27%, 0, 0, 2, 11.16
1747824597, 0, 142, 1122, 1121, 22, 7.27%, 0, 0, 2, 11.98
1747824607, 0, 143, 1122, 1121, 22, 7.27%, 0, 0, 2, 11.03
1747824613, 0, 143, 1123, 1122, 22, 7.27%, 0, 0, 2, 9.60
1747824623, 0, 143, 1124, 1123, 22, 7.27%, 0, 0, 2, 10.47
1747824633, 0, 143, 1125, 1124, 22, 7.27%, 0, 0, 2, 10.19
1747824664, 0, 143, 1126, 1125, 22, 7.27%, 0, 0, 2, 10.06
1747824700, 0, 143, 1127, 1126, 22, 7.27%, 0, 0, 2, 10.28
1747824777, 0, 143, 1128, 1127, 22, 7.27%, 0, 0, 2, 10.42
1747824956, 0, 143, 1129, 1128, 22, 7.27%, 0, 0, 2, 10.52
1747824987, 0, 143, 1130, 1129, 22, 7.30%, 0, 0, 2, 10.08
1747825013, 0, 144, 1130, 1129, 23, 7.30%, 0, 0, 2, 11.35
1747825023, 0, 145, 1130, 1129, 23, 7.30%, 0, 0, 2, 12.02
1747825033, 0, 146, 1130, 1129, 23, 7.30%, 0, 0, 2, 11.50
1747825043, 0, 147, 1130, 1129, 23, 7.30%, 0, 0, 2, 11.60
1747825058, 0, 149, 1130, 1129, 23, 7.30%, 0, 0, 2, 10.75
1747825069, 0, 150, 1130, 1129, 23, 7.30%, 0, 0, 2, 10.04
1747825084, 0, 151, 1130, 1129, 23, 7.30%, 0, 0, 2, 11.81
1747825094, 0, 152, 1131, 1130, 23, 7.32%, 0, 0, 2, 9.69
1747825105, 0, 152, 1132, 1131, 23, 7.32%, 0, 0, 2, 9.95
1747825110, 0, 152, 1133, 1132, 23, 7.33%, 0, 0, 2, 9.93
1747825140, 0, 152, 1134, 1133, 23, 7.35%, 0, 0, 2, 9.87
1747825151, 0, 152, 1135, 1134, 23, 7.35%, 0, 0, 2, 10.04
1747825156, 0, 152, 1136, 1135, 23, 7.35%, 0, 0, 2, 10.66
1747825218, 0, 152, 1137, 1136, 23, 7.35%, 0, 0, 2, 9.55
1747825258, 0, 152, 1138, 1137, 23, 7.35%, 0, 0, 2, 10.32
1747825320, 0, 152, 1140, 1139, 23, 7.35%, 0, 0, 2, 9.92
1747825505, 0, 154, 1140, 1139, 24, 7.35%, 0, 0, 2, 11.44
1747825515, 0, 156, 1140, 1139, 24, 7.35%, 0, 0, 2, 11.49
1747825526, 0, 157, 1140, 1139, 24, 7.35%, 0, 0, 2, 11.58
1747825536, 0, 158, 1140, 1139, 24, 7.35%, 0, 0, 2, 11.07
1747825541, 0, 158, 1141, 1140, 24, 7.35%, 0, 0, 2, 9.94
1747825546, 0, 158, 1142, 1141, 24, 7.35%, 0, 0, 2, 9.92
1747825588, 0, 159, 1142, 1141, 24, 7.35%, 0, 0, 2, 10.37
1747825598, 0, 160, 1142, 1141, 24, 7.35%, 0, 0, 2, 11.57
1747825608, 0, 160, 1143, 1142, 24, 7.35%, 0, 0, 2, 11.60
1747825624, 0, 161, 1143, 1142, 24, 7.35%, 0, 0, 2, 11.47
1747825634, 0, 162, 1143, 1142, 24, 7.35%, 0, 0, 2, 11.54
1747825644, 0, 163, 1143, 1142, 24, 7.35%, 0, 0, 2, 11.65
1747825654, 0, 164, 1143, 1142, 24, 7.35%, 0, 0, 2, 11.67
1747825670, 0, 165, 1143, 1142, 24, 7.35%, 0, 0, 2, 11.02
1747825680, 0, 166, 1143, 1142, 24, 7.35%, 0, 0, 2, 12.49
1747825690, 0, 167, 1143, 1142, 24, 7.35%, 0, 0, 2, 11.95
1747825700, 0, 168, 1143, 1142, 24, 7.35%, 0, 0, 2, 12.15
1747825710, 0, 168, 1145, 1144, 24, 7.35%, 0, 0, 2, 10.21
1747825746, 0, 168, 1146, 1145, 24, 7.35%, 0, 0, 2, 9.96
1747825751, 0, 168, 1147, 1146, 24, 7.35%, 0, 0, 2, 9.54
1747825771, 0, 168, 1148, 1147, 24, 7.35%, 0, 0, 2, 9.44
1747825782, 0, 168, 1149, 1148, 24, 7.35%, 0, 0, 2, 9.48
1747825843, 0, 168, 1150, 1149, 24, 7.35%, 0, 0, 2, 9.79
1747826002, 0, 168, 1151, 1150, 24, 7.35%, 0, 0, 2, 9.88
1747826100, 0, 168, 1152, 1151, 24, 7.35%, 0, 0, 2, 9.47
1747826115, 0, 169, 1152, 1151, 24, 7.35%, 0, 0, 2, 11.43
1747826125, 0, 170, 1152, 1151, 24, 7.35%, 0, 0, 2, 12.07
1747826136, 0, 171, 1152, 1151, 24, 7.35%, 0, 0, 2, 11.01
1747826141, 0, 171, 1154, 1153, 24, 7.35%, 0, 0, 2, 10.12
1747826172, 0, 171, 1155, 1154, 24, 7.35%, 0, 0, 2, 10.29
1747826187, 0, 171, 1156, 1155, 24, 7.35%, 0, 0, 2, 9.57
1747826341, 0, 173, 1156, 1155, 24, 7.35%, 0, 0, 2, 11.25
1747826351, 0, 174, 1156, 1155, 24, 7.35%, 0, 0, 2, 11.15
1747826361, 0, 175, 1156, 1155, 24, 7.35%, 0, 0, 2, 11.37
1747826371, 0, 176, 1156, 1155, 24, 7.35%, 0, 0, 2, 11.45
1747826382, 0, 177, 1156, 1155, 24, 7.35%, 0, 0, 2, 11.82
1747826397, 0, 178, 1156, 1155, 24, 7.35%, 0, 0, 2, 11.05
1747826407, 0, 179, 1156, 1155, 24, 7.35%, 0, 0, 2, 10.93
1747826418, 0, 180, 1156, 1155, 24, 7.35%, 0, 0, 2, 10.27
1747826428, 0, 181, 1156, 1155, 24, 7.35%, 0, 0, 2, 11.87
1747826438, 0, 181, 1157, 1156, 24, 7.35%, 0, 0, 2, 9.75
1747826453, 0, 182, 1157, 1156, 24, 7.35%, 0, 0, 2, 11.57
1747826464, 0, 183, 1157, 1156, 24, 7.35%, 0, 0, 2, 12.85
1747826479, 0, 185, 1157, 1156, 24, 7.35%, 0, 0, 2, 11.45
1747826489, 0, 186, 1157, 1156, 24, 7.35%, 0, 0, 2, 12.09
1747826500, 0, 187, 1157, 1156, 24, 7.35%, 0, 0, 2, 10.57
1747826510, 0, 188, 1157, 1156, 24, 7.35%, 0, 0, 2, 11.77
1747826520, 0, 190, 1157, 1156, 24, 7.35%, 0, 0, 2, 12.20
1747826531, 0, 191, 1157, 1156, 24, 7.35%, 0, 0, 2, 10.42
1747826546, 0, 193, 1157, 1156, 24, 7.35%, 0, 0, 2, 11.92
1747826556, 0, 195, 1157, 1156, 24, 7.35%, 0, 0, 2, 11.22
1747826567, 0, 196, 1157, 1156, 24, 7.35%, 0, 0, 2, 10.87
1747826577, 0, 197, 1157, 1156, 24, 7.35%, 0, 0, 2, 11.65
1747826587, 0, 197, 1158, 1157, 24, 7.35%, 0, 0, 2, 11.55
1747826603, 0, 198, 1158, 1157, 24, 7.35%, 0, 0, 2, 11.39
1747826613, 0, 199, 1158, 1157, 24, 7.35%, 0, 0, 2, 11.63
1747826623, 0, 200, 1158, 1157, 24, 7.35%, 0, 0, 2, 10.38
1747826639, 0, 201, 1158, 1157, 24, 7.35%, 0, 0, 2, 11.06
1747826649, 0, 201, 1159, 1158, 24, 7.35%, 0, 0, 2, 10.35
1747826659, 0, 201, 1160, 1159, 24, 7.35%, 0, 0, 2, 9.97
1747826685, 0, 201, 1161, 1160, 24, 7.35%, 0, 0, 2, 11.05
1747826690, 0, 201, 1162, 1161, 24, 7.35%, 0, 0, 2, 11.06
1747826788, 0, 201, 1163, 1162, 24, 7.35%, 0, 0, 2, 10.95
1747826895, 0, 201, 1164, 1163, 24, 7.35%, 0, 0, 2, 10.99
1747826947, 0, 201, 1165, 1164, 24, 7.35%, 0, 0, 2, 10.49
1747827014, 0, 201, 1166, 1165, 24, 7.35%, 0, 0, 2, 10.22
1747827029, 0, 202, 1166, 1165, 24, 7.35%, 0, 0, 2, 10.92
1747827040, 0, 203, 1166, 1165, 24, 7.35%, 0, 0, 2, 10.18
1747827050, 0, 204, 1166, 1165, 24, 7.35%, 0, 0, 2, 10.45
1747827060, 0, 205, 1166, 1165, 24, 7.35%, 0, 0, 2, 12.13
1747827076, 0, 207, 1166, 1165, 24, 7.35%, 0, 0, 2, 11.78
1747827086, 0, 209, 1166, 1165, 24, 7.35%, 0, 0, 2, 10.77
1747827096, 0, 210, 1166, 1165, 24, 7.35%, 0, 0, 2, 11.15
1747827106, 0, 211, 1167, 1166, 24, 7.35%, 0, 0, 2, 11.17
1747827132, 0, 211, 1168, 1167, 24, 7.35%, 0, 0, 2, 10.14
1747827157, 0, 211, 1169, 1168, 24, 7.35%, 0, 0, 2, 10.41
1747827162, 0, 211, 1170, 1169, 24, 7.35%, 0, 0, 2, 9.99
1747827203, 0, 211, 1171, 1170, 24, 7.35%, 0, 0, 2, 10.52
1747827208, 0, 211, 1172, 1171, 24, 7.35%, 0, 0, 2, 10.31
1747827244, 0, 211, 1173, 1172, 24, 7.35%, 0, 0, 2, 9.85
1747827249, 0, 211, 1174, 1173, 24, 7.35%, 0, 0, 2, 9.68
1747827285, 0, 211, 1175, 1174, 24, 7.35%, 0, 0, 2, 10.17
1747827321, 0, 211, 1176, 1175, 24, 7.35%, 0, 0, 2, 10.18
1747827331, 0, 211, 1177, 1176, 24, 7.35%, 0, 0, 2, 10.04
1747827342, 0, 211, 1178, 1177, 24, 7.46%, 0, 0, 2, 10.14
1747827439, 0, 211, 1179, 1178, 24, 7.46%, 0, 0, 2, 10.29
1747827512, 0, 212, 1179, 1178, 25, 7.46%, 0, 0, 2, 10.03
1747827522, 0, 214, 1179, 1178, 25, 7.46%, 0, 0, 2, 11.61
1747827532, 0, 216, 1179, 1178, 25, 7.46%, 0, 0, 2, 10.89
1747827542, 0, 217, 1179, 1178, 25, 7.46%, 0, 0, 2, 11.60
1747827553, 0, 218, 1179, 1178, 25, 7.46%, 0, 0, 2, 12.07
1747827563, 0, 218, 1180, 1179, 25, 7.46%, 0, 0, 2, 10.65
1747827578, 0, 221, 1180, 1179, 26, 7.46%, 0, 0, 2, 10.41
1747827593, 0, 222, 1180, 1179, 26, 7.46%, 0, 0, 2, 11.86
1747827604, 0, 223, 1180, 1179, 26, 7.46%, 0, 0, 2, 10.83
1747827614, 0, 227, 1180, 1179, 26, 7.46%, 0, 0, 2, 10.31
1747827629, 0, 228, 1180, 1179, 26, 7.46%, 0, 0, 2, 11.82
1747827640, 0, 229, 1180, 1179, 26, 7.46%, 0, 0, 2, 11.10
1747827650, 0, 230, 1180, 1179, 26, 7.46%, 0, 0, 2, 11.40
1747827660, 0, 231, 1180, 1179, 26, 7.46%, 0, 0, 2, 10.64
1747827675, 0, 232, 1180, 1179, 26, 7.46%, 0, 0, 2, 10.03
1747827686, 0, 233, 1181, 1180, 26, 7.47%, 0, 0, 2, 10.52
1747827691, 0, 233, 1182, 1181, 26, 7.47%, 0, 0, 2, 9.58
1747827706, 0, 233, 1183, 1182, 26, 7.47%, 0, 0, 2, 10.57
1747827758, 0, 233, 1184, 1183, 26, 7.47%, 0, 0, 2, 10.46
1747827835, 0, 233, 1185, 1184, 26, 7.47%, 0, 0, 2, 9.75
1747827860, 0, 233, 1186, 1185, 26, 7.47%, 0, 0, 2, 10.71
1747827902, 0, 233, 1187, 1186, 26, 7.47%, 0, 0, 2, 10.39
1747827994, 0, 233, 1188, 1187, 26, 7.47%, 0, 0, 2, 9.73
1747827999, 0, 233, 1189, 1188, 26, 7.47%, 0, 0, 2, 9.74
1747828077, 0, 235, 1189, 1188, 27, 7.47%, 0, 0, 2, 10.82
1747828087, 0, 236, 1189, 1188, 27, 7.47%, 0, 0, 2, 11.47
1747828092, 0, 236, 1190, 1189, 27, 7.47%, 0, 0, 2, 11.11
1747828113, 0, 237, 1190, 1189, 27, 7.47%, 0, 0, 2, 10.98
1747828123, 0, 238, 1190, 1189, 27, 7.47%, 0, 0, 2, 12.52
1747828133, 0, 239, 1190, 1189, 27, 7.47%, 0, 0, 2, 11.64
1747828144, 0, 239, 1191, 1190, 27, 7.47%, 0, 0, 2, 10.45
1747828159, 0, 240, 1191, 1190, 27, 7.47%, 0, 0, 2, 10.41
1747828169, 0, 240, 1192, 1191, 27, 7.47%, 0, 0, 2, 9.54
1747828190, 0, 241, 1192, 1191, 27, 7.47%, 0, 0, 2, 11.19
1747828200, 0, 242, 1192, 1191, 27, 7.47%, 0, 0, 2, 11.51
1747828210, 0, 243, 1193, 1192, 27, 7.47%, 0, 0, 2, 10.70
1747828235, 0, 244, 1193, 1192, 27, 7.47%, 0, 0, 2, 10.92
1747828245, 0, 244, 1194, 1193, 27, 7.48%, 0, 0, 2, 9.70
1747828261, 0, 245, 1194, 1193, 27, 7.48%, 0, 0, 2, 10.18
1747828272, 0, 246, 1194, 1193, 27, 7.48%, 0, 0, 2, 12.18
1747828282, 0, 248, 1194, 1193, 27, 7.48%, 0, 0, 2, 11.55
1747828292, 0, 249, 1194, 1193, 27, 7.48%, 0, 0, 2, 10.57
1747828308, 0, 250, 1194, 1193, 27, 7.48%, 0, 0, 2, 11.13
1747828318, 0, 252, 1194, 1193, 27, 7.48%, 0, 0, 2, 10.57
1747828328, 0, 254, 1195, 1194, 27, 7.48%, 0, 0, 2, 10.42
1747828354, 0, 255, 1195, 1194, 27, 7.48%, 0, 0, 2, 10.57
1747828364, 0, 255, 1196, 1195, 27, 7.48%, 0, 0, 2, 10.50
1747828369, 0, 255, 1197, 1196, 27, 7.48%, 0, 0, 2, 10.28
1747828380, 0, 255, 1198, 1197, 27, 7.48%, 0, 0, 2, 10.09
1747828426, 0, 255, 1199, 1198, 27, 7.48%, 0, 0, 2, 9.87
1747828437, 0, 255, 1200, 1199, 27, 7.48%, 0, 0, 2, 9.76
1747828447, 0, 255, 1201, 1200, 27, 7.48%, 0, 0, 2, 10.41
1747828457, 0, 255, 1202, 1201, 27, 7.48%, 0, 0, 2, 9.86
1747828504, 0, 255, 1203, 1202, 27, 7.48%, 0, 0, 2, 9.60
1747828616, 0, 255, 1204, 1203, 27, 7.48%, 0, 0, 2, 9.46
1747828766, 0, 256, 1204, 1203, 27, 7.48%, 0, 0, 2, 10.33
1747828781, 0, 257, 1204, 1203, 27, 7.48%, 0, 0, 2, 11.36
1747828791, 0, 258, 1204, 1203, 27, 7.48%, 0, 0, 2, 11.15
1747828801, 0, 259, 1204, 1203, 27, 7.48%, 0, 0, 2, 10.68
1747828817, 0, 260, 1204, 1203, 27, 7.48%, 0, 0, 2, 11.75
1747828827, 0, 261, 1204, 1203, 27, 7.48%, 0, 0, 2, 11.59
1747828837, 0, 262, 1204, 1203, 27, 7.48%, 0, 0, 2, 11.44
1747828848, 0, 263, 1204, 1203, 27, 7.48%, 0, 0, 2, 11.42
1747828853, 0, 263, 1205, 1204, 27, 7.50%, 0, 0, 2, 10.47
1747828858, 0, 263, 1206, 1205, 27, 7.50%, 0, 0, 2, 10.20
1747828863, 0, 263, 1207, 1206, 27, 7.50%, 0, 0, 2, 10.16
1747828909, 0, 263, 1208, 1207, 27, 7.50%, 0, 0, 2, 9.36
1747829053, 0, 264, 1208, 1207, 27, 7.50%, 0, 0, 2, 10.61
1747829068, 0, 265, 1208, 1207, 27, 7.50%, 0, 0, 2, 10.74
1747829079, 0, 267, 1208, 1207, 27, 7.50%, 0, 0, 2, 10.96
1747829089, 0, 268, 1208, 1207, 27, 7.50%, 0, 0, 2, 10.95
1747829099, 0, 269, 1208, 1207, 27, 7.50%, 0, 0, 2, 12.02
1747829115, 0, 270, 1208, 1207, 27, 7.50%, 0, 0, 2, 9.79
1747829125, 0, 271, 1208, 1207, 27, 7.50%, 0, 0, 2, 10.85
1747829140, 0, 272, 1208, 1207, 27, 7.50%, 0, 0, 2, 10.21
1747829150, 0, 273, 1208, 1207, 27, 7.50%, 0, 0, 2, 11.42
1747829161, 0, 275, 1208, 1207, 27, 7.50%, 0, 0, 2, 11.28
1747829176, 0, 276, 1208, 1207, 27, 7.50%, 0, 0, 2, 10.89
1747829187, 0, 277, 1208, 1207, 27, 7.50%, 0, 0, 2, 11.61
1747829197, 0, 278, 1208, 1207, 27, 7.50%, 0, 0, 2, 11.04
1747829212, 0, 279, 1208, 1207, 27, 7.50%, 0, 0, 2, 10.12
1747829222, 0, 280, 1208, 1207, 27, 7.50%, 0, 0, 2, 9.92
1747829238, 0, 282, 1208, 1207, 27, 7.50%, 0, 0, 2, 10.36
1747829248, 0, 284, 1208, 1207, 27, 7.50%, 0, 0, 2, 10.98
1747829258, 0, 285, 1208, 1207, 27, 7.50%, 0, 0, 2, 11.55
1747829273, 0, 287, 1209, 1208, 27, 7.50%, 0, 0, 2, 10.38
1747829299, 0, 289, 1209, 1208, 27, 7.50%, 0, 0, 2, 11.12
1747829310, 0, 290, 1209, 1208, 27, 7.50%, 0, 0, 2, 9.79
1747829320, 0, 291, 1209, 1208, 27, 7.50%, 0, 0, 2, 9.66
1747829335, 0, 293, 1209, 1208, 27, 7.50%, 0, 0, 2, 10.50
1747829345, 0, 294, 1209, 1208, 27, 7.50%, 0, 0, 2, 11.58
1747829356, 0, 295, 1209, 1208, 27, 7.50%, 0, 0, 2, 11.19
1747829371, 0, 296, 1209, 1208, 27, 7.50%, 0, 0, 2, 11.09
1747829381, 0, 298, 1209, 1208, 27, 7.50%, 0, 0, 2, 10.53
1747829392, 0, 299, 1209, 1208, 27, 7.50%, 0, 0, 2, 9.89
1747829407, 0, 301, 1209, 1208, 27, 7.50%, 0, 0, 2, 9.94
1747829417, 0, 302, 1209, 1208, 27, 7.50%, 0, 0, 2, 10.09
1747829433, 0, 304, 1209, 1208, 27, 7.50%, 0, 0, 2, 10.99
1747829443, 0, 307, 1209, 1208, 27, 7.50%, 0, 0, 2, 11.93
1747829453, 0, 308, 1209, 1208, 27, 7.50%, 0, 0, 2, 11.59
1747829464, 0, 310, 1209, 1208, 27, 7.50%, 0, 0, 2, 12.06
1747829474, 0, 311, 1209, 1208, 27, 7.50%, 0, 0, 2, 11.49
1747829490, 0, 312, 1209, 1208, 27, 7.50%, 0, 0, 2, 10.20
1747829495, 0, 312, 1210, 1209, 27, 7.50%, 0, 0, 2, 9.51
1747829516, 0, 314, 1210, 1209, 27, 7.50%, 0, 0, 2, 10.08
1747829526, 0, 316, 1210, 1209, 27, 7.50%, 0, 0, 2, 10.49
1747829536, 0, 317, 1210, 1209, 27, 7.50%, 0, 0, 2, 11.27
1747829551, 0, 318, 1210, 1209, 27, 7.50%, 0, 0, 2, 11.17
1747829556, 0, 318, 1211, 1210, 27, 7.50%, 0, 0, 2, 9.94
1747829561, 0, 318, 1212, 1211, 27, 7.50%, 0, 0, 2, 9.14
1747829603, 0, 319, 1212, 1211, 27, 7.50%, 0, 0, 2, 10.55
1747829613, 0, 320, 1212, 1211, 27, 7.50%, 0, 0, 2, 11.17
1747829628, 0, 322, 1212, 1211, 27, 7.50%, 0, 0, 2, 11.19
1747829639, 0, 324, 1212, 1211, 27, 7.50%, 0, 0, 2, 11.14
1747829649, 0, 325, 1212, 1211, 27, 7.50%, 0, 0, 2, 10.64
1747829659, 0, 326, 1212, 1211, 27, 7.50%, 0, 0, 2, 11.70
1747829675, 0, 327, 1212, 1211, 27, 7.50%, 0, 0, 2, 11.13
1747829685, 0, 328, 1212, 1211, 27, 7.50%, 0, 0, 2, 10.34
1747829695, 0, 329, 1212, 1211, 27, 7.50%, 0, 0, 2, 10.78
1747829711, 0, 330, 1212, 1211, 27, 7.50%, 0, 0, 2, 11.19
1747829721, 0, 331, 1212, 1211, 27, 7.50%, 0, 0, 2, 10.99
1747829731, 0, 333, 1212, 1211, 27, 7.50%, 0, 0, 2, 11.52
1747829741, 0, 334, 1212, 1211, 27, 7.50%, 0, 0, 2, 11.64
1747829757, 0, 336, 1212, 1211, 27, 7.50%, 0, 0, 2, 10.68
1747829767, 0, 337, 1212, 1211, 27, 7.50%, 0, 0, 2, 11.40
1747829777, 0, 338, 1212, 1211, 27, 7.50%, 0, 0, 2, 11.14
1747829787, 0, 339, 1212, 1211, 27, 7.50%, 0, 0, 2, 10.40
1747829803, 0, 340, 1212, 1211, 27, 7.50%, 0, 0, 2, 10.73
1747829813, 0, 341, 1212, 1211, 27, 7.50%, 0, 0, 2, 10.81
1747829823, 0, 342, 1212, 1211, 27, 7.50%, 0, 0, 2, 10.76
1747829839, 0, 343, 1212, 1211, 27, 7.50%, 0, 0, 2, 10.94
1747829849, 0, 344, 1212, 1211, 27, 7.50%, 0, 0, 2, 10.88
1747829864, 0, 345, 1212, 1211, 27, 7.50%, 0, 0, 2, 10.77
1747829874, 0, 347, 1212, 1211, 27, 7.50%, 0, 0, 2, 11.24
1747829885, 0, 348, 1212, 1211, 27, 7.50%, 0, 0, 2, 11.76
1747829895, 0, 349, 1212, 1211, 27, 7.50%, 0, 0, 2, 11.41
1747829910, 0, 350, 1212, 1211, 27, 7.50%, 0, 0, 2, 11.97
1747829920, 0, 351, 1212, 1211, 27, 7.50%, 0, 0, 2, 12.09
1747829931, 0, 352, 1212, 1211, 27, 7.50%, 0, 0, 2, 11.67
1747829941, 0, 353, 1212, 1211, 27, 7.50%, 0, 0, 2, 11.14
1747829951, 0, 355, 1212, 1211, 27, 7.50%, 0, 0, 2, 10.72
1747829962, 0, 356, 1212, 1211, 27, 7.50%, 0, 0, 2, 9.83
1747829977, 0, 357, 1212, 1211, 27, 7.50%, 0, 0, 2, 10.97
1747829987, 0, 360, 1212, 1211, 27, 7.50%, 0, 0, 2, 12.09
1747829997, 0, 361, 1212, 1211, 27, 7.50%, 0, 0, 2, 11.95
1747830008, 0, 362, 1212, 1211, 27, 7.50%, 0, 0, 2, 10.94
1747830023, 0, 363, 1212, 1211, 27, 7.50%, 0, 0, 2, 10.63
1747830034, 0, 364, 1212, 1211, 27, 7.50%, 0, 0, 2, 11.33
1747830044, 0, 365, 1212, 1211, 27, 7.50%, 0, 0, 2, 12.09
1747830054, 0, 366, 1212, 1211, 27, 7.50%, 0, 0, 2, 11.40
1747830069, 0, 367, 1212, 1211, 27, 7.50%, 0, 0, 2, 10.95
1747830079, 0, 368, 1212, 1211, 27, 7.50%, 0, 0, 2, 10.85
1747830094, 0, 369, 1212, 1211, 27, 7.50%, 0, 0, 2, 10.87
1747830105, 0, 370, 1212, 1211, 27, 7.50%, 0, 0, 2, 10.81
1747830115, 0, 371, 1212, 1211, 27, 7.50%, 0, 0, 2, 11.24
1747830130, 0, 372, 1212, 1211, 27, 7.50%, 0, 0, 2, 10.25
1747830141, 0, 373, 1212, 1211, 27, 7.50%, 0, 0, 2, 11.31
1747830151, 0, 374, 1212, 1211, 27, 7.50%, 0, 0, 2, 10.86
1747830161, 0, 374, 1213, 1212, 27, 7.50%, 0, 0, 2, 10.94
1747830177, 0, 377, 1213, 1212, 27, 7.50%, 0, 0, 2, 10.27
1747830192, 0, 379, 1213, 1212, 27, 7.50%, 0, 0, 2, 10.99
1747830202, 0, 381, 1213, 1212, 27, 7.50%, 0, 0, 2, 11.13
1747830213, 0, 381, 1214, 1213, 27, 7.50%, 0, 0, 2, 11.08
1747830228, 0, 385, 1214, 1213, 27, 7.50%, 0, 0, 2, 9.76
1747830238, 0, 388, 1214, 1213, 27, 7.50%, 0, 0, 2, 10.53
1747830254, 0, 389, 1214, 1213, 27, 7.50%, 0, 0, 2, 9.31
1747830264, 0, 390, 1214, 1213, 27, 7.50%, 0, 0, 2, 9.83
1747830279, 0, 391, 1214, 1213, 27, 7.50%, 0, 0, 2, 11.28
1747830290, 0, 392, 1214, 1213, 27, 7.50%, 0, 0, 2, 11.21
1747830300, 0, 393, 1214, 1213, 27, 7.50%, 0, 0, 2, 10.55
1747830310, 0, 394, 1214, 1213, 27, 7.50%, 0, 0, 2, 11.02
1747830326, 0, 398, 1214, 1213, 27, 7.50%, 0, 0, 2, 10.30
1747830336, 0, 399, 1214, 1213, 27, 7.50%, 0, 0, 2, 10.63
1747830346, 0, 400, 1214, 1213, 27, 7.50%, 0, 0, 2, 11.67
1747830361, 0, 401, 1214, 1213, 27, 7.50%, 0, 0, 2, 10.21
1747830372, 0, 402, 1214, 1213, 27, 7.50%, 0, 0, 2, 10.10
1747830387, 0, 404, 1214, 1213, 27, 7.50%, 0, 0, 2, 10.90
1747830397, 0, 405, 1214, 1213, 27, 7.50%, 0, 0, 2, 11.02
1747830408, 0, 409, 1214, 1213, 27, 7.50%, 0, 0, 2, 11.11
1747830418, 0, 411, 1214, 1213, 27, 7.50%, 0, 0, 2, 11.52
1747830423, 0, 411, 1215, 1214, 27, 7.50%, 0, 0, 2, 11.61
1747830444, 0, 412, 1215, 1214, 27, 7.50%, 0, 0, 2, 10.92
1747830454, 0, 413, 1215, 1214, 27, 7.50%, 0, 0, 2, 10.41
1747830464, 0, 414, 1215, 1214, 27, 7.50%, 0, 0, 2, 10.30
1747830480, 0, 416, 1215, 1214, 27, 7.50%, 0, 0, 2, 9.41
1747830495, 0, 417, 1215, 1214, 27, 7.50%, 0, 0, 2, 10.31
1747830505, 0, 418, 1215, 1214, 27, 7.50%, 0, 0, 2, 10.17
1747830515, 0, 420, 1215, 1214, 27, 7.50%, 0, 0, 2, 10.81
1747830525, 0, 421, 1215, 1214, 27, 7.50%, 0, 0, 2, 12.04
1747830541, 0, 422, 1215, 1214, 27, 7.50%, 0, 0, 2, 10.81
1747830551, 0, 423, 1215, 1214, 27, 7.50%, 0, 0, 2, 9.69
1747830566, 0, 425, 1215, 1214, 27, 7.50%, 0, 0, 2, 10.13
1747830577, 0, 426, 1215, 1214, 27, 7.50%, 0, 0, 2, 11.08
1747830587, 0, 426, 1216, 1215, 27, 7.50%, 0, 0, 2, 11.82
1747830602, 0, 428, 1216, 1215, 28, 7.50%, 0, 0, 2, 11.10
1747830612, 0, 429, 1216, 1215, 28, 7.50%, 0, 0, 2, 11.23
1747830623, 0, 430, 1216, 1215, 28, 7.50%, 0, 0, 2, 10.74
1747830638, 0, 431, 1216, 1215, 28, 7.50%, 0, 0, 2, 10.66
1747830648, 0, 432, 1216, 1215, 28, 7.50%, 0, 0, 2, 10.13
1747830663, 0, 433, 1216, 1215, 28, 7.50%, 0, 0, 2, 10.47
1747830674, 0, 434, 1216, 1215, 28, 7.50%, 0, 0, 2, 11.37
1747830684, 0, 435, 1216, 1215, 28, 7.50%, 0, 0, 2, 11.14
1747830694, 0, 437, 1216, 1215, 28, 7.50%, 0, 0, 2, 10.32
1747830710, 0, 439, 1216, 1215, 28, 7.50%, 0, 0, 2, 10.66
1747830720, 0, 442, 1216, 1215, 28, 7.50%, 0, 0, 2, 11.13
1747830730, 0, 443, 1216, 1215, 28, 7.50%, 0, 0, 2, 11.07
1747830741, 0, 445, 1216, 1215, 28, 7.50%, 0, 0, 2, 11.80
1747830756, 0, 446, 1216, 1215, 28, 7.50%, 0, 0, 2, 11.97
1747830766, 0, 447, 1216, 1215, 28, 7.50%, 0, 0, 2, 12.00
1747830776, 0, 448, 1216, 1215, 28, 7.50%, 0, 0, 2, 10.34
1747830787, 0, 449, 1216, 1215, 28, 7.50%, 0, 0, 2, 10.27
1747830802, 0, 450, 1216, 1215, 28, 7.50%, 0, 0, 2, 10.33
1747830812, 0, 451, 1216, 1215, 28, 7.50%, 0, 0, 2, 10.48
1747830828, 0, 452, 1216, 1215, 28, 7.50%, 0, 0, 2, 10.56
1747830838, 0, 453, 1216, 1215, 28, 7.50%, 0, 0, 2, 11.00
1747830848, 0, 454, 1216, 1215, 28, 7.50%, 0, 0, 2, 10.61
1747830864, 0, 455, 1216, 1215, 28, 7.50%, 0, 0, 2, 9.83
1747830874, 0, 456, 1216, 1215, 28, 7.50%, 0, 0, 2, 9.88
1747830889, 0, 458, 1216, 1215, 28, 7.50%, 0, 0, 2, 9.81
1747830904, 0, 459, 1216, 1215, 28, 7.50%, 0, 0, 2, 10.70
1747830915, 0, 461, 1216, 1215, 28, 7.50%, 0, 0, 2, 10.68
1747830925, 0, 462, 1216, 1215, 28, 7.50%, 0, 0, 2, 11.43
1747830940, 0, 463, 1216, 1215, 28, 7.50%, 0, 0, 2, 10.81
1747830951, 0, 464, 1216, 1215, 28, 7.50%, 0, 0, 2, 10.73
1747830966, 0, 465, 1216, 1215, 28, 7.50%, 0, 0, 2, 9.35
1747830976, 0, 467, 1216, 1215, 28, 7.50%, 0, 0, 2, 10.04
1747830992, 0, 468, 1217, 1216, 28, 7.51%, 0, 0, 2, 9.40
1747831018, 0, 469, 1217, 1216, 28, 7.51%, 0, 0, 2, 10.16
1747831028, 0, 470, 1217, 1216, 28, 7.51%, 0, 0, 2, 10.48
1747831038, 0, 472, 1217, 1216, 28, 7.51%, 0, 0, 2, 11.24
1747831054, 0, 473, 1217, 1216, 28, 7.51%, 0, 0, 2, 10.30
1747831064, 0, 474, 1217, 1216, 28, 7.51%, 0, 0, 2, 11.16
1747831074, 0, 475, 1217, 1216, 28, 7.51%, 0, 0, 2, 11.01
1747831089, 0, 476, 1217, 1216, 28, 7.51%, 0, 0, 2, 9.40
1747831094, 0, 476, 1218, 1217, 28, 7.51%, 0, 0, 2, 9.59
1747831115, 0, 477, 1218, 1217, 28, 7.51%, 0, 0, 2, 10.02
1747831130, 0, 478, 1218, 1217, 28, 7.51%, 0, 0, 2, 10.26
1747831141, 0, 479, 1218, 1217, 28, 7.51%, 0, 0, 2, 9.63
1747831146, 0, 479, 1219, 1218, 28, 7.51%, 0, 0, 2, 8.51
1747831161, 0, 479, 1220, 1219, 28, 7.51%, 0, 0, 2, 9.67
1747831198, 0, 480, 1220, 1219, 28, 7.51%, 0, 0, 2, 11.21
1747831208, 0, 481, 1220, 1219, 28, 7.51%, 0, 0, 2, 11.85
1747831218, 0, 482, 1220, 1219, 28, 7.51%, 0, 0, 2, 11.46
1747831228, 0, 483, 1220, 1219, 28, 7.51%, 0, 0, 2, 11.27
1747831244, 0, 484, 1220, 1219, 28, 7.51%, 0, 0, 2, 10.38
1747831254, 0, 486, 1220, 1219, 28, 7.51%, 0, 0, 2, 11.97
1747831264, 0, 487, 1220, 1219, 28, 7.51%, 0, 0, 2, 11.53
1747831275, 0, 489, 1220, 1219, 28, 7.51%, 0, 0, 2, 12.62
1747831285, 0, 490, 1220, 1219, 28, 7.51%, 0, 0, 2, 12.10
1747831295, 0, 491, 1220, 1219, 28, 7.51%, 0, 0, 2, 10.50
1747831311, 0, 492, 1220, 1219, 28, 7.51%, 0, 0, 2, 11.13
1747831321, 0, 493, 1220, 1219, 28, 7.51%, 0, 0, 2, 11.40
1747831331, 0, 496, 1220, 1219, 28, 7.51%, 0, 0, 2, 11.39
1747831341, 0, 497, 1220, 1219, 28, 7.51%, 0, 0, 2, 11.22
1747831357, 0, 498, 1220, 1219, 28, 7.51%, 0, 0, 2, 10.23
1747831367, 0, 499, 1220, 1219, 28, 7.51%, 0, 0, 2, 10.20
1747831382, 0, 500, 1220, 1219, 28, 7.51%, 0, 0, 2, 9.12
1747831392, 0, 502, 1220, 1219, 28, 7.51%, 0, 0, 2, 10.96
1747831408, 0, 504, 1220, 1219, 28, 7.51%, 0, 0, 2, 10.76
1747831418, 0, 505, 1220, 1219, 28, 7.51%, 0, 0, 2, 11.48
1747831428, 0, 507, 1220, 1219, 28, 7.51%, 0, 0, 2, 11.08
1747831438, 0, 508, 1220, 1219, 28, 7.51%, 0, 0, 2, 10.06
1747831454, 0, 509, 1220, 1219, 28, 7.51%, 0, 0, 2, 10.87
1747831464, 0, 510, 1220, 1219, 28, 7.51%, 0, 0, 2, 11.78
1747831474, 0, 511, 1220, 1219, 28, 7.51%, 0, 0, 2, 11.70
1747831485, 0, 512, 1220, 1219, 28, 7.51%, 0, 0, 2, 11.07
1747831500, 0, 513, 1220, 1219, 28, 7.51%, 0, 0, 2, 10.55
1747831510, 0, 514, 1220, 1219, 28, 7.51%, 0, 0, 2, 10.40
1747831526, 0, 515, 1220, 1219, 28, 7.51%, 0, 0, 2, 10.13
1747831536, 0, 516, 1220, 1219, 28, 7.51%, 0, 0, 2, 10.58
1747831547, 0, 517, 1220, 1219, 28, 7.51%, 0, 0, 2, 10.76
1747831557, 0, 518, 1220, 1219, 28, 7.51%, 0, 0, 2, 11.76
1747831572, 0, 519, 1220, 1219, 28, 7.51%, 0, 0, 2, 10.98
1747831583, 0, 520, 1220, 1219, 28, 7.51%, 0, 0, 2, 12.05
1747831593, 0, 521, 1220, 1219, 28, 7.51%, 0, 0, 2, 10.19
1747831608, 0, 522, 1220, 1219, 28, 7.51%, 0, 0, 2, 10.09
1747831619, 0, 525, 1220, 1219, 28, 7.51%, 0, 0, 2, 10.96
1747831634, 0, 526, 1220, 1219, 28, 7.51%, 0, 0, 2, 10.03
1747831644, 0, 527, 1220, 1219, 28, 7.51%, 0, 0, 2, 10.80
1747831655, 0, 528, 1220, 1219, 28, 7.51%, 0, 0, 2, 12.26
1747831660, 0, 528, 1221, 1220, 28, 7.51%, 0, 0, 2, 12.17
1747831675, 0, 529, 1221, 1220, 28, 7.51%, 0, 0, 2, 12.50
1747831690, 0, 530, 1221, 1220, 28, 7.51%, 0, 0, 2, 12.27
1747831701, 0, 531, 1221, 1220, 28, 7.51%, 0, 0, 2, 10.59
1747831711, 0, 532, 1221, 1220, 28, 7.51%, 0, 0, 2, 10.18
1747831721, 0, 533, 1221, 1220, 28, 7.51%, 0, 0, 2, 11.45
1747831731, 0, 534, 1221, 1220, 28, 7.51%, 0, 0, 2, 11.17
1747831746, 0, 535, 1221, 1220, 28, 7.51%, 0, 0, 2, 11.26
1747831757, 0, 536, 1221, 1220, 28, 7.51%, 0, 0, 2, 11.41
1747831767, 0, 537, 1221, 1220, 28, 7.51%, 0, 0, 2, 10.86
1747831782, 0, 538, 1221, 1220, 28, 7.51%, 0, 0, 2, 11.70
1747831793, 0, 539, 1221, 1220, 28, 7.51%, 0, 0, 2, 10.62
1747831803, 0, 543, 1221, 1220, 28, 7.51%, 0, 0, 2, 11.17
1747831813, 0, 545, 1221, 1220, 28, 7.51%, 0, 0, 2, 12.50
1747831823, 0, 546, 1221, 1220, 28, 7.51%, 0, 0, 2, 12.52
1747831834, 0, 547, 1221, 1220, 28, 7.51%, 0, 0, 2, 11.61
1747831849, 0, 548, 1222, 1221, 28, 7.51%, 0, 0, 2, 9.73
1747831865, 0, 548, 1223, 1222, 28, 7.51%, 0, 0, 2, 10.14
1747831901, 0, 549, 1223, 1222, 28, 7.51%, 0, 0, 2, 10.89
1747831911, 0, 550, 1223, 1222, 28, 7.51%, 0, 0, 2, 11.05
1747831921, 0, 551, 1223, 1222, 28, 7.51%, 0, 0, 2, 11.98
1747831932, 0, 554, 1223, 1222, 28, 7.51%, 0, 0, 2, 11.59
1747831947, 0, 555, 1223, 1222, 28, 7.51%, 0, 0, 2, 9.98
1747831957, 0, 558, 1223, 1222, 28, 7.51%, 0, 0, 2, 10.35
1747831972, 0, 560, 1223, 1222, 28, 7.51%, 0, 0, 2, 10.83
1747831983, 0, 561, 1223, 1222, 28, 7.51%, 0, 0, 2, 11.73
1747831993, 0, 562, 1223, 1222, 28, 7.51%, 0, 0, 2, 10.78
1747831998, 0, 562, 1224, 1223, 28, 7.51%, 0, 0, 2, 9.60
1747832019, 0, 563, 1224, 1223, 28, 7.51%, 0, 0, 2, 10.01
1747832034, 0, 565, 1224, 1223, 28, 7.51%, 0, 0, 2, 9.88
1747832045, 0, 568, 1224, 1223, 28, 7.51%, 0, 0, 2, 9.83
1747832060, 0, 569, 1224, 1223, 28, 7.51%, 0, 0, 2, 10.66
1747832070, 0, 570, 1224, 1223, 28, 7.51%, 0, 0, 2, 11.59
1747832081, 0, 571, 1224, 1223, 28, 7.51%, 0, 0, 2, 11.65
1747832091, 0, 573, 1224, 1223, 28, 7.51%, 0, 0, 2, 11.04
1747832102, 0, 574, 1224, 1223, 28, 7.51%, 0, 0, 2, 11.46
1747832117, 0, 575, 1224, 1223, 28, 7.51%, 0, 0, 2, 10.78
1747832127, 0, 576, 1224, 1223, 28, 7.51%, 0, 0, 2, 10.80
1747832143, 0, 578, 1224, 1223, 28, 7.51%, 0, 0, 2, 9.48
1747832153, 0, 579, 1224, 1223, 28, 7.51%, 0, 0, 2, 11.24
1747832163, 0, 580, 1224, 1223, 28, 7.51%, 0, 0, 2, 12.29
1747832179, 0, 581, 1224, 1223, 28, 7.51%, 0, 0, 2, 10.34
1747832189, 0, 582, 1224, 1223, 28, 7.51%, 0, 0, 2, 11.67
1747832200, 0, 583, 1224, 1223, 28, 7.51%, 0, 0, 2, 11.22
1747832215, 0, 584, 1224, 1223, 28, 7.51%, 0, 0, 2, 11.13
1747832225, 0, 585, 1224, 1223, 28, 7.51%, 0, 0, 2, 11.06
1747832235, 0, 587, 1224, 1223, 28, 7.51%, 0, 0, 2, 10.98
1747832246, 0, 588, 1224, 1223, 28, 7.51%, 0, 0, 2, 10.21
1747832261, 0, 590, 1224, 1223, 28, 7.51%, 0, 0, 2, 9.74
1747832272, 0, 591, 1224, 1223, 28, 7.51%, 0, 0, 2, 10.86
1747832282, 0, 593, 1224, 1223, 28, 7.51%, 0, 0, 2, 11.87
1747832297, 0, 594, 1224, 1223, 28, 7.51%, 0, 0, 2, 9.71
1747832307, 0, 596, 1224, 1223, 28, 7.51%, 0, 0, 2, 9.11
1747832323, 0, 597, 1224, 1223, 28, 7.51%, 0, 0, 2, 10.93
1747832333, 0, 598, 1224, 1223, 28, 7.51%, 0, 0, 2, 11.71
1747832344, 0, 599, 1224, 1223, 28, 7.51%, 0, 0, 2, 10.31
1747832359, 0, 600, 1224, 1223, 28, 7.51%, 0, 0, 2, 11.10
1747832369, 0, 601, 1224, 1223, 28, 7.51%, 0, 0, 2, 11.15
1747832380, 0, 603, 1224, 1223, 28, 7.51%, 0, 0, 2, 10.49
1747832395, 0, 604, 1224, 1223, 28, 7.51%, 0, 0, 2, 11.46
1747832405, 0, 605, 1224, 1223, 28, 7.51%, 0, 0, 2, 10.13
1747832416, 0, 608, 1224, 1223, 28, 7.51%, 0, 0, 2, 11.07
1747832426, 0, 609, 1224, 1223, 28, 7.51%, 0, 0, 2, 12.00
1747832441, 0, 610, 1224, 1223, 28, 7.51%, 0, 0, 2, 10.53
1747832451, 0, 611, 1224, 1223, 28, 7.51%, 0, 0, 2, 10.84
1747832462, 0, 612, 1224, 1223, 28, 7.51%, 0, 0, 2, 10.56
1747832477, 0, 613, 1224, 1223, 28, 7.51%, 0, 0, 2, 10.19
1747832487, 0, 615, 1224, 1223, 28, 7.51%, 0, 0, 2, 10.78
1747832492, 0, 615, 1225, 1224, 28, 7.51%, 0, 0, 2, 11.06
1747832513, 0, 616, 1225, 1224, 28, 7.51%, 0, 0, 2, 10.44
1747832523, 0, 618, 1225, 1224, 28, 7.51%, 0, 0, 2, 10.84
1747832538, 0, 619, 1225, 1224, 28, 7.51%, 0, 0, 2, 11.35
1747832549, 0, 620, 1225, 1224, 28, 7.51%, 0, 0, 2, 12.03
1747832559, 0, 622, 1225, 1224, 28, 7.51%, 0, 0, 2, 10.64
1747832569, 0, 623, 1225, 1224, 28, 7.51%, 0, 0, 2, 10.91
1747832585, 0, 624, 1225, 1224, 28, 7.51%, 0, 0, 2, 9.27
1747832595, 0, 625, 1225, 1224, 28, 7.51%, 0, 0, 2, 11.22
1747832610, 0, 627, 1225, 1224, 28, 7.51%, 0, 0, 2, 10.09
1747832625, 0, 628, 1225, 1224, 28, 7.51%, 0, 0, 2, 10.80
1747832636, 0, 629, 1225, 1224, 28, 7.51%, 0, 0, 2, 10.94
1747832646, 0, 631, 1225, 1224, 28, 7.51%, 0, 0, 2, 10.55
1747832656, 0, 632, 1225, 1224, 28, 7.51%, 0, 0, 2, 11.48
1747832671, 0, 634, 1225, 1224, 28, 7.51%, 0, 0, 2, 9.91
1747832686, 0, 635, 1225, 1224, 28, 7.51%, 0, 0, 2, 9.74
1747832697, 0, 636, 1225, 1224, 28, 7.51%, 0, 0, 2, 9.62
1747832713, 0, 637, 1225, 1224, 28, 7.51%, 0, 0, 2, 10.48
1747832723, 0, 638, 1225, 1224, 28, 7.51%, 0, 0, 2, 10.76
1747832733, 0, 639, 1225, 1224, 28, 7.51%, 0, 0, 2, 9.92
1747832749, 0, 640, 1225, 1224, 28, 7.51%, 0, 0, 2, 10.85
1747832759, 0, 642, 1225, 1224, 28, 7.51%, 0, 0, 2, 10.34
1747832774, 0, 643, 1225, 1224, 28, 7.51%, 0, 0, 2, 9.56
1747832784, 0, 644, 1225, 1224, 28, 7.51%, 0, 0, 2, 10.17
1747832795, 0, 645, 1225, 1224, 28, 7.51%, 0, 0, 2, 10.47
1747832810, 0, 646, 1225, 1224, 28, 7.51%, 0, 0, 2, 11.60
1747832820, 0, 647, 1225, 1224, 28, 7.51%, 0, 0, 2, 10.95
1747832830, 0, 648, 1225, 1224, 28, 7.51%, 0, 0, 2, 11.05
1747832846, 0, 650, 1225, 1224, 28, 7.51%, 0, 0, 2, 9.80
1747832856, 0, 651, 1225, 1224, 28, 7.51%, 0, 0, 2, 10.96
1747832871, 0, 652, 1225, 1224, 28, 7.51%, 0, 0, 2, 10.16
1747832881, 0, 653, 1225, 1224, 28, 7.51%, 0, 0, 2, 9.83
1747832897, 0, 654, 1225, 1224, 28, 7.51%, 0, 0, 2, 10.29
1747832907, 0, 655, 1225, 1224, 28, 7.51%, 0, 0, 2, 10.49
1747832922, 0, 656, 1225, 1224, 28, 7.51%, 0, 0, 2, 11.72
1747832933, 0, 657, 1225, 1224, 28, 7.51%, 0, 0, 2, 10.94
1747832943, 0, 658, 1225, 1224, 28, 7.51%, 0, 0, 2, 10.07
1747832959, 0, 659, 1225, 1224, 28, 7.51%, 0, 0, 2, 10.01
1747832969, 0, 660, 1225, 1224, 28, 7.51%, 0, 0, 2, 10.63
1747832979, 0, 662, 1225, 1224, 28, 7.51%, 0, 0, 2, 11.04
1747832995, 0, 665, 1225, 1224, 28, 7.51%, 0, 0, 2, 11.16
1747833005, 0, 666, 1225, 1224, 28, 7.51%, 0, 0, 2, 11.50
1747833015, 0, 667, 1225, 1224, 28, 7.51%, 0, 0, 2, 11.34
1747833025, 0, 668, 1225, 1224, 28, 7.51%, 0, 0, 2, 12.21
1747833036, 0, 669, 1225, 1224, 28, 7.51%, 0, 0, 2, 12.44
1747833051, 0, 670, 1225, 1224, 28, 7.51%, 0, 0, 2, 11.24
1747833061, 0, 671, 1225, 1224, 28, 7.51%, 0, 0, 2, 10.96
1747833071, 0, 673, 1225, 1224, 28, 7.51%, 0, 0, 2, 9.80
1747833087, 0, 674, 1225, 1224, 28, 7.51%, 0, 0, 2, 10.96
1747833097, 0, 677, 1225, 1224, 28, 7.51%, 0, 0, 2, 12.04
1747833107, 0, 678, 1225, 1224, 28, 7.51%, 0, 0, 2, 12.09
1747833118, 0, 679, 1225, 1224, 28, 7.51%, 0, 0, 2, 10.14
1747833133, 0, 680, 1225, 1224, 28, 7.51%, 0, 0, 2, 10.32
1747833143, 0, 681, 1225, 1224, 28, 7.51%, 0, 0, 2, 11.27
1747833153, 0, 682, 1225, 1224, 28, 7.51%, 0, 0, 2, 11.65
1747833169, 0, 683, 1225, 1224, 28, 7.51%, 0, 0, 2, 11.39
1747833179, 0, 684, 1225, 1224, 28, 7.51%, 0, 0, 2, 11.52
1747833189, 0, 685, 1225, 1224, 28, 7.51%, 0, 0, 2, 12.40
1747833200, 0, 687, 1225, 1224, 28, 7.51%, 0, 0, 2, 9.89
1747833215, 0, 688, 1225, 1224, 28, 7.51%, 0, 0, 2, 10.55
1747833225, 0, 689, 1225, 1224, 28, 7.51%, 0, 0, 2, 11.52
1747833236, 0, 691, 1225, 1224, 28, 7.51%, 0, 0, 2, 10.28
1747833251, 0, 692, 1225, 1224, 28, 7.51%, 0, 0, 2, 11.14
1747833261, 0, 693, 1225, 1224, 28, 7.51%, 0, 0, 2, 10.56
1747833271, 0, 694, 1225, 1224, 28, 7.51%, 0, 0, 2, 11.35
1747833287, 0, 695, 1225, 1224, 28, 7.51%, 0, 0, 2, 10.16
1747833297, 0, 696, 1225, 1224, 28, 7.51%, 0, 0, 2, 10.41
1747833312, 0, 697, 1225, 1224, 28, 7.51%, 0, 0, 2, 10.11
1747833322, 0, 698, 1225, 1224, 28, 7.51%, 0, 0, 2, 9.73
1747833338, 0, 699, 1225, 1224, 28, 7.51%, 0, 0, 2, 9.43
1747833348, 0, 700, 1225, 1224, 28, 7.51%, 0, 0, 2, 9.93
1747833364, 0, 701, 1225, 1224, 28, 7.51%, 0, 0, 2, 10.14
1747833379, 0, 702, 1225, 1224, 28, 7.51%, 0, 0, 2, 10.12
1747833389, 0, 703, 1225, 1224, 28, 7.51%, 0, 0, 2, 10.25
1747833399, 0, 706, 1225, 1224, 28, 7.51%, 0, 0, 2, 10.33
1747833414, 0, 707, 1225, 1224, 28, 7.51%, 0, 0, 2, 10.64
1747833425, 0, 709, 1225, 1224, 28, 7.51%, 0, 0, 2, 10.68
1747833440, 0, 712, 1225, 1224, 28, 7.51%, 0, 0, 2, 10.53
1747833450, 0, 713, 1225, 1224, 28, 7.51%, 0, 0, 2, 10.64
1747833461, 0, 714, 1225, 1224, 28, 7.51%, 0, 0, 2, 10.80
1747833476, 0, 716, 1225, 1224, 28, 7.51%, 0, 0, 2, 11.83
1747833486, 0, 718, 1225, 1224, 28, 7.51%, 0, 0, 2, 11.18
1747833496, 0, 719, 1225, 1224, 28, 7.51%, 0, 0, 2, 10.12
1747833512, 0, 720, 1225, 1224, 28, 7.51%, 0, 0, 2, 9.82
1747833522, 0, 721, 1225, 1224, 28, 7.51%, 0, 0, 2, 11.11
1747833532, 0, 722, 1225, 1224, 28, 7.51%, 0, 0, 2, 11.19
1747833543, 0, 723, 1225, 1224, 28, 7.51%, 0, 0, 2, 12.18
1747833558, 0, 724, 1225, 1224, 28, 7.51%, 0, 0, 2, 11.12
1747833568, 0, 726, 1225, 1224, 28, 7.51%, 0, 0, 2, 11.76
1747833578, 0, 727, 1225, 1224, 28, 7.51%, 0, 0, 2, 11.37
1747833594, 0, 728, 1225, 1224, 28, 7.51%, 0, 0, 2, 11.52
1747833604, 0, 729, 1225, 1224, 28, 7.51%, 0, 0, 2, 10.93
1747833614, 0, 731, 1225, 1224, 28, 7.51%, 0, 0, 2, 11.09
1747833625, 0, 732, 1225, 1224, 28, 7.51%, 0, 0, 2, 10.24
1747833640, 0, 733, 1225, 1224, 28, 7.51%, 0, 0, 2, 10.69
1747833650, 0, 734, 1225, 1224, 28, 7.51%, 0, 0, 2, 9.72
1747833666, 0, 736, 1225, 1224, 28, 7.51%, 0, 0, 2, 10.20
1747833681, 0, 737, 1225, 1224, 28, 7.51%, 0, 0, 2, 11.38
1747833692, 0, 738, 1225, 1224, 28, 7.51%, 0, 0, 2, 10.35
1747833702, 0, 739, 1225, 1224, 28, 7.51%, 0, 0, 2, 9.99
1747833718, 0, 740, 1225, 1224, 28, 7.51%, 0, 0, 2, 10.30
1747833728, 0, 741, 1225, 1224, 28, 7.51%, 0, 0, 2, 10.08
1747833743, 0, 742, 1225, 1224, 28, 7.51%, 0, 0, 2, 12.23
1747833754, 0, 744, 1225, 1224, 28, 7.51%, 0, 0, 2, 10.83
1747833764, 0, 745, 1225, 1224, 28, 7.51%, 0, 0, 2, 11.11
1747833774, 0, 747, 1225, 1224, 28, 7.51%, 0, 0, 2, 11.30
1747833789, 0, 748, 1225, 1224, 28, 7.51%, 0, 0, 2, 14.38
1747836875, 0, 749, 1225, 1223, 28, 7.51%, 0, 0, 2, 12.66
1747836885, 0, 752, 1225, 1223, 28, 7.51%, 0, 0, 2, 10.56
1747836895, 0, 753, 1225, 1223, 28, 7.51%, 0, 0, 2, 10.18
1747836911, 0, 754, 1225, 1223, 28, 7.51%, 0, 0, 2, 10.67
1747836921, 0, 755, 1225, 1223, 28, 7.51%, 0, 0, 2, 10.80
1747836931, 0, 755, 1226, 1224, 28, 7.51%, 0, 0, 3, 10.00
1747836947, 0, 758, 1226, 1224, 28, 7.51%, 0, 0, 3, 10.88
1747836962, 0, 759, 1226, 1224, 28, 7.51%, 0, 0, 3, 10.06
1747836973, 0, 760, 1226, 1224, 28, 7.51%, 0, 0, 3, 11.70
1747836983, 0, 761, 1226, 1224, 28, 7.51%, 0, 0, 3, 12.21
1747836993, 0, 762, 1226, 1224, 28, 7.51%, 0, 0, 3, 10.82
1747836998, 0, 762, 1227, 1225, 28, 7.51%, 0, 0, 3, 8.78
1747837019, 0, 763, 1227, 1225, 28, 7.51%, 0, 0, 3, 9.97
1747837034, 0, 764, 1227, 1225, 28, 7.51%, 0, 0, 3, 11.18
1747837044, 0, 765, 1227, 1225, 28, 7.51%, 0, 0, 3, 10.33
1747837059, 0, 766, 1227, 1225, 28, 7.51%, 0, 0, 3, 9.70
1747837070, 0, 767, 1227, 1225, 28, 7.51%, 0, 0, 3, 11.12
1747837080, 0, 769, 1227, 1225, 28, 7.51%, 0, 0, 3, 11.39
1747837095, 0, 770, 1227, 1225, 28, 7.51%, 0, 0, 3, 9.96
1747837106, 0, 771, 1227, 1225, 28, 7.51%, 0, 0, 3, 9.77
1747837121, 0, 772, 1227, 1225, 28, 7.51%, 0, 0, 3, 11.20
1747837131, 0, 773, 1227, 1225, 28, 7.51%, 0, 0, 3, 10.85
1747837142, 0, 774, 1227, 1225, 28, 7.51%, 0, 0, 3, 9.45
1747837157, 0, 775, 1227, 1225, 28, 7.51%, 0, 0, 3, 10.56
1747837167, 0, 776, 1227, 1225, 28, 7.51%, 0, 0, 3, 10.11
1747837182, 0, 777, 1227, 1225, 28, 7.51%, 0, 0, 3, 10.20
1747837192, 0, 777, 1229, 1227, 28, 7.51%, 0, 0, 3, 8.76
1747837233, 0, 778, 1229, 1227, 28, 7.51%, 0, 0, 3, 10.76
1747837244, 0, 780, 1229, 1227, 28, 7.51%, 0, 0, 3, 10.60
1747837259, 0, 781, 1229, 1227, 28, 7.51%, 0, 0, 3, 11.18
1747837269, 0, 782, 1229, 1227, 28, 7.51%, 0, 0, 3, 11.79
1747837280, 0, 783, 1229, 1227, 28, 7.51%, 0, 0, 3, 12.17
1747837295, 0, 785, 1229, 1227, 28, 7.51%, 0, 0, 3, 11.42
1747837305, 0, 786, 1229, 1227, 28, 7.51%, 0, 0, 3, 11.10
1747837315, 0, 787, 1229, 1227, 28, 7.51%, 0, 0, 3, 9.93
1747837331, 0, 788, 1229, 1227, 28, 7.51%, 0, 0, 3, 11.81
1747837341, 0, 791, 1229, 1227, 28, 7.51%, 0, 0, 3, 11.37
1747837351, 0, 792, 1229, 1227, 28, 7.51%, 0, 0, 3, 11.68
1747837361, 0, 793, 1229, 1227, 28, 7.51%, 0, 0, 3, 11.48
1747837377, 0, 794, 1229, 1227, 28, 7.51%, 0, 0, 3, 10.40
1747837387, 0, 795, 1229, 1227, 28, 7.51%, 0, 0, 3, 10.45
1747837397, 0, 796, 1229, 1227, 28, 7.51%, 0, 0, 3, 11.52
1747837407, 0, 799, 1229, 1227, 28, 7.51%, 0, 0, 3, 11.71
1747837418, 0, 800, 1229, 1227, 28, 7.51%, 0, 0, 3, 11.34
1747837433, 0, 801, 1229, 1227, 28, 7.51%, 0, 0, 3, 9.77
1747837443, 0, 802, 1229, 1227, 28, 7.51%, 0, 0, 3, 10.20
1747837458, 0, 803, 1229, 1227, 28, 7.51%, 0, 0, 3, 11.50
1747837468, 0, 804, 1229, 1227, 28, 7.51%, 0, 0, 3, 12.03
1747837479, 0, 805, 1229, 1227, 28, 7.51%, 0, 0, 3, 10.79
1747837484, 0, 805, 1230, 1228, 28, 7.51%, 0, 0, 3, 10.36
1747837504, 0, 806, 1230, 1228, 28, 7.51%, 0, 0, 3, 10.79
1747837519, 0, 807, 1230, 1228, 28, 7.51%, 0, 0, 3, 9.97
1747837530, 0, 809, 1230, 1228, 28, 7.51%, 0, 0, 3, 9.30
1747837545, 0, 810, 1230, 1228, 28, 7.51%, 0, 0, 3, 10.33
1747837556, 0, 811, 1230, 1228, 28, 7.51%, 0, 0, 3, 10.55
1747837566, 0, 812, 1230, 1228, 28, 7.51%, 0, 0, 3, 11.03
1747837581, 0, 813, 1230, 1228, 28, 7.51%, 0, 0, 3, 10.06
1747837592, 0, 814, 1230, 1228, 28, 7.51%, 0, 0, 3, 10.51
1747837602, 0, 814, 1231, 1229, 28, 7.51%, 0, 0, 3, 10.00
1747837617, 0, 815, 1231, 1229, 29, 7.51%, 0, 0, 3, 10.36
1747837633, 0, 818, 1231, 1229, 29, 7.51%, 0, 0, 3, 10.43
1747837643, 0, 819, 1231, 1229, 29, 7.51%, 0, 0, 3, 11.01
1747837653, 0, 820, 1231, 1229, 29, 7.51%, 0, 0, 3, 10.33
1747837668, 0, 821, 1231, 1229, 29, 7.51%, 0, 0, 3, 10.24
1747837679, 0, 822, 1231, 1229, 29, 7.51%, 0, 0, 3, 9.70
1747837694, 0, 823, 1231, 1229, 29, 7.51%, 0, 0, 3, 9.69
1747837704, 0, 824, 1231, 1229, 29, 7.51%, 0, 0, 3, 11.06
1747837715, 0, 825, 1231, 1229, 29, 7.51%, 0, 0, 3, 11.06
1747837730, 0, 826, 1231, 1229, 29, 7.51%, 0, 0, 3, 11.76
1747837741, 0, 827, 1231, 1229, 29, 7.51%, 0, 0, 3, 10.50
1747837751, 0, 828, 1231, 1229, 29, 7.51%, 0, 0, 3, 9.75
1747837766, 0, 829, 1231, 1229, 29, 7.51%, 0, 0, 3, 11.30
1747837776, 0, 830, 1231, 1229, 29, 7.51%, 0, 0, 3, 10.72
1747837786, 0, 831, 1231, 1229, 29, 7.51%, 0, 0, 3, 11.50
1747837797, 0, 832, 1231, 1229, 29, 7.51%, 0, 0, 3, 11.97
1747837812, 0, 833, 1231, 1229, 29, 7.51%, 0, 0, 3, 9.97
1747837822, 0, 835, 1231, 1229, 29, 7.51%, 0, 0, 3, 10.25
1747837833, 0, 836, 1231, 1229, 29, 7.51%, 0, 0, 3, 11.69
1747837848, 0, 837, 1231, 1229, 29, 7.51%, 0, 0, 3, 11.16
1747837858, 0, 838, 1231, 1229, 29, 7.51%, 0, 0, 3, 10.75
1747837869, 0, 839, 1231, 1229, 29, 7.51%, 0, 0, 3, 11.09
1747837885, 0, 840, 1231, 1229, 29, 7.51%, 0, 0, 3, 10.73
1747837895, 0, 841, 1231, 1229, 29, 7.51%, 0, 0, 3, 9.65
1747837911, 0, 843, 1231, 1229, 29, 7.51%, 0, 0, 3, 9.94
1747837921, 0, 845, 1231, 1229, 29, 7.51%, 0, 0, 3, 9.67
1747837936, 0, 846, 1231, 1229, 29, 7.51%, 0, 0, 3, 10.86
1747837947, 0, 847, 1231, 1229, 29, 7.51%, 0, 0, 3, 11.10
1747837957, 0, 848, 1231, 1229, 29, 7.51%, 0, 0, 3, 12.22
1747837972, 0, 849, 1231, 1229, 29, 7.51%, 0, 0, 3, 11.10
1747837982, 0, 851, 1231, 1229, 29, 7.51%, 0, 0, 3, 11.65
1747837993, 0, 852, 1231, 1229, 29, 7.51%, 0, 0, 3, 10.46
1747838003, 0, 853, 1231, 1229, 29, 7.51%, 0, 0, 3, 10.67
1747838018, 0, 854, 1231, 1229, 29, 7.51%, 0, 0, 3, 9.37
1747838023, 0, 854, 1232, 1230, 29, 7.51%, 0, 0, 3, 9.20
1747838044, 0, 858, 1232, 1230, 29, 7.51%, 0, 0, 3, 10.13
1747838060, 0, 859, 1232, 1230, 29, 7.51%, 0, 0, 3, 10.09
1747838070, 0, 860, 1232, 1230, 29, 7.51%, 0, 0, 3, 10.65
1747838085, 0, 862, 1232, 1230, 29, 7.51%, 0, 0, 3, 9.80
1747838095, 0, 863, 1232, 1230, 29, 7.51%, 0, 0, 3, 10.14
1747838106, 0, 864, 1232, 1230, 29, 7.51%, 0, 0, 3, 10.99
1747838121, 0, 865, 1232, 1230, 29, 7.51%, 0, 0, 3, 11.37
1747838131, 0, 866, 1232, 1230, 29, 7.51%, 0, 0, 3, 10.98
1747838142, 0, 867, 1232, 1230, 29, 7.51%, 0, 0, 3, 10.99
1747838152, 0, 868, 1232, 1230, 29, 7.51%, 0, 0, 3, 11.69
1747838167, 0, 869, 1232, 1230, 29, 7.51%, 0, 0, 3, 11.29
1747838177, 0, 870, 1232, 1230, 29, 7.51%, 0, 0, 3, 11.13
1747838188, 0, 871, 1232, 1230, 29, 7.51%, 0, 0, 3, 10.30
1747838203, 0, 872, 1232, 1230, 29, 7.51%, 0, 0, 3, 11.14
1747838213, 0, 873, 1232, 1230, 29, 7.51%, 0, 0, 3, 11.97
1747838223, 0, 874, 1232, 1230, 29, 7.51%, 0, 0, 3, 12.13
1747838234, 0, 875, 1232, 1230, 29, 7.51%, 0, 0, 3, 12.07
1747838244, 0, 876, 1232, 1230, 29, 7.51%, 0, 0, 3, 10.98
1747838259, 0, 877, 1232, 1230, 29, 7.51%, 0, 0, 3, 9.48
1747838270, 0, 881, 1232, 1230, 29, 7.51%, 0, 0, 3, 10.23
1747838280, 0, 882, 1232, 1230, 29, 7.51%, 0, 0, 3, 10.74
1747838295, 0, 883, 1232, 1230, 29, 7.51%, 0, 0, 3, 11.43
1747838305, 0, 885, 1232, 1230, 29, 7.51%, 0, 0, 3, 10.36
1747838316, 0, 886, 1232, 1230, 29, 7.51%, 0, 0, 3, 12.47
1747843564, 0, 887, 1232, 1229, 28, 7.51%, 0, 0, 3, 11.14
1747843574, 0, 888, 1232, 1229, 28, 7.51%, 0, 0, 3, 11.15
1747843584, 0, 889, 1232, 1229, 28, 7.51%, 0, 0, 3, 11.14
1747843600, 0, 890, 1232, 1229, 28, 7.51%, 0, 0, 3, 10.38
1747843610, 0, 891, 1232, 1229, 28, 7.51%, 0, 0, 3, 10.64
1747843620, 0, 892, 1232, 1229, 28, 7.51%, 0, 0, 3, 11.48
1747843636, 0, 894, 1232, 1229, 28, 7.51%, 0, 0, 3, 10.26
1747843646, 0, 895, 1232, 1229, 28, 7.51%, 0, 0, 3, 9.92
1747843656, 0, 896, 1232, 1229, 28, 7.51%, 0, 0, 3, 11.90
1747843672, 0, 897, 1232, 1229, 28, 7.51%, 0, 0, 3, 10.41
1747843682, 0, 899, 1232, 1229, 28, 7.51%, 0, 0, 3, 10.59
1747843692, 0, 900, 1232, 1229, 28, 7.51%, 0, 0, 3, 12.06
1747843707, 0, 901, 1232, 1229, 28, 7.51%, 0, 0, 3, 9.89
1747843717, 0, 902, 1232, 1229, 28, 7.51%, 0, 0, 3, 10.25
1747843733, 0, 904, 1232, 1229, 28, 7.51%, 0, 0, 3, 10.40
1747843743, 0, 905, 1232, 1229, 28, 7.51%, 0, 0, 3, 10.45
1747843758, 0, 906, 1232, 1229, 28, 7.51%, 0, 0, 3, 11.65
1747843764, 0, 906, 1233, 1230, 28, 7.51%, 0, 0, 3, 10.50
1747843779, 0, 908, 1233, 1230, 28, 7.51%, 0, 0, 3, 11.32
1747843795, 0, 909, 1233, 1230, 28, 7.51%, 0, 0, 3, 10.77
1747843805, 0, 910, 1233, 1230, 28, 7.51%, 0, 0, 3, 10.41
1747843815, 0, 911, 1233, 1230, 28, 7.51%, 0, 0, 3, 10.70
1747843830, 0, 912, 1233, 1230, 28, 7.51%, 0, 0, 3, 10.53
1747843841, 0, 913, 1233, 1230, 28, 7.51%, 0, 0, 3, 11.23
1747843851, 0, 914, 1233, 1230, 28, 7.51%, 0, 0, 3, 10.56
1747843866, 0, 915, 1233, 1230, 28, 7.51%, 0, 0, 3, 11.15
1747843876, 0, 918, 1233, 1230, 28, 7.51%, 0, 0, 3, 11.22
1747843886, 0, 919, 1233, 1230, 28, 7.51%, 0, 0, 3, 10.54
1747843902, 0, 920, 1233, 1230, 28, 7.51%, 0, 0, 3, 10.29
1747843912, 0, 921, 1233, 1230, 28, 7.51%, 0, 0, 3, 10.81
1747843927, 0, 922, 1233, 1230, 28, 7.51%, 0, 0, 3, 10.24
1747843938, 0, 923, 1233, 1230, 28, 7.51%, 0, 0, 3, 10.67
1747843948, 0, 924, 1233, 1230, 28, 7.51%, 0, 0, 3, 11.41
1747843958, 0, 925, 1233, 1230, 28, 7.51%, 0, 0, 3, 11.20
1747843974, 0, 927, 1233, 1230, 28, 7.51%, 0, 0, 3, 9.48
1747843989, 0, 928, 1233, 1230, 28, 7.51%, 0, 0, 3, 9.93
1747844000, 0, 929, 1233, 1230, 28, 7.51%, 0, 0, 3, 10.76
1747844010, 0, 930, 1233, 1230, 28, 7.51%, 0, 0, 3, 10.28
1747844025, 0, 932, 1233, 1230, 28, 7.51%, 0, 0, 3, 10.91
1747844035, 0, 937, 1233, 1230, 28, 7.51%, 0, 0, 3, 10.83
1747844045, 0, 939, 1233, 1230, 28, 7.51%, 0, 0, 3, 11.03
1747844061, 0, 940, 1233, 1230, 28, 7.51%, 0, 0, 3, 11.42
1747844071, 0, 941, 1233, 1230, 28, 7.51%, 0, 0, 3, 10.46
1747844081, 0, 942, 1233, 1230, 28, 7.51%, 0, 0, 3, 10.66
1747844097, 0, 943, 1233, 1230, 28, 7.51%, 0, 0, 3, 9.17
1747844113, 0, 944, 1233, 1230, 28, 7.51%, 0, 0, 3, 11.64
1747844123, 0, 946, 1233, 1230, 28, 7.51%, 0, 0, 3, 10.95
1747844133, 0, 950, 1233, 1230, 28, 7.51%, 0, 0, 3, 10.93
1747844143, 0, 952, 1233, 1230, 28, 7.51%, 0, 0, 3, 11.03
1747844159, 0, 954, 1233, 1230, 28, 7.51%, 0, 0, 3, 10.81
1747844169, 0, 955, 1233, 1230, 28, 7.51%, 0, 0, 3, 9.74
1747844179, 0, 956, 1233, 1230, 28, 7.51%, 0, 0, 3, 10.48
1747844195, 0, 957, 1233, 1230, 28, 7.51%, 0, 0, 3, 12.58
1747844205, 0, 958, 1233, 1230, 28, 7.51%, 0, 0, 3, 9.84
1747844215, 0, 961, 1233, 1230, 28, 7.51%, 0, 0, 3, 9.94
1747844231, 0, 962, 1233, 1230, 28, 7.51%, 0, 0, 3, 11.08
1747844241, 0, 964, 1233, 1230, 28, 7.51%, 0, 0, 3, 11.47
1747844251, 0, 965, 1233, 1230, 28, 7.51%, 0, 0, 3, 9.98
1747844267, 0, 966, 1233, 1230, 28, 7.51%, 0, 0, 3, 11.49
1747844277, 0, 967, 1233, 1230, 28, 7.51%, 0, 0, 3, 11.40
1747844288, 0, 968, 1233, 1230, 28, 7.51%, 0, 0, 3, 10.77
1747844303, 0, 969, 1233, 1230, 28, 7.51%, 0, 0, 3, 10.18
1747844314, 0, 970, 1233, 1230, 28, 7.51%, 0, 0, 3, 10.53
1747844324, 0, 971, 1233, 1230, 28, 7.51%, 0, 0, 3, 10.45
1747844339, 0, 972, 1233, 1230, 28, 7.51%, 0, 0, 3, 11.90
1747844349, 0, 973, 1233, 1230, 28, 7.51%, 0, 0, 3, 10.23
1747844360, 0, 975, 1233, 1230, 28, 7.51%, 0, 0, 3, 10.70
1747849238, 0, 976, 1233, 1229, 27, 7.51%, 0, 0, 3, 19.76
1747849243, 0, 977, 1233, 1229, 27, 7.51%, 0, 0, 3, 19.16
1747849248, 0, 978, 1233, 1229, 27, 7.51%, 0, 0, 3, 18.72
1747849258, 0, 980, 1233, 1229, 27, 7.51%, 0, 0, 3, 17.41
1747849263, 0, 981, 1233, 1229, 27, 7.51%, 0, 0, 3, 16.87
1747849273, 0, 982, 1233, 1229, 27, 7.51%, 0, 0, 3, 18.31
1747849278, 0, 984, 1233, 1229, 27, 7.51%, 0, 0, 3, 18.86
1747849283, 0, 985, 1233, 1229, 27, 7.51%, 0, 0, 3, 19.38
1747849294, 0, 986, 1233, 1229, 27, 7.51%, 0, 0, 3, 17.65
1747849299, 0, 988, 1233, 1229, 27, 7.51%, 0, 0, 3, 19.15
1747849304, 0, 989, 1233, 1229, 27, 7.51%, 0, 0, 3, 19.99
1747849314, 0, 990, 1233, 1229, 27, 7.51%, 0, 0, 3, 17.71
1747849319, 0, 993, 1233, 1229, 27, 7.51%, 0, 0, 3, 18.30
1747849324, 0, 994, 1233, 1229, 27, 7.51%, 0, 0, 3, 20.09
1747849334, 0, 995, 1233, 1229, 27, 7.51%, 0, 0, 3, 17.38
1747849340, 0, 997, 1233, 1229, 27, 7.51%, 0, 0, 3, 17.51
1747849350, 0, 998, 1233, 1229, 27, 7.51%, 0, 0, 3, 19.04
1747849355, 0, 999, 1233, 1229, 27, 7.51%, 0, 0, 3, 18.24
1747849360, 0, 1000, 1233, 1229, 27, 7.51%, 0, 0, 3, 18.05
1747849370, 0, 1001, 1233, 1229, 27, 7.51%, 0, 0, 3, 17.53
1747849375, 0, 1002, 1233, 1229, 27, 7.51%, 0, 0, 3, 18.35
1747849385, 0, 1003, 1233, 1229, 27, 7.51%, 0, 0, 3, 18.64
1747849391, 0, 1004, 1233, 1229, 27, 7.51%, 0, 0, 3, 19.20
1747849396, 0, 1005, 1233, 1229, 27, 7.51%, 0, 0, 3, 18.83
1747849406, 0, 1006, 1233, 1229, 27, 7.51%, 0, 0, 3, 16.97
1747849411, 0, 1007, 1233, 1229, 27, 7.51%, 0, 0, 3, 18.06
1747849416, 0, 1008, 1233, 1229, 27, 7.51%, 0, 0, 3, 19.39
1747849426, 0, 1009, 1233, 1229, 27, 7.51%, 0, 0, 3, 20.17
1747849431, 0, 1010, 1233, 1229, 27, 7.51%, 0, 0, 3, 18.48
1747849436, 0, 1010, 1234, 1230, 27, 7.51%, 0, 0, 3, 16.29
1747849447, 0, 1011, 1234, 1230, 26, 7.51%, 0, 0, 3, 17.89
1747849457, 0, 1012, 1234, 1230, 26, 7.51%, 0, 0, 3, 16.70
1747849462, 0, 1013, 1234, 1230, 26, 7.51%, 0, 0, 3, 18.25
1747849467, 0, 1014, 1234, 1230, 26, 7.51%, 0, 0, 3, 18.00
1747849477, 0, 1015, 1234, 1230, 26, 7.51%, 0, 0, 3, 19.92
1747849482, 0, 1016, 1234, 1230, 26, 7.51%, 0, 0, 3, 20.30
1747849487, 0, 1017, 1234, 1230, 26, 7.51%, 0, 0, 3, 20.44
1747849493, 0, 1018, 1234, 1230, 26, 7.51%, 0, 0, 3, 20.59
1747849503, 0, 1019, 1234, 1230, 26, 7.51%, 0, 0, 3, 17.35
1747849508, 0, 1020, 1234, 1230, 26, 7.51%, 0, 0, 3, 19.11
1747849513, 0, 1021, 1234, 1230, 26, 7.51%, 0, 0, 3, 19.83
1747849523, 0, 1023, 1234, 1230, 26, 7.51%, 0, 0, 3, 17.78
1747849528, 0, 1024, 1234, 1230, 26, 7.51%, 0, 0, 3, 17.99
1747849533, 0, 1025, 1234, 1230, 26, 7.51%, 0, 0, 3, 19.49
1747849544, 0, 1026, 1234, 1230, 26, 7.51%, 0, 0, 3, 15.53
1747849549, 0, 1026, 1235, 1231, 26, 7.51%, 0, 0, 3, 16.43
1747849559, 0, 1027, 1235, 1231, 26, 7.51%, 0, 0, 3, 18.46
1747849564, 0, 1028, 1235, 1231, 26, 7.51%, 0, 0, 3, 19.81
1747849574, 0, 1029, 1235, 1231, 26, 7.51%, 0, 0, 3, 19.66
1747849579, 0, 1030, 1235, 1231, 26, 7.51%, 0, 0, 3, 18.72
1747849584, 0, 1031, 1235, 1231, 26, 7.51%, 0, 0, 3, 18.90
1747849595, 0, 1032, 1235, 1231, 26, 7.51%, 0, 0, 3, 20.17
1747855034, 0, 1033, 1235, 1230, 25, 7.51%, 0, 0, 3, 11.80
1747855044, 0, 1035, 1235, 1230, 25, 7.51%, 0, 0, 3, 11.34
1747855054, 0, 1037, 1235, 1230, 25, 7.51%, 0, 0, 3, 12.33
1747855069, 0, 1038, 1235, 1230, 25, 7.51%, 0, 0, 3, 9.69
1747855085, 0, 1039, 1235, 1230, 25, 7.51%, 0, 0, 3, 11.06
1747855095, 0, 1040, 1235, 1230, 25, 7.51%, 0, 0, 3, 11.07
1747855105, 0, 1041, 1235, 1230, 25, 7.51%, 0, 0, 3, 12.15
1747855115, 0, 1043, 1235, 1230, 25, 7.51%, 0, 0, 3, 10.42
1747855131, 0, 1046, 1235, 1230, 25, 7.51%, 0, 0, 3, 11.44
1747855141, 0, 1047, 1235, 1230, 25, 7.51%, 0, 0, 3, 10.08
1747855151, 0, 1047, 1236, 1231, 25, 7.51%, 0, 0, 3, 10.06
1747855167, 0, 1048, 1236, 1231, 25, 7.51%, 0, 0, 3, 10.74
1747855177, 0, 1050, 1236, 1231, 25, 7.51%, 0, 0, 3, 11.58
1747855192, 0, 1051, 1236, 1231, 25, 7.51%, 0, 0, 3, 9.60
1747855203, 0, 1052, 1236, 1231, 25, 7.51%, 0, 0, 3, 10.43
1747855218, 0, 1053, 1236, 1231, 25, 7.51%, 0, 0, 3, 11.59
1747855228, 0, 1054, 1236, 1231, 25, 7.51%, 0, 0, 3, 10.87
1747855239, 0, 1055, 1236, 1231, 25, 7.51%, 0, 0, 3, 10.82
1747855249, 0, 1056, 1236, 1231, 25, 7.51%, 0, 0, 3, 10.51
1747855264, 0, 1057, 1236, 1231, 25, 7.51%, 0, 0, 3, 10.12
1747855274, 0, 1058, 1236, 1231, 25, 7.51%, 0, 0, 3, 11.19
1747855290, 0, 1059, 1236, 1231, 25, 7.51%, 0, 0, 3, 11.08
1747855300, 0, 1060, 1236, 1231, 25, 7.51%, 0, 0, 3, 11.63
1747855310, 0, 1061, 1236, 1231, 25, 7.51%, 0, 0, 3, 12.31
1747855321, 0, 1062, 1236, 1231, 25, 7.51%, 0, 0, 3, 11.68
1747855331, 0, 1064, 1236, 1231, 25, 7.51%, 0, 0, 3, 11.30
1747855346, 0, 1064, 1237, 1232, 25, 7.51%, 0, 0, 3, 9.91
1747855362, 0, 1065, 1237, 1232, 25, 7.51%, 0, 0, 3, 10.67
1747855372, 0, 1066, 1237, 1232, 25, 7.51%, 0, 0, 3, 11.32
1747855382, 0, 1067, 1237, 1232, 25, 7.51%, 0, 0, 3, 11.57
1747855398, 0, 1068, 1237, 1232, 25, 7.51%, 0, 0, 3, 10.96
1747855408, 0, 1069, 1237, 1232, 25, 7.51%, 0, 0, 3, 10.98
1747855418, 0, 1070, 1237, 1232, 25, 7.51%, 0, 0, 3, 10.37
1747855433, 0, 1071, 1237, 1232, 25, 7.51%, 0, 0, 3, 10.36
1747855444, 0, 1072, 1237, 1232, 25, 7.51%, 0, 0, 3, 9.95
1747855459, 0, 1073, 1237, 1232, 25, 7.51%, 0, 0, 3, 11.17
1747855469, 0, 1076, 1237, 1232, 25, 7.51%, 0, 0, 3, 11.14
1747855479, 0, 1077, 1237, 1232, 25, 7.51%, 0, 0, 3, 11.14
1747855490, 0, 1078, 1237, 1232, 25, 7.51%, 0, 0, 3, 12.25
1747855500, 0, 1081, 1237, 1232, 25, 7.51%, 0, 0, 3, 11.58
1747855515, 0, 1083, 1237, 1232, 25, 7.51%, 0, 0, 3, 10.44
1747855525, 0, 1085, 1237, 1232, 25, 7.51%, 0, 0, 3, 11.08
1747855541, 0, 1086, 1237, 1232, 25, 7.51%, 0, 0, 3, 10.10
1747855551, 0, 1087, 1237, 1232, 25, 7.51%, 0, 0, 3, 9.84
1747855561, 0, 1088, 1237, 1232, 25, 7.51%, 0, 0, 3, 11.49
1747855577, 0, 1090, 1237, 1232, 25, 7.51%, 0, 0, 3, 10.12
1747855582, 0, 1090, 1238, 1233, 25, 7.51%, 0, 0, 3, 9.71
1747855602, 0, 1091, 1238, 1233, 26, 7.51%, 0, 0, 3, 10.07
1747855618, 0, 1092, 1238, 1233, 26, 7.51%, 0, 0, 3, 10.08
1747855628, 0, 1093, 1238, 1233, 26, 7.51%, 0, 0, 3, 10.35
1747855643, 0, 1094, 1238, 1233, 26, 7.51%, 0, 0, 3, 9.71
1747855653, 0, 1095, 1238, 1233, 26, 7.51%, 0, 0, 3, 10.36
1747855663, 0, 1096, 1238, 1233, 26, 7.51%, 0, 0, 3, 11.62
1747855679, 0, 1097, 1238, 1233, 26, 7.51%, 0, 0, 3, 12.28
1747855689, 0, 1098, 1238, 1233, 26, 7.51%, 0, 0, 3, 10.83
1747855699, 0, 1100, 1238, 1233, 26, 7.51%, 0, 0, 3, 10.55
1747855710, 0, 1101, 1238, 1233, 26, 7.51%, 0, 0, 3, 10.57
1747855715, 0, 1101, 1239, 1234, 26, 7.51%, 0, 0, 3, 10.05
1747855741, 0, 1103, 1239, 1234, 26, 7.51%, 0, 0, 3, 9.34
1747855751, 0, 1104, 1239, 1234, 26, 7.51%, 0, 0, 3, 10.65
1747855761, 0, 1105, 1239, 1234, 26, 7.51%, 0, 0, 3, 9.87
1747855776, 0, 1106, 1239, 1234, 26, 7.51%, 0, 0, 3, 10.89
1747855786, 0, 1107, 1239, 1234, 26, 7.51%, 0, 0, 3, 12.09
1747855796, 0, 1108, 1239, 1234, 26, 7.51%, 0, 0, 3, 11.69
1747855807, 0, 1109, 1239, 1234, 26, 7.51%, 0, 0, 3, 11.53
1747855822, 0, 1110, 1239, 1234, 26, 7.51%, 0, 0, 3, 11.39
1747855832, 0, 1112, 1239, 1234, 26, 7.51%, 0, 0, 3, 11.21
1747855843, 0, 1113, 1239, 1234, 26, 7.51%, 0, 0, 3, 10.70
1747855858, 0, 1114, 1239, 1234, 26, 7.51%, 0, 0, 3, 11.67
1747855869, 0, 1115, 1239, 1234, 26, 7.51%, 0, 0, 3, 10.79
1747855879, 0, 1117, 1239, 1234, 26, 7.51%, 0, 0, 3, 10.99
1747855894, 0, 1118, 1239, 1234, 26, 7.51%, 0, 0, 3, 12.03
1747855905, 0, 1119, 1239, 1234, 26, 7.51%, 0, 0, 3, 11.31
1747855915, 0, 1120, 1239, 1234, 26, 7.51%, 0, 0, 3, 11.49
1747855925, 0, 1122, 1239, 1234, 26, 7.51%, 0, 0, 3, 11.22
1747855935, 0, 1124, 1239, 1234, 26, 7.51%, 0, 0, 3, 10.38
1747855951, 0, 1125, 1239, 1234, 26, 7.51%, 0, 0, 3, 9.37
1747855966, 0, 1127, 1239, 1234, 26, 7.51%, 0, 0, 3, 11.60
1747855976, 0, 1129, 1239, 1234, 26, 7.51%, 0, 0, 3, 12.12
1747855986, 0, 1131, 1239, 1234, 26, 7.51%, 0, 0, 3, 10.94
1747855997, 0, 1132, 1239, 1234, 26, 7.51%, 0, 0, 3, 9.97
1747856012, 0, 1133, 1239, 1234, 26, 7.51%, 0, 0, 3, 10.88
1747856022, 0, 1134, 1239, 1234, 26, 7.51%, 0, 0, 3, 11.23
1747856032, 0, 1136, 1239, 1234, 26, 7.51%, 0, 0, 3, 11.21
1747856047, 0, 1137, 1239, 1234, 26, 7.51%, 0, 0, 3, 10.62
1747856058, 0, 1138, 1239, 1234, 26, 7.51%, 0, 0, 3, 10.52
1747856068, 0, 1141, 1239, 1234, 26, 7.51%, 0, 0, 3, 9.69
1747856083, 0, 1142, 1239, 1234, 26, 7.51%, 0, 0, 3, 10.58
1747856093, 0, 1145, 1239, 1234, 26, 7.51%, 0, 0, 3, 11.61
1747856103, 0, 1146, 1239, 1234, 26, 7.51%, 0, 0, 3, 11.16
1747856119, 0, 1147, 1239, 1234, 26, 7.51%, 0, 0, 3, 10.99
1747856129, 0, 1149, 1239, 1234, 26, 7.51%, 0, 0, 3, 10.83
1747856139, 0, 1150, 1239, 1234, 26, 7.51%, 0, 0, 3, 10.09
1747856155, 0, 1152, 1239, 1234, 26, 7.51%, 0, 0, 3, 11.11
1747856165, 0, 1153, 1239, 1234, 26, 7.51%, 0, 0, 3, 12.20
1747856175, 0, 1154, 1239, 1234, 26, 7.51%, 0, 0, 3, 10.52
1747856185, 0, 1155, 1239, 1234, 26, 7.51%, 0, 0, 3, 10.56
1747856201, 0, 1157, 1240, 1235, 26, 7.51%, 0, 0, 3, 11.79
1747856221, 0, 1158, 1240, 1235, 26, 7.51%, 0, 0, 3, 10.99
1747856231, 0, 1159, 1240, 1235, 26, 7.51%, 0, 0, 3, 11.26
1747856242, 0, 1160, 1240, 1235, 26, 7.51%, 0, 0, 3, 11.61
1747856257, 0, 1161, 1240, 1235, 26, 7.51%, 0, 0, 3, 10.21
1747856268, 0, 1162, 1240, 1235, 26, 7.51%, 0, 0, 3, 9.78
1747856283, 0, 1164, 1240, 1235, 26, 7.51%, 0, 0, 3, 11.55
1747856293, 0, 1165, 1240, 1235, 26, 7.51%, 0, 0, 3, 11.56
1747856303, 0, 1166, 1240, 1235, 26, 7.51%, 0, 0, 3, 11.04
1747856314, 0, 1168, 1240, 1235, 26, 7.51%, 0, 0, 3, 10.29
1747856324, 0, 1169, 1240, 1235, 26, 7.51%, 0, 0, 3, 11.72
1747856329, 0, 1169, 1241, 1236, 26, 7.51%, 0, 0, 3, 11.07
1747856350, 0, 1170, 1241, 1236, 26, 7.51%, 0, 0, 3, 10.52
1747856365, 0, 1171, 1241, 1236, 26, 7.51%, 0, 0, 3, 11.12
1747856376, 0, 1173, 1241, 1236, 26, 7.51%, 0, 0, 3, 11.39
1747856386, 0, 1174, 1241, 1236, 26, 7.51%, 0, 0, 3, 10.41
1747856401, 0, 1175, 1241, 1236, 26, 7.51%, 0, 0, 3, 10.09
1747856412, 0, 1177, 1241, 1236, 26, 7.51%, 0, 0, 3, 10.56
1747856427, 0, 1178, 1241, 1236, 26, 7.51%, 0, 0, 3, 10.32
1747856437, 0, 1179, 1241, 1236, 26, 7.51%, 0, 0, 3, 10.50
1747856453, 0, 1180, 1241, 1236, 26, 7.51%, 0, 0, 3, 10.09
1747856463, 0, 1181, 1241, 1236, 26, 7.51%, 0, 0, 3, 9.83
1747856479, 0, 1182, 1241, 1236, 26, 7.51%, 0, 0, 3, 9.80
1747856489, 0, 1183, 1241, 1236, 26, 7.51%, 0, 0, 3, 10.88
1747856499, 0, 1185, 1241, 1236, 26, 7.51%, 0, 0, 3, 11.36
1747856515, 0, 1186, 1241, 1236, 26, 7.51%, 0, 0, 3, 10.44
1747856525, 0, 1187, 1241, 1236, 26, 7.51%, 0, 0, 3, 11.81
1747856535, 0, 1188, 1241, 1236, 26, 7.51%, 0, 0, 3, 11.37
1747856551, 0, 1189, 1241, 1236, 26, 7.51%, 0, 0, 3, 9.66
1747856561, 0, 1190, 1241, 1236, 26, 7.51%, 0, 0, 3, 9.66
1747856571, 0, 1191, 1241, 1236, 26, 7.51%, 0, 0, 3, 12.02
1747856586, 0, 1192, 1241, 1236, 26, 7.51%, 0, 0, 3, 10.79
1747856596, 0, 1193, 1241, 1236, 26, 7.51%, 0, 0, 3, 10.60
1747856607, 0, 1194, 1241, 1236, 26, 7.51%, 0, 0, 3, 11.16
1747856617, 0, 1195, 1241, 1236, 26, 7.51%, 0, 0, 3, 11.76
1747856632, 0, 1196, 1241, 1236, 26, 7.51%, 0, 0, 3, 10.26
1747856642, 0, 1197, 1241, 1236, 26, 7.51%, 0, 0, 3, 9.74
1747856653, 0, 1199, 1241, 1236, 26, 7.51%, 0, 0, 3, 10.76
1747856668, 0, 1202, 1241, 1236, 26, 7.51%, 0, 0, 3, 9.44
1747856683, 0, 1204, 1241, 1236, 26, 7.51%, 0, 0, 3, 11.23
1747856693, 0, 1206, 1241, 1236, 26, 7.51%, 0, 0, 3, 10.86
1747856704, 0, 1207, 1241, 1236, 26, 7.51%, 0, 0, 3, 10.09
1747856719, 0, 1208, 1241, 1236, 26, 7.51%, 0, 0, 3, 10.87
1747856730, 0, 1209, 1241, 1236, 26, 7.51%, 0, 0, 3, 10.04
1747856740, 0, 1210, 1241, 1236, 26, 7.51%, 0, 0, 3, 10.57
1747856756, 0, 1211, 1241, 1236, 26, 7.51%, 0, 0, 3, 10.72
1747856766, 0, 1213, 1241, 1236, 26, 7.51%, 0, 0, 3, 11.41
1747856777, 0, 1215, 1241, 1236, 26, 7.51%, 0, 0, 3, 10.83
1747856792, 0, 1216, 1241, 1236, 26, 7.51%, 0, 0, 3, 9.73
1747856803, 0, 1217, 1241, 1236, 26, 7.51%, 0, 0, 3, 10.31
1747856818, 0, 1218, 1241, 1236, 26, 7.51%, 0, 0, 3, 10.32
1747856828, 0, 1219, 1241, 1236, 26, 7.51%, 0, 0, 3, 10.14
1747856844, 0, 1220, 1241, 1236, 26, 7.51%, 0, 0, 3, 11.38
1747856854, 0, 1221, 1241, 1236, 26, 7.51%, 0, 0, 3, 10.39
1747856864, 0, 1222, 1241, 1236, 26, 7.51%, 0, 0, 3, 10.80
1747856880, 0, 1223, 1241, 1236, 26, 7.51%, 0, 0, 3, 12.79
1747856885, 0, 1224, 1241, 1236, 26, 7.51%, 0, 0, 3, 14.50
1747856895, 0, 1225, 1241, 1236, 26, 7.51%, 0, 0, 3, 17.59
1747856900, 0, 1226, 1241, 1236, 26, 7.51%, 0, 0, 3, 15.92
1747856910, 0, 1227, 1242, 1237, 26, 7.51%, 0, 0, 3, 17.76
1747856920, 0, 1227, 1243, 1238, 26, 7.51%, 0, 0, 3, 16.36
1747856941, 0, 1227, 1244, 1239, 26, 7.51%, 0, 0, 3, 16.43
1747856966, 0, 1227, 1245, 1240, 26, 7.51%, 0, 0, 3, 15.07
1747856976, 0, 1227, 1246, 1241, 26, 7.51%, 0, 0, 3, 17.21
1747857007, 0, 1227, 1247, 1242, 26, 7.51%, 0, 0, 3, 16.42
1747857022, 0, 1227, 1248, 1243, 26, 7.52%, 0, 0, 3, 16.45
1747857027, 0, 1227, 1249, 1244, 26, 7.52%, 0, 0, 3, 15.53
1747857033, 0, 1227, 1250, 1245, 26, 7.52%, 0, 0, 3, 15.56
1747857063, 0, 1227, 1251, 1246, 26, 7.52%, 0, 0, 3, 16.49
1747857068, 0, 1227, 1252, 1247, 26, 7.52%, 0, 0, 3, 17.27
1747857084, 0, 1227, 1253, 1248, 26, 7.52%, 0, 0, 3, 16.39
1747857125, 0, 1227, 1254, 1249, 26, 7.52%, 0, 0, 3, 16.16
1747857166, 0, 1228, 1254, 1249, 27, 7.52%, 0, 0, 3, 15.58
1747857171, 0, 1229, 1254, 1249, 27, 7.52%, 0, 0, 3, 16.41
1747857181, 0, 1230, 1254, 1249, 27, 7.52%, 0, 0, 3, 19.51
1747857187, 0, 1232, 1254, 1249, 27, 7.52%, 0, 0, 3, 17.94
1747857192, 0, 1233, 1254, 1249, 27, 7.52%, 0, 0, 3, 16.77
1747857202, 0, 1234, 1254, 1249, 27, 7.52%, 0, 0, 3, 17.56
1747857207, 0, 1235, 1254, 1249, 27, 7.52%, 0, 0, 3, 16.89
1747857217, 0, 1236, 1254, 1249, 27, 7.52%, 0, 0, 3, 19.26
1747857222, 0, 1237, 1254, 1249, 27, 7.52%, 0, 0, 3, 19.70
1747857227, 0, 1238, 1254, 1249, 27, 7.52%, 0, 0, 3, 19.31
1747857238, 0, 1239, 1254, 1249, 27, 7.52%, 0, 0, 3, 18.47
1747857243, 0, 1241, 1254, 1249, 27, 7.52%, 0, 0, 3, 19.65
1747857248, 0, 1242, 1254, 1249, 27, 7.52%, 0, 0, 3, 18.97
1747857258, 0, 1244, 1254, 1249, 27, 7.52%, 0, 0, 3, 17.30
1747857263, 0, 1245, 1254, 1249, 27, 7.52%, 0, 0, 3, 17.12
1747857273, 0, 1246, 1254, 1249, 27, 7.52%, 0, 0, 3, 18.34
1747857278, 0, 1247, 1254, 1249, 27, 7.52%, 0, 0, 3, 19.20
1747857284, 0, 1248, 1254, 1249, 27, 7.52%, 0, 0, 3, 18.23
1747857294, 0, 1249, 1254, 1249, 27, 7.52%, 0, 0, 3, 16.88
1747857299, 0, 1250, 1254, 1249, 27, 7.52%, 0, 0, 3, 17.06
1747857304, 0, 1253, 1254, 1249, 27, 7.52%, 0, 0, 3, 19.51
1747857314, 1, 0, 1254, 1249, 27, 7.52%, 0, 0, 3, 20.15
1747857319, 1, 1, 1254, 1249, 27, 7.52%, 0, 0, 3, 19.80
1747857325, 1, 1, 1256, 1251, 27, 7.52%, 0, 0, 3, 18.54
1747857330, 1, 1, 1258, 1253, 27, 7.52%, 0, 0, 3, 19.29
1747857335, 1, 1, 1259, 1254, 27, 7.52%, 0, 0, 3, 19.07
1747857345, 1, 1, 1260, 1255, 27, 7.52%, 0, 0, 3, 19.65
1747857355, 1, 1, 1261, 1256, 27, 7.52%, 0, 0, 3, 21.46
1747857360, 1, 1, 1262, 1257, 27, 7.52%, 0, 0, 3, 20.72
1747857371, 1, 1, 1263, 1258, 27, 7.53%, 0, 0, 3, 20.39
1747857391, 1, 1, 1264, 1259, 27, 7.53%, 0, 0, 3, 19.17
1747857401, 1, 1, 1265, 1260, 27, 7.53%, 0, 0, 3, 19.29
1747857406, 1, 1, 1266, 1261, 27, 7.53%, 0, 0, 3, 20.13
1747857427, 1, 1, 1267, 1262, 27, 7.53%, 0, 0, 3, 20.76
1747857432, 1, 1, 1268, 1263, 27, 7.53%, 0, 0, 3, 19.84
1747857447, 1, 1, 1269, 1264, 27, 7.53%, 0, 0, 3, 19.61
1747857457, 1, 1, 1270, 1265, 27, 7.53%, 0, 0, 3, 19.83
1747857529, 1, 2, 1270, 1265, 28, 7.53%, 0, 0, 3, 43.48
1747857540, 1, 2, 1272, 1267, 28, 7.53%, 0, 0, 3, 82.40
1747857545, 1, 2, 1274, 1269, 28, 7.53%, 0, 0, 3, 83.92
1747857560, 1, 2, 1275, 1270, 28, 7.53%, 0, 0, 3, 87.01
1747857571, 1, 2, 1276, 1271, 28, 7.53%, 0, 0, 3, 83.84
1747857601, 1, 2, 1277, 1272, 28, 7.53%, 0, 0, 3, 82.21
1747857617, 1, 2, 1278, 1273, 28, 7.53%, 0, 0, 3, 85.16
1747857642, 1, 2, 1279, 1274, 28, 7.53%, 0, 0, 3, 82.25
1747857698, 1, 3, 1279, 1273, 28, 7.53%, 0, 0, 3, 8.89
1747857703, 1, 3, 1280, 1274, 28, 7.53%, 0, 0, 3, 9.56
1747857709, 1, 3, 1281, 1275, 28, 7.53%, 0, 0, 3, 8.56
1747857724, 1, 3, 1282, 1276, 28, 7.53%, 0, 0, 3, 8.96
1747857734, 1, 3, 1283, 1277, 28, 7.53%, 0, 0, 3, 9.03
1747857745, 1, 3, 1284, 1278, 28, 7.53%, 0, 0, 3, 9.39
1747857755, 1, 3, 1285, 1279, 28, 7.53%, 0, 0, 3, 8.67
1747857775, 1, 3, 1286, 1280, 28, 7.53%, 0, 0, 3, 9.28
1747857806, 1, 3, 1288, 1282, 28, 7.53%, 0, 0, 3, 7.56
1747857817, 1, 3, 1289, 1283, 28, 7.53%, 0, 0, 3, 8.62
1747857940, 1, 3, 1290, 1284, 28, 7.54%, 0, 0, 3, 9.73
1747858007, 1, 3, 1291, 1285, 28, 7.54%, 0, 0, 3, 8.63
1747858012, 1, 3, 1292, 1286, 28, 7.54%, 0, 0, 3, 8.06
1747858043, 1, 3, 1293, 1287, 28, 7.54%, 0, 0, 3, 8.57
1747858059, 1, 3, 1294, 1288, 28, 7.54%, 0, 0, 3, 8.63
1747858100, 1, 3, 1295, 1289, 28, 7.54%, 0, 0, 3, 9.17
1747858105, 1, 3, 1296, 1290, 28, 7.54%, 0, 0, 3, 9.35
1747858162, 1, 4, 1296, 1290, 27, 7.54%, 0, 0, 3, 9.05
1747858177, 1, 5, 1296, 1290, 27, 7.54%, 0, 0, 3, 9.37
1747858187, 1, 6, 1296, 1290, 27, 7.54%, 0, 0, 3, 9.40
1747858203, 1, 7, 1296, 1290, 27, 7.54%, 0, 0, 3, 10.16
1747858208, 1, 7, 1297, 1291, 27, 7.54%, 0, 0, 3, 9.17
1747858213, 1, 7, 1298, 1292, 27, 7.54%, 0, 0, 3, 9.75
1747858233, 1, 7, 1300, 1294, 27, 7.54%, 0, 0, 3, 8.41
1747858244, 1, 7, 1301, 1295, 27, 7.55%, 0, 0, 3, 8.84
1747858269, 1, 7, 1302, 1296, 27, 7.55%, 0, 0, 3, 9.44
1747858331, 1, 7, 1303, 1297, 27, 7.55%, 0, 0, 3, 9.64
1747858377, 1, 7, 1304, 1298, 27, 7.55%, 0, 0, 3, 9.87
1747858387, 1, 7, 1305, 1299, 27, 7.55%, 0, 0, 3, 8.45
1747858413, 1, 7, 1306, 1300, 27, 7.55%, 0, 0, 3, 9.22
1747858470, 1, 7, 1307, 1301, 27, 7.55%, 0, 0, 3, 7.91
1747858516, 1, 7, 1308, 1302, 27, 7.55%, 0, 0, 3, 7.88
1747858541, 1, 7, 1309, 1303, 27, 7.55%, 0, 0, 3, 10.02
1747858654, 1, 8, 1309, 1303, 28, 7.55%, 0, 0, 3, 9.47
1747858670, 1, 9, 1309, 1303, 28, 7.55%, 0, 0, 3, 9.44
1747858680, 1, 10, 1309, 1303, 28, 7.55%, 0, 0, 3, 9.45
1747858695, 1, 11, 1309, 1303, 28, 7.55%, 0, 0, 3, 9.90
1747858706, 1, 13, 1309, 1303, 28, 7.55%, 0, 0, 3, 9.83
1747858721, 1, 14, 1309, 1303, 28, 7.55%, 0, 0, 3, 9.63
1747858726, 1, 14, 1310, 1304, 28, 7.55%, 0, 0, 3, 8.63
1747858731, 1, 14, 1311, 1305, 28, 7.55%, 0, 0, 3, 8.60
1747858757, 1, 14, 1312, 1306, 28, 7.55%, 0, 0, 3, 8.95
1747858828, 1, 14, 1313, 1307, 28, 7.55%, 0, 0, 3, 9.12
1747858849, 1, 14, 1314, 1308, 28, 7.55%, 0, 0, 3, 8.70
1747858880, 1, 14, 1315, 1309, 28, 7.55%, 0, 0, 3, 10.17
1747858906, 1, 14, 1316, 1310, 28, 7.55%, 0, 0, 3, 9.33
1747858993, 1, 14, 1317, 1311, 28, 7.55%, 0, 0, 3, 15.26
1747859044, 1, 14, 1318, 1312, 28, 7.56%, 0, 0, 3, 16.06
1747859106, 1, 15, 1318, 1312, 29, 7.56%, 0, 0, 3, 8.65
1747859116, 1, 16, 1318, 1312, 29, 7.56%, 0, 0, 3, 9.26
1747859132, 1, 19, 1318, 1312, 29, 7.56%, 0, 0, 3, 9.71
1747859142, 1, 20, 1318, 1312, 29, 7.56%, 0, 0, 3, 10.06
1747859158, 1, 22, 1318, 1312, 29, 7.56%, 0, 0, 3, 11.76
1747859163, 1, 22, 1319, 1313, 29, 7.56%, 0, 0, 3, 10.21
1747859183, 1, 23, 1319, 1313, 29, 7.56%, 0, 0, 3, 9.32
1747859194, 1, 25, 1319, 1313, 29, 7.56%, 0, 0, 3, 10.06
1747859199, 1, 25, 1320, 1314, 29, 7.56%, 0, 0, 3, 9.71
1747859209, 1, 25, 1321, 1315, 29, 7.56%, 0, 0, 3, 9.47
1747859234, 1, 25, 1322, 1316, 29, 7.56%, 0, 0, 3, 8.58
1747859260, 1, 25, 1323, 1317, 29, 7.56%, 0, 0, 3, 8.84
1747859408, 1, 25, 1324, 1318, 29, 7.56%, 0, 0, 3, 8.66
1747859429, 1, 25, 1325, 1319, 29, 7.56%, 0, 0, 3, 9.06
1747859516, 1, 25, 1326, 1320, 29, 7.56%, 0, 0, 3, 8.74
1747859531, 1, 25, 1327, 1321, 29, 7.56%, 0, 0, 3, 9.23
1747859557, 1, 25, 1328, 1322, 29, 7.56%, 0, 0, 3, 9.37
1747859598, 1, 25, 1329, 1323, 29, 7.56%, 0, 0, 3, 8.40
1747859614, 1, 25, 1330, 1324, 29, 7.56%, 0, 0, 3, 8.90
1747859650, 1, 27, 1330, 1324, 30, 7.56%, 0, 0, 3, 10.28
1747859665, 1, 29, 1330, 1324, 30, 7.56%, 0, 0, 3, 9.81
1747859680, 1, 32, 1330, 1324, 30, 7.56%, 0, 0, 3, 8.66
1747859690, 1, 32, 1331, 1325, 30, 7.56%, 0, 0, 3, 8.40
1747859711, 1, 33, 1331, 1325, 30, 7.56%, 0, 0, 3, 9.42
1747859721, 1, 34, 1331, 1325, 30, 7.56%, 0, 0, 3, 9.60
1747859737, 1, 35, 1331, 1325, 30, 7.56%, 0, 0, 3, 9.30
1747859747, 1, 36, 1331, 1325, 30, 7.56%, 0, 0, 3, 9.88
1747859762, 1, 37, 1331, 1325, 30, 7.56%, 0, 0, 3, 9.54
1747859773, 1, 38, 1331, 1325, 30, 7.56%, 0, 0, 3, 10.89
1747859783, 1, 38, 1332, 1326, 30, 7.56%, 0, 0, 3, 10.19
1747859803, 1, 39, 1332, 1326, 30, 7.56%, 0, 0, 3, 10.69
1747859814, 1, 40, 1332, 1326, 30, 7.56%, 0, 0, 3, 11.36
1747859824, 1, 42, 1332, 1326, 30, 7.56%, 0, 0, 3, 10.00
1747859834, 1, 43, 1332, 1326, 30, 7.56%, 0, 0, 3, 10.63
1747859839, 1, 43, 1333, 1327, 30, 7.56%, 0, 0, 3, 8.98
1747859865, 1, 44, 1333, 1327, 30, 7.56%, 0, 0, 3, 8.99
1747859881, 1, 45, 1333, 1327, 30, 7.56%, 0, 0, 3, 9.96
1747859891, 1, 45, 1334, 1328, 30, 7.56%, 0, 0, 3, 8.46
1747859906, 1, 47, 1334, 1328, 30, 7.56%, 0, 0, 3, 9.73
1747859922, 1, 48, 1334, 1328, 30, 7.56%, 0, 0, 3, 9.64
1747859937, 1, 49, 1334, 1328, 30, 7.56%, 0, 0, 3, 9.71
1747859953, 1, 50, 1334, 1328, 30, 7.56%, 0, 0, 3, 9.23
1747859963, 1, 52, 1334, 1328, 30, 7.56%, 0, 0, 3, 9.39
1747859978, 1, 53, 1334, 1328, 30, 7.56%, 0, 0, 3, 10.14
1747859988, 1, 55, 1334, 1328, 30, 7.56%, 0, 0, 3, 10.15
1747859994, 1, 55, 1335, 1329, 30, 7.57%, 0, 0, 3, 8.22
1747859999, 1, 55, 1336, 1330, 30, 7.57%, 0, 0, 3, 7.78
1747860035, 1, 55, 1337, 1331, 30, 7.57%, 0, 0, 3, 9.59
1747860071, 1, 55, 1338, 1332, 30, 7.57%, 0, 0, 3, 7.85
1747860163, 1, 55, 1339, 1333, 30, 7.57%, 0, 0, 3, 8.81
1747860209, 1, 55, 1340, 1334, 30, 7.57%, 0, 0, 3, 7.33
1747860307, 1, 55, 1341, 1335, 30, 7.57%, 0, 0, 3, 9.14
1747860338, 1, 55, 1342, 1336, 30, 7.57%, 0, 0, 3, 9.50
1747860353, 1, 55, 1343, 1337, 30, 7.57%, 0, 0, 3, 9.10
1747860415, 1, 55, 1344, 1338, 30, 7.57%, 0, 0, 3, 8.61
1747860456, 1, 56, 1344, 1338, 31, 7.57%, 0, 0, 3, 9.88
1747860472, 1, 57, 1344, 1338, 31, 7.57%, 0, 0, 3, 8.22
1747860487, 1, 58, 1344, 1338, 31, 7.57%, 0, 0, 3, 9.60
1747860492, 1, 58, 1345, 1339, 31, 7.57%, 0, 0, 3, 8.69
1747860497, 1, 58, 1346, 1340, 31, 7.57%, 0, 0, 3, 7.83
1747860539, 1, 58, 1347, 1341, 31, 7.57%, 0, 0, 3, 8.33
1747860544, 1, 58, 1348, 1342, 31, 7.57%, 0, 0, 3, 8.21
1747860554, 1, 58, 1349, 1343, 31, 7.57%, 0, 0, 3, 8.70
1747860564, 1, 58, 1350, 1344, 31, 7.57%, 0, 0, 3, 8.02
1747860569, 1, 58, 1351, 1345, 31, 7.57%, 0, 0, 3, 8.19
1747860600, 1, 58, 1352, 1346, 31, 7.57%, 0, 0, 3, 8.98
1747860611, 1, 58, 1353, 1347, 31, 7.57%, 0, 0, 3, 8.26
1747860626, 1, 58, 1354, 1348, 31, 7.57%, 0, 0, 3, 8.02
1747860698, 1, 58, 1355, 1349, 31, 7.57%, 0, 0, 3, 17.86
