# unix_time, cycles_done, cur_path, paths_total, pending_total, pending_favs, map_size, unique_crashes, unique_hangs, max_depth, execs_per_sec
1747774284, 0, 0, 1, 1, 1, 4.92%, 0, 0, 1, 52.98
1747774289, 0, 0, 21, 21, 1, 5.93%, 0, 0, 2, 36.90
1747774294, 0, 0, 39, 39, 1, 5.93%, 0, 0, 2, 33.43
1747774299, 0, 0, 57, 57, 1, 5.93%, 0, 0, 2, 32.60
1747774305, 0, 0, 76, 76, 1, 5.93%, 0, 0, 2, 32.01
1747774310, 0, 0, 89, 89, 1, 6.45%, 0, 0, 2, 25.23
1747774315, 0, 0, 99, 99, 1, 6.62%, 0, 0, 2, 20.12
1747774320, 0, 0, 106, 106, 1, 6.94%, 0, 0, 2, 16.86
1747774325, 0, 0, 116, 116, 1, 7.47%, 0, 0, 2, 16.77
1747774330, 0, 0, 122, 122, 1, 7.47%, 0, 0, 2, 15.33
1747774335, 0, 0, 132, 132, 1, 7.48%, 0, 0, 2, 17.27
1747774340, 0, 0, 142, 142, 1, 8.03%, 0, 0, 2, 20.16
1747774345, 0, 0, 147, 147, 1, 8.07%, 0, 0, 2, 3.35
1747774350, 0, 0, 155, 155, 1, 8.07%, 0, 0, 2, 31.22
1747774356, 0, 0, 164, 164, 1, 8.07%, 0, 0, 2, 21.11
1747774361, 0, 0, 169, 169, 1, 8.08%, 0, 0, 2, 13.19
1747774366, 0, 0, 175, 175, 1, 8.08%, 0, 0, 2, 15.24
1747774371, 0, 0, 181, 181, 1, 8.08%, 0, 0, 2, 15.81
1747774376, 0, 0, 188, 188, 1, 8.08%, 0, 0, 2, 14.57
1747774381, 0, 0, 196, 196, 1, 8.08%, 0, 0, 2, 15.87
1747774386, 0, 0, 201, 201, 1, 8.08%, 0, 0, 2, 14.71
1747774391, 0, 0, 207, 207, 1, 8.08%, 0, 0, 2, 13.48
1747774396, 0, 0, 213, 213, 1, 8.08%, 0, 0, 2, 14.35
1747774402, 0, 0, 221, 221, 1, 8.08%, 0, 0, 2, 15.30
1747774407, 0, 0, 227, 227, 1, 8.08%, 0, 0, 2, 12.53
1747774412, 0, 0, 234, 234, 1, 8.08%, 0, 0, 2, 12.02
1747774417, 0, 0, 243, 243, 1, 8.08%, 0, 0, 2, 19.57
1747774422, 0, 0, 249, 249, 1, 8.08%, 0, 0, 2, 14.02
1747774427, 0, 0, 257, 257, 1, 8.08%, 0, 0, 2, 19.03
1747774433, 0, 0, 268, 268, 1, 8.08%, 0, 0, 2, 19.88
1747774438, 0, 0, 272, 272, 1, 8.08%, 0, 0, 2, 20.49
1747774443, 0, 0, 278, 278, 1, 8.08%, 0, 0, 2, 14.25
1747774448, 0, 0, 282, 282, 1, 8.08%, 0, 0, 2, 12.66
1747774453, 0, 0, 292, 292, 1, 8.08%, 0, 0, 2, 17.76
1747774458, 0, 0, 297, 297, 1, 8.08%, 0, 0, 2, 13.61
1747774463, 0, 0, 302, 302, 1, 8.09%, 0, 0, 2, 11.79
1747774468, 0, 0, 307, 307, 1, 8.09%, 0, 0, 2, 12.41
1747774474, 0, 0, 313, 313, 1, 8.09%, 0, 0, 2, 14.48
1747774479, 0, 0, 316, 316, 1, 8.09%, 0, 0, 2, 10.08
1747774484, 0, 0, 322, 322, 1, 8.09%, 0, 0, 2, 13.08
1747774489, 0, 0, 330, 330, 1, 8.09%, 0, 0, 2, 16.79
1747774494, 0, 0, 336, 336, 1, 8.09%, 0, 0, 2, 14.86
1747774499, 0, 0, 342, 342, 1, 8.09%, 0, 0, 2, 15.78
1747774504, 0, 0, 350, 350, 1, 8.09%, 0, 0, 2, 17.62
1747774509, 0, 0, 352, 352, 1, 8.09%, 0, 0, 2, 8.94
1747774515, 0, 0, 359, 359, 1, 8.09%, 0, 0, 2, 16.66
1747774520, 0, 0, 364, 364, 1, 8.09%, 0, 0, 2, 12.75
1747774525, 0, 0, 368, 368, 1, 8.09%, 0, 0, 2, 14.03
1747774530, 0, 0, 373, 373, 1, 8.09%, 0, 0, 2, 15.81
1747774535, 0, 0, 376, 376, 1, 8.09%, 0, 0, 2, 12.14
1747774540, 0, 0, 380, 380, 1, 8.10%, 0, 0, 2, 14.28
1747774545, 0, 0, 385, 385, 1, 8.10%, 0, 0, 2, 14.41
1747774551, 0, 0, 390, 390, 1, 8.10%, 0, 0, 2, 18.38
1747774556, 0, 0, 394, 394, 1, 8.10%, 0, 0, 2, 10.70
1747774561, 0, 0, 397, 397, 1, 8.10%, 0, 0, 2, 8.06
1747774566, 0, 0, 404, 404, 1, 8.10%, 0, 0, 2, 13.47
1747774571, 0, 0, 411, 411, 1, 8.10%, 0, 0, 2, 18.35
1747774576, 0, 0, 413, 413, 1, 8.10%, 0, 0, 2, 8.69
1747774581, 0, 0, 419, 419, 1, 8.10%, 0, 0, 2, 11.60
1747774586, 0, 0, 426, 426, 1, 8.10%, 0, 0, 2, 14.10
1747774591, 0, 0, 433, 433, 1, 8.10%, 0, 0, 2, 20.20
1747774597, 0, 0, 439, 439, 1, 8.10%, 0, 0, 2, 19.59
1747774602, 0, 0, 449, 449, 1, 8.10%, 0, 0, 2, 25.92
1747774607, 0, 0, 457, 457, 1, 8.10%, 0, 0, 2, 27.43
1747774612, 0, 0, 463, 463, 1, 8.10%, 0, 0, 2, 19.73
1747774617, 0, 0, 470, 470, 1, 8.10%, 0, 0, 2, 24.88
1747774622, 0, 0, 479, 479, 1, 8.10%, 0, 0, 2, 24.75
1747774627, 0, 0, 486, 486, 1, 8.10%, 0, 0, 2, 22.63
1747774632, 0, 0, 492, 492, 1, 8.10%, 0, 0, 2, 17.58
1747774638, 0, 0, 496, 496, 1, 8.10%, 0, 0, 2, 22.20
1747774643, 0, 0, 502, 502, 1, 8.29%, 0, 0, 2, 18.87
1747774648, 0, 0, 507, 507, 1, 8.29%, 0, 0, 2, 16.01
1747774653, 0, 0, 512, 512, 1, 8.29%, 0, 0, 2, 22.89
1747774658, 0, 0, 516, 516, 1, 8.29%, 0, 0, 2, 20.53
1747774663, 0, 0, 522, 522, 1, 8.29%, 0, 0, 2, 22.26
1747774668, 0, 0, 529, 529, 1, 8.29%, 0, 0, 2, 30.17
1747774674, 0, 0, 535, 535, 1, 8.29%, 0, 0, 2, 25.22
1747774679, 0, 0, 539, 539, 1, 8.29%, 0, 0, 2, 16.01
1747774684, 0, 0, 542, 542, 1, 8.29%, 0, 0, 2, 21.94
1747774689, 0, 0, 547, 547, 1, 8.29%, 0, 0, 2, 26.12
1747774694, 0, 0, 550, 550, 1, 8.29%, 0, 0, 2, 21.87
1747774700, 0, 0, 558, 558, 1, 8.29%, 0, 0, 2, 23.18
1747774705, 0, 0, 561, 561, 1, 8.29%, 0, 0, 2, 15.74
1747774710, 0, 0, 567, 567, 1, 8.29%, 0, 0, 2, 16.74
1747774715, 0, 0, 569, 569, 1, 8.29%, 0, 0, 2, 21.72
1747774720, 0, 0, 572, 572, 1, 8.29%, 0, 0, 2, 24.23
1747774725, 0, 0, 577, 577, 1, 8.29%, 0, 0, 2, 16.07
1747774730, 0, 0, 582, 582, 1, 8.31%, 0, 0, 2, 15.78
1747774735, 0, 0, 584, 584, 1, 8.31%, 0, 0, 2, 20.81
1747774740, 0, 0, 587, 587, 1, 8.31%, 0, 0, 2, 22.50
1747774746, 0, 0, 590, 590, 1, 8.31%, 0, 0, 2, 25.91
1747774751, 0, 0, 594, 594, 1, 8.31%, 0, 0, 2, 23.71
1747774756, 0, 0, 598, 598, 1, 8.31%, 0, 0, 2, 25.74
1747774761, 0, 0, 602, 602, 1, 8.31%, 0, 0, 2, 18.85
1747774766, 0, 0, 605, 605, 1, 8.31%, 0, 0, 2, 25.19
1747774771, 0, 0, 610, 610, 1, 8.31%, 0, 0, 2, 17.58
1747774776, 0, 0, 612, 612, 1, 8.31%, 0, 0, 2, 23.80
1747774782, 0, 0, 615, 615, 1, 8.31%, 0, 0, 2, 23.93
1747774787, 0, 0, 617, 617, 1, 8.31%, 0, 0, 2, 23.37
1747774792, 0, 0, 620, 620, 1, 8.31%, 0, 0, 2, 26.49
1747774797, 0, 0, 624, 624, 1, 8.31%, 0, 0, 2, 21.95
1747774802, 0, 0, 627, 627, 1, 8.31%, 0, 0, 2, 19.08
1747774807, 0, 0, 629, 629, 1, 8.31%, 0, 0, 2, 22.88
1747774812, 0, 0, 632, 632, 1, 8.31%, 0, 0, 2, 18.50
1747774817, 0, 0, 634, 634, 1, 8.31%, 0, 0, 2, 22.53
1747774822, 0, 0, 636, 636, 1, 8.31%, 0, 0, 2, 26.53
1747774828, 0, 0, 639, 639, 1, 8.31%, 0, 0, 2, 23.34
1747774833, 0, 0, 640, 640, 1, 8.31%, 0, 0, 2, 28.44
1747774838, 0, 0, 642, 642, 1, 8.31%, 0, 0, 2, 23.87
1747774843, 0, 0, 643, 643, 1, 8.31%, 0, 0, 2, 24.67
1747774848, 0, 0, 647, 647, 1, 8.33%, 0, 0, 2, 20.36
1747774853, 0, 0, 650, 650, 1, 8.33%, 0, 0, 2, 22.52
1747774858, 0, 0, 653, 653, 1, 8.33%, 0, 0, 2, 23.78
1747774863, 0, 0, 656, 656, 1, 8.33%, 0, 0, 2, 28.94
1747774868, 0, 0, 658, 658, 1, 8.33%, 0, 0, 2, 32.41
1747774873, 0, 0, 661, 661, 1, 8.33%, 0, 0, 2, 28.77
1747774878, 0, 0, 664, 664, 1, 8.33%, 0, 0, 2, 26.49
1747774883, 0, 0, 668, 668, 1, 8.33%, 0, 0, 2, 27.23
1747774889, 0, 0, 672, 672, 1, 8.33%, 0, 0, 2, 21.97
1747774894, 0, 0, 674, 674, 1, 8.33%, 0, 0, 2, 5.05
1747774899, 0, 0, 678, 678, 1, 8.33%, 0, 0, 2, 32.22
1747774904, 0, 0, 680, 680, 1, 8.33%, 0, 0, 2, 22.63
1747774909, 0, 0, 683, 683, 1, 8.33%, 0, 0, 2, 25.72
1747774914, 0, 0, 685, 685, 1, 8.33%, 0, 0, 2, 22.78
1747774920, 0, 0, 687, 687, 1, 8.33%, 0, 0, 2, 24.96
1747774925, 0, 0, 688, 688, 1, 8.33%, 0, 0, 2, 25.79
1747774930, 0, 0, 689, 689, 1, 8.33%, 0, 0, 2, 29.85
1747774935, 0, 0, 691, 691, 1, 8.34%, 0, 0, 2, 21.31
1747774940, 0, 0, 695, 695, 1, 8.34%, 0, 0, 2, 20.31
1747774945, 0, 0, 697, 697, 1, 8.34%, 0, 0, 2, 26.42
1747774950, 0, 0, 699, 699, 1, 8.34%, 0, 0, 2, 27.01
1747774955, 0, 0, 703, 703, 1, 8.34%, 0, 0, 2, 19.74
1747774960, 0, 0, 704, 704, 1, 8.34%, 0, 0, 2, 23.16
1747774966, 0, 0, 705, 705, 1, 8.34%, 0, 0, 2, 26.95
1747774971, 0, 0, 707, 707, 1, 8.34%, 0, 0, 2, 25.26
1747774976, 0, 0, 708, 708, 1, 8.34%, 0, 0, 2, 25.84
1747774981, 0, 0, 709, 709, 1, 8.34%, 0, 0, 2, 25.43
1747774986, 0, 0, 711, 711, 1, 8.34%, 0, 0, 2, 24.53
1747774991, 0, 0, 715, 715, 1, 8.34%, 0, 0, 2, 20.31
1747774996, 0, 0, 717, 717, 1, 8.34%, 0, 0, 2, 21.84
1747775001, 0, 0, 718, 718, 1, 8.34%, 0, 0, 2, 25.50
1747775006, 0, 0, 721, 721, 1, 8.35%, 0, 0, 2, 18.78
1747775016, 0, 0, 722, 722, 1, 8.35%, 0, 0, 2, 27.50
1747775022, 0, 0, 723, 723, 1, 8.35%, 0, 0, 2, 28.19
1747775027, 0, 0, 724, 724, 1, 8.36%, 0, 0, 2, 28.88
1747775032, 0, 0, 727, 727, 1, 8.36%, 0, 0, 2, 25.09
1747775037, 0, 0, 728, 728, 1, 8.36%, 0, 0, 2, 27.73
1747775042, 0, 0, 730, 730, 1, 8.36%, 0, 0, 2, 27.75
1747775047, 0, 0, 731, 731, 1, 8.36%, 0, 0, 2, 20.77
1747775057, 0, 0, 732, 732, 1, 8.36%, 0, 0, 2, 14.72
1747775062, 0, 0, 733, 733, 1, 8.36%, 0, 0, 2, 9.66
1747775068, 0, 0, 734, 734, 1, 8.36%, 0, 0, 2, 12.40
1747775078, 0, 0, 735, 735, 1, 8.36%, 0, 0, 2, 14.60
1747775098, 0, 0, 736, 736, 1, 8.36%, 0, 0, 2, 12.99
1747775104, 0, 0, 737, 737, 1, 8.36%, 0, 0, 2, 14.36
1747775109, 0, 0, 738, 738, 1, 8.36%, 0, 0, 2, 15.93
1747775124, 0, 0, 739, 739, 1, 8.36%, 0, 0, 2, 14.09
1747775140, 0, 0, 740, 740, 1, 8.36%, 0, 0, 2, 5.71
1747775160, 0, 0, 741, 741, 1, 8.36%, 0, 0, 2, 14.66
1747775165, 0, 0, 742, 742, 1, 8.36%, 0, 0, 2, 11.59
1747775170, 0, 0, 743, 743, 1, 8.36%, 0, 0, 2, 16.58
1747775175, 0, 0, 744, 744, 1, 8.36%, 0, 0, 2, 14.73
1747775181, 0, 0, 745, 745, 1, 8.36%, 0, 0, 2, 3.00
1747775186, 0, 0, 746, 746, 1, 8.36%, 0, 0, 2, 12.62
1747775196, 0, 0, 747, 747, 1, 8.36%, 0, 0, 2, 18.88
1747775201, 0, 0, 748, 748, 1, 8.36%, 0, 0, 2, 16.14
1747775242, 0, 0, 749, 749, 1, 8.36%, 0, 0, 2, 18.90
1747775262, 0, 0, 750, 750, 1, 8.36%, 0, 0, 2, 13.80
1747775268, 0, 0, 751, 751, 1, 8.38%, 0, 0, 2, 14.23
1747775273, 0, 0, 752, 752, 1, 8.38%, 0, 0, 2, 15.87
1747775283, 0, 0, 753, 753, 1, 8.38%, 0, 0, 2, 15.21
1747775303, 0, 0, 754, 754, 1, 8.38%, 0, 0, 2, 16.34
1747775308, 0, 0, 755, 755, 1, 8.38%, 0, 0, 2, 2.87
1747775318, 0, 0, 756, 756, 1, 8.38%, 0, 0, 2, 13.54
1747775324, 0, 0, 757, 757, 1, 8.38%, 0, 0, 2, 10.77
1747775344, 0, 0, 758, 758, 1, 8.38%, 0, 0, 2, 16.87
1747775354, 0, 0, 759, 759, 1, 8.38%, 0, 0, 2, 17.23
1747775369, 0, 0, 760, 760, 1, 8.38%, 0, 0, 2, 21.24
1747775374, 0, 0, 761, 761, 1, 8.38%, 0, 0, 2, 16.22
1747775379, 0, 0, 762, 762, 1, 8.38%, 0, 0, 2, 16.57
1747775405, 0, 0, 763, 763, 1, 8.38%, 0, 0, 2, 3.09
1747775415, 0, 0, 764, 764, 1, 8.38%, 0, 0, 2, 19.05
1747775431, 0, 0, 765, 765, 1, 8.38%, 0, 0, 2, 18.57
1747775441, 0, 0, 766, 766, 1, 8.38%, 0, 0, 2, 16.47
1747775462, 0, 0, 767, 767, 1, 8.38%, 0, 0, 2, 23.92
1747775467, 0, 0, 768, 768, 1, 8.38%, 0, 0, 2, 3.62
1747775477, 0, 0, 769, 769, 1, 8.38%, 0, 0, 2, 17.37
1747775488, 0, 0, 770, 770, 1, 8.38%, 0, 0, 2, 18.98
1747775498, 0, 0, 771, 771, 1, 8.38%, 0, 0, 2, 11.46
1747775503, 0, 0, 772, 772, 1, 8.38%, 0, 0, 2, 13.68
1747775519, 0, 0, 773, 773, 1, 8.38%, 0, 0, 2, 12.04
1747775524, 0, 0, 774, 774, 1, 8.38%, 0, 0, 2, 13.25
1747775555, 0, 2, 774, 773, 25, 8.38%, 0, 0, 2, 12.92
1747775570, 0, 2, 775, 774, 25, 8.41%, 0, 0, 2, 6.61
1747775576, 0, 2, 776, 775, 25, 8.41%, 0, 0, 2, 6.76
1747775581, 0, 2, 777, 776, 25, 8.41%, 0, 0, 2, 4.89
1747775586, 0, 2, 779, 778, 25, 8.41%, 0, 0, 2, 4.10
1747775591, 0, 2, 780, 779, 25, 8.42%, 0, 0, 2, 4.87
1747775601, 0, 2, 782, 781, 25, 8.42%, 0, 0, 2, 5.24
1747775611, 0, 2, 783, 782, 25, 8.42%, 0, 0, 2, 5.83
1747775622, 0, 2, 784, 783, 25, 8.42%, 0, 0, 2, 5.61
1747775627, 0, 2, 785, 784, 25, 8.42%, 0, 0, 2, 5.12
1747775658, 0, 2, 786, 785, 25, 8.42%, 0, 0, 2, 5.93
1747775668, 0, 2, 787, 786, 25, 8.42%, 0, 0, 2, 6.60
1747775673, 0, 2, 788, 787, 25, 8.42%, 0, 0, 2, 7.39
1747775679, 0, 2, 789, 788, 25, 8.42%, 0, 0, 2, 4.87
1747775694, 0, 2, 790, 789, 25, 8.42%, 0, 0, 2, 5.33
1747775699, 0, 2, 791, 790, 25, 8.42%, 0, 0, 2, 6.97
1747775704, 0, 2, 793, 792, 25, 8.42%, 0, 0, 2, 8.62
1747775710, 0, 2, 794, 793, 25, 8.42%, 0, 0, 2, 8.30
1747775715, 0, 2, 795, 794, 25, 8.42%, 0, 0, 2, 5.88
1747775725, 0, 2, 796, 795, 25, 8.42%, 0, 0, 2, 6.21
1747775740, 0, 2, 797, 796, 25, 8.42%, 0, 0, 2, 6.45
1747775745, 0, 2, 798, 797, 25, 8.42%, 0, 0, 2, 6.31
1747775766, 0, 2, 799, 798, 25, 8.42%, 0, 0, 2, 6.19
1747775776, 0, 2, 800, 799, 25, 8.42%, 0, 0, 2, 5.94
1747775781, 0, 2, 801, 800, 25, 8.50%, 0, 0, 2, 5.53
1747775786, 0, 2, 802, 801, 25, 8.50%, 0, 0, 2, 5.87
1747775791, 0, 2, 803, 802, 25, 8.50%, 0, 0, 2, 5.03
1747775812, 0, 2, 804, 803, 25, 8.50%, 0, 0, 2, 5.81
1747775817, 0, 2, 805, 804, 25, 8.50%, 0, 0, 2, 6.73
1747775822, 0, 2, 806, 805, 25, 8.50%, 0, 0, 2, 4.96
1747775848, 0, 2, 807, 806, 25, 8.50%, 0, 0, 2, 7.97
1747775853, 0, 2, 808, 807, 25, 8.50%, 0, 0, 2, 6.66
1747775869, 0, 2, 809, 808, 25, 8.50%, 0, 0, 2, 8.47
1747775879, 0, 2, 810, 809, 25, 8.52%, 0, 0, 2, 5.49
1747775915, 0, 2, 811, 810, 25, 8.52%, 0, 0, 2, 6.41
1747775931, 0, 2, 812, 811, 25, 8.52%, 0, 0, 2, 7.81
1747775941, 0, 2, 813, 812, 25, 8.52%, 0, 0, 2, 6.61
1747775993, 0, 2, 814, 813, 25, 8.52%, 0, 0, 2, 5.53
1747776023, 0, 2, 815, 814, 25, 8.52%, 0, 0, 2, 5.15
1747776095, 0, 2, 816, 815, 25, 8.52%, 0, 0, 2, 7.52
1747776100, 0, 2, 817, 816, 25, 8.52%, 0, 0, 2, 6.28
1747776105, 0, 2, 818, 817, 25, 8.52%, 0, 0, 2, 4.85
1747776147, 0, 2, 819, 818, 25, 8.52%, 0, 0, 2, 8.28
1747776162, 0, 2, 820, 819, 25, 8.52%, 0, 0, 2, 5.17
1747776183, 0, 2, 821, 820, 25, 8.52%, 0, 0, 2, 5.67
1747776193, 0, 2, 822, 821, 25, 8.52%, 0, 0, 2, 5.24
1747776229, 0, 2, 823, 822, 25, 8.52%, 0, 0, 2, 6.38
1747776239, 0, 2, 824, 823, 25, 8.52%, 0, 0, 2, 5.66
1747776245, 0, 3, 824, 823, 27, 8.52%, 0, 0, 2, 5.91
1747776265, 0, 4, 824, 823, 27, 8.52%, 0, 0, 2, 7.88
1747776281, 0, 4, 825, 824, 27, 8.52%, 0, 0, 2, 5.85
1747776301, 0, 5, 825, 824, 27, 8.52%, 0, 0, 2, 7.69
1747776317, 0, 5, 826, 825, 27, 8.52%, 0, 0, 2, 6.84
1747776322, 0, 5, 827, 826, 27, 8.52%, 0, 0, 2, 5.43
1747776379, 0, 6, 827, 826, 27, 8.52%, 0, 0, 2, 7.23
1747776394, 0, 6, 828, 827, 27, 8.52%, 0, 0, 2, 5.98
1747776410, 0, 6, 829, 828, 27, 8.52%, 0, 0, 2, 6.65
1747776420, 0, 6, 831, 830, 27, 8.53%, 0, 0, 2, 6.73
1747776440, 0, 6, 832, 831, 27, 8.53%, 0, 0, 2, 6.31
1747776476, 0, 6, 833, 832, 27, 8.53%, 0, 0, 2, 5.99
1747776487, 0, 6, 834, 833, 27, 8.53%, 0, 0, 2, 6.22
1747776497, 0, 6, 835, 834, 27, 8.53%, 0, 0, 2, 5.87
1747776512, 0, 6, 836, 835, 27, 8.53%, 0, 0, 2, 5.78
1747776528, 0, 6, 837, 836, 27, 8.53%, 0, 0, 2, 8.49
1747776538, 0, 6, 838, 837, 27, 8.53%, 0, 0, 2, 7.26
1747776569, 0, 6, 839, 838, 27, 8.53%, 0, 0, 2, 5.39
1747776594, 0, 6, 840, 839, 27, 8.53%, 0, 0, 2, 5.75
1747776625, 0, 6, 841, 840, 27, 8.53%, 0, 0, 2, 6.88
1747776646, 0, 6, 842, 841, 27, 8.53%, 0, 0, 2, 4.67
1747776656, 0, 6, 843, 842, 27, 8.53%, 0, 0, 2, 4.77
1747776666, 0, 6, 844, 843, 27, 8.53%, 0, 0, 2, 6.53
1747776682, 0, 6, 845, 844, 27, 8.53%, 0, 0, 2, 5.81
1747776718, 0, 6, 846, 845, 27, 8.53%, 0, 0, 2, 5.60
1747776733, 0, 6, 847, 846, 27, 8.53%, 0, 0, 2, 6.01
1747776780, 0, 6, 848, 847, 27, 8.53%, 0, 0, 2, 6.35
1747776827, 0, 6, 849, 848, 27, 8.53%, 0, 0, 2, 5.66
1747776863, 0, 6, 850, 849, 27, 8.53%, 0, 0, 2, 8.11
1747776879, 0, 6, 851, 850, 27, 8.53%, 0, 0, 2, 5.71
1747776889, 0, 6, 852, 851, 27, 8.53%, 0, 0, 2, 5.69
1747776894, 0, 6, 853, 852, 27, 8.70%, 0, 0, 2, 4.43
1747776915, 0, 6, 854, 853, 27, 8.70%, 0, 0, 2, 7.77
1747776952, 0, 6, 855, 854, 27, 8.70%, 0, 0, 2, 5.96
1747776957, 0, 6, 856, 855, 27, 8.70%, 0, 0, 2, 6.70
1747776967, 0, 6, 857, 856, 27, 8.70%, 0, 0, 2, 5.15
1747776988, 0, 6, 858, 857, 27, 8.70%, 0, 0, 2, 7.05
1747776998, 0, 6, 859, 858, 27, 8.70%, 0, 0, 2, 4.71
1747777024, 0, 6, 860, 859, 27, 8.70%, 0, 0, 2, 5.78
1747777039, 0, 6, 861, 860, 27, 8.70%, 0, 0, 2, 7.32
1747777055, 0, 7, 861, 860, 28, 8.70%, 0, 0, 2, 7.66
1747777070, 0, 8, 861, 860, 28, 8.70%, 0, 0, 2, 7.51
1747777091, 0, 9, 861, 860, 28, 8.70%, 0, 0, 2, 7.09
1747777097, 0, 9, 862, 861, 28, 8.70%, 0, 0, 2, 5.96
1747777113, 0, 9, 863, 862, 28, 8.70%, 0, 0, 2, 4.97
1747777138, 0, 9, 864, 863, 28, 8.70%, 0, 0, 2, 4.15
1747777149, 0, 9, 865, 864, 28, 8.70%, 0, 0, 2, 6.15
1747777170, 0, 9, 866, 865, 28, 8.70%, 0, 0, 2, 6.14
1747777206, 0, 9, 867, 866, 28, 8.70%, 0, 0, 2, 6.50
1747777227, 0, 9, 868, 867, 28, 8.70%, 0, 0, 2, 7.27
1747777325, 0, 9, 869, 868, 28, 8.70%, 0, 0, 2, 6.20
1747777351, 0, 9, 870, 869, 28, 8.70%, 0, 0, 2, 8.16
1747777408, 0, 9, 871, 870, 28, 8.70%, 0, 0, 2, 6.86
1747777419, 0, 9, 872, 871, 28, 8.70%, 0, 0, 2, 4.95
1747777439, 0, 9, 873, 872, 28, 8.70%, 0, 0, 2, 4.54
1747777470, 0, 9, 874, 873, 28, 8.70%, 0, 0, 2, 5.38
1747777501, 0, 9, 875, 874, 28, 8.70%, 0, 0, 2, 5.34
1747777537, 0, 9, 876, 875, 28, 8.70%, 0, 0, 2, 5.36
1747777573, 0, 9, 877, 876, 28, 8.70%, 0, 0, 2, 5.75
1747777584, 0, 9, 878, 877, 28, 8.70%, 0, 0, 2, 6.43
1747777589, 0, 9, 879, 878, 28, 8.70%, 0, 0, 2, 4.71
1747777604, 0, 9, 880, 879, 28, 8.70%, 0, 0, 2, 5.80
1747777609, 0, 9, 881, 880, 28, 8.70%, 0, 0, 2, 6.40
1747777630, 0, 9, 882, 881, 28, 8.70%, 0, 0, 2, 5.47
1747777707, 0, 9, 883, 882, 28, 8.70%, 0, 0, 2, 5.58
1747777794, 0, 10, 883, 882, 28, 8.70%, 0, 0, 2, 6.26
1747777799, 0, 10, 884, 883, 28, 8.70%, 0, 0, 2, 5.23
1747777835, 0, 11, 884, 883, 28, 8.70%, 0, 0, 2, 7.03
1747777846, 0, 11, 885, 884, 28, 8.70%, 0, 0, 2, 6.18
1747777856, 0, 11, 886, 885, 28, 8.70%, 0, 0, 2, 4.33
1747777867, 0, 11, 887, 886, 28, 8.70%, 0, 0, 2, 5.09
1747777877, 0, 11, 888, 887, 28, 8.70%, 0, 0, 2, 4.73
1747777898, 0, 11, 889, 888, 28, 8.70%, 0, 0, 2, 4.84
1747777919, 0, 11, 890, 889, 28, 8.70%, 0, 0, 2, 6.05
1747777940, 0, 11, 891, 890, 28, 8.70%, 0, 0, 2, 5.36
1747778001, 0, 11, 892, 891, 28, 8.70%, 0, 0, 2, 5.47
1747778022, 0, 11, 893, 892, 28, 8.70%, 0, 0, 2, 6.73
1747778069, 0, 11, 894, 893, 28, 8.70%, 0, 0, 2, 1.43
1747778094, 0, 11, 895, 894, 28, 8.70%, 0, 0, 2, 1.31
1747778110, 0, 11, 896, 895, 28, 8.70%, 0, 0, 2, 6.43
1747778183, 0, 11, 897, 896, 28, 8.70%, 0, 0, 2, 4.80
1747778235, 0, 11, 898, 897, 28, 8.70%, 0, 0, 2, 5.51
1747778297, 0, 11, 899, 898, 28, 8.70%, 0, 0, 2, 4.85
1747778381, 0, 11, 900, 899, 28, 8.70%, 0, 0, 2, 6.21
1747778505, 0, 11, 901, 900, 28, 8.70%, 0, 0, 2, 4.48
1747778515, 0, 11, 902, 901, 28, 8.70%, 0, 0, 2, 5.80
1747778553, 0, 11, 903, 902, 28, 8.70%, 0, 0, 2, 4.64
1747778558, 0, 11, 904, 903, 28, 8.70%, 0, 0, 2, 4.27
1747778614, 0, 12, 904, 903, 28, 8.70%, 0, 0, 2, 7.02
1747778635, 0, 13, 904, 903, 28, 8.70%, 0, 0, 2, 6.53
1747778656, 0, 15, 904, 903, 28, 8.70%, 0, 0, 2, 5.92
1747778676, 0, 16, 904, 903, 28, 8.70%, 0, 0, 2, 7.25
1747778696, 0, 17, 904, 903, 28, 8.70%, 0, 0, 2, 6.45
1747778717, 0, 17, 905, 904, 28, 8.70%, 0, 0, 2, 5.08
1747778727, 0, 17, 906, 905, 28, 8.70%, 0, 0, 2, 5.36
1747778769, 0, 17, 907, 906, 28, 8.70%, 0, 0, 2, 4.85
1747778790, 0, 17, 908, 907, 28, 8.70%, 0, 0, 2, 4.44
1747778826, 0, 17, 909, 908, 28, 8.70%, 0, 0, 2, 6.07
1747778878, 0, 17, 910, 909, 28, 8.70%, 0, 0, 2, 6.64
1747778894, 0, 17, 911, 910, 28, 8.70%, 0, 0, 2, 4.73
1747778899, 0, 17, 912, 911, 28, 8.70%, 0, 0, 2, 6.18
1747779003, 0, 17, 913, 912, 28, 8.70%, 0, 0, 2, 4.58
1747779024, 0, 17, 914, 913, 28, 8.70%, 0, 0, 2, 4.25
1747779044, 0, 17, 915, 914, 28, 8.70%, 0, 0, 2, 7.52
1747779076, 0, 17, 916, 915, 28, 8.70%, 0, 0, 2, 5.77
1747779113, 0, 17, 917, 916, 28, 8.70%, 0, 0, 2, 4.71
1747779196, 0, 17, 918, 917, 28, 8.70%, 0, 0, 2, 5.70
1747779201, 0, 17, 919, 918, 28, 8.70%, 0, 0, 2, 4.90
1747779212, 0, 17, 920, 919, 28, 8.70%, 0, 0, 2, 4.75
1747779268, 0, 17, 921, 920, 28, 8.70%, 0, 0, 2, 5.11
1747779309, 0, 17, 922, 921, 28, 8.70%, 0, 0, 2, 6.50
1747779330, 0, 17, 923, 922, 28, 8.75%, 0, 0, 2, 6.34
1747779357, 0, 17, 924, 923, 28, 8.75%, 0, 0, 2, 5.17
1747779362, 0, 17, 925, 924, 28, 8.75%, 0, 0, 2, 3.83
1747779373, 0, 17, 926, 925, 28, 8.75%, 0, 0, 2, 4.82
1747779429, 0, 17, 927, 926, 28, 8.75%, 0, 0, 2, 6.04
1747779450, 0, 17, 928, 927, 28, 8.75%, 0, 0, 2, 5.85
1747779471, 0, 17, 929, 928, 28, 8.75%, 0, 0, 2, 6.95
1747779487, 0, 18, 929, 928, 28, 8.75%, 0, 0, 2, 6.23
1747779507, 0, 19, 929, 928, 28, 8.75%, 0, 0, 2, 6.46
1747779528, 0, 22, 929, 928, 28, 8.75%, 0, 0, 2, 6.32
1747779533, 0, 22, 930, 929, 28, 8.75%, 0, 0, 2, 6.02
1747779574, 0, 23, 930, 929, 28, 8.75%, 0, 0, 2, 6.79
1747779595, 0, 24, 930, 929, 28, 8.75%, 0, 0, 2, 6.31
1747779601, 0, 24, 931, 930, 28, 8.75%, 0, 0, 2, 1.14
1747779611, 0, 24, 932, 931, 28, 8.75%, 0, 0, 2, 2.31
1747779663, 0, 24, 932, 931, 28, 8.75%, 0, 1, 2, 1.79
1747779674, 0, 24, 933, 932, 28, 8.75%, 0, 1, 2, 4.64
1747779685, 0, 24, 934, 933, 28, 8.75%, 0, 1, 2, 4.19
1747779711, 0, 24, 935, 934, 28, 8.75%, 0, 1, 2, 1.13
1747779758, 0, 24, 936, 935, 28, 8.75%, 0, 1, 2, 4.78
1747779769, 0, 24, 937, 936, 28, 8.75%, 0, 1, 2, 4.64
1747779811, 0, 24, 938, 937, 28, 8.75%, 0, 1, 2, 4.01
1747780025, 0, 24, 939, 938, 28, 8.76%, 0, 1, 2, 3.88
1747780151, 0, 24, 940, 939, 28, 8.76%, 0, 1, 2, 5.11
1747780167, 0, 24, 941, 940, 28, 8.76%, 0, 1, 2, 3.75
1747780408, 0, 24, 942, 941, 28, 8.76%, 0, 1, 2, 1.08
1747780476, 0, 24, 943, 942, 28, 8.76%, 0, 1, 2, 4.98
1747780487, 0, 25, 943, 942, 29, 8.76%, 0, 1, 2, 4.08
1747780514, 0, 26, 944, 943, 29, 8.76%, 0, 1, 2, 4.87
1747780571, 0, 27, 944, 943, 29, 8.76%, 0, 1, 2, 5.70
1747780577, 0, 27, 945, 944, 29, 8.77%, 0, 1, 2, 1.05
1747780598, 0, 27, 946, 945, 29, 8.77%, 0, 1, 2, 5.55
1747780609, 0, 27, 947, 946, 29, 8.77%, 0, 1, 2, 5.95
1747780650, 0, 27, 947, 946, 29, 8.77%, 0, 2, 2, 1.00
1747780790, 0, 28, 948, 947, 30, 8.77%, 0, 2, 2, 7.89
1747780842, 0, 30, 948, 947, 30, 8.77%, 0, 2, 2, 6.67
1747780867, 0, 31, 948, 947, 30, 8.77%, 0, 2, 2, 5.86
1747780893, 0, 32, 948, 947, 30, 8.77%, 0, 2, 2, 5.14
1747780915, 0, 33, 948, 947, 30, 8.77%, 0, 2, 2, 4.96
1747780941, 0, 35, 948, 947, 30, 8.77%, 0, 2, 2, 5.82
1747780963, 0, 35, 949, 948, 30, 8.77%, 0, 2, 2, 4.61
1747780993, 0, 38, 949, 948, 30, 8.77%, 0, 2, 2, 6.84
1747781004, 0, 38, 950, 949, 30, 8.77%, 0, 2, 2, 4.29
1747781009, 0, 38, 951, 950, 30, 8.77%, 0, 2, 2, 4.16
1747781051, 0, 38, 952, 951, 30, 8.77%, 0, 2, 2, 5.81
1747781099, 0, 38, 953, 952, 30, 8.77%, 0, 2, 2, 1.18
1747781114, 0, 38, 954, 953, 30, 8.77%, 0, 2, 2, 2.51
1747781141, 0, 38, 955, 954, 30, 8.77%, 0, 2, 2, 4.24
1747781146, 0, 38, 956, 955, 30, 8.78%, 0, 2, 2, 4.76
1747781567, 0, 38, 957, 956, 30, 8.78%, 0, 2, 2, 5.35
1747781729, 0, 38, 958, 957, 30, 8.78%, 0, 2, 2, 4.79
1747781839, 0, 39, 958, 957, 30, 8.78%, 0, 2, 2, 5.70
1747781865, 0, 40, 958, 957, 30, 8.78%, 0, 2, 2, 4.87
1747781891, 0, 41, 958, 957, 30, 8.78%, 0, 2, 2, 6.22
1747781912, 0, 43, 958, 957, 30, 8.78%, 0, 2, 2, 6.13
1747781939, 0, 44, 958, 957, 30, 8.78%, 0, 2, 2, 5.24
1747781959, 0, 48, 958, 957, 30, 8.78%, 0, 2, 2, 5.72
1747781965, 0, 48, 959, 958, 30, 8.78%, 0, 2, 2, 4.65
1747782011, 0, 49, 959, 958, 30, 8.78%, 0, 2, 2, 4.22
1747782037, 0, 50, 959, 958, 30, 8.78%, 0, 2, 2, 5.83
1747782064, 0, 51, 959, 958, 30, 8.78%, 0, 2, 2, 5.47
1747782084, 0, 52, 959, 958, 30, 8.78%, 0, 2, 2, 6.57
1747782110, 0, 53, 959, 958, 30, 8.78%, 0, 2, 2, 5.32
1747782136, 0, 55, 959, 958, 30, 8.78%, 0, 2, 2, 5.40
1747782163, 0, 56, 959, 958, 30, 8.78%, 0, 2, 2, 4.56
1747782168, 0, 56, 960, 959, 30, 8.78%, 0, 2, 2, 4.28
1747782173, 0, 56, 961, 960, 30, 8.78%, 0, 2, 2, 3.64
1747782271, 0, 57, 961, 960, 31, 8.78%, 0, 2, 2, 6.01
1747782292, 0, 57, 962, 961, 31, 8.78%, 0, 2, 2, 4.01
1747782328, 0, 58, 962, 961, 31, 8.78%, 0, 2, 2, 5.41
1747782354, 0, 59, 962, 961, 31, 8.78%, 0, 2, 2, 5.56
1747782385, 0, 60, 962, 961, 31, 8.78%, 0, 2, 2, 6.63
1747782406, 0, 62, 962, 961, 31, 8.78%, 0, 2, 2, 5.11
1747782431, 0, 63, 962, 961, 31, 8.78%, 0, 2, 2, 5.88
1747782457, 0, 64, 962, 961, 31, 8.78%, 0, 2, 2, 5.24
1747782478, 0, 66, 962, 961, 31, 8.78%, 0, 2, 2, 6.54
1747782504, 0, 68, 962, 961, 31, 8.78%, 0, 2, 2, 5.39
1747782530, 0, 69, 962, 961, 31, 8.78%, 0, 2, 2, 4.96
1747782556, 0, 73, 962, 961, 31, 8.78%, 0, 2, 2, 6.30
1747782582, 0, 74, 962, 961, 31, 8.78%, 0, 2, 2, 6.26
1747782593, 0, 74, 963, 962, 31, 8.78%, 0, 2, 2, 1.02
1747782635, 0, 75, 963, 962, 31, 8.78%, 0, 2, 2, 5.64
1747782661, 0, 76, 963, 962, 31, 8.78%, 0, 2, 2, 5.47
1747782689, 0, 77, 963, 962, 31, 8.78%, 0, 2, 2, 4.79
1747782714, 0, 78, 963, 962, 31, 8.78%, 0, 2, 2, 5.94
1747782735, 0, 79, 963, 962, 31, 8.78%, 0, 2, 2, 5.56
1747782761, 0, 80, 963, 962, 31, 8.78%, 0, 2, 2, 5.55
1747782782, 0, 81, 963, 962, 31, 8.78%, 0, 2, 2, 5.79
1747782787, 0, 81, 964, 963, 31, 8.78%, 0, 2, 2, 5.69
1747782833, 0, 82, 964, 963, 31, 8.78%, 0, 2, 2, 6.22
1747782849, 0, 82, 965, 964, 31, 8.78%, 0, 2, 2, 4.85
1747782880, 0, 83, 965, 964, 31, 8.78%, 0, 2, 2, 5.94
1747782907, 0, 84, 965, 964, 31, 8.78%, 0, 2, 2, 5.76
1747782927, 0, 85, 965, 964, 31, 8.78%, 0, 2, 2, 5.55
1747782958, 0, 86, 965, 964, 31, 8.78%, 0, 2, 2, 6.41
1747782979, 0, 88, 965, 964, 31, 8.78%, 0, 2, 2, 6.08
1747783004, 0, 89, 965, 964, 31, 8.78%, 0, 2, 2, 6.35
1747783025, 0, 91, 965, 964, 31, 8.78%, 0, 2, 2, 6.06
1747783057, 0, 92, 965, 964, 31, 8.78%, 0, 2, 2, 4.39
1747783084, 0, 93, 965, 964, 31, 8.78%, 0, 2, 2, 5.41
1747783109, 0, 94, 965, 964, 31, 8.78%, 0, 2, 2, 6.04
1747783135, 0, 95, 965, 964, 31, 8.78%, 0, 2, 2, 5.31
1747783140, 0, 95, 966, 965, 31, 8.78%, 0, 2, 2, 4.94
1747783187, 0, 96, 966, 965, 31, 8.78%, 0, 2, 2, 6.11
1747783213, 0, 97, 966, 965, 31, 8.78%, 0, 2, 2, 5.80
1747783239, 0, 99, 966, 965, 31, 8.78%, 0, 2, 2, 5.50
1747783265, 0, 100, 966, 965, 31, 8.78%, 0, 2, 2, 5.14
1747783291, 0, 102, 966, 965, 31, 8.78%, 0, 2, 2, 6.56
1747783311, 0, 103, 966, 965, 31, 8.78%, 0, 2, 2, 5.09
1747783337, 0, 104, 966, 965, 31, 8.78%, 0, 2, 2, 1.02
1747783363, 0, 105, 967, 966, 31, 8.78%, 0, 2, 2, 5.18
1747783415, 0, 106, 967, 966, 31, 8.78%, 0, 2, 2, 5.87
1747783442, 0, 107, 967, 966, 31, 8.78%, 0, 2, 2, 4.87
1747783453, 0, 107, 968, 967, 31, 8.78%, 0, 2, 2, 5.04
1747783494, 0, 110, 968, 967, 31, 8.78%, 0, 2, 2, 5.48
1747783520, 0, 111, 968, 967, 31, 8.78%, 0, 2, 2, 6.02
1747783541, 0, 112, 968, 967, 31, 8.78%, 0, 2, 2, 6.17
1747783567, 0, 114, 968, 967, 31, 8.78%, 0, 2, 2, 5.67
1747783588, 0, 114, 969, 968, 31, 8.78%, 0, 2, 2, 5.85
1747783614, 0, 114, 970, 969, 31, 8.78%, 0, 2, 2, 4.76
1747783671, 0, 115, 970, 969, 31, 8.78%, 0, 2, 2, 5.85
1747783692, 0, 115, 971, 970, 31, 8.80%, 0, 2, 2, 3.79
1747783728, 0, 116, 971, 970, 32, 8.80%, 0, 2, 2, 6.08
1747783754, 0, 117, 971, 970, 32, 8.80%, 0, 2, 2, 6.22
1747783775, 0, 118, 971, 970, 32, 8.80%, 0, 2, 2, 4.57
1747783801, 0, 119, 971, 970, 32, 8.80%, 0, 2, 2, 5.64
1747783828, 0, 120, 971, 970, 32, 8.80%, 0, 2, 2, 5.06
1747783843, 0, 120, 972, 971, 32, 8.80%, 0, 2, 2, 3.98
1747783859, 0, 120, 973, 972, 32, 8.80%, 0, 2, 2, 5.88
1747783936, 0, 121, 973, 972, 32, 8.80%, 0, 2, 2, 6.82
1747783963, 0, 122, 973, 972, 32, 8.80%, 0, 2, 2, 6.65
1747783983, 0, 123, 973, 972, 32, 8.80%, 0, 2, 2, 5.87
1747784009, 0, 124, 973, 972, 32, 8.80%, 0, 2, 2, 5.68
1747784035, 0, 125, 973, 972, 32, 8.80%, 0, 2, 2, 5.67
1747784061, 0, 126, 973, 972, 32, 8.80%, 0, 2, 2, 6.50
1747784087, 0, 127, 973, 972, 32, 8.80%, 0, 2, 2, 5.83
1747784108, 0, 128, 974, 973, 32, 8.82%, 0, 2, 2, 5.92
1747784113, 0, 128, 975, 974, 32, 8.82%, 0, 2, 2, 5.42
1747784171, 0, 128, 976, 975, 32, 8.82%, 0, 2, 2, 1.05
1747784212, 0, 128, 977, 976, 32, 8.82%, 0, 2, 2, 5.27
1747784363, 0, 128, 978, 977, 32, 8.82%, 0, 2, 2, 4.73
1747784404, 0, 128, 979, 978, 32, 8.82%, 0, 2, 2, 5.52
1747784635, 0, 128, 980, 979, 32, 8.82%, 0, 2, 2, 5.69
1747784821, 0, 128, 981, 980, 32, 8.82%, 0, 2, 2, 4.26
1747784867, 0, 128, 982, 981, 32, 8.82%, 0, 2, 2, 3.91
1747784946, 0, 130, 982, 981, 33, 8.82%, 0, 2, 2, 5.75
1747784966, 0, 131, 983, 982, 33, 8.82%, 0, 2, 2, 5.15
1747784987, 0, 131, 984, 983, 33, 8.82%, 0, 2, 2, 5.20
1747785065, 0, 131, 985, 984, 33, 8.82%, 0, 2, 2, 4.62
1747785133, 0, 131, 986, 985, 33, 8.82%, 0, 2, 2, 5.04
1747785185, 0, 131, 987, 986, 33, 8.82%, 0, 2, 2, 5.60
1747785195, 0, 131, 988, 987, 33, 8.82%, 0, 2, 2, 5.67
1747785252, 0, 131, 989, 988, 33, 8.82%, 0, 2, 2, 5.61
1747785566, 0, 131, 990, 989, 33, 8.84%, 0, 2, 2, 3.81
1747785654, 0, 131, 991, 990, 33, 8.84%, 0, 2, 2, 4.40
1747785716, 0, 131, 992, 991, 33, 8.84%, 0, 2, 2, 4.67
1747785799, 0, 133, 992, 991, 33, 8.84%, 0, 2, 2, 5.44
1747785820, 0, 133, 993, 992, 33, 8.84%, 0, 2, 2, 5.25
1747785850, 0, 134, 994, 993, 33, 8.88%, 0, 2, 2, 4.47
1747785903, 0, 135, 994, 993, 34, 8.88%, 0, 2, 2, 5.87
1747785928, 0, 137, 994, 993, 34, 8.88%, 0, 2, 2, 5.66
1747785949, 0, 138, 994, 993, 34, 8.88%, 0, 2, 2, 6.69
1747785970, 0, 139, 994, 993, 34, 8.88%, 0, 2, 2, 6.41
1747785995, 0, 140, 994, 993, 34, 8.88%, 0, 2, 2, 5.18
1747786022, 0, 141, 994, 993, 34, 8.88%, 0, 2, 2, 6.04
1747786048, 0, 143, 994, 993, 34, 8.88%, 0, 2, 2, 5.37
1747786074, 0, 145, 994, 993, 34, 8.88%, 0, 2, 2, 5.11
1747786095, 0, 145, 994, 993, 34, 8.88%, 0, 3, 2, 4.98
1747786100, 0, 146, 994, 993, 34, 8.88%, 0, 3, 2, 4.86
1747786126, 0, 147, 994, 993, 34, 8.88%, 0, 3, 2, 5.39
1747786152, 0, 149, 994, 993, 34, 8.88%, 0, 3, 2, 5.23
1747786173, 0, 150, 994, 993, 34, 8.88%, 0, 3, 2, 6.36
1747786200, 0, 151, 994, 993, 34, 8.88%, 0, 3, 2, 5.37
1747786225, 0, 152, 994, 993, 34, 8.88%, 0, 3, 2, 5.85
1747786251, 0, 153, 994, 993, 34, 8.88%, 0, 3, 2, 5.19
1747786276, 0, 156, 994, 993, 34, 8.88%, 0, 3, 2, 6.37
1747786297, 0, 157, 994, 993, 34, 8.88%, 0, 3, 2, 5.53
1747786323, 0, 158, 994, 993, 34, 8.88%, 0, 3, 2, 5.31
1747786349, 0, 159, 994, 993, 34, 8.88%, 0, 3, 2, 6.03
1747786370, 0, 160, 994, 993, 34, 8.88%, 0, 3, 2, 6.39
1747786391, 0, 161, 995, 994, 34, 8.88%, 0, 3, 2, 5.27
1747786443, 0, 162, 995, 994, 34, 8.88%, 0, 3, 2, 5.07
1747786469, 0, 164, 995, 994, 34, 8.88%, 0, 3, 2, 5.02
1747786479, 0, 164, 996, 995, 34, 8.92%, 0, 3, 2, 4.27
1747786520, 0, 166, 996, 995, 34, 8.92%, 0, 3, 2, 6.00
1747786546, 0, 167, 996, 995, 34, 8.92%, 0, 3, 2, 5.80
1747786573, 0, 168, 996, 995, 34, 8.92%, 0, 3, 2, 5.94
1747786599, 0, 169, 996, 995, 34, 8.92%, 0, 3, 2, 5.28
1747786619, 0, 170, 996, 995, 34, 8.92%, 0, 3, 2, 6.37
1747786645, 0, 171, 996, 995, 34, 8.92%, 0, 3, 2, 6.17
1747786666, 0, 172, 996, 995, 34, 8.92%, 0, 3, 2, 7.41
1747786686, 0, 173, 996, 995, 34, 8.92%, 0, 3, 2, 5.57
1747786712, 0, 174, 996, 995, 34, 8.92%, 0, 3, 2, 5.11
1747786743, 0, 176, 996, 995, 34, 8.92%, 0, 3, 2, 5.37
1747786764, 0, 178, 996, 995, 34, 8.92%, 0, 3, 2, 4.90
1747786790, 0, 179, 996, 995, 34, 8.92%, 0, 3, 2, 5.77
1747786811, 0, 180, 996, 995, 34, 8.92%, 0, 3, 2, 6.97
1747786837, 0, 181, 996, 995, 34, 8.92%, 0, 3, 2, 5.67
1747786858, 0, 182, 996, 995, 34, 8.92%, 0, 3, 2, 6.75
1747786884, 0, 183, 996, 995, 34, 8.92%, 0, 3, 2, 5.55
1747786910, 0, 184, 996, 995, 34, 8.92%, 0, 3, 2, 5.55
1747786915, 0, 184, 997, 996, 34, 8.92%, 0, 3, 2, 4.45
1747786962, 0, 185, 997, 996, 34, 8.92%, 0, 3, 2, 4.80
1747786982, 0, 186, 997, 996, 34, 8.92%, 0, 3, 2, 5.20
1747787008, 0, 187, 997, 996, 34, 8.92%, 0, 3, 2, 5.20
1747787034, 0, 189, 997, 996, 34, 8.92%, 0, 3, 2, 6.08
1747787055, 0, 190, 997, 996, 34, 8.92%, 0, 3, 2, 6.04
1747787075, 0, 191, 997, 996, 34, 8.92%, 0, 3, 2, 5.93
1747787101, 0, 192, 997, 996, 34, 8.92%, 0, 3, 2, 5.48
1747787127, 0, 193, 997, 996, 34, 8.92%, 0, 3, 2, 5.03
1747787143, 0, 193, 997, 996, 34, 8.92%, 0, 4, 2, 6.36
1747787153, 0, 195, 997, 996, 34, 8.92%, 0, 4, 2, 6.30
1747787174, 0, 196, 997, 996, 34, 8.92%, 0, 4, 2, 4.97
1747787206, 0, 197, 997, 996, 34, 8.92%, 0, 4, 2, 5.35
1747787232, 0, 198, 997, 996, 34, 8.92%, 0, 4, 2, 4.97
1747787258, 0, 199, 997, 996, 34, 8.92%, 0, 4, 2, 5.66
1747787283, 0, 200, 997, 996, 34, 8.92%, 0, 4, 2, 5.98
1747787310, 0, 201, 997, 996, 34, 8.92%, 0, 4, 2, 4.58
1747787315, 0, 201, 998, 997, 34, 8.92%, 0, 4, 2, 5.17
1747787362, 0, 204, 998, 997, 34, 8.92%, 0, 4, 2, 4.72
1747787387, 0, 205, 998, 997, 34, 8.92%, 0, 4, 2, 5.98
1747787408, 0, 206, 998, 997, 34, 8.92%, 0, 4, 2, 5.12
1747787439, 0, 207, 998, 997, 34, 8.92%, 0, 4, 2, 4.52
1747787466, 0, 208, 998, 997, 34, 8.92%, 0, 4, 2, 5.69
1747787486, 0, 209, 998, 997, 34, 8.92%, 0, 4, 2, 6.13
1747787512, 0, 210, 998, 997, 34, 8.92%, 0, 4, 2, 5.23
1747787538, 0, 211, 998, 997, 34, 8.92%, 0, 4, 2, 6.14
1747787559, 0, 212, 998, 997, 34, 8.92%, 0, 4, 2, 5.42
1747787585, 0, 213, 998, 997, 34, 8.92%, 0, 4, 2, 5.01
1747787600, 0, 213, 999, 998, 34, 8.92%, 0, 4, 2, 5.28
1747787621, 0, 213, 1000, 999, 34, 8.92%, 0, 4, 2, 4.73
1747787678, 0, 213, 1001, 1000, 34, 8.92%, 0, 4, 2, 4.17
1747787792, 0, 214, 1001, 1000, 34, 8.92%, 0, 4, 2, 6.09
1747787818, 0, 215, 1001, 1000, 34, 8.92%, 0, 4, 2, 4.91
1747787844, 0, 217, 1001, 1000, 34, 8.92%, 0, 4, 2, 5.71
1747787870, 0, 218, 1001, 1000, 34, 8.92%, 0, 4, 2, 4.99
1747787896, 0, 220, 1001, 1000, 34, 8.92%, 0, 4, 2, 5.47
1747787922, 0, 221, 1001, 1000, 34, 8.92%, 0, 4, 2, 5.71
1747787948, 0, 223, 1001, 1000, 34, 8.92%, 0, 4, 2, 5.30
1747787958, 0, 223, 1002, 1001, 34, 8.99%, 0, 4, 2, 4.42
1747788005, 0, 224, 1002, 1001, 34, 8.99%, 0, 4, 2, 6.38
1747788025, 0, 225, 1002, 1001, 34, 8.99%, 0, 4, 2, 6.08
1747788051, 0, 226, 1002, 1001, 34, 8.99%, 0, 4, 2, 5.28
1747788072, 0, 227, 1002, 1001, 34, 8.99%, 0, 4, 2, 5.90
1747788098, 0, 228, 1002, 1001, 34, 8.99%, 0, 4, 2, 5.92
1747788119, 0, 229, 1002, 1001, 34, 8.99%, 0, 4, 2, 6.10
1747788140, 0, 230, 1002, 1001, 34, 8.99%, 0, 4, 2, 6.21
1747788166, 0, 231, 1002, 1001, 34, 8.99%, 0, 4, 2, 5.99
1747788192, 0, 232, 1002, 1001, 34, 8.99%, 0, 4, 2, 6.12
1747788213, 0, 233, 1002, 1001, 34, 8.99%, 0, 4, 2, 5.67
1747788244, 0, 234, 1002, 1001, 34, 8.99%, 0, 4, 2, 5.35
1747788270, 0, 235, 1002, 1001, 34, 8.99%, 0, 4, 2, 5.59
1747788296, 0, 236, 1002, 1001, 34, 8.99%, 0, 4, 2, 6.12
1747788317, 0, 238, 1002, 1001, 34, 8.99%, 0, 4, 2, 5.26
1747788343, 0, 239, 1002, 1001, 34, 8.99%, 0, 4, 2, 4.90
1747788369, 0, 240, 1002, 1001, 34, 8.99%, 0, 4, 2, 5.84
1747788379, 0, 240, 1003, 1002, 34, 8.99%, 0, 4, 2, 5.02
1747788421, 0, 240, 1004, 1003, 34, 8.99%, 0, 4, 2, 5.30
1747788474, 0, 241, 1004, 1003, 35, 8.99%, 0, 4, 2, 6.89
1747788479, 0, 241, 1005, 1004, 35, 8.99%, 0, 4, 2, 4.79
1747788531, 0, 242, 1005, 1004, 35, 8.99%, 0, 4, 2, 5.39
1747788541, 0, 242, 1006, 1005, 35, 8.99%, 0, 4, 2, 4.49
1747788552, 0, 242, 1007, 1006, 35, 8.99%, 0, 4, 2, 4.50
1747788608, 0, 242, 1008, 1007, 35, 9.07%, 0, 4, 2, 4.50
1747788629, 0, 242, 1009, 1008, 35, 9.07%, 0, 4, 2, 4.95
1747788641, 0, 242, 1010, 1009, 35, 9.07%, 0, 4, 2, 3.01
1747788683, 0, 242, 1011, 1010, 35, 9.07%, 0, 4, 2, 3.77
1747788834, 0, 242, 1012, 1011, 35, 9.07%, 0, 4, 2, 4.84
1747788871, 0, 242, 1013, 1012, 35, 9.07%, 0, 4, 2, 4.69
1747788965, 0, 242, 1014, 1013, 35, 9.07%, 0, 4, 2, 4.07
1747788975, 0, 242, 1015, 1014, 35, 9.07%, 0, 4, 2, 3.57
1747788981, 0, 242, 1016, 1015, 35, 9.07%, 0, 4, 2, 3.42
1747789018, 0, 242, 1017, 1016, 35, 9.14%, 0, 4, 2, 4.94
1747789034, 0, 242, 1018, 1017, 35, 9.14%, 0, 4, 2, 5.12
1747789070, 0, 242, 1019, 1018, 35, 9.14%, 0, 4, 2, 3.91
1747789081, 0, 242, 1020, 1019, 35, 9.14%, 0, 4, 2, 3.00
1747789102, 0, 242, 1021, 1020, 35, 9.14%, 0, 4, 2, 3.71
1747789112, 0, 242, 1022, 1021, 35, 9.14%, 0, 4, 2, 5.58
1747789432, 0, 242, 1023, 1022, 35, 9.14%, 0, 4, 2, 4.71
1747789480, 0, 243, 1023, 1022, 38, 9.14%, 0, 4, 2, 6.39
1747789500, 0, 244, 1023, 1022, 38, 9.14%, 0, 4, 2, 6.06
1747789511, 0, 244, 1024, 1023, 38, 9.14%, 0, 4, 2, 3.95
1747789543, 0, 244, 1025, 1024, 38, 9.14%, 0, 4, 2, 3.84
1747789554, 0, 244, 1026, 1025, 38, 9.14%, 0, 4, 2, 3.47
1747789559, 0, 244, 1027, 1026, 38, 9.14%, 0, 4, 2, 2.93
1747789569, 0, 244, 1028, 1027, 38, 9.14%, 0, 4, 2, 2.06
1747789580, 0, 244, 1029, 1028, 38, 9.14%, 0, 4, 2, 3.58
1747789591, 0, 244, 1030, 1029, 38, 9.14%, 0, 4, 2, 2.95
1747789634, 0, 244, 1031, 1030, 38, 9.14%, 0, 4, 2, 4.24
1747789644, 0, 244, 1032, 1031, 38, 9.14%, 0, 4, 2, 2.89
1747789665, 0, 244, 1033, 1032, 38, 9.14%, 0, 4, 2, 4.36
1747789686, 0, 244, 1034, 1033, 38, 9.14%, 0, 4, 2, 3.15
1747789692, 0, 244, 1035, 1034, 38, 9.14%, 0, 4, 2, 2.98
1747789718, 0, 244, 1036, 1035, 38, 9.14%, 0, 4, 2, 3.16
1747789723, 0, 244, 1037, 1036, 38, 9.14%, 0, 4, 2, 3.42
1747789755, 0, 244, 1038, 1037, 38, 9.14%, 0, 4, 2, 4.19
1747789771, 0, 244, 1038, 1037, 38, 9.14%, 1, 4, 2, 4.28
1747789782, 0, 244, 1039, 1038, 38, 9.14%, 1, 4, 2, 4.68
1747789787, 0, 244, 1039, 1038, 38, 9.14%, 1, 5, 2, 4.28
1747789855, 0, 244, 1040, 1039, 38, 9.14%, 1, 5, 2, 4.45
1747789871, 0, 244, 1041, 1040, 38, 9.14%, 1, 5, 2, 4.98
1747789898, 0, 244, 1042, 1041, 38, 9.14%, 1, 5, 2, 1.10
1747789914, 0, 244, 1043, 1042, 38, 9.15%, 1, 5, 2, 2.61
1747789924, 0, 244, 1044, 1043, 38, 9.15%, 1, 5, 2, 4.61
1747789940, 0, 244, 1045, 1044, 38, 9.15%, 1, 5, 2, 6.61
1747789982, 0, 244, 1046, 1045, 38, 9.15%, 1, 5, 2, 3.67
1747789987, 0, 244, 1046, 1045, 38, 9.15%, 1, 6, 2, 4.39
1747789998, 0, 244, 1047, 1046, 38, 9.15%, 1, 6, 2, 3.89
1747790019, 0, 244, 1048, 1047, 38, 9.15%, 1, 6, 2, 3.38
1747790035, 0, 244, 1049, 1048, 38, 9.15%, 1, 6, 2, 4.25
1747790045, 0, 244, 1050, 1049, 38, 9.15%, 1, 6, 2, 3.19
1747790098, 0, 244, 1051, 1050, 38, 9.15%, 1, 6, 2, 4.14
1747790108, 0, 244, 1052, 1051, 38, 9.15%, 1, 6, 2, 4.46
1747790140, 0, 244, 1053, 1052, 38, 9.15%, 1, 6, 2, 5.40
1747790166, 0, 244, 1054, 1053, 38, 9.15%, 1, 6, 2, 3.95
1747790187, 0, 244, 1055, 1054, 38, 9.15%, 1, 6, 2, 4.51
1747790203, 0, 244, 1055, 1054, 38, 9.15%, 1, 7, 2, 4.14
1747790245, 0, 244, 1056, 1055, 38, 9.15%, 1, 7, 2, 5.22
1747790261, 0, 244, 1057, 1056, 38, 9.15%, 1, 7, 2, 3.70
1747790266, 0, 244, 1057, 1056, 38, 9.15%, 2, 7, 2, 3.96
1747790350, 0, 244, 1058, 1057, 38, 9.15%, 2, 7, 2, 4.70
1747790481, 0, 244, 1059, 1058, 38, 9.15%, 2, 7, 2, 3.92
1747790524, 0, 244, 1060, 1059, 38, 9.15%, 3, 7, 2, 4.31
1747790612, 0, 244, 1060, 1059, 38, 9.15%, 3, 8, 2, 4.88
1747790643, 0, 244, 1061, 1060, 38, 9.15%, 3, 8, 2, 3.91
1747790692, 0, 244, 1062, 1061, 38, 9.15%, 3, 8, 2, 3.69
1747790708, 0, 245, 1062, 1061, 38, 9.15%, 3, 8, 2, 4.82
1747790739, 0, 246, 1062, 1061, 38, 9.15%, 3, 8, 2, 4.66
1747790766, 0, 247, 1062, 1061, 38, 9.15%, 3, 8, 2, 5.87
1747790787, 0, 248, 1062, 1061, 38, 9.15%, 3, 8, 2, 5.30
1747790818, 0, 249, 1062, 1061, 38, 9.15%, 3, 8, 2, 5.04
1747790843, 0, 250, 1062, 1061, 38, 9.15%, 3, 8, 2, 6.10
1747790859, 0, 250, 1062, 1061, 38, 9.15%, 3, 9, 2, 1.25
1747790864, 0, 250, 1062, 1061, 38, 9.15%, 3, 10, 2, 3.24
1747790875, 0, 251, 1062, 1061, 38, 9.15%, 3, 10, 2, 4.85
1747790895, 0, 251, 1063, 1062, 38, 9.15%, 3, 10, 2, 4.52
1747790927, 0, 251, 1064, 1063, 38, 9.15%, 3, 10, 2, 4.83
1747790943, 0, 251, 1065, 1064, 38, 9.15%, 3, 10, 2, 3.61
1747790970, 0, 251, 1066, 1065, 38, 9.15%, 3, 10, 2, 4.78
1747791154, 0, 251, 1067, 1066, 38, 9.15%, 3, 10, 2, 4.31
1747791228, 0, 251, 1068, 1067, 38, 9.15%, 3, 10, 2, 4.65
1747791265, 0, 251, 1069, 1068, 38, 9.15%, 3, 10, 2, 3.97
1747791317, 0, 251, 1070, 1069, 38, 9.15%, 3, 10, 2, 4.10
1747791348, 0, 251, 1071, 1070, 38, 9.15%, 3, 10, 2, 3.51
1747791478, 0, 251, 1072, 1071, 38, 9.15%, 3, 10, 2, 4.05
1747791736, 0, 251, 1072, 1071, 38, 9.15%, 4, 10, 2, 4.82
1747791752, 0, 251, 1073, 1072, 38, 9.15%, 4, 10, 2, 1.28
1747791900, 0, 252, 1073, 1072, 38, 9.15%, 4, 11, 2, 4.79
1747791925, 0, 253, 1073, 1072, 38, 9.15%, 4, 11, 2, 5.94
1747791942, 0, 253, 1074, 1073, 38, 9.15%, 4, 11, 2, 5.35
1747791985, 0, 253, 1075, 1074, 38, 9.15%, 4, 11, 2, 4.62
1747791991, 0, 253, 1076, 1075, 38, 9.15%, 4, 11, 2, 4.21
1747792033, 0, 253, 1077, 1076, 38, 9.15%, 4, 11, 2, 4.64
1747792075, 0, 253, 1077, 1076, 38, 9.15%, 4, 12, 2, 3.89
1747792106, 0, 253, 1078, 1077, 38, 9.15%, 4, 12, 2, 4.73
1747792154, 0, 253, 1079, 1078, 38, 9.15%, 4, 12, 2, 3.18
1747792221, 0, 253, 1079, 1078, 38, 9.15%, 4, 13, 2, 4.24
1747792253, 0, 253, 1080, 1079, 38, 9.15%, 4, 13, 2, 3.69
1747792264, 0, 253, 1081, 1080, 38, 9.15%, 4, 13, 2, 3.06
1747792369, 0, 253, 1081, 1080, 38, 9.15%, 4, 14, 2, 3.88
1747792426, 0, 253, 1082, 1081, 38, 9.15%, 4, 14, 2, 4.34
1747792452, 0, 253, 1083, 1082, 38, 9.15%, 4, 14, 2, 3.72
1747792498, 0, 253, 1084, 1083, 38, 9.15%, 4, 14, 2, 4.32
1747792791, 0, 253, 1084, 1083, 38, 9.15%, 4, 15, 2, 1.24
1747792812, 0, 253, 1084, 1083, 38, 9.15%, 5, 15, 2, 3.66
1747792859, 0, 253, 1085, 1084, 38, 9.15%, 5, 15, 2, 4.03
1747792885, 0, 253, 1085, 1084, 38, 9.15%, 5, 16, 2, 4.76
1747792973, 0, 256, 1085, 1084, 38, 9.15%, 5, 16, 2, 7.19
1747792979, 0, 256, 1085, 1084, 38, 9.15%, 5, 17, 2, 5.73
1747793005, 0, 257, 1085, 1084, 38, 9.15%, 5, 17, 2, 5.27
1747793025, 0, 258, 1085, 1084, 38, 9.15%, 5, 17, 2, 5.45
1747793057, 0, 260, 1085, 1084, 38, 9.15%, 5, 17, 2, 4.53
1747793083, 0, 261, 1085, 1084, 38, 9.15%, 5, 17, 2, 5.49
1747793109, 0, 262, 1085, 1084, 38, 9.15%, 5, 17, 2, 5.34
1747793136, 0, 263, 1085, 1084, 38, 9.15%, 5, 17, 2, 11.58
1747793213, 0, 264, 1085, 1083, 37, 9.15%, 5, 17, 2, 3.18
1747793239, 0, 266, 1085, 1083, 37, 9.15%, 5, 17, 2, 6.58
1747793265, 0, 267, 1085, 1083, 37, 9.15%, 5, 17, 2, 5.29
1747793296, 0, 268, 1085, 1083, 37, 9.15%, 5, 17, 2, 5.40
1747793317, 0, 268, 1085, 1083, 37, 9.15%, 5, 18, 2, 5.00
1747793327, 0, 269, 1085, 1083, 37, 9.15%, 5, 18, 2, 4.46
1747793338, 0, 269, 1085, 1083, 37, 9.15%, 5, 19, 2, 4.67
1747793348, 0, 269, 1085, 1083, 37, 9.15%, 5, 20, 2, 2.43
1747793359, 0, 269, 1086, 1084, 37, 9.15%, 5, 20, 3, 2.47
1747793375, 0, 269, 1086, 1084, 37, 9.15%, 5, 21, 3, 4.31
1747793391, 0, 269, 1086, 1084, 37, 9.15%, 5, 22, 3, 1.00
1747793401, 0, 270, 1086, 1084, 37, 9.15%, 5, 22, 3, 5.25
1747793432, 0, 271, 1086, 1084, 37, 9.15%, 5, 22, 3, 4.82
1747793458, 0, 272, 1086, 1084, 37, 9.15%, 5, 22, 3, 5.94
1747793490, 0, 274, 1086, 1084, 37, 9.15%, 5, 22, 3, 6.11
1747793500, 0, 274, 1087, 1085, 37, 9.15%, 5, 22, 3, 5.57
1747793547, 0, 275, 1087, 1085, 37, 9.15%, 5, 22, 3, 4.75
1747793565, 0, 275, 1087, 1085, 37, 9.15%, 5, 23, 3, 4.16
1747793580, 0, 276, 1087, 1085, 37, 9.15%, 5, 23, 3, 5.82
1747793607, 0, 277, 1087, 1085, 37, 9.15%, 5, 23, 3, 4.91
1747793639, 0, 278, 1087, 1085, 37, 9.15%, 5, 23, 3, 5.02
1747793670, 0, 279, 1087, 1085, 37, 9.15%, 5, 23, 3, 4.86
1747793692, 0, 279, 1088, 1086, 37, 9.15%, 5, 23, 3, 4.84
1747793733, 0, 280, 1088, 1086, 37, 9.15%, 5, 23, 3, 4.03
1747793764, 0, 283, 1088, 1086, 37, 9.15%, 5, 23, 3, 5.26
1747793790, 0, 284, 1088, 1086, 37, 9.15%, 5, 23, 3, 4.92
1747793822, 0, 287, 1088, 1086, 37, 9.15%, 5, 23, 3, 4.19
1747793838, 0, 287, 1088, 1086, 37, 9.15%, 5, 24, 3, 4.69
1747793859, 0, 288, 1088, 1086, 37, 9.15%, 5, 24, 3, 4.17
1747793885, 0, 289, 1088, 1086, 37, 9.15%, 5, 24, 3, 5.12
1747793911, 0, 290, 1088, 1086, 37, 9.15%, 5, 24, 3, 4.02
1747793942, 0, 291, 1088, 1086, 37, 9.15%, 5, 24, 3, 5.81
1747793968, 0, 292, 1088, 1086, 37, 9.15%, 5, 24, 3, 5.11
1747793994, 0, 293, 1088, 1086, 37, 9.15%, 5, 24, 3, 5.68
1747794026, 0, 294, 1088, 1086, 37, 9.15%, 5, 25, 3, 4.00
1747794036, 0, 294, 1088, 1086, 37, 9.15%, 5, 26, 3, 4.77
1747794062, 0, 296, 1088, 1086, 37, 9.15%, 5, 26, 3, 4.46
1747794093, 0, 298, 1088, 1086, 37, 9.15%, 5, 26, 3, 5.52
1747794114, 0, 300, 1088, 1086, 37, 9.15%, 5, 26, 3, 4.99
1747794140, 0, 301, 1088, 1086, 37, 9.15%, 5, 26, 3, 5.41
1747794171, 0, 302, 1088, 1086, 37, 9.15%, 5, 26, 3, 5.27
1747794197, 0, 303, 1088, 1086, 37, 9.15%, 5, 26, 3, 5.28
1747794228, 0, 304, 1088, 1086, 37, 9.15%, 5, 26, 3, 4.82
1747794254, 0, 305, 1088, 1086, 37, 9.15%, 5, 26, 3, 4.62
1747794286, 0, 307, 1088, 1086, 37, 9.15%, 5, 26, 3, 5.00
1747794318, 0, 309, 1088, 1086, 37, 9.15%, 5, 26, 3, 5.07
1747794344, 0, 309, 1089, 1087, 37, 9.15%, 5, 26, 3, 4.46
1747794370, 0, 310, 1089, 1087, 37, 9.15%, 5, 26, 3, 4.93
1747794406, 0, 313, 1089, 1087, 37, 9.15%, 5, 26, 3, 4.88
1747794432, 0, 314, 1089, 1087, 37, 9.15%, 5, 26, 3, 4.64
1747794463, 0, 315, 1089, 1087, 37, 9.15%, 5, 26, 3, 5.12
1747794469, 0, 315, 1090, 1088, 37, 9.15%, 5, 26, 3, 4.83
1747794522, 0, 317, 1091, 1089, 37, 9.15%, 5, 26, 3, 1.04
1747794554, 0, 317, 1091, 1089, 37, 9.15%, 5, 27, 3, 4.67
1747794565, 0, 317, 1091, 1089, 37, 9.15%, 5, 28, 3, 4.58
1747794586, 0, 318, 1091, 1089, 37, 9.15%, 5, 28, 3, 5.56
1747794618, 0, 320, 1091, 1089, 37, 9.15%, 5, 28, 3, 4.49
1747794649, 0, 321, 1091, 1089, 37, 9.15%, 5, 28, 3, 5.22
1747794675, 0, 321, 1092, 1090, 37, 9.15%, 5, 28, 3, 4.06
1747794717, 0, 322, 1092, 1090, 37, 9.15%, 5, 28, 3, 5.35
1747794743, 0, 323, 1092, 1090, 37, 9.15%, 5, 28, 3, 5.15
1747794774, 0, 323, 1093, 1091, 37, 9.15%, 5, 28, 3, 3.26
1747794815, 0, 325, 1093, 1091, 37, 9.15%, 5, 28, 3, 5.51
1747794841, 0, 327, 1093, 1091, 37, 9.15%, 5, 28, 3, 4.95
1747794867, 0, 328, 1093, 1091, 37, 9.15%, 5, 28, 3, 5.40
1747794898, 0, 330, 1093, 1091, 37, 9.15%, 5, 28, 3, 4.30
1747794930, 0, 331, 1093, 1091, 37, 9.15%, 5, 28, 3, 4.84
1747794960, 0, 333, 1093, 1091, 37, 9.15%, 5, 28, 3, 4.22
1747794992, 0, 334, 1093, 1091, 37, 9.15%, 5, 28, 3, 4.96
1747794997, 0, 334, 1094, 1092, 37, 9.15%, 5, 28, 3, 4.82
1747795055, 0, 335, 1094, 1092, 37, 9.15%, 5, 28, 3, 5.25
1747795082, 0, 336, 1094, 1092, 37, 9.15%, 5, 28, 3, 4.69
1747795114, 0, 337, 1094, 1092, 37, 9.15%, 5, 28, 3, 4.87
1747795146, 0, 338, 1094, 1092, 37, 9.15%, 5, 28, 3, 4.61
1747795177, 0, 339, 1094, 1092, 37, 9.15%, 5, 28, 3, 4.82
1747795209, 0, 340, 1094, 1092, 37, 9.15%, 5, 28, 3, 5.37
1747795235, 0, 341, 1094, 1092, 37, 9.15%, 5, 28, 3, 4.90
1747795266, 0, 342, 1094, 1092, 37, 9.15%, 5, 28, 3, 5.24
1747795298, 0, 343, 1094, 1092, 37, 9.15%, 5, 28, 3, 5.23
1747795324, 0, 345, 1094, 1092, 37, 9.15%, 5, 28, 3, 5.63
1747795350, 0, 346, 1094, 1092, 37, 9.15%, 5, 28, 3, 5.18
1747795376, 0, 347, 1094, 1092, 37, 9.15%, 5, 28, 3, 6.15
1747795407, 0, 348, 1094, 1092, 37, 9.15%, 5, 28, 3, 5.05
1747795433, 0, 349, 1094, 1092, 37, 9.15%, 5, 28, 3, 5.31
1747795460, 0, 349, 1095, 1093, 37, 9.15%, 5, 28, 3, 3.92
1747795496, 0, 350, 1095, 1093, 37, 9.15%, 5, 28, 3, 7.09
1747795517, 0, 352, 1095, 1093, 37, 9.15%, 5, 28, 3, 5.82
1747795522, 0, 352, 1095, 1093, 37, 9.15%, 6, 28, 3, 1.07
1747795543, 0, 352, 1095, 1093, 37, 9.15%, 6, 29, 3, 3.00
1747795554, 0, 353, 1095, 1093, 37, 9.15%, 6, 29, 3, 3.73
1747795580, 0, 354, 1095, 1093, 37, 9.15%, 6, 29, 3, 5.30
1747795606, 0, 356, 1095, 1093, 37, 9.15%, 6, 29, 3, 5.75
1747795633, 0, 356, 1096, 1094, 37, 9.15%, 6, 29, 3, 5.93
1747795663, 0, 357, 1096, 1094, 37, 9.15%, 6, 29, 3, 4.48
1747795695, 0, 358, 1096, 1094, 37, 9.15%, 6, 29, 3, 4.02
1747795722, 0, 358, 1097, 1095, 37, 9.15%, 6, 29, 3, 4.70
1747795759, 0, 359, 1097, 1095, 37, 9.15%, 6, 29, 3, 4.87
1747795791, 0, 361, 1097, 1095, 37, 9.15%, 6, 29, 3, 5.19
1747795823, 0, 362, 1097, 1095, 37, 9.15%, 6, 29, 3, 4.31
1747795848, 0, 363, 1097, 1095, 37, 9.15%, 6, 29, 3, 4.96
1747795880, 0, 364, 1097, 1095, 37, 9.15%, 6, 29, 3, 5.04
1747795911, 0, 366, 1097, 1095, 37, 9.15%, 6, 29, 3, 5.65
1747795937, 0, 367, 1097, 1095, 37, 9.15%, 6, 29, 3, 5.44
1747795969, 0, 368, 1097, 1095, 37, 9.15%, 6, 29, 3, 5.27
1747796000, 0, 369, 1097, 1095, 37, 9.15%, 6, 29, 3, 5.38
1747796026, 0, 370, 1097, 1095, 37, 9.15%, 6, 29, 3, 5.11
1747796052, 0, 371, 1097, 1095, 37, 9.15%, 6, 29, 3, 6.45
1747796078, 0, 372, 1097, 1095, 37, 9.15%, 6, 29, 3, 5.78
1747796115, 0, 374, 1097, 1095, 37, 9.15%, 6, 29, 3, 4.00
1747796146, 0, 375, 1097, 1095, 37, 9.15%, 6, 29, 3, 5.33
1747796171, 0, 376, 1097, 1095, 37, 9.15%, 6, 29, 3, 4.96
1747796197, 0, 377, 1097, 1095, 37, 9.15%, 6, 29, 3, 4.65
1747796213, 0, 377, 1097, 1095, 37, 9.15%, 6, 30, 3, 4.31
1747796229, 0, 380, 1097, 1095, 37, 9.15%, 6, 30, 3, 5.96
1747796260, 0, 381, 1097, 1095, 37, 9.15%, 6, 30, 3, 5.69
1747796281, 0, 382, 1097, 1095, 37, 9.15%, 6, 30, 3, 5.91
1747796312, 0, 383, 1097, 1095, 37, 9.15%, 6, 30, 3, 5.89
1747796338, 0, 384, 1097, 1095, 37, 9.15%, 6, 30, 3, 5.16
1747796370, 0, 385, 1097, 1095, 37, 9.15%, 6, 30, 3, 4.48
1747796396, 0, 386, 1097, 1095, 37, 9.15%, 6, 30, 3, 5.52
1747796427, 0, 387, 1097, 1095, 37, 9.15%, 6, 30, 3, 4.53
1747796433, 0, 387, 1097, 1095, 37, 9.15%, 6, 31, 3, 4.20
1747796443, 0, 387, 1097, 1095, 37, 9.15%, 7, 31, 3, 4.38
1747796459, 0, 388, 1097, 1095, 37, 9.15%, 7, 31, 3, 5.28
1747796465, 0, 388, 1098, 1096, 37, 9.15%, 7, 31, 3, 2.49
1747796534, 0, 389, 1098, 1096, 37, 9.15%, 7, 31, 3, 5.20
1747796560, 0, 390, 1099, 1097, 37, 9.15%, 7, 31, 3, 5.01
1747796623, 0, 390, 1099, 1097, 37, 9.15%, 7, 32, 3, 13.56
1747796633, 0, 391, 1100, 1098, 37, 9.15%, 7, 32, 3, 2.88
1747796685, 0, 392, 1100, 1098, 37, 9.15%, 7, 32, 3, 6.71
1747796711, 0, 394, 1100, 1098, 37, 9.15%, 7, 32, 3, 4.60
1747796726, 0, 394, 1100, 1098, 37, 9.15%, 7, 33, 3, 4.74
1747796741, 0, 396, 1100, 1098, 37, 9.15%, 7, 33, 3, 4.99
1747796773, 0, 397, 1100, 1098, 37, 9.15%, 7, 33, 3, 4.93
1747796804, 0, 400, 1100, 1098, 37, 9.15%, 7, 33, 3, 4.77
1747796831, 0, 401, 1100, 1098, 37, 9.15%, 7, 33, 3, 1.24
1747796862, 0, 402, 1100, 1098, 37, 9.15%, 7, 33, 3, 4.21
1747796883, 0, 402, 1100, 1098, 37, 9.15%, 7, 34, 3, 4.46
1747796898, 0, 404, 1100, 1098, 37, 9.15%, 7, 34, 3, 4.18
1747796935, 0, 406, 1100, 1098, 37, 9.15%, 7, 34, 3, 4.99
1747796955, 0, 407, 1100, 1098, 37, 9.15%, 7, 34, 3, 5.79
1747796987, 0, 408, 1100, 1098, 37, 9.15%, 7, 34, 3, 5.37
1747797023, 0, 410, 1100, 1098, 37, 9.15%, 7, 34, 3, 4.73
1747797054, 0, 411, 1100, 1098, 37, 9.15%, 7, 34, 3, 4.47
1747797091, 0, 412, 1100, 1098, 37, 9.15%, 7, 34, 3, 4.33
1747797117, 0, 412, 1100, 1098, 37, 9.15%, 8, 34, 3, 4.98
1747797122, 0, 413, 1100, 1098, 37, 9.15%, 8, 34, 3, 4.51
1747797148, 0, 414, 1100, 1098, 37, 9.15%, 8, 34, 3, 5.01
1747797180, 0, 415, 1100, 1098, 37, 9.15%, 8, 34, 3, 4.98
1747797211, 0, 416, 1100, 1098, 37, 9.15%, 8, 34, 3, 5.49
1747797237, 0, 417, 1100, 1098, 37, 9.15%, 8, 34, 3, 5.18
1747797269, 0, 418, 1100, 1098, 37, 9.15%, 8, 34, 3, 4.60
1747797300, 0, 419, 1100, 1098, 37, 9.15%, 8, 34, 3, 4.76
1747797326, 0, 421, 1100, 1098, 37, 9.15%, 8, 34, 3, 5.12
1747797348, 0, 421, 1101, 1099, 37, 9.15%, 8, 34, 3, 4.58
1747797390, 0, 421, 1102, 1100, 37, 9.15%, 8, 34, 3, 4.81
1747797411, 0, 421, 1102, 1100, 37, 9.15%, 8, 35, 3, 4.08
1747797464, 0, 422, 1102, 1100, 37, 9.15%, 8, 35, 3, 4.51
1747797495, 0, 423, 1102, 1100, 37, 9.15%, 8, 35, 3, 4.47
1747797528, 0, 424, 1102, 1100, 37, 9.15%, 8, 35, 3, 5.78
1747797559, 0, 425, 1102, 1100, 37, 9.15%, 8, 35, 3, 5.70
1747797565, 0, 425, 1102, 1100, 37, 9.15%, 8, 36, 3, 1.72
1747797586, 0, 426, 1102, 1100, 37, 9.15%, 8, 36, 3, 5.20
1747797606, 0, 426, 1102, 1100, 37, 9.15%, 8, 37, 3, 5.14
1747797617, 0, 427, 1102, 1100, 37, 9.15%, 8, 37, 3, 4.89
1747797638, 0, 427, 1102, 1100, 37, 9.15%, 8, 38, 3, 4.96
1747797648, 0, 428, 1102, 1100, 37, 9.15%, 8, 38, 3, 4.64
1747797679, 0, 429, 1102, 1100, 37, 9.15%, 8, 38, 3, 4.51
1747797706, 0, 430, 1102, 1100, 37, 9.15%, 8, 38, 3, 7.26
1747797742, 0, 431, 1102, 1100, 37, 9.15%, 8, 38, 3, 5.19
1747797769, 0, 432, 1102, 1100, 37, 9.15%, 8, 38, 3, 1.01
1747797795, 0, 433, 1102, 1100, 37, 9.15%, 8, 38, 3, 5.91
1747797826, 0, 434, 1102, 1100, 37, 9.15%, 8, 38, 3, 4.49
1747797857, 0, 435, 1102, 1100, 37, 9.15%, 8, 38, 3, 4.65
1747797893, 0, 436, 1102, 1100, 37, 9.15%, 8, 38, 3, 4.94
1747797920, 0, 437, 1102, 1100, 37, 9.15%, 8, 38, 3, 4.34
1747797951, 0, 438, 1102, 1100, 37, 9.15%, 8, 38, 3, 5.22
1747797961, 0, 438, 1102, 1100, 37, 9.15%, 8, 39, 3, 4.55
1747797982, 0, 439, 1102, 1100, 37, 9.15%, 8, 39, 3, 6.03
1747798008, 0, 440, 1102, 1100, 37, 9.15%, 8, 39, 3, 5.93
1747798045, 0, 441, 1102, 1100, 37, 9.15%, 8, 39, 3, 4.95
1747798055, 0, 441, 1103, 1101, 37, 9.15%, 8, 39, 3, 4.13
1747798087, 0, 441, 1103, 1101, 37, 9.15%, 8, 40, 3, 5.36
1747798114, 0, 442, 1103, 1101, 37, 9.15%, 8, 40, 3, 3.98
1747798145, 0, 443, 1103, 1101, 37, 9.15%, 8, 40, 3, 4.94
1747798177, 0, 444, 1103, 1101, 37, 9.15%, 8, 40, 3, 6.35
1747798203, 0, 446, 1103, 1101, 37, 9.15%, 8, 40, 3, 9.19
1747798236, 0, 447, 1103, 1101, 37, 9.15%, 8, 40, 3, 3.77
1747798246, 0, 447, 1103, 1101, 37, 9.15%, 8, 41, 3, 3.87
1747798252, 0, 447, 1103, 1101, 37, 9.15%, 8, 43, 3, 4.67
1747798257, 0, 447, 1103, 1101, 37, 9.15%, 8, 44, 3, 4.84
1747798262, 0, 447, 1103, 1101, 37, 9.15%, 8, 45, 3, 5.35
1747798267, 0, 448, 1103, 1101, 37, 9.15%, 8, 45, 3, 4.43
1747798299, 0, 449, 1103, 1101, 37, 9.15%, 8, 45, 3, 5.58
1747798330, 0, 450, 1103, 1101, 37, 9.15%, 8, 45, 3, 5.38
1747798345, 0, 450, 1103, 1101, 37, 9.15%, 8, 46, 3, 4.75
1747798356, 0, 451, 1103, 1101, 37, 9.15%, 8, 47, 3, 4.59
1747798376, 0, 451, 1103, 1101, 37, 9.15%, 8, 48, 3, 4.66
1747798392, 0, 452, 1103, 1101, 37, 9.15%, 8, 48, 3, 5.07
1747798418, 0, 454, 1103, 1101, 37, 9.15%, 8, 48, 3, 5.39
1747798449, 0, 456, 1103, 1101, 37, 9.15%, 8, 48, 3, 7.75
1747798484, 0, 457, 1103, 1101, 37, 9.15%, 8, 48, 3, 4.29
1747798515, 0, 458, 1103, 1101, 37, 9.15%, 8, 48, 3, 4.90
1747798520, 0, 458, 1104, 1102, 37, 9.15%, 8, 48, 3, 4.59
1747798559, 0, 458, 1105, 1103, 37, 9.15%, 8, 48, 3, 4.86
1747798601, 0, 458, 1105, 1103, 37, 9.15%, 8, 49, 3, 4.61
1747798648, 0, 460, 1105, 1103, 37, 9.15%, 8, 49, 3, 4.24
1747798685, 0, 461, 1105, 1103, 37, 9.15%, 8, 49, 3, 4.52
1747798717, 0, 462, 1105, 1103, 37, 9.15%, 8, 49, 3, 4.81
1747798738, 0, 462, 1105, 1103, 37, 9.15%, 8, 50, 3, 5.24
1747798743, 0, 463, 1105, 1103, 37, 9.15%, 8, 50, 3, 5.08
1747798759, 0, 463, 1105, 1103, 37, 9.15%, 8, 51, 3, 4.45
1747798775, 0, 464, 1105, 1103, 37, 9.15%, 8, 51, 3, 4.62
1747798801, 0, 464, 1106, 1104, 37, 9.15%, 8, 51, 3, 4.12
1747798843, 0, 465, 1106, 1104, 37, 9.15%, 8, 51, 3, 5.58
1747798874, 0, 466, 1106, 1104, 37, 9.15%, 8, 51, 3, 4.71
1747798906, 0, 467, 1106, 1104, 37, 9.15%, 8, 51, 3, 5.01
1747798932, 0, 468, 1106, 1104, 37, 9.15%, 8, 51, 3, 5.15
1747798958, 0, 468, 1107, 1105, 37, 9.15%, 8, 51, 3, 4.90
1747798995, 0, 469, 1107, 1105, 37, 9.15%, 8, 51, 3, 4.73
1747799021, 0, 470, 1107, 1105, 37, 9.15%, 8, 51, 3, 7.62
1747799036, 0, 471, 1107, 1105, 37, 9.15%, 8, 51, 3, 7.13
1747799057, 0, 472, 1107, 1105, 37, 9.15%, 8, 51, 3, 8.02
1747799068, 0, 473, 1107, 1105, 37, 9.15%, 8, 51, 3, 9.18
1747799095, 0, 475, 1107, 1105, 37, 9.15%, 8, 51, 3, 4.72
1747799127, 0, 476, 1107, 1105, 37, 9.15%, 8, 51, 3, 13.11
1747799133, 0, 476, 1107, 1105, 37, 9.15%, 8, 52, 3, 2.57
1747799148, 0, 476, 1107, 1105, 37, 9.15%, 8, 53, 3, 4.90
1747799159, 0, 478, 1107, 1105, 37, 9.15%, 8, 53, 3, 5.34
1747799190, 0, 479, 1107, 1105, 37, 9.15%, 8, 53, 3, 4.25
1747799226, 0, 480, 1107, 1105, 37, 9.15%, 8, 53, 3, 4.36
1747799257, 0, 481, 1107, 1105, 37, 9.15%, 8, 53, 3, 4.86
1747799283, 0, 482, 1107, 1105, 37, 9.15%, 8, 53, 3, 4.94
1747799315, 0, 485, 1107, 1105, 37, 9.15%, 8, 53, 3, 4.61
1747799346, 0, 486, 1107, 1105, 37, 9.15%, 8, 53, 3, 5.07
1747799373, 0, 487, 1107, 1105, 37, 9.15%, 8, 53, 3, 4.19
1747799404, 0, 488, 1107, 1105, 37, 9.15%, 8, 53, 3, 5.37
1747799420, 0, 488, 1108, 1106, 37, 9.15%, 8, 53, 3, 5.06
1747799463, 0, 490, 1108, 1106, 37, 9.15%, 8, 53, 3, 4.24
1747799495, 0, 492, 1108, 1106, 37, 9.15%, 8, 53, 3, 5.63
1747799521, 0, 493, 1108, 1106, 37, 9.15%, 8, 53, 3, 4.58
1747799547, 0, 495, 1108, 1106, 37, 9.15%, 8, 53, 3, 7.33
1747799579, 0, 496, 1108, 1106, 37, 9.15%, 8, 53, 3, 4.81
1747799610, 0, 498, 1108, 1106, 37, 9.15%, 8, 53, 3, 3.67
1747799637, 0, 499, 1108, 1106, 37, 9.15%, 8, 53, 3, 5.09
1747799668, 0, 503, 1108, 1106, 37, 9.15%, 8, 53, 3, 4.22
1747799694, 0, 504, 1108, 1106, 37, 9.15%, 8, 53, 3, 5.12
1747799704, 0, 504, 1109, 1107, 37, 9.15%, 8, 53, 3, 3.47
1747799721, 0, 504, 1110, 1108, 37, 9.15%, 8, 53, 3, 3.30
1747799832, 0, 506, 1110, 1108, 37, 9.15%, 8, 53, 3, 4.81
1747799858, 0, 507, 1110, 1108, 37, 9.15%, 8, 53, 3, 2.04
1747799890, 0, 508, 1110, 1108, 37, 9.15%, 8, 53, 3, 5.03
1747799921, 0, 509, 1110, 1108, 37, 9.15%, 8, 53, 3, 4.23
1747799953, 0, 510, 1110, 1108, 37, 9.15%, 8, 53, 3, 5.25
1747799985, 0, 511, 1110, 1108, 37, 9.15%, 8, 53, 3, 4.60
1747800006, 0, 511, 1110, 1108, 37, 9.15%, 9, 53, 3, 5.32
1747800017, 0, 513, 1110, 1108, 37, 9.15%, 9, 53, 3, 5.16
1747800043, 0, 514, 1110, 1108, 37, 9.15%, 9, 53, 3, 5.30
1747800074, 0, 515, 1110, 1108, 37, 9.15%, 9, 53, 3, 5.10
1747800101, 0, 516, 1110, 1108, 37, 9.15%, 9, 53, 3, 5.52
1747800127, 0, 517, 1110, 1108, 37, 9.15%, 9, 53, 3, 5.23
1747800138, 0, 517, 1110, 1108, 37, 9.15%, 10, 53, 3, 5.04
1747800149, 0, 517, 1110, 1108, 37, 9.15%, 10, 54, 3, 4.47
1747800159, 0, 518, 1110, 1108, 37, 9.15%, 10, 54, 3, 5.14
1747800180, 0, 518, 1110, 1108, 37, 9.15%, 10, 55, 3, 4.73
1747800191, 0, 520, 1110, 1108, 37, 9.15%, 10, 55, 3, 4.28
1747800217, 0, 521, 1110, 1108, 37, 9.15%, 10, 55, 3, 4.87
1747800244, 0, 522, 1110, 1108, 37, 9.15%, 10, 55, 3, 1.09
1747800275, 0, 523, 1110, 1108, 37, 9.15%, 10, 55, 3, 9.04
1747800286, 0, 523, 1110, 1108, 37, 9.15%, 10, 56, 3, 4.15
1747800291, 0, 523, 1110, 1108, 37, 9.15%, 10, 57, 3, 4.12
1747800307, 0, 524, 1110, 1108, 37, 9.15%, 10, 57, 3, 1.54
1747800339, 0, 525, 1110, 1108, 37, 9.15%, 10, 57, 3, 5.18
1747800370, 0, 526, 1110, 1108, 37, 9.15%, 10, 57, 3, 5.32
1747800397, 0, 527, 1110, 1108, 37, 9.15%, 10, 57, 3, 5.07
1747800429, 0, 528, 1110, 1108, 37, 9.15%, 10, 57, 3, 5.27
1747800460, 0, 529, 1110, 1108, 37, 9.15%, 10, 57, 3, 4.81
1747800490, 0, 530, 1110, 1108, 37, 9.15%, 10, 57, 3, 5.62
1747800521, 0, 531, 1110, 1108, 37, 9.15%, 10, 57, 3, 5.12
1747800547, 0, 532, 1110, 1108, 37, 9.15%, 10, 57, 3, 5.15
1747800573, 0, 534, 1110, 1108, 37, 9.15%, 10, 57, 3, 4.61
1747800605, 0, 535, 1110, 1108, 37, 9.15%, 10, 57, 3, 4.68
1747800610, 0, 535, 1110, 1108, 37, 9.15%, 10, 58, 3, 4.35
1747800636, 0, 536, 1110, 1108, 37, 9.15%, 10, 58, 3, 4.63
1747800641, 0, 536, 1110, 1108, 37, 9.15%, 10, 59, 3, 4.60
1747800672, 0, 537, 1110, 1108, 37, 9.15%, 10, 59, 3, 4.37
1747800699, 0, 538, 1110, 1108, 37, 9.15%, 10, 59, 3, 4.87
1747800736, 0, 539, 1110, 1108, 37, 9.15%, 10, 59, 3, 5.25
1747800741, 0, 539, 1110, 1108, 37, 9.15%, 10, 60, 3, 7.34
1747800762, 0, 539, 1110, 1108, 37, 9.15%, 10, 62, 3, 4.51
1747800767, 0, 541, 1110, 1108, 37, 9.15%, 10, 62, 3, 4.56
1747800799, 0, 542, 1110, 1108, 37, 9.15%, 10, 62, 3, 5.55
1747800826, 0, 543, 1110, 1108, 37, 9.15%, 10, 62, 3, 5.20
1747800859, 0, 544, 1110, 1108, 37, 9.15%, 10, 62, 3, 4.92
1747800890, 0, 545, 1110, 1108, 37, 9.15%, 10, 62, 3, 5.86
1747800921, 0, 546, 1110, 1108, 37, 9.15%, 10, 62, 3, 4.58
1747800947, 0, 547, 1110, 1108, 37, 9.15%, 10, 62, 3, 4.54
1747800983, 0, 548, 1110, 1108, 37, 9.15%, 10, 62, 3, 5.23
1747801014, 0, 549, 1110, 1108, 37, 9.15%, 10, 62, 3, 5.10
1747801046, 0, 550, 1110, 1108, 37, 9.15%, 10, 62, 3, 5.28
1747801066, 0, 551, 1110, 1108, 37, 9.15%, 10, 62, 3, 6.90
1747801098, 0, 552, 1110, 1108, 37, 9.15%, 10, 62, 3, 4.78
1747801130, 0, 553, 1110, 1108, 37, 9.15%, 10, 62, 3, 4.93
1747801161, 0, 554, 1110, 1108, 37, 9.15%, 10, 62, 3, 4.88
1747801188, 0, 555, 1110, 1108, 37, 9.15%, 10, 62, 3, 5.13
1747801214, 0, 556, 1110, 1108, 37, 9.15%, 10, 62, 3, 7.83
1747801239, 0, 557, 1110, 1108, 37, 9.15%, 10, 62, 3, 4.98
1747801271, 0, 558, 1110, 1108, 37, 9.15%, 10, 62, 3, 5.13
1747801302, 0, 559, 1110, 1108, 37, 9.15%, 10, 62, 3, 4.33
1747801322, 0, 559, 1111, 1109, 37, 9.15%, 10, 62, 3, 3.44
1747801359, 0, 559, 1112, 1110, 37, 9.15%, 10, 62, 3, 5.81
1747801395, 0, 562, 1112, 1110, 34, 9.15%, 10, 62, 3, 9.02
1747801410, 0, 563, 1112, 1110, 34, 9.15%, 10, 62, 3, 7.25
1747801426, 0, 564, 1112, 1110, 34, 9.15%, 10, 62, 3, 8.86
1747801442, 0, 565, 1112, 1110, 34, 9.15%, 10, 62, 3, 9.41
1747801457, 0, 566, 1112, 1110, 34, 9.15%, 10, 62, 3, 6.76
1747801473, 0, 567, 1112, 1110, 34, 9.15%, 10, 62, 3, 9.15
1747801493, 0, 568, 1112, 1110, 34, 9.15%, 10, 62, 3, 8.87
1747801504, 0, 568, 1113, 1111, 34, 9.15%, 10, 62, 3, 9.25
1747801530, 0, 569, 1113, 1111, 34, 9.15%, 10, 62, 3, 8.18
1747801545, 0, 569, 1114, 1112, 34, 9.15%, 10, 62, 3, 5.41
1747801571, 0, 570, 1114, 1112, 34, 9.15%, 10, 62, 3, 8.94
1747801586, 0, 572, 1114, 1112, 34, 9.15%, 10, 62, 3, 8.60
1747801602, 0, 573, 1114, 1112, 34, 9.15%, 10, 62, 3, 7.58
1747801617, 0, 574, 1114, 1112, 34, 9.15%, 10, 62, 3, 8.44
1747801633, 0, 575, 1114, 1112, 34, 9.15%, 10, 62, 3, 5.39
1747801654, 0, 577, 1114, 1112, 34, 9.15%, 10, 62, 3, 6.85
1747801669, 0, 578, 1114, 1112, 34, 9.15%, 10, 62, 3, 8.55
1747801684, 0, 579, 1114, 1112, 34, 9.15%, 10, 62, 3, 8.02
1747801704, 0, 580, 1114, 1112, 34, 9.15%, 10, 62, 3, 7.89
1747801720, 0, 581, 1114, 1112, 34, 9.15%, 10, 62, 3, 8.12
1747801740, 0, 582, 1114, 1112, 34, 9.15%, 10, 62, 3, 7.32
1747801756, 0, 583, 1114, 1112, 34, 9.15%, 10, 62, 3, 7.62
1747801777, 0, 584, 1114, 1112, 34, 9.15%, 10, 62, 3, 7.10
1747801787, 0, 584, 1115, 1113, 34, 9.15%, 10, 62, 3, 5.66
1747801818, 0, 585, 1115, 1113, 34, 9.15%, 10, 62, 3, 8.90
1747801834, 0, 586, 1115, 1113, 34, 9.15%, 10, 62, 3, 9.03
1747801849, 0, 587, 1115, 1113, 34, 9.15%, 10, 62, 3, 7.59
1747801865, 0, 588, 1115, 1113, 34, 9.15%, 10, 62, 3, 8.61
1747801881, 0, 590, 1115, 1113, 34, 9.15%, 10, 62, 3, 9.34
1747801896, 0, 592, 1115, 1113, 34, 9.15%, 10, 62, 3, 8.35
1747801917, 0, 593, 1115, 1113, 34, 9.15%, 10, 62, 3, 7.74
1747801933, 0, 594, 1115, 1113, 34, 9.15%, 10, 62, 3, 7.09
1747801954, 0, 595, 1115, 1113, 34, 9.15%, 10, 62, 3, 8.08
1747801964, 0, 596, 1115, 1113, 34, 9.15%, 10, 62, 3, 8.67
1747801985, 0, 597, 1115, 1113, 34, 9.15%, 10, 62, 3, 8.17
1747802000, 0, 599, 1115, 1113, 34, 9.15%, 10, 62, 3, 10.35
1747802016, 0, 600, 1115, 1113, 34, 9.15%, 10, 62, 3, 8.16
1747802032, 0, 601, 1115, 1113, 34, 9.15%, 10, 62, 3, 8.75
1747802047, 0, 605, 1115, 1113, 34, 9.15%, 10, 62, 3, 7.39
1747802063, 0, 609, 1115, 1113, 34, 9.15%, 10, 62, 3, 7.08
1747802084, 0, 612, 1115, 1113, 34, 9.15%, 10, 62, 3, 7.22
1747802099, 0, 613, 1115, 1113, 34, 9.15%, 10, 62, 3, 7.31
1747802120, 0, 616, 1115, 1113, 34, 9.15%, 10, 62, 3, 8.92
1747802135, 0, 618, 1115, 1113, 34, 9.15%, 10, 62, 3, 8.74
1747802150, 0, 619, 1115, 1113, 34, 9.15%, 10, 62, 3, 9.56
1747802166, 0, 620, 1115, 1113, 34, 9.15%, 10, 62, 3, 7.26
1747802171, 0, 620, 1116, 1114, 34, 9.15%, 10, 62, 3, 5.99
1747802181, 0, 620, 1117, 1115, 34, 9.15%, 10, 62, 3, 7.22
1747802222, 0, 620, 1117, 1115, 34, 9.15%, 11, 62, 3, 7.28
1747802242, 0, 621, 1117, 1115, 35, 9.15%, 11, 62, 3, 8.81
1747802258, 0, 623, 1117, 1115, 35, 9.15%, 11, 62, 3, 7.83
1747802274, 0, 624, 1117, 1115, 35, 9.15%, 11, 62, 3, 9.40
1747802295, 0, 625, 1117, 1115, 35, 9.15%, 11, 62, 3, 8.20
1747802310, 0, 626, 1117, 1115, 35, 9.15%, 11, 62, 3, 7.23
1747802331, 0, 627, 1117, 1115, 35, 9.15%, 11, 62, 3, 7.48
1747802347, 0, 627, 1118, 1116, 35, 9.15%, 11, 62, 3, 4.55
1747802368, 0, 627, 1119, 1117, 35, 9.15%, 11, 62, 3, 6.49
1747802419, 0, 628, 1119, 1117, 35, 9.15%, 11, 62, 3, 6.98
1747802435, 0, 628, 1119, 1117, 35, 9.15%, 12, 62, 3, 7.45
1747802440, 0, 629, 1119, 1117, 35, 9.15%, 12, 62, 3, 8.52
1747802456, 0, 630, 1119, 1117, 35, 9.15%, 12, 62, 3, 9.31
1747802471, 0, 631, 1119, 1117, 35, 9.15%, 12, 62, 3, 9.08
1747802486, 0, 633, 1119, 1117, 35, 9.15%, 12, 62, 3, 7.18
1747802502, 0, 633, 1120, 1118, 35, 9.15%, 12, 62, 3, 7.49
1747802523, 0, 633, 1120, 1118, 35, 9.15%, 13, 62, 3, 4.14
1747802529, 0, 633, 1120, 1118, 35, 9.15%, 13, 63, 3, 4.89
1747802539, 0, 635, 1120, 1118, 35, 9.15%, 13, 63, 3, 3.26
1747802571, 0, 636, 1120, 1118, 35, 9.15%, 13, 63, 3, 4.85
1747802597, 0, 637, 1120, 1118, 35, 9.15%, 13, 63, 3, 4.83
1747802628, 0, 638, 1120, 1118, 35, 9.15%, 13, 63, 3, 6.25
1747802654, 0, 639, 1120, 1118, 35, 9.15%, 13, 63, 3, 5.49
1747802685, 0, 641, 1120, 1118, 35, 9.15%, 13, 63, 3, 2.36
1747802711, 0, 642, 1120, 1118, 35, 9.15%, 13, 63, 3, 4.98
1747802748, 0, 643, 1120, 1118, 35, 9.15%, 13, 63, 3, 4.94
1747802779, 0, 644, 1120, 1118, 35, 9.15%, 13, 63, 3, 4.98
1747802806, 0, 645, 1120, 1118, 35, 9.15%, 13, 63, 3, 5.39
1747802832, 0, 646, 1120, 1118, 35, 9.15%, 13, 63, 3, 5.11
1747802858, 0, 647, 1120, 1118, 35, 9.15%, 13, 63, 3, 5.02
1747802873, 0, 647, 1120, 1118, 35, 9.15%, 13, 64, 3, 4.30
1747802884, 0, 647, 1120, 1118, 35, 9.15%, 13, 65, 3, 4.34
1747802890, 0, 648, 1120, 1118, 35, 9.15%, 13, 65, 3, 5.36
1747802915, 0, 649, 1120, 1118, 35, 9.15%, 13, 65, 3, 4.74
1747802947, 0, 650, 1120, 1118, 35, 9.15%, 13, 65, 3, 4.43
1747802984, 0, 651, 1120, 1118, 35, 9.15%, 13, 65, 3, 4.58
1747803016, 0, 653, 1120, 1118, 35, 9.15%, 13, 65, 3, 4.66
1747803037, 0, 654, 1120, 1118, 35, 9.15%, 13, 65, 3, 5.75
1747803068, 0, 655, 1120, 1118, 35, 9.15%, 13, 65, 3, 4.58
1747803089, 0, 655, 1121, 1119, 35, 9.15%, 13, 65, 3, 4.71
1747803120, 0, 656, 1121, 1119, 35, 9.15%, 13, 65, 3, 5.70
1747803146, 0, 657, 1121, 1119, 35, 9.15%, 13, 65, 3, 9.59
1747803156, 0, 660, 1121, 1119, 35, 9.15%, 13, 65, 3, 8.76
1747803176, 0, 661, 1121, 1119, 35, 9.15%, 13, 65, 3, 8.60
1747803192, 0, 662, 1121, 1119, 35, 9.15%, 13, 65, 3, 8.97
1747803207, 0, 663, 1121, 1119, 35, 9.15%, 14, 65, 3, 20.87
1747803223, 0, 664, 1121, 1119, 35, 9.15%, 14, 65, 3, 4.05
1747803238, 0, 665, 1121, 1119, 35, 9.15%, 14, 65, 3, 8.44
1747803254, 0, 666, 1121, 1119, 35, 9.15%, 14, 65, 3, 8.03
1747803269, 0, 667, 1121, 1119, 35, 9.15%, 14, 65, 3, 9.20
1747803284, 0, 672, 1121, 1119, 35, 9.15%, 14, 65, 3, 8.38
1747803306, 0, 674, 1121, 1119, 35, 9.15%, 14, 65, 3, 8.37
1747803321, 0, 675, 1121, 1119, 35, 9.15%, 14, 65, 3, 8.52
1747803341, 0, 676, 1121, 1119, 35, 9.15%, 14, 65, 3, 8.64
1747803363, 0, 678, 1121, 1119, 35, 9.15%, 14, 65, 3, 4.50
1747803394, 0, 679, 1121, 1119, 35, 9.15%, 14, 65, 3, 4.30
1747803425, 0, 680, 1121, 1119, 35, 9.15%, 14, 65, 3, 4.53
1747803431, 0, 680, 1121, 1119, 35, 9.15%, 14, 66, 3, 4.91
1747803436, 0, 680, 1122, 1120, 35, 9.15%, 14, 66, 3, 4.24
1747803494, 0, 681, 1122, 1120, 35, 9.15%, 14, 66, 3, 4.17
1747803525, 0, 682, 1122, 1120, 35, 9.15%, 14, 67, 3, 5.10
1747803551, 0, 683, 1122, 1120, 35, 9.15%, 14, 67, 3, 4.78
1747803582, 0, 684, 1122, 1120, 35, 9.15%, 14, 67, 3, 6.82
1747803593, 0, 684, 1123, 1121, 35, 9.15%, 14, 67, 3, 5.87
1747803640, 0, 685, 1123, 1121, 35, 9.15%, 14, 67, 3, 5.72
1747803672, 0, 688, 1123, 1121, 35, 9.15%, 14, 68, 3, 4.39
1747803688, 0, 688, 1123, 1121, 35, 9.15%, 14, 69, 3, 1.21
1747803693, 0, 688, 1123, 1121, 35, 9.15%, 14, 70, 3, 1.49
1747803703, 0, 689, 1123, 1121, 35, 9.15%, 14, 70, 3, 4.51
1747803735, 0, 691, 1123, 1121, 35, 9.15%, 14, 71, 3, 4.17
1747803750, 0, 691, 1123, 1121, 35, 9.15%, 14, 72, 3, 4.92
1747803772, 0, 692, 1123, 1121, 35, 9.15%, 14, 72, 3, 5.29
1747803798, 0, 694, 1123, 1121, 35, 9.15%, 14, 72, 3, 5.59
1747803830, 0, 695, 1123, 1121, 35, 9.15%, 14, 72, 3, 4.45
1747803856, 0, 696, 1123, 1121, 35, 9.15%, 14, 72, 3, 5.59
1747803887, 0, 697, 1123, 1121, 35, 9.15%, 14, 72, 3, 4.20
1747803898, 0, 697, 1123, 1121, 35, 9.15%, 14, 73, 3, 2.51
1747803919, 0, 698, 1123, 1121, 35, 9.15%, 14, 73, 3, 3.40
1747803956, 0, 699, 1123, 1121, 35, 9.15%, 14, 73, 3, 5.25
1747803988, 0, 700, 1123, 1121, 35, 9.15%, 14, 73, 3, 5.19
1747804004, 0, 700, 1123, 1121, 35, 9.15%, 14, 74, 3, 1.17
1747804014, 0, 701, 1123, 1121, 35, 9.15%, 14, 74, 3, 3.21
1747804025, 0, 701, 1124, 1122, 35, 9.15%, 14, 74, 3, 3.50
1747804084, 0, 702, 1124, 1122, 35, 9.15%, 14, 74, 3, 4.52
1747804120, 0, 703, 1124, 1122, 35, 9.15%, 14, 74, 3, 4.41
1747804152, 0, 704, 1124, 1122, 35, 9.15%, 14, 74, 3, 4.71
1747804178, 0, 705, 1124, 1122, 35, 9.15%, 14, 74, 3, 4.27
1747804210, 0, 708, 1124, 1122, 35, 9.15%, 14, 74, 3, 4.73
1747804242, 0, 711, 1124, 1122, 35, 9.15%, 14, 74, 3, 4.36
1747804273, 0, 712, 1124, 1122, 35, 9.15%, 14, 74, 3, 4.83
1747804304, 0, 713, 1128, 1126, 35, 9.15%, 14, 74, 3, 12.56
1747804309, 0, 713, 1130, 1128, 35, 9.15%, 14, 74, 3, 14.06
1747804319, 0, 713, 1134, 1132, 35, 9.15%, 14, 74, 3, 14.14
1747804324, 0, 713, 1141, 1139, 35, 9.15%, 14, 74, 3, 14.12
1747804329, 0, 713, 1146, 1144, 35, 9.15%, 14, 74, 3, 14.57
1747804335, 0, 713, 1148, 1146, 35, 9.15%, 14, 74, 3, 17.82
1747804375, 0, 713, 1149, 1147, 35, 9.15%, 14, 74, 3, 13.17
1747804406, 0, 713, 1150, 1148, 35, 9.15%, 14, 74, 3, 13.80
1747804478, 0, 713, 1151, 1149, 35, 9.15%, 14, 74, 3, 14.27
1747804493, 0, 713, 1152, 1150, 35, 9.15%, 14, 74, 3, 14.34
1747804529, 0, 713, 1153, 1151, 35, 9.15%, 14, 74, 3, 14.45
1747804555, 0, 713, 1154, 1152, 35, 9.15%, 14, 74, 3, 14.63
1747804596, 0, 713, 1155, 1153, 35, 9.15%, 14, 74, 3, 12.88
1747804611, 0, 713, 1156, 1154, 35, 9.15%, 14, 74, 3, 11.77
1747804642, 0, 713, 1158, 1156, 35, 9.15%, 14, 74, 3, 13.40
1747804662, 0, 713, 1159, 1157, 35, 9.15%, 14, 74, 3, 11.00
1747804698, 0, 713, 1160, 1158, 35, 9.15%, 14, 74, 3, 13.40
1747804785, 0, 713, 1161, 1159, 35, 9.15%, 14, 74, 3, 13.59
1747804795, 0, 713, 1162, 1160, 35, 9.15%, 14, 74, 3, 14.18
1747804831, 0, 713, 1163, 1161, 35, 9.15%, 14, 74, 3, 13.99
1747804995, 0, 713, 1164, 1162, 35, 9.15%, 14, 74, 3, 14.47
1747805077, 0, 713, 1165, 1163, 35, 9.15%, 14, 74, 3, 12.87
1747805098, 0, 713, 1166, 1164, 35, 9.15%, 14, 74, 3, 14.51
1747805284, 0, 714, 1166, 1163, 34, 9.15%, 14, 74, 3, 3.11
1747805315, 0, 715, 1166, 1163, 34, 9.15%, 14, 74, 3, 5.22
1747805341, 0, 716, 1166, 1163, 34, 9.15%, 14, 74, 3, 5.01
1747805367, 0, 717, 1166, 1163, 34, 9.15%, 14, 74, 3, 6.00
1747805399, 0, 718, 1166, 1163, 34, 9.15%, 14, 74, 3, 5.55
1747805430, 0, 719, 1166, 1163, 34, 9.15%, 14, 74, 3, 4.21
1747805456, 0, 720, 1166, 1163, 34, 9.15%, 14, 74, 3, 4.95
1747805482, 0, 721, 1166, 1163, 34, 9.15%, 14, 74, 3, 4.73
1747805518, 0, 722, 1166, 1163, 34, 9.15%, 14, 74, 3, 4.76
1747805544, 0, 723, 1166, 1163, 34, 9.15%, 14, 74, 3, 4.79
1747805575, 0, 724, 1166, 1163, 34, 9.15%, 14, 74, 3, 4.46
1747805601, 0, 725, 1166, 1163, 34, 9.15%, 14, 74, 3, 5.59
1747805633, 0, 726, 1166, 1163, 34, 9.15%, 14, 74, 3, 4.20
1747805649, 0, 726, 1167, 1164, 34, 9.15%, 14, 74, 3, 4.58
1747805691, 0, 726, 1167, 1164, 34, 9.15%, 14, 75, 3, 4.19
1747805707, 0, 729, 1167, 1164, 34, 9.15%, 14, 75, 3, 4.30
1747805738, 0, 730, 1167, 1164, 34, 9.15%, 14, 75, 3, 5.63
1747805748, 0, 730, 1168, 1165, 34, 9.15%, 14, 75, 3, 4.20
1747805800, 0, 731, 1168, 1165, 34, 9.15%, 14, 75, 3, 5.47
1747805832, 0, 732, 1168, 1165, 34, 9.15%, 14, 75, 3, 5.29
1747805863, 0, 733, 1168, 1165, 34, 9.15%, 14, 75, 3, 5.64
1747805889, 0, 735, 1168, 1165, 34, 9.15%, 14, 75, 3, 5.93
1747805915, 0, 736, 1168, 1165, 34, 9.15%, 14, 75, 3, 5.38
1747805947, 0, 737, 1168, 1165, 34, 9.15%, 14, 75, 3, 4.30
1747805978, 0, 739, 1168, 1165, 34, 9.15%, 14, 75, 3, 4.61
1747805994, 0, 739, 1168, 1165, 34, 9.15%, 14, 76, 3, 4.65
1747806015, 0, 740, 1168, 1165, 34, 9.15%, 14, 76, 3, 4.33
1747806046, 0, 741, 1168, 1165, 34, 9.15%, 14, 76, 3, 4.85
1747806079, 0, 742, 1168, 1165, 34, 9.15%, 14, 76, 3, 3.75
1747806105, 0, 743, 1168, 1165, 34, 9.15%, 14, 76, 3, 4.87
1747806137, 0, 744, 1168, 1165, 34, 9.15%, 14, 76, 3, 4.48
1747806168, 0, 746, 1168, 1165, 34, 9.15%, 14, 76, 3, 4.18
1747806194, 0, 747, 1168, 1165, 34, 9.15%, 14, 76, 3, 4.84
1747806220, 0, 748, 1168, 1165, 34, 9.15%, 14, 76, 3, 5.88
1747806251, 0, 750, 1168, 1165, 34, 9.15%, 14, 76, 3, 4.89
1747806277, 0, 751, 1168, 1165, 34, 9.15%, 14, 76, 3, 8.43
1747806303, 0, 752, 1168, 1165, 34, 9.15%, 14, 76, 3, 5.40
1747806334, 0, 753, 1168, 1165, 34, 9.15%, 14, 76, 3, 5.29
1747806366, 0, 754, 1168, 1165, 34, 9.15%, 14, 76, 3, 4.10
1747806398, 0, 754, 1169, 1166, 34, 9.15%, 14, 76, 3, 2.90
1747806439, 0, 755, 1169, 1166, 34, 9.15%, 14, 76, 3, 4.66
1747806465, 0, 757, 1169, 1166, 34, 9.15%, 14, 76, 3, 6.45
1747806496, 0, 758, 1169, 1166, 34, 9.15%, 14, 76, 3, 4.74
1747806501, 0, 758, 1169, 1166, 34, 9.15%, 14, 77, 3, 5.87
1747806517, 0, 759, 1169, 1166, 34, 9.15%, 14, 77, 3, 6.38
1747806554, 0, 761, 1169, 1166, 34, 9.15%, 14, 77, 3, 4.64
1747806580, 0, 762, 1169, 1166, 34, 9.15%, 14, 77, 3, 4.47
1747806585, 0, 762, 1169, 1166, 34, 9.15%, 14, 78, 3, 4.17
1747806600, 0, 762, 1169, 1166, 34, 9.15%, 14, 79, 3, 4.71
1747806606, 0, 762, 1169, 1166, 34, 9.15%, 14, 80, 3, 4.31
1747806616, 0, 764, 1169, 1166, 34, 9.15%, 14, 80, 3, 5.29
1747806648, 0, 765, 1169, 1166, 34, 9.15%, 14, 80, 3, 5.50
1747806675, 0, 766, 1169, 1166, 34, 9.15%, 14, 80, 3, 4.23
1747806706, 0, 767, 1169, 1166, 34, 9.15%, 14, 80, 3, 4.09
1747806737, 0, 769, 1169, 1166, 34, 9.15%, 14, 80, 3, 5.41
1747806742, 0, 769, 1169, 1166, 34, 9.15%, 14, 81, 3, 4.84
1747806768, 0, 770, 1169, 1166, 34, 9.15%, 14, 81, 3, 4.68
1747806800, 0, 771, 1169, 1166, 34, 9.15%, 14, 81, 3, 4.92
1747806822, 0, 771, 1169, 1166, 34, 9.15%, 15, 81, 3, 4.85
1747806832, 0, 772, 1169, 1166, 34, 9.15%, 15, 81, 3, 4.69
1747806859, 0, 775, 1169, 1166, 34, 9.15%, 15, 81, 3, 4.91
1747806890, 0, 776, 1169, 1166, 34, 9.15%, 15, 81, 3, 5.14
1747806917, 0, 777, 1169, 1166, 34, 9.15%, 15, 81, 3, 4.68
1747806948, 0, 779, 1169, 1166, 34, 9.15%, 15, 81, 3, 4.87
1747806974, 0, 781, 1169, 1166, 34, 9.15%, 15, 81, 3, 4.82
1747807010, 0, 782, 1169, 1166, 34, 9.15%, 15, 81, 3, 4.96
1747807036, 0, 783, 1169, 1166, 34, 9.15%, 15, 81, 3, 5.18
1747807062, 0, 784, 1169, 1166, 34, 9.15%, 15, 81, 3, 5.04
1747807094, 0, 786, 1169, 1166, 34, 9.15%, 15, 81, 3, 1.83
1747807125, 0, 787, 1169, 1166, 34, 9.15%, 15, 81, 3, 6.35
1747807156, 0, 788, 1169, 1166, 34, 9.15%, 15, 81, 3, 4.45
1747807182, 0, 789, 1169, 1166, 34, 9.15%, 15, 81, 3, 5.18
1747807214, 0, 790, 1169, 1166, 34, 9.15%, 15, 81, 3, 4.16
1747807251, 0, 791, 1169, 1166, 34, 9.15%, 15, 81, 3, 4.29
1747807257, 0, 791, 1169, 1166, 34, 9.15%, 15, 82, 3, 4.25
1747807287, 0, 792, 1169, 1166, 34, 9.15%, 15, 82, 3, 3.91
1747807298, 0, 792, 1170, 1167, 34, 9.15%, 15, 83, 3, 5.95
1747807319, 0, 792, 1170, 1167, 34, 9.15%, 15, 84, 3, 8.17
1747807335, 0, 792, 1170, 1167, 34, 9.15%, 15, 85, 3, 4.05
1747807352, 0, 793, 1170, 1167, 34, 9.15%, 15, 85, 3, 5.72
1747807377, 0, 795, 1170, 1167, 34, 9.15%, 15, 85, 3, 6.11
1747807404, 0, 796, 1170, 1167, 34, 9.15%, 15, 85, 3, 4.42
1747807409, 0, 796, 1170, 1167, 34, 9.15%, 16, 85, 3, 4.05
1747807435, 0, 797, 1170, 1167, 34, 9.15%, 16, 85, 3, 5.11
1747807472, 0, 798, 1170, 1167, 34, 9.15%, 16, 85, 3, 4.04
1747807504, 0, 799, 1170, 1167, 34, 9.15%, 16, 85, 3, 4.76
1747807509, 0, 799, 1170, 1167, 34, 9.15%, 17, 86, 3, 4.36
1747807540, 0, 800, 1170, 1167, 34, 9.15%, 17, 86, 3, 4.80
1747807571, 0, 801, 1170, 1167, 34, 9.15%, 17, 86, 3, 4.56
1747807607, 0, 802, 1170, 1167, 34, 9.15%, 17, 86, 3, 4.34
1747807640, 0, 803, 1170, 1167, 34, 9.15%, 17, 86, 3, 5.10
1747807666, 0, 804, 1170, 1167, 34, 9.15%, 17, 86, 3, 4.79
1747807697, 0, 805, 1170, 1167, 34, 9.15%, 17, 86, 3, 3.92
1747807723, 0, 808, 1170, 1167, 34, 9.15%, 17, 86, 3, 5.27
1747807755, 0, 809, 1170, 1167, 34, 9.15%, 17, 86, 3, 3.77
1747807766, 0, 809, 1172, 1169, 34, 9.17%, 17, 86, 3, 3.84
1747807776, 0, 809, 1174, 1171, 34, 9.17%, 17, 86, 3, 2.94
1747807786, 0, 809, 1175, 1172, 34, 9.17%, 17, 86, 3, 3.10
1747807791, 0, 809, 1176, 1173, 34, 9.17%, 17, 86, 3, 3.34
1747807796, 0, 809, 1177, 1174, 34, 9.17%, 17, 86, 3, 3.36
1747807802, 0, 809, 1178, 1175, 34, 9.17%, 17, 86, 3, 3.39
1747807812, 0, 809, 1179, 1176, 34, 9.17%, 17, 86, 3, 3.22
1747807817, 0, 809, 1180, 1177, 34, 9.17%, 17, 86, 3, 3.14
1747807822, 0, 809, 1182, 1179, 34, 9.17%, 17, 86, 3, 2.94
1747807833, 0, 809, 1183, 1180, 34, 9.17%, 17, 86, 3, 2.94
1747807859, 0, 809, 1184, 1181, 34, 9.17%, 17, 86, 3, 4.35
1747807895, 0, 809, 1185, 1182, 34, 9.17%, 17, 86, 3, 3.08
1747807921, 0, 809, 1186, 1183, 34, 9.17%, 17, 86, 3, 3.87
1747807942, 0, 809, 1187, 1184, 34, 9.17%, 17, 86, 3, 3.09
1747807952, 0, 809, 1188, 1185, 34, 9.17%, 17, 86, 3, 2.93
1747807999, 0, 809, 1189, 1186, 34, 9.17%, 17, 86, 3, 3.29
1747808040, 0, 809, 1190, 1187, 34, 9.17%, 17, 86, 3, 3.53
1747808164, 0, 809, 1191, 1188, 34, 9.17%, 17, 86, 3, 3.77
1747808169, 0, 809, 1192, 1189, 34, 9.17%, 17, 86, 3, 4.04
1747808175, 0, 809, 1193, 1190, 34, 9.17%, 17, 86, 3, 3.93
1747808185, 0, 809, 1194, 1191, 34, 9.17%, 17, 86, 3, 3.13
1747808221, 0, 809, 1195, 1192, 34, 9.17%, 17, 86, 3, 2.73
1747808557, 0, 809, 1196, 1193, 34, 9.17%, 17, 86, 3, 3.16
1747808924, 0, 809, 1197, 1194, 34, 9.17%, 17, 86, 3, 3.24
1747809053, 0, 809, 1198, 1195, 34, 9.17%, 17, 86, 3, 3.43
1747809104, 0, 809, 1199, 1196, 34, 9.17%, 17, 86, 3, 2.93
1747809213, 0, 809, 1200, 1197, 34, 9.17%, 17, 86, 3, 4.98
1747809269, 0, 809, 1201, 1198, 34, 9.17%, 17, 86, 3, 5.41
1747809306, 0, 809, 1202, 1199, 34, 9.17%, 17, 86, 3, 5.40
1747809378, 0, 809, 1203, 1200, 34, 9.17%, 17, 86, 3, 6.10
1747809384, 0, 809, 1204, 1201, 34, 9.17%, 17, 86, 3, 5.18
1747809456, 0, 809, 1205, 1202, 34, 9.17%, 17, 86, 3, 5.10
1747809497, 0, 809, 1206, 1203, 34, 9.17%, 17, 86, 3, 4.68
1747809698, 0, 809, 1207, 1204, 34, 9.17%, 17, 86, 3, 5.03
1747809740, 0, 809, 1208, 1205, 34, 9.17%, 17, 86, 3, 5.17
1747809875, 0, 809, 1209, 1206, 34, 9.17%, 17, 86, 3, 5.89
1747810245, 0, 809, 1210, 1207, 34, 9.17%, 17, 86, 3, 4.68
1747810292, 0, 809, 1211, 1208, 34, 9.17%, 17, 86, 3, 6.04
1747810437, 0, 809, 1212, 1209, 34, 9.17%, 17, 86, 3, 4.80
1747810561, 0, 809, 1213, 1210, 34, 9.17%, 17, 86, 3, 4.61
1747810865, 0, 809, 1214, 1211, 34, 9.17%, 17, 86, 3, 4.55
1747810880, 0, 809, 1215, 1212, 34, 9.17%, 17, 86, 3, 5.24
1747810901, 0, 809, 1216, 1213, 34, 9.17%, 17, 86, 3, 5.03
1747811216, 0, 809, 1217, 1214, 34, 9.17%, 17, 86, 3, 7.60
1747811284, 0, 810, 1217, 1213, 36, 9.17%, 17, 86, 3, 6.68
1747811315, 0, 811, 1217, 1213, 36, 9.17%, 17, 86, 3, 5.55
1747811346, 0, 812, 1217, 1213, 36, 9.17%, 17, 86, 3, 6.06
1747811367, 0, 812, 1218, 1214, 36, 9.17%, 17, 86, 3, 3.70
1747811409, 0, 814, 1218, 1214, 36, 9.17%, 17, 86, 3, 6.57
1747811435, 0, 815, 1218, 1214, 36, 9.17%, 17, 86, 3, 5.88
1747811467, 0, 816, 1218, 1214, 36, 9.17%, 17, 86, 3, 1.69
1747811472, 0, 816, 1218, 1214, 36, 9.17%, 17, 87, 3, 3.48
1747811477, 0, 816, 1218, 1214, 36, 9.17%, 17, 88, 3, 4.09
1747811488, 0, 816, 1218, 1214, 36, 9.17%, 17, 89, 3, 3.22
1747811504, 0, 817, 1218, 1214, 36, 9.17%, 17, 89, 3, 3.92
1747811525, 0, 817, 1218, 1214, 36, 9.17%, 17, 90, 3, 4.07
1747811541, 0, 818, 1218, 1214, 36, 9.17%, 17, 90, 3, 4.13
1747811552, 0, 818, 1218, 1214, 36, 9.17%, 17, 91, 3, 4.31
1747811573, 0, 819, 1218, 1214, 36, 9.17%, 17, 91, 3, 4.02
1747811584, 0, 819, 1218, 1214, 36, 9.17%, 17, 92, 3, 4.56
1747811594, 0, 819, 1218, 1214, 36, 9.17%, 17, 93, 3, 3.85
1747811604, 0, 819, 1218, 1214, 36, 9.17%, 18, 93, 3, 4.48
1747811610, 0, 820, 1218, 1214, 36, 9.17%, 18, 93, 3, 4.98
1747811635, 0, 821, 1218, 1214, 36, 9.17%, 18, 93, 3, 4.86
1747811667, 0, 822, 1218, 1214, 36, 9.17%, 18, 93, 3, 4.74
1747811699, 0, 823, 1218, 1214, 36, 9.17%, 18, 93, 3, 4.80
1747811725, 0, 825, 1218, 1214, 36, 9.17%, 18, 93, 3, 5.39
1747811752, 0, 825, 1218, 1214, 36, 9.17%, 18, 94, 3, 4.86
1747811757, 0, 826, 1218, 1214, 36, 9.17%, 18, 94, 3, 5.51
1747811774, 0, 826, 1218, 1214, 36, 9.17%, 18, 95, 3, 4.14
1747811795, 0, 827, 1218, 1214, 36, 9.17%, 18, 95, 3, 4.05
1747811800, 0, 827, 1218, 1214, 36, 9.17%, 18, 96, 3, 4.93
1747811827, 0, 828, 1218, 1214, 36, 9.17%, 18, 96, 3, 5.86
1747811847, 0, 828, 1218, 1214, 36, 9.17%, 18, 97, 3, 5.40
1747811858, 0, 829, 1218, 1214, 36, 9.17%, 18, 97, 3, 5.60
1747811874, 0, 829, 1218, 1214, 36, 9.17%, 18, 98, 3, 4.43
1747811889, 0, 830, 1218, 1214, 36, 9.17%, 18, 98, 3, 5.04
1747811916, 0, 831, 1218, 1214, 36, 9.17%, 18, 98, 3, 5.27
1747811948, 0, 832, 1218, 1214, 36, 9.17%, 18, 98, 3, 4.63
1747811979, 0, 833, 1218, 1214, 36, 9.17%, 18, 98, 3, 4.51
1747812005, 0, 834, 1218, 1214, 36, 9.17%, 18, 98, 3, 4.54
1747812041, 0, 835, 1218, 1214, 36, 9.17%, 18, 98, 3, 5.78
1747812068, 0, 836, 1218, 1214, 36, 9.17%, 18, 98, 3, 5.29
1747812073, 0, 836, 1218, 1214, 36, 9.17%, 18, 99, 3, 7.58
1747812099, 0, 837, 1218, 1214, 36, 9.17%, 18, 99, 3, 3.94
1747812131, 0, 839, 1218, 1214, 36, 9.17%, 18, 99, 3, 3.91
1747812157, 0, 841, 1218, 1214, 36, 9.17%, 18, 100, 3, 4.85
1747812189, 0, 842, 1218, 1214, 36, 9.17%, 18, 100, 3, 4.79
1747812221, 0, 843, 1218, 1214, 36, 9.17%, 18, 100, 3, 4.96
1747812252, 0, 845, 1218, 1214, 36, 9.17%, 18, 100, 3, 6.13
1747812279, 0, 846, 1218, 1214, 36, 9.17%, 18, 100, 3, 4.60
1747812310, 0, 847, 1218, 1214, 36, 9.17%, 18, 100, 3, 4.79
1747812320, 0, 847, 1218, 1214, 36, 9.17%, 19, 101, 3, 3.99
1747812336, 0, 847, 1218, 1214, 36, 9.17%, 19, 102, 3, 1.96
1747812346, 0, 850, 1218, 1214, 36, 9.17%, 19, 102, 3, 3.76
1747812357, 0, 850, 1218, 1214, 36, 9.17%, 19, 103, 3, 1.19
1747812377, 0, 851, 1218, 1214, 36, 9.17%, 19, 103, 3, 4.70
1747812404, 0, 852, 1218, 1214, 36, 9.17%, 19, 103, 3, 4.62
1747812436, 0, 853, 1218, 1214, 36, 9.17%, 19, 104, 3, 4.06
1747812467, 0, 854, 1218, 1214, 36, 9.17%, 19, 104, 3, 4.70
1747812498, 0, 856, 1218, 1214, 36, 9.17%, 19, 104, 3, 4.55
1747812524, 0, 857, 1218, 1214, 36, 9.17%, 19, 104, 3, 4.44
1747812550, 0, 859, 1218, 1214, 36, 9.17%, 19, 104, 3, 5.37
1747812643, 0, 859, 1219, 1215, 36, 9.17%, 19, 104, 3, 2.56
1747812854, 0, 859, 1220, 1216, 36, 9.17%, 19, 104, 3, 2.57
1747813037, 0, 859, 1221, 1217, 36, 9.17%, 19, 104, 3, 2.31
1747813043, 0, 859, 1222, 1218, 36, 9.17%, 19, 104, 3, 2.31
1747813048, 0, 859, 1223, 1219, 36, 9.17%, 19, 104, 3, 2.31
1747813053, 0, 859, 1224, 1220, 36, 9.17%, 19, 104, 3, 2.32
1747813224, 0, 859, 1225, 1221, 36, 9.17%, 19, 104, 3, 2.79
1747813338, 0, 859, 1226, 1222, 36, 9.17%, 19, 104, 3, 2.60
1747813369, 0, 859, 1227, 1223, 36, 9.17%, 19, 104, 3, 2.36
1747813545, 0, 859, 1228, 1224, 36, 9.17%, 19, 104, 3, 2.66
1747813550, 0, 859, 1229, 1225, 36, 9.17%, 19, 104, 3, 2.68
1747813566, 0, 859, 1231, 1227, 36, 9.17%, 19, 104, 3, 2.67
1747813571, 0, 859, 1232, 1228, 36, 9.17%, 19, 104, 3, 2.69
1747813576, 0, 859, 1234, 1230, 36, 9.17%, 19, 104, 3, 2.65
1747813643, 0, 860, 1234, 1229, 36, 9.17%, 19, 104, 3, 5.54
1747813675, 0, 861, 1234, 1229, 36, 9.17%, 19, 104, 3, 4.29
1747813702, 0, 862, 1234, 1229, 36, 9.17%, 19, 104, 3, 5.07
1747813734, 0, 863, 1234, 1229, 36, 9.17%, 19, 104, 3, 4.70
1747813765, 0, 865, 1234, 1229, 36, 9.17%, 19, 104, 3, 4.22
1747813791, 0, 866, 1234, 1229, 36, 9.17%, 19, 104, 3, 4.87
1747813817, 0, 867, 1234, 1229, 36, 9.17%, 19, 104, 3, 4.47
1747813849, 0, 868, 1234, 1229, 36, 9.17%, 19, 104, 3, 4.95
1747813880, 0, 870, 1234, 1229, 36, 9.17%, 19, 104, 3, 5.26
1747813906, 0, 872, 1234, 1229, 36, 9.17%, 19, 104, 3, 4.67
1747813927, 0, 872, 1234, 1229, 36, 9.17%, 19, 106, 3, 3.69
1747813942, 0, 873, 1234, 1229, 36, 9.17%, 19, 106, 3, 5.37
1747813968, 0, 874, 1234, 1229, 36, 9.17%, 19, 106, 3, 4.73
1747813999, 0, 875, 1234, 1229, 36, 9.17%, 19, 106, 3, 5.49
1747814025, 0, 876, 1234, 1229, 36, 9.17%, 19, 106, 3, 5.90
1747814051, 0, 878, 1234, 1229, 36, 9.17%, 19, 106, 3, 5.10
1747814082, 0, 879, 1234, 1229, 36, 9.17%, 19, 106, 3, 6.31
1747814109, 0, 880, 1234, 1229, 36, 9.17%, 19, 106, 3, 4.63
1747814140, 0, 881, 1234, 1229, 36, 9.17%, 19, 106, 3, 4.45
1747814172, 0, 882, 1234, 1229, 36, 9.17%, 19, 106, 3, 5.53
1747814202, 0, 884, 1234, 1229, 36, 9.17%, 19, 106, 3, 5.33
1747814228, 0, 885, 1234, 1229, 36, 9.17%, 19, 106, 3, 8.08
1747814260, 0, 886, 1234, 1229, 36, 9.17%, 19, 106, 3, 4.81
1747814292, 0, 887, 1234, 1229, 36, 9.17%, 19, 106, 3, 4.68
1747814319, 0, 888, 1234, 1229, 36, 9.17%, 19, 106, 3, 1.15
1747814340, 0, 888, 1234, 1229, 36, 9.17%, 19, 107, 3, 5.05
1747814350, 0, 889, 1234, 1229, 36, 9.17%, 19, 107, 3, 4.60
1747814376, 0, 890, 1234, 1229, 36, 9.17%, 19, 107, 3, 4.65
1747814398, 0, 890, 1234, 1229, 36, 9.17%, 19, 108, 3, 1.00
1747814403, 0, 890, 1235, 1230, 36, 9.17%, 19, 108, 3, 2.96
1747814451, 0, 891, 1235, 1230, 36, 9.17%, 19, 108, 3, 5.15
1747814482, 0, 892, 1235, 1230, 36, 9.17%, 19, 108, 3, 5.05
1747814508, 0, 894, 1235, 1230, 36, 9.17%, 19, 108, 3, 5.32
1747814524, 0, 894, 1235, 1230, 36, 9.17%, 19, 109, 3, 3.96
1747814546, 0, 895, 1235, 1230, 36, 9.17%, 19, 109, 3, 5.22
1747814567, 0, 896, 1235, 1230, 36, 9.17%, 19, 109, 3, 5.38
1747814572, 0, 896, 1235, 1230, 36, 9.17%, 19, 110, 3, 4.39
1747814593, 0, 896, 1235, 1230, 36, 9.17%, 19, 111, 3, 4.05
1747814608, 0, 897, 1235, 1230, 36, 9.17%, 19, 111, 3, 4.13
1747814635, 0, 898, 1235, 1230, 36, 9.17%, 19, 111, 3, 5.45
1747814666, 0, 899, 1235, 1230, 36, 9.17%, 19, 111, 3, 5.52
1747814693, 0, 901, 1235, 1230, 36, 9.17%, 19, 111, 3, 3.55
1747814724, 0, 902, 1235, 1230, 36, 9.17%, 19, 111, 3, 4.40
1747814756, 0, 903, 1235, 1230, 36, 9.17%, 19, 111, 3, 5.58
1747814786, 0, 906, 1235, 1230, 36, 9.17%, 19, 111, 3, 4.53
1747814817, 0, 907, 1235, 1230, 36, 9.17%, 19, 111, 3, 6.22
1747814843, 0, 908, 1235, 1230, 36, 9.17%, 19, 111, 3, 4.96
1747814875, 0, 909, 1235, 1230, 36, 9.17%, 19, 111, 3, 4.86
1747814891, 0, 909, 1235, 1230, 36, 9.17%, 19, 112, 3, 9.67
1747814901, 0, 911, 1235, 1230, 36, 9.17%, 19, 112, 3, 5.72
1747814932, 0, 912, 1235, 1230, 36, 9.17%, 19, 112, 3, 5.04
1747814964, 0, 914, 1235, 1230, 36, 9.17%, 19, 112, 3, 3.69
1747814995, 0, 915, 1235, 1230, 36, 9.17%, 19, 112, 3, 5.08
1747815022, 0, 916, 1235, 1230, 36, 9.17%, 19, 112, 3, 4.07
1747815054, 0, 917, 1235, 1230, 36, 9.17%, 19, 112, 3, 4.51
1747815080, 0, 918, 1235, 1230, 36, 9.17%, 19, 112, 3, 4.82
1747815112, 0, 919, 1235, 1230, 36, 9.17%, 19, 112, 3, 4.25
1747815144, 0, 920, 1235, 1230, 36, 9.17%, 19, 112, 3, 4.78
1747815170, 0, 921, 1235, 1230, 36, 9.17%, 19, 112, 3, 3.83
1747815196, 0, 922, 1235, 1230, 36, 9.17%, 19, 112, 3, 5.40
1747815232, 0, 923, 1235, 1230, 36, 9.17%, 19, 112, 3, 3.80
1747815269, 0, 924, 1235, 1230, 36, 9.17%, 19, 112, 3, 5.05
1747815274, 0, 924, 1236, 1231, 36, 9.17%, 19, 112, 3, 1.17
1747815321, 0, 924, 1236, 1231, 36, 9.17%, 19, 114, 3, 9.12
1747815327, 0, 924, 1236, 1231, 36, 9.17%, 19, 115, 3, 6.22
1747815337, 0, 925, 1236, 1231, 36, 9.17%, 19, 115, 3, 5.59
1747815342, 0, 925, 1236, 1231, 36, 9.17%, 19, 116, 3, 4.36
1747815347, 0, 925, 1236, 1231, 36, 9.17%, 19, 117, 3, 5.21
1747815358, 0, 925, 1236, 1231, 36, 9.17%, 19, 118, 3, 4.27
1747815363, 0, 925, 1236, 1231, 36, 9.17%, 19, 119, 3, 4.33
1747815369, 0, 926, 1236, 1231, 36, 9.17%, 19, 119, 3, 5.07
1747815400, 0, 927, 1236, 1231, 36, 9.17%, 19, 119, 3, 8.17
1747815433, 0, 928, 1236, 1231, 36, 9.17%, 19, 119, 3, 4.59
1747815463, 0, 929, 1236, 1231, 36, 9.17%, 19, 119, 3, 3.88
1747815490, 0, 930, 1236, 1231, 36, 9.17%, 19, 119, 3, 4.64
1747815506, 0, 930, 1237, 1232, 36, 9.17%, 19, 119, 3, 4.58
1747815542, 0, 932, 1237, 1232, 36, 9.17%, 19, 119, 3, 7.30
1747815558, 0, 933, 1237, 1232, 36, 9.17%, 19, 119, 3, 8.90
1747815573, 0, 935, 1237, 1232, 36, 9.17%, 19, 119, 3, 7.34
1747815594, 0, 936, 1237, 1232, 36, 9.17%, 19, 119, 3, 8.06
1747815610, 0, 938, 1237, 1232, 36, 9.17%, 19, 119, 3, 7.91
1747815636, 0, 938, 1238, 1233, 36, 9.17%, 19, 119, 3, 4.46
1747815671, 0, 938, 1239, 1234, 36, 9.17%, 19, 119, 3, 6.90
1747815872, 0, 938, 1240, 1235, 36, 9.17%, 19, 119, 3, 4.41
1747816084, 0, 938, 1241, 1236, 36, 9.17%, 19, 119, 3, 4.48
1747816089, 0, 938, 1243, 1238, 36, 9.17%, 19, 119, 3, 4.43
1747816145, 0, 938, 1245, 1240, 36, 9.17%, 19, 119, 3, 6.47
1747816207, 0, 938, 1246, 1241, 36, 9.17%, 19, 119, 3, 3.79
1747816259, 0, 939, 1246, 1240, 36, 9.17%, 19, 119, 3, 9.32
1747816274, 0, 940, 1246, 1240, 36, 9.17%, 19, 119, 3, 8.16
1747816295, 0, 941, 1246, 1240, 36, 9.17%, 19, 119, 3, 7.77
1747816310, 0, 942, 1246, 1240, 36, 9.17%, 19, 119, 3, 9.14
1747816326, 0, 943, 1246, 1240, 36, 9.17%, 19, 119, 3, 8.58
1747816346, 0, 944, 1246, 1240, 36, 9.17%, 19, 119, 3, 8.59
1747816362, 0, 945, 1246, 1240, 36, 9.17%, 19, 119, 3, 7.71
1747816377, 0, 948, 1246, 1240, 36, 9.17%, 19, 119, 3, 8.54
1747816398, 0, 949, 1246, 1240, 36, 9.17%, 19, 119, 3, 11.18
1747816413, 0, 949, 1247, 1241, 36, 9.17%, 19, 119, 3, 5.06
1747816434, 0, 950, 1247, 1241, 36, 9.17%, 19, 119, 3, 8.06
1747816455, 0, 951, 1247, 1241, 36, 9.17%, 19, 119, 3, 7.07
1747816470, 0, 953, 1247, 1241, 36, 9.17%, 19, 119, 3, 8.18
1747816490, 0, 954, 1247, 1241, 36, 9.17%, 19, 119, 3, 8.08
1747816506, 0, 955, 1247, 1241, 36, 9.17%, 19, 119, 3, 7.64
1747816516, 0, 955, 1248, 1242, 36, 9.17%, 19, 119, 3, 6.73
1747816542, 0, 956, 1248, 1242, 36, 9.17%, 19, 119, 3, 9.31
1747816552, 0, 957, 1248, 1242, 36, 9.17%, 19, 119, 3, 9.69
1747816573, 0, 958, 1248, 1242, 36, 9.17%, 19, 119, 3, 9.03
1747816589, 0, 960, 1248, 1242, 36, 9.17%, 19, 119, 3, 7.43
1747816605, 0, 961, 1248, 1242, 36, 9.17%, 19, 119, 3, 8.03
1747816626, 0, 962, 1248, 1242, 36, 9.17%, 19, 119, 3, 8.49
1747816641, 0, 963, 1248, 1242, 36, 9.17%, 19, 119, 3, 7.86
1747816662, 0, 964, 1248, 1242, 36, 9.17%, 19, 119, 3, 8.50
1747816677, 0, 965, 1248, 1242, 36, 9.17%, 19, 119, 3, 7.85
1747816698, 0, 967, 1248, 1242, 36, 9.17%, 19, 119, 3, 5.02
1747816730, 0, 968, 1248, 1242, 36, 9.17%, 19, 119, 3, 4.89
1747816756, 0, 969, 1248, 1242, 36, 9.17%, 19, 119, 3, 4.80
1747816771, 0, 969, 1248, 1242, 36, 9.17%, 19, 120, 3, 1.62
1747816787, 0, 970, 1248, 1242, 36, 9.17%, 19, 120, 3, 4.19
1747816823, 0, 971, 1248, 1242, 36, 9.17%, 19, 120, 3, 5.14
1747816849, 0, 972, 1248, 1242, 36, 9.17%, 19, 120, 3, 5.26
1747816880, 0, 973, 1248, 1242, 36, 9.17%, 19, 120, 3, 5.18
1747816907, 0, 975, 1248, 1242, 36, 9.17%, 19, 120, 3, 1.21
1747816939, 0, 976, 1248, 1242, 36, 9.17%, 19, 120, 3, 4.99
1747816965, 0, 977, 1248, 1242, 36, 9.17%, 19, 120, 3, 4.54
1747816997, 0, 978, 1248, 1242, 36, 9.17%, 19, 120, 3, 5.20
1747817027, 0, 979, 1248, 1242, 36, 9.17%, 19, 120, 3, 5.36
1747817054, 0, 980, 1248, 1242, 36, 9.17%, 19, 120, 3, 4.77
1747817085, 0, 981, 1248, 1242, 36, 9.17%, 19, 120, 3, 6.17
1747817111, 0, 982, 1248, 1242, 36, 9.17%, 19, 120, 3, 5.58
1747817132, 0, 982, 1248, 1242, 36, 9.17%, 19, 121, 3, 4.18
1747817137, 0, 982, 1248, 1242, 36, 9.17%, 19, 122, 3, 4.27
1747817143, 0, 983, 1248, 1242, 36, 9.17%, 19, 122, 3, 4.77
1747817174, 0, 984, 1248, 1242, 36, 9.17%, 19, 122, 3, 5.66
1747817206, 0, 985, 1248, 1242, 36, 9.17%, 19, 122, 3, 4.76
1747817237, 0, 986, 1248, 1242, 36, 9.17%, 19, 122, 3, 4.90
1747817269, 0, 987, 1248, 1242, 36, 9.17%, 19, 122, 3, 4.21
1747817300, 0, 988, 1248, 1242, 36, 9.17%, 19, 122, 3, 3.97
1747817331, 0, 989, 1248, 1242, 36, 9.17%, 19, 122, 3, 5.89
1747817363, 0, 991, 1248, 1242, 36, 9.17%, 19, 122, 3, 4.33
1747817390, 0, 992, 1248, 1242, 36, 9.17%, 19, 122, 3, 6.00
1747817416, 0, 993, 1248, 1242, 36, 9.17%, 19, 122, 3, 5.55
1747817421, 0, 993, 1249, 1243, 36, 9.17%, 19, 122, 3, 1.13
1747817437, 0, 993, 1249, 1243, 36, 9.17%, 19, 123, 3, 1.91
