# unix_time, cycles_done, cur_path, paths_total, pending_total, pending_favs, map_size, unique_crashes, unique_hangs, max_depth, execs_per_sec
1747817516, 0, 0, 1, 1, 1, 3.79%, 0, 0, 1, 55.94
1747817521, 0, 0, 20, 20, 1, 5.45%, 0, 0, 2, 52.26
1747817526, 0, 0, 40, 40, 1, 5.47%, 0, 0, 2, 47.36
1747817531, 0, 0, 57, 57, 1, 5.47%, 0, 0, 2, 47.79
1747817536, 0, 0, 70, 70, 1, 5.47%, 0, 0, 2, 46.50
1747817541, 0, 0, 85, 85, 1, 5.47%, 0, 0, 2, 47.32
1747817547, 0, 0, 94, 94, 1, 5.47%, 0, 0, 2, 49.39
1747817552, 0, 0, 101, 101, 1, 5.47%, 0, 0, 2, 50.70
1747817557, 0, 0, 111, 111, 1, 5.47%, 0, 0, 2, 48.68
1747817562, 0, 0, 123, 123, 1, 5.47%, 0, 0, 2, 46.74
1747817567, 0, 0, 131, 131, 1, 5.47%, 0, 0, 2, 48.51
1747817572, 0, 0, 137, 137, 1, 5.49%, 0, 0, 2, 48.13
1747817577, 0, 0, 142, 142, 1, 5.49%, 0, 0, 2, 49.88
1747817582, 0, 0, 147, 147, 1, 5.49%, 0, 0, 2, 50.58
1747817587, 0, 0, 155, 155, 1, 5.49%, 0, 0, 2, 48.68
1747817592, 0, 0, 159, 159, 1, 5.49%, 0, 0, 2, 50.15
1747817597, 0, 0, 164, 164, 1, 5.49%, 0, 0, 2, 51.08
1747817602, 0, 0, 167, 167, 1, 5.49%, 0, 0, 2, 51.90
1747817607, 0, 0, 170, 170, 1, 5.49%, 0, 0, 2, 51.04
1747817612, 0, 0, 174, 174, 1, 5.49%, 0, 0, 2, 51.56
1747817617, 0, 0, 178, 178, 1, 5.49%, 0, 0, 2, 51.00
1747817623, 0, 0, 182, 182, 1, 5.49%, 0, 0, 2, 50.79
1747817628, 0, 0, 183, 183, 1, 5.49%, 0, 0, 2, 52.09
1747817633, 0, 0, 186, 186, 1, 5.49%, 0, 0, 2, 51.26
1747817638, 0, 0, 189, 189, 1, 5.49%, 0, 0, 2, 51.18
1747817643, 0, 0, 192, 192, 1, 5.49%, 0, 0, 2, 50.88
1747817648, 0, 0, 194, 194, 1, 5.49%, 0, 0, 2, 51.53
1747817653, 0, 0, 197, 197, 1, 5.49%, 0, 0, 2, 52.13
1747817658, 0, 0, 200, 200, 1, 5.49%, 0, 0, 2, 51.40
1747817663, 0, 0, 202, 202, 1, 5.49%, 0, 0, 2, 51.57
1747817668, 0, 0, 203, 203, 1, 5.56%, 0, 0, 2, 52.63
1747817673, 0, 0, 205, 205, 1, 5.56%, 0, 0, 2, 52.45
1747817679, 0, 0, 208, 208, 1, 5.56%, 0, 0, 2, 51.17
1747817684, 0, 0, 209, 209, 1, 5.56%, 0, 0, 2, 53.30
1747817689, 0, 0, 210, 210, 1, 5.56%, 0, 0, 2, 52.81
1747817694, 0, 0, 211, 211, 1, 5.56%, 0, 0, 2, 53.35
1747817699, 0, 0, 212, 212, 1, 5.56%, 0, 0, 2, 53.36
1747817704, 0, 0, 214, 214, 1, 5.56%, 0, 0, 2, 52.18
1747817709, 0, 0, 216, 216, 1, 5.56%, 0, 0, 2, 52.21
1747817714, 0, 0, 219, 219, 1, 5.56%, 0, 0, 2, 51.31
1747817725, 0, 0, 221, 221, 1, 5.57%, 0, 0, 2, 52.25
1747817730, 0, 0, 223, 223, 1, 5.57%, 0, 0, 2, 52.64
1747817740, 0, 0, 225, 225, 1, 5.57%, 0, 0, 2, 52.12
1747817745, 0, 0, 228, 228, 1, 5.57%, 0, 0, 2, 52.06
1747817750, 0, 0, 229, 229, 1, 5.57%, 0, 0, 2, 51.80
1747817770, 0, 0, 230, 230, 1, 5.57%, 0, 0, 2, 53.52
1747817775, 0, 0, 231, 231, 1, 5.57%, 0, 0, 2, 50.86
1747817786, 0, 0, 233, 233, 1, 5.57%, 0, 0, 2, 52.29
1747817791, 0, 0, 234, 234, 1, 5.57%, 0, 0, 2, 53.11
1747817796, 0, 0, 235, 235, 1, 5.57%, 0, 0, 2, 52.79
1747817811, 0, 0, 236, 236, 1, 5.57%, 0, 0, 2, 52.87
1747817821, 0, 0, 238, 238, 1, 5.57%, 0, 0, 2, 52.12
1747817831, 0, 0, 240, 240, 1, 5.57%, 0, 0, 2, 52.00
1747817836, 0, 0, 241, 241, 1, 5.57%, 0, 0, 2, 51.95
1747817841, 0, 0, 243, 243, 1, 5.57%, 0, 0, 2, 51.58
1747817846, 0, 0, 244, 244, 1, 5.58%, 0, 0, 2, 51.75
1747817856, 0, 0, 246, 246, 1, 5.58%, 0, 0, 2, 51.23
1747817862, 0, 0, 247, 247, 1, 5.58%, 0, 0, 2, 52.23
1747817872, 0, 0, 248, 248, 1, 5.58%, 0, 0, 2, 52.26
1747817877, 0, 1, 257, 256, 12, 5.71%, 0, 0, 2, 40.99
1747817882, 0, 1, 272, 271, 12, 5.73%, 0, 0, 2, 32.42
1747817887, 0, 1, 286, 285, 12, 5.75%, 0, 0, 2, 29.72
1747817892, 0, 1, 296, 295, 12, 5.75%, 0, 0, 2, 29.32
1747817897, 0, 1, 307, 306, 12, 5.76%, 0, 0, 2, 28.87
1747817902, 0, 1, 319, 318, 12, 5.77%, 0, 0, 2, 29.40
1747817908, 0, 1, 328, 327, 12, 5.77%, 0, 0, 2, 29.37
1747817913, 0, 1, 337, 336, 12, 5.77%, 0, 0, 2, 29.56
1747817918, 0, 1, 342, 341, 12, 5.77%, 0, 0, 2, 29.81
1747817923, 0, 1, 348, 347, 12, 5.78%, 0, 0, 2, 29.68
1747817928, 0, 1, 355, 354, 12, 5.78%, 0, 0, 2, 28.93
1747817933, 0, 1, 364, 363, 12, 5.78%, 0, 0, 2, 29.55
1747817938, 0, 1, 369, 368, 12, 5.78%, 0, 0, 2, 29.20
1747817943, 0, 1, 377, 376, 12, 5.78%, 0, 0, 2, 28.37
1747817948, 0, 1, 382, 381, 12, 5.78%, 0, 0, 2, 29.51
1747817953, 0, 1, 387, 386, 12, 5.78%, 0, 0, 2, 28.49
1747817959, 0, 1, 390, 389, 12, 5.78%, 0, 0, 2, 30.21
1747817964, 0, 1, 394, 393, 12, 5.78%, 0, 0, 2, 29.51
1747817969, 0, 1, 398, 397, 12, 5.78%, 0, 0, 2, 29.65
1747817974, 0, 1, 401, 400, 12, 5.78%, 0, 0, 2, 29.91
1747817979, 0, 1, 403, 402, 12, 5.78%, 0, 0, 2, 29.75
1747817984, 0, 1, 404, 403, 12, 5.78%, 0, 0, 2, 30.07
1747817989, 0, 1, 406, 405, 12, 5.78%, 0, 0, 2, 30.08
1747817994, 0, 1, 409, 408, 12, 5.78%, 0, 0, 2, 29.37
1747817999, 0, 1, 412, 411, 12, 5.78%, 0, 0, 2, 29.50
1747818004, 0, 1, 413, 412, 12, 5.78%, 0, 0, 2, 29.98
1747818009, 0, 1, 414, 413, 12, 5.78%, 0, 0, 2, 30.16
1747818014, 0, 1, 416, 415, 12, 5.78%, 0, 0, 2, 30.25
1747818019, 0, 1, 418, 417, 12, 5.78%, 0, 0, 2, 29.79
1747818030, 0, 1, 419, 418, 12, 5.78%, 0, 0, 2, 30.63
1747818045, 0, 1, 421, 420, 12, 5.78%, 0, 0, 2, 29.83
1747818050, 0, 1, 423, 422, 12, 5.78%, 0, 0, 2, 29.38
1747818060, 0, 2, 424, 423, 15, 5.78%, 0, 0, 2, 29.22
1747818065, 0, 2, 436, 435, 15, 5.80%, 0, 0, 2, 24.04
1747818071, 0, 2, 446, 445, 15, 5.87%, 0, 0, 2, 22.11
1747818076, 0, 2, 455, 454, 15, 5.87%, 0, 0, 2, 21.84
1747818081, 0, 2, 464, 463, 15, 5.87%, 0, 0, 2, 21.16
1747818086, 0, 2, 473, 472, 15, 5.88%, 0, 0, 2, 21.36
1747818091, 0, 2, 478, 477, 15, 5.88%, 0, 0, 2, 21.68
1747818096, 0, 2, 484, 483, 15, 5.88%, 0, 0, 2, 21.59
1747818101, 0, 2, 492, 491, 15, 5.88%, 0, 0, 2, 21.55
1747818106, 0, 2, 500, 499, 15, 5.88%, 0, 0, 2, 21.61
1747818111, 0, 2, 503, 502, 15, 5.88%, 0, 0, 2, 22.33
1747818116, 0, 2, 509, 508, 15, 5.89%, 0, 0, 2, 22.29
1747818122, 0, 2, 513, 512, 15, 5.89%, 0, 0, 2, 21.91
1747818127, 0, 2, 517, 516, 15, 5.89%, 0, 0, 2, 21.81
1747818132, 0, 2, 521, 520, 15, 5.89%, 0, 0, 2, 22.36
1747818137, 0, 2, 523, 522, 15, 5.89%, 0, 0, 2, 22.57
1747818142, 0, 2, 528, 527, 15, 5.89%, 0, 0, 2, 21.53
1747818147, 0, 2, 532, 531, 15, 5.89%, 0, 0, 2, 21.91
1747818152, 0, 2, 536, 535, 15, 5.90%, 0, 0, 2, 22.07
1747818157, 0, 2, 541, 540, 15, 5.92%, 0, 0, 2, 21.18
1747818163, 0, 2, 543, 542, 15, 5.92%, 0, 0, 2, 22.03
1747818168, 0, 2, 545, 544, 15, 5.92%, 0, 0, 2, 22.08
1747818173, 0, 2, 548, 547, 15, 5.92%, 0, 0, 2, 22.40
1747818178, 0, 2, 551, 550, 15, 5.92%, 0, 0, 2, 22.21
1747818183, 0, 2, 555, 554, 15, 5.92%, 0, 0, 2, 21.96
1747818188, 0, 2, 556, 555, 15, 5.92%, 0, 0, 2, 22.36
1747818193, 0, 2, 557, 556, 15, 5.92%, 0, 0, 2, 22.29
1747818198, 0, 2, 559, 558, 15, 5.92%, 0, 0, 2, 22.27
1747818203, 0, 2, 560, 559, 15, 5.92%, 0, 0, 2, 22.51
1747818208, 0, 2, 562, 561, 15, 5.92%, 0, 0, 2, 22.23
1747818213, 0, 2, 564, 563, 15, 5.92%, 0, 0, 2, 22.47
1747818218, 0, 2, 565, 564, 15, 5.92%, 0, 0, 2, 22.50
1747818224, 0, 2, 567, 566, 15, 5.92%, 0, 0, 2, 22.50
1747818229, 0, 2, 568, 567, 15, 5.92%, 0, 0, 2, 22.36
1747818234, 0, 2, 569, 568, 15, 5.92%, 0, 0, 2, 22.27
1747818239, 0, 2, 570, 569, 15, 5.92%, 0, 0, 2, 21.95
1747818249, 0, 2, 571, 570, 15, 5.92%, 0, 0, 2, 22.52
1747818254, 0, 2, 572, 571, 15, 5.92%, 0, 0, 2, 22.44
1747818264, 0, 2, 573, 572, 15, 5.92%, 0, 0, 2, 22.54
1747818269, 0, 2, 574, 573, 15, 5.92%, 0, 0, 2, 22.50
1747818275, 0, 2, 577, 576, 15, 5.92%, 0, 0, 2, 21.60
1747818285, 0, 2, 578, 577, 15, 5.92%, 0, 0, 2, 22.53
1747818295, 0, 2, 580, 579, 15, 5.92%, 0, 0, 2, 22.32
1747818300, 0, 2, 581, 580, 15, 5.92%, 0, 0, 2, 22.33
1747818305, 0, 3, 586, 585, 12, 5.93%, 0, 0, 2, 20.61
1747818310, 0, 3, 595, 594, 12, 5.95%, 0, 0, 2, 19.31
1747818316, 0, 3, 603, 602, 12, 5.95%, 0, 0, 2, 19.22
1747818321, 0, 3, 610, 609, 12, 5.95%, 0, 0, 2, 19.14
1747818326, 0, 3, 616, 615, 12, 5.98%, 0, 0, 2, 19.03
1747818331, 0, 3, 621, 620, 12, 6.07%, 0, 0, 2, 18.67
1747818336, 0, 3, 623, 622, 12, 6.07%, 0, 0, 2, 19.48
1747818341, 0, 3, 627, 626, 12, 6.07%, 0, 0, 2, 18.85
1747818346, 0, 3, 629, 628, 12, 6.07%, 0, 0, 2, 19.37
1747818351, 0, 3, 633, 632, 12, 6.07%, 0, 0, 2, 19.17
1747818356, 0, 3, 635, 634, 12, 6.07%, 0, 0, 2, 19.19
1747818361, 0, 3, 639, 638, 12, 6.07%, 0, 0, 2, 19.04
1747818372, 0, 3, 641, 640, 12, 6.07%, 0, 0, 2, 19.27
1747818377, 0, 3, 644, 643, 12, 6.07%, 0, 0, 2, 19.44
1747818382, 0, 3, 646, 645, 12, 6.07%, 0, 0, 2, 19.26
1747818387, 0, 3, 647, 646, 12, 6.07%, 0, 0, 2, 19.36
1747818392, 0, 3, 648, 647, 12, 6.07%, 0, 0, 2, 19.39
1747818397, 0, 3, 650, 649, 12, 6.07%, 0, 0, 2, 19.59
1747818402, 0, 3, 652, 651, 12, 6.07%, 0, 0, 2, 19.36
1747818407, 0, 3, 655, 654, 12, 6.07%, 0, 0, 2, 19.56
1747818412, 0, 3, 658, 657, 12, 6.07%, 0, 0, 2, 19.25
1747818417, 0, 3, 659, 658, 12, 6.07%, 0, 0, 2, 19.67
1747818423, 0, 3, 660, 659, 12, 6.07%, 0, 0, 2, 19.76
1747818428, 0, 3, 661, 660, 12, 6.07%, 0, 0, 2, 19.69
1747818433, 0, 3, 664, 663, 12, 6.07%, 0, 0, 2, 19.12
1747818443, 0, 3, 667, 666, 12, 6.07%, 0, 0, 2, 18.84
1747818448, 0, 3, 669, 668, 12, 6.07%, 0, 0, 2, 18.91
1747818453, 0, 3, 670, 669, 12, 6.07%, 0, 0, 2, 19.17
1747818458, 0, 3, 671, 670, 12, 6.07%, 0, 0, 2, 19.09
1747818463, 0, 3, 674, 673, 12, 6.07%, 0, 0, 2, 18.28
1747818468, 0, 3, 675, 674, 12, 6.07%, 0, 0, 2, 19.13
1747818479, 0, 3, 677, 676, 12, 6.07%, 0, 0, 2, 19.32
1747818489, 0, 3, 678, 677, 12, 6.07%, 0, 0, 2, 19.57
1747818504, 0, 3, 680, 679, 12, 6.07%, 0, 0, 2, 19.53
1747818509, 0, 3, 681, 680, 12, 6.07%, 0, 0, 2, 19.70
1747818514, 0, 3, 682, 681, 12, 6.07%, 0, 0, 2, 19.80
1747818519, 0, 3, 683, 682, 12, 6.07%, 0, 0, 2, 19.50
1747818540, 0, 3, 684, 683, 12, 6.07%, 0, 0, 2, 19.76
1747818545, 0, 3, 685, 684, 12, 6.07%, 0, 0, 2, 19.66
1747818550, 0, 3, 686, 685, 12, 6.07%, 0, 0, 2, 19.19
1747818560, 0, 4, 691, 690, 11, 6.07%, 0, 0, 2, 17.96
1747818566, 0, 4, 698, 697, 11, 6.07%, 0, 0, 2, 16.82
1747818571, 0, 4, 705, 704, 11, 6.07%, 0, 0, 2, 16.20
1747818576, 0, 4, 711, 710, 11, 6.07%, 0, 0, 2, 16.72
1747818581, 0, 4, 717, 716, 11, 6.07%, 0, 0, 2, 16.18
1747818586, 0, 4, 721, 720, 11, 6.07%, 0, 0, 2, 16.74
1747818591, 0, 4, 726, 725, 11, 6.07%, 0, 0, 2, 16.34
1747818596, 0, 4, 729, 728, 11, 6.07%, 0, 0, 2, 16.52
1747818601, 0, 4, 731, 730, 11, 6.07%, 0, 0, 2, 16.57
1747818606, 0, 4, 734, 733, 11, 6.07%, 0, 0, 2, 16.41
1747818611, 0, 4, 738, 737, 11, 6.07%, 0, 0, 2, 17.07
1747818617, 0, 4, 741, 740, 11, 6.07%, 0, 0, 2, 16.57
1747818622, 0, 4, 744, 743, 11, 6.07%, 0, 0, 2, 16.30
1747818627, 0, 4, 745, 744, 11, 6.07%, 0, 0, 2, 16.76
1747818632, 0, 4, 746, 745, 11, 6.07%, 0, 0, 2, 16.92
1747818637, 0, 4, 748, 747, 11, 6.07%, 0, 0, 2, 16.62
1747818642, 0, 4, 751, 750, 11, 6.08%, 0, 0, 2, 16.89
1747818647, 0, 4, 753, 752, 11, 6.08%, 0, 0, 2, 16.27
1747818653, 0, 4, 754, 753, 11, 6.08%, 0, 0, 2, 16.79
1747818658, 0, 4, 756, 755, 11, 6.08%, 0, 0, 2, 17.13
1747818663, 0, 4, 757, 756, 11, 6.08%, 0, 0, 2, 17.06
1747818668, 0, 4, 759, 758, 11, 6.51%, 0, 0, 2, 16.59
1747818683, 0, 4, 762, 761, 11, 6.51%, 0, 0, 2, 16.60
1747818688, 0, 4, 764, 763, 11, 6.51%, 0, 0, 2, 16.50
1747818693, 0, 4, 766, 765, 11, 6.51%, 0, 0, 2, 16.66
1747818699, 0, 4, 768, 767, 11, 6.51%, 0, 0, 2, 16.46
1747818704, 0, 4, 769, 768, 11, 6.51%, 0, 0, 2, 17.20
1747818719, 0, 4, 771, 770, 11, 6.51%, 0, 0, 2, 16.88
1747818724, 0, 4, 773, 772, 11, 6.51%, 0, 0, 2, 17.19
1747818729, 0, 4, 774, 773, 11, 6.51%, 0, 0, 2, 16.95
1747818734, 0, 4, 775, 774, 11, 6.51%, 0, 0, 2, 17.12
1747818739, 0, 4, 776, 775, 11, 6.51%, 0, 0, 2, 17.08
1747818750, 0, 4, 777, 776, 11, 6.51%, 0, 0, 2, 16.80
1747818755, 0, 4, 778, 777, 11, 6.51%, 0, 0, 2, 16.54
1747818760, 0, 4, 779, 778, 11, 6.51%, 0, 0, 2, 17.01
1747818765, 0, 4, 780, 779, 11, 6.51%, 0, 0, 2, 16.87
1747818775, 0, 4, 781, 780, 11, 6.51%, 0, 0, 2, 16.62
1747818780, 0, 4, 782, 781, 11, 6.51%, 0, 0, 2, 16.79
1747818786, 0, 4, 783, 782, 11, 6.51%, 0, 0, 2, 16.82
1747818821, 0, 4, 784, 783, 11, 6.51%, 0, 0, 2, 16.64
1747818832, 0, 4, 785, 784, 11, 6.51%, 0, 0, 2, 17.17
1747818847, 0, 4, 786, 785, 11, 6.51%, 0, 0, 2, 16.72
1747818852, 0, 5, 786, 785, 9, 6.51%, 0, 0, 2, 17.19
1747818857, 0, 6, 786, 785, 9, 6.51%, 0, 0, 2, 17.10
1747818862, 0, 6, 789, 788, 9, 6.51%, 0, 0, 2, 16.73
1747818867, 0, 6, 790, 789, 9, 6.51%, 0, 0, 2, 16.72
1747818872, 0, 6, 792, 791, 9, 6.51%, 0, 0, 2, 16.70
1747818877, 0, 6, 793, 792, 9, 6.51%, 0, 0, 2, 16.83
1747818893, 0, 6, 794, 793, 9, 6.51%, 0, 0, 2, 16.54
1747818898, 0, 6, 795, 794, 9, 6.51%, 0, 0, 2, 16.69
1747818913, 0, 6, 796, 795, 9, 6.51%, 0, 0, 2, 16.68
1747818923, 0, 6, 797, 796, 9, 6.51%, 0, 0, 2, 17.07
1747818934, 0, 6, 798, 797, 9, 6.51%, 0, 0, 2, 16.46
1747818954, 0, 6, 800, 799, 9, 6.52%, 0, 0, 2, 16.70
1747818959, 0, 6, 801, 800, 9, 6.52%, 0, 0, 2, 16.52
1747818964, 0, 6, 802, 801, 9, 6.52%, 0, 0, 2, 16.51
1747818970, 0, 6, 803, 802, 9, 6.52%, 0, 0, 2, 16.38
1747818985, 0, 6, 804, 803, 9, 6.52%, 0, 0, 2, 16.63
1747818995, 0, 6, 805, 804, 9, 6.52%, 0, 0, 2, 16.98
1747819005, 0, 6, 806, 805, 9, 6.52%, 0, 0, 2, 16.58
1747819016, 0, 6, 807, 806, 9, 6.52%, 0, 0, 2, 16.63
1747819021, 0, 6, 809, 808, 9, 6.52%, 0, 0, 2, 16.39
1747819031, 0, 6, 810, 809, 9, 6.52%, 0, 0, 2, 16.52
1747819052, 0, 6, 812, 811, 9, 6.52%, 0, 0, 2, 16.71
1747819067, 0, 6, 813, 812, 9, 6.52%, 0, 0, 2, 16.68
1747819072, 0, 6, 814, 813, 9, 6.52%, 0, 0, 2, 16.73
1747819077, 0, 6, 815, 814, 9, 6.52%, 0, 0, 2, 17.15
1747819098, 0, 6, 816, 815, 9, 6.52%, 0, 0, 2, 16.66
1747819108, 0, 6, 817, 816, 9, 6.52%, 0, 0, 2, 17.03
1747819118, 0, 7, 817, 816, 9, 6.52%, 0, 0, 2, 17.09
1747819123, 0, 7, 818, 817, 9, 6.52%, 0, 0, 2, 17.11
1747819134, 0, 8, 818, 817, 9, 6.52%, 0, 0, 2, 17.03
1747819139, 0, 9, 818, 817, 9, 6.52%, 0, 0, 2, 17.01
1747819149, 0, 10, 818, 817, 9, 6.52%, 0, 0, 2, 16.99
1747819154, 0, 11, 818, 817, 9, 6.52%, 0, 0, 2, 16.77
1747819164, 0, 11, 820, 819, 9, 6.52%, 0, 0, 2, 16.59
1747819175, 0, 11, 821, 820, 9, 6.52%, 0, 0, 2, 16.68
1747819180, 0, 11, 822, 821, 9, 6.52%, 0, 0, 2, 16.48
1747819185, 0, 11, 823, 822, 9, 6.52%, 0, 0, 2, 16.69
1747819190, 0, 11, 824, 823, 9, 6.52%, 0, 0, 2, 16.81
1747819195, 0, 11, 825, 824, 9, 6.52%, 0, 0, 2, 16.57
1747819200, 0, 11, 827, 826, 9, 6.52%, 0, 0, 2, 16.64
1747819216, 0, 11, 828, 827, 9, 6.52%, 0, 0, 2, 17.09
1747819226, 0, 11, 829, 828, 9, 6.52%, 0, 0, 2, 17.50
1747819251, 0, 11, 830, 829, 9, 6.52%, 0, 0, 2, 17.51
1747819272, 0, 11, 831, 830, 9, 6.52%, 0, 0, 2, 17.31
1747819328, 0, 11, 832, 831, 9, 6.52%, 0, 0, 2, 17.23
1747819338, 0, 11, 833, 832, 9, 6.52%, 0, 0, 2, 17.23
1747819358, 0, 11, 834, 833, 9, 6.52%, 0, 0, 2, 17.06
1747819369, 0, 11, 835, 834, 9, 6.52%, 0, 0, 2, 17.20
1747819374, 0, 11, 836, 835, 9, 6.52%, 0, 0, 2, 17.36
1747819379, 0, 11, 837, 836, 9, 6.52%, 0, 0, 2, 16.81
1747819395, 0, 11, 838, 837, 9, 6.52%, 0, 0, 2, 17.04
1747819405, 0, 12, 838, 837, 12, 6.52%, 0, 0, 2, 17.13
1747819410, 0, 13, 838, 837, 12, 6.52%, 0, 0, 2, 17.17
1747819420, 0, 14, 839, 838, 12, 6.52%, 0, 0, 2, 17.26
1747819436, 0, 15, 839, 838, 12, 6.52%, 0, 0, 2, 32.48
1747819572, 0, 15, 840, 839, 12, 6.52%, 0, 0, 3, 42.14
1747819582, 0, 16, 840, 838, 12, 6.52%, 0, 0, 3, 37.93
1747819587, 0, 16, 841, 839, 12, 6.52%, 0, 0, 3, 22.36
1747819592, 0, 16, 842, 840, 12, 6.52%, 0, 0, 3, 17.80
1747819603, 0, 16, 843, 841, 12, 6.52%, 0, 0, 3, 16.76
1747819618, 0, 16, 845, 843, 12, 6.52%, 0, 0, 3, 16.72
1747819628, 0, 16, 847, 845, 12, 6.52%, 0, 0, 3, 16.56
1747819638, 0, 16, 848, 846, 12, 6.63%, 0, 0, 3, 16.52
1747819643, 0, 16, 849, 847, 12, 6.63%, 0, 0, 3, 16.96
1747819649, 0, 16, 850, 848, 12, 6.63%, 0, 0, 3, 16.95
1747819674, 0, 16, 851, 849, 12, 6.63%, 0, 0, 3, 16.99
1747819679, 0, 16, 852, 850, 12, 6.63%, 0, 0, 3, 16.95
1747819689, 0, 16, 853, 851, 12, 6.63%, 0, 0, 3, 17.29
1747819715, 0, 16, 855, 853, 12, 6.70%, 0, 0, 3, 16.99
1747819725, 0, 16, 856, 854, 12, 6.70%, 0, 0, 3, 16.97
1747819736, 0, 16, 857, 855, 12, 6.70%, 0, 0, 3, 17.00
1747819741, 0, 16, 859, 857, 12, 6.70%, 0, 0, 3, 16.77
1747819771, 0, 16, 861, 859, 12, 6.70%, 0, 0, 3, 16.78
1747819776, 0, 16, 862, 860, 12, 6.70%, 0, 0, 3, 17.08
1747819787, 0, 16, 863, 861, 12, 6.70%, 0, 0, 3, 17.07
1747819802, 0, 16, 864, 862, 12, 6.70%, 0, 0, 3, 17.04
1747819823, 0, 16, 865, 863, 12, 6.70%, 0, 0, 3, 16.87
1747819828, 0, 16, 866, 864, 12, 6.70%, 0, 0, 3, 16.57
1747819838, 0, 17, 867, 865, 12, 6.73%, 0, 0, 3, 16.58
1747819843, 0, 17, 868, 866, 12, 6.73%, 0, 0, 3, 16.76
1747819848, 0, 17, 869, 867, 12, 6.73%, 0, 0, 3, 16.55
1747819869, 0, 17, 871, 869, 12, 6.73%, 0, 0, 3, 16.52
1747819874, 0, 17, 872, 870, 12, 6.73%, 0, 0, 3, 16.48
1747819889, 0, 17, 873, 871, 12, 6.76%, 0, 0, 3, 16.72
1747819910, 0, 17, 874, 872, 12, 6.76%, 0, 0, 3, 17.10
1747819977, 0, 17, 875, 873, 12, 6.77%, 0, 0, 3, 16.64
1747819982, 0, 17, 877, 875, 12, 6.77%, 0, 0, 3, 16.69
1747819992, 0, 17, 878, 876, 12, 6.77%, 0, 0, 3, 16.62
1747820003, 0, 17, 879, 877, 12, 6.77%, 0, 0, 3, 16.88
1747820023, 0, 17, 880, 878, 12, 6.77%, 0, 0, 3, 16.44
1747820028, 0, 17, 881, 879, 12, 6.77%, 0, 0, 3, 16.81
1747820074, 0, 17, 882, 880, 12, 6.77%, 0, 0, 3, 16.61
1747820079, 0, 17, 883, 881, 12, 6.77%, 0, 0, 3, 16.50
1747820089, 0, 18, 883, 881, 14, 6.77%, 0, 0, 3, 16.57
1747820099, 0, 19, 884, 882, 14, 6.77%, 0, 0, 3, 16.44
1747820104, 0, 19, 885, 883, 14, 6.77%, 0, 0, 3, 16.12
1747820110, 0, 19, 886, 884, 14, 6.77%, 0, 0, 3, 16.48
1747820115, 0, 19, 887, 885, 14, 6.77%, 0, 0, 3, 16.42
1747820120, 0, 19, 889, 887, 14, 6.77%, 0, 0, 3, 16.15
1747820125, 0, 19, 890, 888, 14, 6.77%, 0, 0, 3, 16.29
1747820130, 0, 19, 891, 889, 14, 6.77%, 0, 0, 3, 15.95
1747820140, 0, 19, 892, 890, 14, 6.77%, 0, 0, 3, 16.31
1747820151, 0, 19, 893, 891, 14, 6.77%, 0, 0, 3, 16.55
1747820187, 0, 19, 894, 892, 14, 6.77%, 0, 0, 3, 15.95
1747820197, 0, 19, 895, 893, 14, 6.77%, 0, 0, 3, 16.18
1747820202, 0, 19, 896, 894, 14, 6.77%, 0, 0, 3, 16.30
1747820207, 0, 19, 897, 895, 14, 6.77%, 0, 0, 3, 16.27
1747820213, 0, 19, 898, 896, 14, 6.77%, 0, 0, 3, 16.11
1747820259, 0, 19, 899, 897, 14, 6.77%, 0, 0, 3, 16.54
1747820264, 0, 19, 900, 898, 14, 6.77%, 0, 0, 3, 16.19
1747820330, 0, 19, 901, 899, 14, 6.77%, 0, 0, 3, 16.27
1747820356, 0, 20, 901, 899, 15, 6.77%, 0, 0, 3, 16.55
1747820366, 0, 21, 901, 899, 15, 6.77%, 0, 0, 3, 16.42
1747820371, 0, 23, 902, 900, 15, 6.77%, 0, 0, 3, 16.52
1747820386, 0, 25, 902, 900, 15, 6.77%, 0, 0, 3, 16.86
1747820397, 0, 26, 903, 901, 15, 6.77%, 0, 0, 3, 16.76
1747820402, 0, 26, 904, 902, 15, 6.77%, 0, 0, 3, 16.50
1747820407, 0, 26, 905, 903, 15, 6.77%, 0, 0, 3, 16.66
1747820443, 0, 26, 907, 905, 15, 6.77%, 0, 0, 3, 16.64
1747820468, 0, 26, 908, 906, 15, 6.77%, 0, 0, 3, 16.66
1747820499, 0, 26, 909, 907, 15, 6.77%, 0, 0, 3, 17.03
1747820555, 0, 26, 910, 908, 15, 6.77%, 0, 0, 3, 16.47
1747820566, 0, 26, 911, 909, 15, 6.77%, 0, 0, 3, 16.29
1747820586, 0, 26, 912, 910, 15, 6.77%, 0, 0, 3, 16.58
1747820642, 0, 27, 912, 910, 15, 6.77%, 0, 0, 3, 16.50
1747820647, 0, 28, 912, 910, 15, 6.77%, 0, 0, 3, 17.20
1747820658, 0, 29, 912, 910, 15, 6.77%, 0, 0, 3, 16.83
1747820663, 0, 30, 912, 910, 15, 6.77%, 0, 0, 3, 16.57
1747820673, 0, 33, 912, 910, 15, 6.77%, 0, 0, 3, 16.48
1747820678, 0, 34, 912, 910, 15, 6.77%, 0, 0, 3, 17.16
1747820688, 0, 35, 912, 910, 15, 6.77%, 0, 0, 3, 16.67
1747820698, 0, 36, 912, 910, 15, 6.77%, 0, 0, 3, 17.14
1747820703, 0, 37, 912, 910, 15, 6.77%, 0, 0, 3, 16.94
1747820709, 0, 38, 912, 910, 15, 6.77%, 0, 0, 3, 16.53
1747820719, 0, 39, 912, 910, 15, 6.77%, 0, 0, 3, 16.33
1747820724, 0, 40, 912, 910, 15, 6.77%, 0, 0, 3, 16.60
1747820734, 0, 41, 912, 910, 15, 6.77%, 0, 0, 3, 16.86
1747820739, 0, 43, 912, 910, 15, 6.77%, 0, 0, 3, 16.90
1747820744, 0, 43, 913, 911, 15, 6.94%, 0, 0, 3, 16.28
1747820760, 0, 44, 913, 911, 15, 6.94%, 0, 0, 3, 16.70
1747820765, 0, 45, 913, 911, 15, 6.94%, 0, 0, 3, 16.71
1747820775, 0, 48, 914, 912, 15, 6.94%, 0, 0, 3, 16.63
1747820791, 0, 50, 914, 912, 15, 6.94%, 0, 0, 3, 17.25
1747820796, 0, 51, 914, 912, 15, 6.94%, 0, 0, 3, 16.81
1747820801, 0, 51, 915, 913, 15, 6.95%, 0, 0, 3, 16.62
1747820812, 0, 52, 915, 913, 15, 6.95%, 0, 0, 3, 16.98
1747820822, 0, 53, 915, 913, 15, 6.95%, 0, 0, 3, 16.96
1747820827, 0, 54, 916, 914, 15, 6.95%, 0, 0, 3, 16.53
1747820843, 0, 55, 916, 914, 16, 6.95%, 0, 0, 3, 16.36
1747820853, 0, 57, 916, 914, 16, 6.95%, 0, 0, 3, 16.59
1747820858, 0, 58, 916, 914, 16, 6.95%, 0, 0, 3, 16.75
1747820868, 0, 59, 916, 914, 16, 6.95%, 0, 0, 3, 16.53
1747820873, 0, 59, 917, 915, 16, 6.95%, 0, 0, 3, 16.39
1747820884, 0, 60, 917, 915, 16, 6.95%, 0, 0, 3, 16.58
1747820889, 0, 61, 917, 915, 16, 6.95%, 0, 0, 3, 16.53
1747820894, 0, 61, 919, 917, 16, 6.95%, 0, 0, 3, 16.01
1747820899, 0, 61, 920, 918, 16, 6.95%, 0, 0, 3, 16.07
1747820904, 0, 61, 921, 919, 16, 6.97%, 0, 0, 3, 16.32
1747820909, 0, 61, 922, 920, 16, 6.97%, 0, 0, 3, 16.06
1747820925, 0, 61, 924, 922, 16, 6.97%, 0, 0, 3, 15.99
1747820945, 0, 61, 925, 923, 16, 6.97%, 0, 0, 3, 15.86
1747820960, 0, 61, 926, 924, 16, 6.97%, 0, 0, 3, 16.49
1747820966, 0, 61, 928, 926, 16, 6.97%, 0, 0, 3, 15.85
1747820971, 0, 61, 929, 927, 16, 6.97%, 0, 0, 3, 15.91
1747821001, 0, 61, 930, 928, 16, 6.97%, 0, 0, 3, 16.12
1747821011, 0, 61, 931, 929, 16, 6.97%, 0, 0, 3, 16.09
1747821088, 0, 61, 932, 930, 16, 6.97%, 0, 0, 3, 16.44
1747821093, 0, 61, 933, 931, 16, 6.97%, 0, 0, 3, 16.39
1747821098, 0, 61, 934, 932, 16, 6.97%, 0, 0, 3, 16.26
1747821150, 0, 62, 935, 933, 17, 6.97%, 0, 0, 3, 16.37
1747821155, 0, 62, 937, 935, 17, 6.97%, 0, 0, 3, 15.48
1747821181, 0, 62, 938, 936, 17, 6.97%, 0, 0, 3, 16.06
1747821206, 0, 62, 939, 937, 17, 6.97%, 0, 0, 3, 16.11
1747821222, 0, 62, 940, 938, 17, 6.97%, 0, 0, 3, 15.99
1747821247, 0, 62, 941, 939, 17, 6.97%, 0, 0, 3, 15.95
1747821252, 0, 62, 942, 940, 17, 6.97%, 0, 0, 3, 16.02
1747821273, 0, 62, 944, 942, 17, 6.97%, 0, 0, 3, 15.91
1747821288, 0, 62, 945, 943, 17, 6.97%, 0, 0, 3, 16.17
1747821298, 0, 62, 946, 944, 17, 6.97%, 0, 0, 3, 16.65
1747821401, 0, 62, 947, 945, 17, 6.97%, 0, 0, 3, 16.02
1747821406, 0, 63, 947, 945, 17, 6.97%, 0, 0, 3, 16.15
1747821411, 0, 63, 948, 946, 17, 6.97%, 0, 0, 3, 16.44
1747821426, 0, 64, 949, 947, 17, 6.97%, 0, 0, 3, 16.19
1747821436, 0, 64, 950, 948, 17, 6.97%, 0, 0, 3, 15.98
1747821442, 0, 64, 951, 949, 17, 6.97%, 0, 0, 3, 16.06
1747821457, 0, 64, 952, 950, 17, 6.97%, 0, 0, 3, 15.86
1747821477, 0, 64, 953, 951, 17, 7.00%, 0, 0, 3, 15.68
1747821519, 0, 64, 954, 952, 17, 7.00%, 0, 0, 3, 15.98
1747821559, 0, 64, 955, 953, 17, 7.00%, 0, 0, 3, 15.99
1747821585, 0, 64, 956, 954, 17, 7.00%, 0, 0, 3, 15.85
1747821590, 0, 64, 957, 955, 17, 7.00%, 0, 0, 3, 16.25
1747821631, 0, 64, 958, 956, 17, 7.00%, 0, 0, 3, 15.91
1747821646, 0, 64, 959, 957, 17, 7.00%, 0, 0, 3, 16.15
1747821662, 0, 64, 960, 958, 17, 7.00%, 0, 0, 3, 15.79
1747821682, 0, 65, 960, 958, 16, 7.00%, 0, 0, 3, 16.42
1747821693, 0, 66, 960, 958, 16, 7.00%, 0, 0, 3, 16.38
1747821698, 0, 67, 960, 958, 16, 7.00%, 0, 0, 3, 16.41
1747821708, 0, 68, 960, 958, 16, 7.00%, 0, 0, 3, 16.96
1747821713, 0, 69, 960, 958, 16, 7.00%, 0, 0, 3, 16.84
1747821723, 0, 70, 960, 958, 16, 7.00%, 0, 0, 3, 16.51
1747821728, 0, 70, 961, 959, 16, 7.00%, 0, 0, 3, 15.58
1747821733, 0, 70, 962, 960, 16, 7.00%, 0, 0, 3, 15.69
1747821744, 0, 70, 964, 962, 16, 7.00%, 0, 0, 3, 15.24
1747821810, 0, 70, 965, 963, 16, 7.00%, 0, 0, 3, 16.30
1747821821, 0, 70, 966, 964, 16, 7.00%, 0, 0, 3, 16.03
1747821975, 0, 70, 967, 965, 16, 7.00%, 0, 0, 3, 15.14
1747821980, 0, 71, 968, 966, 16, 7.00%, 0, 0, 3, 16.01
1747821985, 0, 71, 969, 967, 16, 7.00%, 0, 0, 3, 15.90
1747821990, 0, 71, 970, 968, 16, 7.00%, 0, 0, 3, 15.57
1747822001, 0, 71, 971, 969, 16, 7.00%, 0, 0, 3, 15.94
1747822011, 0, 71, 972, 970, 16, 7.00%, 0, 0, 3, 15.58
1747822031, 0, 71, 973, 971, 16, 7.00%, 0, 0, 3, 15.48
1747822072, 0, 71, 975, 973, 16, 7.00%, 0, 0, 3, 14.86
1747822113, 0, 71, 976, 974, 16, 7.00%, 0, 0, 3, 15.99
1747822190, 0, 71, 977, 975, 16, 7.01%, 0, 0, 3, 16.00
1747822231, 0, 71, 978, 976, 16, 7.01%, 0, 0, 3, 15.76
1747822241, 0, 72, 978, 976, 15, 7.01%, 0, 0, 3, 16.23
1747822252, 0, 76, 978, 976, 15, 7.01%, 0, 0, 3, 17.00
1747822257, 0, 77, 979, 977, 15, 7.01%, 0, 0, 3, 17.12
1747822272, 0, 78, 979, 977, 15, 7.01%, 0, 0, 3, 16.41
1747822283, 0, 79, 980, 978, 15, 7.01%, 0, 0, 3, 15.56
1747822293, 0, 79, 981, 979, 15, 7.03%, 0, 0, 3, 15.02
1747822308, 0, 79, 982, 980, 15, 7.03%, 0, 0, 3, 15.59
1747822313, 0, 79, 984, 982, 15, 7.03%, 0, 0, 3, 15.15
1747822319, 0, 79, 985, 983, 15, 7.03%, 0, 0, 3, 15.55
1747822324, 0, 79, 986, 984, 15, 7.03%, 0, 0, 3, 14.96
1747822339, 0, 79, 987, 985, 15, 7.03%, 0, 0, 3, 15.66
1747822385, 0, 79, 988, 986, 15, 7.03%, 0, 0, 3, 15.46
1747822395, 0, 79, 989, 987, 15, 7.03%, 0, 0, 3, 15.32
1747822400, 0, 79, 990, 988, 15, 7.03%, 0, 0, 3, 15.24
1747822410, 0, 79, 991, 989, 15, 7.03%, 0, 0, 3, 15.22
1747822466, 0, 79, 992, 990, 15, 7.03%, 0, 0, 3, 14.87
1747822472, 0, 79, 993, 991, 15, 7.03%, 0, 0, 3, 15.02
1747822477, 0, 79, 994, 992, 15, 7.03%, 0, 0, 3, 15.57
1747822492, 0, 79, 995, 993, 15, 7.03%, 0, 0, 3, 15.70
1747822518, 0, 79, 996, 994, 15, 7.03%, 0, 0, 3, 15.30
1747822523, 0, 79, 997, 995, 15, 7.03%, 0, 0, 3, 15.31
1747822538, 0, 79, 999, 997, 15, 7.03%, 0, 0, 3, 14.77
1747822554, 0, 80, 999, 997, 16, 7.03%, 0, 0, 3, 16.11
1747822559, 0, 80, 1001, 999, 16, 7.03%, 0, 0, 3, 16.05
1747822569, 0, 80, 1002, 1000, 16, 7.03%, 0, 0, 3, 16.19
1747822595, 0, 80, 1003, 1001, 16, 7.03%, 0, 0, 3, 16.54
1747822605, 0, 80, 1004, 1002, 16, 7.03%, 0, 0, 3, 16.69
1747822610, 0, 80, 1005, 1003, 16, 7.03%, 0, 0, 3, 16.51
1747822626, 0, 80, 1007, 1005, 16, 7.03%, 0, 0, 3, 16.26
1747822646, 0, 80, 1008, 1006, 16, 7.03%, 0, 0, 3, 16.40
1747822656, 0, 80, 1009, 1007, 16, 7.03%, 0, 0, 3, 16.53
1747822692, 0, 80, 1010, 1008, 16, 7.03%, 0, 0, 3, 16.80
1747822728, 0, 80, 1011, 1009, 16, 7.03%, 0, 0, 3, 16.75
1747822805, 0, 81, 1011, 1009, 16, 7.03%, 0, 0, 3, 16.59
1747822816, 0, 82, 1012, 1010, 16, 7.03%, 0, 0, 3, 15.19
1747822831, 0, 83, 1013, 1011, 16, 7.03%, 0, 0, 3, 16.31
1747822846, 0, 84, 1015, 1013, 16, 7.04%, 0, 0, 3, 15.63
1747822852, 0, 84, 1017, 1015, 16, 7.04%, 0, 0, 3, 14.02
1747822857, 0, 84, 1019, 1017, 16, 7.04%, 0, 0, 3, 14.40
1747822877, 0, 84, 1021, 1019, 16, 7.04%, 0, 0, 3, 14.35
1747822893, 0, 84, 1023, 1021, 16, 7.04%, 0, 0, 3, 14.49
1747822908, 0, 84, 1024, 1022, 16, 7.04%, 0, 0, 3, 15.27
1747822913, 0, 84, 1025, 1023, 16, 7.04%, 0, 0, 3, 15.57
1747822918, 0, 84, 1026, 1024, 16, 7.04%, 0, 0, 3, 15.31
1747822923, 0, 84, 1027, 1025, 16, 7.04%, 0, 0, 3, 14.96
1747822980, 0, 84, 1028, 1026, 16, 7.04%, 0, 0, 3, 15.24
1747822990, 0, 84, 1029, 1027, 16, 7.04%, 0, 0, 3, 15.42
1747823108, 0, 84, 1030, 1028, 16, 7.04%, 0, 0, 3, 15.14
1747823124, 0, 86, 1030, 1028, 17, 7.04%, 0, 0, 3, 16.18
1747823129, 0, 87, 1030, 1028, 17, 7.04%, 0, 0, 3, 16.01
1747823139, 0, 93, 1030, 1028, 17, 7.04%, 0, 0, 3, 16.19
1747823144, 0, 95, 1030, 1028, 17, 7.04%, 0, 0, 3, 16.12
1747823154, 0, 96, 1030, 1028, 17, 7.04%, 0, 0, 3, 15.95
1747823159, 0, 98, 1030, 1028, 17, 7.04%, 0, 0, 3, 16.07
1747823170, 0, 99, 1030, 1028, 17, 7.04%, 0, 0, 3, 17.09
1747823175, 0, 100, 1030, 1028, 17, 7.04%, 0, 0, 3, 16.02
1747823185, 0, 100, 1032, 1030, 17, 7.04%, 0, 0, 3, 15.11
1747823210, 0, 101, 1032, 1030, 17, 7.04%, 0, 0, 3, 16.18
1747823221, 0, 102, 1032, 1030, 17, 7.04%, 0, 0, 3, 16.53
1747823226, 0, 103, 1032, 1030, 17, 7.04%, 0, 0, 3, 16.50
1747823236, 0, 104, 1032, 1030, 17, 7.04%, 0, 0, 3, 15.90
1747823241, 0, 104, 1033, 1031, 17, 7.04%, 0, 0, 3, 14.95
1747823251, 0, 105, 1035, 1033, 17, 7.04%, 0, 0, 3, 14.75
1747823282, 0, 105, 1036, 1034, 17, 7.04%, 0, 0, 3, 15.23
1747823292, 0, 105, 1037, 1035, 17, 7.04%, 0, 0, 3, 14.86
1747823312, 0, 105, 1038, 1036, 17, 7.04%, 0, 0, 3, 15.29
1747823323, 0, 105, 1039, 1037, 17, 7.04%, 0, 0, 3, 15.17
1747823363, 0, 105, 1040, 1038, 17, 7.04%, 0, 0, 3, 15.27
1747823419, 0, 105, 1041, 1039, 17, 7.04%, 0, 0, 3, 14.75
1747823486, 0, 105, 1042, 1040, 17, 7.04%, 0, 0, 3, 14.92
1747823506, 0, 105, 1043, 1041, 17, 7.04%, 0, 0, 3, 15.73
1747823522, 0, 106, 1043, 1041, 17, 7.04%, 0, 0, 3, 16.33
1747823527, 0, 107, 1043, 1041, 17, 7.04%, 0, 0, 3, 16.47
1747823537, 0, 108, 1043, 1041, 17, 7.04%, 0, 0, 3, 15.93
1747823542, 0, 110, 1043, 1041, 17, 7.04%, 0, 0, 3, 16.23
1747823552, 0, 112, 1043, 1041, 17, 7.04%, 0, 0, 3, 16.56
1747823558, 0, 113, 1043, 1041, 17, 7.04%, 0, 0, 3, 15.91
1747823568, 0, 116, 1044, 1042, 17, 7.04%, 0, 0, 3, 16.14
1747823573, 0, 116, 1045, 1043, 17, 7.04%, 0, 0, 3, 14.73
1747823578, 0, 116, 1046, 1044, 17, 7.04%, 0, 0, 3, 15.01
1747823588, 0, 116, 1047, 1045, 17, 7.04%, 0, 0, 3, 14.85
1747823655, 0, 116, 1048, 1046, 17, 7.04%, 0, 0, 3, 15.41
1747823665, 0, 116, 1049, 1047, 17, 7.04%, 0, 0, 3, 14.87
1747823686, 0, 116, 1050, 1048, 17, 7.04%, 0, 0, 3, 15.18
1747823701, 0, 116, 1052, 1050, 17, 7.04%, 0, 0, 3, 14.30
1747823706, 0, 116, 1053, 1051, 17, 7.04%, 0, 0, 3, 14.67
1747823716, 0, 116, 1054, 1052, 17, 7.04%, 0, 0, 3, 15.37
1747823727, 0, 116, 1055, 1053, 17, 7.04%, 0, 0, 3, 15.31
1747823839, 0, 118, 1055, 1053, 17, 7.04%, 0, 0, 3, 16.23
1747823845, 0, 119, 1055, 1053, 17, 7.04%, 0, 0, 3, 16.83
1747823855, 0, 120, 1055, 1053, 17, 7.04%, 0, 0, 3, 16.80
1747823860, 0, 121, 1055, 1053, 17, 7.04%, 0, 0, 3, 16.51
1747823870, 0, 121, 1056, 1054, 17, 7.04%, 0, 0, 3, 14.75
1747823876, 0, 121, 1057, 1055, 17, 7.04%, 0, 0, 3, 15.31
1747823896, 0, 122, 1057, 1055, 17, 7.04%, 0, 0, 3, 15.90
1747823906, 0, 123, 1057, 1055, 17, 7.04%, 0, 0, 3, 16.29
1747823911, 0, 124, 1057, 1055, 17, 7.04%, 0, 0, 3, 16.56
1747823916, 0, 124, 1058, 1056, 17, 7.04%, 0, 0, 3, 15.62
1747823927, 0, 125, 1058, 1056, 17, 7.04%, 0, 0, 3, 15.68
1747823937, 0, 126, 1058, 1056, 17, 7.04%, 0, 0, 3, 16.78
1747823942, 0, 127, 1058, 1056, 17, 7.04%, 0, 0, 3, 16.81
1747823952, 0, 128, 1058, 1056, 17, 7.04%, 0, 0, 3, 17.32
1747823957, 0, 130, 1058, 1056, 17, 7.04%, 0, 0, 3, 16.93
1747823967, 0, 131, 1058, 1056, 17, 7.04%, 0, 0, 3, 17.12
1747823972, 0, 134, 1058, 1056, 17, 7.04%, 0, 0, 3, 17.04
1747823983, 0, 135, 1058, 1056, 17, 7.04%, 0, 0, 3, 16.63
1747823988, 0, 136, 1058, 1056, 17, 7.04%, 0, 0, 3, 16.81
1747823998, 0, 138, 1058, 1056, 17, 7.04%, 0, 0, 3, 16.89
1747824004, 0, 139, 1058, 1056, 17, 7.04%, 0, 0, 3, 16.47
1747824014, 0, 140, 1058, 1056, 17, 7.04%, 0, 0, 3, 17.17
1747824019, 0, 142, 1058, 1056, 17, 7.04%, 0, 0, 3, 16.42
1747824029, 0, 144, 1058, 1056, 17, 7.04%, 0, 0, 3, 16.35
1747824034, 0, 145, 1058, 1056, 17, 7.04%, 0, 0, 3, 17.17
1747824044, 0, 149, 1058, 1056, 17, 7.04%, 0, 0, 3, 17.08
1747824050, 0, 150, 1059, 1057, 17, 7.04%, 0, 0, 3, 15.95
1747824060, 0, 150, 1060, 1058, 17, 7.04%, 0, 0, 3, 15.54
1747824065, 0, 150, 1061, 1059, 17, 7.04%, 0, 0, 3, 14.46
1747824081, 0, 150, 1062, 1060, 17, 7.04%, 0, 0, 3, 15.24
1747824116, 0, 150, 1063, 1061, 17, 7.04%, 0, 0, 3, 14.06
1747824121, 0, 150, 1065, 1063, 17, 7.04%, 0, 0, 3, 13.47
1747824137, 0, 150, 1066, 1064, 17, 7.04%, 0, 0, 3, 14.83
1747824147, 0, 150, 1067, 1065, 17, 7.04%, 0, 0, 3, 14.78
1747824157, 0, 150, 1068, 1066, 17, 7.04%, 0, 0, 3, 14.91
1747824183, 0, 150, 1069, 1067, 17, 7.04%, 0, 0, 3, 14.37
1747824204, 0, 150, 1071, 1069, 17, 7.04%, 0, 0, 3, 14.78
1747824234, 0, 150, 1072, 1070, 17, 7.04%, 0, 0, 3, 14.70
1747824260, 0, 150, 1073, 1071, 17, 7.04%, 0, 0, 3, 14.78
1747824331, 0, 151, 1073, 1071, 18, 7.04%, 0, 0, 3, 15.29
1747824342, 0, 153, 1073, 1071, 18, 7.04%, 0, 0, 3, 16.39
1747824347, 0, 154, 1073, 1071, 18, 7.04%, 0, 0, 3, 16.51
1747824357, 0, 155, 1073, 1071, 18, 7.04%, 0, 0, 3, 17.12
1747824362, 0, 156, 1073, 1071, 18, 7.04%, 0, 0, 3, 16.84
1747824372, 0, 158, 1074, 1072, 18, 7.04%, 0, 0, 3, 15.40
1747824388, 0, 159, 1075, 1073, 19, 7.04%, 0, 0, 3, 14.63
1747824393, 0, 159, 1076, 1074, 19, 7.04%, 0, 0, 3, 14.41
1747824398, 0, 159, 1077, 1075, 19, 7.04%, 0, 0, 3, 14.21
1747824403, 0, 159, 1078, 1076, 19, 7.04%, 0, 0, 3, 14.32
1747824408, 0, 159, 1079, 1077, 19, 7.04%, 0, 0, 3, 13.85
1747824413, 0, 159, 1080, 1078, 19, 7.04%, 0, 0, 3, 14.03
1747824444, 0, 159, 1081, 1079, 19, 7.04%, 0, 0, 3, 15.35
1747824459, 0, 159, 1082, 1080, 19, 7.04%, 0, 0, 3, 14.41
1747824516, 0, 159, 1083, 1081, 19, 7.04%, 0, 0, 3, 14.79
1747824552, 0, 159, 1084, 1082, 19, 7.04%, 0, 0, 3, 14.44
1747824603, 0, 159, 1085, 1083, 19, 7.04%, 0, 0, 3, 15.11
1747824639, 0, 159, 1086, 1084, 19, 7.04%, 0, 0, 3, 14.49
1747824675, 0, 160, 1086, 1084, 19, 7.04%, 0, 0, 3, 14.93
1747824680, 0, 160, 1088, 1086, 19, 7.04%, 0, 0, 3, 13.13
1747824685, 0, 160, 1089, 1087, 19, 7.04%, 0, 0, 3, 14.91
1747824690, 0, 160, 1090, 1088, 19, 7.04%, 0, 0, 3, 14.30
1747824737, 0, 160, 1091, 1089, 19, 7.04%, 0, 0, 3, 14.30
1747824839, 0, 160, 1092, 1090, 19, 7.04%, 0, 0, 3, 13.18
1747824875, 0, 160, 1093, 1091, 19, 7.04%, 0, 0, 3, 13.56
1747824957, 0, 161, 1093, 1091, 19, 7.04%, 0, 0, 3, 15.07
1747824968, 0, 162, 1094, 1092, 19, 7.04%, 0, 0, 3, 14.75
1747824973, 0, 162, 1095, 1093, 19, 7.04%, 0, 0, 3, 14.74
1747824978, 0, 162, 1096, 1094, 19, 7.04%, 0, 0, 3, 14.23
1747824983, 0, 162, 1098, 1096, 19, 7.04%, 0, 0, 3, 14.20
1747825008, 0, 162, 1099, 1097, 19, 7.04%, 0, 0, 3, 14.85
1747825024, 0, 162, 1100, 1098, 19, 7.04%, 0, 0, 3, 15.01
1747825080, 0, 162, 1101, 1099, 19, 7.04%, 0, 0, 3, 14.69
1747825193, 0, 162, 1102, 1100, 19, 7.04%, 0, 0, 3, 14.32
1747825249, 0, 163, 1102, 1100, 19, 7.04%, 0, 0, 3, 16.53
1747825254, 0, 164, 1102, 1100, 19, 7.04%, 0, 0, 3, 16.62
1747825259, 0, 164, 1103, 1101, 19, 7.04%, 0, 0, 3, 14.43
1747825270, 0, 164, 1104, 1102, 19, 7.04%, 0, 0, 3, 14.01
1747825285, 0, 164, 1105, 1103, 19, 7.04%, 0, 0, 3, 14.22
1747825290, 0, 164, 1106, 1104, 19, 7.04%, 0, 0, 3, 13.67
1747825367, 0, 164, 1107, 1105, 19, 7.04%, 0, 0, 3, 14.01
1747825490, 0, 164, 1108, 1106, 19, 7.04%, 0, 0, 3, 13.45
1747825541, 0, 165, 1108, 1106, 19, 7.04%, 0, 0, 3, 14.03
1747825551, 0, 166, 1108, 1106, 19, 7.04%, 0, 0, 3, 15.67
1747825561, 0, 167, 1108, 1106, 19, 7.04%, 0, 0, 3, 15.15
1747825566, 0, 168, 1108, 1106, 19, 7.04%, 0, 0, 3, 14.93
1747825576, 0, 169, 1108, 1106, 19, 7.04%, 0, 0, 3, 16.63
1747825582, 0, 172, 1108, 1106, 19, 7.04%, 0, 0, 3, 16.45
1747825587, 0, 172, 1109, 1107, 19, 7.04%, 0, 0, 3, 13.84
1747825592, 0, 172, 1111, 1109, 19, 7.04%, 0, 0, 3, 13.12
1747825607, 0, 172, 1112, 1110, 19, 7.04%, 0, 0, 3, 14.41
1747825628, 0, 172, 1113, 1111, 19, 7.04%, 0, 0, 3, 14.16
1747825648, 0, 172, 1114, 1112, 19, 7.04%, 0, 0, 3, 14.43
1747825658, 0, 172, 1115, 1113, 19, 7.04%, 0, 0, 3, 14.42
1747825731, 0, 172, 1116, 1114, 19, 7.04%, 0, 0, 3, 13.61
1747825772, 0, 172, 1117, 1115, 19, 7.04%, 0, 0, 3, 14.42
1747825787, 0, 172, 1118, 1116, 19, 7.04%, 0, 0, 3, 12.98
1747825808, 0, 172, 1119, 1117, 19, 7.04%, 0, 0, 3, 13.37
1747825858, 0, 172, 1120, 1118, 19, 7.04%, 0, 0, 3, 14.08
1747825879, 0, 174, 1121, 1119, 19, 7.04%, 0, 0, 3, 13.86
1747825884, 0, 174, 1122, 1120, 19, 7.04%, 0, 0, 3, 13.19
1747825900, 0, 174, 1123, 1121, 19, 7.04%, 0, 0, 3, 13.51
1747825940, 0, 174, 1124, 1122, 19, 7.04%, 0, 0, 3, 13.21
1747826027, 0, 175, 1124, 1122, 19, 7.04%, 0, 0, 3, 15.44
1747826038, 0, 176, 1124, 1122, 19, 7.04%, 0, 0, 3, 15.18
1747826043, 0, 177, 1124, 1122, 19, 7.04%, 0, 0, 3, 15.67
1747826053, 0, 178, 1125, 1123, 19, 7.04%, 0, 0, 3, 14.15
1747826069, 0, 179, 1125, 1123, 19, 7.04%, 0, 0, 3, 14.91
1747826079, 0, 180, 1125, 1123, 19, 7.04%, 0, 0, 3, 16.79
1747826084, 0, 181, 1125, 1123, 19, 7.04%, 0, 0, 3, 17.03
1747826094, 0, 182, 1125, 1123, 19, 7.04%, 0, 0, 3, 16.74
1747826100, 0, 182, 1126, 1124, 19, 7.04%, 0, 0, 3, 16.81
1747826110, 0, 183, 1126, 1124, 19, 7.04%, 0, 0, 3, 15.81
1747826115, 0, 183, 1127, 1125, 19, 7.04%, 0, 0, 3, 13.43
1747826130, 0, 184, 1128, 1126, 19, 7.04%, 0, 0, 3, 13.20
1747826146, 0, 184, 1129, 1127, 19, 7.04%, 0, 0, 3, 13.37
1747826166, 0, 185, 1129, 1127, 19, 7.04%, 0, 0, 3, 15.78
1747826172, 0, 186, 1129, 1127, 19, 7.04%, 0, 0, 3, 15.98
1747826182, 0, 187, 1129, 1127, 19, 7.04%, 0, 0, 3, 15.48
1747826187, 0, 187, 1130, 1128, 19, 7.04%, 0, 0, 3, 16.14
1747826197, 0, 188, 1130, 1128, 19, 7.04%, 0, 0, 3, 15.88
1747826207, 0, 189, 1131, 1129, 19, 7.06%, 0, 0, 3, 13.22
1747826223, 0, 189, 1133, 1131, 19, 7.06%, 0, 0, 3, 13.42
1747826264, 0, 189, 1134, 1132, 19, 7.06%, 0, 0, 3, 12.83
1747826356, 0, 190, 1135, 1133, 19, 7.06%, 0, 0, 3, 13.66
1747826371, 0, 191, 1135, 1133, 19, 7.06%, 0, 0, 3, 14.67
1747826382, 0, 192, 1135, 1133, 19, 7.06%, 0, 0, 3, 15.78
1747826387, 0, 195, 1135, 1133, 19, 7.06%, 0, 0, 3, 16.68
1747826397, 0, 197, 1135, 1133, 19, 7.06%, 0, 0, 3, 14.08
1747826407, 0, 198, 1135, 1133, 19, 7.06%, 0, 0, 3, 14.99
1747826418, 0, 199, 1135, 1133, 19, 7.06%, 0, 0, 3, 16.66
1747826423, 0, 200, 1135, 1133, 19, 7.06%, 0, 0, 3, 14.96
1747826433, 0, 201, 1135, 1133, 19, 7.06%, 0, 0, 3, 15.07
1747826438, 0, 201, 1136, 1134, 19, 7.06%, 0, 0, 3, 13.07
1747826453, 0, 202, 1136, 1134, 19, 7.06%, 0, 0, 3, 15.58
1747826459, 0, 203, 1136, 1134, 19, 7.06%, 0, 0, 3, 16.49
1747826469, 0, 204, 1138, 1136, 19, 7.06%, 0, 0, 3, 13.56
1747826474, 0, 204, 1139, 1137, 19, 7.06%, 0, 0, 3, 12.16
1747826484, 0, 204, 1140, 1138, 19, 7.06%, 0, 0, 3, 12.71
1747826510, 0, 204, 1142, 1140, 19, 7.06%, 0, 0, 3, 12.12
1747826562, 0, 204, 1143, 1141, 19, 7.06%, 0, 0, 3, 13.79
1747826675, 0, 204, 1144, 1142, 19, 7.06%, 0, 0, 3, 12.67
1747826721, 0, 204, 1145, 1143, 19, 7.06%, 0, 0, 3, 13.08
1747826772, 0, 205, 1146, 1144, 19, 7.06%, 0, 0, 3, 16.14
1747826787, 0, 206, 1147, 1145, 19, 7.06%, 0, 0, 3, 13.64
1747826792, 0, 206, 1148, 1146, 19, 7.06%, 0, 0, 3, 12.91
1747826798, 0, 206, 1149, 1147, 19, 7.06%, 0, 0, 3, 12.81
1747826813, 0, 206, 1150, 1148, 19, 7.06%, 0, 0, 3, 13.42
1747826936, 0, 207, 1150, 1148, 19, 7.06%, 0, 0, 3, 13.55
1747826946, 0, 207, 1151, 1149, 19, 7.06%, 0, 0, 3, 13.48
1747826956, 0, 208, 1151, 1149, 19, 7.06%, 0, 0, 3, 14.55
1747826966, 0, 209, 1151, 1149, 19, 7.06%, 0, 0, 3, 14.84
1747826972, 0, 210, 1152, 1150, 19, 7.07%, 0, 0, 3, 13.76
1747826977, 0, 210, 1153, 1151, 19, 7.07%, 0, 0, 3, 12.66
1747826987, 0, 210, 1154, 1152, 19, 7.07%, 0, 0, 3, 13.09
1747827017, 0, 210, 1155, 1153, 19, 7.07%, 0, 0, 3, 13.09
1747827078, 0, 210, 1156, 1154, 19, 7.21%, 0, 0, 3, 13.09
1747827125, 0, 210, 1157, 1155, 19, 7.21%, 0, 0, 3, 14.35
1747827140, 0, 210, 1158, 1156, 19, 7.21%, 0, 0, 3, 13.50
1747827283, 0, 211, 1158, 1156, 20, 7.21%, 0, 0, 3, 16.13
1747827288, 0, 212, 1158, 1156, 20, 7.21%, 0, 0, 3, 16.75
1747827299, 0, 213, 1158, 1156, 20, 7.21%, 0, 0, 3, 14.76
1747827304, 0, 214, 1158, 1156, 20, 7.21%, 0, 0, 3, 13.91
1747827314, 0, 215, 1158, 1156, 20, 7.21%, 0, 0, 3, 14.46
1747827325, 0, 216, 1159, 1157, 20, 7.22%, 0, 0, 3, 12.19
1747827330, 0, 216, 1160, 1158, 20, 7.22%, 0, 0, 3, 13.18
1747827335, 0, 216, 1161, 1159, 20, 7.22%, 0, 0, 3, 13.31
1747827350, 0, 216, 1162, 1160, 20, 7.22%, 0, 0, 3, 11.70
1747827360, 0, 216, 1163, 1161, 20, 7.22%, 0, 0, 3, 12.85
1747827412, 0, 216, 1164, 1162, 20, 7.22%, 0, 0, 3, 13.22
1747827417, 0, 216, 1165, 1163, 20, 7.22%, 0, 0, 3, 13.96
1747827448, 0, 216, 1166, 1164, 20, 7.22%, 0, 0, 3, 13.45
1747827468, 0, 216, 1167, 1165, 20, 7.22%, 0, 0, 3, 13.09
1747827473, 0, 216, 1168, 1166, 20, 7.22%, 0, 0, 3, 11.63
1747827638, 0, 217, 1168, 1166, 19, 7.22%, 0, 0, 3, 14.57
1747827648, 0, 218, 1169, 1167, 19, 7.22%, 0, 0, 3, 13.91
1747827663, 0, 218, 1170, 1168, 19, 7.22%, 0, 0, 3, 12.89
1747827689, 0, 219, 1170, 1168, 19, 7.22%, 0, 0, 3, 15.66
1747827694, 0, 220, 1170, 1168, 19, 7.22%, 0, 0, 3, 16.56
1747827704, 0, 221, 1170, 1168, 19, 7.22%, 0, 0, 3, 16.81
1747827709, 0, 222, 1170, 1168, 19, 7.22%, 0, 0, 3, 17.23
1747827720, 0, 223, 1170, 1168, 19, 7.22%, 0, 0, 3, 16.88
1747827725, 0, 224, 1170, 1168, 19, 7.22%, 0, 0, 3, 16.82
1747827735, 0, 225, 1171, 1169, 19, 7.22%, 0, 0, 3, 13.46
1747827755, 0, 229, 1171, 1169, 19, 7.22%, 0, 0, 3, 13.56
1747827760, 0, 231, 1171, 1169, 19, 7.22%, 0, 0, 3, 14.20
1747827770, 0, 233, 1171, 1169, 19, 7.22%, 0, 0, 3, 15.00
1747827776, 0, 233, 1174, 1172, 19, 7.23%, 0, 0, 3, 11.52
1747827781, 0, 233, 1175, 1173, 19, 7.23%, 0, 0, 3, 11.85
1747827791, 0, 233, 1176, 1174, 19, 7.23%, 0, 0, 3, 11.88
1747827812, 0, 233, 1177, 1175, 19, 7.23%, 0, 0, 3, 12.94
1747827827, 0, 233, 1178, 1176, 19, 7.23%, 0, 0, 3, 13.26
1747827878, 0, 233, 1179, 1177, 19, 7.23%, 0, 0, 3, 13.15
1747827889, 0, 233, 1180, 1178, 19, 7.23%, 0, 0, 3, 12.29
1747827935, 0, 233, 1181, 1179, 19, 7.23%, 0, 0, 3, 12.46
1747827940, 0, 233, 1182, 1180, 19, 7.23%, 0, 0, 3, 12.96
1747828012, 0, 233, 1183, 1181, 19, 7.23%, 0, 0, 3, 12.76
1747828027, 0, 233, 1184, 1182, 19, 7.25%, 0, 0, 3, 12.51
1747828053, 0, 233, 1185, 1183, 19, 7.25%, 0, 0, 3, 12.54
1747828093, 0, 234, 1185, 1183, 20, 7.25%, 0, 0, 3, 12.93
1747828104, 0, 234, 1186, 1184, 20, 7.25%, 0, 0, 3, 12.35
1747828109, 0, 234, 1187, 1185, 20, 7.25%, 0, 0, 3, 13.22
1747828114, 0, 234, 1188, 1186, 20, 7.25%, 0, 0, 3, 12.73
1747828150, 0, 234, 1189, 1187, 20, 7.25%, 0, 0, 3, 13.38
1747828201, 0, 234, 1190, 1188, 20, 7.26%, 0, 0, 3, 11.87
1747828401, 0, 234, 1191, 1189, 20, 7.26%, 0, 0, 3, 12.41
1747828406, 0, 235, 1191, 1189, 21, 7.26%, 0, 0, 3, 15.24
1747828411, 0, 236, 1191, 1189, 21, 7.26%, 0, 0, 3, 16.70
1747828421, 0, 237, 1191, 1189, 21, 7.26%, 0, 0, 3, 17.14
1747828427, 0, 238, 1191, 1189, 21, 7.26%, 0, 0, 3, 17.30
1747828437, 0, 239, 1191, 1189, 21, 7.26%, 0, 0, 3, 16.77
1747828442, 0, 240, 1191, 1189, 21, 7.26%, 0, 0, 3, 15.77
1747828452, 0, 242, 1191, 1189, 21, 7.26%, 0, 0, 3, 12.75
1747828457, 0, 242, 1192, 1190, 21, 7.26%, 0, 0, 3, 12.85
1747828468, 0, 242, 1193, 1191, 21, 7.26%, 0, 0, 3, 13.41
1747828483, 0, 242, 1194, 1192, 21, 7.26%, 0, 0, 3, 11.59
1747828534, 0, 243, 1194, 1192, 21, 7.26%, 0, 0, 3, 14.00
1747828544, 0, 245, 1194, 1192, 21, 7.26%, 0, 0, 3, 14.44
1747828549, 0, 246, 1194, 1192, 21, 7.26%, 0, 0, 3, 13.97
1747828555, 0, 246, 1195, 1193, 21, 7.26%, 0, 0, 3, 12.00
1747828565, 0, 246, 1196, 1194, 21, 7.26%, 0, 0, 3, 12.55
1747828595, 0, 247, 1196, 1194, 21, 7.26%, 0, 0, 3, 15.15
1747828600, 0, 248, 1196, 1194, 21, 7.26%, 0, 0, 3, 16.23
1747828611, 0, 249, 1196, 1194, 21, 7.26%, 0, 0, 3, 14.48
1747828621, 0, 250, 1196, 1194, 21, 7.26%, 0, 0, 3, 13.14
1747828631, 0, 251, 1196, 1194, 21, 7.26%, 0, 0, 3, 13.50
1747828636, 0, 254, 1196, 1194, 21, 7.26%, 0, 0, 3, 13.13
1747828647, 0, 255, 1196, 1194, 21, 7.26%, 0, 0, 3, 14.56
1747828657, 0, 257, 1196, 1194, 21, 7.26%, 0, 0, 3, 14.41
1747828667, 0, 258, 1196, 1194, 21, 7.26%, 0, 0, 3, 13.70
1747828677, 0, 259, 1196, 1194, 21, 7.26%, 0, 0, 3, 14.01
1747828682, 0, 261, 1196, 1194, 21, 7.26%, 0, 0, 3, 13.95
1747828692, 0, 262, 1196, 1194, 21, 7.26%, 0, 0, 3, 16.71
1747828698, 0, 263, 1196, 1194, 21, 7.26%, 0, 0, 3, 16.06
1747828708, 0, 265, 1196, 1194, 21, 7.26%, 0, 0, 3, 13.41
1747828718, 0, 268, 1196, 1194, 21, 7.26%, 0, 0, 3, 14.10
1747828729, 0, 270, 1196, 1194, 21, 7.26%, 0, 0, 3, 16.76
1747828734, 0, 271, 1196, 1194, 21, 7.26%, 0, 0, 3, 17.02
1747828744, 0, 272, 1196, 1194, 21, 7.26%, 0, 0, 3, 14.64
1747828754, 0, 273, 1196, 1194, 21, 7.26%, 0, 0, 3, 13.15
1747828764, 0, 274, 1196, 1194, 21, 7.26%, 0, 0, 3, 15.73
1747828769, 0, 275, 1196, 1194, 21, 7.26%, 0, 0, 3, 16.35
1747828779, 0, 276, 1196, 1194, 21, 7.26%, 0, 0, 3, 14.05
1747828790, 0, 277, 1196, 1194, 21, 7.26%, 0, 0, 3, 15.71
1747828795, 0, 278, 1196, 1194, 21, 7.26%, 0, 0, 3, 15.71
1747828805, 0, 279, 1196, 1194, 21, 7.26%, 0, 0, 3, 15.47
1747828810, 0, 280, 1196, 1194, 21, 7.26%, 0, 0, 3, 16.02
1747828816, 0, 280, 1197, 1195, 21, 7.26%, 0, 0, 3, 12.70
1747828831, 0, 282, 1197, 1195, 21, 7.26%, 0, 0, 3, 13.43
1747828841, 0, 284, 1197, 1195, 21, 7.26%, 0, 0, 3, 13.49
1747828851, 0, 286, 1197, 1195, 21, 7.26%, 0, 0, 3, 16.68
1747828857, 0, 287, 1197, 1195, 21, 7.26%, 0, 0, 3, 15.73
1747828867, 0, 288, 1197, 1195, 21, 7.26%, 0, 0, 3, 14.81
1747828877, 0, 289, 1197, 1195, 21, 7.26%, 0, 0, 3, 16.75
1747828882, 0, 290, 1197, 1195, 21, 7.26%, 0, 0, 3, 15.79
1747828893, 0, 291, 1197, 1195, 21, 7.26%, 0, 0, 3, 13.84
1747828903, 0, 292, 1197, 1195, 21, 7.26%, 0, 0, 3, 12.53
1747828913, 0, 296, 1197, 1195, 21, 7.26%, 0, 0, 3, 12.97
1747828923, 0, 297, 1197, 1195, 21, 7.26%, 0, 0, 3, 13.36
1747828934, 0, 298, 1197, 1195, 21, 7.26%, 0, 0, 3, 15.64
1747828939, 0, 299, 1197, 1195, 21, 7.26%, 0, 0, 3, 16.25
1747828949, 0, 300, 1197, 1195, 21, 7.26%, 0, 0, 3, 13.69
1747828959, 0, 302, 1197, 1195, 21, 7.26%, 0, 0, 3, 14.66
1747828970, 0, 304, 1197, 1195, 21, 7.26%, 0, 0, 3, 16.61
1747828975, 0, 305, 1197, 1195, 21, 7.26%, 0, 0, 3, 15.38
1747828985, 0, 307, 1197, 1195, 21, 7.26%, 0, 0, 3, 14.45
1747828995, 0, 309, 1197, 1195, 21, 7.26%, 0, 0, 3, 16.88
1747829000, 0, 310, 1197, 1195, 21, 7.26%, 0, 0, 3, 15.73
1747829010, 0, 311, 1197, 1195, 21, 7.26%, 0, 0, 3, 14.28
1747829021, 0, 312, 1197, 1195, 21, 7.26%, 0, 0, 3, 12.93
1747829031, 0, 312, 1198, 1196, 21, 7.26%, 0, 0, 3, 12.77
1747829041, 0, 313, 1198, 1196, 21, 7.26%, 0, 0, 3, 14.27
1747829051, 0, 314, 1198, 1196, 21, 7.26%, 0, 0, 3, 13.00
1747829061, 0, 315, 1198, 1196, 21, 7.26%, 0, 0, 3, 12.53
1747829072, 0, 317, 1198, 1196, 21, 7.26%, 0, 0, 3, 13.47
1747829082, 0, 318, 1198, 1196, 21, 7.26%, 0, 0, 3, 15.86
1747829087, 0, 319, 1198, 1196, 21, 7.26%, 0, 0, 3, 15.65
1747829097, 0, 320, 1198, 1196, 21, 7.26%, 0, 0, 3, 13.35
1747829107, 0, 321, 1198, 1196, 21, 7.26%, 0, 0, 3, 15.07
1747829112, 0, 322, 1198, 1196, 21, 7.26%, 0, 0, 3, 16.33
1747829123, 0, 323, 1198, 1196, 21, 7.26%, 0, 0, 3, 15.08
1747829128, 0, 323, 1199, 1197, 21, 7.26%, 0, 0, 3, 13.59
1747829143, 0, 325, 1199, 1197, 20, 7.26%, 0, 0, 3, 13.68
1747829154, 0, 327, 1199, 1197, 20, 7.26%, 0, 0, 3, 15.85
1747829159, 0, 328, 1199, 1197, 20, 7.26%, 0, 0, 3, 16.10
1747829169, 0, 329, 1199, 1197, 20, 7.26%, 0, 0, 3, 14.29
1747829179, 0, 330, 1199, 1197, 20, 7.26%, 0, 0, 3, 13.51
1747829184, 0, 332, 1199, 1197, 20, 7.26%, 0, 0, 3, 13.40
1747829195, 0, 333, 1199, 1197, 20, 7.26%, 0, 0, 3, 14.33
1747829205, 0, 333, 1200, 1198, 20, 7.26%, 0, 0, 3, 12.36
1747829215, 0, 333, 1201, 1199, 20, 7.26%, 0, 0, 3, 11.89
1747829236, 0, 334, 1201, 1199, 20, 7.26%, 0, 0, 3, 12.88
1747829246, 0, 336, 1201, 1199, 20, 7.26%, 0, 0, 3, 15.19
1747829256, 0, 337, 1201, 1199, 20, 7.26%, 0, 0, 3, 14.28
1747829261, 0, 338, 1201, 1199, 20, 7.26%, 0, 0, 3, 13.68
1747829271, 0, 339, 1201, 1199, 20, 7.26%, 0, 0, 3, 13.63
1747829281, 0, 340, 1201, 1199, 20, 7.26%, 0, 0, 3, 13.27
1747829292, 0, 341, 1201, 1199, 20, 7.26%, 0, 0, 3, 13.07
1747829302, 0, 342, 1201, 1199, 20, 7.26%, 0, 0, 3, 15.99
1747829307, 0, 343, 1201, 1199, 20, 7.26%, 0, 0, 3, 15.68
1747829317, 0, 344, 1201, 1199, 20, 7.26%, 0, 0, 3, 14.93
1747829328, 0, 345, 1201, 1199, 20, 7.26%, 0, 0, 3, 13.83
1747829338, 0, 349, 1201, 1199, 20, 7.26%, 0, 0, 3, 13.42
1747829348, 0, 351, 1201, 1199, 20, 7.26%, 0, 0, 3, 15.67
1747829353, 0, 353, 1201, 1199, 20, 7.26%, 0, 0, 3, 14.64
1747829364, 0, 354, 1201, 1199, 20, 7.26%, 0, 0, 3, 14.02
1747829374, 0, 355, 1201, 1199, 20, 7.26%, 0, 0, 3, 12.63
1747829384, 0, 356, 1201, 1199, 20, 7.26%, 0, 0, 3, 12.99
1747829394, 0, 357, 1201, 1199, 20, 7.26%, 0, 0, 3, 12.71
1747829404, 0, 359, 1201, 1199, 20, 7.26%, 0, 0, 3, 13.29
1747829415, 0, 360, 1201, 1199, 20, 7.26%, 0, 0, 3, 15.36
1747829420, 0, 361, 1201, 1199, 20, 7.26%, 0, 0, 3, 16.36
1747829430, 0, 362, 1201, 1199, 20, 7.26%, 0, 0, 3, 16.89
1747829435, 0, 363, 1201, 1199, 20, 7.26%, 0, 0, 3, 15.96
1747829445, 0, 365, 1201, 1199, 20, 7.26%, 0, 0, 3, 13.58
1747829456, 0, 366, 1201, 1199, 20, 7.26%, 0, 0, 3, 14.00
1747829466, 0, 367, 1201, 1199, 20, 7.26%, 0, 0, 3, 16.09
1747829471, 0, 368, 1201, 1199, 20, 7.26%, 0, 0, 3, 15.35
1747829481, 0, 369, 1202, 1200, 20, 7.26%, 0, 0, 3, 12.36
1747829502, 0, 370, 1202, 1200, 20, 7.26%, 0, 0, 3, 15.26
1747829507, 0, 371, 1202, 1200, 20, 7.26%, 0, 0, 3, 16.58
1747829517, 0, 372, 1202, 1200, 20, 7.26%, 0, 0, 3, 17.12
1747829522, 0, 373, 1202, 1200, 20, 7.26%, 0, 0, 3, 16.16
1747829533, 0, 374, 1202, 1200, 20, 7.26%, 0, 0, 3, 14.10
1747829543, 0, 376, 1202, 1200, 20, 7.26%, 0, 0, 3, 14.49
1747829553, 0, 377, 1202, 1200, 20, 7.26%, 0, 0, 3, 13.83
1747829558, 0, 378, 1202, 1200, 20, 7.26%, 0, 0, 3, 14.47
1747829568, 0, 379, 1202, 1200, 20, 7.26%, 0, 0, 3, 14.51
1747829579, 0, 383, 1202, 1200, 20, 7.26%, 0, 0, 3, 14.25
1747829589, 0, 384, 1202, 1200, 20, 7.26%, 0, 0, 3, 15.66
1747829594, 0, 385, 1202, 1200, 20, 7.26%, 0, 0, 3, 15.49
1747829604, 0, 386, 1202, 1200, 20, 7.26%, 0, 0, 3, 13.67
1747829614, 0, 387, 1202, 1200, 20, 7.26%, 0, 0, 3, 15.34
1747829620, 0, 388, 1202, 1200, 20, 7.26%, 0, 0, 3, 16.90
1747829630, 0, 389, 1202, 1200, 20, 7.26%, 0, 0, 3, 17.05
1747829635, 0, 392, 1202, 1200, 20, 7.26%, 0, 0, 3, 16.53
1747829645, 0, 393, 1202, 1200, 20, 7.26%, 0, 0, 3, 14.08
1747829655, 0, 395, 1202, 1200, 20, 7.26%, 0, 0, 3, 17.11
1747829660, 0, 396, 1202, 1200, 20, 7.26%, 0, 0, 3, 16.83
1747829671, 0, 397, 1202, 1200, 20, 7.26%, 0, 0, 3, 14.78
1747829681, 0, 398, 1202, 1200, 20, 7.26%, 0, 0, 3, 15.80
1747829686, 0, 400, 1202, 1200, 20, 7.26%, 0, 0, 3, 16.42
1747829696, 0, 401, 1202, 1200, 20, 7.26%, 0, 0, 3, 16.89
1747829701, 0, 404, 1202, 1200, 20, 7.26%, 0, 0, 3, 15.39
1747829712, 0, 407, 1202, 1200, 20, 7.26%, 0, 0, 3, 12.89
1747829722, 0, 409, 1202, 1200, 20, 7.26%, 0, 0, 3, 14.73
1747829732, 0, 410, 1202, 1200, 20, 7.26%, 0, 0, 3, 17.03
1747829737, 0, 411, 1202, 1200, 20, 7.26%, 0, 0, 3, 16.83
1747829747, 0, 412, 1202, 1200, 20, 7.26%, 0, 0, 3, 13.93
1747829753, 0, 413, 1202, 1200, 20, 7.26%, 0, 0, 3, 14.01
1747829763, 0, 415, 1202, 1200, 20, 7.26%, 0, 0, 3, 13.93
1747829773, 0, 416, 1202, 1200, 20, 7.26%, 0, 0, 3, 17.19
1747829778, 0, 417, 1202, 1200, 20, 7.26%, 0, 0, 3, 17.36
1747829788, 0, 418, 1202, 1200, 20, 7.26%, 0, 0, 3, 17.15
1747829793, 0, 419, 1202, 1200, 20, 7.26%, 0, 0, 3, 15.71
1747829804, 0, 420, 1202, 1200, 20, 7.26%, 0, 0, 3, 14.76
1747829814, 0, 421, 1202, 1200, 20, 7.26%, 0, 0, 3, 17.05
1747829819, 0, 422, 1202, 1200, 20, 7.26%, 0, 0, 3, 17.15
1747829829, 0, 423, 1202, 1200, 20, 7.26%, 0, 0, 3, 17.05
1747829835, 0, 425, 1202, 1200, 20, 7.26%, 0, 0, 3, 17.32
1747829840, 0, 427, 1202, 1200, 20, 7.26%, 0, 0, 3, 17.14
1747829850, 0, 428, 1202, 1200, 20, 7.26%, 0, 0, 3, 13.73
1747829860, 0, 429, 1202, 1200, 20, 7.26%, 0, 0, 3, 14.27
1747829871, 0, 430, 1202, 1200, 20, 7.26%, 0, 0, 3, 13.03
1747829881, 0, 431, 1202, 1200, 20, 7.26%, 0, 0, 3, 14.88
1747829886, 0, 433, 1202, 1200, 20, 7.26%, 0, 0, 3, 16.70
1747829896, 0, 434, 1202, 1200, 20, 7.26%, 0, 0, 3, 17.20
1747829901, 0, 435, 1202, 1200, 20, 7.26%, 0, 0, 3, 16.84
1747829912, 0, 436, 1202, 1200, 20, 7.26%, 0, 0, 3, 14.33
1747829922, 0, 437, 1202, 1200, 20, 7.26%, 0, 0, 3, 13.30
1747829932, 0, 438, 1202, 1200, 20, 7.26%, 0, 0, 3, 16.23
1747829937, 0, 439, 1202, 1200, 20, 7.26%, 0, 0, 3, 16.56
1747829948, 0, 440, 1202, 1200, 20, 7.26%, 0, 0, 3, 17.10
1747829953, 0, 442, 1202, 1200, 20, 7.26%, 0, 0, 3, 16.83
1747829963, 0, 443, 1202, 1200, 20, 7.26%, 0, 0, 3, 17.09
1747829968, 0, 444, 1202, 1200, 20, 7.26%, 0, 0, 3, 15.22
1747829978, 0, 445, 1202, 1200, 20, 7.26%, 0, 0, 3, 15.52
1747829983, 0, 446, 1202, 1200, 20, 7.26%, 0, 0, 3, 16.40
1747829994, 0, 447, 1202, 1200, 20, 7.26%, 0, 0, 3, 15.09
1747830004, 0, 448, 1202, 1200, 20, 7.26%, 0, 0, 3, 15.72
1747830009, 0, 450, 1202, 1200, 20, 7.26%, 0, 0, 3, 14.61
1747830019, 0, 451, 1202, 1200, 20, 7.26%, 0, 0, 3, 12.21
1747830029, 0, 452, 1202, 1200, 20, 7.26%, 0, 0, 3, 12.62
1747830040, 0, 453, 1202, 1200, 20, 7.26%, 0, 0, 3, 14.54
1747830050, 0, 454, 1202, 1200, 20, 7.26%, 0, 0, 3, 14.39
1747830060, 0, 456, 1202, 1200, 20, 7.26%, 0, 0, 3, 13.46
1747830065, 0, 457, 1202, 1200, 20, 7.26%, 0, 0, 3, 13.83
1747830075, 0, 458, 1202, 1200, 20, 7.26%, 0, 0, 3, 14.42
1747830086, 0, 459, 1202, 1200, 20, 7.26%, 0, 0, 3, 15.41
1747830091, 0, 460, 1202, 1200, 20, 7.26%, 0, 0, 3, 15.96
1747830101, 0, 461, 1202, 1200, 20, 7.26%, 0, 0, 3, 14.99
1747830112, 0, 463, 1202, 1200, 20, 7.26%, 0, 0, 3, 13.98
1747830122, 0, 464, 1202, 1200, 20, 7.26%, 0, 0, 3, 12.31
1747830132, 0, 465, 1202, 1200, 20, 7.26%, 0, 0, 3, 15.61
1747830137, 0, 467, 1202, 1200, 20, 7.26%, 0, 0, 3, 16.77
1747830147, 0, 469, 1202, 1200, 20, 7.26%, 0, 0, 3, 17.20
1747830153, 0, 471, 1202, 1200, 20, 7.26%, 0, 0, 3, 15.37
1747830163, 0, 472, 1202, 1200, 20, 7.26%, 0, 0, 3, 15.48
1747830168, 0, 473, 1202, 1200, 20, 7.26%, 0, 0, 3, 16.69
1747830178, 0, 475, 1202, 1200, 20, 7.26%, 0, 0, 3, 16.37
1747830183, 0, 476, 1202, 1200, 20, 7.26%, 0, 0, 3, 16.58
1747830193, 0, 477, 1202, 1200, 20, 7.26%, 0, 0, 3, 14.89
1747830204, 0, 478, 1202, 1200, 20, 7.26%, 0, 0, 3, 15.20
1747830209, 0, 479, 1202, 1200, 20, 7.26%, 0, 0, 3, 15.82
1747830219, 0, 480, 1202, 1200, 20, 7.26%, 0, 0, 3, 14.09
1747830229, 0, 481, 1202, 1200, 20, 7.26%, 0, 0, 3, 13.58
1747830239, 0, 482, 1202, 1200, 20, 7.26%, 0, 0, 3, 14.93
1747830245, 0, 483, 1202, 1200, 20, 7.26%, 0, 0, 3, 16.36
1747830255, 0, 484, 1202, 1200, 20, 7.26%, 0, 0, 3, 14.17
1747830265, 0, 486, 1202, 1200, 20, 7.26%, 0, 0, 3, 16.85
1747830270, 0, 487, 1202, 1200, 20, 7.26%, 0, 0, 3, 17.05
1747830280, 0, 488, 1202, 1200, 20, 7.26%, 0, 0, 3, 16.53
1747830286, 0, 489, 1202, 1200, 20, 7.26%, 0, 0, 3, 16.15
1747830296, 0, 490, 1202, 1200, 20, 7.26%, 0, 0, 3, 14.95
1747830306, 0, 491, 1202, 1200, 20, 7.26%, 0, 0, 3, 14.50
1747830316, 0, 492, 1202, 1200, 20, 7.26%, 0, 0, 3, 12.36
1747830326, 0, 495, 1202, 1200, 20, 7.26%, 0, 0, 3, 15.27
1747830332, 0, 496, 1202, 1200, 20, 7.26%, 0, 0, 3, 16.54
1747830342, 0, 497, 1202, 1200, 20, 7.26%, 0, 0, 3, 16.63
1747830347, 0, 498, 1202, 1200, 20, 7.26%, 0, 0, 3, 17.39
1747830357, 0, 499, 1202, 1200, 20, 7.26%, 0, 0, 3, 14.06
1747830367, 0, 500, 1202, 1200, 20, 7.26%, 0, 0, 3, 15.73
1747830372, 0, 501, 1202, 1200, 20, 7.26%, 0, 0, 3, 17.00
1747830383, 0, 502, 1202, 1200, 20, 7.26%, 0, 0, 3, 14.53
1747830388, 0, 504, 1202, 1200, 20, 7.26%, 0, 0, 3, 14.18
1747830398, 0, 506, 1202, 1200, 20, 7.26%, 0, 0, 3, 13.40
1747830408, 0, 507, 1202, 1200, 20, 7.26%, 0, 0, 3, 13.37
1747830418, 0, 508, 1202, 1200, 20, 7.26%, 0, 0, 3, 16.28
1747830424, 0, 509, 1202, 1200, 20, 7.26%, 0, 0, 3, 15.97
1747830434, 0, 510, 1202, 1200, 20, 7.26%, 0, 0, 3, 13.98
1747830444, 0, 511, 1202, 1200, 20, 7.26%, 0, 0, 3, 15.03
1747830454, 0, 512, 1202, 1200, 20, 7.26%, 0, 0, 3, 16.77
1747830459, 0, 513, 1202, 1200, 20, 7.26%, 0, 0, 3, 16.43
1747830469, 0, 514, 1202, 1200, 20, 7.26%, 0, 0, 3, 16.81
1747830475, 0, 516, 1202, 1200, 20, 7.26%, 0, 0, 3, 17.03
1747830485, 0, 517, 1202, 1200, 20, 7.26%, 0, 0, 3, 16.78
1747830490, 0, 518, 1202, 1200, 20, 7.26%, 0, 0, 3, 15.32
1747830500, 0, 519, 1202, 1200, 20, 7.26%, 0, 0, 3, 13.90
1747830510, 0, 520, 1202, 1200, 20, 7.26%, 0, 0, 3, 15.96
1747830516, 0, 521, 1202, 1200, 20, 7.26%, 0, 0, 3, 16.89
1747830526, 0, 522, 1202, 1200, 20, 7.26%, 0, 0, 3, 13.67
1747830536, 0, 523, 1202, 1200, 20, 7.26%, 0, 0, 3, 16.11
1747830541, 0, 525, 1202, 1200, 20, 7.26%, 0, 0, 3, 16.49
1747830552, 0, 527, 1202, 1200, 20, 7.26%, 0, 0, 3, 13.51
1747830562, 0, 528, 1202, 1200, 20, 7.26%, 0, 0, 3, 15.97
1747830567, 0, 529, 1202, 1200, 20, 7.26%, 0, 0, 3, 15.10
1747830577, 0, 530, 1202, 1200, 20, 7.26%, 0, 0, 3, 15.93
1747830582, 0, 531, 1202, 1200, 20, 7.26%, 0, 0, 3, 16.72
1747830592, 0, 532, 1202, 1200, 20, 7.26%, 0, 0, 3, 15.75
1747830603, 0, 533, 1202, 1200, 20, 7.26%, 0, 0, 3, 15.82
1747830608, 0, 534, 1202, 1200, 20, 7.26%, 0, 0, 3, 14.83
1747830618, 0, 535, 1202, 1200, 20, 7.26%, 0, 0, 3, 13.46
1747830628, 0, 536, 1202, 1200, 20, 7.26%, 0, 0, 3, 16.84
1747830633, 0, 538, 1202, 1200, 20, 7.26%, 0, 0, 3, 15.92
1747830644, 0, 540, 1202, 1200, 20, 7.26%, 0, 0, 3, 14.82
1747830654, 0, 541, 1202, 1200, 20, 7.26%, 0, 0, 3, 16.90
1747830659, 0, 542, 1202, 1200, 20, 7.26%, 0, 0, 3, 15.33
1747830669, 0, 543, 1202, 1200, 20, 7.26%, 0, 0, 3, 14.99
1747830680, 0, 545, 1203, 1201, 20, 7.26%, 0, 0, 3, 13.50
1747830700, 0, 546, 1203, 1201, 20, 7.26%, 0, 0, 3, 15.77
1747830705, 0, 547, 1203, 1201, 20, 7.26%, 0, 0, 3, 14.81
1747830715, 0, 549, 1203, 1201, 20, 7.26%, 0, 0, 3, 13.19
1747830726, 0, 551, 1203, 1201, 20, 7.26%, 0, 0, 3, 14.13
1747830736, 0, 552, 1203, 1201, 20, 7.26%, 0, 0, 3, 13.32
1747830746, 0, 553, 1203, 1201, 20, 7.26%, 0, 0, 3, 13.22
1747830757, 0, 555, 1203, 1201, 20, 7.26%, 0, 0, 3, 13.35
1747830767, 0, 556, 1203, 1201, 20, 7.26%, 0, 0, 3, 13.30
1747830777, 0, 558, 1203, 1201, 20, 7.26%, 0, 0, 3, 13.40
1747830782, 0, 559, 1203, 1201, 20, 7.26%, 0, 0, 3, 13.31
1747830792, 0, 560, 1203, 1201, 20, 7.26%, 0, 0, 3, 13.53
1747830803, 0, 561, 1203, 1201, 20, 7.26%, 0, 0, 3, 15.29
1747830813, 0, 562, 1203, 1201, 20, 7.26%, 0, 0, 3, 16.94
1747830818, 0, 563, 1203, 1201, 20, 7.26%, 0, 0, 3, 16.08
1747830828, 0, 564, 1204, 1202, 20, 7.26%, 0, 0, 3, 12.28
1747830849, 0, 565, 1204, 1202, 20, 7.26%, 0, 0, 3, 15.66
1747830854, 0, 566, 1204, 1202, 20, 7.26%, 0, 0, 3, 16.36
1747830864, 0, 568, 1204, 1202, 20, 7.26%, 0, 0, 3, 14.68
1747830874, 0, 569, 1204, 1202, 20, 7.26%, 0, 0, 3, 15.30
1747830879, 0, 570, 1204, 1202, 20, 7.26%, 0, 0, 3, 16.04
1747830890, 0, 571, 1204, 1202, 20, 7.26%, 0, 0, 3, 15.18
1747830900, 0, 573, 1204, 1202, 20, 7.26%, 0, 0, 3, 13.66
1747830910, 0, 574, 1204, 1202, 20, 7.26%, 0, 0, 3, 13.67
1747830915, 0, 576, 1204, 1202, 20, 7.26%, 0, 0, 3, 13.76
1747830926, 0, 577, 1204, 1202, 20, 7.26%, 0, 0, 3, 13.63
1747830936, 0, 579, 1204, 1202, 20, 7.26%, 0, 0, 3, 16.69
1747830941, 0, 580, 1204, 1202, 20, 7.26%, 0, 0, 3, 16.00
1747830951, 0, 581, 1204, 1202, 20, 7.26%, 0, 0, 3, 13.43
1747830962, 0, 582, 1204, 1202, 20, 7.26%, 0, 0, 3, 15.00
1747830972, 0, 583, 1204, 1202, 20, 7.26%, 0, 0, 3, 15.34
1747830977, 0, 584, 1204, 1202, 20, 7.26%, 0, 0, 3, 15.48
1747830987, 0, 585, 1204, 1202, 20, 7.26%, 0, 0, 3, 13.16
1747830997, 0, 586, 1204, 1202, 20, 7.26%, 0, 0, 3, 14.23
1747831007, 0, 587, 1204, 1202, 20, 7.26%, 0, 0, 3, 17.17
1747831013, 0, 588, 1204, 1202, 20, 7.26%, 0, 0, 3, 15.61
1747831023, 0, 589, 1204, 1202, 20, 7.26%, 0, 0, 3, 14.57
1747831033, 0, 590, 1204, 1202, 20, 7.26%, 0, 0, 3, 17.01
1747831038, 0, 591, 1204, 1202, 20, 7.26%, 0, 0, 3, 15.59
1747831049, 0, 592, 1204, 1202, 20, 7.26%, 0, 0, 3, 13.37
1747831059, 0, 593, 1204, 1202, 20, 7.26%, 0, 0, 3, 14.77
1747831064, 0, 594, 1204, 1202, 20, 7.26%, 0, 0, 3, 16.33
1747831074, 0, 595, 1204, 1202, 20, 7.26%, 0, 0, 3, 13.82
1747831084, 0, 596, 1204, 1202, 20, 7.26%, 0, 0, 3, 14.02
1747831095, 0, 597, 1204, 1202, 20, 7.26%, 0, 0, 3, 15.59
1747831100, 0, 599, 1204, 1202, 20, 7.26%, 0, 0, 3, 16.45
1747833466, 0, 600, 1204, 1201, 20, 7.26%, 0, 0, 3, 17.15
1747833476, 0, 604, 1204, 1201, 20, 7.26%, 0, 0, 3, 13.49
1747833486, 0, 605, 1204, 1201, 20, 7.26%, 0, 0, 3, 12.35
1747833497, 0, 606, 1204, 1201, 20, 7.26%, 0, 0, 3, 12.58
1747833507, 0, 607, 1204, 1201, 20, 7.26%, 0, 0, 3, 13.55
1747833517, 0, 608, 1204, 1201, 20, 7.26%, 0, 0, 3, 15.07
1747833528, 0, 610, 1204, 1201, 20, 7.26%, 0, 0, 3, 16.47
1747833533, 0, 611, 1204, 1201, 20, 7.26%, 0, 0, 3, 14.76
1747833543, 0, 612, 1204, 1201, 20, 7.26%, 0, 0, 3, 13.48
1747833553, 0, 613, 1204, 1201, 20, 7.26%, 0, 0, 3, 13.07
1747833564, 0, 614, 1204, 1201, 20, 7.26%, 0, 0, 3, 13.73
1747833574, 0, 615, 1204, 1201, 20, 7.26%, 0, 0, 3, 13.20
1747833584, 0, 617, 1204, 1201, 20, 7.26%, 0, 0, 3, 12.13
1747833595, 0, 618, 1204, 1201, 20, 7.26%, 0, 0, 3, 15.69
1747833600, 0, 619, 1204, 1201, 20, 7.26%, 0, 0, 3, 15.43
1747833610, 0, 620, 1204, 1201, 20, 7.26%, 0, 0, 3, 15.64
1747833615, 0, 621, 1204, 1201, 20, 7.26%, 0, 0, 3, 16.16
1747833625, 0, 622, 1204, 1201, 20, 7.26%, 0, 0, 3, 14.14
1747833636, 0, 623, 1204, 1201, 20, 7.26%, 0, 0, 3, 14.39
1747833646, 0, 624, 1204, 1201, 20, 7.26%, 0, 0, 3, 13.10
1747833656, 0, 625, 1204, 1201, 20, 7.26%, 0, 0, 3, 16.29
1747833661, 0, 626, 1204, 1201, 20, 7.26%, 0, 0, 3, 15.06
1747833671, 0, 627, 1204, 1201, 20, 7.26%, 0, 0, 3, 13.15
1747833682, 0, 629, 1204, 1201, 20, 7.26%, 0, 0, 3, 12.75
1747833692, 0, 630, 1204, 1201, 20, 7.26%, 0, 0, 3, 14.91
1747833702, 0, 633, 1204, 1201, 20, 7.26%, 0, 0, 3, 16.37
1747833707, 0, 634, 1204, 1201, 20, 7.26%, 0, 0, 3, 14.62
1747833718, 0, 635, 1204, 1201, 20, 7.26%, 0, 0, 3, 12.50
1747833728, 0, 636, 1204, 1201, 20, 7.26%, 0, 0, 3, 12.50
1747833738, 0, 637, 1204, 1201, 20, 7.26%, 0, 0, 3, 14.11
1747833749, 0, 639, 1204, 1201, 20, 7.26%, 0, 0, 3, 15.43
1747833754, 0, 640, 1204, 1201, 20, 7.26%, 0, 0, 3, 16.44
1747833764, 0, 641, 1204, 1201, 20, 7.26%, 0, 0, 3, 14.52
1747833774, 0, 642, 1204, 1201, 20, 7.26%, 0, 0, 3, 12.02
1747833785, 0, 644, 1204, 1201, 20, 7.26%, 0, 0, 3, 15.51
1747833790, 0, 645, 1204, 1201, 20, 7.26%, 0, 0, 3, 15.16
1747833800, 0, 646, 1204, 1201, 20, 7.26%, 0, 0, 3, 13.00
1747833810, 0, 647, 1204, 1201, 20, 7.26%, 0, 0, 3, 15.51
1747833815, 0, 648, 1204, 1201, 20, 7.26%, 0, 0, 3, 16.40
1747833825, 0, 649, 1204, 1201, 20, 7.26%, 0, 0, 3, 17.09
1747833830, 0, 650, 1204, 1201, 20, 7.26%, 0, 0, 3, 16.32
1747833840, 0, 651, 1204, 1201, 20, 7.26%, 0, 0, 3, 13.50
1747833846, 0, 651, 1205, 1202, 20, 7.26%, 0, 0, 3, 11.75
1747833861, 0, 652, 1205, 1202, 20, 7.26%, 0, 0, 3, 13.71
1747833871, 0, 653, 1205, 1202, 20, 7.26%, 0, 0, 3, 14.29
1747833882, 0, 654, 1205, 1202, 20, 7.26%, 0, 0, 3, 17.69
1747835772, 0, 655, 1205, 1201, 20, 7.26%, 0, 0, 3, 16.83
1747835782, 0, 657, 1205, 1201, 20, 7.26%, 0, 0, 3, 15.18
1747835792, 0, 659, 1205, 1201, 20, 7.26%, 0, 0, 3, 17.30
1747835798, 0, 660, 1205, 1201, 20, 7.26%, 0, 0, 3, 17.65
1747835803, 0, 661, 1205, 1201, 20, 7.26%, 0, 0, 3, 17.49
1747835813, 0, 662, 1205, 1201, 20, 7.26%, 0, 0, 3, 17.26
1747835818, 0, 663, 1205, 1201, 20, 7.26%, 0, 0, 3, 16.47
1747835828, 0, 664, 1205, 1201, 20, 7.26%, 0, 0, 3, 14.00
1747835838, 0, 665, 1205, 1201, 20, 7.26%, 0, 0, 3, 15.20
1747835848, 0, 666, 1205, 1201, 20, 7.26%, 0, 0, 3, 17.02
1747835853, 0, 667, 1205, 1201, 20, 7.26%, 0, 0, 3, 14.93
1747835864, 0, 668, 1205, 1201, 20, 7.26%, 0, 0, 3, 15.14
1747835869, 0, 669, 1205, 1201, 20, 7.26%, 0, 0, 3, 16.39
1747835879, 0, 671, 1205, 1201, 20, 7.26%, 0, 0, 3, 13.12
1747835890, 0, 674, 1205, 1201, 20, 7.26%, 0, 0, 3, 14.22
1747835900, 0, 676, 1206, 1202, 20, 7.26%, 0, 0, 3, 14.23
1747835920, 0, 677, 1206, 1202, 20, 7.26%, 0, 0, 3, 14.82
1747835925, 0, 678, 1206, 1202, 20, 7.26%, 0, 0, 3, 15.90
1747835935, 0, 679, 1206, 1202, 20, 7.26%, 0, 0, 3, 14.01
1747835946, 0, 680, 1206, 1202, 20, 7.26%, 0, 0, 3, 15.98
1747835951, 0, 681, 1206, 1202, 20, 7.26%, 0, 0, 3, 16.25
1747835961, 0, 682, 1206, 1202, 20, 7.26%, 0, 0, 3, 14.21
1747835972, 0, 683, 1206, 1202, 20, 7.26%, 0, 0, 3, 12.77
1747835982, 0, 685, 1206, 1202, 20, 7.26%, 0, 0, 3, 14.71
1747835987, 0, 687, 1206, 1202, 20, 7.26%, 0, 0, 3, 16.54
1747835997, 0, 688, 1206, 1202, 20, 7.26%, 0, 0, 3, 14.81
1747836007, 0, 689, 1206, 1202, 20, 7.26%, 0, 0, 3, 15.00
1747836013, 0, 690, 1206, 1202, 20, 7.26%, 0, 0, 3, 16.20
1747836023, 0, 691, 1206, 1202, 20, 7.26%, 0, 0, 3, 16.95
1747836028, 0, 692, 1206, 1202, 20, 7.26%, 0, 0, 3, 16.12
1747836038, 0, 695, 1206, 1202, 20, 7.26%, 0, 0, 3, 14.52
1747836048, 0, 696, 1206, 1202, 20, 7.26%, 0, 0, 3, 14.75
1747836059, 0, 698, 1206, 1202, 20, 7.26%, 0, 0, 3, 17.00
1747836064, 0, 701, 1206, 1202, 20, 7.26%, 0, 0, 3, 16.65
1747836074, 0, 702, 1206, 1202, 20, 7.26%, 0, 0, 3, 14.27
1747836084, 0, 703, 1206, 1202, 20, 7.26%, 0, 0, 3, 14.28
1747836089, 0, 705, 1206, 1202, 20, 7.26%, 0, 0, 3, 14.34
1747836100, 0, 706, 1206, 1202, 20, 7.26%, 0, 0, 3, 14.67
1747836110, 0, 707, 1206, 1202, 20, 7.26%, 0, 0, 3, 13.45
1747836120, 0, 708, 1206, 1202, 20, 7.26%, 0, 0, 3, 16.07
1747836125, 0, 709, 1206, 1202, 20, 7.26%, 0, 0, 3, 14.37
1747836135, 0, 710, 1206, 1202, 20, 7.26%, 0, 0, 3, 15.79
1747836140, 0, 711, 1206, 1202, 20, 7.26%, 0, 0, 3, 16.42
1747836151, 0, 713, 1206, 1202, 20, 7.26%, 0, 0, 3, 13.08
1747836161, 0, 716, 1206, 1202, 20, 7.26%, 0, 0, 3, 14.38
1747836171, 0, 717, 1206, 1202, 20, 7.26%, 0, 0, 3, 16.78
1747836176, 0, 718, 1206, 1202, 20, 7.26%, 0, 0, 3, 16.03
1747836187, 0, 719, 1206, 1202, 20, 7.26%, 0, 0, 3, 14.97
1747836197, 0, 720, 1206, 1202, 20, 7.26%, 0, 0, 3, 13.42
1747836207, 0, 721, 1206, 1202, 20, 7.26%, 0, 0, 3, 13.55
1747836217, 0, 723, 1206, 1202, 20, 7.26%, 0, 0, 3, 13.71
1747836222, 0, 727, 1206, 1202, 20, 7.26%, 0, 0, 3, 13.18
1747836232, 0, 728, 1206, 1202, 20, 7.26%, 0, 0, 3, 13.97
1747836243, 0, 729, 1206, 1202, 20, 7.26%, 0, 0, 3, 16.13
1747836248, 0, 730, 1206, 1202, 20, 7.26%, 0, 0, 3, 15.96
1747836258, 0, 731, 1206, 1202, 20, 7.26%, 0, 0, 3, 14.38
1747836268, 0, 732, 1206, 1202, 20, 7.26%, 0, 0, 3, 17.02
1747836273, 0, 733, 1206, 1202, 20, 7.26%, 0, 0, 3, 17.24
1747836283, 0, 735, 1206, 1202, 20, 7.26%, 0, 0, 3, 17.23
1747836289, 0, 736, 1206, 1202, 20, 7.26%, 0, 0, 3, 15.78
1747836299, 0, 737, 1206, 1202, 20, 7.26%, 0, 0, 3, 16.14
1747836304, 0, 739, 1206, 1202, 20, 7.26%, 0, 0, 3, 16.91
1747836314, 0, 740, 1206, 1202, 20, 7.26%, 0, 0, 3, 17.05
1747836319, 0, 741, 1206, 1202, 20, 7.26%, 0, 0, 3, 17.18
1747836330, 0, 742, 1206, 1202, 20, 7.26%, 0, 0, 3, 14.16
1747836340, 0, 743, 1206, 1202, 20, 7.26%, 0, 0, 3, 12.90
1747836350, 0, 744, 1206, 1202, 20, 7.26%, 0, 0, 3, 16.07
1747836356, 0, 745, 1206, 1202, 20, 7.26%, 0, 0, 3, 16.94
1747836366, 0, 746, 1206, 1202, 20, 7.26%, 0, 0, 3, 13.99
1747836371, 0, 747, 1206, 1202, 20, 7.26%, 0, 0, 3, 13.67
1747836381, 0, 749, 1206, 1202, 20, 7.26%, 0, 0, 3, 14.08
1747836392, 0, 750, 1206, 1202, 20, 7.26%, 0, 0, 3, 14.65
1747836402, 0, 751, 1206, 1202, 20, 7.26%, 0, 0, 3, 15.09
1747836407, 0, 753, 1206, 1202, 20, 7.26%, 0, 0, 3, 14.92
1747836417, 0, 754, 1206, 1202, 20, 7.26%, 0, 0, 3, 15.34
1747836428, 0, 755, 1206, 1202, 20, 7.26%, 0, 0, 3, 13.98
1747836438, 0, 756, 1206, 1202, 20, 7.26%, 0, 0, 3, 13.03
1747836443, 0, 757, 1206, 1202, 20, 7.26%, 0, 0, 3, 13.52
1747836453, 0, 758, 1206, 1202, 20, 7.26%, 0, 0, 3, 14.44
1747836463, 0, 759, 1206, 1202, 20, 7.26%, 0, 0, 3, 15.03
1747836469, 0, 760, 1206, 1202, 20, 7.26%, 0, 0, 3, 16.21
1747836479, 0, 761, 1206, 1202, 20, 7.26%, 0, 0, 3, 16.76
1747836484, 0, 762, 1206, 1202, 20, 7.26%, 0, 0, 3, 16.30
1747836494, 0, 762, 1207, 1203, 20, 7.26%, 0, 0, 3, 13.94
1747836504, 0, 764, 1207, 1203, 20, 7.26%, 0, 0, 3, 12.36
1747836515, 0, 765, 1207, 1203, 20, 7.26%, 0, 0, 3, 13.95
1747836525, 0, 766, 1207, 1203, 20, 7.26%, 0, 0, 3, 14.40
1747836535, 0, 768, 1207, 1203, 20, 7.26%, 0, 0, 3, 16.50
1747836540, 0, 769, 1207, 1203, 20, 7.26%, 0, 0, 3, 15.57
1747836551, 0, 770, 1207, 1203, 20, 7.26%, 0, 0, 3, 13.22
1747836561, 0, 773, 1207, 1203, 20, 7.26%, 0, 0, 3, 14.37
1747836571, 0, 774, 1207, 1203, 20, 7.26%, 0, 0, 3, 16.87
1747836576, 0, 776, 1208, 1204, 20, 7.26%, 0, 0, 3, 16.57
1747836591, 0, 776, 1209, 1205, 20, 7.26%, 0, 0, 3, 15.76
1747836612, 0, 777, 1209, 1205, 20, 7.26%, 0, 0, 3, 13.88
1747836617, 0, 779, 1209, 1205, 20, 7.26%, 0, 0, 3, 13.33
1747836627, 0, 780, 1209, 1205, 20, 7.26%, 0, 0, 3, 13.19
1747836638, 0, 781, 1209, 1205, 20, 7.26%, 0, 0, 3, 13.47
1747836648, 0, 782, 1209, 1205, 20, 7.26%, 0, 0, 3, 14.75
1747836658, 0, 785, 1209, 1205, 20, 7.26%, 0, 0, 3, 12.02
1747836668, 0, 788, 1209, 1205, 20, 7.26%, 0, 0, 3, 13.03
1747836678, 0, 790, 1209, 1205, 20, 7.26%, 0, 0, 3, 15.16
1747836684, 0, 791, 1209, 1205, 20, 7.26%, 0, 0, 3, 16.32
1747836694, 0, 792, 1209, 1205, 20, 7.26%, 0, 0, 3, 14.41
1747836704, 0, 793, 1209, 1205, 20, 7.26%, 0, 0, 3, 15.91
1747836709, 0, 794, 1209, 1205, 20, 7.26%, 0, 0, 3, 16.65
1747836720, 0, 795, 1209, 1205, 20, 7.26%, 0, 0, 3, 17.15
1747836725, 0, 795, 1210, 1206, 20, 7.26%, 0, 0, 3, 16.67
1747836730, 0, 795, 1211, 1207, 20, 7.26%, 0, 0, 3, 16.38
1747836751, 0, 796, 1211, 1207, 20, 7.26%, 0, 0, 3, 16.90
1747836756, 0, 797, 1211, 1207, 20, 7.26%, 0, 0, 3, 17.03
1747836766, 0, 798, 1211, 1207, 20, 7.26%, 0, 0, 3, 14.07
1747836777, 0, 799, 1211, 1207, 20, 7.26%, 0, 0, 3, 12.87
1747836787, 0, 800, 1211, 1207, 20, 7.26%, 0, 0, 3, 12.69
1747836797, 0, 801, 1211, 1207, 20, 7.26%, 0, 0, 3, 12.92
1747836807, 0, 802, 1211, 1207, 20, 7.26%, 0, 0, 3, 11.68
1747836818, 0, 803, 1211, 1207, 20, 7.26%, 0, 0, 3, 12.63
1747836828, 0, 804, 1211, 1207, 20, 7.26%, 0, 0, 3, 14.75
1747836833, 0, 805, 1211, 1207, 20, 7.26%, 0, 0, 3, 15.51
1747836843, 0, 806, 1211, 1207, 20, 7.26%, 0, 0, 3, 13.61
1747836848, 0, 806, 1213, 1209, 20, 7.26%, 0, 0, 3, 14.53
1747836859, 0, 806, 1214, 1210, 20, 7.26%, 0, 0, 3, 15.46
1747836864, 0, 806, 1215, 1211, 20, 7.26%, 0, 0, 3, 15.45
1747836874, 0, 806, 1216, 1212, 20, 7.26%, 0, 0, 3, 15.94
1747836879, 0, 806, 1217, 1213, 20, 7.26%, 0, 0, 3, 15.43
1747837110, 0, 807, 1217, 1213, 16, 7.26%, 0, 0, 3, 16.89
1747837115, 0, 808, 1217, 1213, 16, 7.26%, 0, 0, 3, 16.47
1747837125, 0, 810, 1217, 1213, 16, 7.26%, 0, 0, 3, 16.95
1747837130, 0, 811, 1217, 1213, 16, 7.26%, 0, 0, 3, 16.81
1747837140, 0, 812, 1217, 1213, 16, 7.26%, 0, 0, 3, 16.99
1747837146, 0, 813, 1217, 1213, 16, 7.26%, 0, 0, 3, 14.64
1747837156, 0, 814, 1217, 1213, 16, 7.26%, 0, 0, 3, 15.13
1747837161, 0, 816, 1217, 1213, 16, 7.26%, 0, 0, 3, 16.64
1747837166, 0, 816, 1218, 1214, 16, 7.26%, 0, 0, 3, 15.81
1747837181, 0, 817, 1218, 1214, 16, 7.26%, 0, 0, 3, 14.49
1747837192, 0, 818, 1218, 1214, 16, 7.26%, 0, 0, 3, 14.80
1747837197, 0, 819, 1218, 1214, 16, 7.26%, 0, 0, 3, 15.04
1747837207, 0, 820, 1218, 1214, 16, 7.26%, 0, 0, 3, 14.67
1747837217, 0, 823, 1218, 1214, 16, 7.26%, 0, 0, 3, 17.17
1747837222, 0, 824, 1218, 1214, 16, 7.26%, 0, 0, 3, 15.64
1747837233, 0, 825, 1218, 1214, 16, 7.26%, 0, 0, 3, 14.52
1747837243, 0, 826, 1218, 1214, 16, 7.26%, 0, 0, 3, 13.57
1747837253, 0, 827, 1218, 1214, 16, 7.26%, 0, 0, 3, 16.25
1747837258, 0, 829, 1218, 1214, 16, 7.26%, 0, 0, 3, 16.79
1747837263, 0, 830, 1218, 1214, 16, 7.26%, 0, 0, 3, 16.33
1747837274, 0, 832, 1218, 1214, 16, 7.26%, 0, 0, 3, 13.02
1747837284, 0, 833, 1219, 1215, 16, 7.26%, 0, 0, 3, 11.79
1747837305, 0, 834, 1219, 1215, 16, 7.26%, 0, 0, 3, 12.53
1747837315, 0, 836, 1219, 1215, 16, 7.26%, 0, 0, 3, 14.26
1747837325, 0, 838, 1219, 1215, 16, 7.26%, 0, 0, 3, 16.65
1747837330, 0, 839, 1219, 1215, 16, 7.26%, 0, 0, 3, 16.12
1747837341, 0, 840, 1219, 1215, 16, 7.26%, 0, 0, 3, 13.95
1747837351, 0, 841, 1219, 1215, 16, 7.26%, 0, 0, 3, 15.98
1747837356, 0, 842, 1219, 1215, 16, 7.26%, 0, 0, 3, 15.65
1747837366, 0, 843, 1219, 1215, 16, 7.26%, 0, 0, 3, 14.25
1747837377, 0, 844, 1219, 1215, 16, 7.26%, 0, 0, 3, 13.55
1747837387, 0, 845, 1219, 1215, 16, 7.26%, 0, 0, 3, 15.70
1747837392, 0, 846, 1219, 1215, 16, 7.26%, 0, 0, 3, 15.50
1747837403, 0, 847, 1219, 1215, 16, 7.26%, 0, 0, 3, 13.98
1747837413, 0, 848, 1219, 1215, 16, 7.26%, 0, 0, 3, 13.70
1747837423, 0, 849, 1219, 1215, 16, 7.26%, 0, 0, 3, 15.02
1747837428, 0, 850, 1219, 1215, 16, 7.26%, 0, 0, 3, 15.36
1747837439, 0, 851, 1219, 1215, 16, 7.26%, 0, 0, 3, 13.31
1747837449, 0, 852, 1219, 1215, 16, 7.26%, 0, 0, 3, 14.40
1747837459, 0, 853, 1219, 1215, 16, 7.26%, 0, 0, 3, 13.18
1747837469, 0, 854, 1219, 1215, 16, 7.26%, 0, 0, 3, 14.99
1747837474, 0, 855, 1219, 1215, 16, 7.26%, 0, 0, 3, 16.16
1747837485, 0, 856, 1219, 1215, 16, 7.26%, 0, 0, 3, 16.62
1747837490, 0, 857, 1219, 1215, 16, 7.26%, 0, 0, 3, 15.09
1747837500, 0, 858, 1219, 1215, 16, 7.26%, 0, 0, 3, 14.34
1747837510, 0, 860, 1219, 1215, 16, 7.26%, 0, 0, 3, 13.19
1747837521, 0, 862, 1219, 1215, 16, 7.26%, 0, 0, 3, 14.15
1747837531, 0, 863, 1219, 1215, 16, 7.26%, 0, 0, 3, 15.82
1747837536, 0, 864, 1219, 1215, 16, 7.26%, 0, 0, 3, 16.22
1747837546, 0, 865, 1219, 1215, 16, 7.26%, 0, 0, 3, 16.69
1747837551, 0, 866, 1219, 1215, 16, 7.26%, 0, 0, 3, 16.78
1747837562, 0, 867, 1219, 1215, 16, 7.26%, 0, 0, 3, 16.21
1747837567, 0, 868, 1219, 1215, 16, 7.26%, 0, 0, 3, 16.59
1747837577, 0, 869, 1219, 1215, 16, 7.26%, 0, 0, 3, 17.21
1747837582, 0, 870, 1219, 1215, 16, 7.26%, 0, 0, 3, 16.33
1747837592, 0, 871, 1219, 1215, 16, 7.26%, 0, 0, 3, 13.48
1747837603, 0, 872, 1219, 1215, 16, 7.26%, 0, 0, 3, 13.86
1747837613, 0, 874, 1219, 1215, 16, 7.26%, 0, 0, 3, 14.17
1747837623, 0, 875, 1219, 1215, 16, 7.26%, 0, 0, 3, 15.48
1747837628, 0, 876, 1219, 1215, 16, 7.26%, 0, 0, 3, 16.11
1747837638, 0, 877, 1219, 1215, 16, 7.26%, 0, 0, 3, 17.27
1747837643, 0, 878, 1220, 1216, 16, 7.26%, 0, 0, 3, 16.62
1747837659, 0, 882, 1220, 1216, 16, 7.26%, 0, 0, 3, 16.74
1747837669, 0, 883, 1220, 1216, 16, 7.26%, 0, 0, 3, 15.85
1747837674, 0, 884, 1220, 1216, 16, 7.26%, 0, 0, 3, 16.35
1747837679, 0, 884, 1221, 1217, 16, 7.26%, 0, 0, 3, 16.50
1747837689, 0, 885, 1221, 1217, 16, 7.26%, 0, 0, 3, 16.66
1747837700, 0, 887, 1221, 1217, 16, 7.26%, 0, 0, 3, 16.60
1747837705, 0, 889, 1221, 1217, 16, 7.26%, 0, 0, 3, 15.96
1747837715, 0, 890, 1221, 1217, 16, 7.26%, 0, 0, 3, 16.27
1747837725, 0, 891, 1221, 1217, 16, 7.26%, 0, 0, 3, 13.77
1747837730, 0, 892, 1221, 1217, 16, 7.26%, 0, 0, 3, 13.39
1747837735, 0, 892, 1223, 1219, 16, 7.26%, 0, 0, 3, 10.60
1747837761, 0, 892, 1224, 1220, 16, 7.27%, 0, 0, 3, 11.70
1747837817, 0, 893, 1224, 1220, 17, 7.27%, 0, 0, 3, 15.91
1747837822, 0, 894, 1225, 1221, 17, 7.27%, 0, 0, 3, 13.75
1747837828, 0, 894, 1226, 1222, 17, 7.27%, 0, 0, 3, 12.04
1747837864, 0, 895, 1226, 1222, 17, 7.27%, 0, 0, 3, 14.25
1747837874, 0, 896, 1226, 1222, 17, 7.27%, 0, 0, 3, 14.49
1747837879, 0, 896, 1227, 1223, 17, 7.27%, 0, 0, 3, 12.53
1747837884, 0, 896, 1228, 1224, 17, 7.27%, 0, 0, 3, 11.75
1747837914, 0, 897, 1228, 1224, 17, 7.27%, 0, 0, 3, 13.09
1747837920, 0, 897, 1229, 1225, 17, 7.27%, 0, 0, 3, 11.51
1747837935, 0, 898, 1229, 1225, 17, 7.27%, 0, 0, 3, 13.30
1747837945, 0, 899, 1229, 1225, 17, 7.27%, 0, 0, 3, 12.99
1747837955, 0, 900, 1229, 1225, 17, 7.27%, 0, 0, 3, 12.51
1747837966, 0, 901, 1229, 1225, 17, 7.27%, 0, 0, 3, 13.15
1747837976, 0, 902, 1229, 1225, 17, 7.27%, 0, 0, 3, 14.23
1747837986, 0, 903, 1229, 1225, 17, 7.27%, 0, 0, 3, 14.40
1747837996, 0, 904, 1230, 1226, 17, 7.27%, 0, 0, 3, 11.60
1747838017, 0, 906, 1230, 1226, 17, 7.27%, 0, 0, 3, 12.77
1747838022, 0, 906, 1231, 1227, 17, 7.27%, 0, 0, 3, 12.87
1747838027, 0, 906, 1232, 1228, 17, 7.27%, 0, 0, 3, 13.17
1747838058, 0, 907, 1232, 1228, 17, 7.27%, 0, 0, 3, 13.93
1747838068, 0, 908, 1232, 1228, 17, 7.27%, 0, 0, 3, 15.74
1747838073, 0, 909, 1232, 1228, 17, 7.27%, 0, 0, 3, 16.74
1747838084, 0, 910, 1232, 1228, 17, 7.27%, 0, 0, 3, 14.11
1747838094, 0, 911, 1232, 1228, 17, 7.27%, 0, 0, 3, 15.48
1747838099, 0, 912, 1232, 1228, 17, 7.27%, 0, 0, 3, 15.93
1747838109, 0, 913, 1232, 1228, 17, 7.27%, 0, 0, 3, 13.84
1747838119, 0, 915, 1232, 1228, 17, 7.27%, 0, 0, 3, 13.23
1747838130, 0, 916, 1232, 1228, 17, 7.27%, 0, 0, 3, 13.01
1747838140, 0, 918, 1232, 1228, 17, 7.27%, 0, 0, 3, 15.71
1747838145, 0, 920, 1232, 1228, 17, 7.27%, 0, 0, 3, 16.24
1747838155, 0, 922, 1232, 1228, 17, 7.27%, 0, 0, 3, 16.23
1747838160, 0, 923, 1232, 1228, 17, 7.27%, 0, 0, 3, 16.52
1747838171, 0, 924, 1232, 1228, 17, 7.27%, 0, 0, 3, 16.35
1747838176, 0, 927, 1232, 1228, 17, 7.27%, 0, 0, 3, 16.53
1747838186, 0, 929, 1232, 1228, 17, 7.27%, 0, 0, 3, 15.99
1747838191, 0, 930, 1232, 1228, 17, 7.27%, 0, 0, 3, 15.67
1747838201, 0, 931, 1232, 1228, 17, 7.27%, 0, 0, 3, 15.89
1747838212, 0, 932, 1232, 1228, 17, 7.27%, 0, 0, 3, 15.07
1747838222, 0, 933, 1232, 1228, 17, 7.27%, 0, 0, 3, 15.50
1747838227, 0, 935, 1232, 1228, 17, 7.27%, 0, 0, 3, 14.68
1747838237, 0, 936, 1232, 1228, 17, 7.27%, 0, 0, 3, 14.40
1747838247, 0, 937, 1232, 1228, 17, 7.27%, 0, 0, 3, 14.38
1747838257, 0, 939, 1232, 1228, 17, 7.27%, 0, 0, 3, 13.06
1747838267, 0, 941, 1232, 1228, 17, 7.27%, 0, 0, 3, 15.98
1747838272, 0, 942, 1232, 1228, 17, 7.27%, 0, 0, 3, 16.94
1747838278, 0, 943, 1232, 1228, 17, 7.27%, 0, 0, 3, 16.40
1747838288, 0, 945, 1232, 1228, 17, 7.27%, 0, 0, 3, 12.74
1747838298, 0, 947, 1232, 1228, 17, 7.27%, 0, 0, 3, 14.91
1747838309, 0, 948, 1232, 1228, 17, 7.27%, 0, 0, 3, 12.64
1747838319, 0, 950, 1232, 1228, 17, 7.27%, 0, 0, 3, 13.23
1747838330, 0, 951, 1232, 1228, 17, 7.27%, 0, 0, 3, 14.97
1747838335, 0, 952, 1232, 1228, 17, 7.27%, 0, 0, 3, 15.33
1747838345, 0, 954, 1232, 1228, 17, 7.27%, 0, 0, 3, 12.94
1747838355, 0, 956, 1232, 1228, 17, 7.27%, 0, 0, 3, 12.42
1747838365, 0, 957, 1232, 1228, 17, 7.27%, 0, 0, 3, 14.20
1747838376, 0, 958, 1232, 1228, 17, 7.27%, 0, 0, 3, 14.08
1747838386, 0, 959, 1232, 1228, 17, 7.27%, 0, 0, 3, 14.43
1747838391, 0, 961, 1232, 1228, 17, 7.27%, 0, 0, 3, 14.71
1747838401, 0, 963, 1232, 1228, 17, 7.27%, 0, 0, 3, 15.19
1747838412, 0, 965, 1232, 1228, 17, 7.27%, 0, 0, 3, 14.17
1747838422, 0, 966, 1232, 1228, 17, 7.27%, 0, 0, 3, 15.53
1747838427, 0, 968, 1232, 1228, 17, 7.27%, 0, 0, 3, 16.19
1747838438, 0, 969, 1232, 1228, 17, 7.27%, 0, 0, 3, 15.71
1747838443, 0, 971, 1232, 1228, 17, 7.27%, 0, 0, 3, 14.83
1747838453, 0, 972, 1232, 1228, 17, 7.27%, 0, 0, 3, 12.73
1747838463, 0, 972, 1233, 1229, 17, 7.27%, 0, 0, 3, 10.69
1747838473, 0, 973, 1233, 1229, 17, 7.27%, 0, 0, 3, 13.80
1747838483, 0, 974, 1233, 1229, 17, 7.27%, 0, 0, 3, 14.57
1747838494, 0, 976, 1233, 1229, 17, 7.27%, 0, 0, 3, 15.27
1747838499, 0, 977, 1233, 1229, 17, 7.27%, 0, 0, 3, 15.69
1747838509, 0, 979, 1233, 1229, 17, 7.27%, 0, 0, 3, 12.52
1747838519, 0, 980, 1233, 1229, 17, 7.27%, 0, 0, 3, 13.62
1747838529, 0, 981, 1233, 1229, 17, 7.27%, 0, 0, 3, 13.02
1747838540, 0, 982, 1234, 1230, 17, 7.27%, 0, 0, 3, 11.50
1747838545, 0, 982, 1235, 1231, 17, 7.27%, 0, 0, 3, 11.05
1747838550, 0, 982, 1236, 1232, 17, 7.48%, 0, 0, 3, 12.52
1747838560, 0, 982, 1237, 1233, 17, 7.48%, 0, 0, 3, 11.27
1747838565, 0, 982, 1238, 1234, 17, 7.48%, 0, 0, 3, 11.15
1747838591, 0, 982, 1239, 1235, 17, 7.48%, 0, 0, 3, 11.80
1747838648, 0, 982, 1240, 1236, 17, 7.48%, 0, 0, 3, 11.88
1747838669, 0, 982, 1241, 1237, 17, 7.48%, 0, 0, 3, 12.09
1747838735, 0, 982, 1242, 1238, 17, 7.48%, 0, 0, 3, 11.54
1747838740, 0, 982, 1243, 1239, 17, 7.49%, 0, 0, 3, 11.61
1747838818, 0, 982, 1244, 1240, 17, 7.49%, 0, 0, 3, 11.23
1747838879, 0, 983, 1244, 1240, 15, 7.49%, 0, 0, 3, 15.58
1747838885, 0, 984, 1244, 1240, 15, 7.49%, 0, 0, 3, 15.06
1747838895, 0, 986, 1244, 1240, 15, 7.49%, 0, 0, 3, 13.90
1747838905, 0, 987, 1244, 1240, 15, 7.49%, 0, 0, 3, 16.16
1747838910, 0, 988, 1244, 1240, 15, 7.49%, 0, 0, 3, 16.27
1747838921, 0, 989, 1244, 1240, 15, 7.49%, 0, 0, 3, 14.27
1747838931, 0, 990, 1245, 1241, 15, 7.49%, 0, 0, 3, 11.27
1747838936, 0, 990, 1246, 1242, 15, 7.49%, 0, 0, 3, 11.33
1747838946, 0, 990, 1247, 1243, 15, 7.49%, 0, 0, 3, 11.59
1747838951, 0, 990, 1248, 1244, 15, 7.49%, 0, 0, 3, 10.97
1747838967, 0, 990, 1250, 1246, 15, 7.49%, 0, 0, 3, 10.80
1747838992, 0, 990, 1251, 1247, 15, 7.49%, 0, 0, 3, 11.96
1747839028, 0, 990, 1252, 1248, 15, 7.49%, 0, 0, 3, 12.32
1747839054, 0, 990, 1253, 1249, 15, 7.49%, 0, 0, 3, 11.69
1747839064, 0, 990, 1254, 1250, 15, 7.49%, 0, 0, 3, 11.64
1747839079, 0, 990, 1255, 1251, 15, 7.49%, 0, 0, 3, 12.00
1747839141, 0, 990, 1256, 1252, 15, 7.49%, 0, 0, 3, 11.95
1747839156, 0, 990, 1257, 1253, 15, 7.49%, 0, 0, 3, 12.57
1747839167, 0, 990, 1258, 1254, 15, 7.49%, 0, 0, 3, 12.50
1747839213, 0, 990, 1259, 1255, 15, 7.49%, 0, 0, 3, 12.18
1747839270, 0, 991, 1259, 1255, 16, 7.49%, 0, 0, 3, 12.71
1747839275, 0, 991, 1260, 1256, 16, 7.50%, 0, 0, 3, 12.19
1747839296, 0, 993, 1260, 1256, 17, 7.50%, 0, 0, 3, 14.92
1747843641, 0, 994, 1260, 1255, 16, 7.50%, 0, 0, 3, 14.42
1747843652, 0, 995, 1260, 1255, 16, 7.50%, 0, 0, 3, 11.99
1747843662, 0, 997, 1260, 1255, 16, 7.50%, 0, 0, 3, 15.28
1747843667, 0, 998, 1260, 1255, 16, 7.50%, 0, 0, 3, 15.47
1747843677, 0, 1000, 1260, 1255, 16, 7.50%, 0, 0, 3, 14.85
1747843688, 0, 1001, 1260, 1255, 16, 7.50%, 0, 0, 3, 16.40
1747843693, 0, 1002, 1260, 1255, 16, 7.50%, 0, 0, 3, 16.88
1747843703, 0, 1003, 1260, 1255, 16, 7.50%, 0, 0, 3, 14.24
1747843708, 0, 1003, 1261, 1256, 16, 7.50%, 0, 0, 4, 11.62
1747843724, 0, 1004, 1261, 1256, 16, 7.50%, 0, 0, 4, 14.55
1747843729, 0, 1005, 1261, 1256, 16, 7.50%, 0, 0, 4, 15.49
1747843744, 0, 1008, 1261, 1256, 16, 7.50%, 0, 0, 4, 15.55
1747843749, 0, 1009, 1261, 1256, 16, 7.50%, 0, 0, 4, 14.64
1747843759, 0, 1010, 1262, 1257, 16, 7.50%, 0, 0, 4, 11.82
1747843770, 0, 1010, 1263, 1258, 16, 7.51%, 0, 0, 4, 11.03
1747843775, 0, 1010, 1264, 1259, 16, 7.51%, 0, 0, 4, 11.75
1747843790, 0, 1010, 1265, 1260, 16, 7.51%, 0, 0, 4, 12.02
1747843852, 0, 1010, 1266, 1261, 16, 7.51%, 0, 0, 4, 11.40
1747843877, 0, 1010, 1267, 1262, 16, 7.51%, 0, 0, 4, 11.86
1747843887, 0, 1010, 1268, 1263, 16, 7.51%, 0, 0, 4, 11.11
1747844067, 0, 1010, 1269, 1264, 16, 7.51%, 0, 0, 4, 11.37
1747844098, 0, 1011, 1269, 1264, 17, 7.51%, 0, 0, 4, 12.40
1747844108, 0, 1012, 1269, 1264, 17, 7.51%, 0, 0, 4, 12.81
1747844118, 0, 1013, 1270, 1265, 17, 7.51%, 0, 0, 4, 11.38
1747844139, 0, 1013, 1271, 1266, 17, 7.51%, 0, 0, 4, 11.78
1747844159, 0, 1014, 1271, 1266, 17, 7.51%, 0, 0, 4, 12.82
1747844170, 0, 1014, 1272, 1267, 17, 7.51%, 0, 0, 4, 14.27
1747844180, 0, 1015, 1272, 1267, 17, 7.51%, 0, 0, 4, 15.63
1747844185, 0, 1015, 1273, 1268, 17, 7.51%, 0, 0, 4, 15.79
1747844195, 0, 1017, 1274, 1269, 17, 7.51%, 0, 0, 4, 13.83
1747844220, 0, 1019, 1274, 1269, 17, 7.51%, 0, 0, 4, 11.57
1747844231, 0, 1020, 1274, 1269, 17, 7.51%, 0, 0, 4, 13.09
1747844241, 0, 1022, 1274, 1269, 17, 7.51%, 0, 0, 4, 14.77
1747844246, 0, 1023, 1274, 1269, 17, 7.51%, 0, 0, 4, 14.74
1747844256, 0, 1024, 1274, 1269, 17, 7.51%, 0, 0, 4, 13.63
1747844262, 0, 1024, 1275, 1270, 17, 7.51%, 0, 0, 4, 13.40
1747844277, 0, 1024, 1276, 1271, 17, 7.51%, 0, 0, 4, 11.14
1747844302, 0, 1024, 1277, 1272, 17, 7.51%, 0, 0, 4, 11.98
1747844318, 0, 1024, 1279, 1274, 17, 7.51%, 0, 0, 4, 11.32
1747844343, 0, 1024, 1280, 1275, 17, 7.52%, 0, 0, 4, 11.96
1747844354, 0, 1024, 1281, 1276, 17, 7.52%, 0, 0, 4, 12.27
1747844415, 0, 1024, 1282, 1277, 17, 7.52%, 0, 0, 4, 11.44
1747844452, 0, 1024, 1283, 1278, 17, 7.52%, 0, 0, 4, 12.31
1747844482, 0, 1024, 1284, 1279, 17, 7.52%, 0, 0, 4, 12.28
1747844488, 0, 1024, 1285, 1280, 17, 7.52%, 0, 0, 4, 11.14
1747844518, 0, 1024, 1286, 1281, 17, 7.52%, 0, 0, 4, 13.06
1747844574, 0, 1024, 1287, 1282, 17, 7.52%, 0, 0, 4, 11.90
1747844590, 0, 1024, 1288, 1283, 17, 7.52%, 0, 0, 4, 11.15
1747844600, 0, 1024, 1289, 1284, 17, 7.52%, 0, 0, 4, 11.98
1747844605, 0, 1025, 1289, 1284, 16, 7.52%, 0, 0, 4, 12.54
1747844610, 0, 1025, 1291, 1286, 16, 7.52%, 0, 0, 4, 10.68
1747844615, 0, 1025, 1292, 1287, 16, 7.52%, 0, 0, 4, 11.89
1747844626, 0, 1025, 1293, 1288, 16, 7.52%, 0, 0, 4, 11.65
1747844636, 0, 1025, 1294, 1289, 16, 7.52%, 0, 0, 4, 11.74
1747844666, 0, 1025, 1295, 1290, 16, 7.52%, 0, 0, 4, 12.16
1747844687, 0, 1025, 1296, 1291, 16, 7.52%, 0, 0, 4, 10.71
1747844708, 0, 1025, 1297, 1292, 16, 7.52%, 0, 0, 4, 11.63
1747844738, 0, 1025, 1298, 1293, 16, 7.52%, 0, 0, 4, 11.44
1747844759, 0, 1025, 1299, 1294, 16, 7.52%, 0, 0, 4, 11.47
1747844764, 0, 1025, 1300, 1295, 16, 7.52%, 0, 0, 4, 11.72
1747844805, 0, 1025, 1301, 1296, 16, 7.52%, 0, 0, 4, 11.77
1747844847, 0, 1025, 1302, 1297, 16, 7.52%, 0, 0, 4, 11.44
1747844872, 0, 1025, 1303, 1298, 16, 7.52%, 0, 0, 4, 12.67
1747844944, 0, 1025, 1304, 1299, 16, 7.52%, 0, 0, 4, 11.52
1747844949, 0, 1025, 1305, 1300, 16, 7.52%, 0, 0, 4, 11.96
1747844959, 0, 1026, 1306, 1301, 16, 7.52%, 0, 0, 4, 11.77
1747844979, 0, 1027, 1306, 1301, 16, 7.52%, 0, 0, 4, 12.68
1747844989, 0, 1029, 1306, 1301, 16, 7.52%, 0, 0, 4, 13.38
1747845000, 0, 1031, 1306, 1301, 16, 7.52%, 0, 0, 4, 15.20
1747845005, 0, 1032, 1306, 1301, 16, 7.52%, 0, 0, 4, 15.43
1747845010, 0, 1032, 1308, 1303, 16, 7.52%, 0, 0, 4, 11.23
1747845015, 0, 1032, 1309, 1304, 16, 7.52%, 0, 0, 4, 10.49
1747845020, 0, 1032, 1310, 1305, 16, 7.52%, 0, 0, 4, 10.24
1747845087, 0, 1032, 1311, 1306, 16, 7.52%, 0, 0, 4, 10.08
1747845102, 0, 1032, 1312, 1307, 16, 7.52%, 0, 0, 4, 10.64
1747845138, 0, 1032, 1313, 1308, 16, 7.52%, 0, 0, 4, 10.41
1747845374, 0, 1033, 1313, 1308, 16, 7.52%, 0, 0, 4, 12.35
1747845384, 0, 1034, 1313, 1308, 16, 7.52%, 0, 0, 4, 12.55
1747845394, 0, 1036, 1313, 1308, 16, 7.52%, 0, 0, 4, 12.88
1747845405, 0, 1038, 1313, 1308, 16, 7.52%, 0, 0, 4, 13.37
1747845410, 0, 1039, 1313, 1308, 16, 7.52%, 0, 0, 4, 14.21
1747845420, 0, 1041, 1313, 1308, 16, 7.52%, 0, 0, 4, 14.10
1747845430, 0, 1042, 1313, 1308, 16, 7.52%, 0, 0, 4, 12.50
1747845441, 0, 1043, 1313, 1308, 16, 7.52%, 0, 0, 4, 13.70
1747845451, 0, 1045, 1313, 1308, 16, 7.52%, 0, 0, 4, 13.69
1747845461, 0, 1046, 1313, 1308, 16, 7.52%, 0, 0, 4, 13.13
1747845471, 0, 1047, 1313, 1308, 16, 7.52%, 0, 0, 4, 11.82
1747845481, 0, 1048, 1313, 1308, 16, 7.52%, 0, 0, 4, 12.03
1747845487, 0, 1048, 1314, 1309, 16, 7.52%, 0, 0, 4, 11.93
1747845492, 0, 1048, 1315, 1310, 16, 7.52%, 0, 0, 4, 10.38
1747845497, 0, 1048, 1316, 1311, 16, 7.52%, 0, 0, 4, 10.80
1747845569, 0, 1049, 1316, 1311, 16, 7.52%, 0, 0, 4, 12.39
1747845579, 0, 1050, 1316, 1311, 16, 7.52%, 0, 0, 4, 12.34
1747845589, 0, 1051, 1316, 1311, 16, 7.52%, 0, 0, 4, 12.68
1747845599, 0, 1052, 1316, 1311, 16, 7.52%, 0, 0, 4, 12.04
1747845609, 0, 1053, 1316, 1311, 16, 7.52%, 0, 0, 4, 13.31
1747845620, 0, 1055, 1316, 1311, 16, 7.52%, 0, 0, 4, 12.62
1747845630, 0, 1056, 1316, 1311, 16, 7.52%, 0, 0, 4, 12.68
1747845640, 0, 1057, 1316, 1311, 16, 7.52%, 0, 0, 4, 12.90
1747845650, 0, 1058, 1316, 1311, 16, 7.52%, 0, 0, 4, 12.70
1747845661, 0, 1059, 1316, 1311, 16, 7.52%, 0, 0, 4, 15.16
1747845666, 0, 1061, 1316, 1311, 16, 7.52%, 0, 0, 4, 16.40
1747845676, 0, 1063, 1316, 1311, 16, 7.52%, 0, 0, 4, 16.13
1747845681, 0, 1064, 1316, 1311, 16, 7.52%, 0, 0, 4, 15.06
1747845691, 0, 1065, 1316, 1311, 16, 7.52%, 0, 0, 4, 12.70
1747845696, 0, 1065, 1317, 1312, 16, 7.52%, 0, 0, 4, 11.25
1747845712, 0, 1066, 1317, 1312, 16, 7.52%, 0, 0, 4, 17.19
1747845722, 0, 1067, 1317, 1312, 16, 7.52%, 0, 0, 4, 22.23
1747845727, 0, 1068, 1317, 1312, 16, 7.52%, 0, 0, 4, 27.03
1747845732, 0, 1069, 1317, 1312, 16, 7.52%, 0, 0, 4, 22.21
1747845737, 0, 1070, 1317, 1312, 16, 7.52%, 0, 0, 4, 21.00
1747845742, 0, 1071, 1317, 1312, 16, 7.52%, 0, 0, 4, 23.72
1747845865, 0, 1071, 1318, 1313, 16, 7.52%, 0, 0, 4, 18.58
1747845870, 0, 1071, 1319, 1314, 16, 7.52%, 0, 0, 4, 18.54
1747850589, 0, 1072, 1319, 1313, 14, 7.52%, 0, 0, 4, 15.73
1747850594, 0, 1073, 1319, 1313, 14, 7.52%, 0, 0, 4, 14.45
1747850604, 0, 1074, 1319, 1313, 14, 7.52%, 0, 0, 4, 13.55
1747850614, 0, 1075, 1319, 1313, 14, 7.52%, 0, 0, 4, 12.03
1747850619, 0, 1075, 1320, 1314, 14, 7.52%, 0, 0, 4, 12.70
1747850640, 0, 1076, 1320, 1314, 14, 7.52%, 0, 0, 4, 11.71
1747850650, 0, 1077, 1320, 1314, 14, 7.52%, 0, 0, 4, 12.92
1747850660, 0, 1078, 1320, 1314, 14, 7.52%, 0, 0, 4, 13.43
1747850665, 0, 1079, 1320, 1314, 14, 7.52%, 0, 0, 4, 13.52
1747850675, 0, 1080, 1320, 1314, 14, 7.52%, 0, 0, 4, 12.38
1747850691, 0, 1082, 1320, 1314, 14, 7.52%, 0, 0, 4, 15.91
1747850696, 0, 1083, 1320, 1314, 14, 7.52%, 0, 0, 4, 14.71
1747850706, 0, 1084, 1320, 1314, 14, 7.52%, 0, 0, 4, 12.86
1747850716, 0, 1085, 1321, 1315, 14, 7.52%, 0, 0, 4, 11.67
1747850737, 0, 1086, 1321, 1315, 14, 7.52%, 0, 0, 4, 12.27
1747850747, 0, 1087, 1321, 1315, 14, 7.52%, 0, 0, 4, 12.90
1747850758, 0, 1089, 1321, 1315, 14, 7.52%, 0, 0, 4, 13.41
1747850768, 0, 1090, 1321, 1315, 14, 7.52%, 0, 0, 4, 15.30
1747850773, 0, 1091, 1321, 1315, 14, 7.52%, 0, 0, 4, 15.74
1747850783, 0, 1093, 1321, 1315, 14, 7.52%, 0, 0, 4, 12.98
1747850798, 0, 1095, 1321, 1315, 14, 7.52%, 0, 0, 4, 15.35
1747850804, 0, 1096, 1321, 1315, 14, 7.52%, 0, 0, 4, 14.65
1747850814, 0, 1098, 1322, 1316, 14, 7.54%, 0, 0, 4, 12.28
1747850834, 0, 1101, 1322, 1316, 15, 7.54%, 0, 0, 4, 13.14
1747850845, 0, 1102, 1322, 1316, 15, 7.54%, 0, 0, 4, 16.24
1747850850, 0, 1103, 1322, 1316, 15, 7.54%, 0, 0, 4, 15.07
1747850860, 0, 1104, 1322, 1316, 15, 7.54%, 0, 0, 4, 12.88
1747850870, 0, 1104, 1323, 1317, 15, 7.54%, 0, 0, 4, 12.13
1747850885, 0, 1105, 1323, 1317, 15, 7.54%, 0, 0, 4, 11.69
1747850895, 0, 1106, 1323, 1317, 15, 7.54%, 0, 0, 4, 12.43
1747850906, 0, 1107, 1323, 1317, 15, 7.54%, 0, 0, 4, 12.49
1747850916, 0, 1108, 1323, 1317, 15, 7.54%, 0, 0, 4, 12.83
1747850926, 0, 1109, 1323, 1317, 15, 7.54%, 0, 0, 4, 15.95
1747850931, 0, 1110, 1323, 1317, 15, 7.54%, 0, 0, 4, 16.58
1747850936, 0, 1110, 1324, 1318, 15, 7.54%, 0, 0, 4, 15.14
1747850952, 0, 1111, 1324, 1318, 15, 7.54%, 0, 0, 4, 13.99
1747850957, 0, 1112, 1324, 1318, 15, 7.54%, 0, 0, 4, 13.82
1747850967, 0, 1114, 1324, 1318, 15, 7.54%, 0, 0, 4, 13.01
1747850977, 0, 1115, 1324, 1318, 15, 7.54%, 0, 0, 4, 12.36
1747850988, 0, 1116, 1324, 1318, 15, 7.54%, 0, 0, 4, 12.48
1747850998, 0, 1118, 1324, 1318, 15, 7.54%, 0, 0, 4, 12.66
1747851008, 0, 1119, 1324, 1318, 15, 7.54%, 0, 0, 4, 13.92
1747851018, 0, 1120, 1324, 1318, 15, 7.54%, 0, 0, 4, 18.02
1747851023, 0, 1121, 1324, 1318, 15, 7.54%, 0, 0, 4, 21.49
1747851029, 0, 1122, 1324, 1318, 15, 7.54%, 0, 0, 4, 24.74
1747851034, 0, 1123, 1324, 1318, 15, 7.54%, 0, 0, 4, 21.72
1747851044, 0, 1124, 1324, 1318, 15, 7.54%, 0, 0, 4, 19.95
1747851049, 0, 1125, 1324, 1318, 15, 7.54%, 0, 0, 4, 18.96
1747851054, 0, 1126, 1324, 1318, 15, 7.54%, 0, 0, 4, 20.59
1747851059, 0, 1127, 1324, 1318, 15, 7.54%, 0, 0, 4, 20.74
1747851070, 0, 1128, 1324, 1318, 15, 7.54%, 0, 0, 4, 20.73
1747851075, 0, 1129, 1324, 1318, 15, 7.54%, 0, 0, 4, 18.89
1747851080, 0, 1132, 1324, 1318, 15, 7.54%, 0, 0, 4, 22.02
1747851085, 0, 1133, 1324, 1318, 15, 7.54%, 0, 0, 4, 23.63
1747851090, 0, 1135, 1324, 1318, 15, 7.54%, 0, 0, 4, 22.74
1747851290, 0, 1135, 1325, 1319, 15, 7.54%, 0, 0, 4, 14.66
1747851310, 0, 1135, 1326, 1320, 15, 7.54%, 0, 0, 4, 14.92
