# unix_time, cycles_done, cur_path, paths_total, pending_total, pending_favs, map_size, unique_crashes, unique_hangs, max_depth, execs_per_sec
1747817486, 0, 0, 1, 1, 1, 3.78%, 0, 0, 1, 72.73
1747817491, 0, 0, 34, 34, 1, 4.95%, 0, 0, 2, 82.29
1747817496, 0, 0, 59, 59, 1, 4.97%, 0, 0, 2, 83.90
1747817501, 0, 0, 81, 81, 1, 4.97%, 0, 0, 2, 81.47
1747817506, 0, 0, 97, 97, 1, 4.98%, 0, 0, 2, 84.74
1747817511, 0, 0, 113, 113, 1, 4.99%, 0, 0, 2, 84.06
1747817517, 0, 0, 125, 125, 1, 4.99%, 0, 0, 2, 84.59
1747817522, 0, 0, 133, 133, 1, 4.99%, 0, 0, 2, 61.82
1747817527, 0, 0, 142, 142, 1, 5.00%, 0, 0, 2, 50.89
1747817532, 0, 0, 152, 152, 1, 5.00%, 0, 0, 2, 50.72
1747817537, 0, 0, 160, 160, 1, 5.02%, 0, 0, 2, 48.68
1747817542, 0, 0, 166, 166, 1, 5.02%, 0, 0, 2, 50.93
1747817547, 0, 0, 169, 169, 1, 5.02%, 0, 0, 2, 52.99
1747817552, 0, 0, 172, 172, 1, 5.02%, 0, 0, 2, 52.64
1747817557, 0, 0, 177, 177, 1, 5.02%, 0, 0, 2, 52.18
1747817562, 0, 0, 179, 179, 1, 5.02%, 0, 0, 2, 52.87
1747817567, 0, 0, 185, 185, 1, 5.02%, 0, 0, 2, 50.52
1747817572, 0, 0, 190, 190, 1, 5.02%, 0, 0, 2, 52.12
1747817577, 0, 0, 193, 193, 1, 5.02%, 0, 0, 2, 52.97
1747817582, 0, 0, 194, 194, 1, 5.02%, 0, 0, 2, 54.09
1747817587, 0, 0, 197, 197, 1, 5.02%, 0, 0, 2, 53.30
1747817593, 0, 0, 200, 200, 1, 5.02%, 0, 0, 2, 53.34
1747817598, 0, 0, 204, 204, 1, 5.02%, 0, 0, 2, 53.63
1747817603, 0, 0, 208, 208, 1, 5.02%, 0, 0, 2, 51.57
1747817608, 0, 0, 209, 209, 1, 5.02%, 0, 0, 2, 54.12
1747817613, 0, 0, 211, 211, 1, 5.02%, 0, 0, 2, 53.36
1747817623, 0, 0, 214, 214, 1, 5.02%, 0, 0, 2, 52.45
1747817628, 0, 0, 215, 215, 1, 5.02%, 0, 0, 2, 53.56
1747817633, 0, 0, 217, 217, 1, 5.05%, 0, 0, 2, 52.51
1747817643, 0, 0, 218, 218, 1, 5.05%, 0, 0, 2, 53.50
1747817648, 0, 0, 219, 219, 1, 5.05%, 0, 0, 2, 54.13
1747817653, 0, 0, 222, 222, 1, 5.05%, 0, 0, 2, 51.66
1747817658, 0, 0, 224, 224, 1, 5.05%, 0, 0, 2, 52.79
1747817669, 0, 0, 225, 225, 1, 5.05%, 0, 0, 2, 54.65
1747817674, 0, 0, 229, 229, 1, 5.05%, 0, 0, 2, 52.60
1747817689, 0, 0, 230, 230, 1, 5.05%, 0, 0, 2, 54.39
1747817694, 0, 0, 231, 231, 1, 5.05%, 0, 0, 2, 53.64
1747817699, 0, 0, 234, 234, 1, 5.05%, 0, 0, 2, 53.23
1747817704, 0, 0, 237, 237, 1, 5.05%, 0, 0, 2, 53.09
1747817709, 0, 0, 239, 239, 1, 5.05%, 0, 0, 2, 53.46
1747817724, 0, 0, 240, 240, 1, 5.05%, 0, 0, 2, 54.04
1747817734, 0, 0, 241, 241, 1, 5.05%, 0, 0, 2, 53.72
1747817739, 0, 0, 244, 244, 1, 5.05%, 0, 0, 2, 53.75
1747817744, 0, 0, 245, 245, 1, 5.05%, 0, 0, 2, 53.76
1747817755, 0, 0, 247, 247, 1, 5.05%, 0, 0, 2, 53.48
1747817760, 0, 0, 248, 248, 1, 5.05%, 0, 0, 2, 53.68
1747817765, 0, 0, 249, 249, 1, 5.05%, 0, 0, 2, 53.66
1747817770, 0, 0, 250, 250, 1, 5.05%, 0, 0, 2, 53.33
1747817816, 0, 2, 259, 258, 13, 5.05%, 0, 0, 2, 44.22
1747817821, 0, 2, 274, 273, 13, 5.05%, 0, 0, 2, 36.36
1747817826, 0, 2, 287, 286, 13, 5.06%, 0, 0, 2, 34.76
1747817831, 0, 2, 299, 298, 13, 5.06%, 0, 0, 2, 33.57
1747817836, 0, 2, 306, 305, 13, 5.06%, 0, 0, 2, 34.32
1747817842, 0, 2, 309, 308, 13, 5.06%, 0, 0, 2, 34.86
1747817847, 0, 2, 316, 315, 13, 5.06%, 0, 0, 2, 34.08
1747817852, 0, 2, 321, 320, 13, 5.06%, 0, 0, 2, 34.50
1747817857, 0, 2, 328, 327, 13, 5.17%, 0, 0, 2, 34.20
1747817862, 0, 2, 332, 331, 13, 5.26%, 0, 0, 2, 34.41
1747817867, 0, 2, 336, 335, 13, 5.26%, 0, 0, 2, 34.45
1747817872, 0, 2, 337, 336, 13, 5.26%, 0, 0, 2, 35.09
1747817877, 0, 2, 341, 340, 13, 5.27%, 0, 0, 2, 33.91
1747817882, 0, 2, 344, 343, 13, 5.27%, 0, 0, 2, 34.32
1747817888, 0, 2, 347, 346, 13, 5.27%, 0, 0, 2, 34.58
1747817893, 0, 2, 349, 348, 13, 5.28%, 0, 0, 2, 34.39
1747817898, 0, 2, 351, 350, 13, 5.28%, 0, 0, 2, 34.93
1747817903, 0, 2, 354, 353, 13, 5.29%, 0, 0, 2, 34.72
1747817908, 0, 2, 357, 356, 13, 5.29%, 0, 0, 2, 34.51
1747817913, 0, 2, 359, 358, 13, 5.29%, 0, 0, 2, 34.44
1747817918, 0, 2, 361, 360, 13, 5.29%, 0, 0, 2, 34.63
1747817923, 0, 2, 362, 361, 13, 5.29%, 0, 0, 2, 34.84
1747817949, 0, 2, 363, 362, 13, 5.29%, 0, 0, 2, 34.94
1747817954, 0, 2, 364, 363, 13, 5.29%, 0, 0, 2, 35.46
1747817960, 0, 3, 366, 365, 14, 5.29%, 0, 0, 2, 34.43
1747817965, 0, 5, 373, 372, 14, 5.92%, 0, 0, 2, 30.65
1747817970, 0, 5, 385, 384, 14, 5.93%, 0, 0, 2, 27.77
1747817975, 0, 5, 394, 393, 14, 5.93%, 0, 0, 2, 27.75
1747817980, 0, 5, 404, 403, 14, 5.93%, 0, 0, 2, 27.68
1747817985, 0, 5, 413, 412, 14, 5.94%, 0, 0, 2, 27.61
1747817990, 0, 5, 420, 419, 14, 5.94%, 0, 0, 2, 27.68
1747817995, 0, 5, 427, 426, 14, 5.94%, 0, 0, 2, 27.50
1747818001, 0, 5, 434, 433, 14, 5.94%, 0, 0, 2, 27.89
1747818006, 0, 5, 441, 440, 14, 5.96%, 0, 0, 2, 27.11
1747818011, 0, 5, 444, 443, 14, 5.96%, 0, 0, 2, 27.87
1747818016, 0, 5, 451, 450, 14, 5.98%, 0, 0, 2, 28.17
1747818021, 0, 5, 454, 453, 14, 6.02%, 0, 0, 2, 28.37
1747818026, 0, 5, 457, 456, 14, 6.02%, 0, 0, 2, 27.99
1747818031, 0, 5, 461, 460, 14, 6.02%, 0, 0, 2, 28.01
1747818036, 0, 5, 466, 465, 14, 6.02%, 0, 0, 2, 27.90
1747818041, 0, 5, 469, 468, 14, 6.02%, 0, 0, 2, 27.90
1747818046, 0, 5, 471, 470, 14, 6.02%, 0, 0, 2, 28.22
1747818052, 0, 5, 474, 473, 14, 6.02%, 0, 0, 2, 27.98
1747818062, 0, 5, 478, 477, 14, 6.02%, 0, 0, 2, 27.17
1747818072, 0, 5, 480, 479, 14, 6.02%, 0, 0, 2, 28.00
1747818077, 0, 5, 481, 480, 14, 6.02%, 0, 0, 2, 27.98
1747818082, 0, 5, 483, 482, 14, 6.03%, 0, 0, 2, 27.72
1747818087, 0, 5, 486, 485, 14, 6.03%, 0, 0, 2, 27.31
1747818092, 0, 5, 488, 487, 14, 6.03%, 0, 0, 2, 27.68
1747818098, 0, 5, 491, 490, 14, 6.03%, 0, 0, 2, 27.97
1747818103, 0, 5, 492, 491, 14, 6.03%, 0, 0, 2, 28.39
1747818108, 0, 5, 494, 493, 14, 6.03%, 0, 0, 2, 28.10
1747818113, 0, 5, 495, 494, 14, 6.03%, 0, 0, 2, 28.21
1747818118, 0, 5, 497, 496, 14, 6.03%, 0, 0, 2, 28.35
1747818123, 0, 5, 499, 498, 14, 6.03%, 0, 0, 2, 28.23
1747818128, 0, 5, 501, 500, 14, 6.03%, 0, 0, 2, 28.37
1747818133, 0, 5, 503, 502, 14, 6.03%, 0, 0, 2, 28.54
1747818138, 0, 5, 505, 504, 14, 6.03%, 0, 0, 2, 27.58
1747818143, 0, 5, 506, 505, 14, 6.03%, 0, 0, 2, 28.15
1747818149, 0, 5, 507, 506, 14, 6.04%, 0, 0, 2, 28.15
1747818154, 0, 6, 510, 509, 21, 6.04%, 0, 0, 2, 26.99
1747818159, 0, 6, 515, 514, 21, 6.04%, 0, 0, 2, 25.86
1747818164, 0, 6, 520, 519, 21, 6.04%, 0, 0, 2, 26.12
1747818169, 0, 6, 525, 524, 21, 6.07%, 0, 0, 2, 25.70
1747818174, 0, 6, 528, 527, 21, 6.07%, 0, 0, 2, 26.10
1747818179, 0, 6, 533, 532, 21, 6.07%, 0, 0, 2, 26.02
1747818184, 0, 6, 536, 535, 21, 6.10%, 0, 0, 2, 26.12
1747818189, 0, 6, 539, 538, 21, 6.10%, 0, 0, 2, 26.01
1747818194, 0, 6, 542, 541, 21, 6.10%, 0, 0, 2, 25.89
1747818200, 0, 6, 547, 546, 21, 6.10%, 0, 0, 2, 26.47
1747818205, 0, 6, 550, 549, 21, 6.11%, 0, 0, 2, 26.19
1747818210, 0, 6, 554, 553, 21, 6.11%, 0, 0, 2, 26.13
1747818215, 0, 6, 557, 556, 21, 6.37%, 0, 0, 2, 26.00
1747818220, 0, 6, 561, 560, 21, 6.37%, 0, 0, 2, 25.49
1747818225, 0, 6, 562, 561, 21, 6.37%, 0, 0, 2, 26.25
1747818230, 0, 6, 564, 563, 21, 6.37%, 0, 0, 2, 26.35
1747818236, 0, 6, 566, 565, 21, 6.37%, 0, 0, 2, 26.72
1747818246, 0, 6, 568, 567, 21, 6.37%, 0, 0, 2, 26.30
1747818256, 0, 6, 569, 568, 21, 6.37%, 0, 0, 2, 26.48
1747818261, 0, 6, 572, 571, 21, 6.39%, 0, 0, 2, 25.92
1747818266, 0, 6, 573, 572, 21, 6.39%, 0, 0, 2, 26.32
1747818277, 0, 6, 578, 577, 21, 6.39%, 0, 0, 2, 25.39
1747818287, 0, 6, 580, 579, 21, 6.39%, 0, 0, 2, 31.06
1747818292, 0, 6, 581, 580, 21, 6.39%, 0, 0, 2, 41.11
1747818297, 0, 6, 584, 583, 21, 6.40%, 0, 0, 2, 43.01
1747818302, 0, 6, 587, 586, 21, 6.40%, 0, 0, 2, 43.17
1747818307, 0, 6, 590, 589, 21, 6.41%, 0, 0, 2, 44.24
1747818312, 0, 6, 593, 592, 21, 6.41%, 0, 0, 2, 44.23
1747818317, 0, 7, 595, 594, 21, 6.41%, 0, 0, 2, 44.80
1747818322, 0, 7, 596, 595, 21, 6.41%, 0, 0, 2, 45.19
1747818338, 0, 8, 598, 597, 21, 6.41%, 0, 0, 2, 43.80
1747818343, 0, 8, 603, 602, 21, 6.42%, 0, 0, 2, 42.08
1747818348, 0, 8, 611, 610, 21, 6.42%, 0, 0, 2, 40.79
1747818353, 0, 8, 618, 617, 21, 6.42%, 0, 0, 2, 40.38
1747818358, 0, 8, 622, 621, 21, 6.42%, 0, 0, 2, 40.38
1747818363, 0, 8, 631, 630, 21, 6.48%, 0, 0, 2, 39.09
1747818368, 0, 8, 637, 636, 21, 6.48%, 0, 0, 2, 39.93
1747818373, 0, 8, 641, 640, 21, 6.48%, 0, 0, 2, 41.15
1747818379, 0, 8, 644, 643, 21, 6.48%, 0, 0, 2, 41.47
1747818384, 0, 8, 646, 645, 21, 6.48%, 0, 0, 2, 41.62
1747818389, 0, 8, 652, 651, 21, 6.48%, 0, 0, 2, 41.01
1747818394, 0, 8, 656, 655, 21, 6.48%, 0, 0, 2, 40.55
1747818399, 0, 8, 659, 658, 21, 6.48%, 0, 0, 2, 41.37
1747818404, 0, 8, 661, 660, 21, 6.48%, 0, 0, 2, 41.04
1747818415, 0, 8, 663, 662, 21, 6.48%, 0, 0, 2, 41.31
1747818420, 0, 8, 664, 663, 21, 6.48%, 0, 0, 2, 41.83
1747818425, 0, 8, 668, 667, 21, 6.48%, 0, 0, 2, 41.39
1747818430, 0, 8, 670, 669, 21, 6.49%, 0, 0, 2, 41.24
1747818435, 0, 8, 671, 670, 21, 6.49%, 0, 0, 2, 41.19
1747818440, 0, 8, 673, 672, 21, 6.49%, 0, 0, 2, 41.29
1747818445, 0, 8, 674, 673, 21, 6.57%, 0, 0, 2, 41.42
1747818451, 0, 8, 676, 675, 21, 6.57%, 0, 0, 2, 40.99
1747818456, 0, 10, 683, 682, 24, 6.58%, 0, 0, 2, 38.94
1747818461, 0, 10, 688, 687, 24, 6.58%, 0, 0, 2, 38.77
1747818466, 0, 10, 692, 691, 24, 6.58%, 0, 0, 2, 38.37
1747818471, 0, 10, 696, 695, 24, 6.58%, 0, 0, 2, 37.87
1747818476, 0, 10, 699, 698, 24, 6.58%, 0, 0, 2, 38.40
1747818481, 0, 10, 704, 703, 24, 6.58%, 0, 0, 2, 37.83
1747818486, 0, 10, 707, 706, 24, 6.58%, 0, 0, 2, 38.82
1747818491, 0, 10, 708, 707, 24, 6.58%, 0, 0, 2, 38.81
1747818496, 0, 10, 714, 713, 24, 6.58%, 0, 0, 2, 37.58
1747818501, 0, 10, 717, 716, 24, 6.58%, 0, 0, 2, 37.82
1747818506, 0, 10, 721, 720, 24, 6.58%, 0, 0, 2, 38.79
1747818511, 0, 10, 723, 722, 24, 6.58%, 0, 0, 2, 38.25
1747818517, 0, 10, 727, 726, 24, 6.58%, 0, 0, 2, 38.86
1747818522, 0, 10, 732, 731, 24, 6.58%, 0, 0, 2, 37.67
1747818527, 0, 10, 733, 732, 24, 6.58%, 0, 0, 2, 38.98
1747818532, 0, 10, 734, 733, 24, 6.58%, 0, 0, 2, 38.76
1747818537, 0, 10, 735, 734, 24, 6.58%, 0, 0, 2, 39.04
1747818542, 0, 10, 738, 737, 24, 6.58%, 0, 0, 2, 38.15
1747818547, 0, 10, 740, 739, 24, 6.58%, 0, 0, 2, 38.90
1747818552, 0, 10, 741, 740, 24, 6.58%, 0, 0, 2, 38.96
1747818557, 0, 10, 745, 744, 24, 6.58%, 0, 0, 2, 38.45
1747818567, 0, 10, 747, 746, 24, 6.58%, 0, 0, 2, 38.39
1747818572, 0, 10, 748, 747, 24, 6.58%, 0, 0, 2, 38.93
1747818577, 0, 13, 749, 748, 23, 6.58%, 0, 0, 2, 40.65
1747818587, 0, 16, 763, 762, 23, 6.58%, 0, 0, 2, 33.90
1747818592, 0, 16, 775, 774, 23, 6.59%, 0, 0, 2, 31.61
1747818598, 0, 16, 785, 784, 23, 6.62%, 0, 0, 2, 31.91
1747818603, 0, 16, 796, 795, 23, 6.66%, 0, 0, 2, 30.93
1747818608, 0, 16, 805, 804, 23, 6.66%, 0, 0, 2, 30.71
1747818613, 0, 16, 815, 814, 23, 6.66%, 0, 0, 2, 31.15
1747818618, 0, 16, 822, 821, 23, 6.66%, 0, 0, 2, 31.59
1747818623, 0, 16, 825, 824, 23, 6.66%, 0, 0, 2, 32.58
1747818628, 0, 16, 831, 830, 23, 6.66%, 0, 0, 2, 32.18
1747818634, 0, 16, 835, 834, 23, 6.66%, 0, 0, 2, 33.04
1747818639, 0, 16, 838, 837, 23, 6.66%, 0, 0, 2, 32.61
1747818644, 0, 16, 842, 841, 23, 6.66%, 0, 0, 2, 32.74
1747818649, 0, 16, 843, 842, 23, 6.66%, 0, 0, 2, 33.39
1747818654, 0, 16, 845, 844, 23, 6.66%, 0, 0, 2, 32.46
1747818659, 0, 16, 849, 848, 23, 6.66%, 0, 0, 2, 32.00
1747818664, 0, 16, 851, 850, 23, 6.66%, 0, 0, 2, 32.07
1747818669, 0, 16, 854, 853, 23, 6.66%, 0, 0, 2, 32.61
1747818674, 0, 16, 856, 855, 23, 6.66%, 0, 0, 2, 33.47
1747818680, 0, 16, 859, 858, 23, 6.66%, 0, 0, 2, 32.19
1747818685, 0, 16, 862, 861, 23, 6.66%, 0, 0, 2, 32.24
1747818690, 0, 16, 863, 862, 23, 6.66%, 0, 0, 2, 32.95
1747818695, 0, 16, 864, 863, 23, 6.66%, 0, 0, 2, 32.59
1747818700, 0, 16, 867, 866, 23, 6.66%, 0, 0, 2, 31.87
1747818705, 0, 16, 869, 868, 23, 6.66%, 0, 0, 2, 32.30
1747818710, 0, 16, 871, 870, 23, 6.66%, 0, 0, 2, 32.73
1747818716, 0, 16, 872, 871, 23, 6.66%, 0, 0, 2, 33.29
1747818721, 0, 16, 877, 876, 23, 6.66%, 0, 0, 2, 32.20
1747818726, 0, 16, 879, 878, 23, 6.67%, 0, 0, 2, 31.98
1747818731, 0, 16, 880, 879, 23, 6.67%, 0, 0, 2, 32.11
1747818736, 0, 16, 886, 885, 23, 6.67%, 0, 0, 2, 31.30
1747818741, 0, 16, 889, 888, 23, 6.67%, 0, 0, 2, 31.67
1747818746, 0, 17, 890, 889, 24, 6.67%, 0, 0, 2, 34.49
1747818751, 0, 19, 890, 889, 24, 6.67%, 0, 0, 2, 41.11
1747818756, 0, 21, 890, 889, 24, 6.67%, 0, 0, 2, 43.80
1747818762, 0, 23, 890, 889, 24, 6.67%, 0, 0, 2, 41.52
1747818767, 0, 24, 895, 894, 24, 6.67%, 0, 0, 2, 34.15
1747818772, 0, 24, 899, 898, 24, 6.68%, 0, 0, 2, 32.53
1747818777, 0, 24, 904, 903, 24, 6.68%, 0, 0, 2, 30.80
1747818782, 0, 24, 906, 905, 24, 6.68%, 0, 0, 2, 31.92
1747818787, 0, 24, 908, 907, 24, 6.68%, 0, 0, 2, 31.96
1747818792, 0, 24, 912, 911, 24, 6.68%, 0, 0, 2, 31.20
1747818797, 0, 24, 914, 913, 24, 6.68%, 0, 0, 2, 32.44
1747818803, 0, 24, 916, 915, 24, 6.68%, 0, 0, 2, 32.06
1747818813, 0, 24, 918, 917, 24, 6.68%, 0, 0, 2, 31.55
1747818818, 0, 24, 921, 920, 24, 6.69%, 0, 0, 2, 31.42
1747818823, 0, 24, 922, 921, 24, 6.69%, 0, 0, 2, 33.05
1747818828, 0, 24, 924, 923, 24, 6.69%, 0, 0, 2, 32.35
1747818839, 0, 24, 926, 925, 24, 6.69%, 0, 0, 2, 31.77
1747818844, 0, 24, 927, 926, 24, 6.69%, 0, 0, 2, 31.05
1747818849, 0, 24, 928, 927, 24, 6.69%, 0, 0, 2, 31.32
1747818854, 0, 24, 929, 928, 24, 6.69%, 0, 0, 2, 31.71
1747818859, 0, 24, 930, 929, 24, 6.69%, 0, 0, 2, 31.75
1747818864, 0, 24, 931, 930, 24, 6.69%, 0, 0, 2, 31.54
1747818895, 0, 24, 933, 932, 24, 6.69%, 0, 0, 2, 31.46
1747818900, 0, 24, 934, 933, 24, 6.69%, 0, 0, 2, 31.55
1747818905, 0, 27, 934, 933, 24, 6.69%, 0, 0, 2, 36.63
1747818910, 0, 29, 934, 933, 24, 6.69%, 0, 0, 2, 41.21
1747818915, 0, 30, 934, 933, 24, 6.69%, 0, 0, 2, 35.41
1747818921, 0, 32, 934, 933, 24, 6.69%, 0, 0, 2, 36.15
1747818926, 0, 32, 940, 939, 24, 6.69%, 0, 0, 2, 30.17
1747818931, 0, 32, 941, 940, 24, 6.69%, 0, 0, 2, 30.23
1747818936, 0, 32, 943, 942, 24, 6.69%, 0, 0, 2, 29.73
1747818946, 0, 32, 944, 943, 24, 6.69%, 0, 0, 2, 30.05
1747818952, 0, 32, 945, 944, 24, 6.69%, 0, 0, 2, 29.75
1747818957, 0, 32, 946, 945, 24, 6.69%, 0, 0, 2, 29.89
1747818962, 0, 32, 949, 948, 24, 6.69%, 0, 0, 2, 29.55
1747818967, 0, 32, 951, 950, 24, 6.69%, 0, 0, 2, 29.91
1747818977, 0, 32, 952, 951, 24, 6.69%, 0, 0, 2, 30.77
1747818988, 0, 32, 954, 953, 24, 6.69%, 0, 0, 2, 29.46
1747818998, 0, 32, 955, 954, 24, 6.69%, 0, 0, 2, 29.91
1747819003, 0, 32, 956, 955, 24, 6.69%, 0, 0, 2, 29.81
1747819008, 0, 32, 957, 956, 24, 6.69%, 0, 0, 2, 29.65
1747819023, 0, 32, 958, 957, 24, 6.69%, 0, 0, 2, 29.49
1747819034, 0, 32, 959, 958, 24, 6.69%, 0, 0, 2, 29.99
1747819044, 0, 32, 960, 959, 24, 6.69%, 0, 0, 2, 30.37
1747819065, 0, 33, 960, 959, 24, 6.69%, 0, 0, 2, 34.21
1747819070, 0, 35, 960, 959, 24, 6.69%, 0, 0, 2, 39.36
1747819075, 0, 36, 964, 963, 24, 6.69%, 0, 0, 2, 32.84
1747819080, 0, 36, 968, 967, 24, 6.69%, 0, 0, 2, 27.16
1747819085, 0, 36, 975, 974, 24, 6.69%, 0, 0, 2, 25.21
1747819090, 0, 36, 979, 978, 24, 6.70%, 0, 0, 2, 25.43
1747819095, 0, 36, 980, 979, 24, 6.70%, 0, 0, 2, 26.77
1747819100, 0, 36, 981, 980, 24, 6.70%, 0, 0, 2, 25.94
1747819105, 0, 36, 983, 982, 24, 6.70%, 0, 0, 2, 26.32
1747819110, 0, 36, 985, 984, 24, 6.70%, 0, 0, 2, 25.79
1747819115, 0, 36, 987, 986, 24, 6.70%, 0, 0, 2, 25.35
1747819121, 0, 36, 989, 988, 24, 6.70%, 0, 0, 2, 25.78
1747819126, 0, 36, 991, 990, 24, 6.70%, 0, 0, 2, 25.70
1747819131, 0, 36, 992, 991, 24, 6.70%, 0, 0, 2, 25.97
1747819136, 0, 36, 993, 992, 24, 6.70%, 0, 0, 2, 26.07
1747819141, 0, 36, 994, 993, 24, 6.70%, 0, 0, 2, 25.83
1747819151, 0, 36, 996, 995, 24, 6.70%, 0, 0, 2, 26.28
1747819162, 0, 36, 998, 997, 24, 6.70%, 0, 0, 2, 25.97
1747819172, 0, 36, 999, 998, 24, 6.70%, 0, 0, 2, 25.94
1747819177, 0, 36, 1003, 1002, 24, 6.72%, 0, 0, 2, 25.59
1747819182, 0, 36, 1004, 1003, 24, 6.72%, 0, 0, 2, 26.38
1747819187, 0, 36, 1006, 1005, 24, 6.72%, 0, 0, 2, 26.32
1747819197, 0, 36, 1007, 1006, 24, 6.72%, 0, 0, 2, 26.17
1747819202, 0, 36, 1008, 1007, 24, 6.72%, 0, 0, 2, 25.47
1747819207, 0, 36, 1009, 1008, 24, 6.72%, 0, 0, 2, 25.94
1747819217, 0, 36, 1011, 1010, 24, 6.72%, 0, 0, 2, 25.95
1747819228, 0, 36, 1013, 1012, 24, 6.72%, 0, 0, 2, 26.22
1747819248, 0, 37, 1013, 1012, 24, 6.72%, 0, 0, 2, 32.27
1747819253, 0, 38, 1018, 1017, 24, 6.72%, 0, 0, 2, 26.18
1747819258, 0, 38, 1025, 1024, 24, 6.72%, 0, 0, 2, 22.05
1747819263, 0, 38, 1028, 1027, 24, 6.72%, 0, 0, 2, 21.88
1747819268, 0, 38, 1032, 1031, 24, 6.73%, 0, 0, 2, 22.18
1747819273, 0, 38, 1034, 1033, 24, 6.73%, 0, 0, 2, 22.65
1747819279, 0, 38, 1037, 1036, 24, 6.73%, 0, 0, 2, 22.43
1747819284, 0, 38, 1038, 1037, 24, 6.73%, 0, 0, 2, 21.93
1747819289, 0, 38, 1039, 1038, 24, 6.73%, 0, 0, 2, 22.79
1747819294, 0, 38, 1041, 1040, 24, 6.73%, 0, 0, 2, 22.45
1747819299, 0, 38, 1042, 1041, 24, 6.73%, 0, 0, 2, 22.92
1747819304, 0, 38, 1043, 1042, 24, 6.73%, 0, 0, 2, 24.12
1747819320, 0, 38, 1045, 1044, 24, 6.73%, 0, 0, 2, 22.34
1747819335, 0, 38, 1046, 1045, 24, 6.73%, 0, 0, 2, 23.03
1747819340, 0, 38, 1048, 1047, 24, 6.73%, 0, 0, 2, 22.67
1747819345, 0, 38, 1049, 1048, 24, 6.73%, 0, 0, 2, 23.33
1747819361, 0, 38, 1050, 1049, 24, 6.73%, 0, 0, 2, 22.40
1747819366, 0, 38, 1051, 1050, 24, 6.73%, 0, 0, 2, 21.88
1747819386, 0, 38, 1052, 1051, 24, 6.73%, 0, 0, 2, 23.09
1747819392, 0, 38, 1053, 1052, 24, 6.73%, 0, 0, 2, 22.92
1747819412, 0, 38, 1054, 1053, 24, 6.73%, 0, 0, 2, 22.31
1747819427, 0, 38, 1055, 1054, 24, 6.73%, 0, 0, 2, 23.00
1747819432, 0, 38, 1056, 1055, 24, 6.73%, 0, 0, 2, 23.14
1747819448, 0, 39, 1056, 1055, 25, 6.73%, 0, 0, 2, 34.17
1747819453, 0, 41, 1056, 1055, 25, 6.73%, 0, 0, 2, 24.30
1747819458, 0, 42, 1057, 1056, 25, 6.73%, 0, 0, 2, 22.42
1747819463, 0, 42, 1058, 1057, 25, 6.73%, 0, 0, 2, 22.66
1747819468, 0, 42, 1059, 1058, 25, 6.73%, 0, 0, 2, 22.16
1747819474, 0, 42, 1060, 1059, 25, 6.73%, 0, 0, 2, 21.87
1747819499, 0, 42, 1061, 1060, 25, 6.73%, 0, 0, 2, 21.96
1747819504, 0, 42, 1063, 1062, 25, 6.73%, 0, 0, 2, 22.22
1747819509, 0, 42, 1065, 1064, 25, 6.73%, 0, 0, 2, 22.59
1747819535, 0, 42, 1066, 1065, 25, 6.73%, 0, 0, 2, 21.68
1747819545, 0, 42, 1068, 1067, 25, 6.73%, 0, 0, 2, 22.52
1747819550, 0, 42, 1069, 1068, 25, 6.73%, 0, 0, 2, 21.26
1747819555, 0, 42, 1070, 1069, 25, 6.73%, 0, 0, 2, 20.89
1747819560, 0, 42, 1071, 1070, 25, 6.73%, 0, 0, 2, 21.99
1747819570, 0, 42, 1072, 1071, 25, 6.73%, 0, 0, 2, 21.26
1747819586, 0, 42, 1074, 1073, 25, 6.73%, 0, 0, 2, 21.98
1747819648, 0, 43, 1074, 1073, 25, 6.73%, 0, 0, 2, 24.83
1747819653, 0, 44, 1075, 1074, 25, 6.73%, 0, 0, 2, 30.95
1747819658, 0, 44, 1077, 1076, 25, 6.73%, 0, 0, 2, 29.58
1747819683, 0, 44, 1078, 1077, 25, 6.73%, 0, 0, 2, 27.66
1747819694, 0, 44, 1079, 1078, 25, 6.73%, 0, 0, 2, 27.90
1747819801, 0, 46, 1079, 1078, 25, 6.73%, 0, 0, 2, 21.82
1747819806, 0, 47, 1079, 1078, 25, 6.73%, 0, 0, 2, 25.27
1747819811, 0, 48, 1080, 1079, 25, 6.73%, 0, 0, 2, 20.79
1747819816, 0, 48, 1081, 1080, 25, 6.73%, 0, 0, 2, 17.29
1747819821, 0, 48, 1083, 1082, 25, 6.73%, 0, 0, 2, 15.94
1747819826, 0, 48, 1084, 1083, 25, 6.73%, 0, 0, 2, 13.95
1747819831, 0, 48, 1085, 1084, 25, 6.73%, 0, 0, 2, 13.50
1747819867, 0, 48, 1087, 1086, 25, 6.79%, 0, 0, 2, 12.81
1747819872, 0, 48, 1088, 1087, 25, 6.79%, 0, 0, 2, 12.69
1747819898, 0, 48, 1090, 1089, 25, 6.79%, 0, 0, 2, 12.49
1747819949, 0, 48, 1091, 1090, 25, 6.79%, 0, 0, 2, 12.84
1747819979, 0, 48, 1092, 1091, 25, 6.79%, 0, 0, 2, 13.67
1747820005, 0, 48, 1093, 1092, 25, 6.84%, 0, 0, 2, 12.94
1747820046, 0, 48, 1094, 1093, 25, 6.84%, 0, 0, 2, 21.37
1747820087, 0, 49, 1095, 1094, 21, 6.84%, 0, 0, 2, 20.55
1747820092, 0, 49, 1096, 1095, 21, 6.84%, 0, 0, 2, 20.16
1747820097, 0, 49, 1098, 1097, 21, 6.84%, 0, 0, 2, 19.55
1747820112, 0, 49, 1099, 1098, 21, 6.84%, 0, 0, 2, 19.88
1747820117, 0, 49, 1100, 1099, 21, 6.84%, 0, 0, 2, 20.52
1747820128, 0, 49, 1101, 1100, 21, 6.84%, 0, 0, 2, 20.13
1747820158, 0, 49, 1102, 1101, 21, 6.84%, 0, 0, 2, 20.23
1747820240, 0, 49, 1103, 1102, 21, 6.84%, 0, 0, 2, 20.95
1747820271, 0, 49, 1105, 1104, 21, 6.84%, 0, 0, 2, 20.87
1747820286, 0, 49, 1106, 1105, 21, 6.84%, 0, 0, 2, 12.37
1747820291, 0, 49, 1107, 1106, 21, 6.84%, 0, 0, 2, 12.36
1747820306, 0, 50, 1107, 1106, 21, 6.84%, 0, 0, 2, 18.96
1747820312, 0, 51, 1108, 1107, 21, 6.84%, 0, 0, 2, 17.06
1747820317, 0, 51, 1109, 1108, 21, 6.84%, 0, 0, 2, 13.33
1747820327, 0, 51, 1110, 1109, 21, 6.84%, 0, 0, 2, 11.92
1747820348, 0, 51, 1111, 1110, 21, 6.86%, 0, 0, 2, 11.51
1747820353, 0, 51, 1112, 1111, 21, 6.86%, 0, 0, 2, 10.97
1747820358, 0, 51, 1113, 1112, 21, 6.86%, 0, 0, 2, 11.13
1747820399, 0, 51, 1114, 1113, 21, 6.86%, 0, 0, 2, 11.84
1747820414, 0, 51, 1115, 1114, 21, 6.86%, 0, 0, 2, 11.77
1747820440, 0, 51, 1116, 1115, 21, 6.86%, 0, 0, 2, 11.64
1747820451, 0, 51, 1117, 1116, 21, 6.86%, 0, 0, 2, 11.45
1747820476, 0, 51, 1118, 1117, 21, 6.86%, 0, 0, 2, 11.89
1747820558, 0, 51, 1119, 1118, 21, 6.86%, 0, 0, 2, 12.03
1747820666, 0, 51, 1120, 1119, 21, 6.86%, 0, 0, 2, 11.59
1747820671, 0, 52, 1120, 1119, 21, 6.86%, 0, 0, 2, 16.13
1747820676, 0, 53, 1120, 1119, 21, 6.86%, 0, 0, 2, 18.51
1747820686, 0, 54, 1120, 1119, 21, 6.86%, 0, 0, 2, 13.95
1747820691, 0, 55, 1120, 1119, 21, 6.86%, 0, 0, 2, 22.58
1747820696, 0, 56, 1120, 1119, 21, 6.86%, 0, 0, 2, 25.43
1747820701, 0, 57, 1120, 1119, 21, 6.86%, 0, 0, 2, 22.80
1747820712, 0, 58, 1120, 1119, 21, 6.86%, 0, 0, 2, 13.23
1747820717, 0, 59, 1120, 1119, 21, 6.86%, 0, 0, 2, 22.62
1747820722, 0, 60, 1120, 1119, 21, 6.86%, 0, 0, 2, 22.97
1747820727, 0, 61, 1120, 1119, 21, 6.86%, 0, 0, 2, 24.17
1747820732, 0, 61, 1121, 1120, 21, 6.86%, 0, 0, 2, 15.17
1747820753, 0, 63, 1121, 1120, 21, 6.86%, 0, 0, 2, 12.08
1747820763, 0, 64, 1121, 1120, 21, 6.86%, 0, 0, 2, 30.38
1747820900, 0, 65, 1121, 1119, 20, 6.86%, 0, 0, 2, 31.08
1747820905, 0, 67, 1121, 1119, 20, 6.86%, 0, 0, 2, 26.88
1747820910, 0, 68, 1121, 1119, 20, 6.86%, 0, 0, 2, 18.02
1747820921, 0, 69, 1121, 1119, 20, 6.86%, 0, 0, 2, 19.29
1747820926, 0, 70, 1121, 1119, 20, 6.86%, 0, 0, 2, 24.95
1747820931, 0, 71, 1121, 1119, 20, 6.86%, 0, 0, 2, 18.45
1747820941, 0, 72, 1121, 1119, 20, 6.86%, 0, 0, 2, 12.22
1747820951, 0, 74, 1121, 1119, 20, 6.86%, 0, 0, 2, 19.45
1747820957, 0, 75, 1121, 1119, 20, 6.86%, 0, 0, 2, 23.71
1747820962, 0, 76, 1121, 1119, 20, 6.86%, 0, 0, 2, 24.70
1747820967, 0, 78, 1121, 1119, 20, 6.86%, 0, 0, 2, 24.35
1747820972, 0, 79, 1121, 1119, 20, 6.86%, 0, 0, 2, 23.37
1747820977, 0, 80, 1121, 1119, 20, 6.86%, 0, 0, 2, 18.78
1747820987, 0, 81, 1121, 1119, 20, 6.86%, 0, 0, 2, 18.67
1747820992, 0, 82, 1121, 1119, 20, 6.86%, 0, 0, 2, 17.15
1747820997, 0, 82, 1122, 1120, 20, 6.86%, 0, 0, 3, 12.96
1747821008, 0, 82, 1123, 1121, 20, 6.86%, 0, 0, 3, 11.52
1747821038, 0, 83, 1123, 1121, 20, 6.86%, 0, 0, 3, 11.02
1747821049, 0, 83, 1124, 1122, 20, 6.86%, 0, 0, 3, 11.37
1747821064, 0, 84, 1124, 1122, 20, 6.86%, 0, 0, 3, 20.06
1747821069, 0, 85, 1124, 1122, 20, 6.86%, 0, 0, 3, 23.87
1747821074, 0, 87, 1124, 1122, 20, 6.86%, 0, 0, 3, 16.31
1747821085, 0, 88, 1124, 1122, 20, 6.86%, 0, 0, 3, 12.07
1747821095, 0, 89, 1124, 1122, 20, 6.86%, 0, 0, 3, 20.23
1747821100, 0, 90, 1124, 1122, 20, 6.86%, 0, 0, 3, 24.52
1747821105, 0, 91, 1125, 1123, 20, 6.86%, 0, 0, 3, 16.99
1747821110, 0, 91, 1126, 1124, 20, 6.86%, 0, 0, 3, 12.77
1747821136, 0, 91, 1127, 1125, 20, 6.86%, 0, 0, 3, 11.22
1747821141, 0, 91, 1128, 1126, 20, 6.86%, 0, 0, 3, 11.24
1747821146, 0, 91, 1129, 1127, 20, 6.86%, 0, 0, 3, 10.70
1747821233, 0, 91, 1130, 1128, 20, 6.86%, 0, 0, 3, 10.97
1747821265, 0, 91, 1131, 1129, 20, 6.86%, 0, 0, 3, 11.22
1747821295, 0, 91, 1132, 1130, 20, 6.86%, 0, 0, 3, 18.88
1747821306, 0, 91, 1133, 1131, 20, 6.86%, 0, 0, 3, 18.33
1747821316, 0, 91, 1134, 1132, 20, 6.86%, 0, 0, 3, 18.73
1747821352, 0, 91, 1135, 1133, 20, 6.86%, 0, 0, 3, 19.11
1747821387, 0, 91, 1136, 1134, 20, 6.86%, 0, 0, 3, 19.31
1747821403, 0, 92, 1136, 1134, 21, 6.86%, 0, 0, 3, 11.49
1747821413, 0, 93, 1136, 1134, 21, 6.86%, 0, 0, 3, 17.46
1747821418, 0, 94, 1136, 1134, 21, 6.86%, 0, 0, 3, 23.38
1747821423, 0, 95, 1136, 1134, 21, 6.86%, 0, 0, 3, 19.22
1747821434, 0, 96, 1136, 1134, 21, 6.86%, 0, 0, 3, 18.22
1747821439, 0, 98, 1136, 1134, 21, 6.86%, 0, 0, 3, 23.32
1747821444, 0, 99, 1136, 1134, 21, 6.86%, 0, 0, 3, 25.30
1747821449, 0, 100, 1136, 1134, 21, 6.86%, 0, 0, 3, 24.71
1747821454, 0, 101, 1136, 1134, 21, 6.86%, 0, 0, 3, 18.69
1747821464, 0, 102, 1136, 1134, 21, 6.86%, 0, 0, 3, 12.25
1747821475, 0, 103, 1136, 1134, 21, 6.86%, 0, 0, 3, 24.63
1747821480, 0, 105, 1136, 1134, 21, 6.86%, 0, 0, 3, 25.58
1747821485, 0, 107, 1136, 1134, 21, 6.86%, 0, 0, 3, 24.42
1747821490, 0, 108, 1136, 1134, 21, 6.86%, 0, 0, 3, 26.19
1747821495, 0, 109, 1136, 1134, 21, 6.86%, 0, 0, 3, 23.33
1747821501, 0, 109, 1138, 1136, 21, 6.86%, 0, 0, 3, 13.38
1747821506, 0, 109, 1139, 1137, 21, 6.86%, 0, 0, 3, 11.19
1747821511, 0, 109, 1141, 1139, 21, 6.86%, 0, 0, 3, 10.65
1747821557, 0, 109, 1142, 1140, 21, 6.86%, 0, 0, 3, 10.32
1747821577, 0, 109, 1144, 1142, 21, 6.86%, 0, 0, 3, 10.06
1747821613, 0, 109, 1145, 1143, 21, 6.86%, 0, 0, 3, 10.38
1747821628, 0, 109, 1146, 1144, 21, 6.86%, 0, 0, 3, 10.29
1747821634, 0, 109, 1147, 1145, 21, 6.86%, 0, 0, 3, 10.11
1747821659, 0, 109, 1148, 1146, 21, 6.86%, 0, 0, 3, 10.13
1747821721, 0, 109, 1149, 1147, 21, 6.86%, 0, 0, 3, 10.03
1747821726, 0, 109, 1150, 1148, 21, 6.86%, 0, 0, 3, 9.76
1747821813, 0, 109, 1152, 1150, 21, 6.86%, 0, 0, 3, 10.58
1747821890, 0, 109, 1153, 1151, 21, 6.86%, 0, 0, 3, 10.62
1747821895, 0, 110, 1154, 1152, 21, 6.86%, 0, 0, 3, 10.03
1747821900, 0, 110, 1156, 1154, 21, 6.86%, 0, 0, 3, 10.55
1747821905, 0, 110, 1157, 1155, 21, 6.86%, 0, 0, 3, 10.02
1747821910, 0, 110, 1158, 1156, 21, 6.86%, 0, 0, 3, 9.79
1747821916, 0, 110, 1160, 1158, 21, 6.86%, 0, 0, 3, 9.51
1747821931, 0, 110, 1161, 1159, 21, 6.86%, 0, 0, 3, 10.19
1747821936, 0, 110, 1162, 1160, 21, 6.86%, 0, 0, 3, 9.83
1747821946, 0, 110, 1163, 1161, 21, 6.86%, 0, 0, 3, 9.77
1747821951, 0, 110, 1164, 1162, 21, 6.86%, 0, 0, 3, 10.87
1747821957, 0, 110, 1165, 1163, 21, 6.86%, 0, 0, 3, 10.54
1747822039, 0, 110, 1166, 1164, 21, 6.87%, 0, 0, 3, 9.80
1747822054, 0, 110, 1167, 1165, 21, 6.87%, 0, 0, 3, 10.41
1747822090, 0, 110, 1168, 1166, 21, 6.87%, 0, 0, 3, 10.07
1747822100, 0, 110, 1169, 1167, 21, 6.87%, 0, 0, 3, 9.95
1747822106, 0, 110, 1170, 1168, 21, 6.87%, 0, 0, 3, 9.62
1747822111, 0, 110, 1171, 1169, 21, 6.87%, 0, 0, 3, 10.33
1747822172, 0, 110, 1172, 1170, 21, 6.87%, 0, 0, 3, 9.79
1747822218, 0, 110, 1174, 1172, 21, 6.87%, 0, 0, 3, 9.90
1747822305, 0, 111, 1174, 1172, 23, 6.87%, 0, 0, 3, 19.38
1747822310, 0, 112, 1174, 1172, 23, 6.87%, 0, 0, 3, 15.68
1747822316, 0, 112, 1175, 1173, 23, 6.87%, 0, 0, 3, 11.91
1747822331, 0, 112, 1176, 1174, 23, 6.87%, 0, 0, 3, 10.09
1747822361, 0, 112, 1177, 1175, 23, 6.87%, 0, 0, 3, 15.84
1747822382, 0, 112, 1178, 1176, 23, 6.87%, 0, 0, 3, 16.60
1747822453, 0, 113, 1178, 1176, 23, 6.87%, 0, 0, 3, 16.53
1747822459, 0, 116, 1178, 1176, 23, 6.87%, 0, 0, 3, 17.16
1747822469, 0, 117, 1179, 1177, 23, 6.87%, 0, 0, 3, 17.60
1747822484, 0, 119, 1179, 1177, 23, 6.87%, 0, 0, 3, 17.08
1747822489, 0, 120, 1179, 1177, 23, 6.87%, 0, 0, 3, 32.96
1747822494, 0, 122, 1180, 1178, 23, 6.87%, 0, 0, 3, 28.52
1747822510, 0, 122, 1181, 1179, 23, 6.87%, 0, 0, 3, 17.00
1747822520, 0, 122, 1182, 1180, 23, 6.87%, 0, 0, 3, 17.00
1747822525, 0, 122, 1184, 1182, 23, 6.87%, 0, 0, 3, 17.42
1747822566, 0, 122, 1185, 1183, 23, 6.87%, 0, 0, 3, 16.36
1747822576, 0, 122, 1186, 1184, 23, 6.87%, 0, 0, 3, 16.88
1747822612, 0, 122, 1187, 1185, 23, 6.87%, 0, 0, 3, 17.06
1747822622, 0, 122, 1188, 1186, 23, 6.87%, 0, 0, 3, 17.68
1747822647, 0, 122, 1190, 1188, 23, 6.87%, 0, 0, 3, 16.22
1747822658, 0, 122, 1191, 1189, 23, 6.87%, 0, 0, 3, 16.59
1747822694, 0, 122, 1192, 1190, 23, 6.87%, 0, 0, 3, 17.25
1747822699, 0, 122, 1193, 1191, 23, 6.87%, 0, 0, 3, 16.29
1747822739, 0, 125, 1193, 1191, 24, 6.87%, 0, 0, 3, 17.46
1747822750, 0, 126, 1193, 1191, 24, 6.87%, 0, 0, 3, 31.26
1747822755, 0, 127, 1193, 1191, 24, 6.87%, 0, 0, 3, 21.17
1747822760, 0, 127, 1194, 1192, 24, 6.87%, 0, 0, 3, 16.86
1747822765, 0, 127, 1195, 1193, 24, 6.87%, 0, 0, 3, 16.28
1747822770, 0, 127, 1196, 1194, 24, 6.87%, 0, 0, 3, 16.43
1747822785, 0, 127, 1197, 1195, 24, 6.88%, 0, 0, 3, 16.89
1747822795, 0, 127, 1198, 1196, 24, 6.88%, 0, 0, 3, 16.89
1747822806, 0, 127, 1199, 1197, 24, 6.88%, 0, 0, 3, 16.55
1747822831, 0, 127, 1200, 1198, 24, 6.88%, 0, 0, 3, 17.83
1747822882, 0, 127, 1201, 1199, 24, 6.88%, 0, 0, 3, 16.19
1747822898, 0, 127, 1202, 1200, 24, 6.88%, 0, 0, 3, 17.15
1747822918, 0, 127, 1203, 1201, 24, 6.88%, 0, 0, 3, 17.14
1747822974, 0, 127, 1204, 1202, 24, 6.88%, 0, 0, 3, 17.10
1747823000, 0, 128, 1204, 1202, 24, 6.88%, 0, 0, 3, 16.64
1747823005, 0, 129, 1204, 1202, 24, 6.88%, 0, 0, 3, 16.85
1747823010, 0, 129, 1207, 1205, 24, 6.88%, 0, 0, 3, 15.82
1747823015, 0, 129, 1208, 1206, 24, 6.88%, 0, 0, 3, 15.63
1747823061, 0, 129, 1209, 1207, 24, 6.88%, 0, 0, 3, 16.90
1747823087, 0, 129, 1210, 1208, 24, 6.88%, 0, 0, 3, 16.12
1747823092, 0, 129, 1211, 1209, 24, 6.88%, 0, 0, 3, 16.49
1747823117, 0, 129, 1212, 1210, 24, 6.88%, 0, 0, 3, 16.50
1747823153, 0, 129, 1213, 1211, 24, 6.88%, 0, 0, 3, 17.01
1747823168, 0, 129, 1214, 1212, 24, 6.89%, 0, 0, 3, 16.72
1747823210, 0, 129, 1215, 1213, 24, 6.89%, 0, 0, 3, 16.13
1747823220, 0, 129, 1216, 1214, 24, 6.89%, 0, 0, 3, 16.37
1747823255, 0, 130, 1216, 1214, 26, 6.89%, 0, 0, 3, 17.37
1747823266, 0, 132, 1217, 1215, 26, 6.89%, 0, 0, 3, 16.58
1747823281, 0, 133, 1217, 1215, 26, 6.89%, 0, 0, 3, 16.87
1747823286, 0, 134, 1217, 1215, 26, 6.89%, 0, 0, 3, 16.23
1747823296, 0, 135, 1217, 1215, 26, 6.89%, 0, 0, 3, 16.35
1747823301, 0, 136, 1217, 1215, 26, 6.89%, 0, 0, 3, 15.95
1747823312, 0, 137, 1217, 1215, 26, 6.89%, 0, 0, 3, 16.28
1747823317, 0, 137, 1218, 1216, 26, 6.89%, 0, 0, 3, 16.45
1747823327, 0, 138, 1218, 1216, 26, 6.89%, 0, 0, 3, 16.03
1747823332, 0, 138, 1219, 1217, 26, 6.89%, 0, 0, 3, 16.42
1747823342, 0, 140, 1220, 1218, 26, 6.89%, 0, 0, 3, 17.03
1747823358, 0, 141, 1220, 1218, 26, 6.89%, 0, 0, 3, 16.09
1747823368, 0, 143, 1220, 1218, 26, 6.89%, 0, 0, 3, 17.53
1747823373, 0, 144, 1220, 1218, 26, 6.89%, 0, 0, 3, 17.02
1747823378, 0, 144, 1222, 1220, 26, 6.89%, 0, 0, 3, 16.56
1747823404, 0, 147, 1222, 1220, 26, 6.89%, 0, 0, 3, 17.99
1747823409, 0, 148, 1222, 1220, 26, 6.89%, 0, 0, 3, 17.02
1747823419, 0, 148, 1223, 1221, 26, 6.89%, 0, 0, 3, 16.87
1747823424, 0, 148, 1224, 1222, 26, 6.89%, 0, 0, 3, 16.57
1747823430, 0, 148, 1225, 1223, 26, 6.89%, 0, 0, 3, 16.52
1747823440, 0, 148, 1226, 1224, 26, 6.89%, 0, 0, 3, 16.20
1747823507, 0, 148, 1227, 1225, 26, 6.89%, 0, 0, 3, 16.15
1747823568, 0, 148, 1228, 1226, 26, 6.89%, 0, 0, 3, 16.29
1747823655, 0, 149, 1229, 1227, 27, 6.89%, 0, 0, 3, 16.16
1747823665, 0, 150, 1229, 1227, 27, 6.89%, 0, 0, 3, 15.96
1747823671, 0, 151, 1229, 1227, 27, 6.89%, 0, 0, 3, 16.52
1747823681, 0, 152, 1229, 1227, 27, 6.89%, 0, 0, 3, 16.60
1747823686, 0, 152, 1230, 1228, 27, 6.89%, 0, 0, 3, 16.69
1747823696, 0, 153, 1230, 1228, 27, 6.89%, 0, 0, 3, 17.35
1747823701, 0, 154, 1230, 1228, 27, 6.89%, 0, 0, 3, 16.50
1747823712, 0, 155, 1230, 1228, 27, 6.89%, 0, 0, 3, 16.02
1747823717, 0, 156, 1230, 1228, 27, 6.89%, 0, 0, 3, 17.24
1747823727, 0, 157, 1230, 1228, 27, 6.89%, 0, 0, 3, 16.53
1747823732, 0, 158, 1230, 1228, 27, 6.89%, 0, 0, 3, 17.03
1747823743, 0, 159, 1230, 1228, 27, 6.89%, 0, 0, 3, 16.53
1747823748, 0, 160, 1230, 1228, 27, 6.89%, 0, 0, 3, 17.57
1747823758, 0, 161, 1230, 1228, 27, 6.89%, 0, 0, 3, 17.55
1747823763, 0, 162, 1230, 1228, 27, 6.89%, 0, 0, 3, 16.76
1747823768, 0, 162, 1231, 1229, 27, 6.89%, 0, 0, 3, 17.28
1747823778, 0, 164, 1231, 1229, 27, 6.89%, 0, 0, 3, 16.88
1747823784, 0, 164, 1232, 1230, 27, 6.89%, 0, 0, 3, 16.91
1747823794, 0, 165, 1232, 1230, 27, 6.89%, 0, 0, 3, 17.03
1747823804, 0, 166, 1232, 1230, 27, 6.89%, 0, 0, 3, 17.80
1747823809, 0, 168, 1232, 1230, 27, 6.89%, 0, 0, 3, 16.51
1747823819, 0, 169, 1232, 1230, 27, 6.89%, 0, 0, 3, 16.49
1747823824, 0, 170, 1232, 1230, 27, 6.89%, 0, 0, 3, 16.93
1747823835, 0, 171, 1232, 1230, 27, 6.89%, 0, 0, 3, 16.89
1747823840, 0, 172, 1232, 1230, 27, 6.89%, 0, 0, 3, 16.92
1747823850, 0, 173, 1232, 1230, 27, 6.89%, 0, 0, 3, 17.22
1747823855, 0, 175, 1232, 1230, 27, 6.89%, 0, 0, 3, 17.52
1747823865, 0, 176, 1232, 1230, 27, 6.89%, 0, 0, 3, 17.12
1747823871, 0, 177, 1232, 1230, 27, 6.89%, 0, 0, 3, 16.43
1747823876, 0, 178, 1232, 1230, 27, 6.89%, 0, 0, 3, 17.52
1747823886, 0, 179, 1232, 1230, 27, 6.89%, 0, 0, 3, 17.10
1747823891, 0, 180, 1232, 1230, 27, 6.89%, 0, 0, 3, 17.01
1747823901, 0, 182, 1232, 1230, 27, 6.89%, 0, 0, 3, 16.56
1747823906, 0, 183, 1232, 1230, 27, 6.89%, 0, 0, 3, 17.25
1747823917, 0, 184, 1232, 1230, 27, 6.89%, 0, 0, 3, 16.51
1747823922, 0, 185, 1232, 1230, 27, 6.89%, 0, 0, 3, 17.11
1747823932, 0, 186, 1232, 1230, 27, 6.89%, 0, 0, 3, 17.19
1747823937, 0, 187, 1232, 1230, 27, 6.89%, 0, 0, 3, 16.52
1747823947, 0, 188, 1232, 1230, 27, 6.89%, 0, 0, 3, 16.74
1747823952, 0, 189, 1232, 1230, 27, 6.89%, 0, 0, 3, 17.31
1747823962, 0, 190, 1232, 1230, 27, 6.89%, 0, 0, 3, 17.55
1747823968, 0, 191, 1232, 1230, 27, 6.89%, 0, 0, 3, 16.52
1747823978, 0, 192, 1232, 1230, 27, 6.89%, 0, 0, 3, 16.85
1747823983, 0, 193, 1232, 1230, 27, 6.89%, 0, 0, 3, 16.81
1747823993, 0, 194, 1232, 1230, 27, 6.89%, 0, 0, 3, 15.96
1747823998, 0, 195, 1232, 1230, 27, 6.89%, 0, 0, 3, 16.10
1747824009, 0, 196, 1232, 1230, 27, 6.89%, 0, 0, 3, 16.39
1747824014, 0, 197, 1232, 1230, 27, 6.89%, 0, 0, 3, 16.87
1747824024, 0, 198, 1232, 1230, 27, 6.89%, 0, 0, 3, 16.67
1747824029, 0, 199, 1232, 1230, 27, 6.89%, 0, 0, 3, 16.46
1747824039, 0, 200, 1232, 1230, 27, 6.89%, 0, 0, 3, 16.95
1747824045, 0, 201, 1232, 1230, 27, 6.89%, 0, 0, 3, 16.59
1747824055, 0, 204, 1232, 1230, 27, 6.89%, 0, 0, 3, 16.82
1747824060, 0, 206, 1232, 1230, 27, 6.89%, 0, 0, 3, 16.20
1747824070, 0, 207, 1232, 1230, 27, 6.89%, 0, 0, 3, 17.07
1747824075, 0, 208, 1232, 1230, 27, 6.89%, 0, 0, 3, 17.04
1747824086, 0, 209, 1232, 1230, 27, 6.89%, 0, 0, 3, 16.80
1747824091, 0, 210, 1232, 1230, 27, 6.89%, 0, 0, 3, 16.39
1747824101, 0, 211, 1232, 1230, 27, 6.89%, 0, 0, 3, 17.62
1747824106, 0, 212, 1232, 1230, 27, 6.89%, 0, 0, 3, 16.78
1747824111, 0, 213, 1232, 1230, 27, 6.89%, 0, 0, 3, 17.54
1747824121, 0, 214, 1232, 1230, 27, 6.89%, 0, 0, 3, 16.70
1747824126, 0, 215, 1232, 1230, 27, 6.89%, 0, 0, 3, 16.58
1747824137, 0, 216, 1232, 1230, 27, 6.89%, 0, 0, 3, 17.24
1747824142, 0, 217, 1232, 1230, 27, 6.89%, 0, 0, 3, 17.33
1747824152, 0, 218, 1232, 1230, 27, 6.89%, 0, 0, 3, 16.80
1747824157, 0, 219, 1232, 1230, 27, 6.89%, 0, 0, 3, 17.38
1747824167, 0, 220, 1233, 1231, 27, 6.89%, 0, 0, 3, 16.48
1747824183, 0, 221, 1233, 1231, 27, 6.89%, 0, 0, 3, 17.72
1747824188, 0, 222, 1234, 1232, 27, 6.89%, 0, 0, 3, 16.41
1747824208, 0, 223, 1234, 1232, 27, 6.89%, 0, 0, 3, 16.07
1747824213, 0, 224, 1234, 1232, 27, 6.89%, 0, 0, 3, 16.33
1747824223, 0, 225, 1234, 1232, 27, 6.89%, 0, 0, 3, 16.49
1747824229, 0, 226, 1234, 1232, 27, 6.89%, 0, 0, 3, 16.91
1747824239, 0, 227, 1234, 1232, 27, 6.89%, 0, 0, 3, 16.97
1747824244, 0, 228, 1234, 1232, 27, 6.89%, 0, 0, 3, 16.47
1747824254, 0, 229, 1234, 1232, 27, 6.89%, 0, 0, 3, 16.57
1747824259, 0, 231, 1234, 1232, 27, 6.89%, 0, 0, 3, 16.57
1747824269, 0, 232, 1234, 1232, 27, 6.89%, 0, 0, 3, 17.15
1747824275, 0, 234, 1234, 1232, 27, 6.89%, 0, 0, 3, 16.95
1747824285, 0, 235, 1234, 1232, 27, 6.89%, 0, 0, 3, 17.28
1747824290, 0, 236, 1234, 1232, 27, 6.89%, 0, 0, 3, 16.84
1747824295, 0, 236, 1235, 1233, 27, 6.89%, 0, 0, 3, 16.44
1747824305, 0, 237, 1235, 1233, 27, 6.89%, 0, 0, 3, 16.24
1747824315, 0, 238, 1235, 1233, 27, 6.89%, 0, 0, 3, 13.09
1747824325, 0, 239, 1235, 1233, 27, 6.89%, 0, 0, 3, 9.48
1747824341, 0, 240, 1235, 1233, 27, 6.89%, 0, 0, 3, 10.31
1747824351, 0, 241, 1235, 1233, 27, 6.89%, 0, 0, 3, 9.89
1747824366, 0, 242, 1235, 1233, 27, 6.89%, 0, 0, 3, 10.79
1747824376, 0, 243, 1235, 1233, 27, 6.89%, 0, 0, 3, 10.66
1747824392, 0, 244, 1235, 1233, 27, 6.89%, 0, 0, 3, 10.67
1747824402, 0, 245, 1235, 1233, 27, 6.89%, 0, 0, 3, 10.40
1747824417, 0, 246, 1235, 1233, 27, 6.89%, 0, 0, 3, 9.45
1747824427, 0, 247, 1235, 1233, 27, 6.89%, 0, 0, 3, 9.61
1747824443, 0, 248, 1235, 1233, 27, 6.89%, 0, 0, 3, 10.10
1747824453, 0, 249, 1235, 1233, 27, 6.89%, 0, 0, 3, 9.92
1747824468, 0, 251, 1235, 1233, 27, 6.89%, 0, 0, 3, 9.72
1747824484, 0, 253, 1236, 1234, 27, 6.89%, 0, 0, 3, 8.66
1747824510, 0, 254, 1236, 1234, 27, 6.89%, 0, 0, 3, 9.82
1747824525, 0, 256, 1236, 1234, 27, 6.89%, 0, 0, 3, 9.97
1747824535, 0, 257, 1236, 1234, 27, 6.89%, 0, 0, 3, 11.07
1747824551, 0, 258, 1236, 1234, 27, 6.89%, 0, 0, 3, 9.59
1747824556, 0, 258, 1237, 1235, 27, 6.89%, 0, 0, 3, 9.80
1747824576, 0, 261, 1237, 1235, 27, 6.89%, 0, 0, 3, 10.01
1747824581, 0, 261, 1238, 1236, 27, 6.89%, 0, 0, 3, 9.26
1747824602, 0, 261, 1239, 1237, 27, 6.89%, 0, 0, 3, 9.44
1747824607, 0, 261, 1240, 1238, 27, 6.89%, 0, 0, 3, 9.67
1747824684, 0, 262, 1240, 1238, 27, 6.89%, 0, 0, 3, 9.84
1747824699, 0, 263, 1240, 1238, 27, 6.89%, 0, 0, 3, 10.50
1747824710, 0, 264, 1240, 1238, 27, 6.89%, 0, 0, 3, 9.43
1747824725, 0, 265, 1240, 1238, 27, 6.89%, 0, 0, 3, 9.82
1747824735, 0, 265, 1241, 1239, 27, 6.89%, 0, 0, 3, 9.42
1747824751, 0, 266, 1241, 1239, 27, 6.89%, 0, 0, 3, 9.57
1747824766, 0, 267, 1241, 1239, 27, 6.89%, 0, 0, 3, 9.54
1747824776, 0, 269, 1241, 1239, 27, 6.89%, 0, 0, 3, 9.73
1747824792, 0, 270, 1241, 1239, 27, 6.89%, 0, 0, 3, 10.43
1747824802, 0, 272, 1241, 1239, 27, 6.89%, 0, 0, 3, 9.35
1747824812, 0, 272, 1242, 1240, 27, 6.89%, 0, 0, 3, 9.01
1747824833, 0, 273, 1242, 1240, 27, 6.89%, 0, 0, 3, 9.84
1747824843, 0, 274, 1242, 1240, 27, 6.89%, 0, 0, 3, 10.11
1747824858, 0, 275, 1242, 1240, 27, 6.89%, 0, 0, 3, 10.10
1747824869, 0, 276, 1242, 1240, 27, 6.89%, 0, 0, 3, 10.28
1747824884, 0, 278, 1242, 1240, 27, 6.89%, 0, 0, 3, 10.00
1747824894, 0, 279, 1242, 1240, 27, 6.89%, 0, 0, 3, 9.80
1747824904, 0, 280, 1242, 1240, 27, 6.89%, 0, 0, 3, 10.40
1747824920, 0, 281, 1242, 1240, 27, 6.89%, 0, 0, 3, 10.37
1747824935, 0, 284, 1242, 1240, 27, 6.89%, 0, 0, 3, 10.46
1747824945, 0, 286, 1242, 1240, 27, 6.89%, 0, 0, 3, 10.03
1747824950, 0, 286, 1243, 1241, 27, 6.89%, 0, 0, 3, 9.55
1747824956, 0, 286, 1244, 1242, 27, 6.89%, 0, 0, 3, 10.64
1747824997, 0, 288, 1244, 1242, 27, 6.89%, 0, 0, 3, 9.97
1747825012, 0, 289, 1244, 1242, 27, 6.89%, 0, 0, 3, 10.05
1747825022, 0, 292, 1244, 1242, 27, 6.89%, 0, 0, 3, 9.76
1747825038, 0, 293, 1244, 1242, 27, 6.89%, 0, 0, 3, 9.17
1747825048, 0, 295, 1244, 1242, 27, 6.89%, 0, 0, 3, 10.07
1747825064, 0, 296, 1244, 1242, 27, 6.89%, 0, 0, 3, 10.88
1747825074, 0, 297, 1244, 1242, 27, 6.89%, 0, 0, 3, 10.42
1747825084, 0, 298, 1244, 1242, 27, 6.89%, 0, 0, 3, 10.39
1747825100, 0, 300, 1244, 1242, 27, 6.89%, 0, 0, 3, 10.31
1747825110, 0, 301, 1244, 1242, 27, 6.89%, 0, 0, 3, 9.76
1747825126, 0, 303, 1244, 1242, 27, 6.89%, 0, 0, 3, 10.19
1747825131, 0, 303, 1245, 1243, 27, 6.89%, 0, 0, 3, 9.46
1747825151, 0, 304, 1245, 1243, 27, 6.89%, 0, 0, 3, 9.65
1747825167, 0, 305, 1245, 1243, 27, 6.89%, 0, 0, 3, 9.30
1747825177, 0, 306, 1245, 1243, 27, 6.89%, 0, 0, 3, 9.34
1747825193, 0, 307, 1245, 1243, 27, 6.89%, 0, 0, 3, 10.12
1747825198, 0, 307, 1246, 1244, 27, 6.89%, 0, 0, 3, 9.16
1747825218, 0, 308, 1246, 1244, 27, 6.89%, 0, 0, 3, 10.26
1747825234, 0, 309, 1246, 1244, 27, 6.89%, 0, 0, 3, 10.10
1747825244, 0, 310, 1246, 1244, 27, 6.89%, 0, 0, 3, 9.85
1747825259, 0, 311, 1246, 1244, 27, 6.89%, 0, 0, 3, 9.89
1747825270, 0, 312, 1246, 1244, 27, 6.89%, 0, 0, 3, 10.07
1747825275, 0, 312, 1247, 1245, 27, 6.89%, 0, 0, 3, 8.79
1747825300, 0, 313, 1247, 1245, 27, 6.89%, 0, 0, 3, 9.48
1747825310, 0, 314, 1247, 1245, 27, 6.89%, 0, 0, 3, 9.54
1747825326, 0, 315, 1247, 1245, 27, 6.89%, 0, 0, 3, 10.25
1747825336, 0, 316, 1247, 1245, 27, 6.89%, 0, 0, 3, 10.37
1747825352, 0, 317, 1247, 1245, 27, 6.89%, 0, 0, 3, 9.81
1747825362, 0, 318, 1247, 1245, 27, 6.89%, 0, 0, 3, 10.58
1747825373, 0, 319, 1247, 1245, 27, 6.89%, 0, 0, 3, 11.01
1747825388, 0, 321, 1247, 1245, 27, 6.89%, 0, 0, 3, 9.82
1747825398, 0, 322, 1247, 1245, 27, 6.89%, 0, 0, 3, 9.78
1747825414, 0, 323, 1247, 1245, 27, 6.89%, 0, 0, 3, 10.18
1747825424, 0, 323, 1248, 1246, 27, 6.89%, 0, 0, 3, 9.80
1747825439, 0, 325, 1248, 1246, 27, 6.89%, 0, 0, 3, 9.73
1747825454, 0, 326, 1248, 1246, 27, 6.89%, 0, 0, 3, 10.56
1747825465, 0, 328, 1248, 1246, 27, 6.89%, 0, 0, 3, 9.49
1747825480, 0, 329, 1248, 1246, 27, 6.89%, 0, 0, 3, 9.33
1747825490, 0, 330, 1248, 1246, 27, 6.89%, 0, 0, 3, 9.34
1747825506, 0, 331, 1248, 1246, 27, 6.89%, 0, 0, 3, 9.94
1747825516, 0, 332, 1248, 1246, 27, 6.89%, 0, 0, 3, 10.30
1747825521, 0, 332, 1249, 1247, 27, 6.89%, 0, 0, 3, 9.72
1747825546, 0, 333, 1249, 1247, 27, 6.89%, 0, 0, 3, 10.78
1747825557, 0, 334, 1249, 1247, 27, 6.89%, 0, 0, 3, 10.05
1747825572, 0, 335, 1249, 1247, 27, 6.89%, 0, 0, 3, 9.82
1747825582, 0, 336, 1249, 1247, 27, 6.89%, 0, 0, 3, 10.42
1747825587, 0, 336, 1250, 1248, 27, 6.89%, 0, 0, 3, 9.05
1747825608, 0, 338, 1250, 1248, 27, 6.89%, 0, 0, 3, 10.00
1747825623, 0, 339, 1250, 1248, 27, 6.89%, 0, 0, 3, 10.49
1747825633, 0, 340, 1250, 1248, 27, 6.89%, 0, 0, 3, 10.06
1747825649, 0, 342, 1250, 1248, 27, 6.89%, 0, 0, 3, 9.70
1747825659, 0, 343, 1250, 1248, 27, 6.89%, 0, 0, 3, 10.32
1747825674, 0, 344, 1250, 1248, 27, 6.89%, 0, 0, 3, 9.98
1747825679, 0, 344, 1251, 1249, 27, 6.89%, 0, 0, 3, 9.65
1747825700, 0, 345, 1251, 1249, 27, 6.89%, 0, 0, 3, 9.64
1747825715, 0, 346, 1251, 1249, 27, 6.89%, 0, 0, 3, 10.17
1747825725, 0, 347, 1252, 1250, 27, 6.89%, 0, 0, 3, 9.07
1747825756, 0, 348, 1253, 1251, 27, 6.89%, 0, 0, 3, 10.94
1747825761, 0, 348, 1254, 1252, 27, 6.89%, 0, 0, 3, 9.64
1747825767, 0, 348, 1255, 1253, 27, 6.89%, 0, 0, 3, 9.29
1747825777, 0, 348, 1256, 1254, 27, 6.89%, 0, 0, 3, 9.23
1747825808, 0, 348, 1257, 1255, 27, 6.89%, 0, 0, 3, 9.05
1747825828, 0, 348, 1258, 1256, 27, 6.89%, 0, 0, 3, 9.16
1747825884, 0, 348, 1259, 1257, 27, 6.89%, 0, 0, 3, 9.37
1747826090, 0, 348, 1260, 1258, 27, 6.89%, 0, 0, 3, 9.16
1747826136, 0, 348, 1261, 1259, 27, 6.89%, 0, 0, 3, 9.39
1747826172, 0, 348, 1262, 1260, 27, 6.89%, 0, 0, 3, 9.22
1747826187, 0, 349, 1262, 1260, 27, 6.89%, 0, 0, 3, 9.47
1747826203, 0, 350, 1262, 1260, 27, 6.89%, 0, 0, 3, 10.33
1747826213, 0, 351, 1262, 1260, 27, 6.89%, 0, 0, 3, 10.52
1747826228, 0, 352, 1262, 1260, 27, 6.89%, 0, 0, 3, 9.83
1747826239, 0, 353, 1262, 1260, 27, 6.89%, 0, 0, 3, 10.21
1747826254, 0, 354, 1262, 1260, 27, 6.89%, 0, 0, 3, 10.61
1747826264, 0, 355, 1262, 1260, 27, 6.89%, 0, 0, 3, 8.96
1747826270, 0, 355, 1263, 1261, 27, 6.89%, 0, 0, 3, 9.13
1747826295, 0, 358, 1263, 1261, 27, 6.89%, 0, 0, 3, 9.76
1747826305, 0, 360, 1263, 1261, 27, 6.89%, 0, 0, 3, 9.92
1747826315, 0, 361, 1263, 1261, 27, 6.89%, 0, 0, 3, 10.49
1747826331, 0, 362, 1263, 1261, 27, 6.89%, 0, 0, 3, 9.95
1747826341, 0, 363, 1263, 1261, 27, 6.89%, 0, 0, 3, 9.51
1747826357, 0, 364, 1263, 1261, 27, 6.89%, 0, 0, 3, 10.00
1747826367, 0, 365, 1263, 1261, 27, 6.89%, 0, 0, 3, 10.47
1747826382, 0, 365, 1264, 1262, 27, 6.89%, 0, 0, 3, 9.81
1747826398, 0, 366, 1264, 1262, 27, 6.89%, 0, 0, 3, 9.44
1747826403, 0, 366, 1265, 1263, 27, 6.89%, 0, 0, 3, 9.27
1747826424, 0, 367, 1265, 1263, 27, 6.89%, 0, 0, 3, 10.20
1747826434, 0, 368, 1265, 1263, 27, 6.89%, 0, 0, 3, 10.81
1747826449, 0, 369, 1265, 1263, 27, 6.89%, 0, 0, 3, 10.23
1747826460, 0, 370, 1265, 1263, 27, 6.89%, 0, 0, 3, 9.97
1747826475, 0, 371, 1265, 1263, 27, 6.89%, 0, 0, 3, 8.92
1747826485, 0, 372, 1265, 1263, 27, 6.89%, 0, 0, 3, 10.17
1747826500, 0, 374, 1265, 1263, 27, 6.89%, 0, 0, 3, 9.89
1747826511, 0, 375, 1265, 1263, 27, 6.89%, 0, 0, 3, 9.54
1747826516, 0, 375, 1266, 1264, 27, 6.89%, 0, 0, 3, 8.95
1747826541, 0, 376, 1266, 1264, 27, 6.89%, 0, 0, 3, 9.56
1747826551, 0, 377, 1266, 1264, 27, 6.89%, 0, 0, 3, 10.68
1747826556, 0, 377, 1267, 1265, 27, 6.89%, 0, 0, 3, 9.25
1747826577, 0, 378, 1267, 1265, 27, 6.89%, 0, 0, 3, 9.36
1747826582, 0, 378, 1268, 1266, 27, 6.89%, 0, 0, 3, 8.54
1747826608, 0, 379, 1268, 1266, 27, 6.89%, 0, 0, 3, 9.56
1747826624, 0, 380, 1269, 1267, 27, 6.89%, 0, 0, 3, 9.32
1747826639, 0, 380, 1270, 1268, 27, 6.89%, 0, 0, 3, 9.75
1747826649, 0, 380, 1271, 1269, 27, 6.89%, 0, 0, 3, 9.66
1747826731, 0, 382, 1271, 1269, 28, 6.89%, 0, 0, 3, 9.84
1747826741, 0, 383, 1271, 1269, 28, 6.89%, 0, 0, 3, 9.73
1747826757, 0, 384, 1271, 1269, 28, 6.89%, 0, 0, 3, 10.00
1747826767, 0, 384, 1272, 1270, 28, 6.89%, 0, 0, 3, 9.49
1747826783, 0, 385, 1272, 1270, 28, 6.89%, 0, 0, 3, 9.78
1747826798, 0, 386, 1272, 1270, 28, 6.89%, 0, 0, 3, 9.72
1747826809, 0, 386, 1273, 1271, 28, 6.89%, 0, 0, 3, 9.56
1747826824, 0, 387, 1273, 1271, 28, 6.89%, 0, 0, 3, 9.81
1747826839, 0, 388, 1273, 1271, 28, 6.89%, 0, 0, 3, 10.34
1747826850, 0, 389, 1273, 1271, 28, 6.89%, 0, 0, 3, 9.47
1747826865, 0, 390, 1273, 1271, 28, 6.89%, 0, 0, 3, 9.34
1747826880, 0, 391, 1273, 1271, 28, 6.89%, 0, 0, 3, 10.00
1747826891, 0, 392, 1273, 1271, 28, 6.89%, 0, 0, 3, 9.47
1747826906, 0, 393, 1273, 1271, 28, 6.89%, 0, 0, 3, 9.18
1747826916, 0, 394, 1273, 1271, 28, 6.89%, 0, 0, 3, 9.96
1747826932, 0, 396, 1273, 1271, 28, 6.89%, 0, 0, 3, 9.85
1747826942, 0, 398, 1273, 1271, 28, 6.89%, 0, 0, 3, 9.61
1747826957, 0, 399, 1274, 1272, 28, 6.89%, 0, 0, 3, 9.85
1747826983, 0, 401, 1274, 1272, 28, 6.89%, 0, 0, 3, 10.13
1747826998, 0, 402, 1274, 1272, 28, 6.89%, 0, 0, 3, 9.36
1747827009, 0, 403, 1274, 1272, 28, 6.89%, 0, 0, 3, 10.12
1747827019, 0, 403, 1275, 1273, 28, 6.89%, 0, 0, 3, 9.32
1747827039, 0, 404, 1275, 1273, 28, 6.89%, 0, 0, 3, 9.47
1747827050, 0, 405, 1275, 1273, 28, 6.89%, 0, 0, 3, 14.97
1747827055, 0, 405, 1276, 1274, 28, 6.89%, 0, 0, 3, 15.12
1747827065, 0, 406, 1276, 1274, 28, 6.89%, 0, 0, 3, 16.28
1747827075, 0, 407, 1276, 1274, 28, 6.89%, 0, 0, 3, 15.64
1747827080, 0, 408, 1277, 1275, 28, 6.89%, 0, 0, 3, 15.88
1747827101, 0, 409, 1277, 1275, 28, 6.89%, 0, 0, 3, 16.57
1747827106, 0, 410, 1277, 1275, 28, 6.89%, 0, 0, 3, 15.73
1747827116, 0, 411, 1277, 1275, 28, 6.89%, 0, 0, 3, 16.34
1747827121, 0, 411, 1278, 1276, 28, 6.89%, 0, 0, 3, 15.99
1747827131, 0, 412, 1278, 1276, 28, 6.89%, 0, 0, 3, 15.57
1747827141, 0, 413, 1278, 1276, 28, 6.89%, 0, 0, 3, 15.97
1747827146, 0, 414, 1278, 1276, 28, 6.89%, 0, 0, 3, 16.90
1747827156, 0, 415, 1278, 1276, 28, 6.89%, 0, 0, 3, 16.47
1747827162, 0, 417, 1278, 1276, 28, 6.89%, 0, 0, 3, 15.71
1747827167, 0, 417, 1279, 1277, 28, 6.89%, 0, 0, 3, 15.43
1747827177, 0, 417, 1281, 1279, 28, 6.89%, 0, 0, 3, 14.63
1747827218, 0, 417, 1282, 1280, 28, 6.89%, 0, 0, 3, 9.56
1747827223, 0, 417, 1283, 1281, 28, 6.89%, 0, 0, 3, 8.55
1747827254, 0, 417, 1284, 1282, 28, 6.89%, 0, 0, 3, 8.63
1747827567, 0, 417, 1285, 1283, 28, 6.89%, 0, 0, 3, 8.14
1747827577, 0, 418, 1285, 1283, 28, 6.89%, 0, 0, 3, 9.07
1747827593, 0, 419, 1285, 1283, 28, 6.89%, 0, 0, 3, 9.09
1747827608, 0, 420, 1285, 1283, 28, 6.89%, 0, 0, 3, 10.15
1747827618, 0, 422, 1285, 1283, 28, 6.89%, 0, 0, 3, 9.22
1747827634, 0, 424, 1285, 1283, 28, 6.89%, 0, 0, 3, 9.74
1747827644, 0, 425, 1285, 1283, 28, 6.89%, 0, 0, 3, 9.65
1747827659, 0, 426, 1285, 1283, 28, 6.89%, 0, 0, 3, 9.31
1747827675, 0, 427, 1285, 1283, 28, 6.89%, 0, 0, 3, 10.02
1747827685, 0, 428, 1285, 1283, 28, 6.89%, 0, 0, 3, 10.06
1747827700, 0, 429, 1285, 1283, 28, 6.89%, 0, 0, 3, 9.75
1747827710, 0, 430, 1285, 1283, 28, 6.89%, 0, 0, 3, 10.93
1747827721, 0, 430, 1286, 1284, 28, 6.89%, 0, 0, 3, 10.44
1747827736, 0, 430, 1287, 1285, 28, 6.89%, 0, 0, 3, 9.38
1747827767, 0, 431, 1287, 1285, 28, 6.89%, 0, 0, 3, 9.83
1747827778, 0, 432, 1287, 1285, 28, 6.89%, 0, 0, 3, 9.84
1747827793, 0, 434, 1287, 1285, 28, 6.89%, 0, 0, 3, 9.58
1747827803, 0, 435, 1287, 1285, 28, 6.89%, 0, 0, 3, 10.01
1747827819, 0, 436, 1287, 1285, 28, 6.89%, 0, 0, 3, 9.51
1747827834, 0, 437, 1287, 1285, 28, 6.89%, 0, 0, 3, 9.17
1747827844, 0, 438, 1287, 1285, 28, 6.89%, 0, 0, 3, 10.83
1747827860, 0, 439, 1287, 1285, 28, 6.89%, 0, 0, 3, 9.33
1747827875, 0, 440, 1287, 1285, 28, 6.89%, 0, 0, 3, 9.64
1747827885, 0, 441, 1287, 1285, 28, 6.89%, 0, 0, 3, 9.91
1747827901, 0, 442, 1287, 1285, 28, 6.89%, 0, 0, 3, 9.54
1747827911, 0, 443, 1287, 1285, 28, 6.89%, 0, 0, 3, 10.11
1747827922, 0, 443, 1288, 1286, 28, 6.89%, 0, 0, 3, 9.19
1747827937, 0, 445, 1288, 1286, 28, 6.89%, 0, 0, 3, 9.32
1747827942, 0, 445, 1289, 1287, 28, 6.89%, 0, 0, 3, 8.73
1747827947, 0, 445, 1290, 1288, 28, 6.89%, 0, 0, 3, 8.41
1747827968, 0, 445, 1291, 1289, 28, 6.89%, 0, 0, 3, 8.60
1747827973, 0, 445, 1292, 1290, 28, 6.89%, 0, 0, 3, 8.35
1747828045, 0, 445, 1293, 1291, 28, 6.89%, 0, 0, 3, 9.68
1747828122, 0, 445, 1294, 1292, 28, 6.90%, 0, 0, 3, 8.88
1747828209, 0, 445, 1295, 1293, 28, 6.90%, 0, 0, 3, 9.30
1747828369, 0, 445, 1296, 1294, 28, 6.90%, 0, 0, 3, 8.42
1747828395, 0, 447, 1296, 1294, 29, 6.90%, 0, 0, 3, 9.17
1747828405, 0, 449, 1296, 1294, 29, 6.90%, 0, 0, 3, 9.27
1747828421, 0, 450, 1296, 1294, 29, 6.90%, 0, 0, 3, 9.62
1747828431, 0, 451, 1296, 1294, 29, 6.90%, 0, 0, 3, 9.57
1747828446, 0, 453, 1296, 1294, 29, 6.90%, 0, 0, 3, 9.42
1747828462, 0, 454, 1296, 1294, 29, 6.90%, 0, 0, 3, 8.97
1747828477, 0, 456, 1296, 1294, 29, 6.90%, 0, 0, 3, 9.11
1747828487, 0, 457, 1296, 1294, 29, 6.90%, 0, 0, 3, 9.11
1747828503, 0, 458, 1296, 1294, 29, 6.90%, 0, 0, 3, 9.44
1747828518, 0, 460, 1296, 1294, 29, 6.90%, 0, 0, 3, 9.13
1747828529, 0, 461, 1296, 1294, 29, 6.90%, 0, 0, 3, 9.22
1747828544, 0, 463, 1296, 1294, 29, 6.90%, 0, 0, 3, 9.92
1747828555, 0, 464, 1296, 1294, 29, 6.90%, 0, 0, 3, 9.83
1747828570, 0, 467, 1296, 1294, 29, 6.90%, 0, 0, 3, 10.13
1747828580, 0, 469, 1296, 1294, 29, 6.90%, 0, 0, 3, 9.96
1747828596, 0, 471, 1296, 1294, 29, 6.90%, 0, 0, 3, 9.23
1747828611, 0, 472, 1296, 1294, 29, 6.90%, 0, 0, 3, 8.94
1747828626, 0, 473, 1296, 1294, 29, 6.90%, 0, 0, 3, 10.07
1747828637, 0, 474, 1296, 1294, 29, 6.90%, 0, 0, 3, 9.28
1747828652, 0, 475, 1296, 1294, 29, 6.90%, 0, 0, 3, 8.69
1747828663, 0, 476, 1296, 1294, 29, 6.90%, 0, 0, 3, 14.30
1747828673, 0, 480, 1296, 1294, 29, 6.90%, 0, 0, 3, 16.13
1747828678, 0, 481, 1296, 1294, 29, 6.90%, 0, 0, 3, 16.90
1747828688, 0, 482, 1296, 1294, 29, 6.90%, 0, 0, 3, 15.40
1747828693, 0, 483, 1296, 1294, 29, 6.90%, 0, 0, 3, 14.89
1747828704, 0, 484, 1296, 1294, 29, 6.90%, 0, 0, 3, 15.45
1747828709, 0, 485, 1296, 1294, 29, 6.90%, 0, 0, 3, 16.67
1747828719, 0, 486, 1296, 1294, 29, 6.90%, 0, 0, 3, 16.10
1747828729, 0, 490, 1297, 1295, 29, 6.90%, 0, 0, 3, 14.62
1747828734, 0, 490, 1298, 1296, 29, 6.90%, 0, 0, 3, 14.43
1747828760, 0, 490, 1299, 1297, 29, 6.90%, 0, 0, 3, 15.25
1747828790, 0, 490, 1300, 1298, 29, 6.90%, 0, 0, 3, 16.08
1747828852, 0, 490, 1301, 1299, 29, 6.90%, 0, 0, 3, 14.45
1747828918, 0, 490, 1302, 1300, 29, 6.90%, 0, 0, 3, 15.11
1747828949, 0, 490, 1303, 1301, 29, 6.90%, 0, 0, 3, 9.67
1747829031, 0, 490, 1304, 1302, 29, 6.90%, 0, 0, 3, 8.62
1747829036, 0, 491, 1304, 1302, 29, 6.90%, 0, 0, 3, 9.23
1747829047, 0, 492, 1304, 1302, 29, 6.90%, 0, 0, 3, 9.32
1747829062, 0, 493, 1304, 1302, 29, 6.90%, 0, 0, 3, 9.20
1747829078, 0, 494, 1304, 1302, 29, 6.90%, 0, 0, 3, 9.90
1747829088, 0, 495, 1304, 1302, 29, 6.90%, 0, 0, 3, 10.65
1747829104, 0, 496, 1304, 1302, 29, 6.90%, 0, 0, 3, 9.54
1747829119, 0, 501, 1304, 1302, 29, 6.90%, 0, 0, 3, 9.36
1747829129, 0, 502, 1304, 1302, 29, 6.90%, 0, 0, 3, 9.34
1747829145, 0, 503, 1304, 1302, 29, 6.90%, 0, 0, 3, 9.40
1747829155, 0, 504, 1304, 1302, 29, 6.90%, 0, 0, 3, 10.13
1747829170, 0, 505, 1304, 1302, 29, 6.90%, 0, 0, 3, 10.33
1747829181, 0, 506, 1304, 1302, 29, 6.90%, 0, 0, 3, 9.51
1747829196, 0, 507, 1304, 1302, 29, 6.90%, 0, 0, 3, 9.40
1747829211, 0, 508, 1304, 1302, 29, 6.90%, 0, 0, 3, 9.06
1747829227, 0, 509, 1304, 1302, 29, 6.90%, 0, 0, 3, 9.51
1747829237, 0, 510, 1304, 1302, 29, 6.90%, 0, 0, 3, 9.61
1747829252, 0, 511, 1304, 1302, 29, 6.90%, 0, 0, 3, 9.61
1747829263, 0, 513, 1304, 1302, 29, 6.90%, 0, 0, 3, 10.03
1747829278, 0, 514, 1304, 1302, 29, 6.90%, 0, 0, 3, 9.38
1747829293, 0, 515, 1304, 1302, 29, 6.90%, 0, 0, 3, 10.03
1747829304, 0, 516, 1304, 1302, 29, 6.90%, 0, 0, 3, 9.21
1747829319, 0, 517, 1304, 1302, 29, 6.90%, 0, 0, 3, 9.31
1747829334, 0, 518, 1304, 1302, 29, 6.90%, 0, 0, 3, 9.76
1747829344, 0, 519, 1304, 1302, 29, 6.90%, 0, 0, 3, 9.28
1747829360, 0, 520, 1304, 1302, 29, 6.90%, 0, 0, 3, 9.42
1747829375, 0, 521, 1304, 1302, 29, 6.90%, 0, 0, 3, 9.80
1747829385, 0, 522, 1304, 1302, 29, 6.90%, 0, 0, 3, 9.88
1747829401, 0, 524, 1304, 1302, 29, 6.90%, 0, 0, 3, 9.60
1747829416, 0, 525, 1304, 1302, 29, 6.90%, 0, 0, 3, 9.12
1747829421, 0, 525, 1305, 1303, 29, 6.90%, 0, 0, 3, 8.41
1747829441, 0, 526, 1305, 1303, 29, 6.90%, 0, 0, 3, 8.63
1747829457, 0, 527, 1305, 1303, 29, 6.90%, 0, 0, 3, 9.74
1747829467, 0, 528, 1305, 1303, 29, 6.90%, 0, 0, 3, 9.70
1747829473, 0, 528, 1306, 1304, 29, 6.90%, 0, 0, 3, 9.17
1747829498, 0, 529, 1306, 1304, 29, 6.90%, 0, 0, 3, 9.63
1747829503, 0, 529, 1307, 1305, 29, 6.90%, 0, 0, 3, 9.53
1747829519, 0, 529, 1308, 1306, 29, 6.90%, 0, 0, 3, 9.20
1747829555, 0, 530, 1308, 1306, 29, 6.90%, 0, 0, 3, 9.79
1747829565, 0, 532, 1308, 1306, 29, 6.90%, 0, 0, 3, 10.12
1747829580, 0, 533, 1308, 1306, 29, 6.90%, 0, 0, 3, 9.68
1747829596, 0, 534, 1308, 1306, 29, 6.90%, 0, 0, 3, 9.81
1747829606, 0, 535, 1308, 1306, 29, 6.90%, 0, 0, 3, 9.73
1747829622, 0, 536, 1308, 1306, 29, 6.90%, 0, 0, 3, 8.88
1747829637, 0, 537, 1308, 1306, 29, 6.90%, 0, 0, 3, 9.87
1747829647, 0, 538, 1308, 1306, 29, 6.90%, 0, 0, 3, 9.57
1747829663, 0, 539, 1308, 1306, 29, 6.90%, 0, 0, 3, 9.66
1747829673, 0, 540, 1308, 1306, 29, 6.90%, 0, 0, 3, 10.30
1747829688, 0, 541, 1308, 1306, 29, 6.90%, 0, 0, 3, 9.03
1747829703, 0, 541, 1309, 1307, 29, 6.90%, 0, 0, 3, 9.50
1747829714, 0, 544, 1309, 1307, 30, 6.90%, 0, 0, 3, 9.47
1747829729, 0, 545, 1309, 1307, 30, 6.90%, 0, 0, 3, 9.25
1747829744, 0, 546, 1309, 1307, 30, 6.90%, 0, 0, 3, 9.95
1747829754, 0, 547, 1309, 1307, 30, 6.90%, 0, 0, 3, 9.65
1747829770, 0, 548, 1309, 1307, 30, 6.90%, 0, 0, 3, 8.51
1747829785, 0, 549, 1309, 1307, 30, 6.90%, 0, 0, 3, 10.39
1747829796, 0, 552, 1309, 1307, 30, 6.90%, 0, 0, 3, 9.72
1747829801, 0, 552, 1310, 1308, 30, 6.90%, 0, 0, 3, 8.92
1747829827, 0, 554, 1310, 1308, 30, 6.90%, 0, 0, 3, 9.59
1747829842, 0, 555, 1310, 1308, 30, 6.90%, 0, 0, 3, 9.08
1747829852, 0, 556, 1310, 1308, 30, 6.90%, 0, 0, 3, 8.89
1747829868, 0, 557, 1310, 1308, 30, 6.90%, 0, 0, 3, 9.10
1747829878, 0, 558, 1310, 1308, 30, 6.90%, 0, 0, 3, 10.64
1747829894, 0, 559, 1310, 1308, 30, 6.90%, 0, 0, 3, 9.57
1747829909, 0, 560, 1310, 1308, 30, 6.90%, 0, 0, 3, 9.15
1747829919, 0, 561, 1310, 1308, 30, 6.90%, 0, 0, 3, 9.32
1747829925, 0, 561, 1311, 1309, 30, 6.90%, 0, 0, 3, 8.65
1747829935, 0, 561, 1312, 1310, 30, 6.90%, 0, 0, 3, 9.00
1747829955, 0, 561, 1313, 1311, 30, 6.90%, 0, 0, 3, 8.78
1747829971, 0, 561, 1314, 1312, 30, 6.90%, 0, 0, 3, 8.98
1747830145, 0, 562, 1314, 1312, 30, 6.90%, 0, 0, 3, 9.35
1747830160, 0, 563, 1314, 1312, 30, 6.90%, 0, 0, 3, 9.49
1747830176, 0, 564, 1314, 1312, 30, 6.90%, 0, 0, 3, 9.81
1747830186, 0, 564, 1315, 1313, 30, 6.90%, 0, 0, 3, 8.54
1747830201, 0, 565, 1315, 1313, 30, 6.90%, 0, 0, 3, 8.42
1747830212, 0, 565, 1316, 1314, 30, 6.90%, 0, 0, 3, 8.23
1747830232, 0, 566, 1316, 1314, 30, 6.90%, 0, 0, 3, 9.59
1747830242, 0, 566, 1317, 1315, 30, 6.90%, 0, 0, 3, 8.80
1747830258, 0, 567, 1317, 1315, 30, 6.90%, 0, 0, 3, 9.57
1747830273, 0, 568, 1317, 1315, 30, 6.90%, 0, 0, 3, 9.86
1747830288, 0, 568, 1318, 1316, 30, 6.90%, 0, 0, 3, 9.57
1747830299, 0, 568, 1319, 1317, 30, 6.90%, 0, 0, 3, 8.78
1747830330, 0, 569, 1319, 1317, 30, 6.90%, 0, 0, 3, 8.54
1747830335, 0, 569, 1320, 1318, 30, 6.90%, 0, 0, 3, 8.25
1747830361, 0, 570, 1320, 1318, 30, 6.90%, 0, 0, 3, 9.57
1747830376, 0, 571, 1320, 1318, 30, 6.90%, 0, 0, 3, 9.67
1747830387, 0, 572, 1320, 1318, 30, 6.90%, 0, 0, 3, 8.96
1747830402, 0, 573, 1320, 1318, 30, 6.90%, 0, 0, 3, 9.48
1747830412, 0, 575, 1320, 1318, 30, 6.90%, 0, 0, 3, 9.24
1747830428, 0, 576, 1320, 1318, 30, 6.90%, 0, 0, 3, 9.35
1747830443, 0, 578, 1320, 1318, 30, 6.90%, 0, 0, 3, 9.91
1747830454, 0, 581, 1320, 1318, 30, 6.90%, 0, 0, 3, 9.36
1747830469, 0, 582, 1320, 1318, 30, 6.90%, 0, 0, 3, 9.78
1747830484, 0, 583, 1320, 1318, 30, 6.90%, 0, 0, 3, 9.92
1747830495, 0, 584, 1320, 1318, 30, 6.90%, 0, 0, 3, 9.94
1747830510, 0, 585, 1320, 1318, 30, 6.90%, 0, 0, 3, 9.79
1747830520, 0, 586, 1320, 1318, 30, 6.90%, 0, 0, 3, 9.27
1747830535, 0, 587, 1320, 1318, 30, 6.90%, 0, 0, 3, 9.54
1747830546, 0, 588, 1320, 1318, 30, 6.90%, 0, 0, 3, 9.18
1747830561, 0, 589, 1320, 1318, 30, 6.90%, 0, 0, 3, 15.21
1747831548, 0, 594, 1320, 1317, 29, 6.90%, 0, 0, 3, 23.03
1747831564, 0, 597, 1320, 1317, 29, 6.90%, 0, 0, 3, 10.14
1747831579, 0, 598, 1320, 1317, 29, 6.90%, 0, 0, 3, 9.69
1747831589, 0, 598, 1321, 1318, 29, 6.90%, 0, 0, 3, 9.05
1747831605, 0, 599, 1321, 1318, 29, 6.90%, 0, 0, 3, 9.20
1747831620, 0, 600, 1321, 1318, 29, 6.90%, 0, 0, 3, 8.72
1747831635, 0, 602, 1321, 1318, 29, 6.90%, 0, 0, 3, 9.87
1747831646, 0, 603, 1322, 1319, 29, 6.90%, 0, 0, 3, 9.94
1747831671, 0, 604, 1322, 1319, 29, 6.90%, 0, 0, 3, 9.93
1747831687, 0, 605, 1322, 1319, 29, 6.90%, 0, 0, 3, 10.25
1747831697, 0, 606, 1322, 1319, 29, 6.90%, 0, 0, 3, 9.98
1747831712, 0, 607, 1322, 1319, 29, 6.90%, 0, 0, 3, 9.91
1747831723, 0, 608, 1322, 1319, 29, 6.90%, 0, 0, 3, 10.25
1747831738, 0, 609, 1322, 1319, 29, 6.90%, 0, 0, 3, 9.54
1747831753, 0, 610, 1322, 1319, 29, 6.90%, 0, 0, 3, 10.37
1747831764, 0, 611, 1322, 1319, 29, 6.90%, 0, 0, 3, 9.56
1747831779, 0, 612, 1322, 1319, 29, 6.90%, 0, 0, 3, 9.55
1747831794, 0, 613, 1322, 1319, 29, 6.90%, 0, 0, 3, 9.21
1747831805, 0, 615, 1322, 1319, 29, 6.90%, 0, 0, 3, 9.03
1747831820, 0, 616, 1322, 1319, 29, 6.90%, 0, 0, 3, 9.97
1747831825, 0, 616, 1323, 1320, 29, 6.90%, 0, 0, 3, 8.95
1747831851, 0, 619, 1323, 1320, 29, 6.90%, 0, 0, 3, 10.43
1747831862, 0, 622, 1323, 1320, 29, 6.90%, 0, 0, 3, 9.98
1747831872, 0, 623, 1323, 1320, 29, 6.90%, 0, 0, 3, 10.23
1747831887, 0, 624, 1323, 1320, 29, 6.90%, 0, 0, 3, 9.57
1747831902, 0, 626, 1323, 1320, 29, 6.90%, 0, 0, 3, 9.74
1747831913, 0, 627, 1323, 1320, 29, 6.90%, 0, 0, 3, 10.16
1747831928, 0, 628, 1323, 1320, 29, 6.90%, 0, 0, 3, 9.93
1747831938, 0, 629, 1323, 1320, 29, 6.90%, 0, 0, 3, 9.33
1747831954, 0, 630, 1323, 1320, 29, 6.90%, 0, 0, 3, 9.66
1747831969, 0, 631, 1323, 1320, 29, 6.90%, 0, 0, 3, 10.33
1747831979, 0, 632, 1323, 1320, 29, 6.90%, 0, 0, 3, 9.89
1747831989, 0, 633, 1323, 1320, 29, 6.90%, 0, 0, 3, 10.37
1747832005, 0, 634, 1324, 1321, 29, 6.90%, 0, 0, 3, 8.92
1747832036, 0, 635, 1324, 1321, 29, 6.90%, 0, 0, 3, 9.82
1747832046, 0, 636, 1324, 1321, 29, 6.90%, 0, 0, 3, 9.63
1747832062, 0, 638, 1324, 1321, 29, 6.90%, 0, 0, 3, 9.28
1747832077, 0, 639, 1324, 1321, 29, 6.90%, 0, 0, 3, 8.91
1747832082, 0, 639, 1325, 1322, 29, 6.90%, 0, 0, 3, 8.15
1747832108, 0, 642, 1325, 1322, 29, 6.90%, 0, 0, 3, 9.99
1747832118, 0, 643, 1325, 1322, 29, 6.90%, 0, 0, 3, 10.04
1747832134, 0, 644, 1325, 1322, 29, 6.90%, 0, 0, 3, 10.28
1747832144, 0, 645, 1325, 1322, 29, 6.90%, 0, 0, 3, 10.65
1747832159, 0, 646, 1325, 1322, 29, 6.90%, 0, 0, 3, 9.01
1747832170, 0, 647, 1325, 1322, 29, 6.90%, 0, 0, 3, 9.37
1747832185, 0, 648, 1325, 1322, 29, 6.90%, 0, 0, 3, 9.89
1747832200, 0, 652, 1325, 1322, 29, 6.90%, 0, 0, 3, 9.33
1747832206, 0, 652, 1327, 1324, 29, 6.90%, 0, 0, 3, 8.03
1747832231, 0, 652, 1328, 1325, 29, 6.90%, 0, 0, 3, 8.10
1747832319, 0, 653, 1328, 1325, 29, 6.90%, 0, 0, 3, 8.40
1747832334, 0, 654, 1328, 1325, 29, 6.90%, 0, 0, 3, 9.34
1747832350, 0, 655, 1328, 1325, 29, 6.90%, 0, 0, 3, 8.68
1747832365, 0, 656, 1328, 1325, 29, 6.90%, 0, 0, 3, 9.50
1747832375, 0, 657, 1328, 1325, 29, 6.90%, 0, 0, 3, 8.97
1747832391, 0, 658, 1328, 1325, 29, 6.90%, 0, 0, 3, 8.66
1747832406, 0, 661, 1328, 1325, 29, 6.90%, 0, 0, 3, 8.73
1747832421, 0, 663, 1328, 1325, 29, 6.90%, 0, 0, 3, 9.44
1747832437, 0, 666, 1328, 1325, 29, 6.90%, 0, 0, 3, 8.98
1747832447, 0, 666, 1329, 1326, 29, 6.90%, 0, 0, 3, 8.47
1747832468, 0, 667, 1329, 1326, 29, 6.90%, 0, 0, 3, 8.23
1747832483, 0, 669, 1329, 1326, 29, 6.90%, 0, 0, 3, 9.30
1747832493, 0, 670, 1329, 1326, 29, 6.90%, 0, 0, 3, 9.32
1747832509, 0, 672, 1329, 1326, 29, 6.90%, 0, 0, 3, 8.94
1747832524, 0, 673, 1329, 1326, 29, 6.90%, 0, 0, 3, 11.08
1747832535, 0, 675, 1329, 1326, 29, 6.90%, 0, 0, 3, 10.04
1747832550, 0, 676, 1329, 1326, 29, 6.90%, 0, 0, 3, 9.86
1747832560, 0, 677, 1329, 1326, 29, 6.90%, 0, 0, 3, 9.68
1747832576, 0, 678, 1329, 1326, 29, 6.90%, 0, 0, 3, 8.96
1747832591, 0, 680, 1329, 1326, 29, 6.90%, 0, 0, 3, 8.87
1747832607, 0, 681, 1329, 1326, 29, 6.90%, 0, 0, 3, 9.54
1747832617, 0, 683, 1329, 1326, 29, 6.90%, 0, 0, 3, 9.13
1747832632, 0, 684, 1329, 1326, 29, 6.90%, 0, 0, 3, 9.58
1747832648, 0, 685, 1329, 1326, 29, 6.90%, 0, 0, 3, 9.37
1747832658, 0, 686, 1329, 1326, 29, 6.90%, 0, 0, 3, 8.98
1747832673, 0, 687, 1329, 1326, 29, 6.90%, 0, 0, 3, 9.51
1747832684, 0, 688, 1329, 1326, 29, 6.90%, 0, 0, 3, 9.68
1747832699, 0, 689, 1329, 1326, 29, 6.90%, 0, 0, 3, 9.03
1747832705, 0, 689, 1330, 1327, 29, 6.90%, 0, 0, 3, 8.76
1747832730, 0, 691, 1330, 1327, 29, 6.90%, 0, 0, 3, 8.88
1747832746, 0, 692, 1331, 1328, 29, 6.90%, 0, 0, 3, 8.54
1747832756, 0, 692, 1332, 1329, 29, 6.90%, 0, 0, 3, 8.91
1747832802, 0, 694, 1332, 1329, 29, 6.90%, 0, 0, 3, 8.69
1747832812, 0, 695, 1332, 1329, 29, 6.90%, 0, 0, 3, 13.40
1747832823, 0, 696, 1332, 1329, 29, 6.90%, 0, 0, 3, 14.52
1747832833, 0, 697, 1332, 1329, 29, 6.90%, 0, 0, 3, 13.49
1747832843, 0, 698, 1332, 1329, 29, 6.90%, 0, 0, 3, 14.85
1747832848, 0, 699, 1332, 1329, 29, 6.90%, 0, 0, 3, 14.89
1747832858, 0, 700, 1332, 1329, 29, 6.90%, 0, 0, 3, 14.45
1747832868, 0, 701, 1332, 1329, 29, 6.90%, 0, 0, 3, 13.93
1747832874, 0, 703, 1332, 1329, 29, 6.90%, 0, 0, 3, 15.44
1747832884, 0, 704, 1333, 1330, 29, 6.90%, 0, 0, 3, 14.25
1747832904, 0, 705, 1333, 1330, 29, 6.90%, 0, 0, 3, 14.43
1747832909, 0, 706, 1333, 1330, 29, 6.90%, 0, 0, 3, 14.29
1747832919, 0, 709, 1333, 1330, 29, 6.90%, 0, 0, 3, 14.67
1747832930, 0, 710, 1333, 1330, 29, 6.90%, 0, 0, 3, 15.62
1747832935, 0, 711, 1333, 1330, 29, 6.90%, 0, 0, 3, 15.84
1747832940, 0, 711, 1334, 1331, 29, 6.90%, 0, 0, 3, 16.35
1747832950, 0, 712, 1334, 1331, 29, 6.90%, 0, 0, 3, 17.86
1747832960, 0, 713, 1334, 1331, 29, 6.90%, 0, 0, 3, 15.11
1747832971, 0, 715, 1334, 1331, 29, 6.90%, 0, 0, 3, 15.70
1747832976, 0, 716, 1334, 1331, 29, 6.90%, 0, 0, 3, 15.91
1747832986, 0, 717, 1334, 1331, 29, 6.90%, 0, 0, 3, 14.94
1747832996, 0, 718, 1334, 1331, 29, 6.90%, 0, 0, 3, 16.45
1747833001, 0, 719, 1334, 1331, 29, 6.90%, 0, 0, 3, 15.94
1747833017, 0, 720, 1335, 1332, 29, 6.90%, 0, 0, 3, 8.86
1747833032, 0, 720, 1336, 1333, 29, 6.90%, 0, 0, 3, 8.26
1747833079, 0, 722, 1336, 1333, 29, 6.90%, 0, 0, 3, 8.44
1747833094, 0, 724, 1336, 1333, 29, 6.90%, 0, 0, 3, 9.67
1747833105, 0, 727, 1336, 1333, 29, 6.90%, 0, 0, 3, 9.02
1747833120, 0, 728, 1336, 1333, 29, 6.90%, 0, 0, 3, 9.06
1747833136, 0, 729, 1336, 1333, 29, 6.90%, 0, 0, 3, 9.34
1747833146, 0, 730, 1336, 1333, 29, 6.90%, 0, 0, 3, 9.67
1747833156, 0, 730, 1337, 1334, 29, 6.90%, 0, 0, 3, 8.77
1747833177, 0, 731, 1337, 1334, 29, 6.90%, 0, 0, 3, 8.86
1747833192, 0, 732, 1337, 1334, 29, 6.90%, 0, 0, 3, 8.85
1747833207, 0, 733, 1337, 1334, 29, 6.90%, 0, 0, 3, 8.70
1747833218, 0, 734, 1337, 1334, 29, 6.90%, 0, 0, 3, 9.39
1747833233, 0, 735, 1337, 1334, 29, 6.90%, 0, 0, 3, 9.33
1747833248, 0, 736, 1338, 1335, 29, 7.23%, 0, 0, 3, 8.85
1747833279, 0, 737, 1338, 1335, 26, 7.23%, 0, 0, 3, 8.78
1747833295, 0, 738, 1338, 1335, 26, 7.23%, 0, 0, 3, 9.32
1747833305, 0, 739, 1338, 1335, 26, 7.23%, 0, 0, 3, 9.67
1747833321, 0, 740, 1339, 1336, 26, 7.23%, 0, 0, 3, 8.71
1747833352, 0, 741, 1339, 1336, 26, 7.23%, 0, 0, 3, 8.46
1747833367, 0, 742, 1339, 1336, 26, 7.23%, 0, 0, 3, 8.75
1747833382, 0, 743, 1339, 1336, 26, 7.23%, 0, 0, 3, 8.21
1747833398, 0, 744, 1339, 1336, 26, 7.23%, 0, 0, 3, 8.21
1747833413, 0, 745, 1339, 1336, 26, 7.23%, 0, 0, 3, 9.09
1747833429, 0, 746, 1339, 1336, 26, 7.23%, 0, 0, 3, 8.78
1747833439, 0, 746, 1340, 1337, 26, 7.23%, 0, 0, 3, 8.04
1747833455, 0, 746, 1341, 1338, 26, 7.23%, 0, 0, 3, 8.36
1747833491, 0, 747, 1341, 1338, 26, 7.23%, 0, 0, 3, 8.46
1747833506, 0, 748, 1341, 1338, 26, 7.23%, 0, 0, 3, 9.35
1747833511, 0, 748, 1342, 1339, 26, 7.23%, 0, 0, 3, 8.89
1747833537, 0, 750, 1342, 1339, 26, 7.23%, 0, 0, 3, 9.64
1747833547, 0, 752, 1342, 1339, 26, 7.23%, 0, 0, 3, 9.45
1747833562, 0, 753, 1342, 1339, 26, 7.23%, 0, 0, 3, 9.15
1747833578, 0, 755, 1342, 1339, 26, 7.23%, 0, 0, 3, 8.46
1747833593, 0, 756, 1342, 1339, 26, 7.23%, 0, 0, 3, 8.56
1747833608, 0, 757, 1342, 1339, 26, 7.23%, 0, 0, 3, 9.11
1747833624, 0, 758, 1342, 1339, 26, 7.23%, 0, 0, 3, 9.43
1747833634, 0, 760, 1342, 1339, 26, 7.23%, 0, 0, 3, 9.06
1747833650, 0, 761, 1342, 1339, 26, 7.23%, 0, 0, 3, 9.34
1747833665, 0, 762, 1342, 1339, 26, 7.23%, 0, 0, 3, 9.38
1747833681, 0, 763, 1342, 1339, 26, 7.23%, 0, 0, 3, 8.79
1747833691, 0, 764, 1342, 1339, 26, 7.23%, 0, 0, 3, 9.30
1747833707, 0, 765, 1342, 1339, 26, 7.23%, 0, 0, 3, 9.81
1747833722, 0, 766, 1342, 1339, 26, 7.23%, 0, 0, 3, 8.57
1747833737, 0, 768, 1342, 1339, 26, 7.23%, 0, 0, 3, 8.65
1747833748, 0, 769, 1342, 1339, 26, 7.23%, 0, 0, 3, 9.14
1747833763, 0, 770, 1342, 1339, 26, 7.23%, 0, 0, 3, 9.29
1747833778, 0, 771, 1342, 1339, 26, 7.23%, 0, 0, 3, 8.41
1747833794, 0, 773, 1342, 1339, 26, 7.23%, 0, 0, 3, 8.69
1747833809, 0, 774, 1342, 1339, 26, 7.23%, 0, 0, 3, 8.58
1747833824, 0, 775, 1342, 1339, 26, 7.23%, 0, 0, 3, 8.77
1747833840, 0, 776, 1342, 1339, 26, 7.23%, 0, 0, 3, 9.69
1747833850, 0, 777, 1342, 1339, 26, 7.23%, 0, 0, 3, 9.04
1747833866, 0, 778, 1342, 1339, 26, 7.23%, 0, 0, 3, 9.20
1747833881, 0, 780, 1342, 1339, 26, 7.23%, 0, 0, 3, 9.39
1747833896, 0, 781, 1342, 1339, 26, 7.23%, 0, 0, 3, 8.70
1747833912, 0, 784, 1342, 1339, 26, 7.23%, 0, 0, 3, 8.91
1747833922, 0, 786, 1342, 1339, 26, 7.23%, 0, 0, 3, 9.35
1747833938, 0, 787, 1342, 1339, 26, 7.23%, 0, 0, 3, 9.53
1747833953, 0, 788, 1342, 1339, 26, 7.23%, 0, 0, 3, 10.11
1747833963, 0, 789, 1342, 1339, 26, 7.23%, 0, 0, 3, 8.95
1747833978, 0, 790, 1342, 1339, 26, 7.23%, 0, 0, 3, 8.90
1747833994, 0, 792, 1342, 1339, 26, 7.23%, 0, 0, 3, 8.73
1747834009, 0, 793, 1342, 1339, 26, 7.23%, 0, 0, 3, 8.76
1747834025, 0, 795, 1342, 1339, 26, 7.23%, 0, 0, 3, 9.89
1747834035, 0, 796, 1342, 1339, 26, 7.23%, 0, 0, 3, 9.44
1747834050, 0, 798, 1342, 1339, 26, 7.23%, 0, 0, 3, 8.80
1747834066, 0, 801, 1342, 1339, 26, 7.23%, 0, 0, 3, 9.66
1747834082, 0, 802, 1342, 1339, 26, 7.23%, 0, 0, 3, 8.83
1747834092, 0, 803, 1342, 1339, 26, 7.23%, 0, 0, 3, 8.91
1747834107, 0, 804, 1342, 1339, 26, 7.23%, 0, 0, 3, 8.79
1747834123, 0, 806, 1342, 1339, 26, 7.23%, 0, 0, 3, 9.18
1747834138, 0, 807, 1342, 1339, 26, 7.23%, 0, 0, 3, 9.25
1747834154, 0, 808, 1342, 1339, 26, 7.23%, 0, 0, 3, 9.40
1747834169, 0, 810, 1342, 1339, 26, 7.23%, 0, 0, 3, 8.67
1747834179, 0, 812, 1342, 1339, 26, 7.23%, 0, 0, 3, 8.80
1747834195, 0, 813, 1342, 1339, 26, 7.23%, 0, 0, 3, 8.24
1747834210, 0, 814, 1342, 1339, 26, 7.23%, 0, 0, 3, 8.44
1747834226, 0, 815, 1342, 1339, 26, 7.23%, 0, 0, 3, 8.58
1747834241, 0, 815, 1343, 1340, 26, 7.23%, 0, 0, 3, 8.95
1747834256, 0, 816, 1343, 1340, 26, 7.23%, 0, 0, 3, 8.92
1747834272, 0, 818, 1343, 1340, 26, 7.23%, 0, 0, 3, 9.46
1747834287, 0, 819, 1343, 1340, 26, 7.23%, 0, 0, 3, 9.44
1747834297, 0, 820, 1343, 1340, 26, 7.23%, 0, 0, 3, 9.36
1747834313, 0, 821, 1343, 1340, 26, 7.23%, 0, 0, 3, 8.86
1747834328, 0, 822, 1343, 1340, 26, 7.23%, 0, 0, 3, 8.97
1747834343, 0, 823, 1343, 1340, 26, 7.23%, 0, 0, 3, 8.79
1747834354, 0, 825, 1343, 1340, 26, 7.23%, 0, 0, 3, 9.17
1747834369, 0, 827, 1343, 1340, 26, 7.23%, 0, 0, 3, 8.66
1747834385, 0, 830, 1343, 1340, 26, 7.23%, 0, 0, 3, 9.55
1747834400, 0, 831, 1343, 1340, 26, 7.23%, 0, 0, 3, 8.89
1747834410, 0, 832, 1343, 1340, 26, 7.23%, 0, 0, 3, 8.95
1747834426, 0, 834, 1343, 1340, 26, 7.23%, 0, 0, 3, 9.52
1747834436, 0, 835, 1343, 1340, 26, 7.23%, 0, 0, 3, 14.63
1747834446, 0, 836, 1343, 1340, 26, 7.23%, 0, 0, 3, 15.39
1747834456, 0, 837, 1343, 1340, 26, 7.23%, 0, 0, 3, 14.59
1747834462, 0, 838, 1343, 1340, 26, 7.23%, 0, 0, 3, 14.95
1747834472, 0, 839, 1343, 1340, 26, 7.23%, 0, 0, 3, 14.75
1747834482, 0, 840, 1343, 1340, 26, 7.23%, 0, 0, 3, 13.52
1747834492, 0, 841, 1343, 1340, 26, 7.23%, 0, 0, 3, 9.98
1747834508, 0, 842, 1343, 1340, 26, 7.23%, 0, 0, 3, 9.00
1747834523, 0, 843, 1343, 1340, 26, 7.23%, 0, 0, 3, 8.99
1747834533, 0, 844, 1343, 1340, 26, 7.23%, 0, 0, 3, 9.34
1747834549, 0, 847, 1343, 1340, 26, 7.23%, 0, 0, 3, 8.85
1747834564, 0, 848, 1343, 1340, 26, 7.23%, 0, 0, 3, 8.91
1747834580, 0, 849, 1343, 1340, 26, 7.23%, 0, 0, 3, 9.03
1747834595, 0, 850, 1343, 1340, 26, 7.23%, 0, 0, 3, 8.36
1747834605, 0, 851, 1343, 1340, 26, 7.23%, 0, 0, 3, 9.17
1747834621, 0, 852, 1343, 1340, 26, 7.23%, 0, 0, 3, 8.90
1747834637, 0, 853, 1343, 1340, 26, 7.23%, 0, 0, 3, 8.94
1747834652, 0, 854, 1343, 1340, 26, 7.23%, 0, 0, 3, 9.29
1747834663, 0, 856, 1343, 1340, 26, 7.23%, 0, 0, 3, 9.37
1747834683, 0, 857, 1343, 1340, 26, 7.23%, 0, 0, 3, 8.67
1747834693, 0, 858, 1343, 1340, 26, 7.23%, 0, 0, 3, 8.72
1747834709, 0, 859, 1343, 1340, 26, 7.23%, 0, 0, 3, 9.31
1747834725, 0, 860, 1343, 1340, 26, 7.23%, 0, 0, 3, 8.92
1747834740, 0, 861, 1343, 1340, 26, 7.23%, 0, 0, 3, 9.20
1747834750, 0, 862, 1343, 1340, 26, 7.23%, 0, 0, 3, 9.23
1747834766, 0, 864, 1343, 1340, 26, 7.23%, 0, 0, 3, 8.81
1747834781, 0, 865, 1343, 1340, 26, 7.23%, 0, 0, 3, 8.92
1747834786, 0, 865, 1344, 1341, 26, 7.23%, 0, 0, 3, 8.48
1747834812, 0, 866, 1344, 1341, 26, 7.23%, 0, 0, 3, 8.87
1747834827, 0, 867, 1344, 1341, 26, 7.23%, 0, 0, 3, 8.63
1747834843, 0, 868, 1344, 1341, 26, 7.23%, 0, 0, 3, 9.36
1747834858, 0, 869, 1344, 1341, 26, 7.23%, 0, 0, 3, 8.62
1747834869, 0, 870, 1344, 1341, 26, 7.23%, 0, 0, 3, 8.50
1747834885, 0, 871, 1344, 1341, 26, 7.23%, 0, 0, 3, 8.58
1747834900, 0, 872, 1344, 1341, 26, 7.23%, 0, 0, 3, 8.17
1747834916, 0, 873, 1344, 1341, 26, 7.23%, 0, 0, 3, 9.69
1747834921, 0, 873, 1345, 1342, 26, 7.23%, 0, 0, 3, 7.89
1747834946, 0, 875, 1345, 1342, 26, 7.23%, 0, 0, 3, 8.64
1747834962, 0, 876, 1345, 1342, 26, 7.23%, 0, 0, 3, 9.17
1747834977, 0, 877, 1345, 1342, 26, 7.23%, 0, 0, 3, 8.66
1747834993, 0, 879, 1345, 1342, 26, 7.23%, 0, 0, 3, 8.43
1747835003, 0, 879, 1346, 1343, 26, 7.23%, 0, 0, 3, 8.67
1747835024, 0, 880, 1346, 1343, 26, 7.23%, 0, 0, 3, 9.17
1747835039, 0, 882, 1346, 1343, 26, 7.23%, 0, 0, 3, 8.67
1747835049, 0, 883, 1346, 1343, 26, 7.23%, 0, 0, 3, 8.35
1747835065, 0, 884, 1346, 1343, 26, 7.23%, 0, 0, 3, 8.99
1747835080, 0, 887, 1346, 1343, 26, 7.23%, 0, 0, 3, 8.86
1747835096, 0, 888, 1346, 1343, 26, 7.23%, 0, 0, 3, 9.23
1747835111, 0, 889, 1346, 1343, 26, 7.23%, 0, 0, 3, 8.00
1747835126, 0, 891, 1346, 1343, 26, 7.23%, 0, 0, 3, 9.09
1747835141, 0, 892, 1346, 1343, 26, 7.23%, 0, 0, 3, 9.38
1747835157, 0, 893, 1346, 1343, 26, 7.23%, 0, 0, 3, 8.65
1747835162, 0, 893, 1347, 1344, 26, 7.32%, 0, 0, 3, 8.30
1747835183, 0, 893, 1348, 1345, 26, 7.32%, 0, 0, 3, 8.01
1747835193, 0, 893, 1349, 1346, 26, 7.32%, 0, 0, 3, 8.48
1747835275, 0, 893, 1350, 1347, 26, 7.32%, 0, 0, 3, 8.67
1747835296, 0, 893, 1351, 1348, 26, 7.32%, 0, 0, 3, 8.23
1747835348, 0, 893, 1352, 1349, 26, 7.32%, 0, 0, 3, 8.77
1747835476, 0, 893, 1353, 1350, 26, 7.32%, 0, 0, 3, 7.80
1747835636, 0, 895, 1353, 1350, 28, 7.32%, 0, 0, 3, 9.76
1747835651, 0, 896, 1353, 1350, 28, 7.32%, 0, 0, 3, 9.06
1747835666, 0, 897, 1354, 1351, 28, 7.32%, 0, 0, 3, 8.05
1747835697, 0, 899, 1354, 1351, 28, 7.32%, 0, 0, 3, 8.46
1747835713, 0, 900, 1354, 1351, 28, 7.32%, 0, 0, 3, 8.95
1747835728, 0, 902, 1354, 1351, 28, 7.32%, 0, 0, 3, 8.38
1747835743, 0, 904, 1354, 1351, 28, 7.32%, 0, 0, 3, 8.54
1747835758, 0, 905, 1354, 1351, 28, 7.32%, 0, 0, 3, 8.76
1747835774, 0, 906, 1354, 1351, 28, 7.32%, 0, 0, 3, 8.49
1747835790, 0, 907, 1354, 1351, 28, 7.32%, 0, 0, 3, 8.91
1747835805, 0, 910, 1354, 1351, 28, 7.32%, 0, 0, 3, 8.51
1747835820, 0, 911, 1354, 1351, 28, 7.32%, 0, 0, 3, 9.37
1747835831, 0, 912, 1354, 1351, 28, 7.32%, 0, 0, 3, 9.30
1747835846, 0, 913, 1354, 1351, 28, 7.32%, 0, 0, 3, 8.86
1747835862, 0, 915, 1354, 1351, 28, 7.32%, 0, 0, 3, 9.19
1747835877, 0, 916, 1354, 1351, 28, 7.32%, 0, 0, 3, 8.32
1747835892, 0, 917, 1354, 1351, 28, 7.32%, 0, 0, 3, 8.54
1747835907, 0, 918, 1354, 1351, 28, 7.32%, 0, 0, 3, 8.63
1747835918, 0, 919, 1354, 1351, 28, 7.32%, 0, 0, 3, 9.16
1747835933, 0, 920, 1354, 1351, 28, 7.32%, 0, 0, 3, 7.95
1747835938, 0, 920, 1355, 1352, 28, 7.32%, 0, 0, 3, 8.69
1747835943, 0, 920, 1356, 1353, 28, 7.32%, 0, 0, 3, 8.60
1747835995, 0, 921, 1356, 1353, 28, 7.32%, 0, 0, 3, 9.25
1747836011, 0, 922, 1356, 1353, 28, 7.32%, 0, 0, 3, 8.17
1747836026, 0, 924, 1356, 1353, 28, 7.32%, 0, 0, 3, 8.61
1747836041, 0, 925, 1356, 1353, 28, 7.32%, 0, 0, 3, 9.50
1747836057, 0, 928, 1356, 1353, 28, 7.32%, 0, 0, 3, 8.81
1747836072, 0, 930, 1356, 1353, 28, 7.32%, 0, 0, 3, 9.26
1747836087, 0, 931, 1356, 1353, 28, 7.32%, 0, 0, 3, 8.74
1747836098, 0, 932, 1356, 1353, 28, 7.32%, 0, 0, 3, 10.34
1747838838, 0, 933, 1356, 1352, 27, 7.32%, 0, 0, 3, 13.01
1747838854, 0, 934, 1356, 1352, 27, 7.32%, 0, 0, 3, 9.08
1747838869, 0, 935, 1357, 1353, 27, 7.32%, 0, 0, 3, 8.71
1747838900, 0, 936, 1357, 1353, 27, 7.32%, 0, 0, 3, 8.99
1747838910, 0, 937, 1357, 1353, 27, 7.32%, 0, 0, 3, 10.06
1747838925, 0, 939, 1357, 1353, 27, 7.32%, 0, 0, 3, 9.17
1747838941, 0, 939, 1358, 1354, 27, 7.32%, 0, 0, 3, 8.55
1747838956, 0, 940, 1358, 1354, 27, 7.32%, 0, 0, 3, 8.47
1747838972, 0, 941, 1358, 1354, 27, 7.32%, 0, 0, 3, 9.03
1747838977, 0, 941, 1359, 1355, 27, 7.32%, 0, 0, 3, 8.47
1747839003, 0, 942, 1359, 1355, 27, 7.32%, 0, 0, 3, 9.69
1747839018, 0, 943, 1359, 1355, 27, 7.32%, 0, 0, 3, 9.39
1747839029, 0, 944, 1359, 1355, 27, 7.32%, 0, 0, 3, 8.99
1747839044, 0, 945, 1359, 1355, 27, 7.32%, 0, 0, 3, 8.47
1747839059, 0, 946, 1359, 1355, 27, 7.32%, 0, 0, 3, 8.71
1747839075, 0, 947, 1359, 1355, 27, 7.32%, 0, 0, 3, 8.88
1747839090, 0, 948, 1359, 1355, 27, 7.32%, 0, 0, 3, 8.89
1747839106, 0, 950, 1359, 1355, 27, 7.32%, 0, 0, 3, 8.77
1747839121, 0, 952, 1359, 1355, 27, 7.32%, 0, 0, 3, 9.13
1747839137, 0, 954, 1359, 1355, 27, 7.32%, 0, 0, 3, 8.96
1747839152, 0, 955, 1359, 1355, 27, 7.32%, 0, 0, 3, 9.14
1747839162, 0, 956, 1359, 1355, 27, 7.32%, 0, 0, 3, 8.86
1747839178, 0, 957, 1359, 1355, 27, 7.32%, 0, 0, 3, 8.68
1747839193, 0, 958, 1359, 1355, 27, 7.32%, 0, 0, 3, 8.36
1747839203, 0, 958, 1360, 1356, 27, 7.32%, 0, 0, 3, 8.52
1747839224, 0, 959, 1360, 1356, 27, 7.32%, 0, 0, 3, 8.80
1747839239, 0, 960, 1360, 1356, 27, 7.32%, 0, 0, 3, 8.31
1747839255, 0, 961, 1360, 1356, 27, 7.32%, 0, 0, 3, 8.94
1747839270, 0, 962, 1360, 1356, 27, 7.32%, 0, 0, 3, 8.56
1747839286, 0, 963, 1360, 1356, 27, 7.32%, 0, 0, 3, 8.51
1747839301, 0, 964, 1360, 1356, 27, 7.32%, 0, 0, 3, 8.11
1747839311, 0, 966, 1360, 1356, 27, 7.32%, 0, 0, 3, 8.75
1747839327, 0, 968, 1360, 1356, 27, 7.32%, 0, 0, 3, 8.70
1747839342, 0, 969, 1360, 1356, 27, 7.32%, 0, 0, 3, 8.53
1747839358, 0, 970, 1360, 1356, 27, 7.32%, 0, 0, 3, 9.85
1747839373, 0, 971, 1360, 1356, 27, 7.32%, 0, 0, 3, 9.59
1747839383, 0, 972, 1360, 1356, 27, 7.32%, 0, 0, 3, 9.34
1747839399, 0, 974, 1360, 1356, 27, 7.32%, 0, 0, 3, 8.43
1747839414, 0, 975, 1360, 1356, 27, 7.32%, 0, 0, 3, 8.97
1747839429, 0, 976, 1361, 1357, 27, 7.32%, 0, 0, 3, 8.46
1747839460, 0, 978, 1361, 1357, 27, 7.32%, 0, 0, 3, 9.41
1747839476, 0, 980, 1361, 1357, 27, 7.32%, 0, 0, 3, 8.96
1747839491, 0, 983, 1361, 1357, 27, 7.32%, 0, 0, 3, 9.08
1747839506, 0, 984, 1361, 1357, 27, 7.32%, 0, 0, 3, 8.35
1747839521, 0, 985, 1361, 1357, 27, 7.32%, 0, 0, 3, 11.69
1747845247, 0, 986, 1361, 1356, 26, 7.32%, 0, 0, 3, 11.08
1747845252, 0, 986, 1362, 1357, 26, 7.32%, 0, 0, 3, 9.40
1747845273, 0, 989, 1362, 1357, 26, 7.32%, 0, 0, 3, 8.73
1747845289, 0, 991, 1362, 1357, 26, 7.32%, 0, 0, 3, 8.60
1747845304, 0, 993, 1362, 1357, 26, 7.32%, 0, 0, 3, 9.54
1747845320, 0, 994, 1362, 1357, 26, 7.32%, 0, 0, 3, 8.86
1747845330, 0, 997, 1362, 1357, 26, 7.32%, 0, 0, 3, 8.72
1747845345, 0, 998, 1362, 1357, 26, 7.32%, 0, 0, 3, 8.21
1747845361, 0, 999, 1362, 1357, 26, 7.32%, 0, 0, 3, 8.70
1747845376, 0, 1000, 1362, 1357, 26, 7.32%, 0, 0, 3, 13.28
1747850464, 0, 1001, 1362, 1356, 25, 7.32%, 0, 0, 3, 10.46
1747850474, 0, 1003, 1362, 1356, 25, 7.32%, 0, 0, 3, 10.19
1747850490, 0, 1004, 1362, 1356, 25, 7.32%, 0, 0, 3, 9.46
1747850505, 0, 1005, 1362, 1356, 25, 7.32%, 0, 0, 3, 9.00
1747850521, 0, 1006, 1362, 1356, 25, 7.32%, 0, 0, 3, 9.06
1747850526, 0, 1006, 1363, 1357, 25, 7.32%, 0, 0, 3, 8.50
1747850547, 0, 1008, 1363, 1357, 25, 7.32%, 0, 0, 3, 9.49
1747850562, 0, 1010, 1363, 1357, 25, 7.32%, 0, 0, 3, 9.11
1747850578, 0, 1012, 1363, 1357, 25, 7.32%, 0, 0, 3, 9.89
1747850588, 0, 1013, 1363, 1357, 25, 7.32%, 0, 0, 3, 9.87
1747850603, 0, 1014, 1363, 1357, 25, 7.32%, 0, 0, 3, 9.41
1747850619, 0, 1015, 1363, 1357, 25, 7.32%, 0, 0, 3, 8.94
1747850634, 0, 1016, 1363, 1357, 25, 7.32%, 0, 0, 3, 8.79
1747850649, 0, 1017, 1363, 1357, 25, 7.32%, 0, 0, 3, 8.52
1747850665, 0, 1018, 1363, 1357, 25, 7.32%, 0, 0, 3, 9.29
1747850675, 0, 1018, 1364, 1358, 25, 7.32%, 0, 0, 3, 9.16
1747850691, 0, 1018, 1365, 1359, 25, 7.32%, 0, 0, 3, 8.64
1747850722, 0, 1019, 1365, 1359, 25, 7.32%, 0, 0, 3, 8.43
1747850737, 0, 1020, 1365, 1359, 25, 7.32%, 0, 0, 3, 8.83
1747850752, 0, 1022, 1365, 1359, 25, 7.32%, 0, 0, 3, 8.97
1747850762, 0, 1023, 1365, 1359, 25, 7.32%, 0, 0, 3, 10.21
1747850778, 0, 1024, 1365, 1359, 25, 7.32%, 0, 0, 3, 9.41
1747850793, 0, 1025, 1365, 1359, 25, 7.32%, 0, 0, 3, 8.52
1747850809, 0, 1026, 1365, 1359, 25, 7.32%, 0, 0, 3, 8.85
1747850824, 0, 1027, 1365, 1359, 25, 7.32%, 0, 0, 3, 8.75
1747850835, 0, 1028, 1365, 1359, 25, 7.32%, 0, 0, 3, 8.94
1747850850, 0, 1029, 1365, 1359, 25, 7.32%, 0, 0, 3, 9.48
1747850866, 0, 1031, 1365, 1359, 25, 7.32%, 0, 0, 3, 8.92
1747850881, 0, 1032, 1365, 1359, 25, 7.32%, 0, 0, 3, 9.23
1747850896, 0, 1033, 1365, 1359, 25, 7.32%, 0, 0, 3, 8.57
1747850912, 0, 1035, 1365, 1359, 25, 7.32%, 0, 0, 3, 8.05
1747850927, 0, 1037, 1365, 1359, 25, 7.32%, 0, 0, 3, 8.90
1747850943, 0, 1039, 1366, 1360, 25, 7.32%, 0, 0, 3, 7.80
1747850973, 0, 1040, 1366, 1360, 24, 7.32%, 0, 0, 3, 9.13
1747850989, 0, 1041, 1366, 1360, 24, 7.32%, 0, 0, 3, 8.77
1747850999, 0, 1042, 1366, 1360, 24, 7.32%, 0, 0, 3, 8.89
1747851015, 0, 1045, 1366, 1360, 24, 7.32%, 0, 0, 3, 8.82
1747851030, 0, 1047, 1366, 1360, 24, 7.32%, 0, 0, 3, 8.45
1747851045, 0, 1048, 1366, 1360, 24, 7.32%, 0, 0, 3, 9.22
1747851061, 0, 1049, 1366, 1360, 24, 7.32%, 0, 0, 3, 8.45
1747851076, 0, 1050, 1366, 1360, 24, 7.32%, 0, 0, 3, 9.43
1747851087, 0, 1051, 1366, 1360, 24, 7.32%, 0, 0, 3, 9.25
1747851102, 0, 1052, 1366, 1360, 24, 7.32%, 0, 0, 3, 8.92
1747851118, 0, 1054, 1366, 1360, 24, 7.32%, 0, 0, 3, 9.08
1747851133, 0, 1055, 1366, 1360, 24, 7.32%, 0, 0, 3, 9.53
1747851143, 0, 1056, 1366, 1360, 24, 7.32%, 0, 0, 3, 9.02
1747851158, 0, 1057, 1366, 1360, 24, 7.32%, 0, 0, 3, 8.15
1747851174, 0, 1058, 1366, 1360, 24, 7.32%, 0, 0, 3, 8.58
1747851190, 0, 1061, 1366, 1360, 24, 7.32%, 0, 0, 3, 8.45
1747851205, 0, 1062, 1366, 1360, 24, 7.32%, 0, 0, 3, 9.93
1747851221, 0, 1063, 1366, 1360, 24, 7.32%, 0, 0, 3, 8.85
1747851236, 0, 1064, 1366, 1360, 24, 7.32%, 0, 0, 3, 9.01
1747851251, 0, 1065, 1366, 1360, 24, 7.32%, 0, 0, 3, 9.18
1747851261, 0, 1066, 1366, 1360, 24, 7.32%, 0, 0, 3, 9.85
1747851277, 0, 1068, 1366, 1360, 24, 7.32%, 0, 0, 3, 9.09
1747851292, 0, 1070, 1366, 1360, 24, 7.32%, 0, 0, 3, 9.57
1747851308, 0, 1071, 1366, 1360, 24, 7.32%, 0, 0, 3, 8.70
1747851323, 0, 1072, 1366, 1360, 24, 7.32%, 0, 0, 3, 9.60
1747851333, 0, 1073, 1366, 1360, 24, 7.32%, 0, 0, 3, 9.09
1747851348, 0, 1074, 1366, 1360, 24, 7.32%, 0, 0, 3, 8.63
1747851359, 0, 1074, 1367, 1361, 24, 7.32%, 0, 0, 3, 9.01
1747851379, 0, 1075, 1367, 1361, 24, 7.32%, 0, 0, 3, 8.89
1747851395, 0, 1077, 1367, 1361, 24, 7.32%, 0, 0, 3, 8.43
1747851410, 0, 1078, 1367, 1361, 24, 7.32%, 0, 0, 3, 9.57
1747851426, 0, 1079, 1367, 1361, 24, 7.32%, 0, 0, 3, 8.53
1747851441, 0, 1081, 1367, 1361, 24, 7.32%, 0, 0, 3, 8.80
1747851457, 0, 1082, 1367, 1361, 24, 7.32%, 0, 0, 3, 8.54
1747851467, 0, 1083, 1367, 1361, 24, 7.32%, 0, 0, 3, 8.98
1747851483, 0, 1084, 1367, 1361, 24, 7.32%, 0, 0, 3, 8.29
1747851498, 0, 1085, 1367, 1361, 24, 7.32%, 0, 0, 3, 8.68
1747851514, 0, 1086, 1367, 1361, 24, 7.32%, 0, 0, 3, 9.63
1747851529, 0, 1087, 1367, 1361, 24, 7.32%, 0, 0, 3, 8.33
1747851544, 0, 1088, 1367, 1361, 24, 7.32%, 0, 0, 3, 8.67
1747851560, 0, 1090, 1367, 1361, 24, 7.32%, 0, 0, 3, 8.88
1747851570, 0, 1091, 1367, 1361, 24, 7.32%, 0, 0, 3, 8.97
1747851586, 0, 1091, 1368, 1362, 24, 7.32%, 0, 0, 3, 8.21
1747851601, 0, 1092, 1368, 1362, 24, 7.32%, 0, 0, 3, 8.80
1747851616, 0, 1093, 1368, 1362, 24, 7.32%, 0, 0, 3, 9.19
1747851632, 0, 1094, 1368, 1362, 24, 7.32%, 0, 0, 3, 9.26
1747851647, 0, 1095, 1368, 1362, 24, 7.32%, 0, 0, 3, 9.31
1747851663, 0, 1096, 1368, 1362, 24, 7.32%, 0, 0, 3, 9.57
1747851673, 0, 1097, 1368, 1362, 24, 7.32%, 0, 0, 3, 8.62
1747851693, 0, 1098, 1368, 1362, 24, 7.32%, 0, 0, 3, 8.43
1747851698, 0, 1098, 1369, 1363, 24, 7.32%, 0, 0, 3, 8.22
1747851719, 0, 1099, 1369, 1363, 24, 7.32%, 0, 0, 3, 9.11
1747851735, 0, 1100, 1369, 1363, 24, 7.32%, 0, 0, 3, 9.22
1747851750, 0, 1101, 1369, 1363, 24, 7.32%, 0, 0, 3, 8.78
1747851765, 0, 1102, 1369, 1363, 24, 7.32%, 0, 0, 3, 8.85
1747851781, 0, 1106, 1369, 1363, 24, 7.32%, 0, 0, 3, 8.05
1747851796, 0, 1107, 1369, 1363, 24, 7.32%, 0, 0, 3, 7.89
1747851812, 0, 1108, 1369, 1363, 24, 7.32%, 0, 0, 3, 9.44
1747851828, 0, 1109, 1369, 1363, 24, 7.32%, 0, 0, 3, 7.85
1747851838, 0, 1110, 1369, 1363, 24, 7.32%, 0, 0, 3, 9.77
1747859519, 0, 1111, 1369, 1362, 23, 7.32%, 0, 0, 3, 11.86
1747859534, 0, 1112, 1369, 1362, 23, 7.32%, 0, 0, 3, 9.32
1747859550, 0, 1114, 1369, 1362, 23, 7.32%, 0, 0, 3, 9.50
1747859565, 0, 1116, 1369, 1362, 23, 7.32%, 0, 0, 3, 8.82
1747859576, 0, 1116, 1370, 1363, 23, 7.32%, 0, 0, 3, 7.93
1747859596, 0, 1117, 1370, 1363, 23, 7.32%, 0, 0, 3, 8.64
1747859611, 0, 1118, 1370, 1363, 23, 7.32%, 0, 0, 3, 8.52
1747859627, 0, 1119, 1370, 1363, 23, 7.32%, 0, 0, 3, 8.40
1747859642, 0, 1119, 1371, 1364, 23, 7.32%, 0, 0, 3, 8.49
1747859658, 0, 1120, 1371, 1364, 23, 7.32%, 0, 0, 3, 8.65
1747859668, 0, 1120, 1372, 1365, 23, 7.50%, 0, 0, 3, 8.04
1747859689, 0, 1121, 1372, 1365, 19, 7.50%, 0, 0, 3, 8.77
1747859705, 0, 1124, 1372, 1365, 19, 7.50%, 0, 0, 3, 8.94
1747859720, 0, 1126, 1372, 1365, 19, 7.50%, 0, 0, 3, 8.44
1747859735, 0, 1127, 1372, 1365, 19, 7.50%, 0, 0, 3, 8.27
1747859750, 0, 1128, 1372, 1365, 19, 7.50%, 0, 0, 3, 8.99
1747859766, 0, 1129, 1372, 1365, 19, 7.50%, 0, 0, 3, 9.02
1747859781, 0, 1131, 1372, 1365, 19, 7.50%, 0, 0, 3, 9.48
1747859792, 0, 1133, 1372, 1365, 19, 7.50%, 0, 0, 3, 8.96
1747859807, 0, 1134, 1372, 1365, 19, 7.50%, 0, 0, 3, 8.80
1747859822, 0, 1135, 1372, 1365, 19, 7.50%, 0, 0, 3, 8.60
1747859838, 0, 1136, 1372, 1365, 19, 7.50%, 0, 0, 3, 8.21
1747859853, 0, 1138, 1372, 1365, 19, 7.50%, 0, 0, 3, 8.76
1747859868, 0, 1139, 1372, 1365, 19, 7.50%, 0, 0, 3, 9.12
1747859883, 0, 1140, 1372, 1365, 19, 7.50%, 0, 0, 3, 8.49
1747859899, 0, 1141, 1372, 1365, 19, 7.50%, 0, 0, 3, 8.10
1747859914, 0, 1143, 1372, 1365, 19, 7.50%, 0, 0, 3, 8.66
1747859930, 0, 1146, 1372, 1365, 19, 7.50%, 0, 0, 3, 9.57
1747859940, 0, 1147, 1372, 1365, 19, 7.50%, 0, 0, 3, 8.82
1747859956, 0, 1148, 1372, 1365, 19, 7.50%, 0, 0, 3, 8.22
1747859971, 0, 1149, 1372, 1365, 19, 7.50%, 0, 0, 3, 9.54
1747859986, 0, 1151, 1372, 1365, 19, 7.50%, 0, 0, 3, 8.42
1747860002, 0, 1152, 1372, 1365, 19, 7.50%, 0, 0, 3, 10.17
1747860017, 0, 1154, 1372, 1365, 19, 7.50%, 0, 0, 3, 9.23
1747860027, 0, 1155, 1372, 1365, 19, 7.50%, 0, 0, 3, 9.14
1747860042, 0, 1157, 1372, 1365, 19, 7.50%, 0, 0, 3, 8.17
1747860058, 0, 1158, 1372, 1365, 19, 7.50%, 0, 0, 3, 8.09
1747860074, 0, 1161, 1372, 1365, 19, 7.50%, 0, 0, 3, 8.41
1747860089, 0, 1162, 1372, 1365, 19, 7.50%, 0, 0, 3, 8.37
1747860104, 0, 1163, 1372, 1365, 19, 7.50%, 0, 0, 3, 9.61
1747860119, 0, 1165, 1373, 1366, 19, 7.50%, 0, 0, 3, 8.08
1747860150, 0, 1166, 1373, 1366, 22, 7.50%, 0, 0, 3, 8.64
1747860165, 0, 1167, 1373, 1366, 22, 7.50%, 0, 0, 3, 9.41
1747860181, 0, 1169, 1373, 1366, 22, 7.50%, 0, 0, 3, 8.36
1747860196, 0, 1170, 1373, 1366, 22, 7.50%, 0, 0, 3, 8.75
1747860211, 0, 1172, 1373, 1366, 22, 7.50%, 0, 0, 3, 8.11
1747860227, 0, 1173, 1373, 1366, 22, 7.50%, 0, 0, 3, 8.11
1747860242, 0, 1174, 1373, 1366, 22, 7.50%, 0, 0, 3, 9.22
1747860258, 0, 1175, 1373, 1366, 22, 7.50%, 0, 0, 3, 8.66
1747860268, 0, 1176, 1373, 1366, 22, 7.50%, 0, 0, 3, 8.92
1747860284, 0, 1177, 1373, 1366, 22, 7.50%, 0, 0, 3, 9.38
1747860299, 0, 1178, 1373, 1366, 22, 7.50%, 0, 0, 3, 9.47
1747860314, 0, 1179, 1373, 1366, 22, 7.50%, 0, 0, 3, 7.94
1747860330, 0, 1180, 1373, 1366, 22, 7.50%, 0, 0, 3, 8.41
1747860345, 0, 1181, 1373, 1366, 22, 7.50%, 0, 0, 3, 8.83
1747860361, 0, 1182, 1373, 1366, 22, 7.50%, 0, 0, 3, 7.96
1747860377, 0, 1183, 1373, 1366, 22, 7.50%, 0, 0, 3, 7.93
1747860392, 0, 1184, 1373, 1366, 22, 7.50%, 0, 0, 3, 8.41
1747860407, 0, 1185, 1373, 1366, 22, 7.50%, 0, 0, 3, 9.43
1747860423, 0, 1186, 1373, 1366, 22, 7.50%, 0, 0, 3, 8.71
1747860438, 0, 1187, 1373, 1366, 22, 7.50%, 0, 0, 3, 8.15
1747860453, 0, 1188, 1373, 1366, 22, 7.50%, 0, 0, 3, 8.28
1747860469, 0, 1189, 1373, 1366, 22, 7.50%, 0, 0, 3, 9.02
1747860479, 0, 1190, 1373, 1366, 22, 7.50%, 0, 0, 3, 8.79
1747860494, 0, 1191, 1373, 1366, 22, 7.50%, 0, 0, 3, 9.20
1747860510, 0, 1192, 1373, 1366, 22, 7.50%, 0, 0, 3, 8.48
1747860525, 0, 1192, 1375, 1368, 22, 7.50%, 0, 0, 3, 7.87
1747860572, 0, 1193, 1375, 1368, 22, 7.50%, 0, 0, 3, 8.88
1747860588, 0, 1194, 1375, 1368, 22, 7.50%, 0, 0, 3, 8.91
1747860603, 0, 1195, 1375, 1368, 22, 7.50%, 0, 0, 3, 9.48
1747860619, 0, 1196, 1375, 1368, 22, 7.50%, 0, 0, 3, 10.18
1747860634, 0, 1197, 1375, 1368, 22, 7.50%, 0, 0, 3, 8.60
1747860649, 0, 1198, 1375, 1368, 22, 7.50%, 0, 0, 3, 8.65
1747860660, 0, 1199, 1375, 1368, 22, 7.50%, 0, 0, 3, 11.35
1747860670, 0, 1200, 1375, 1368, 22, 7.50%, 0, 0, 3, 15.51
1747860680, 0, 1202, 1375, 1368, 22, 7.50%, 0, 0, 3, 15.86
1747860685, 0, 1203, 1375, 1368, 22, 7.50%, 0, 0, 3, 15.18
