# unix_time, cycles_done, cur_path, paths_total, pending_total, pending_favs, map_size, unique_crashes, unique_hangs, max_depth, execs_per_sec
1747817517, 0, 0, 1, 1, 1, 3.78%, 0, 0, 1, 54.79
1747817522, 0, 0, 20, 20, 1, 4.49%, 0, 0, 2, 51.29
1747817527, 0, 0, 38, 38, 1, 4.49%, 0, 0, 2, 49.89
1747817532, 0, 0, 47, 47, 1, 4.50%, 0, 0, 2, 50.54
1747817537, 0, 0, 57, 57, 1, 4.50%, 0, 0, 2, 48.61
1747817542, 0, 0, 67, 67, 1, 4.50%, 0, 0, 2, 47.82
1747817547, 0, 0, 76, 76, 1, 4.50%, 0, 0, 2, 48.78
1747817552, 0, 0, 83, 83, 1, 4.51%, 0, 0, 2, 50.50
1747817557, 0, 0, 88, 88, 1, 4.51%, 0, 0, 2, 50.74
1747817562, 0, 0, 92, 92, 1, 4.51%, 0, 0, 2, 50.23
1747817567, 0, 0, 96, 96, 1, 4.51%, 0, 0, 2, 51.37
1747817572, 0, 0, 98, 98, 1, 4.51%, 0, 0, 2, 52.52
1747817577, 0, 0, 101, 101, 1, 4.51%, 0, 0, 2, 51.54
1747817583, 0, 0, 103, 103, 1, 4.51%, 0, 0, 2, 52.58
1747817588, 0, 0, 105, 105, 1, 4.74%, 0, 0, 2, 52.61
1747817593, 0, 0, 107, 107, 1, 4.74%, 0, 0, 2, 52.62
1747817598, 0, 0, 112, 112, 1, 4.74%, 0, 0, 2, 51.34
1747817603, 0, 0, 114, 114, 1, 4.74%, 0, 0, 2, 51.43
1747817608, 0, 0, 116, 116, 1, 4.74%, 0, 0, 2, 52.39
1747817613, 0, 0, 117, 117, 1, 4.74%, 0, 0, 2, 53.28
1747817628, 0, 0, 118, 118, 1, 4.74%, 0, 0, 2, 53.65
1747817633, 0, 0, 119, 119, 1, 4.74%, 0, 0, 2, 53.91
1747817644, 0, 0, 120, 120, 1, 4.74%, 0, 0, 2, 53.61
1747817654, 0, 0, 121, 121, 1, 4.74%, 0, 0, 2, 54.11
1747817659, 0, 0, 122, 122, 1, 4.74%, 0, 0, 2, 53.85
1747817664, 0, 0, 123, 123, 1, 4.75%, 0, 0, 2, 52.79
1747817669, 0, 0, 124, 124, 1, 4.75%, 0, 0, 2, 52.99
1747817679, 0, 0, 126, 126, 1, 4.75%, 0, 0, 2, 53.13
1747817684, 0, 0, 127, 127, 1, 4.75%, 0, 0, 2, 54.08
1747817694, 0, 0, 129, 129, 1, 4.75%, 0, 0, 2, 52.93
1747817710, 0, 0, 130, 130, 1, 4.75%, 0, 0, 2, 53.40
1747817715, 0, 0, 131, 131, 1, 4.75%, 0, 0, 2, 54.57
1747817720, 0, 0, 133, 133, 1, 4.75%, 0, 0, 2, 52.37
1747817725, 0, 0, 134, 134, 1, 4.75%, 0, 0, 2, 52.54
1747817730, 0, 0, 135, 135, 1, 4.75%, 0, 0, 2, 53.04
1747817735, 0, 0, 136, 136, 1, 4.78%, 0, 0, 2, 52.14
1747817740, 0, 0, 137, 137, 1, 4.78%, 0, 0, 2, 52.54
1747817745, 0, 0, 138, 138, 1, 4.78%, 0, 0, 2, 52.25
1747817751, 0, 0, 139, 139, 1, 4.78%, 0, 0, 2, 53.28
1747817756, 0, 0, 141, 141, 1, 4.79%, 0, 0, 2, 52.67
1747817781, 0, 0, 142, 142, 1, 4.79%, 0, 0, 2, 53.32
1747817797, 0, 0, 143, 143, 1, 4.79%, 0, 0, 2, 53.44
1747817802, 0, 0, 145, 145, 1, 4.79%, 0, 0, 2, 52.41
1747817807, 0, 0, 146, 146, 1, 4.79%, 0, 0, 2, 53.99
1747817832, 0, 0, 147, 147, 1, 4.79%, 0, 0, 2, 53.90
1747817843, 0, 0, 148, 148, 1, 4.79%, 0, 0, 2, 52.77
1747817853, 0, 2, 158, 157, 7, 4.83%, 0, 0, 2, 42.13
1747817858, 0, 2, 174, 173, 7, 4.84%, 0, 0, 2, 35.23
1747817863, 0, 2, 187, 186, 7, 4.84%, 0, 0, 2, 33.22
1747817868, 0, 2, 201, 200, 7, 4.84%, 0, 0, 2, 33.27
1747817873, 0, 2, 212, 211, 7, 4.84%, 0, 0, 2, 33.21
1747817878, 0, 2, 223, 222, 7, 4.84%, 0, 0, 2, 33.44
1747817884, 0, 2, 231, 230, 7, 4.84%, 0, 0, 2, 33.98
1747817889, 0, 2, 241, 240, 7, 4.84%, 0, 0, 2, 33.63
1747817894, 0, 2, 247, 246, 7, 4.84%, 0, 0, 2, 34.02
1747817899, 0, 2, 254, 253, 7, 4.84%, 0, 0, 2, 34.27
1747817904, 0, 2, 258, 257, 7, 4.84%, 0, 0, 2, 35.18
1747817909, 0, 2, 261, 260, 7, 4.84%, 0, 0, 2, 34.95
1747817915, 0, 2, 265, 264, 7, 4.85%, 0, 0, 2, 34.50
1747817920, 0, 2, 270, 269, 7, 4.85%, 0, 0, 2, 34.34
1747817925, 0, 2, 277, 276, 7, 4.87%, 0, 0, 2, 33.34
1747817930, 0, 2, 279, 278, 7, 4.87%, 0, 0, 2, 34.74
1747817935, 0, 2, 280, 279, 7, 4.87%, 0, 0, 2, 35.37
1747817945, 0, 2, 284, 283, 7, 4.87%, 0, 0, 2, 34.44
1747817951, 0, 2, 288, 287, 7, 4.87%, 0, 0, 2, 33.75
1747817956, 0, 2, 291, 290, 7, 4.87%, 0, 0, 2, 34.14
1747817961, 0, 2, 292, 291, 7, 4.87%, 0, 0, 2, 35.31
1747817966, 0, 2, 295, 294, 7, 4.87%, 0, 0, 2, 34.88
1747817971, 0, 2, 298, 297, 7, 4.87%, 0, 0, 2, 34.58
1747817987, 0, 2, 300, 299, 7, 4.87%, 0, 0, 2, 35.09
1747817992, 0, 2, 303, 302, 7, 4.87%, 0, 0, 2, 33.77
1747818007, 0, 5, 305, 304, 12, 4.87%, 0, 0, 2, 34.33
1747818012, 0, 5, 307, 306, 12, 4.87%, 0, 0, 2, 34.09
1747818017, 0, 5, 309, 308, 12, 4.87%, 0, 0, 2, 34.07
1747818022, 0, 5, 310, 309, 12, 4.87%, 0, 0, 2, 34.20
1747818027, 0, 5, 312, 311, 12, 4.94%, 0, 0, 2, 33.99
1747818032, 0, 5, 313, 312, 12, 4.94%, 0, 0, 2, 34.10
1747818037, 0, 5, 316, 315, 12, 4.94%, 0, 0, 2, 33.34
1747818042, 0, 5, 318, 317, 12, 4.94%, 0, 0, 2, 34.11
1747818048, 0, 5, 321, 320, 12, 4.94%, 0, 0, 2, 32.96
1747818053, 0, 5, 322, 321, 12, 4.94%, 0, 0, 2, 33.69
1747818058, 0, 5, 326, 325, 12, 4.94%, 0, 0, 2, 33.05
1747818063, 0, 5, 327, 326, 12, 4.94%, 0, 0, 2, 33.79
1747818068, 0, 5, 328, 327, 12, 4.94%, 0, 0, 2, 33.99
1747818073, 0, 5, 329, 328, 12, 4.94%, 0, 0, 2, 34.10
1747818078, 0, 5, 330, 329, 12, 4.94%, 0, 0, 2, 34.03
1747818099, 0, 5, 332, 331, 12, 4.95%, 0, 0, 2, 33.96
1747818104, 0, 5, 335, 334, 12, 4.95%, 0, 0, 2, 32.89
1747818114, 0, 5, 336, 335, 12, 4.95%, 0, 0, 2, 34.33
1747818129, 0, 5, 337, 336, 12, 4.95%, 0, 0, 2, 34.06
1747818134, 0, 6, 340, 339, 13, 4.95%, 0, 0, 2, 33.11
1747818139, 0, 6, 353, 352, 13, 4.95%, 0, 0, 2, 26.90
1747818144, 0, 6, 364, 363, 13, 4.95%, 0, 0, 2, 25.25
1747818150, 0, 6, 374, 373, 13, 4.96%, 0, 0, 2, 25.34
1747818155, 0, 6, 383, 382, 13, 5.00%, 0, 0, 2, 25.10
1747818160, 0, 6, 390, 389, 13, 5.01%, 0, 0, 2, 24.85
1747818165, 0, 6, 399, 398, 13, 5.01%, 0, 0, 2, 25.44
1747818170, 0, 6, 407, 406, 13, 5.01%, 0, 0, 2, 24.77
1747818175, 0, 6, 414, 413, 13, 5.02%, 0, 0, 2, 24.44
1747818180, 0, 6, 423, 422, 13, 5.02%, 0, 0, 2, 24.15
1747818186, 0, 6, 429, 428, 13, 5.02%, 0, 0, 2, 24.79
1747818191, 0, 6, 432, 431, 13, 5.02%, 0, 0, 2, 25.09
1747818196, 0, 6, 437, 436, 13, 5.10%, 0, 0, 2, 24.62
1747818201, 0, 6, 440, 439, 13, 5.10%, 0, 0, 2, 25.05
1747818206, 0, 6, 443, 442, 13, 5.10%, 0, 0, 2, 25.51
1747818211, 0, 6, 447, 446, 13, 5.10%, 0, 0, 2, 25.56
1747818216, 0, 6, 450, 449, 13, 5.10%, 0, 0, 2, 25.11
1747818222, 0, 6, 454, 453, 13, 5.10%, 0, 0, 2, 25.24
1747818227, 0, 6, 457, 456, 13, 5.11%, 0, 0, 2, 25.19
1747818232, 0, 6, 459, 458, 13, 5.11%, 0, 0, 2, 25.40
1747818237, 0, 6, 461, 460, 13, 5.11%, 0, 0, 2, 25.40
1747818242, 0, 6, 462, 461, 13, 5.11%, 0, 0, 2, 25.89
1747818247, 0, 6, 463, 462, 13, 5.11%, 0, 0, 2, 25.92
1747818252, 0, 6, 464, 463, 13, 5.11%, 0, 0, 2, 26.10
1747818258, 0, 6, 467, 466, 13, 5.11%, 0, 0, 2, 25.50
1747818263, 0, 6, 471, 470, 13, 5.11%, 0, 0, 2, 25.08
1747818268, 0, 6, 472, 471, 13, 5.11%, 0, 0, 2, 25.63
1747818278, 0, 6, 474, 473, 13, 5.11%, 0, 0, 2, 26.12
1747818299, 0, 6, 476, 475, 13, 5.11%, 0, 0, 2, 25.48
1747818304, 0, 6, 477, 476, 13, 5.11%, 0, 0, 2, 25.71
1747818309, 0, 6, 478, 477, 13, 5.11%, 0, 0, 2, 25.70
1747818314, 0, 6, 479, 478, 13, 5.11%, 0, 0, 2, 25.60
1747818319, 0, 6, 481, 480, 13, 5.11%, 0, 0, 2, 25.36
1747818325, 0, 6, 482, 481, 13, 5.11%, 0, 0, 2, 25.67
1747818330, 0, 6, 483, 482, 13, 5.11%, 0, 0, 2, 26.07
1747818335, 0, 6, 484, 483, 13, 5.13%, 0, 0, 2, 25.45
1747818345, 0, 7, 493, 492, 10, 5.13%, 0, 0, 2, 22.50
1747818350, 0, 7, 499, 498, 10, 5.13%, 0, 0, 2, 21.47
1747818355, 0, 7, 504, 503, 10, 5.13%, 0, 0, 2, 21.39
1747818360, 0, 7, 511, 510, 10, 5.13%, 0, 0, 2, 21.00
1747818366, 0, 7, 517, 516, 10, 5.13%, 0, 0, 2, 21.33
1747818371, 0, 7, 520, 519, 10, 5.13%, 0, 0, 2, 21.47
1747818376, 0, 7, 526, 525, 10, 5.13%, 0, 0, 2, 21.47
1747818381, 0, 7, 530, 529, 10, 5.13%, 0, 0, 2, 21.21
1747818386, 0, 7, 533, 532, 10, 5.13%, 0, 0, 2, 21.28
1747818391, 0, 7, 538, 537, 10, 5.13%, 0, 0, 2, 21.37
1747818396, 0, 7, 541, 540, 10, 5.13%, 0, 0, 2, 31.55
1747818401, 0, 7, 545, 544, 10, 5.13%, 0, 0, 2, 34.39
1747818406, 0, 7, 549, 548, 10, 5.13%, 0, 0, 2, 34.74
1747818411, 0, 7, 551, 550, 10, 5.13%, 0, 0, 2, 36.43
1747818416, 0, 7, 555, 554, 10, 5.13%, 0, 0, 2, 36.59
1747818426, 0, 7, 559, 558, 10, 5.13%, 0, 0, 2, 36.22
1747818432, 0, 7, 561, 560, 10, 5.13%, 0, 0, 2, 36.74
1747818437, 0, 7, 565, 564, 10, 5.13%, 0, 0, 2, 36.57
1747818442, 0, 7, 570, 569, 10, 5.13%, 0, 0, 2, 36.35
1747818447, 0, 7, 571, 570, 10, 5.13%, 0, 0, 2, 36.72
1747818452, 0, 7, 574, 573, 10, 5.13%, 0, 0, 2, 36.09
1747818457, 0, 7, 576, 575, 10, 5.13%, 0, 0, 2, 36.37
1747818463, 0, 7, 579, 578, 10, 5.13%, 0, 0, 2, 35.44
1747818468, 0, 7, 580, 579, 10, 5.13%, 0, 0, 2, 35.48
1747818478, 0, 7, 581, 580, 10, 5.13%, 0, 0, 2, 36.69
1747818483, 0, 7, 582, 581, 10, 5.13%, 0, 0, 2, 36.45
1747818488, 0, 7, 583, 582, 10, 5.13%, 0, 0, 2, 36.82
1747818499, 0, 8, 583, 582, 10, 5.13%, 0, 0, 2, 47.16
1747818504, 0, 11, 588, 587, 10, 5.13%, 0, 0, 2, 43.08
1747818509, 0, 11, 590, 589, 10, 5.13%, 0, 0, 2, 36.12
1747818514, 0, 11, 594, 593, 10, 5.13%, 0, 0, 2, 35.04
1747818519, 0, 11, 598, 597, 10, 5.13%, 0, 0, 2, 34.53
1747818524, 0, 11, 599, 598, 10, 5.13%, 0, 0, 2, 34.30
1747818529, 0, 11, 602, 601, 10, 5.13%, 0, 0, 2, 33.93
1747818539, 0, 11, 603, 602, 10, 5.13%, 0, 0, 2, 33.84
1747818544, 0, 11, 604, 603, 10, 5.13%, 0, 0, 2, 33.99
1747818549, 0, 11, 607, 606, 10, 5.13%, 0, 0, 2, 33.44
1747818554, 0, 11, 609, 608, 10, 5.13%, 0, 0, 2, 34.03
1747818560, 0, 11, 611, 610, 10, 5.13%, 0, 0, 2, 34.28
1747818565, 0, 11, 613, 612, 10, 5.13%, 0, 0, 2, 34.76
1747818570, 0, 11, 616, 615, 10, 5.13%, 0, 0, 2, 34.42
1747818575, 0, 11, 618, 617, 10, 5.13%, 0, 0, 2, 33.81
1747818590, 0, 11, 620, 619, 10, 5.13%, 0, 0, 2, 34.72
1747818595, 0, 11, 621, 620, 10, 5.13%, 0, 0, 2, 34.49
1747818600, 0, 11, 622, 621, 10, 5.13%, 0, 0, 2, 33.93
1747818605, 0, 11, 623, 622, 10, 5.13%, 0, 0, 2, 34.06
1747818610, 0, 11, 624, 623, 10, 5.13%, 0, 0, 2, 33.61
1747818616, 0, 11, 626, 625, 10, 5.13%, 0, 0, 2, 33.51
1747818626, 0, 11, 627, 626, 10, 5.13%, 0, 0, 2, 34.41
1747818636, 0, 14, 630, 629, 11, 5.13%, 0, 0, 2, 38.86
1747818641, 0, 14, 636, 635, 11, 5.13%, 0, 0, 2, 33.16
1747818646, 0, 14, 638, 637, 11, 5.13%, 0, 0, 2, 32.38
1747818651, 0, 14, 640, 639, 11, 5.13%, 0, 0, 2, 32.89
1747818656, 0, 14, 644, 643, 11, 5.13%, 0, 0, 2, 31.63
1747818661, 0, 14, 648, 647, 11, 5.13%, 0, 0, 2, 27.03
1747818671, 0, 14, 651, 650, 11, 5.13%, 0, 0, 2, 29.47
1747818676, 0, 14, 652, 651, 11, 5.13%, 0, 0, 2, 32.37
1747818692, 0, 14, 654, 653, 11, 5.13%, 0, 0, 2, 31.99
1747818697, 0, 14, 657, 656, 11, 5.13%, 0, 0, 2, 32.16
1747818718, 0, 14, 659, 658, 11, 5.13%, 0, 0, 2, 32.47
1747818723, 0, 14, 660, 659, 11, 5.13%, 0, 0, 2, 32.12
1747818749, 0, 14, 661, 660, 11, 5.13%, 0, 0, 2, 32.82
1747818759, 0, 14, 662, 661, 11, 5.13%, 0, 0, 2, 32.93
1747818774, 0, 16, 663, 662, 11, 5.13%, 0, 0, 2, 33.02
1747818779, 0, 16, 664, 663, 11, 5.13%, 0, 0, 2, 32.44
1747818784, 0, 16, 665, 664, 11, 5.13%, 0, 0, 2, 32.55
1747818790, 0, 16, 666, 665, 11, 5.13%, 0, 0, 2, 31.94
1747818805, 0, 16, 670, 669, 11, 5.13%, 0, 0, 2, 32.22
1747818816, 0, 16, 672, 671, 11, 5.13%, 0, 0, 2, 31.82
1747818826, 0, 16, 674, 673, 11, 5.13%, 0, 0, 2, 32.02
1747818831, 0, 16, 676, 675, 11, 5.43%, 0, 0, 2, 32.00
1747818836, 0, 16, 677, 676, 11, 5.47%, 0, 0, 2, 32.54
1747818841, 0, 16, 679, 678, 11, 5.47%, 0, 0, 2, 31.92
1747818846, 0, 16, 681, 680, 11, 5.47%, 0, 0, 2, 30.98
1747818857, 0, 16, 682, 681, 11, 5.47%, 0, 0, 2, 32.43
1747818862, 0, 16, 683, 682, 11, 5.47%, 0, 0, 2, 32.01
1747818867, 0, 16, 684, 683, 11, 5.47%, 0, 0, 2, 32.19
1747818872, 0, 16, 686, 685, 11, 5.47%, 0, 0, 2, 32.03
1747818877, 0, 16, 688, 687, 11, 5.47%, 0, 0, 2, 32.07
1747818888, 0, 16, 690, 689, 11, 5.47%, 0, 0, 2, 32.41
1747818908, 0, 17, 694, 693, 10, 5.59%, 0, 0, 2, 30.93
1747818913, 0, 17, 696, 695, 10, 5.59%, 0, 0, 2, 32.15
1747818918, 0, 17, 699, 698, 10, 5.60%, 0, 0, 2, 32.68
1747818923, 0, 17, 702, 701, 10, 5.60%, 0, 0, 2, 31.88
1747818928, 0, 17, 705, 704, 10, 5.60%, 0, 0, 2, 31.63
1747818933, 0, 17, 708, 707, 10, 5.60%, 0, 0, 2, 32.96
1747818949, 0, 17, 709, 708, 10, 5.60%, 0, 0, 2, 34.05
1747818954, 0, 17, 711, 710, 10, 5.60%, 0, 0, 2, 33.59
1747818959, 0, 17, 712, 711, 10, 5.60%, 0, 0, 2, 34.07
1747818984, 0, 17, 715, 714, 10, 5.60%, 0, 0, 2, 32.81
1747818990, 0, 17, 716, 715, 10, 5.60%, 0, 0, 2, 33.15
1747818995, 0, 17, 717, 716, 10, 5.60%, 0, 0, 2, 33.07
1747819000, 0, 17, 718, 717, 10, 5.60%, 0, 0, 2, 33.60
1747819010, 0, 17, 719, 718, 10, 5.60%, 0, 0, 2, 33.50
1747819015, 0, 17, 721, 720, 10, 5.61%, 0, 0, 2, 32.68
1747819025, 0, 17, 725, 724, 10, 5.61%, 0, 0, 2, 31.82
1747819035, 0, 17, 726, 725, 10, 5.61%, 0, 0, 2, 33.43
1747819041, 0, 21, 727, 726, 10, 5.61%, 0, 0, 2, 48.50
1747819046, 0, 21, 730, 729, 10, 5.61%, 0, 0, 2, 33.12
1747819051, 0, 21, 734, 733, 10, 5.61%, 0, 0, 2, 28.80
1747819056, 0, 21, 736, 735, 10, 5.61%, 0, 0, 2, 29.65
1747819061, 0, 21, 737, 736, 10, 5.95%, 0, 0, 2, 29.76
1747819066, 0, 21, 740, 739, 10, 5.95%, 0, 0, 2, 29.23
1747819071, 0, 21, 742, 741, 10, 5.95%, 0, 0, 2, 29.65
1747819082, 0, 21, 743, 742, 10, 5.95%, 0, 0, 2, 30.11
1747819087, 0, 21, 744, 743, 10, 5.95%, 0, 0, 2, 29.10
1747819092, 0, 21, 746, 745, 10, 5.95%, 0, 0, 2, 28.68
1747819097, 0, 21, 747, 746, 10, 5.95%, 0, 0, 2, 28.40
1747819102, 0, 21, 750, 749, 10, 5.95%, 0, 0, 2, 29.25
1747819113, 0, 21, 751, 750, 10, 5.95%, 0, 0, 2, 30.24
1747819118, 0, 21, 753, 752, 10, 5.95%, 0, 0, 2, 29.27
1747819123, 0, 21, 755, 754, 10, 5.95%, 0, 0, 2, 30.18
1747819133, 0, 21, 756, 755, 10, 5.95%, 0, 0, 2, 30.13
1747819149, 0, 21, 758, 757, 10, 5.95%, 0, 0, 2, 30.14
1747819154, 0, 21, 760, 759, 10, 5.95%, 0, 0, 2, 29.53
1747819174, 0, 21, 762, 761, 10, 5.95%, 0, 0, 2, 29.27
1747819179, 0, 21, 764, 763, 10, 5.95%, 0, 0, 2, 29.73
1747819184, 0, 21, 765, 764, 10, 5.95%, 0, 0, 2, 29.92
1747819190, 0, 22, 765, 764, 10, 5.95%, 0, 0, 2, 44.31
1747819195, 0, 26, 765, 764, 10, 5.95%, 0, 0, 2, 54.15
1747819200, 0, 27, 765, 764, 10, 5.95%, 0, 0, 2, 37.50
1747819205, 0, 32, 765, 764, 10, 5.95%, 0, 0, 2, 42.92
1747819210, 0, 33, 765, 764, 10, 5.95%, 0, 0, 2, 34.68
1747819215, 0, 34, 767, 766, 10, 5.95%, 0, 0, 2, 32.30
1747819220, 0, 34, 768, 767, 10, 5.95%, 0, 0, 2, 30.88
1747819225, 0, 34, 770, 769, 10, 5.95%, 0, 0, 2, 30.17
1747819230, 0, 34, 771, 770, 10, 5.95%, 0, 0, 2, 30.73
1747819235, 0, 34, 773, 772, 10, 5.95%, 0, 0, 2, 30.95
1747819246, 0, 34, 774, 773, 10, 5.95%, 0, 0, 2, 30.98
1747819251, 0, 34, 775, 774, 10, 5.95%, 0, 0, 2, 30.25
1747819287, 0, 34, 776, 775, 10, 5.95%, 0, 0, 2, 29.54
1747819307, 0, 34, 777, 776, 10, 5.95%, 0, 0, 2, 30.61
1747819317, 0, 34, 778, 777, 10, 5.95%, 0, 0, 2, 30.66
1747819323, 0, 34, 779, 778, 10, 5.95%, 0, 0, 2, 31.21
1747819333, 0, 34, 780, 779, 10, 5.95%, 0, 0, 2, 30.80
1747819348, 0, 34, 781, 780, 10, 5.95%, 0, 0, 2, 30.46
1747819353, 0, 36, 782, 781, 10, 5.95%, 0, 0, 2, 31.06
1747819359, 0, 36, 783, 782, 10, 5.95%, 0, 0, 2, 30.42
1747819369, 0, 39, 783, 782, 10, 5.95%, 0, 0, 2, 46.69
1747819374, 0, 40, 783, 782, 10, 5.95%, 0, 0, 2, 35.06
1747819379, 0, 41, 783, 782, 10, 5.95%, 0, 0, 2, 33.47
1747819384, 0, 42, 786, 785, 10, 5.95%, 0, 0, 2, 31.43
1747819389, 0, 42, 787, 786, 10, 5.95%, 0, 0, 2, 30.34
1747819400, 0, 42, 788, 787, 10, 5.95%, 0, 0, 2, 30.71
1747819415, 0, 42, 790, 789, 10, 5.95%, 0, 0, 2, 30.03
1747819430, 0, 42, 792, 791, 10, 5.95%, 0, 0, 2, 29.55
1747819441, 0, 42, 793, 792, 10, 5.95%, 0, 0, 2, 31.60
1747819446, 0, 42, 794, 793, 10, 5.95%, 0, 0, 2, 31.63
1747819456, 0, 42, 795, 794, 10, 5.95%, 0, 0, 2, 30.81
1747819481, 0, 42, 796, 795, 10, 5.95%, 0, 0, 2, 30.52
1747819517, 0, 44, 796, 795, 10, 5.95%, 0, 0, 2, 32.19
1747819522, 0, 44, 797, 796, 10, 5.95%, 0, 0, 2, 33.58
1747819527, 0, 45, 798, 797, 10, 5.95%, 0, 0, 2, 33.19
1747819532, 0, 46, 798, 797, 10, 5.95%, 0, 0, 2, 41.04
1747819538, 0, 47, 798, 797, 10, 5.95%, 0, 0, 2, 37.09
1747819543, 0, 48, 799, 798, 10, 5.95%, 0, 0, 2, 33.73
1747819548, 0, 50, 799, 798, 10, 5.95%, 0, 0, 2, 46.92
1747819553, 0, 51, 799, 798, 10, 5.95%, 0, 0, 2, 35.86
1747819558, 0, 52, 799, 798, 10, 5.95%, 0, 0, 2, 32.54
1747819563, 0, 53, 800, 799, 10, 5.95%, 0, 0, 2, 32.47
1747819568, 0, 54, 800, 799, 10, 5.95%, 0, 0, 2, 33.72
1747819573, 0, 56, 800, 799, 10, 5.95%, 0, 0, 2, 33.73
1747819579, 0, 57, 800, 799, 10, 5.95%, 0, 0, 2, 32.82
1747819584, 0, 60, 800, 799, 10, 5.95%, 0, 0, 2, 39.33
1747819589, 0, 62, 800, 799, 10, 5.95%, 0, 0, 2, 42.02
1747819594, 0, 63, 800, 799, 10, 5.95%, 0, 0, 2, 33.56
1747819599, 0, 64, 801, 800, 10, 5.95%, 0, 0, 2, 33.46
1747819604, 0, 64, 802, 801, 10, 5.95%, 0, 0, 2, 33.40
1747819614, 0, 66, 802, 801, 10, 5.95%, 0, 0, 2, 31.64
1747819619, 0, 66, 803, 802, 10, 5.95%, 0, 0, 2, 31.86
1747819624, 0, 68, 803, 802, 10, 5.95%, 0, 0, 2, 32.18
1747819629, 0, 69, 803, 802, 10, 5.95%, 0, 0, 2, 33.38
1747819634, 0, 71, 804, 803, 10, 5.95%, 0, 0, 2, 33.10
1747819639, 0, 72, 804, 803, 10, 5.95%, 0, 0, 2, 33.97
1747819645, 0, 73, 804, 803, 10, 5.95%, 0, 0, 2, 31.64
1747819650, 0, 79, 804, 803, 10, 5.95%, 0, 0, 2, 32.08
1747819655, 0, 79, 805, 804, 10, 5.95%, 0, 0, 2, 30.99
1747819660, 0, 80, 805, 804, 10, 5.95%, 0, 0, 2, 31.07
1747819665, 0, 81, 806, 805, 10, 5.95%, 0, 0, 2, 31.03
1747819675, 0, 84, 806, 805, 10, 5.95%, 0, 0, 2, 31.10
1747819680, 0, 85, 806, 805, 10, 5.95%, 0, 0, 2, 41.58
1747819686, 0, 88, 806, 805, 10, 5.95%, 0, 0, 2, 36.07
1747819691, 0, 89, 806, 805, 10, 5.95%, 0, 0, 2, 39.73
1747819696, 0, 94, 806, 805, 10, 5.95%, 0, 0, 2, 43.10
1747819701, 0, 97, 807, 806, 10, 5.95%, 0, 0, 2, 45.00
1747819711, 0, 98, 808, 807, 10, 5.95%, 0, 0, 2, 31.18
1747819716, 0, 98, 809, 808, 10, 6.13%, 0, 0, 2, 30.84
1747819726, 0, 98, 812, 811, 10, 6.13%, 0, 0, 2, 29.40
1747819798, 0, 98, 813, 812, 10, 6.13%, 0, 0, 2, 31.22
1747819808, 0, 98, 814, 813, 10, 6.13%, 0, 0, 2, 30.46
1747819844, 0, 99, 814, 813, 10, 6.13%, 0, 0, 2, 30.57
1747819849, 0, 100, 814, 813, 10, 6.13%, 0, 0, 2, 24.17
1747819854, 0, 103, 814, 813, 10, 6.13%, 0, 0, 2, 20.54
1747819865, 0, 104, 814, 813, 10, 6.13%, 0, 0, 2, 19.01
1747819870, 0, 105, 814, 813, 10, 6.13%, 0, 0, 2, 18.86
1747819875, 0, 106, 814, 813, 10, 6.13%, 0, 0, 2, 19.17
1747819880, 0, 108, 814, 813, 10, 6.13%, 0, 0, 2, 26.20
1747819885, 0, 108, 815, 814, 10, 6.13%, 0, 0, 2, 20.43
1747819890, 0, 108, 816, 815, 10, 6.13%, 0, 0, 2, 19.58
1747819906, 0, 109, 816, 815, 10, 6.13%, 0, 0, 2, 21.22
1747819911, 0, 110, 816, 815, 10, 6.13%, 0, 0, 2, 25.64
1747819916, 0, 111, 816, 815, 10, 6.13%, 0, 0, 2, 19.59
1747819921, 0, 111, 817, 816, 10, 6.13%, 0, 0, 2, 18.13
1747819931, 0, 112, 817, 816, 10, 6.13%, 0, 0, 2, 18.78
1747819942, 0, 114, 818, 817, 10, 6.13%, 0, 0, 2, 18.02
1747819952, 0, 114, 819, 818, 10, 6.13%, 0, 0, 2, 17.87
1747819967, 0, 116, 819, 818, 10, 6.13%, 0, 0, 2, 22.74
1747819972, 0, 119, 819, 818, 10, 6.13%, 0, 0, 2, 24.48
1747819978, 0, 120, 819, 818, 10, 6.13%, 0, 0, 2, 24.54
1747819983, 0, 121, 819, 818, 10, 6.13%, 0, 0, 2, 25.27
1747819988, 0, 123, 819, 818, 10, 6.13%, 0, 0, 2, 21.26
1747819993, 0, 124, 819, 818, 10, 6.13%, 0, 0, 2, 20.12
1747820003, 0, 125, 819, 818, 10, 6.13%, 0, 0, 2, 19.83
1747820008, 0, 126, 819, 818, 10, 6.13%, 0, 0, 2, 18.75
1747820014, 0, 127, 819, 818, 10, 6.13%, 0, 0, 2, 18.06
1747820019, 0, 127, 820, 819, 10, 6.13%, 0, 0, 2, 17.66
1747820029, 0, 128, 820, 819, 10, 6.13%, 0, 0, 2, 18.40
1747820039, 0, 129, 820, 819, 10, 6.13%, 0, 0, 2, 17.91
1747820044, 0, 131, 820, 819, 10, 6.13%, 0, 0, 2, 17.84
1747820049, 0, 133, 820, 819, 10, 6.13%, 0, 0, 2, 19.93
1747820054, 0, 135, 820, 819, 10, 6.13%, 0, 0, 2, 24.91
1747820059, 0, 136, 820, 819, 10, 6.13%, 0, 0, 2, 20.94
1747820070, 0, 138, 820, 819, 10, 6.13%, 0, 0, 2, 18.17
1747820075, 0, 139, 820, 819, 10, 6.13%, 0, 0, 2, 18.23
1747820080, 0, 140, 820, 819, 10, 6.13%, 0, 0, 2, 18.51
1747820090, 0, 141, 821, 820, 10, 6.13%, 0, 0, 2, 19.56
1747820100, 0, 142, 821, 820, 10, 6.13%, 0, 0, 2, 24.04
1747820106, 0, 143, 821, 820, 10, 6.13%, 0, 0, 2, 24.07
1747820111, 0, 144, 821, 820, 10, 6.13%, 0, 0, 2, 23.15
1747820116, 0, 146, 821, 820, 10, 6.13%, 0, 0, 2, 24.39
1747820121, 0, 147, 821, 820, 10, 6.13%, 0, 0, 2, 22.79
1747820126, 0, 150, 821, 820, 10, 6.13%, 0, 0, 2, 34.55
1747820131, 0, 151, 821, 820, 10, 6.13%, 0, 0, 2, 23.67
1747820136, 0, 152, 821, 820, 10, 6.13%, 0, 0, 2, 26.51
1747820141, 0, 153, 821, 820, 10, 6.13%, 0, 0, 2, 22.63
1747820147, 0, 154, 821, 820, 10, 6.13%, 0, 0, 2, 18.70
1747820157, 0, 156, 821, 820, 10, 6.13%, 0, 0, 2, 28.51
1747820167, 0, 158, 821, 820, 10, 6.13%, 0, 0, 2, 18.90
1747820172, 0, 159, 821, 820, 10, 6.13%, 0, 0, 2, 18.09
1747820182, 0, 160, 821, 820, 10, 6.13%, 0, 0, 2, 17.12
1747820187, 0, 161, 821, 820, 10, 6.13%, 0, 0, 2, 27.11
1747820193, 0, 162, 821, 820, 10, 6.13%, 0, 0, 2, 21.39
1747820198, 0, 164, 821, 820, 10, 6.13%, 0, 0, 2, 18.69
1747820203, 0, 164, 822, 821, 10, 6.13%, 0, 0, 2, 18.19
1747820213, 0, 165, 822, 821, 10, 6.13%, 0, 0, 2, 31.85
1747820218, 0, 166, 822, 821, 10, 6.13%, 0, 0, 2, 21.49
1747820223, 0, 167, 822, 821, 10, 6.13%, 0, 0, 2, 31.19
1747820228, 0, 168, 822, 821, 10, 6.13%, 0, 0, 2, 22.60
1747820233, 0, 169, 822, 821, 10, 6.13%, 0, 0, 2, 19.04
1747820239, 0, 170, 822, 821, 10, 6.13%, 0, 0, 2, 18.71
1747820249, 0, 173, 822, 821, 10, 6.13%, 0, 0, 2, 26.25
1747820254, 0, 173, 823, 822, 10, 6.13%, 0, 0, 2, 19.52
1747820264, 0, 174, 823, 822, 10, 6.13%, 0, 0, 2, 17.87
1747820274, 0, 175, 823, 822, 10, 6.13%, 0, 0, 2, 19.84
1747820280, 0, 177, 823, 822, 10, 6.13%, 0, 0, 2, 29.61
1747820290, 0, 180, 823, 822, 10, 6.13%, 0, 0, 2, 32.87
1747820300, 0, 181, 823, 822, 10, 6.13%, 0, 0, 2, 20.41
1747820305, 0, 183, 823, 822, 10, 6.13%, 0, 0, 2, 19.97
1747820310, 0, 184, 823, 822, 10, 6.13%, 0, 0, 2, 23.13
1747820315, 0, 186, 823, 822, 10, 6.13%, 0, 0, 2, 23.92
1747820325, 0, 188, 823, 822, 10, 6.13%, 0, 0, 2, 19.63
1747820330, 0, 189, 824, 823, 10, 6.13%, 0, 0, 2, 18.18
1747820346, 0, 191, 824, 823, 10, 6.13%, 0, 0, 2, 18.08
1747820351, 0, 192, 824, 823, 10, 6.13%, 0, 0, 2, 18.27
1747820356, 0, 193, 824, 823, 10, 6.13%, 0, 0, 2, 17.95
1747820361, 0, 193, 825, 824, 10, 6.13%, 0, 0, 2, 17.39
1747820371, 0, 194, 825, 824, 10, 6.13%, 0, 0, 2, 17.88
1747820382, 0, 195, 825, 824, 10, 6.13%, 0, 0, 2, 28.38
1747820387, 0, 197, 825, 824, 10, 6.13%, 0, 0, 2, 29.00
1747820397, 0, 198, 825, 824, 10, 6.13%, 0, 0, 2, 19.87
1747820402, 0, 199, 825, 824, 10, 6.13%, 0, 0, 2, 32.84
1747820407, 0, 200, 825, 824, 10, 6.13%, 0, 0, 2, 21.52
1747820413, 0, 202, 827, 826, 10, 6.13%, 0, 0, 2, 17.71
1747820433, 0, 202, 828, 827, 10, 6.13%, 0, 0, 2, 17.59
1747820474, 0, 203, 828, 827, 10, 6.13%, 0, 0, 2, 19.39
1747820479, 0, 204, 828, 827, 10, 6.13%, 0, 0, 2, 19.24
1747820484, 0, 205, 828, 827, 10, 6.13%, 0, 0, 2, 18.76
1747820489, 0, 205, 829, 828, 10, 6.13%, 0, 0, 2, 17.81
1747820494, 0, 205, 831, 830, 10, 6.21%, 0, 0, 2, 16.92
1747820500, 0, 205, 832, 831, 10, 6.21%, 0, 0, 2, 17.09
1747820505, 0, 205, 834, 833, 10, 6.21%, 0, 0, 2, 16.52
1747820515, 0, 205, 835, 834, 10, 6.21%, 0, 0, 2, 17.13
1747820550, 0, 205, 836, 835, 10, 6.21%, 0, 0, 2, 16.95
1747820581, 0, 205, 837, 836, 10, 6.21%, 0, 0, 2, 17.28
1747820597, 0, 205, 838, 837, 10, 6.21%, 0, 0, 2, 17.57
1747820607, 0, 205, 839, 838, 10, 6.21%, 0, 0, 2, 17.02
1747820612, 0, 205, 840, 839, 10, 6.21%, 0, 0, 2, 17.17
1747820643, 0, 205, 841, 840, 10, 6.21%, 0, 0, 2, 16.86
1747820699, 0, 205, 842, 841, 10, 6.22%, 0, 0, 2, 17.33
1747820730, 0, 206, 842, 841, 9, 6.22%, 0, 0, 2, 17.92
1747820735, 0, 208, 843, 842, 9, 6.22%, 0, 0, 2, 17.86
1747820740, 0, 208, 844, 843, 9, 6.22%, 0, 0, 2, 17.80
1747820760, 0, 208, 845, 844, 9, 6.22%, 0, 0, 2, 17.31
1747820781, 0, 208, 846, 845, 9, 6.22%, 0, 0, 2, 17.20
1747820822, 0, 208, 847, 846, 9, 6.22%, 0, 0, 2, 17.30
1747820924, 0, 208, 848, 847, 9, 6.22%, 0, 0, 2, 17.57
1747820970, 0, 210, 848, 847, 9, 6.22%, 0, 0, 2, 17.81
1747820980, 0, 212, 848, 847, 9, 6.22%, 0, 0, 2, 17.78
1747820985, 0, 212, 849, 848, 9, 6.22%, 0, 0, 2, 17.04
1747820996, 0, 213, 849, 848, 9, 6.22%, 0, 0, 2, 19.13
1747821001, 0, 214, 849, 848, 9, 6.22%, 0, 0, 2, 18.56
1747821006, 0, 215, 849, 848, 9, 6.22%, 0, 0, 2, 18.11
1747821016, 0, 216, 849, 848, 9, 6.22%, 0, 0, 2, 17.81
1747821021, 0, 217, 849, 848, 9, 6.22%, 0, 0, 2, 28.31
1747821026, 0, 219, 849, 848, 9, 6.22%, 0, 0, 2, 33.80
1747821037, 0, 220, 849, 848, 9, 6.22%, 0, 0, 2, 19.54
1747821042, 0, 222, 849, 848, 9, 6.22%, 0, 0, 2, 18.91
1747821047, 0, 225, 849, 848, 9, 6.22%, 0, 0, 2, 19.48
1747821057, 0, 226, 849, 848, 9, 6.22%, 0, 0, 2, 18.19
1747821062, 0, 227, 849, 848, 9, 6.22%, 0, 0, 2, 18.86
1747821067, 0, 229, 849, 848, 9, 6.22%, 0, 0, 2, 19.63
1747821078, 0, 230, 849, 848, 9, 6.22%, 0, 0, 2, 19.49
1747821083, 0, 231, 849, 848, 9, 6.22%, 0, 0, 2, 30.41
1747821088, 0, 232, 849, 848, 9, 6.22%, 0, 0, 2, 23.12
1747821093, 0, 234, 850, 849, 9, 6.22%, 0, 0, 2, 19.02
1747821109, 0, 235, 850, 849, 9, 6.22%, 0, 0, 2, 18.27
1747821114, 0, 237, 850, 849, 9, 6.22%, 0, 0, 2, 18.04
1747821119, 0, 238, 850, 849, 9, 6.22%, 0, 0, 2, 18.02
1747821129, 0, 239, 850, 849, 9, 6.22%, 0, 0, 2, 18.99
1747821134, 0, 240, 850, 849, 9, 6.22%, 0, 0, 2, 19.85
1747821139, 0, 241, 850, 849, 9, 6.22%, 0, 0, 2, 19.81
1747821149, 0, 246, 850, 849, 9, 6.22%, 0, 0, 2, 29.74
1747821160, 0, 249, 850, 849, 9, 6.22%, 0, 0, 2, 18.30
1747821165, 0, 250, 850, 849, 9, 6.22%, 0, 0, 2, 18.01
1747821175, 0, 253, 850, 849, 9, 6.22%, 0, 0, 2, 19.27
1747821180, 0, 254, 850, 849, 9, 6.22%, 0, 0, 2, 19.81
1747821185, 0, 256, 850, 849, 9, 6.22%, 0, 0, 2, 20.04
1747821191, 0, 257, 850, 849, 9, 6.22%, 0, 0, 2, 19.92
1747821201, 0, 258, 850, 849, 9, 6.22%, 0, 0, 2, 18.66
1747821206, 0, 259, 850, 849, 9, 6.22%, 0, 0, 2, 18.25
1747821211, 0, 261, 850, 849, 9, 6.22%, 0, 0, 2, 21.78
1747821216, 0, 263, 850, 849, 9, 6.22%, 0, 0, 2, 33.95
1747821221, 0, 264, 850, 849, 9, 6.22%, 0, 0, 2, 24.69
1747821226, 0, 265, 850, 849, 9, 6.22%, 0, 0, 2, 19.52
1747821231, 0, 265, 851, 850, 9, 6.22%, 0, 0, 2, 17.75
1747821241, 0, 266, 851, 850, 9, 6.22%, 0, 0, 2, 18.92
1747821246, 0, 267, 851, 850, 9, 6.22%, 0, 0, 2, 24.33
1747821251, 0, 268, 851, 850, 9, 6.22%, 0, 0, 2, 23.59
1747821257, 0, 269, 851, 850, 9, 6.22%, 0, 0, 2, 18.84
1747821267, 0, 270, 852, 851, 9, 6.22%, 0, 0, 2, 18.27
1747821277, 0, 271, 852, 851, 9, 6.22%, 0, 0, 2, 19.88
1747821287, 0, 273, 852, 851, 9, 6.22%, 0, 0, 2, 18.50
1747821292, 0, 273, 853, 852, 9, 6.22%, 0, 0, 2, 18.39
1747821303, 0, 275, 853, 852, 9, 6.22%, 0, 0, 2, 26.25
1747821308, 0, 275, 855, 854, 9, 6.22%, 0, 0, 2, 18.92
1747821333, 0, 276, 855, 854, 9, 6.22%, 0, 0, 2, 22.86
1747821339, 0, 279, 855, 854, 9, 6.22%, 0, 0, 2, 22.92
1747821344, 0, 280, 855, 854, 9, 6.22%, 0, 0, 2, 19.71
1747821354, 0, 281, 855, 854, 9, 6.22%, 0, 0, 2, 18.08
1747821359, 0, 282, 856, 855, 9, 6.22%, 0, 0, 2, 17.16
1747821375, 0, 283, 856, 855, 11, 6.22%, 0, 0, 2, 18.52
1747821380, 0, 284, 856, 855, 11, 6.22%, 0, 0, 2, 23.96
1747821385, 0, 285, 856, 855, 11, 6.22%, 0, 0, 2, 22.43
1747821390, 0, 286, 856, 855, 11, 6.22%, 0, 0, 2, 18.71
1747821400, 0, 287, 856, 855, 11, 6.22%, 0, 0, 2, 20.20
1747821405, 0, 288, 856, 855, 11, 6.22%, 0, 0, 2, 18.28
1747821410, 0, 289, 856, 855, 11, 6.22%, 0, 0, 2, 22.39
1747821416, 0, 290, 856, 855, 11, 6.22%, 0, 0, 2, 32.33
1747821421, 0, 291, 856, 855, 11, 6.22%, 0, 0, 2, 24.16
1747821426, 0, 292, 856, 855, 11, 6.22%, 0, 0, 2, 32.70
1747821431, 0, 294, 856, 855, 11, 6.22%, 0, 0, 2, 30.95
1747821441, 0, 295, 856, 855, 11, 6.22%, 0, 0, 2, 19.17
1747821446, 0, 298, 856, 855, 11, 6.22%, 0, 0, 2, 19.21
1747821451, 0, 299, 856, 855, 11, 6.22%, 0, 0, 2, 19.01
1747821462, 0, 300, 857, 856, 11, 6.22%, 0, 0, 2, 17.88
1747821477, 0, 302, 857, 856, 11, 6.22%, 0, 0, 2, 25.48
1747821488, 0, 303, 857, 856, 11, 6.22%, 0, 0, 2, 17.86
1747821493, 0, 304, 857, 856, 11, 6.22%, 0, 0, 2, 18.16
1747821498, 0, 305, 857, 856, 11, 6.22%, 0, 0, 2, 19.16
1747821503, 0, 305, 858, 857, 11, 6.22%, 0, 0, 2, 18.03
1747821513, 0, 306, 858, 857, 11, 6.22%, 0, 0, 2, 17.38
1747821524, 0, 310, 858, 857, 11, 6.22%, 0, 0, 2, 32.27
1747821529, 0, 311, 858, 857, 11, 6.22%, 0, 0, 2, 28.63
1747821534, 0, 311, 859, 858, 11, 6.22%, 0, 0, 2, 20.27
1747821544, 0, 312, 859, 858, 11, 6.22%, 0, 0, 2, 18.15
1747821549, 0, 313, 859, 858, 11, 6.22%, 0, 0, 2, 17.71
1747821560, 0, 315, 860, 859, 11, 6.22%, 0, 0, 2, 17.13
1747821565, 0, 315, 861, 860, 11, 6.22%, 0, 0, 2, 16.67
1747821591, 0, 316, 861, 860, 11, 6.22%, 0, 0, 2, 19.37
1747821596, 0, 317, 861, 860, 11, 6.22%, 0, 0, 2, 28.78
1747821601, 0, 318, 862, 861, 11, 6.22%, 0, 0, 2, 20.85
1747821616, 0, 320, 862, 861, 11, 6.22%, 0, 0, 2, 17.49
1747821621, 0, 321, 862, 861, 11, 6.22%, 0, 0, 2, 18.56
1747821626, 0, 322, 862, 861, 11, 6.22%, 0, 0, 2, 19.01
1747821636, 0, 323, 862, 861, 11, 6.22%, 0, 0, 2, 17.52
1747821642, 0, 326, 862, 861, 11, 6.22%, 0, 0, 2, 18.25
1747821652, 0, 327, 862, 861, 11, 6.22%, 0, 0, 2, 17.89
1747821657, 0, 328, 862, 861, 11, 6.22%, 0, 0, 2, 17.64
1747821662, 0, 330, 862, 861, 11, 6.22%, 0, 0, 2, 17.37
1747821672, 0, 331, 862, 861, 11, 6.22%, 0, 0, 2, 18.43
1747821677, 0, 332, 862, 861, 11, 6.22%, 0, 0, 2, 18.11
1747821682, 0, 333, 862, 861, 11, 6.22%, 0, 0, 2, 28.12
1747821688, 0, 334, 862, 861, 11, 6.22%, 0, 0, 2, 31.00
1747821693, 0, 334, 863, 862, 11, 6.22%, 0, 0, 2, 30.10
1747821698, 0, 336, 863, 862, 11, 6.22%, 0, 0, 2, 39.30
1747821703, 0, 337, 863, 862, 11, 6.22%, 0, 0, 2, 31.98
1747821708, 0, 341, 863, 862, 11, 6.22%, 0, 0, 2, 30.09
1747821713, 0, 342, 863, 862, 11, 6.22%, 0, 0, 2, 30.25
1747821718, 0, 344, 863, 862, 11, 6.22%, 0, 0, 2, 48.30
1747821723, 0, 345, 863, 862, 11, 6.22%, 0, 0, 2, 41.74
1747821729, 0, 349, 863, 862, 11, 6.22%, 0, 0, 2, 39.49
1747821734, 0, 350, 863, 862, 11, 6.22%, 0, 0, 2, 33.09
1747821739, 0, 353, 863, 862, 11, 6.22%, 0, 0, 2, 31.25
1747821744, 0, 354, 863, 862, 11, 6.22%, 0, 0, 2, 31.61
1747821749, 0, 355, 863, 862, 11, 6.22%, 0, 0, 2, 32.40
1747821754, 0, 357, 863, 862, 11, 6.22%, 0, 0, 2, 41.13
1747821759, 0, 360, 863, 862, 11, 6.22%, 0, 0, 2, 44.34
1747821765, 0, 361, 863, 862, 11, 6.22%, 0, 0, 2, 33.10
1747821770, 0, 363, 863, 862, 11, 6.22%, 0, 0, 2, 44.79
1747821775, 0, 364, 863, 862, 11, 6.22%, 0, 0, 2, 45.28
1747821780, 0, 366, 863, 862, 11, 6.22%, 0, 0, 2, 32.11
1747821785, 0, 368, 864, 863, 11, 6.22%, 0, 0, 2, 29.84
1747821795, 0, 369, 865, 864, 11, 6.22%, 0, 0, 2, 28.31
1747821801, 0, 369, 866, 865, 11, 6.22%, 0, 0, 2, 28.57
1747821806, 0, 369, 867, 866, 11, 6.22%, 0, 0, 2, 29.06
1747821831, 0, 371, 867, 866, 12, 6.22%, 0, 0, 2, 39.49
1747821836, 0, 374, 867, 866, 12, 6.22%, 0, 0, 2, 41.48
1747821841, 0, 375, 867, 866, 12, 6.22%, 0, 0, 2, 32.11
1747821847, 0, 378, 867, 866, 12, 6.22%, 0, 0, 2, 40.66
1747821852, 0, 379, 867, 866, 12, 6.22%, 0, 0, 2, 32.85
1747821857, 0, 380, 867, 866, 12, 6.22%, 0, 0, 2, 31.11
1747821862, 0, 383, 867, 866, 12, 6.22%, 0, 0, 2, 29.92
1747821867, 0, 384, 867, 866, 12, 6.22%, 0, 0, 2, 27.39
1747821872, 0, 385, 867, 866, 12, 6.22%, 0, 0, 2, 25.96
1747821877, 0, 386, 867, 866, 12, 6.22%, 0, 0, 2, 19.80
1747821887, 0, 387, 867, 866, 12, 6.22%, 0, 0, 2, 19.55
1747821893, 0, 389, 867, 866, 12, 6.22%, 0, 0, 2, 18.89
1747821898, 0, 390, 868, 867, 12, 6.47%, 0, 0, 2, 17.67
1747821913, 0, 390, 869, 868, 12, 6.47%, 0, 0, 2, 16.57
1747821928, 0, 392, 869, 868, 12, 6.47%, 0, 0, 2, 17.60
1747821938, 0, 393, 869, 868, 12, 6.47%, 0, 0, 2, 19.59
1747821943, 0, 394, 869, 868, 12, 6.47%, 0, 0, 2, 18.82
1747821949, 0, 395, 869, 868, 12, 6.47%, 0, 0, 2, 17.92
1747821959, 0, 396, 869, 868, 12, 6.47%, 0, 0, 2, 18.12
1747821964, 0, 397, 869, 868, 12, 6.47%, 0, 0, 2, 18.90
1747821969, 0, 398, 869, 868, 12, 6.47%, 0, 0, 2, 19.82
1747821974, 0, 398, 870, 869, 12, 6.47%, 0, 0, 2, 19.42
1747821985, 0, 399, 870, 869, 12, 6.47%, 0, 0, 2, 18.26
1747821990, 0, 400, 870, 869, 12, 6.47%, 0, 0, 2, 20.04
1747821995, 0, 401, 870, 869, 12, 6.47%, 0, 0, 2, 24.91
1747822000, 0, 403, 871, 870, 12, 6.47%, 0, 0, 2, 18.80
1747822015, 0, 404, 871, 870, 11, 6.47%, 0, 0, 2, 17.38
1747822026, 0, 405, 871, 870, 11, 6.47%, 0, 0, 2, 20.03
1747822031, 0, 406, 871, 870, 11, 6.47%, 0, 0, 2, 19.08
1747822036, 0, 407, 871, 870, 11, 6.47%, 0, 0, 2, 18.93
1747822046, 0, 410, 871, 870, 11, 6.47%, 0, 0, 2, 19.89
1747822051, 0, 412, 871, 870, 11, 6.47%, 0, 0, 2, 18.49
1747822056, 0, 414, 871, 870, 11, 6.47%, 0, 0, 2, 17.66
1747822061, 0, 414, 872, 871, 11, 6.48%, 0, 0, 2, 17.04
1747822071, 0, 415, 872, 871, 12, 6.48%, 0, 0, 2, 16.97
1747822082, 0, 415, 874, 873, 12, 6.48%, 0, 0, 2, 16.90
1747822087, 0, 415, 875, 874, 12, 6.48%, 0, 0, 2, 16.78
1747822092, 0, 415, 877, 876, 12, 6.48%, 0, 0, 2, 16.45
1747822097, 0, 415, 878, 877, 12, 6.48%, 0, 0, 2, 16.23
1747822128, 0, 415, 880, 879, 12, 6.48%, 0, 0, 2, 15.99
1747822138, 0, 415, 881, 880, 12, 6.48%, 0, 0, 2, 16.09
1747822153, 0, 415, 882, 881, 12, 6.48%, 0, 0, 2, 16.56
1747822158, 0, 415, 883, 882, 12, 6.48%, 0, 0, 2, 16.56
1747822164, 0, 415, 884, 883, 12, 6.48%, 0, 0, 2, 16.31
1747822189, 0, 415, 885, 884, 12, 6.48%, 0, 0, 2, 16.95
1747822194, 0, 415, 886, 885, 12, 6.48%, 0, 0, 2, 16.70
1747822230, 0, 415, 887, 886, 12, 6.48%, 0, 0, 2, 16.60
1747822256, 0, 415, 888, 887, 12, 6.48%, 0, 0, 2, 16.80
1747822322, 0, 416, 888, 887, 12, 6.48%, 0, 0, 2, 23.86
1747822327, 0, 417, 888, 887, 12, 6.48%, 0, 0, 2, 22.96
1747822333, 0, 418, 888, 887, 12, 6.48%, 0, 0, 2, 18.99
1747822343, 0, 422, 888, 887, 12, 6.48%, 0, 0, 2, 29.14
1747822353, 0, 424, 888, 887, 12, 6.48%, 0, 0, 2, 29.13
1747822358, 0, 424, 890, 889, 12, 6.48%, 0, 0, 2, 19.55
1747822384, 0, 424, 891, 890, 12, 6.48%, 0, 0, 2, 16.53
1747822389, 0, 424, 892, 891, 12, 6.48%, 0, 0, 2, 16.53
1747822399, 0, 424, 893, 892, 12, 6.48%, 0, 0, 2, 16.60
1747822414, 0, 424, 895, 894, 12, 6.48%, 0, 0, 2, 16.34
1747822420, 0, 424, 897, 896, 12, 6.48%, 0, 0, 2, 15.60
1747822440, 0, 424, 898, 897, 12, 6.48%, 0, 0, 2, 16.62
1747822445, 0, 424, 899, 898, 12, 6.48%, 0, 0, 2, 16.29
1747822460, 0, 424, 900, 899, 12, 6.48%, 0, 0, 2, 16.47
1747822481, 0, 424, 901, 900, 12, 6.48%, 0, 0, 2, 16.93
1747822501, 0, 424, 902, 901, 12, 6.48%, 0, 0, 2, 16.50
1747822506, 0, 424, 903, 902, 12, 6.48%, 0, 0, 2, 16.24
1747822511, 0, 424, 905, 904, 12, 6.48%, 0, 0, 2, 16.29
1747822516, 0, 424, 906, 905, 12, 6.48%, 0, 0, 2, 16.12
1747822532, 0, 424, 907, 906, 12, 6.48%, 0, 0, 2, 16.94
1747822583, 0, 424, 908, 907, 12, 6.48%, 0, 0, 2, 16.31
1747822593, 0, 424, 909, 908, 12, 6.48%, 0, 0, 2, 16.17
1747822608, 0, 425, 910, 909, 13, 6.48%, 0, 0, 2, 20.89
1747822614, 0, 426, 910, 909, 13, 6.48%, 0, 0, 2, 23.76
1747822619, 0, 427, 910, 909, 13, 6.48%, 0, 0, 2, 18.71
1747822629, 0, 428, 910, 909, 13, 6.48%, 0, 0, 2, 18.78
1747822634, 0, 431, 910, 909, 13, 6.48%, 0, 0, 2, 17.94
1747822644, 0, 432, 910, 909, 13, 6.48%, 0, 0, 2, 19.13
1747822649, 0, 432, 911, 910, 13, 6.48%, 0, 0, 2, 19.30
1747822655, 0, 434, 911, 910, 13, 6.48%, 0, 0, 2, 27.97
1747822660, 0, 435, 911, 910, 13, 6.48%, 0, 0, 2, 23.64
1747822665, 0, 437, 911, 910, 13, 6.48%, 0, 0, 2, 19.05
1747822675, 0, 438, 911, 910, 13, 6.48%, 0, 0, 2, 18.04
1747822680, 0, 439, 911, 910, 13, 6.48%, 0, 0, 2, 19.08
1747822685, 0, 440, 911, 910, 13, 6.48%, 0, 0, 2, 18.85
1747822695, 0, 443, 911, 910, 13, 6.48%, 0, 0, 2, 29.46
1747822706, 0, 444, 911, 910, 13, 6.48%, 0, 0, 2, 23.84
1747823749, 0, 446, 911, 909, 13, 6.48%, 0, 0, 2, 35.20
1747823754, 0, 448, 911, 909, 13, 6.48%, 0, 0, 2, 38.74
1747823764, 0, 449, 911, 909, 13, 6.48%, 0, 0, 2, 18.58
1747823769, 0, 450, 911, 909, 13, 6.48%, 0, 0, 2, 17.94
1747823780, 0, 452, 911, 909, 13, 6.48%, 0, 0, 2, 18.36
1747823785, 0, 453, 911, 909, 13, 6.48%, 0, 0, 2, 18.30
1747823790, 0, 454, 911, 909, 13, 6.48%, 0, 0, 2, 18.01
1747823800, 0, 455, 911, 909, 13, 6.48%, 0, 0, 2, 18.38
1747823805, 0, 456, 911, 909, 13, 6.48%, 0, 0, 2, 18.94
1747823811, 0, 457, 911, 909, 13, 6.48%, 0, 0, 2, 19.39
1747823821, 0, 459, 911, 909, 13, 6.48%, 0, 0, 2, 18.94
1747823826, 0, 460, 911, 909, 13, 6.48%, 0, 0, 2, 19.70
1747823831, 0, 461, 911, 909, 13, 6.48%, 0, 0, 2, 20.02
1747823841, 0, 462, 911, 909, 13, 6.48%, 0, 0, 2, 20.08
1747823846, 0, 465, 911, 909, 13, 6.48%, 0, 0, 2, 32.65
1747823856, 0, 468, 911, 909, 13, 6.48%, 0, 0, 2, 30.27
1747823867, 0, 469, 911, 909, 13, 6.48%, 0, 0, 2, 20.22
1747823872, 0, 470, 911, 909, 13, 6.48%, 0, 0, 2, 19.23
1747823877, 0, 471, 911, 909, 13, 6.48%, 0, 0, 2, 18.00
1747823887, 0, 472, 911, 909, 13, 6.48%, 0, 0, 2, 17.10
1747823892, 0, 472, 912, 910, 13, 6.48%, 0, 0, 3, 17.24
1747823897, 0, 472, 916, 914, 13, 6.48%, 0, 0, 3, 16.02
1747823903, 0, 472, 918, 916, 13, 6.48%, 0, 0, 3, 16.71
1747823908, 0, 472, 920, 918, 13, 6.48%, 0, 0, 3, 16.40
1747823918, 0, 472, 922, 920, 13, 6.48%, 0, 0, 3, 15.74
1747823943, 0, 472, 923, 921, 13, 6.48%, 0, 0, 3, 16.83
1747824031, 0, 472, 924, 922, 13, 6.48%, 0, 0, 3, 16.66
1747824056, 0, 472, 925, 923, 13, 6.48%, 0, 0, 3, 15.88
1747824113, 0, 472, 926, 924, 13, 6.48%, 0, 0, 3, 16.92
1747824139, 0, 473, 927, 925, 15, 6.48%, 0, 0, 3, 16.52
1747824144, 0, 473, 928, 926, 15, 6.48%, 0, 0, 3, 16.79
1747824149, 0, 473, 929, 927, 15, 6.48%, 0, 0, 3, 16.66
1747824164, 0, 473, 930, 928, 15, 6.48%, 0, 0, 3, 16.54
1747824169, 0, 473, 933, 931, 15, 6.48%, 0, 0, 3, 15.31
1747824180, 0, 473, 934, 932, 15, 6.48%, 0, 0, 3, 16.76
1747824185, 0, 473, 935, 933, 15, 6.48%, 0, 0, 3, 16.51
1747824190, 0, 473, 936, 934, 15, 6.48%, 0, 0, 3, 16.80
1747824210, 0, 473, 937, 935, 15, 6.48%, 0, 0, 3, 16.44
1747824215, 0, 473, 938, 936, 15, 6.48%, 0, 0, 3, 16.23
1747824236, 0, 473, 939, 937, 15, 6.48%, 0, 0, 3, 16.22
1747824251, 0, 473, 940, 938, 15, 6.48%, 0, 0, 3, 16.59
1747824277, 0, 473, 941, 939, 15, 6.48%, 0, 0, 3, 16.62
1747824287, 0, 473, 942, 940, 15, 6.48%, 0, 0, 3, 16.95
1747824343, 0, 473, 943, 941, 15, 6.48%, 0, 0, 3, 16.36
1747824390, 0, 474, 943, 941, 16, 6.48%, 0, 0, 3, 17.13
1747824395, 0, 474, 944, 942, 16, 6.48%, 0, 0, 3, 16.75
1747824405, 0, 475, 946, 944, 16, 6.48%, 0, 0, 3, 15.79
1747824415, 0, 475, 947, 945, 16, 6.49%, 0, 0, 3, 16.83
1747824430, 0, 475, 948, 946, 16, 6.49%, 0, 0, 3, 16.64
1747824503, 0, 475, 949, 947, 16, 6.49%, 0, 0, 3, 17.24
1747824559, 0, 475, 950, 948, 16, 6.49%, 0, 0, 3, 16.52
1747824620, 0, 475, 951, 949, 16, 6.49%, 0, 0, 3, 17.56
1747824651, 0, 476, 951, 949, 14, 6.49%, 0, 0, 3, 18.92
1747824656, 0, 477, 951, 949, 14, 6.49%, 0, 0, 3, 18.31
1747824661, 0, 478, 951, 949, 14, 6.49%, 0, 0, 3, 18.07
1747824671, 0, 479, 951, 949, 14, 6.49%, 0, 0, 3, 16.85
1747824676, 0, 480, 951, 949, 14, 6.49%, 0, 0, 3, 17.51
1747824687, 0, 481, 952, 950, 14, 6.49%, 0, 0, 3, 16.84
1747824702, 0, 482, 952, 950, 14, 6.49%, 0, 0, 3, 17.87
1747824707, 0, 483, 952, 950, 14, 6.49%, 0, 0, 3, 18.45
1747824712, 0, 484, 952, 950, 14, 6.49%, 0, 0, 3, 18.70
1747824717, 0, 484, 953, 951, 14, 6.49%, 0, 0, 3, 17.27
1747824728, 0, 485, 953, 951, 14, 6.49%, 0, 0, 3, 19.95
1747824733, 0, 486, 953, 951, 14, 6.49%, 0, 0, 3, 24.90
1747824738, 0, 487, 953, 951, 14, 6.49%, 0, 0, 3, 20.19
1747824748, 0, 488, 953, 951, 14, 6.49%, 0, 0, 3, 18.67
1747824753, 0, 490, 953, 951, 14, 6.49%, 0, 0, 3, 19.27
1747824758, 0, 491, 953, 951, 14, 6.49%, 0, 0, 3, 19.37
1747824768, 0, 493, 953, 951, 14, 6.49%, 0, 0, 3, 16.78
1747824773, 0, 494, 953, 951, 14, 6.49%, 0, 0, 3, 16.93
1747824784, 0, 497, 953, 951, 14, 6.49%, 0, 0, 3, 18.78
1747824789, 0, 499, 953, 951, 14, 6.49%, 0, 0, 3, 19.69
1747824794, 0, 500, 953, 951, 14, 6.49%, 0, 0, 3, 25.31
1747824799, 0, 501, 954, 952, 14, 6.49%, 0, 0, 3, 23.38
1747824814, 0, 502, 954, 952, 14, 6.49%, 0, 0, 3, 16.75
1747824820, 0, 503, 954, 952, 14, 6.49%, 0, 0, 3, 17.46
1747824830, 0, 504, 954, 952, 14, 6.49%, 0, 0, 3, 18.64
1747824835, 0, 505, 954, 952, 14, 6.49%, 0, 0, 3, 28.00
1747824840, 0, 506, 954, 952, 14, 6.49%, 0, 0, 3, 23.00
1747824845, 0, 506, 955, 953, 14, 6.49%, 0, 0, 3, 18.39
1747824855, 0, 508, 955, 953, 14, 6.49%, 0, 0, 3, 17.87
1747824860, 0, 509, 955, 953, 14, 6.49%, 0, 0, 3, 17.94
1747824865, 0, 509, 957, 955, 14, 6.50%, 0, 0, 3, 16.13
1747824871, 0, 509, 959, 957, 14, 6.50%, 0, 0, 3, 16.12
1747824896, 0, 509, 961, 959, 14, 6.50%, 0, 0, 3, 15.82
1747824907, 0, 509, 962, 960, 14, 6.50%, 0, 0, 3, 16.34
1747824973, 0, 509, 963, 961, 14, 6.50%, 0, 0, 3, 16.45
1747824999, 0, 509, 964, 962, 14, 6.50%, 0, 0, 3, 15.92
1747825014, 0, 509, 965, 963, 14, 6.50%, 0, 0, 3, 15.78
1747825019, 0, 509, 966, 964, 14, 6.50%, 0, 0, 3, 15.53
1747825050, 0, 509, 967, 965, 14, 6.50%, 0, 0, 3, 15.85
1747825086, 0, 509, 968, 966, 14, 6.50%, 0, 0, 3, 15.92
1747825116, 0, 510, 969, 967, 13, 6.50%, 0, 0, 3, 18.46
1747825121, 0, 511, 969, 967, 13, 6.50%, 0, 0, 3, 18.53
1747825127, 0, 512, 969, 967, 13, 6.50%, 0, 0, 3, 17.88
1747825137, 0, 512, 970, 968, 13, 6.50%, 0, 0, 3, 15.92
1747825142, 0, 512, 971, 969, 13, 6.50%, 0, 0, 3, 15.83
1747825147, 0, 512, 974, 972, 13, 6.96%, 0, 0, 3, 16.11
1747825152, 0, 512, 977, 975, 13, 6.96%, 0, 0, 3, 15.57
1747825157, 0, 512, 980, 978, 13, 6.96%, 0, 0, 3, 15.04
1747825162, 0, 512, 983, 981, 13, 6.96%, 0, 0, 3, 14.99
1747825167, 0, 512, 985, 983, 13, 6.96%, 0, 0, 3, 15.57
1747825183, 0, 512, 986, 984, 13, 6.96%, 0, 0, 3, 15.88
1747825188, 0, 512, 987, 985, 13, 6.96%, 0, 0, 3, 16.24
1747825193, 0, 512, 988, 986, 13, 6.96%, 0, 0, 3, 16.32
1747825198, 0, 512, 990, 988, 13, 6.96%, 0, 0, 3, 15.24
1747825203, 0, 512, 991, 989, 13, 6.96%, 0, 0, 3, 15.91
1747825214, 0, 512, 992, 990, 13, 6.96%, 0, 0, 3, 15.94
1747825224, 0, 512, 993, 991, 13, 6.96%, 0, 0, 3, 15.81
1747825234, 0, 512, 994, 992, 13, 6.96%, 0, 0, 3, 15.72
1747825250, 0, 512, 995, 993, 13, 6.96%, 0, 0, 3, 16.28
1747825255, 0, 512, 996, 994, 13, 6.96%, 0, 0, 3, 15.83
1747825270, 0, 512, 997, 995, 13, 6.96%, 0, 0, 3, 16.29
1747825275, 0, 512, 998, 996, 13, 6.96%, 0, 0, 3, 15.82
1747825301, 0, 512, 999, 997, 13, 6.96%, 0, 0, 3, 16.06
1747825331, 0, 512, 1000, 998, 13, 6.96%, 0, 0, 3, 16.69
1747825362, 0, 512, 1002, 1000, 13, 6.96%, 0, 0, 3, 15.30
1747825398, 0, 514, 1002, 1000, 18, 6.96%, 0, 0, 3, 18.63
1747825403, 0, 515, 1002, 1000, 18, 6.96%, 0, 0, 3, 18.61
1747825413, 0, 518, 1002, 1000, 18, 6.96%, 0, 0, 3, 19.26
1747825418, 0, 521, 1002, 1000, 18, 6.96%, 0, 0, 3, 19.78
1747825424, 0, 522, 1002, 1000, 18, 6.96%, 0, 0, 3, 18.07
1747825434, 0, 524, 1002, 1000, 18, 6.96%, 0, 0, 3, 19.61
1747825439, 0, 525, 1002, 1000, 18, 6.96%, 0, 0, 3, 17.78
1747825444, 0, 525, 1003, 1001, 18, 6.96%, 0, 0, 3, 16.68
1747825454, 0, 527, 1003, 1001, 18, 6.96%, 0, 0, 3, 30.18
1747825459, 0, 529, 1003, 1001, 18, 6.96%, 0, 0, 3, 30.01
1747825470, 0, 532, 1003, 1001, 18, 6.96%, 0, 0, 3, 27.11
1747825480, 0, 533, 1003, 1001, 18, 6.96%, 0, 0, 3, 20.00
1747825485, 0, 535, 1003, 1001, 18, 6.96%, 0, 0, 3, 31.11
1747825495, 0, 537, 1003, 1001, 18, 6.96%, 0, 0, 3, 18.24
1747825500, 0, 538, 1003, 1001, 18, 6.96%, 0, 0, 3, 18.30
1747825506, 0, 540, 1003, 1001, 18, 6.96%, 0, 0, 3, 19.36
1747825516, 0, 542, 1003, 1001, 18, 6.96%, 0, 0, 3, 16.58
1747825521, 0, 542, 1004, 1002, 18, 6.96%, 0, 0, 3, 15.61
1747825526, 0, 542, 1006, 1004, 18, 6.96%, 0, 0, 3, 15.64
1747825536, 0, 542, 1008, 1006, 18, 6.96%, 0, 0, 3, 15.21
1747825541, 0, 542, 1009, 1007, 18, 6.96%, 0, 0, 3, 15.28
1747825546, 0, 542, 1010, 1008, 18, 6.96%, 0, 0, 3, 15.55
1747825582, 0, 542, 1011, 1009, 18, 6.96%, 0, 0, 3, 16.05
1747825597, 0, 542, 1012, 1010, 18, 6.96%, 0, 0, 3, 16.12
1747825613, 0, 542, 1013, 1011, 18, 6.96%, 0, 0, 3, 15.75
1747825618, 0, 542, 1014, 1012, 18, 6.96%, 0, 0, 3, 16.25
1747825649, 0, 542, 1015, 1013, 18, 6.96%, 0, 0, 3, 15.98
1747825664, 0, 542, 1017, 1015, 18, 6.96%, 0, 0, 3, 15.54
1747825674, 0, 542, 1018, 1016, 18, 6.96%, 0, 0, 3, 16.81
1747825700, 0, 542, 1019, 1017, 18, 7.07%, 0, 0, 3, 16.18
1747825767, 0, 542, 1020, 1018, 18, 7.07%, 0, 0, 3, 16.10
1747825777, 0, 543, 1020, 1018, 16, 7.07%, 0, 0, 3, 19.16
1747825782, 0, 544, 1020, 1018, 16, 7.07%, 0, 0, 3, 19.59
1747825787, 0, 545, 1021, 1019, 16, 7.20%, 0, 0, 3, 17.33
1747825792, 0, 545, 1022, 1020, 16, 7.20%, 0, 0, 3, 16.14
1747825797, 0, 545, 1023, 1021, 16, 7.20%, 0, 0, 3, 16.43
1747825802, 0, 545, 1024, 1022, 16, 7.20%, 0, 0, 3, 16.14
1747825813, 0, 545, 1025, 1023, 16, 7.20%, 0, 0, 3, 16.14
1747825818, 0, 545, 1026, 1024, 16, 7.20%, 0, 0, 3, 15.25
1747825823, 0, 545, 1027, 1025, 16, 7.20%, 0, 0, 3, 15.63
1747825838, 0, 545, 1028, 1026, 16, 7.20%, 0, 0, 3, 15.91
1747825843, 0, 545, 1030, 1028, 16, 7.20%, 0, 0, 3, 15.61
1747825859, 0, 545, 1031, 1029, 16, 7.20%, 0, 0, 3, 15.59
1747825869, 0, 545, 1033, 1031, 16, 7.20%, 0, 0, 3, 15.40
1747825905, 0, 545, 1034, 1032, 16, 7.21%, 0, 0, 3, 15.43
1747825986, 0, 545, 1035, 1033, 16, 7.21%, 0, 0, 3, 15.75
1747826053, 0, 546, 1035, 1033, 18, 7.21%, 0, 0, 3, 28.50
1747826058, 0, 547, 1036, 1034, 18, 7.21%, 0, 0, 3, 19.18
1747826063, 0, 547, 1037, 1035, 18, 7.21%, 0, 0, 3, 16.19
1747826068, 0, 547, 1038, 1036, 18, 7.21%, 0, 0, 3, 15.67
1747826078, 0, 547, 1040, 1038, 18, 7.21%, 0, 0, 3, 15.31
1747826089, 0, 547, 1041, 1039, 18, 7.21%, 0, 0, 3, 15.50
1747826094, 0, 547, 1042, 1040, 18, 7.21%, 0, 0, 3, 15.48
1747826099, 0, 547, 1043, 1041, 18, 7.21%, 0, 0, 3, 15.67
1747826104, 0, 547, 1044, 1042, 18, 7.45%, 0, 0, 3, 15.16
1747826114, 0, 547, 1045, 1043, 18, 7.45%, 0, 0, 3, 15.80
1747826160, 0, 547, 1046, 1044, 18, 7.45%, 0, 0, 3, 16.86
1747826170, 0, 547, 1047, 1045, 18, 7.46%, 0, 0, 3, 15.10
1747826222, 0, 547, 1048, 1046, 18, 7.46%, 0, 0, 3, 15.79
1747826227, 0, 547, 1049, 1047, 18, 7.46%, 0, 0, 3, 15.30
1747826237, 0, 547, 1050, 1048, 18, 7.46%, 0, 0, 3, 15.85
1747826252, 0, 547, 1052, 1050, 18, 7.49%, 0, 0, 3, 15.60
1747826262, 0, 547, 1053, 1051, 18, 7.50%, 0, 0, 3, 15.46
1747826318, 0, 547, 1054, 1052, 18, 7.50%, 0, 0, 3, 15.36
1747826323, 0, 548, 1054, 1052, 18, 7.50%, 0, 0, 3, 17.58
1747826328, 0, 549, 1054, 1052, 18, 7.50%, 0, 0, 3, 27.77
1747826333, 0, 550, 1054, 1052, 18, 7.50%, 0, 0, 3, 22.35
1747826338, 0, 551, 1054, 1052, 18, 7.50%, 0, 0, 3, 18.39
1747826344, 0, 551, 1055, 1053, 18, 7.50%, 0, 0, 3, 16.68
1747826354, 0, 554, 1055, 1053, 18, 7.50%, 0, 0, 3, 16.68
1747826364, 0, 556, 1055, 1053, 18, 7.50%, 0, 0, 3, 19.70
1747826369, 0, 560, 1056, 1054, 18, 7.52%, 0, 0, 3, 17.88
1747826374, 0, 560, 1058, 1056, 18, 7.57%, 0, 0, 3, 15.77
1747826384, 0, 560, 1059, 1057, 18, 7.57%, 0, 0, 3, 14.73
1747826390, 0, 560, 1060, 1058, 18, 7.57%, 0, 0, 3, 15.22
1747826395, 0, 560, 1061, 1059, 18, 7.57%, 0, 0, 3, 15.62
1747826400, 0, 560, 1063, 1061, 18, 7.58%, 0, 0, 3, 15.43
1747826405, 0, 560, 1064, 1062, 18, 7.58%, 0, 0, 3, 15.19
1747826410, 0, 560, 1065, 1063, 18, 7.58%, 0, 0, 3, 16.16
1747826415, 0, 560, 1066, 1064, 18, 7.58%, 0, 0, 3, 15.56
1747826446, 0, 560, 1067, 1065, 18, 7.58%, 0, 0, 3, 15.03
1747826461, 0, 560, 1068, 1066, 18, 7.58%, 0, 0, 3, 15.88
1747826492, 0, 560, 1069, 1067, 18, 7.58%, 0, 0, 3, 15.49
1747826508, 0, 560, 1070, 1068, 18, 7.58%, 0, 0, 3, 15.59
1747826513, 0, 560, 1071, 1069, 18, 7.58%, 0, 0, 3, 15.06
1747826528, 0, 560, 1072, 1070, 18, 7.58%, 0, 0, 3, 15.33
1747826564, 0, 560, 1073, 1071, 18, 7.58%, 0, 0, 3, 14.87
1747826610, 0, 560, 1074, 1072, 18, 7.58%, 0, 0, 3, 15.25
1747826626, 0, 560, 1075, 1073, 18, 7.58%, 0, 0, 3, 15.13
1747826641, 0, 562, 1075, 1073, 20, 7.58%, 0, 0, 3, 19.27
1747826646, 0, 565, 1075, 1073, 20, 7.58%, 0, 0, 3, 29.34
1747826657, 0, 566, 1075, 1073, 20, 7.58%, 0, 0, 3, 16.60
1747826662, 0, 566, 1076, 1074, 20, 7.58%, 0, 0, 3, 16.30
1747826672, 0, 566, 1077, 1075, 20, 7.58%, 0, 0, 3, 15.75
1747826687, 0, 566, 1078, 1076, 20, 7.58%, 0, 0, 3, 15.92
1747826718, 0, 566, 1079, 1077, 20, 7.58%, 0, 0, 3, 15.56
1747826728, 0, 566, 1080, 1078, 20, 7.58%, 0, 0, 3, 15.44
1747826734, 0, 566, 1081, 1079, 20, 7.58%, 0, 0, 3, 15.10
1747826739, 0, 566, 1083, 1081, 20, 7.58%, 0, 0, 3, 14.14
1747826759, 0, 566, 1084, 1082, 20, 7.58%, 0, 0, 3, 15.49
1747826836, 0, 566, 1085, 1083, 20, 7.58%, 0, 0, 3, 15.42
1747826918, 0, 567, 1085, 1083, 20, 7.58%, 0, 0, 3, 15.36
1747826923, 0, 567, 1089, 1087, 20, 7.58%, 0, 0, 3, 13.85
1747826928, 0, 567, 1090, 1088, 20, 7.58%, 0, 0, 3, 15.76
1747826933, 0, 567, 1092, 1090, 20, 7.58%, 0, 0, 3, 15.66
1747826939, 0, 567, 1093, 1091, 20, 7.58%, 0, 0, 3, 15.32
1747826949, 0, 567, 1094, 1092, 20, 7.58%, 0, 0, 3, 15.64
1747826990, 0, 567, 1096, 1094, 20, 7.58%, 0, 0, 3, 15.71
1747826995, 0, 567, 1097, 1095, 20, 7.58%, 0, 0, 3, 15.30
1747827057, 0, 567, 1098, 1096, 20, 7.58%, 0, 0, 3, 15.22
1747827072, 0, 567, 1099, 1097, 20, 7.58%, 0, 0, 3, 15.13
1747827113, 0, 567, 1100, 1098, 20, 7.58%, 0, 0, 3, 15.96
1747827119, 0, 567, 1101, 1099, 20, 7.58%, 0, 0, 3, 15.33
1747827174, 0, 567, 1102, 1100, 20, 7.59%, 0, 0, 3, 14.84
1747827190, 0, 568, 1103, 1101, 20, 7.59%, 0, 0, 3, 14.95
1747827195, 0, 568, 1104, 1102, 20, 7.59%, 0, 0, 3, 15.35
1747827200, 0, 568, 1105, 1103, 20, 7.59%, 0, 0, 3, 15.79
1747827205, 0, 568, 1106, 1104, 20, 7.59%, 0, 0, 3, 15.23
1747827215, 0, 568, 1107, 1105, 20, 7.59%, 0, 0, 3, 15.32
1747827246, 0, 568, 1108, 1106, 20, 7.59%, 0, 0, 3, 15.37
1747827251, 0, 568, 1109, 1107, 20, 7.59%, 0, 0, 3, 14.96
1747827267, 0, 568, 1110, 1108, 20, 7.59%, 0, 0, 3, 15.31
1747827287, 0, 568, 1111, 1109, 20, 7.60%, 0, 0, 3, 14.78
1747827297, 0, 568, 1112, 1110, 20, 7.60%, 0, 0, 3, 15.58
1747827333, 0, 568, 1113, 1111, 20, 7.60%, 0, 0, 3, 27.19
1747827338, 0, 568, 1115, 1113, 20, 7.60%, 0, 0, 3, 24.78
1747827343, 0, 568, 1116, 1114, 20, 7.60%, 0, 0, 3, 26.33
1747827348, 0, 568, 1117, 1115, 20, 7.60%, 0, 0, 3, 26.45
1747827359, 0, 568, 1118, 1116, 20, 7.60%, 0, 0, 3, 25.40
1747827374, 0, 568, 1119, 1117, 20, 7.60%, 0, 0, 3, 25.19
1747827394, 0, 569, 1121, 1119, 19, 7.71%, 0, 0, 3, 25.81
1747827399, 0, 569, 1124, 1122, 19, 7.71%, 0, 0, 3, 23.83
1747827404, 0, 569, 1126, 1124, 19, 7.71%, 0, 0, 3, 24.31
1747827410, 0, 569, 1128, 1126, 19, 7.71%, 0, 0, 3, 23.97
1747827415, 0, 569, 1130, 1128, 19, 7.71%, 0, 0, 3, 24.40
1747827420, 0, 569, 1131, 1129, 19, 7.71%, 0, 0, 3, 25.30
1747827430, 0, 569, 1133, 1131, 19, 7.71%, 0, 0, 3, 25.09
1747827435, 0, 569, 1134, 1132, 19, 7.71%, 0, 0, 3, 25.61
1747827451, 0, 569, 1135, 1133, 19, 7.71%, 0, 0, 3, 27.09
1747827461, 0, 569, 1136, 1134, 19, 7.71%, 0, 0, 3, 25.72
1747827471, 0, 569, 1137, 1135, 19, 7.71%, 0, 0, 3, 27.13
1747827512, 0, 569, 1138, 1136, 19, 7.71%, 0, 0, 3, 26.76
1747827517, 0, 569, 1139, 1137, 19, 7.73%, 0, 0, 3, 27.05
1747827532, 0, 569, 1140, 1138, 19, 7.73%, 0, 0, 3, 26.89
1747827537, 0, 569, 1141, 1139, 19, 7.73%, 0, 0, 3, 26.43
1747827542, 0, 569, 1142, 1140, 19, 7.73%, 0, 0, 3, 26.37
1747827547, 0, 569, 1143, 1141, 19, 7.73%, 0, 0, 3, 25.78
1747827552, 0, 569, 1144, 1142, 19, 7.73%, 0, 0, 3, 25.32
1747827557, 0, 569, 1145, 1143, 19, 7.73%, 0, 0, 3, 24.67
1747827563, 0, 570, 1146, 1144, 19, 7.73%, 0, 0, 3, 26.35
1747827568, 0, 571, 1146, 1144, 19, 7.73%, 0, 0, 3, 26.63
1747827573, 0, 571, 1148, 1146, 19, 7.73%, 0, 0, 3, 24.93
1747827578, 0, 571, 1149, 1147, 19, 7.73%, 0, 0, 3, 23.95
1747827583, 0, 571, 1150, 1148, 19, 7.73%, 0, 0, 3, 24.69
1747827588, 0, 571, 1151, 1149, 19, 7.73%, 0, 0, 3, 24.53
1747827598, 0, 571, 1152, 1150, 19, 7.73%, 0, 0, 3, 25.39
1747827619, 0, 571, 1153, 1151, 19, 7.73%, 0, 0, 3, 26.14
1747827634, 0, 571, 1155, 1153, 19, 7.73%, 0, 0, 3, 24.91
1747827695, 0, 571, 1156, 1154, 19, 7.73%, 0, 0, 3, 24.41
1747827710, 0, 571, 1157, 1155, 19, 7.73%, 0, 0, 3, 24.75
1747827716, 0, 571, 1158, 1156, 19, 7.73%, 0, 0, 3, 24.68
1747827731, 0, 572, 1158, 1156, 18, 7.73%, 0, 0, 3, 27.01
1747827736, 0, 573, 1159, 1157, 18, 7.73%, 0, 0, 3, 25.82
1747827741, 0, 573, 1160, 1158, 18, 7.73%, 0, 0, 3, 26.63
1747827756, 0, 575, 1161, 1159, 18, 7.73%, 0, 0, 3, 25.64
1747827761, 0, 575, 1162, 1160, 18, 7.73%, 0, 0, 3, 25.04
1747827772, 0, 575, 1163, 1161, 18, 7.73%, 0, 0, 3, 24.33
1747827787, 0, 575, 1164, 1162, 18, 7.73%, 0, 0, 3, 25.65
1747827807, 0, 575, 1165, 1163, 18, 7.73%, 0, 0, 3, 26.36
1747827813, 0, 575, 1167, 1165, 18, 7.73%, 0, 0, 3, 24.77
1747827828, 0, 575, 1168, 1166, 18, 7.73%, 0, 0, 3, 24.66
1747827838, 0, 575, 1169, 1167, 18, 7.73%, 0, 0, 3, 25.06
1747827853, 0, 575, 1171, 1169, 18, 7.73%, 0, 0, 3, 13.94
1747827874, 0, 575, 1172, 1170, 18, 7.73%, 0, 0, 3, 14.60
1747827899, 0, 575, 1173, 1171, 18, 7.73%, 0, 0, 3, 15.01
1747827909, 0, 575, 1174, 1172, 18, 7.73%, 0, 0, 3, 15.20
1747827925, 0, 575, 1175, 1173, 18, 7.73%, 0, 0, 3, 14.87
1747827935, 0, 575, 1176, 1174, 18, 7.73%, 0, 0, 3, 15.68
1747827945, 0, 575, 1177, 1175, 18, 7.73%, 0, 0, 3, 14.78
1747827956, 0, 575, 1178, 1176, 18, 7.73%, 0, 0, 3, 15.09
1747827976, 0, 576, 1179, 1177, 18, 7.73%, 0, 0, 3, 15.07
1747827986, 0, 576, 1180, 1178, 18, 7.73%, 0, 0, 3, 15.88
1747827991, 0, 576, 1181, 1179, 18, 7.73%, 0, 0, 3, 14.46
1747828048, 0, 577, 1181, 1179, 18, 7.73%, 0, 0, 3, 19.27
1747828053, 0, 578, 1183, 1181, 18, 7.73%, 0, 0, 3, 15.17
1747828069, 0, 578, 1184, 1182, 18, 7.73%, 0, 0, 3, 15.17
1747828074, 0, 578, 1185, 1183, 18, 7.73%, 0, 0, 3, 15.00
1747828079, 0, 578, 1187, 1185, 18, 7.75%, 0, 0, 3, 14.21
1747828094, 0, 578, 1188, 1186, 18, 7.75%, 0, 0, 3, 15.00
1747828104, 0, 578, 1190, 1188, 18, 7.75%, 0, 0, 3, 13.94
1747828119, 0, 578, 1191, 1189, 18, 7.75%, 0, 0, 3, 14.58
1747828135, 0, 578, 1192, 1190, 18, 7.75%, 0, 0, 3, 14.79
1747828329, 0, 579, 1192, 1190, 18, 7.75%, 0, 0, 3, 15.25
1747828334, 0, 580, 1192, 1190, 18, 7.75%, 0, 0, 3, 15.52
1747828339, 0, 580, 1194, 1192, 18, 7.75%, 0, 0, 3, 13.90
1747828345, 0, 580, 1195, 1193, 18, 7.75%, 0, 0, 3, 14.63
1747828350, 0, 580, 1196, 1194, 18, 7.75%, 0, 0, 3, 15.03
1747828370, 0, 580, 1197, 1195, 18, 7.75%, 0, 0, 3, 15.02
1747828411, 0, 580, 1198, 1196, 18, 7.76%, 0, 0, 3, 14.24
1747828509, 0, 580, 1199, 1197, 18, 7.76%, 0, 0, 3, 14.75
1747828607, 0, 581, 1199, 1197, 19, 7.76%, 0, 0, 3, 15.51
1747828617, 0, 582, 1199, 1197, 19, 7.76%, 0, 0, 3, 15.60
1747828622, 0, 582, 1200, 1198, 19, 7.76%, 0, 0, 3, 13.99
1747828632, 0, 582, 1201, 1199, 19, 8.00%, 0, 0, 3, 14.08
1747828637, 0, 582, 1204, 1202, 19, 8.00%, 0, 0, 3, 12.87
1747828668, 0, 582, 1205, 1203, 19, 8.02%, 0, 0, 3, 15.08
1747828678, 0, 582, 1206, 1204, 19, 8.03%, 0, 0, 3, 14.13
1747828699, 0, 582, 1207, 1205, 19, 8.04%, 0, 0, 3, 13.69
1747828796, 0, 582, 1208, 1206, 19, 8.04%, 0, 0, 3, 14.03
1747828807, 0, 582, 1209, 1207, 19, 8.04%, 0, 0, 3, 14.47
1747828853, 0, 582, 1210, 1208, 19, 8.04%, 0, 0, 3, 14.24
1747828863, 0, 582, 1211, 1209, 19, 8.04%, 0, 0, 3, 15.37
1747828899, 0, 587, 1211, 1209, 22, 8.04%, 0, 0, 3, 24.74
1747828909, 0, 588, 1211, 1209, 22, 8.04%, 0, 0, 3, 15.46
1747828914, 0, 589, 1211, 1209, 22, 8.04%, 0, 0, 3, 15.07
1747828920, 0, 589, 1213, 1211, 22, 8.04%, 0, 0, 3, 13.38
1747828930, 0, 589, 1214, 1212, 22, 8.04%, 0, 0, 3, 14.35
1747828945, 0, 589, 1215, 1213, 22, 8.04%, 0, 0, 3, 13.77
1747828976, 0, 589, 1217, 1215, 22, 8.04%, 0, 0, 3, 13.75
1747828981, 0, 589, 1217, 1215, 22, 8.04%, 0, 3, 3, 1.28
1747828987, 0, 589, 1217, 1215, 22, 8.04%, 0, 5, 3, 1.14
1747828993, 0, 589, 1217, 1215, 22, 8.04%, 0, 6, 3, 1.06
1747829003, 0, 589, 1219, 1217, 22, 8.04%, 0, 6, 3, 13.55
1747829013, 0, 589, 1220, 1218, 22, 8.04%, 0, 6, 3, 13.70
1747829018, 0, 589, 1221, 1219, 22, 8.04%, 0, 6, 3, 14.32
1747829059, 0, 589, 1222, 1220, 22, 8.04%, 0, 6, 3, 13.71
1747829075, 0, 589, 1223, 1221, 22, 8.04%, 0, 6, 3, 14.27
1747829080, 0, 589, 1224, 1222, 22, 8.04%, 0, 6, 3, 14.86
1747829085, 0, 589, 1225, 1223, 22, 8.04%, 0, 6, 3, 23.00
1747829105, 0, 589, 1226, 1224, 22, 8.04%, 0, 6, 3, 24.94
1747829120, 0, 589, 1228, 1226, 22, 8.04%, 0, 6, 3, 24.30
1747829131, 0, 589, 1229, 1227, 22, 8.04%, 0, 6, 3, 24.66
1747829151, 0, 589, 1230, 1228, 22, 8.04%, 0, 6, 3, 24.71
1747829166, 0, 593, 1230, 1228, 22, 8.04%, 0, 6, 3, 32.34
1747829172, 0, 594, 1231, 1229, 22, 8.04%, 0, 6, 3, 28.09
1747829177, 0, 594, 1232, 1230, 22, 8.04%, 0, 6, 3, 25.65
1747829192, 0, 595, 1232, 1230, 22, 8.04%, 0, 6, 3, 24.74
1747829197, 0, 596, 1232, 1230, 22, 8.04%, 0, 6, 3, 28.87
1747829202, 0, 597, 1232, 1230, 22, 8.04%, 0, 6, 3, 28.23
1747829207, 0, 598, 1232, 1230, 22, 8.04%, 0, 6, 3, 31.30
1747829212, 0, 599, 1232, 1230, 22, 8.04%, 0, 6, 3, 28.07
1747829217, 0, 600, 1234, 1232, 22, 8.05%, 0, 6, 3, 25.01
1747829223, 0, 600, 1235, 1233, 22, 8.05%, 0, 6, 3, 23.58
1747829228, 0, 600, 1236, 1234, 22, 8.05%, 0, 6, 3, 24.15
1747829258, 0, 600, 1237, 1235, 22, 8.05%, 0, 6, 3, 25.62
1747829279, 0, 600, 1239, 1237, 22, 8.05%, 0, 6, 3, 24.24
1747829284, 0, 600, 1240, 1238, 22, 8.05%, 0, 6, 3, 23.93
1747829304, 0, 600, 1241, 1239, 22, 8.05%, 0, 6, 3, 24.44
1747829315, 0, 600, 1242, 1240, 22, 8.05%, 0, 6, 3, 24.99
1747829325, 0, 600, 1243, 1241, 22, 8.05%, 0, 6, 3, 23.52
1747829330, 0, 600, 1244, 1242, 22, 8.05%, 0, 6, 3, 23.46
1747829340, 0, 600, 1245, 1243, 22, 8.05%, 0, 6, 3, 23.93
1747829350, 0, 600, 1246, 1244, 22, 8.05%, 0, 6, 3, 18.24
1747829371, 0, 600, 1248, 1246, 22, 8.05%, 0, 6, 3, 14.15
1747829412, 0, 601, 1249, 1247, 23, 8.05%, 0, 6, 3, 14.25
1747829417, 0, 601, 1251, 1249, 23, 8.05%, 0, 6, 3, 13.48
1747829422, 0, 601, 1253, 1251, 23, 8.05%, 0, 6, 3, 12.51
1747829448, 0, 601, 1254, 1252, 23, 8.05%, 0, 6, 3, 14.53
1747829473, 0, 601, 1255, 1253, 23, 8.05%, 0, 6, 3, 14.91
1747829479, 0, 601, 1256, 1254, 23, 8.05%, 0, 6, 3, 14.62
1747829504, 0, 601, 1257, 1255, 23, 8.05%, 0, 6, 3, 13.62
1747829555, 0, 601, 1258, 1256, 23, 8.06%, 0, 6, 3, 15.03
1747829617, 0, 601, 1259, 1257, 23, 8.06%, 0, 6, 3, 13.32
1747829622, 0, 601, 1260, 1258, 23, 8.06%, 0, 6, 3, 13.89
1747829632, 0, 601, 1261, 1259, 23, 8.06%, 0, 6, 3, 13.51
1747829653, 0, 601, 1262, 1260, 23, 8.06%, 0, 6, 3, 14.52
1747829673, 0, 601, 1264, 1262, 23, 8.06%, 0, 6, 3, 13.39
1747829693, 0, 601, 1265, 1263, 23, 8.06%, 0, 6, 3, 15.39
1747829704, 0, 602, 1266, 1264, 24, 8.06%, 0, 6, 3, 14.42
1747829709, 0, 602, 1267, 1265, 24, 8.06%, 0, 6, 3, 13.26
1747829714, 0, 602, 1268, 1266, 24, 8.06%, 0, 6, 3, 13.79
1747829734, 0, 602, 1269, 1267, 24, 8.06%, 0, 6, 3, 13.08
1747829739, 0, 602, 1271, 1269, 24, 8.07%, 0, 6, 3, 12.24
1747829744, 0, 602, 1272, 1270, 24, 8.07%, 0, 6, 3, 12.43
1747829755, 0, 602, 1273, 1271, 24, 8.07%, 0, 6, 3, 13.28
1747829796, 0, 602, 1274, 1272, 24, 8.07%, 0, 6, 3, 14.34
1747829806, 0, 602, 1275, 1273, 24, 8.07%, 0, 6, 3, 14.90
1747829816, 0, 602, 1276, 1274, 24, 8.07%, 0, 6, 3, 13.73
1747829842, 0, 602, 1277, 1275, 24, 8.07%, 0, 6, 3, 14.71
1747829857, 0, 602, 1278, 1276, 24, 8.07%, 0, 6, 3, 12.67
1747829878, 0, 602, 1279, 1277, 24, 8.07%, 0, 6, 3, 14.02
1747829883, 0, 602, 1280, 1278, 24, 8.07%, 0, 6, 3, 14.87
1747829888, 0, 602, 1281, 1279, 24, 8.07%, 0, 6, 3, 13.96
1747829964, 0, 602, 1282, 1280, 24, 8.07%, 0, 6, 3, 13.90
1747829974, 0, 602, 1283, 1281, 24, 8.07%, 0, 6, 3, 13.99
1747829990, 0, 602, 1284, 1282, 24, 8.07%, 0, 6, 3, 13.66
1747830000, 0, 603, 1284, 1282, 25, 8.07%, 0, 6, 3, 15.31
1747830010, 0, 605, 1285, 1283, 25, 8.07%, 0, 6, 3, 15.22
1747830020, 0, 605, 1286, 1284, 25, 8.07%, 0, 6, 3, 15.16
1747830025, 0, 605, 1289, 1287, 25, 8.07%, 0, 6, 3, 13.50
1747830036, 0, 605, 1290, 1288, 25, 8.07%, 0, 6, 3, 14.14
1747830041, 0, 605, 1292, 1290, 25, 8.07%, 0, 6, 3, 13.72
1747830046, 0, 605, 1294, 1292, 25, 8.07%, 0, 6, 3, 13.12
1747830071, 0, 605, 1295, 1293, 25, 8.10%, 0, 6, 3, 14.64
1747830164, 0, 605, 1296, 1294, 25, 8.10%, 0, 6, 3, 13.16
1747830169, 0, 605, 1297, 1295, 25, 8.10%, 0, 6, 3, 13.41
1747830179, 0, 605, 1298, 1296, 25, 8.10%, 0, 6, 3, 14.06
1747830200, 0, 605, 1299, 1297, 25, 8.10%, 0, 6, 3, 12.95
1747830215, 0, 605, 1300, 1298, 25, 8.10%, 0, 6, 3, 13.83
1747830225, 0, 605, 1301, 1299, 25, 8.10%, 0, 6, 3, 13.54
1747830235, 0, 605, 1302, 1300, 25, 8.10%, 0, 6, 3, 13.23
1747830276, 0, 605, 1303, 1301, 25, 8.10%, 0, 6, 3, 14.19
1747830292, 0, 605, 1304, 1302, 25, 8.10%, 0, 6, 3, 14.80
1747830307, 0, 606, 1304, 1302, 26, 8.10%, 0, 6, 3, 13.61
1747830312, 0, 607, 1304, 1302, 26, 8.10%, 0, 6, 3, 13.79
1747830322, 0, 608, 1304, 1302, 26, 8.10%, 0, 6, 3, 14.58
1747830327, 0, 608, 1305, 1303, 26, 8.10%, 0, 6, 3, 13.74
1747830343, 0, 609, 1305, 1303, 26, 8.10%, 0, 6, 3, 14.14
1747830353, 0, 610, 1305, 1303, 26, 8.10%, 0, 6, 3, 14.46
1747830358, 0, 610, 1306, 1304, 26, 8.10%, 0, 6, 3, 14.87
1747830369, 0, 612, 1306, 1304, 26, 8.10%, 0, 6, 3, 13.73
1747830374, 0, 612, 1307, 1305, 26, 8.10%, 0, 6, 3, 14.34
1747830379, 0, 612, 1308, 1306, 26, 8.10%, 0, 6, 3, 13.26
1747830389, 0, 612, 1309, 1307, 26, 8.10%, 0, 6, 3, 13.26
1747830405, 0, 612, 1310, 1308, 26, 8.10%, 0, 6, 3, 13.68
1747830430, 0, 612, 1311, 1309, 26, 8.10%, 0, 6, 3, 13.04
1747830451, 0, 612, 1312, 1310, 26, 8.10%, 0, 6, 3, 14.53
1747830491, 0, 612, 1313, 1311, 26, 8.10%, 0, 6, 3, 13.67
1747830497, 0, 612, 1314, 1312, 26, 8.10%, 0, 6, 3, 14.11
1747830564, 0, 612, 1315, 1313, 26, 8.10%, 0, 6, 3, 14.34
1747830609, 0, 612, 1316, 1314, 26, 8.10%, 0, 6, 3, 13.97
1747830620, 0, 612, 1317, 1315, 26, 8.10%, 0, 6, 3, 14.37
1747830650, 0, 612, 1318, 1316, 26, 8.10%, 0, 6, 3, 13.57
1747830661, 0, 613, 1318, 1316, 26, 8.10%, 0, 6, 3, 14.50
1747830671, 0, 614, 1318, 1316, 26, 8.10%, 0, 6, 3, 13.76
1747830676, 0, 614, 1319, 1317, 26, 8.10%, 0, 6, 3, 14.00
1747830686, 0, 614, 1320, 1318, 26, 8.10%, 0, 6, 3, 14.05
1747830696, 0, 614, 1321, 1319, 26, 8.10%, 0, 6, 3, 14.12
1747830702, 0, 614, 1322, 1320, 26, 8.11%, 0, 6, 3, 13.82
1747830707, 0, 614, 1323, 1321, 26, 8.11%, 0, 6, 3, 12.43
1747830712, 0, 614, 1324, 1322, 26, 8.11%, 0, 6, 3, 12.82
1747830727, 0, 614, 1325, 1323, 26, 8.11%, 0, 6, 3, 13.39
1747830737, 0, 614, 1326, 1324, 26, 8.11%, 0, 6, 3, 13.01
1747830748, 0, 614, 1327, 1325, 26, 8.11%, 0, 6, 3, 14.02
1747830753, 0, 614, 1328, 1326, 26, 8.11%, 0, 6, 3, 14.02
1747830794, 0, 614, 1329, 1327, 26, 8.11%, 0, 6, 3, 24.16
1747830799, 0, 614, 1330, 1328, 26, 8.11%, 0, 6, 3, 22.62
1747830804, 0, 614, 1331, 1329, 26, 8.11%, 0, 6, 3, 23.44
1747830814, 0, 614, 1332, 1330, 26, 8.11%, 0, 6, 3, 23.51
1747830824, 0, 614, 1334, 1332, 26, 8.11%, 0, 6, 3, 21.69
1747830845, 0, 614, 1335, 1333, 26, 8.11%, 0, 6, 3, 23.99
1747830850, 0, 614, 1336, 1334, 26, 8.11%, 0, 6, 3, 24.13
1747830866, 0, 614, 1337, 1335, 26, 8.11%, 0, 6, 3, 24.00
1747830891, 0, 616, 1337, 1335, 26, 8.11%, 0, 6, 3, 25.08
1747830896, 0, 617, 1337, 1335, 26, 8.11%, 0, 6, 3, 25.26
1747830901, 0, 617, 1338, 1336, 26, 8.11%, 0, 6, 3, 24.50
1747830906, 0, 617, 1339, 1337, 26, 8.11%, 0, 6, 3, 24.41
1747830917, 0, 618, 1339, 1337, 26, 8.11%, 0, 6, 3, 25.26
1747830922, 0, 619, 1339, 1337, 26, 8.11%, 0, 6, 3, 25.84
1747830927, 0, 620, 1339, 1337, 26, 8.11%, 0, 6, 3, 26.79
1747830932, 0, 621, 1339, 1337, 26, 8.11%, 0, 6, 3, 25.78
1747830937, 0, 623, 1339, 1337, 26, 8.11%, 0, 6, 3, 25.51
1747830942, 0, 624, 1339, 1337, 26, 8.11%, 0, 6, 3, 24.76
1747830947, 0, 625, 1339, 1337, 26, 8.11%, 0, 6, 3, 25.43
1747830952, 0, 626, 1339, 1337, 26, 8.11%, 0, 6, 3, 25.69
1747830957, 0, 627, 1339, 1337, 26, 8.11%, 0, 6, 3, 23.98
1747830963, 0, 628, 1339, 1337, 26, 8.11%, 0, 6, 3, 23.53
1747830973, 0, 629, 1340, 1338, 26, 8.11%, 0, 6, 3, 23.16
1747830978, 0, 629, 1341, 1339, 26, 8.11%, 0, 6, 3, 23.92
1747830993, 0, 629, 1342, 1340, 26, 8.11%, 0, 6, 3, 23.69
1747830998, 0, 629, 1344, 1342, 26, 8.11%, 0, 6, 3, 22.86
1747831004, 0, 629, 1345, 1343, 26, 8.13%, 0, 6, 3, 22.80
1747831009, 0, 629, 1346, 1344, 26, 8.13%, 0, 6, 3, 22.77
1747831055, 0, 629, 1347, 1345, 26, 8.13%, 0, 6, 3, 24.88
1747831060, 0, 629, 1348, 1346, 26, 8.13%, 0, 6, 3, 24.98
1747831070, 0, 629, 1349, 1347, 26, 8.13%, 0, 6, 3, 22.91
1747831142, 0, 630, 1350, 1348, 29, 8.13%, 0, 6, 3, 24.10
1747831157, 0, 631, 1350, 1348, 29, 8.13%, 0, 6, 3, 25.38
1747831163, 0, 632, 1350, 1348, 29, 8.13%, 0, 6, 3, 25.16
1747831168, 0, 633, 1351, 1349, 29, 8.13%, 0, 6, 3, 24.13
1747831173, 0, 633, 1352, 1350, 29, 8.13%, 0, 6, 3, 23.22
1747831188, 0, 633, 1354, 1352, 29, 8.13%, 0, 6, 3, 24.35
1747831224, 0, 633, 1356, 1354, 29, 8.13%, 0, 6, 3, 22.25
1747831229, 0, 633, 1357, 1355, 29, 8.13%, 0, 6, 3, 23.69
1747831249, 0, 633, 1359, 1357, 29, 8.13%, 0, 6, 3, 22.69
1747831254, 0, 633, 1360, 1358, 29, 8.13%, 0, 6, 3, 24.56
1747831275, 0, 633, 1361, 1359, 29, 8.13%, 0, 6, 3, 23.47
1747831295, 0, 633, 1362, 1360, 29, 8.13%, 0, 6, 3, 23.21
1747831310, 0, 633, 1363, 1361, 29, 8.13%, 0, 6, 3, 23.69
1747831341, 0, 634, 1363, 1361, 29, 8.13%, 0, 6, 3, 25.38
1747831346, 0, 635, 1364, 1362, 29, 8.13%, 0, 6, 3, 23.73
1747831357, 0, 636, 1364, 1362, 29, 8.13%, 0, 6, 3, 23.27
1747831362, 0, 637, 1364, 1362, 29, 8.13%, 0, 6, 3, 23.96
1747831367, 0, 638, 1364, 1362, 29, 8.13%, 0, 6, 3, 23.64
1747831372, 0, 639, 1364, 1362, 29, 8.13%, 0, 6, 3, 23.79
1747831377, 0, 640, 1364, 1362, 29, 8.13%, 0, 6, 3, 24.72
1747831382, 0, 640, 1365, 1363, 29, 8.13%, 0, 6, 3, 23.18
1747831387, 0, 640, 1366, 1364, 29, 8.13%, 0, 6, 3, 22.80
1747831392, 0, 640, 1367, 1365, 29, 8.13%, 0, 6, 3, 22.74
1747831397, 0, 640, 1368, 1366, 29, 8.13%, 0, 6, 3, 23.53
1747831403, 0, 640, 1369, 1367, 29, 8.13%, 0, 6, 3, 23.16
1747831423, 0, 640, 1371, 1369, 29, 8.14%, 0, 6, 3, 22.18
1747831428, 0, 640, 1372, 1370, 29, 8.14%, 0, 6, 3, 23.39
1747831438, 0, 640, 1373, 1371, 29, 8.14%, 0, 6, 3, 24.08
1747831479, 0, 640, 1374, 1372, 29, 8.14%, 0, 6, 3, 22.98
1747831495, 0, 640, 1375, 1373, 29, 8.14%, 0, 6, 3, 23.14
1747831505, 0, 640, 1377, 1375, 29, 8.14%, 0, 6, 3, 21.18
1747831510, 0, 640, 1380, 1378, 29, 8.14%, 0, 6, 3, 19.31
1747831525, 0, 640, 1381, 1379, 29, 8.14%, 0, 6, 3, 23.32
1747831541, 0, 640, 1382, 1380, 29, 8.14%, 0, 6, 3, 14.07
1747831566, 0, 640, 1383, 1381, 29, 8.14%, 0, 6, 3, 13.10
1747831582, 0, 641, 1383, 1381, 31, 8.14%, 0, 6, 3, 14.70
1747831587, 0, 642, 1383, 1381, 31, 8.14%, 0, 6, 3, 13.53
1747831597, 0, 646, 1383, 1381, 31, 8.14%, 0, 6, 3, 14.47
1747831608, 0, 647, 1383, 1381, 31, 8.14%, 0, 6, 3, 14.09
1747831618, 0, 648, 1383, 1381, 31, 8.14%, 0, 6, 3, 14.46
1747831623, 0, 648, 1386, 1384, 31, 8.15%, 0, 6, 3, 12.03
1747831638, 0, 648, 1388, 1386, 31, 8.15%, 0, 6, 3, 11.92
1747831644, 0, 648, 1389, 1387, 31, 8.15%, 0, 6, 3, 12.03
1747831669, 0, 648, 1390, 1388, 31, 8.15%, 0, 6, 3, 13.40
1747831715, 0, 648, 1391, 1389, 31, 8.15%, 0, 6, 3, 13.54
1747831751, 0, 648, 1392, 1390, 31, 8.15%, 0, 6, 3, 12.75
1747831762, 0, 648, 1393, 1391, 31, 8.15%, 0, 6, 3, 13.02
1747831797, 0, 648, 1394, 1392, 31, 8.16%, 0, 6, 3, 12.97
1747831848, 0, 648, 1395, 1393, 31, 8.16%, 0, 6, 3, 12.74
1747831864, 0, 648, 1396, 1394, 31, 8.16%, 0, 6, 3, 13.06
1747831925, 0, 649, 1396, 1394, 32, 8.16%, 0, 6, 3, 14.41
1747831936, 0, 650, 1396, 1394, 32, 8.16%, 0, 6, 3, 14.59
1747831946, 0, 651, 1396, 1394, 32, 8.16%, 0, 6, 3, 14.06
1747831951, 0, 652, 1396, 1394, 32, 8.16%, 0, 6, 3, 13.97
1747831961, 0, 654, 1397, 1395, 32, 8.16%, 0, 6, 3, 13.81
1747831982, 0, 654, 1399, 1397, 32, 8.16%, 0, 6, 3, 12.40
1747832038, 0, 655, 1399, 1397, 32, 8.16%, 0, 6, 3, 14.00
1747832048, 0, 656, 1399, 1397, 32, 8.16%, 0, 6, 3, 13.82
1747832054, 0, 657, 1399, 1397, 32, 8.16%, 0, 6, 3, 14.26
1747832059, 0, 657, 1400, 1398, 32, 8.16%, 0, 6, 3, 13.51
1747832064, 0, 657, 1401, 1399, 32, 8.16%, 0, 6, 3, 12.84
1747832095, 0, 658, 1401, 1399, 32, 8.16%, 0, 6, 3, 14.09
1747832105, 0, 659, 1401, 1399, 32, 8.16%, 0, 6, 3, 14.82
1747832110, 0, 660, 1401, 1399, 32, 8.16%, 0, 6, 3, 13.28
1747832115, 0, 660, 1402, 1400, 32, 8.16%, 0, 6, 3, 13.15
1747832120, 0, 660, 1403, 1401, 32, 8.16%, 0, 6, 3, 12.71
1747832136, 0, 660, 1404, 1402, 32, 8.16%, 0, 6, 3, 13.07
1747832171, 0, 660, 1405, 1403, 32, 8.16%, 0, 6, 3, 14.37
1747832228, 0, 660, 1406, 1404, 32, 8.16%, 0, 6, 3, 12.43
1747832249, 0, 660, 1407, 1405, 32, 8.16%, 0, 6, 3, 12.63
1747832254, 0, 660, 1408, 1406, 32, 8.16%, 0, 6, 3, 13.03
1747832331, 0, 660, 1409, 1407, 32, 8.16%, 0, 6, 3, 13.51
1747832341, 0, 660, 1410, 1408, 32, 8.16%, 0, 6, 3, 13.21
1747832382, 0, 660, 1411, 1409, 32, 8.16%, 0, 6, 3, 12.47
1747832423, 0, 662, 1411, 1409, 32, 8.16%, 0, 6, 3, 13.34
1747832434, 0, 663, 1411, 1409, 32, 8.16%, 0, 6, 3, 14.14
1747832439, 0, 664, 1411, 1409, 32, 8.16%, 0, 6, 3, 14.64
1747832449, 0, 666, 1411, 1409, 32, 8.16%, 0, 6, 3, 14.24
1747832459, 0, 667, 1411, 1409, 32, 8.16%, 0, 6, 3, 13.61
1747832469, 0, 668, 1411, 1409, 32, 8.16%, 0, 6, 3, 14.19
1747832480, 0, 669, 1411, 1409, 32, 8.16%, 0, 6, 3, 14.13
1747832485, 0, 670, 1411, 1409, 32, 8.16%, 0, 6, 3, 13.89
1747832490, 0, 670, 1412, 1410, 32, 8.16%, 0, 6, 3, 14.40
1747832495, 0, 670, 1414, 1412, 32, 8.16%, 0, 6, 3, 12.51
1747832500, 0, 670, 1415, 1413, 32, 8.16%, 0, 6, 3, 12.62
1747832505, 0, 670, 1416, 1414, 32, 8.16%, 0, 6, 3, 14.05
1747832511, 0, 670, 1417, 1415, 32, 8.16%, 0, 6, 3, 13.63
1747832531, 0, 670, 1419, 1417, 32, 8.16%, 0, 6, 3, 12.49
1747832547, 0, 670, 1421, 1419, 32, 8.16%, 0, 6, 3, 12.92
1747832552, 0, 670, 1422, 1420, 32, 8.16%, 0, 6, 3, 13.10
1747832562, 0, 670, 1424, 1422, 32, 8.16%, 0, 6, 3, 11.20
1747832649, 0, 670, 1425, 1423, 32, 8.16%, 0, 6, 3, 12.24
1747832659, 0, 670, 1426, 1424, 32, 8.16%, 0, 6, 3, 13.44
1747832670, 0, 670, 1427, 1425, 32, 8.16%, 0, 6, 3, 12.71
1747832675, 0, 670, 1428, 1426, 32, 8.16%, 0, 6, 3, 12.66
1747832751, 0, 670, 1429, 1427, 32, 8.16%, 0, 6, 3, 12.92
1747832797, 0, 670, 1430, 1428, 32, 8.16%, 0, 6, 3, 13.39
1747832802, 0, 672, 1431, 1429, 34, 8.16%, 0, 6, 3, 12.53
1747832823, 0, 673, 1431, 1429, 34, 8.16%, 0, 6, 3, 13.72
1747832833, 0, 674, 1432, 1430, 34, 8.16%, 0, 6, 3, 14.19
1747832838, 0, 674, 1433, 1431, 34, 8.16%, 0, 6, 3, 13.77
1747832843, 0, 674, 1434, 1432, 34, 8.16%, 0, 6, 3, 12.65
1747832859, 0, 674, 1435, 1433, 34, 8.16%, 0, 6, 3, 11.86
1747832895, 0, 674, 1436, 1434, 34, 8.16%, 0, 6, 3, 12.05
1747832915, 0, 674, 1437, 1435, 34, 8.16%, 0, 6, 3, 13.00
1747833028, 0, 674, 1438, 1436, 34, 8.16%, 0, 6, 3, 13.57
1747833053, 0, 674, 1439, 1437, 34, 8.18%, 0, 6, 3, 12.60
1747833074, 0, 674, 1440, 1438, 34, 8.18%, 0, 6, 3, 13.42
1747833135, 0, 675, 1441, 1439, 33, 8.18%, 0, 6, 3, 13.82
1747833146, 0, 676, 1441, 1439, 33, 8.18%, 0, 6, 3, 14.29
1747833156, 0, 678, 1441, 1439, 33, 8.18%, 0, 6, 3, 13.37
1747833166, 0, 680, 1441, 1439, 33, 8.18%, 0, 6, 3, 14.72
1747833176, 0, 681, 1442, 1440, 33, 8.18%, 0, 6, 3, 12.86
1747833192, 0, 683, 1442, 1440, 33, 8.18%, 0, 6, 3, 14.12
1747833202, 0, 685, 1442, 1440, 33, 8.18%, 0, 6, 3, 14.26
1747833213, 0, 686, 1442, 1440, 33, 8.18%, 0, 6, 3, 16.64
1747835221, 0, 687, 1442, 1439, 32, 8.18%, 0, 6, 3, 23.64
1747835227, 0, 689, 1442, 1439, 32, 8.18%, 0, 6, 3, 23.93
1747835232, 0, 691, 1442, 1439, 32, 8.18%, 0, 6, 3, 24.81
1747835237, 0, 692, 1442, 1439, 32, 8.18%, 0, 6, 3, 25.32
1747835242, 0, 694, 1442, 1439, 32, 8.18%, 0, 6, 3, 22.48
1747835247, 0, 695, 1442, 1439, 32, 8.18%, 0, 6, 3, 23.77
1747835252, 0, 696, 1443, 1440, 32, 8.18%, 0, 6, 3, 22.74
1747835262, 0, 697, 1443, 1440, 32, 8.18%, 0, 6, 3, 22.31
1747835267, 0, 698, 1443, 1440, 32, 8.18%, 0, 6, 3, 22.85
1747835273, 0, 699, 1443, 1440, 32, 8.18%, 0, 6, 3, 21.83
1747835278, 0, 700, 1443, 1440, 32, 8.18%, 0, 6, 3, 24.02
1747835283, 0, 701, 1443, 1440, 32, 8.18%, 0, 6, 3, 24.98
1747835288, 0, 702, 1443, 1440, 32, 8.18%, 0, 6, 3, 24.35
1747835298, 0, 703, 1444, 1441, 32, 8.18%, 0, 6, 3, 22.49
1747835308, 0, 706, 1445, 1442, 30, 8.18%, 0, 6, 3, 21.09
1747835319, 0, 708, 1445, 1442, 30, 8.18%, 0, 6, 3, 23.36
1747835324, 0, 710, 1445, 1442, 30, 8.18%, 0, 6, 3, 23.75
1747835329, 0, 711, 1445, 1442, 30, 8.18%, 0, 6, 3, 24.38
1747835334, 0, 712, 1445, 1442, 30, 8.18%, 0, 6, 3, 23.27
1747835339, 0, 716, 1445, 1442, 30, 8.18%, 0, 6, 3, 24.17
1747835344, 0, 717, 1445, 1442, 30, 8.18%, 0, 6, 3, 23.66
1747835349, 0, 718, 1445, 1442, 30, 8.18%, 0, 6, 3, 23.61
1747835354, 0, 719, 1445, 1442, 30, 8.18%, 0, 6, 3, 24.36
1747835359, 0, 719, 1446, 1443, 30, 8.18%, 0, 6, 3, 23.03
1747835370, 0, 721, 1447, 1444, 30, 8.18%, 0, 6, 3, 23.12
1747835380, 0, 722, 1447, 1444, 30, 8.18%, 0, 6, 3, 23.03
1747835385, 0, 723, 1447, 1444, 30, 8.18%, 0, 6, 3, 23.25
1747835390, 0, 724, 1447, 1444, 30, 8.18%, 0, 6, 3, 22.77
1747835395, 0, 725, 1447, 1444, 30, 8.18%, 0, 6, 3, 24.88
1747835400, 0, 725, 1448, 1445, 30, 8.18%, 0, 6, 3, 23.16
1747835405, 0, 726, 1448, 1445, 30, 8.18%, 0, 6, 3, 22.77
1747835410, 0, 727, 1448, 1445, 30, 8.18%, 0, 6, 3, 23.09
1747835416, 0, 729, 1448, 1445, 30, 8.18%, 0, 6, 3, 24.13
1747835426, 0, 733, 1448, 1445, 30, 8.18%, 0, 6, 3, 22.99
1747835431, 0, 735, 1448, 1445, 30, 8.18%, 0, 6, 3, 25.22
1747835436, 0, 736, 1448, 1445, 30, 8.18%, 0, 6, 3, 23.40
1747835441, 0, 737, 1448, 1445, 30, 8.18%, 0, 6, 3, 25.46
1747835446, 0, 738, 1448, 1445, 30, 8.18%, 0, 6, 3, 24.77
1747835451, 0, 740, 1448, 1445, 30, 8.18%, 0, 6, 3, 24.01
1747835456, 0, 741, 1448, 1445, 30, 8.18%, 0, 6, 3, 23.62
1747835461, 0, 742, 1448, 1445, 30, 8.18%, 0, 6, 3, 23.93
1747835466, 0, 745, 1448, 1445, 30, 8.18%, 0, 6, 3, 23.34
1747835472, 0, 747, 1448, 1445, 30, 8.18%, 0, 6, 3, 24.48
1747835477, 0, 748, 1448, 1445, 30, 8.18%, 0, 6, 3, 22.99
1747835482, 0, 749, 1448, 1445, 30, 8.18%, 0, 6, 3, 22.84
1747835487, 0, 750, 1448, 1445, 30, 8.18%, 0, 6, 3, 23.71
1747835492, 0, 751, 1448, 1445, 30, 8.18%, 0, 6, 3, 22.83
1747835497, 0, 752, 1448, 1445, 30, 8.18%, 0, 6, 3, 23.55
1747835502, 0, 752, 1449, 1446, 30, 8.24%, 0, 6, 3, 24.49
1747835512, 0, 753, 1449, 1446, 31, 8.24%, 0, 6, 3, 23.65
1747835517, 0, 754, 1450, 1447, 31, 8.24%, 0, 6, 3, 22.82
1747835528, 0, 755, 1450, 1447, 31, 8.24%, 0, 6, 3, 23.66
1747835533, 0, 755, 1451, 1448, 31, 8.24%, 0, 6, 3, 22.51
1747835538, 0, 756, 1451, 1448, 31, 8.24%, 0, 6, 3, 22.30
1747835543, 0, 757, 1451, 1448, 31, 8.24%, 0, 6, 3, 24.75
1747835548, 0, 758, 1451, 1448, 31, 8.24%, 0, 6, 3, 24.34
1747835553, 0, 759, 1451, 1448, 31, 8.24%, 0, 6, 3, 24.26
1747835558, 0, 760, 1451, 1448, 31, 8.24%, 0, 6, 3, 24.46
1747835563, 0, 761, 1451, 1448, 31, 8.24%, 0, 6, 3, 24.04
1747835569, 0, 761, 1452, 1449, 31, 8.24%, 0, 6, 3, 21.72
1747835579, 0, 762, 1452, 1449, 31, 8.24%, 0, 6, 3, 25.54
1747835584, 0, 763, 1452, 1449, 31, 8.24%, 0, 6, 3, 22.87
1747835589, 0, 764, 1453, 1450, 31, 8.24%, 0, 6, 3, 22.31
1747835600, 0, 764, 1454, 1451, 31, 8.24%, 0, 6, 3, 23.42
1747835610, 0, 765, 1454, 1451, 31, 8.24%, 0, 6, 3, 22.68
1747835615, 0, 765, 1455, 1452, 31, 8.24%, 0, 6, 3, 22.10
1747835625, 0, 766, 1455, 1452, 31, 8.24%, 0, 6, 3, 23.43
1747835630, 0, 767, 1455, 1452, 31, 8.24%, 0, 6, 3, 25.18
1747835635, 0, 768, 1455, 1452, 31, 8.24%, 0, 6, 3, 28.65
1747839512, 0, 769, 1455, 1451, 31, 8.24%, 0, 6, 3, 16.43
1747839522, 0, 769, 1456, 1452, 31, 8.24%, 0, 6, 3, 13.28
1747839532, 0, 771, 1456, 1452, 31, 8.24%, 0, 6, 3, 12.92
1747839543, 0, 772, 1456, 1452, 31, 8.24%, 0, 6, 3, 13.47
1747839553, 0, 773, 1457, 1453, 31, 8.24%, 0, 6, 3, 13.84
1747839558, 0, 773, 1458, 1454, 31, 8.24%, 0, 6, 3, 12.59
1747839573, 0, 773, 1459, 1455, 31, 8.24%, 0, 6, 3, 13.39
1747839588, 0, 773, 1460, 1456, 31, 8.24%, 0, 6, 3, 12.94
1747839700, 0, 774, 1460, 1456, 31, 8.24%, 0, 6, 3, 13.84
1747839711, 0, 775, 1460, 1456, 31, 8.24%, 0, 6, 3, 14.75
1747839721, 0, 776, 1460, 1456, 31, 8.24%, 0, 6, 3, 14.79
1747839731, 0, 777, 1460, 1456, 31, 8.24%, 0, 6, 3, 14.34
1747839736, 0, 778, 1461, 1457, 31, 8.24%, 0, 6, 3, 14.32
1747839757, 0, 779, 1461, 1457, 31, 8.24%, 0, 6, 3, 14.53
1747839767, 0, 781, 1461, 1457, 31, 8.24%, 0, 6, 3, 13.65
1747839777, 0, 782, 1461, 1457, 31, 8.24%, 0, 6, 3, 13.24
1747839787, 0, 783, 1461, 1457, 31, 8.24%, 0, 6, 3, 14.41
1747839792, 0, 784, 1461, 1457, 31, 8.24%, 0, 6, 3, 14.77
1747839803, 0, 785, 1461, 1457, 31, 8.24%, 0, 6, 3, 13.70
1747839813, 0, 786, 1461, 1457, 31, 8.24%, 0, 6, 3, 14.18
1747839823, 0, 787, 1461, 1457, 31, 8.24%, 0, 6, 3, 14.57
1747839829, 0, 788, 1461, 1457, 31, 8.24%, 0, 6, 3, 13.53
1747839839, 0, 789, 1461, 1457, 31, 8.24%, 0, 6, 3, 14.10
1747839849, 0, 790, 1461, 1457, 31, 8.24%, 0, 6, 3, 14.09
1747839860, 0, 791, 1461, 1457, 31, 8.24%, 0, 6, 3, 13.65
1747839870, 0, 793, 1462, 1458, 31, 8.25%, 0, 6, 3, 12.86
1747839885, 0, 794, 1462, 1458, 31, 8.25%, 0, 6, 3, 13.65
1747839890, 0, 794, 1463, 1459, 31, 8.25%, 0, 6, 3, 13.99
1747839906, 0, 795, 1463, 1459, 31, 8.25%, 0, 6, 3, 14.49
1747839916, 0, 796, 1463, 1459, 31, 8.25%, 0, 6, 3, 13.16
1747839926, 0, 797, 1463, 1459, 31, 8.25%, 0, 6, 3, 14.46
1747839937, 0, 798, 1463, 1459, 31, 8.25%, 0, 6, 3, 14.22
1747839942, 0, 799, 1463, 1459, 31, 8.25%, 0, 6, 3, 13.63
1747839952, 0, 800, 1463, 1459, 31, 8.25%, 0, 6, 3, 14.81
1747839963, 0, 800, 1464, 1460, 31, 8.26%, 0, 6, 3, 13.28
1747839973, 0, 801, 1464, 1460, 32, 8.26%, 0, 6, 3, 13.39
1747839983, 0, 803, 1464, 1460, 32, 8.26%, 0, 6, 3, 14.35
1747839988, 0, 804, 1464, 1460, 32, 8.26%, 0, 6, 3, 14.61
1747839999, 0, 804, 1465, 1461, 32, 8.26%, 0, 6, 3, 12.47
1747840009, 0, 805, 1465, 1461, 32, 8.26%, 0, 6, 3, 14.78
1747840019, 0, 806, 1465, 1461, 32, 8.26%, 0, 6, 3, 13.66
1747840030, 0, 808, 1465, 1461, 32, 8.26%, 0, 6, 3, 13.98
1747840040, 0, 809, 1465, 1461, 32, 8.26%, 0, 6, 3, 14.12
1747840045, 0, 810, 1465, 1461, 32, 8.26%, 0, 6, 3, 14.78
1747840055, 0, 811, 1465, 1461, 32, 8.26%, 0, 6, 3, 14.13
1747840065, 0, 813, 1465, 1461, 32, 8.26%, 0, 6, 3, 14.51
1747840076, 0, 815, 1465, 1461, 32, 8.26%, 0, 6, 3, 13.30
1747840081, 0, 816, 1465, 1461, 32, 8.26%, 0, 6, 3, 14.69
1747840091, 0, 817, 1465, 1461, 32, 8.26%, 0, 6, 3, 14.52
1747840102, 0, 819, 1465, 1461, 32, 8.26%, 0, 6, 3, 14.53
1747840107, 0, 820, 1465, 1461, 32, 8.26%, 0, 6, 3, 14.05
1747840117, 0, 821, 1465, 1461, 32, 8.26%, 0, 6, 3, 14.39
1747840127, 0, 822, 1465, 1461, 32, 8.26%, 0, 6, 3, 14.41
1747840137, 0, 823, 1465, 1461, 32, 8.26%, 0, 6, 3, 13.70
1747840148, 0, 824, 1465, 1461, 32, 8.26%, 0, 6, 3, 14.84
1747840158, 0, 825, 1465, 1461, 32, 8.26%, 0, 6, 3, 14.12
1747840163, 0, 827, 1465, 1461, 32, 8.26%, 0, 6, 3, 13.48
1747840173, 0, 827, 1466, 1462, 32, 8.26%, 0, 6, 3, 13.29
1747840183, 0, 828, 1466, 1462, 32, 8.26%, 0, 6, 3, 13.37
1747840188, 0, 828, 1467, 1463, 32, 8.33%, 0, 6, 3, 13.95
1747840199, 0, 828, 1468, 1464, 32, 8.33%, 0, 6, 3, 13.26
1747840219, 0, 830, 1468, 1464, 31, 8.33%, 0, 6, 3, 15.11
1747844374, 0, 831, 1468, 1463, 31, 8.33%, 0, 6, 3, 15.75
1747844384, 0, 832, 1468, 1463, 31, 8.33%, 0, 6, 3, 13.97
1747844390, 0, 834, 1468, 1463, 31, 8.33%, 0, 6, 3, 14.55
1747844400, 0, 835, 1468, 1463, 31, 8.33%, 0, 6, 3, 13.64
1747844410, 0, 836, 1468, 1463, 31, 8.33%, 0, 6, 3, 12.98
1747844420, 0, 838, 1468, 1463, 31, 8.33%, 0, 6, 3, 13.71
1747844430, 0, 839, 1468, 1463, 31, 8.33%, 0, 6, 3, 14.34
1747844435, 0, 839, 1469, 1464, 31, 8.33%, 0, 6, 3, 12.28
1747844451, 0, 840, 1469, 1464, 31, 8.33%, 0, 6, 3, 13.87
1747844461, 0, 842, 1469, 1464, 31, 8.33%, 0, 6, 3, 14.67
1747844466, 0, 843, 1469, 1464, 31, 8.33%, 0, 6, 3, 14.38
1747844476, 0, 846, 1469, 1464, 31, 8.33%, 0, 6, 3, 14.83
1747844486, 0, 847, 1469, 1464, 31, 8.33%, 0, 6, 3, 13.39
1747844496, 0, 848, 1469, 1464, 31, 8.33%, 0, 6, 3, 13.58
1747844507, 0, 849, 1469, 1464, 31, 8.33%, 0, 6, 3, 13.12
1747844517, 0, 850, 1469, 1464, 31, 8.33%, 0, 6, 3, 13.97
1747844522, 0, 850, 1470, 1465, 31, 8.33%, 0, 6, 3, 12.78
1747844532, 0, 851, 1470, 1465, 31, 8.33%, 0, 6, 3, 13.89
1747844543, 0, 854, 1470, 1465, 31, 8.33%, 0, 6, 3, 14.12
1747844553, 0, 855, 1470, 1465, 31, 8.33%, 0, 6, 3, 13.64
1747844563, 0, 856, 1470, 1465, 31, 8.33%, 0, 6, 3, 14.01
1747844573, 0, 857, 1470, 1465, 31, 8.33%, 0, 6, 3, 14.44
1747844578, 0, 858, 1470, 1465, 31, 8.33%, 0, 6, 3, 13.56
1747844589, 0, 860, 1470, 1465, 31, 8.33%, 0, 6, 3, 14.56
1747844599, 0, 862, 1470, 1465, 31, 8.33%, 0, 6, 3, 12.79
1747844609, 0, 863, 1470, 1465, 31, 8.33%, 0, 6, 3, 13.05
1747844619, 0, 864, 1470, 1465, 31, 8.33%, 0, 6, 3, 16.24
1747844624, 0, 865, 1470, 1465, 31, 8.33%, 0, 6, 3, 13.44
1747844630, 0, 865, 1471, 1466, 31, 8.33%, 0, 6, 3, 13.05
1747844645, 0, 866, 1471, 1466, 31, 8.33%, 0, 6, 3, 14.37
1747844655, 0, 867, 1471, 1466, 31, 8.33%, 0, 6, 3, 13.39
1747844665, 0, 870, 1471, 1466, 31, 8.33%, 0, 6, 3, 14.34
1747844671, 0, 871, 1471, 1466, 31, 8.33%, 0, 6, 3, 13.97
1747844676, 0, 871, 1472, 1467, 31, 8.50%, 0, 6, 3, 13.91
1747844691, 0, 873, 1472, 1467, 29, 8.50%, 0, 6, 3, 15.29
1747844701, 0, 874, 1472, 1467, 29, 8.50%, 0, 6, 3, 13.20
1747844711, 0, 875, 1472, 1467, 29, 8.50%, 0, 6, 3, 13.58
1747844722, 0, 876, 1472, 1467, 29, 8.50%, 0, 6, 3, 13.85
1747844727, 0, 877, 1472, 1467, 29, 8.50%, 0, 6, 3, 14.62
1747844737, 0, 878, 1472, 1467, 29, 8.50%, 0, 6, 3, 13.53
1747844748, 0, 882, 1472, 1467, 29, 8.50%, 0, 6, 3, 13.40
1747844758, 0, 883, 1472, 1467, 29, 8.50%, 0, 6, 3, 14.48
1747844763, 0, 885, 1472, 1467, 29, 8.50%, 0, 6, 3, 14.13
1747844773, 0, 887, 1472, 1467, 29, 8.50%, 0, 6, 3, 14.44
1747844783, 0, 888, 1472, 1467, 29, 8.50%, 0, 6, 3, 14.78
1747844788, 0, 889, 1472, 1467, 29, 8.50%, 0, 6, 3, 14.59
1747844799, 0, 890, 1472, 1467, 29, 8.50%, 0, 6, 3, 12.97
1747844809, 0, 891, 1472, 1467, 29, 8.50%, 0, 6, 3, 12.73
1747844819, 0, 893, 1472, 1467, 29, 8.50%, 0, 6, 3, 14.68
1747844829, 0, 896, 1473, 1468, 29, 8.50%, 0, 6, 3, 13.85
1747844850, 0, 897, 1473, 1468, 29, 8.50%, 0, 6, 3, 14.05
1747844855, 0, 899, 1473, 1468, 29, 8.50%, 0, 6, 3, 13.79
1747844865, 0, 900, 1473, 1468, 29, 8.50%, 0, 6, 3, 14.86
1747844870, 0, 900, 1474, 1469, 29, 8.50%, 0, 6, 3, 13.28
1747844886, 0, 902, 1474, 1469, 30, 8.50%, 0, 6, 3, 14.15
1747844896, 0, 903, 1474, 1469, 30, 8.50%, 0, 6, 3, 13.22
1747844906, 0, 904, 1474, 1469, 30, 8.50%, 0, 6, 3, 14.86
1747844911, 0, 906, 1474, 1469, 30, 8.50%, 0, 6, 3, 14.15
1747844921, 0, 906, 1476, 1471, 30, 8.51%, 0, 6, 3, 12.18
1747844952, 0, 907, 1476, 1471, 31, 8.51%, 0, 6, 3, 13.22
1747844962, 0, 908, 1476, 1471, 31, 8.51%, 0, 6, 3, 13.75
1747844972, 0, 909, 1476, 1471, 31, 8.51%, 0, 6, 3, 12.64
1747844982, 0, 910, 1476, 1471, 31, 8.51%, 0, 6, 3, 15.92
1747845697, 0, 910, 1477, 1472, 31, 8.51%, 0, 6, 3, 13.13
1747849468, 0, 911, 1477, 1471, 31, 8.51%, 0, 6, 3, 16.36
1747849478, 0, 912, 1477, 1471, 31, 8.51%, 0, 6, 3, 14.34
1747849488, 0, 913, 1477, 1471, 31, 8.51%, 0, 6, 3, 13.60
1747849498, 0, 914, 1477, 1471, 31, 8.51%, 0, 6, 3, 14.29
1747849504, 0, 916, 1477, 1471, 31, 8.51%, 0, 6, 3, 13.90
1747849514, 0, 918, 1477, 1471, 31, 8.51%, 0, 6, 3, 12.97
1747849524, 0, 919, 1477, 1471, 31, 8.51%, 0, 6, 3, 13.71
1747849534, 0, 920, 1477, 1471, 31, 8.51%, 0, 6, 3, 13.65
1747849544, 0, 921, 1477, 1471, 31, 8.51%, 0, 6, 3, 13.26
1747849554, 0, 924, 1477, 1471, 31, 8.51%, 0, 6, 3, 13.00
1747849565, 0, 925, 1477, 1471, 31, 8.51%, 0, 6, 3, 14.89
1747849570, 0, 926, 1477, 1471, 31, 8.51%, 0, 6, 3, 13.18
1747849580, 0, 927, 1477, 1471, 31, 8.51%, 0, 6, 3, 13.29
1747849591, 0, 928, 1477, 1471, 31, 8.51%, 0, 6, 3, 13.55
1747849601, 0, 930, 1477, 1471, 31, 8.51%, 0, 6, 3, 13.87
1747849611, 0, 931, 1477, 1471, 31, 8.51%, 0, 6, 3, 14.96
1747849616, 0, 932, 1477, 1471, 31, 8.51%, 0, 6, 3, 13.43
1747849626, 0, 933, 1477, 1471, 31, 8.51%, 0, 6, 3, 13.46
1747849637, 0, 934, 1477, 1471, 31, 8.51%, 0, 6, 3, 13.24
1747849647, 0, 935, 1477, 1471, 31, 8.51%, 0, 6, 3, 15.21
1747849657, 0, 937, 1477, 1471, 31, 8.51%, 0, 6, 3, 14.64
1747849662, 0, 939, 1477, 1471, 31, 8.51%, 0, 6, 3, 14.47
1747849673, 0, 940, 1477, 1471, 31, 8.51%, 0, 6, 3, 13.86
1747849683, 0, 942, 1477, 1471, 31, 8.51%, 0, 6, 3, 14.20
1747849693, 0, 943, 1477, 1471, 31, 8.51%, 0, 6, 3, 14.35
1747849698, 0, 946, 1477, 1471, 31, 8.51%, 0, 6, 3, 14.68
1747849708, 0, 947, 1477, 1471, 31, 8.51%, 0, 6, 3, 13.75
1747849719, 0, 948, 1477, 1471, 31, 8.51%, 0, 6, 3, 13.93
1747849729, 0, 949, 1477, 1471, 31, 8.51%, 0, 6, 3, 13.90
1747849739, 0, 950, 1477, 1471, 31, 8.51%, 0, 6, 3, 14.92
1747849744, 0, 951, 1477, 1471, 31, 8.51%, 0, 6, 3, 13.75
1747849755, 0, 952, 1477, 1471, 31, 8.51%, 0, 6, 3, 13.49
1747849765, 0, 953, 1477, 1471, 31, 8.51%, 0, 6, 3, 13.71
1747849775, 0, 954, 1477, 1471, 31, 8.51%, 0, 6, 3, 14.10
1747849786, 0, 955, 1477, 1471, 31, 8.51%, 0, 6, 3, 13.65
1747849791, 0, 956, 1477, 1471, 31, 8.51%, 0, 6, 3, 13.31
1747849801, 0, 957, 1477, 1471, 31, 8.51%, 0, 6, 3, 14.25
1747849811, 0, 958, 1478, 1472, 31, 8.51%, 0, 6, 3, 12.23
1747849832, 0, 959, 1478, 1472, 31, 8.51%, 0, 6, 3, 13.67
1747849842, 0, 960, 1478, 1472, 31, 8.51%, 0, 6, 3, 13.72
1747849847, 0, 961, 1478, 1472, 31, 8.51%, 0, 6, 3, 13.10
1747849857, 0, 962, 1478, 1472, 31, 8.51%, 0, 6, 3, 14.85
1747849868, 0, 963, 1478, 1472, 31, 8.51%, 0, 6, 3, 13.68
1747849878, 0, 964, 1478, 1472, 31, 8.51%, 0, 6, 3, 14.49
1747849889, 0, 966, 1478, 1472, 31, 8.51%, 0, 6, 3, 14.27
1747849894, 0, 968, 1478, 1472, 31, 8.51%, 0, 6, 3, 13.50
1747849904, 0, 970, 1478, 1472, 31, 8.51%, 0, 6, 3, 13.58
1747849914, 0, 971, 1478, 1472, 31, 8.51%, 0, 6, 3, 13.71
1747849925, 0, 973, 1478, 1472, 31, 8.51%, 0, 6, 3, 13.01
1747849935, 0, 974, 1478, 1472, 31, 8.51%, 0, 6, 3, 13.48
1747849945, 0, 977, 1478, 1472, 31, 8.51%, 0, 6, 3, 13.70
1747849950, 0, 978, 1478, 1472, 31, 8.51%, 0, 6, 3, 14.03
1747849960, 0, 980, 1478, 1472, 31, 8.51%, 0, 6, 3, 14.06
1747849970, 0, 981, 1478, 1472, 31, 8.51%, 0, 6, 3, 13.61
1747849980, 0, 982, 1478, 1472, 31, 8.51%, 0, 6, 3, 14.63
1747849991, 0, 983, 1478, 1472, 31, 8.51%, 0, 6, 3, 13.81
1747850001, 0, 985, 1478, 1472, 31, 8.51%, 0, 6, 3, 14.84
1747850006, 0, 986, 1478, 1472, 31, 8.51%, 0, 6, 3, 13.03
1747850016, 0, 987, 1478, 1472, 31, 8.51%, 0, 6, 3, 13.12
1747850027, 0, 989, 1478, 1472, 31, 8.51%, 0, 6, 3, 14.08
1747850037, 0, 990, 1478, 1472, 31, 8.51%, 0, 6, 3, 14.09
1747850047, 0, 991, 1478, 1472, 31, 8.51%, 0, 6, 3, 14.69
1747850052, 0, 992, 1478, 1472, 31, 8.51%, 0, 6, 3, 15.05
1747850063, 0, 993, 1478, 1472, 31, 8.51%, 0, 6, 3, 13.70
1747850073, 0, 994, 1478, 1472, 31, 8.51%, 0, 6, 3, 13.97
1747850083, 0, 995, 1479, 1473, 31, 8.51%, 0, 6, 3, 13.43
1747850099, 0, 996, 1479, 1473, 31, 8.51%, 0, 6, 3, 13.86
1747850109, 0, 997, 1479, 1473, 31, 8.51%, 0, 6, 3, 13.72
1747850120, 0, 998, 1479, 1473, 31, 8.51%, 0, 6, 3, 14.91
1747850130, 0, 999, 1479, 1473, 31, 8.51%, 0, 6, 3, 13.93
1747850135, 0, 1000, 1479, 1473, 31, 8.51%, 0, 6, 3, 13.97
1747850145, 0, 1002, 1479, 1473, 31, 8.51%, 0, 6, 3, 13.91
1747850156, 0, 1005, 1479, 1473, 31, 8.51%, 0, 6, 3, 13.19
1747850166, 0, 1006, 1479, 1473, 31, 8.51%, 0, 6, 3, 14.30
1747850176, 0, 1007, 1479, 1473, 31, 8.51%, 0, 6, 3, 13.83
1747850181, 0, 1008, 1479, 1473, 31, 8.51%, 0, 6, 3, 14.17
1747850192, 0, 1010, 1479, 1473, 31, 8.51%, 0, 6, 3, 13.89
1747850202, 0, 1012, 1479, 1473, 31, 8.51%, 0, 6, 3, 14.58
1747850207, 0, 1013, 1479, 1473, 31, 8.51%, 0, 6, 3, 14.71
1747850217, 0, 1014, 1479, 1473, 31, 8.51%, 0, 6, 3, 13.34
1747850227, 0, 1015, 1479, 1473, 31, 8.51%, 0, 6, 3, 13.93
1747850238, 0, 1018, 1479, 1473, 31, 8.51%, 0, 6, 3, 13.96
1747850248, 0, 1019, 1479, 1473, 31, 8.51%, 0, 6, 3, 13.66
1747850258, 0, 1020, 1479, 1473, 31, 8.51%, 0, 6, 3, 13.46
1747850268, 0, 1021, 1479, 1473, 31, 8.51%, 0, 6, 3, 14.10
1747850273, 0, 1022, 1479, 1473, 31, 8.51%, 0, 6, 3, 13.88
1747850283, 0, 1023, 1479, 1473, 31, 8.51%, 0, 6, 3, 13.91
1747850289, 0, 1023, 1480, 1474, 31, 8.51%, 0, 6, 3, 12.57
1747850304, 0, 1025, 1480, 1474, 31, 8.51%, 0, 6, 3, 13.68
1747850314, 0, 1027, 1480, 1474, 31, 8.51%, 0, 6, 3, 13.71
1747850325, 0, 1028, 1480, 1474, 31, 8.51%, 0, 6, 3, 13.86
1747850330, 0, 1029, 1480, 1474, 31, 8.51%, 0, 6, 3, 14.56
1747850340, 0, 1031, 1480, 1474, 31, 8.51%, 0, 6, 3, 14.17
1747850350, 0, 1033, 1480, 1474, 31, 8.51%, 0, 6, 3, 13.55
1747850360, 0, 1035, 1480, 1474, 31, 8.51%, 0, 6, 3, 13.82
1747850371, 0, 1038, 1480, 1474, 31, 8.51%, 0, 6, 3, 13.51
1747850376, 0, 1039, 1480, 1474, 31, 8.51%, 0, 6, 3, 13.64
1747850386, 0, 1040, 1480, 1474, 31, 8.51%, 0, 6, 3, 14.53
1747850396, 0, 1043, 1480, 1474, 31, 8.51%, 0, 6, 3, 13.24
1747850406, 0, 1044, 1480, 1474, 31, 8.51%, 0, 6, 3, 14.13
1747850417, 0, 1045, 1480, 1474, 31, 8.51%, 0, 6, 3, 14.35
1747850422, 0, 1046, 1480, 1474, 31, 8.51%, 0, 6, 3, 13.70
1747850432, 0, 1048, 1480, 1474, 31, 8.51%, 0, 6, 3, 14.40
1747850442, 0, 1049, 1480, 1474, 31, 8.51%, 0, 6, 3, 13.62
1747850452, 0, 1051, 1480, 1474, 31, 8.51%, 0, 6, 3, 14.21
1747850463, 0, 1052, 1480, 1474, 31, 8.51%, 0, 6, 3, 13.18
1747850473, 0, 1053, 1480, 1474, 31, 8.51%, 0, 6, 3, 13.39
1747850478, 0, 1053, 1481, 1475, 31, 8.51%, 0, 6, 3, 13.06
1747850493, 0, 1054, 1481, 1475, 31, 8.51%, 0, 6, 3, 13.62
1747850498, 0, 1055, 1481, 1475, 31, 8.51%, 0, 6, 3, 13.74
1747850509, 0, 1055, 1482, 1476, 31, 8.51%, 0, 6, 3, 12.69
1747850524, 0, 1057, 1482, 1476, 31, 8.51%, 0, 6, 3, 13.81
1747850529, 0, 1059, 1482, 1476, 31, 8.51%, 0, 6, 3, 13.71
1747850540, 0, 1060, 1482, 1476, 31, 8.51%, 0, 6, 3, 13.08
1747850550, 0, 1061, 1482, 1476, 31, 8.51%, 0, 6, 3, 13.51
1747850560, 0, 1063, 1482, 1476, 31, 8.51%, 0, 6, 3, 13.61
1747850565, 0, 1064, 1482, 1476, 31, 8.51%, 0, 6, 3, 15.00
1747850575, 0, 1065, 1482, 1476, 31, 8.51%, 0, 6, 3, 13.75
1747850585, 0, 1066, 1482, 1476, 31, 8.51%, 0, 6, 3, 13.75
1747850591, 0, 1066, 1483, 1477, 31, 8.51%, 0, 6, 3, 12.60
1747850606, 0, 1068, 1483, 1477, 31, 8.51%, 0, 6, 3, 13.03
1747850616, 0, 1069, 1484, 1478, 31, 8.51%, 0, 6, 3, 11.81
1747850626, 0, 1069, 1485, 1479, 31, 8.51%, 0, 6, 3, 12.54
1747850631, 0, 1069, 1486, 1480, 31, 8.51%, 0, 6, 3, 12.42
1747850647, 0, 1069, 1487, 1481, 31, 8.51%, 0, 6, 3, 12.59
1747850667, 0, 1069, 1488, 1482, 31, 8.51%, 0, 6, 3, 12.62
1747850693, 0, 1069, 1489, 1483, 31, 8.51%, 0, 6, 3, 13.44
1747850749, 0, 1069, 1490, 1484, 31, 8.51%, 0, 6, 3, 12.65
1747850790, 0, 1069, 1491, 1485, 31, 8.51%, 0, 6, 3, 12.92
1747850841, 0, 1069, 1492, 1486, 31, 8.51%, 0, 6, 3, 12.62
1747850846, 0, 1069, 1493, 1487, 31, 8.51%, 0, 6, 3, 12.53
1747850856, 0, 1069, 1494, 1488, 31, 8.51%, 0, 6, 3, 12.22
1747850938, 0, 1070, 1494, 1488, 32, 8.51%, 0, 6, 3, 13.39
1747850948, 0, 1071, 1494, 1488, 32, 8.51%, 0, 6, 3, 13.83
1747850959, 0, 1073, 1494, 1488, 32, 8.51%, 0, 6, 3, 13.07
1747850969, 0, 1074, 1494, 1488, 32, 8.51%, 0, 6, 3, 14.72
1747850979, 0, 1075, 1494, 1488, 32, 8.51%, 0, 6, 3, 15.29
1747850984, 0, 1076, 1494, 1488, 32, 8.51%, 0, 6, 3, 14.29
1747850995, 0, 1077, 1494, 1488, 32, 8.51%, 0, 6, 3, 14.32
1747851005, 0, 1077, 1495, 1489, 32, 8.51%, 0, 6, 3, 12.95
1747851015, 0, 1078, 1495, 1489, 32, 8.51%, 0, 6, 3, 13.35
1747851025, 0, 1079, 1495, 1489, 32, 8.51%, 0, 6, 3, 14.34
1747851030, 0, 1080, 1495, 1489, 32, 8.51%, 0, 6, 3, 14.96
1747851041, 0, 1082, 1495, 1489, 32, 8.51%, 0, 6, 3, 12.76
1747851051, 0, 1084, 1495, 1489, 32, 8.51%, 0, 6, 3, 13.04
1747851061, 0, 1087, 1495, 1489, 32, 8.51%, 0, 6, 3, 14.55
1747851071, 0, 1088, 1495, 1489, 32, 8.51%, 0, 6, 3, 14.23
1747851081, 0, 1089, 1495, 1489, 32, 8.51%, 0, 6, 3, 13.67
1747851086, 0, 1090, 1495, 1489, 32, 8.51%, 0, 6, 3, 14.58
1747851097, 0, 1091, 1495, 1489, 32, 8.51%, 0, 6, 3, 14.29
1747851107, 0, 1092, 1495, 1489, 32, 8.51%, 0, 6, 3, 13.34
1747851118, 0, 1095, 1495, 1489, 32, 8.51%, 0, 6, 3, 13.60
1747851128, 0, 1096, 1495, 1489, 32, 8.51%, 0, 6, 3, 13.89
1747851133, 0, 1097, 1495, 1489, 32, 8.51%, 0, 6, 3, 13.72
1747851143, 0, 1098, 1495, 1489, 32, 8.51%, 0, 6, 3, 13.66
1747851154, 0, 1099, 1495, 1489, 32, 8.51%, 0, 6, 3, 11.96
1747851164, 0, 1100, 1495, 1489, 32, 8.51%, 0, 6, 3, 13.60
1747851174, 0, 1102, 1495, 1489, 32, 8.51%, 0, 6, 3, 14.45
1747851184, 0, 1102, 1496, 1490, 32, 8.51%, 0, 6, 3, 12.96
1747851195, 0, 1104, 1496, 1490, 32, 8.51%, 0, 6, 3, 14.17
1747851205, 0, 1105, 1496, 1490, 32, 8.51%, 0, 6, 3, 13.27
1747851210, 0, 1106, 1496, 1490, 32, 8.51%, 0, 6, 3, 14.24
1747851220, 0, 1107, 1496, 1490, 32, 8.51%, 0, 6, 3, 13.69
1747851231, 0, 1108, 1496, 1490, 32, 8.51%, 0, 6, 3, 13.50
1747851241, 0, 1109, 1496, 1490, 32, 8.51%, 0, 6, 3, 14.37
1747851246, 0, 1110, 1496, 1490, 32, 8.51%, 0, 6, 3, 14.89
1747851256, 0, 1111, 1496, 1490, 32, 8.51%, 0, 6, 3, 13.83
1747851266, 0, 1112, 1496, 1490, 32, 8.51%, 0, 6, 3, 14.85
1747851276, 0, 1113, 1496, 1490, 32, 8.51%, 0, 6, 3, 12.91
1747851286, 0, 1114, 1496, 1490, 32, 8.51%, 0, 6, 3, 12.58
1747851297, 0, 1115, 1496, 1490, 32, 8.51%, 0, 6, 3, 13.61
1747851307, 0, 1116, 1496, 1490, 32, 8.51%, 0, 6, 3, 12.06
1747851317, 0, 1117, 1498, 1492, 32, 8.51%, 0, 6, 3, 11.66
1747851358, 0, 1118, 1498, 1492, 32, 8.51%, 0, 6, 3, 14.02
1747851363, 0, 1119, 1498, 1492, 32, 8.51%, 0, 6, 3, 13.54
1747851374, 0, 1120, 1498, 1492, 32, 8.51%, 0, 6, 3, 13.60
1747851384, 0, 1121, 1498, 1492, 32, 8.51%, 0, 6, 3, 13.67
1747851394, 0, 1122, 1498, 1492, 32, 8.51%, 0, 6, 3, 13.59
1747851404, 0, 1123, 1499, 1493, 32, 8.51%, 0, 6, 3, 14.53
1747851420, 0, 1124, 1499, 1493, 32, 8.51%, 0, 6, 3, 13.53
1747851425, 0, 1124, 1500, 1494, 32, 8.51%, 0, 6, 3, 13.81
1747851440, 0, 1125, 1500, 1494, 32, 8.51%, 0, 6, 3, 14.15
1747851451, 0, 1130, 1500, 1494, 32, 8.51%, 0, 6, 3, 14.92
1747851461, 0, 1131, 1500, 1494, 32, 8.51%, 0, 6, 3, 13.90
1747851466, 0, 1132, 1500, 1494, 32, 8.51%, 0, 6, 3, 14.78
1747851471, 0, 1132, 1501, 1495, 32, 8.51%, 0, 6, 3, 13.17
1747851476, 0, 1132, 1502, 1496, 32, 8.52%, 0, 6, 3, 13.34
1747851507, 0, 1133, 1502, 1496, 33, 8.52%, 0, 6, 3, 14.76
1747851512, 0, 1134, 1502, 1496, 33, 8.52%, 0, 6, 3, 13.95
1747851522, 0, 1135, 1502, 1496, 33, 8.52%, 0, 6, 3, 13.58
1747851532, 0, 1137, 1502, 1496, 33, 8.52%, 0, 6, 3, 14.36
1747851543, 0, 1137, 1503, 1497, 33, 8.52%, 0, 6, 3, 14.42
1747851553, 0, 1138, 1503, 1497, 33, 8.52%, 0, 6, 3, 13.90
1747851558, 0, 1140, 1503, 1497, 33, 8.52%, 0, 6, 3, 14.50
1747851568, 0, 1141, 1503, 1497, 33, 8.52%, 0, 6, 3, 14.78
1747851578, 0, 1143, 1503, 1497, 33, 8.52%, 0, 6, 3, 13.26
1747851589, 0, 1144, 1503, 1497, 33, 8.52%, 0, 6, 3, 12.54
1747851599, 0, 1145, 1503, 1497, 33, 8.52%, 0, 6, 3, 12.98
1747851604, 0, 1145, 1504, 1498, 33, 8.52%, 0, 6, 3, 10.96
1747851609, 0, 1145, 1505, 1499, 33, 8.52%, 0, 6, 3, 12.33
1747851640, 0, 1146, 1505, 1499, 33, 8.52%, 0, 6, 3, 12.79
1747851651, 0, 1147, 1505, 1499, 33, 8.52%, 0, 6, 3, 13.82
1747851661, 0, 1151, 1505, 1499, 33, 8.52%, 0, 6, 3, 13.37
1747851666, 0, 1152, 1505, 1499, 33, 8.52%, 0, 6, 3, 13.40
1747851676, 0, 1154, 1505, 1499, 33, 8.52%, 0, 6, 3, 13.94
1747851687, 0, 1155, 1505, 1499, 33, 8.52%, 0, 6, 3, 14.62
1747851697, 0, 1156, 1505, 1499, 33, 8.52%, 0, 6, 3, 13.16
1747851707, 0, 1157, 1505, 1499, 33, 8.52%, 0, 6, 3, 13.28
1747851717, 0, 1158, 1505, 1499, 33, 8.52%, 0, 6, 3, 14.10
1747851722, 0, 1160, 1505, 1499, 33, 8.52%, 0, 6, 3, 13.80
1747851733, 0, 1161, 1505, 1499, 33, 8.52%, 0, 6, 3, 14.07
1747851743, 0, 1161, 1506, 1500, 33, 8.52%, 0, 6, 3, 14.89
1747851748, 0, 1161, 1507, 1501, 33, 8.52%, 0, 6, 3, 14.08
1747851773, 0, 1162, 1507, 1501, 33, 8.52%, 0, 6, 3, 13.43
1747851779, 0, 1163, 1507, 1501, 33, 8.52%, 0, 6, 3, 14.39
1747851789, 0, 1165, 1507, 1501, 33, 8.52%, 0, 6, 3, 13.97
1747851799, 0, 1166, 1507, 1501, 33, 8.52%, 0, 6, 3, 13.56
1747851809, 0, 1167, 1507, 1501, 33, 8.52%, 0, 6, 3, 12.29
1747851819, 0, 1168, 1507, 1501, 33, 8.52%, 0, 6, 3, 12.54
1747851830, 0, 1169, 1507, 1501, 33, 8.52%, 0, 6, 3, 14.31
1747851835, 0, 1170, 1507, 1501, 33, 8.52%, 0, 6, 3, 13.59
1747851845, 0, 1171, 1507, 1501, 33, 8.52%, 0, 6, 3, 13.26
1747851855, 0, 1172, 1507, 1501, 33, 8.52%, 0, 6, 3, 13.06
1747851866, 0, 1173, 1508, 1502, 33, 8.52%, 0, 6, 3, 12.58
1747851886, 0, 1174, 1508, 1502, 33, 8.52%, 0, 6, 3, 13.47
1747851896, 0, 1175, 1508, 1502, 33, 8.52%, 0, 6, 3, 13.97
1747851907, 0, 1176, 1508, 1502, 33, 8.52%, 0, 6, 3, 14.22
1747851912, 0, 1178, 1508, 1502, 33, 8.52%, 0, 6, 3, 14.32
1747851922, 0, 1179, 1508, 1502, 33, 8.52%, 0, 6, 3, 14.54
1747851932, 0, 1180, 1509, 1503, 33, 8.52%, 0, 6, 3, 12.30
1747851937, 0, 1180, 1510, 1504, 33, 8.52%, 0, 6, 3, 11.52
1747851973, 0, 1182, 1510, 1504, 33, 8.52%, 0, 6, 3, 13.13
1747851983, 0, 1183, 1510, 1504, 33, 8.52%, 0, 6, 3, 12.69
1747851993, 0, 1184, 1510, 1504, 33, 8.52%, 0, 6, 3, 12.82
1747851999, 0, 1184, 1511, 1505, 33, 8.52%, 0, 6, 3, 12.15
1747852014, 0, 1187, 1511, 1505, 33, 8.52%, 0, 6, 3, 13.31
1747852024, 0, 1188, 1511, 1505, 33, 8.52%, 0, 6, 3, 14.52
1747852035, 0, 1190, 1511, 1505, 33, 8.52%, 0, 6, 3, 13.84
1747852040, 0, 1191, 1511, 1505, 33, 8.52%, 0, 6, 3, 14.42
1747852050, 0, 1192, 1511, 1505, 33, 8.52%, 0, 6, 3, 14.67
1747852061, 0, 1193, 1511, 1505, 33, 8.52%, 0, 6, 3, 13.57
1747852071, 0, 1194, 1511, 1505, 33, 8.52%, 0, 6, 3, 13.78
1747852081, 0, 1196, 1511, 1505, 33, 8.52%, 0, 6, 3, 13.65
1747852086, 0, 1197, 1511, 1505, 33, 8.52%, 0, 6, 3, 13.82
1747852097, 0, 1198, 1511, 1505, 33, 8.52%, 0, 6, 3, 14.28
1747852107, 0, 1199, 1511, 1505, 33, 8.52%, 0, 6, 3, 14.28
1747852117, 0, 1199, 1513, 1507, 33, 8.52%, 0, 6, 3, 13.02
1747852147, 0, 1200, 1513, 1507, 34, 8.52%, 0, 6, 3, 14.60
1747852158, 0, 1201, 1513, 1507, 34, 8.52%, 0, 6, 3, 14.16
1747852163, 0, 1203, 1513, 1507, 34, 8.52%, 0, 6, 3, 13.33
1747852173, 0, 1206, 1513, 1507, 34, 8.52%, 0, 6, 3, 14.19
1747852183, 0, 1207, 1513, 1507, 34, 8.52%, 0, 6, 3, 12.98
1747852193, 0, 1209, 1514, 1508, 34, 8.52%, 0, 6, 3, 12.38
1747852214, 0, 1211, 1514, 1508, 34, 8.52%, 0, 6, 3, 13.52
1747852224, 0, 1212, 1514, 1508, 34, 8.52%, 0, 6, 3, 12.31
1747852234, 0, 1213, 1514, 1508, 34, 8.52%, 0, 6, 3, 12.42
1747852244, 0, 1214, 1514, 1508, 34, 8.52%, 0, 6, 3, 14.13
1747852255, 0, 1215, 1514, 1508, 34, 8.52%, 0, 6, 3, 14.12
1747852260, 0, 1216, 1515, 1509, 34, 8.52%, 0, 6, 3, 12.21
1747852280, 0, 1217, 1515, 1509, 34, 8.52%, 0, 6, 3, 13.52
1747852291, 0, 1218, 1515, 1509, 34, 8.52%, 0, 6, 3, 14.27
1747852296, 0, 1218, 1516, 1510, 34, 8.52%, 0, 6, 3, 12.97
1747852311, 0, 1219, 1516, 1510, 34, 8.52%, 0, 6, 3, 12.89
1747852321, 0, 1220, 1516, 1510, 34, 8.52%, 0, 6, 3, 13.46
1747852331, 0, 1221, 1516, 1510, 34, 8.52%, 0, 6, 3, 14.38
1747852342, 0, 1222, 1516, 1510, 34, 8.52%, 0, 6, 3, 13.39
1747852347, 0, 1224, 1516, 1510, 34, 8.52%, 0, 6, 3, 14.34
1747852357, 0, 1225, 1516, 1510, 34, 8.52%, 0, 6, 3, 13.44
1747852367, 0, 1227, 1516, 1510, 34, 8.52%, 0, 6, 3, 14.16
1747852378, 0, 1228, 1516, 1510, 34, 8.52%, 0, 6, 3, 14.08
1747852388, 0, 1229, 1516, 1510, 34, 8.52%, 0, 6, 3, 13.60
1747852393, 0, 1230, 1516, 1510, 34, 8.52%, 0, 6, 3, 14.68
1747852403, 0, 1231, 1516, 1510, 34, 8.52%, 0, 6, 3, 13.49
1747852414, 0, 1232, 1516, 1510, 34, 8.52%, 0, 6, 3, 11.80
1747852424, 0, 1233, 1516, 1510, 34, 8.52%, 0, 6, 3, 13.91
1747852429, 0, 1233, 1517, 1511, 34, 8.52%, 0, 6, 3, 12.53
1747852444, 0, 1234, 1517, 1511, 34, 8.52%, 0, 6, 3, 14.14
