# unix_time, cycles_done, cur_path, paths_total, pending_total, pending_favs, map_size, unique_crashes, unique_hangs, max_depth, execs_per_sec
1747817516, 0, 0, 1, 1, 1, 3.78%, 0, 0, 1, 56.34
1747817521, 0, 0, 20, 20, 1, 5.47%, 0, 0, 2, 53.02
1747817526, 0, 0, 40, 40, 1, 5.48%, 0, 0, 2, 49.98
1747817531, 0, 0, 54, 54, 1, 5.49%, 0, 0, 2, 49.39
1747817536, 0, 0, 67, 67, 1, 5.49%, 0, 0, 2, 49.85
1747817542, 0, 0, 80, 80, 1, 5.49%, 0, 0, 2, 49.24
1747817547, 0, 0, 93, 93, 1, 5.56%, 0, 0, 2, 48.87
1747817552, 0, 0, 103, 103, 1, 5.56%, 0, 0, 2, 49.25
1747817557, 0, 0, 110, 110, 1, 5.62%, 0, 0, 2, 49.96
1747817562, 0, 0, 117, 117, 1, 5.62%, 0, 0, 2, 50.81
1747817567, 0, 0, 125, 125, 1, 5.62%, 0, 0, 2, 50.95
1747817572, 0, 0, 133, 133, 1, 5.63%, 0, 0, 2, 50.41
1747817577, 0, 0, 140, 140, 1, 5.63%, 0, 0, 2, 50.92
1747817582, 0, 0, 144, 144, 1, 5.63%, 0, 0, 2, 52.52
1747817587, 0, 0, 150, 150, 1, 5.63%, 0, 0, 2, 51.48
1747817592, 0, 0, 154, 154, 1, 5.63%, 0, 0, 2, 52.35
1747817597, 0, 0, 159, 159, 1, 5.63%, 0, 0, 2, 51.95
1747817602, 0, 0, 164, 164, 1, 5.63%, 0, 0, 2, 51.70
1747817607, 0, 0, 169, 169, 1, 5.63%, 0, 0, 2, 51.88
1747817613, 0, 0, 172, 172, 1, 5.63%, 0, 0, 2, 53.42
1747817618, 0, 0, 175, 175, 1, 5.63%, 0, 0, 2, 52.64
1747817623, 0, 0, 177, 177, 1, 5.63%, 0, 0, 2, 52.97
1747817628, 0, 0, 181, 181, 1, 5.63%, 0, 0, 2, 53.19
1747817633, 0, 0, 186, 186, 1, 5.66%, 0, 0, 2, 51.09
1747817638, 0, 0, 188, 188, 1, 5.66%, 0, 0, 2, 53.54
1747817643, 0, 0, 189, 189, 1, 5.66%, 0, 0, 2, 53.55
1747817648, 0, 0, 194, 194, 1, 5.66%, 0, 0, 2, 52.38
1747817653, 0, 0, 197, 197, 1, 5.66%, 0, 0, 2, 53.04
1747817658, 0, 0, 201, 201, 1, 5.66%, 0, 0, 2, 53.03
1747817663, 0, 0, 202, 202, 1, 5.66%, 0, 0, 2, 53.87
1747817668, 0, 0, 205, 205, 1, 5.66%, 0, 0, 2, 53.53
1747817679, 0, 0, 207, 207, 1, 5.66%, 0, 0, 2, 53.51
1747817684, 0, 0, 208, 208, 1, 5.66%, 0, 0, 2, 53.92
1747817689, 0, 0, 211, 211, 1, 5.66%, 0, 0, 2, 52.94
1747817699, 0, 0, 215, 215, 1, 5.66%, 0, 0, 2, 51.64
1747817704, 0, 0, 219, 219, 1, 5.66%, 0, 0, 2, 50.04
1747817709, 0, 0, 221, 221, 1, 5.66%, 0, 0, 2, 53.01
1747817714, 0, 0, 222, 222, 1, 5.66%, 0, 0, 2, 53.92
1747817719, 0, 0, 226, 226, 1, 5.66%, 0, 0, 2, 51.88
1747817724, 0, 0, 227, 227, 1, 5.66%, 0, 0, 2, 52.74
1747817734, 0, 0, 230, 230, 1, 5.66%, 0, 0, 2, 53.45
1747817739, 0, 0, 232, 232, 1, 5.66%, 0, 0, 2, 51.82
1747817744, 0, 0, 233, 233, 1, 5.66%, 0, 0, 2, 53.91
1747817750, 0, 0, 235, 235, 1, 5.66%, 0, 0, 2, 53.50
1747817755, 0, 0, 237, 237, 1, 5.66%, 0, 0, 2, 52.45
1747817765, 0, 0, 238, 238, 1, 5.66%, 0, 0, 2, 53.58
1747817770, 0, 0, 239, 239, 1, 5.66%, 0, 0, 2, 53.22
1747817775, 0, 0, 240, 240, 1, 5.66%, 0, 0, 2, 54.17
1747817780, 0, 0, 241, 241, 1, 5.66%, 0, 0, 2, 53.89
1747817785, 0, 0, 243, 243, 1, 5.66%, 0, 0, 2, 53.43
1747817790, 0, 0, 244, 244, 1, 5.66%, 0, 0, 2, 53.23
1747817800, 0, 0, 245, 245, 1, 5.66%, 0, 0, 2, 53.71
1747817805, 0, 0, 246, 246, 1, 5.66%, 0, 0, 2, 53.34
1747817825, 0, 0, 247, 247, 1, 5.66%, 0, 0, 2, 54.20
1747817836, 0, 0, 248, 248, 1, 5.66%, 0, 0, 2, 53.46
1747817866, 0, 1, 249, 248, 12, 5.66%, 0, 0, 2, 52.50
1747817871, 0, 1, 265, 264, 12, 5.69%, 0, 0, 2, 33.89
1747817876, 0, 1, 278, 277, 12, 5.69%, 0, 0, 2, 29.46
1747817882, 0, 1, 292, 291, 12, 5.69%, 0, 0, 2, 29.19
1747817887, 0, 1, 304, 303, 12, 5.70%, 0, 0, 2, 27.86
1747817892, 0, 1, 316, 315, 12, 5.70%, 0, 0, 2, 28.65
1747817897, 0, 1, 325, 324, 12, 5.70%, 0, 0, 2, 28.80
1747817902, 0, 1, 332, 331, 12, 5.70%, 0, 0, 2, 27.99
1747817907, 0, 1, 337, 336, 12, 5.70%, 0, 0, 2, 28.99
1747817912, 0, 1, 344, 343, 12, 5.72%, 0, 0, 2, 28.52
1747817917, 0, 1, 349, 348, 12, 5.73%, 0, 0, 2, 28.56
1747817923, 0, 1, 352, 351, 12, 5.73%, 0, 0, 2, 29.11
1747817928, 0, 1, 355, 354, 12, 5.74%, 0, 0, 2, 29.01
1747817933, 0, 1, 358, 357, 12, 5.74%, 0, 0, 2, 28.61
1747817938, 0, 1, 360, 359, 12, 5.74%, 0, 0, 2, 29.27
1747817943, 0, 1, 362, 361, 12, 5.74%, 0, 0, 2, 29.18
1747817948, 0, 1, 363, 362, 12, 5.74%, 0, 0, 2, 29.78
1747817953, 0, 1, 366, 365, 12, 5.74%, 0, 0, 2, 28.95
1747817958, 0, 1, 370, 369, 12, 5.74%, 0, 0, 2, 28.62
1747817963, 0, 1, 374, 373, 12, 5.74%, 0, 0, 2, 29.18
1747817969, 0, 1, 375, 374, 12, 5.74%, 0, 0, 2, 29.54
1747817974, 0, 1, 378, 377, 12, 5.74%, 0, 0, 2, 28.92
1747817979, 0, 1, 381, 380, 12, 5.74%, 0, 0, 2, 28.67
1747817984, 0, 1, 383, 382, 12, 5.74%, 0, 0, 2, 28.71
1747817994, 0, 1, 384, 383, 12, 5.74%, 0, 0, 2, 29.26
1747817999, 0, 1, 386, 385, 12, 5.74%, 0, 0, 2, 28.99
1747818005, 0, 1, 387, 386, 12, 5.74%, 0, 0, 2, 29.59
1747818010, 0, 1, 389, 388, 12, 5.74%, 0, 0, 2, 29.12
1747818015, 0, 1, 390, 389, 12, 5.74%, 0, 0, 2, 29.48
1747818035, 0, 1, 392, 391, 12, 5.88%, 0, 0, 2, 28.90
1747818040, 0, 1, 395, 394, 12, 5.88%, 0, 0, 2, 29.31
1747818051, 0, 2, 397, 396, 11, 5.88%, 0, 0, 2, 28.08
1747818056, 0, 2, 398, 397, 11, 5.88%, 0, 0, 2, 28.52
1747818061, 0, 2, 402, 401, 11, 5.89%, 0, 0, 2, 28.65
1747818066, 0, 2, 403, 402, 11, 5.89%, 0, 0, 2, 28.79
1747818071, 0, 2, 406, 405, 11, 5.89%, 0, 0, 2, 28.18
1747818076, 0, 2, 408, 407, 11, 5.89%, 0, 0, 2, 28.35
1747818081, 0, 2, 410, 409, 11, 5.89%, 0, 0, 2, 28.30
1747818086, 0, 2, 412, 411, 11, 5.89%, 0, 0, 2, 27.98
1747818096, 0, 2, 414, 413, 11, 5.89%, 0, 0, 2, 27.91
1747818101, 0, 2, 416, 415, 11, 5.89%, 0, 0, 2, 27.81
1747818106, 0, 2, 417, 416, 11, 5.89%, 0, 0, 2, 28.37
1747818112, 0, 2, 419, 418, 11, 5.89%, 0, 0, 2, 28.33
1747818117, 0, 2, 421, 420, 11, 5.89%, 0, 0, 2, 28.32
1747818122, 0, 2, 422, 421, 11, 5.89%, 0, 0, 2, 28.52
1747818132, 0, 2, 423, 422, 11, 5.89%, 0, 0, 2, 28.48
1747818137, 0, 2, 427, 426, 11, 5.89%, 0, 0, 2, 27.90
1747818152, 0, 2, 429, 428, 11, 5.89%, 0, 0, 2, 28.17
1747818157, 0, 2, 430, 429, 11, 5.89%, 0, 0, 2, 28.39
1747818168, 0, 2, 432, 431, 11, 5.89%, 0, 0, 2, 27.99
1747818173, 0, 2, 435, 434, 11, 6.12%, 0, 0, 2, 27.20
1747818178, 0, 2, 437, 436, 11, 6.12%, 0, 0, 2, 28.23
1747818193, 0, 2, 438, 437, 11, 6.12%, 0, 0, 2, 28.37
1747818198, 0, 2, 440, 439, 11, 6.12%, 0, 0, 2, 28.37
1747818208, 0, 3, 446, 445, 13, 6.12%, 0, 0, 2, 24.21
1747818213, 0, 3, 457, 456, 13, 6.27%, 0, 0, 2, 19.98
1747818218, 0, 3, 467, 466, 13, 6.27%, 0, 0, 2, 19.02
1747818223, 0, 3, 477, 476, 13, 6.27%, 0, 0, 2, 18.54
1747818228, 0, 3, 486, 485, 13, 6.30%, 0, 0, 2, 18.41
1747818234, 0, 3, 496, 495, 13, 6.30%, 0, 0, 2, 18.55
1747818239, 0, 3, 505, 504, 13, 6.30%, 0, 0, 2, 17.52
1747818244, 0, 3, 514, 513, 13, 6.30%, 0, 0, 2, 17.94
1747818249, 0, 3, 522, 521, 13, 6.30%, 0, 0, 2, 18.02
1747818254, 0, 3, 530, 529, 13, 6.38%, 0, 0, 2, 17.97
1747818259, 0, 3, 537, 536, 13, 6.38%, 0, 0, 2, 18.01
1747818264, 0, 3, 544, 543, 13, 6.38%, 0, 0, 2, 18.33
1747818269, 0, 3, 552, 551, 13, 6.38%, 0, 0, 2, 18.04
1747818274, 0, 3, 560, 559, 13, 6.38%, 0, 0, 2, 17.73
1747818279, 0, 3, 569, 568, 13, 6.38%, 0, 0, 2, 18.29
1747818284, 0, 3, 576, 575, 13, 6.38%, 0, 0, 2, 17.77
1747818289, 0, 3, 583, 582, 13, 6.38%, 0, 0, 2, 17.72
1747818295, 0, 3, 587, 586, 13, 6.38%, 0, 0, 2, 18.54
1747818300, 0, 3, 595, 594, 13, 6.38%, 0, 0, 2, 18.49
1747818305, 0, 3, 599, 598, 13, 6.38%, 0, 0, 2, 18.50
1747818310, 0, 3, 605, 604, 13, 6.38%, 0, 0, 2, 17.80
1747818315, 0, 3, 612, 611, 13, 6.38%, 0, 0, 2, 18.05
1747818320, 0, 3, 617, 616, 13, 6.38%, 0, 0, 2, 19.03
1747818325, 0, 3, 621, 620, 13, 6.38%, 0, 0, 2, 18.97
1747818330, 0, 3, 625, 624, 13, 6.38%, 0, 0, 2, 18.47
1747818335, 0, 3, 628, 627, 13, 6.38%, 0, 0, 2, 18.75
1747818341, 0, 3, 630, 629, 13, 6.38%, 0, 0, 2, 19.01
1747818346, 0, 3, 634, 633, 13, 6.38%, 0, 0, 2, 18.43
1747818351, 0, 3, 637, 636, 13, 6.38%, 0, 0, 2, 18.60
1747818356, 0, 3, 639, 638, 13, 6.38%, 0, 0, 2, 18.85
1747818361, 0, 3, 642, 641, 13, 6.38%, 0, 0, 2, 18.85
1747818366, 0, 3, 643, 642, 13, 6.38%, 0, 0, 2, 18.80
1747818371, 0, 3, 644, 643, 13, 6.38%, 0, 0, 2, 18.76
1747818376, 0, 3, 646, 645, 13, 6.38%, 0, 0, 2, 19.20
1747818381, 0, 3, 648, 647, 13, 6.38%, 0, 0, 2, 19.07
1747818386, 0, 3, 651, 650, 13, 6.38%, 0, 0, 2, 18.84
1747818391, 0, 3, 652, 651, 13, 6.38%, 0, 0, 2, 19.07
1747818396, 0, 3, 654, 653, 13, 6.38%, 0, 0, 2, 19.29
1747818401, 0, 3, 657, 656, 13, 6.38%, 0, 0, 2, 18.58
1747818406, 0, 3, 658, 657, 13, 6.38%, 0, 0, 2, 19.09
1747818412, 0, 3, 660, 659, 13, 6.38%, 0, 0, 2, 19.17
1747818427, 0, 3, 662, 661, 13, 6.38%, 0, 0, 2, 18.94
1747818432, 0, 3, 665, 664, 13, 6.39%, 0, 0, 2, 19.06
1747818437, 0, 3, 666, 665, 13, 6.39%, 0, 0, 2, 18.79
1747818442, 0, 3, 667, 666, 13, 6.39%, 0, 0, 2, 19.11
1747818452, 0, 3, 671, 670, 13, 6.40%, 0, 0, 2, 18.34
1747818457, 0, 3, 673, 672, 13, 6.41%, 0, 0, 2, 18.13
1747818462, 0, 3, 676, 675, 13, 6.41%, 0, 0, 2, 17.94
1747818468, 0, 3, 677, 676, 13, 6.41%, 0, 0, 2, 18.45
1747818473, 0, 3, 678, 677, 13, 6.41%, 0, 0, 2, 18.23
1747818478, 0, 3, 679, 678, 13, 6.41%, 0, 0, 2, 18.47
1747818483, 0, 3, 680, 679, 13, 6.41%, 0, 0, 2, 17.76
1747818488, 0, 3, 682, 681, 13, 6.41%, 0, 0, 2, 17.87
1747818493, 0, 3, 684, 683, 13, 6.41%, 0, 0, 2, 17.91
1747818498, 0, 3, 687, 686, 13, 6.41%, 0, 0, 2, 17.69
1747818504, 0, 3, 688, 687, 13, 6.41%, 0, 0, 2, 18.69
1747818509, 0, 3, 690, 689, 13, 6.41%, 0, 0, 2, 18.64
1747818519, 0, 3, 691, 690, 13, 6.41%, 0, 0, 2, 18.28
1747818539, 0, 4, 691, 690, 18, 6.41%, 0, 0, 2, 18.79
1747818544, 0, 4, 692, 691, 18, 6.41%, 0, 0, 2, 18.80
1747818550, 0, 4, 693, 692, 18, 6.41%, 0, 0, 2, 18.66
1747818565, 0, 4, 694, 693, 18, 6.41%, 0, 0, 2, 19.05
1747818570, 0, 4, 695, 694, 18, 6.41%, 0, 0, 2, 19.01
1747818580, 0, 4, 696, 695, 18, 6.41%, 0, 0, 2, 18.68
1747818591, 0, 4, 698, 697, 18, 6.41%, 0, 0, 2, 18.19
1747818611, 0, 4, 699, 698, 18, 6.41%, 0, 0, 2, 18.98
1747818636, 0, 4, 700, 699, 18, 6.41%, 0, 0, 2, 18.90
1747818708, 0, 4, 701, 700, 18, 6.41%, 0, 0, 2, 18.71
1747818723, 0, 4, 702, 701, 18, 6.41%, 0, 0, 2, 18.88
1747818738, 0, 4, 703, 702, 18, 6.41%, 0, 0, 2, 18.86
1747818749, 0, 4, 704, 703, 18, 6.41%, 0, 0, 2, 19.01
1747818754, 0, 4, 705, 704, 18, 6.41%, 0, 0, 2, 18.67
1747818759, 0, 5, 707, 706, 18, 6.41%, 0, 0, 2, 17.35
1747818764, 0, 5, 714, 713, 18, 6.48%, 0, 0, 2, 14.15
1747818769, 0, 5, 720, 719, 18, 6.48%, 0, 0, 2, 13.91
1747818774, 0, 5, 726, 725, 18, 6.48%, 0, 0, 2, 13.32
1747818779, 0, 5, 732, 731, 18, 6.48%, 0, 0, 2, 13.19
1747818784, 0, 5, 737, 736, 18, 6.48%, 0, 0, 2, 13.23
1747818790, 0, 5, 740, 739, 18, 6.48%, 0, 0, 2, 13.25
1747818795, 0, 5, 742, 741, 18, 6.48%, 0, 0, 2, 13.31
1747818800, 0, 5, 744, 743, 18, 6.48%, 0, 0, 2, 13.55
1747818805, 0, 5, 748, 747, 18, 6.48%, 0, 0, 2, 13.72
1747818810, 0, 5, 750, 749, 18, 6.48%, 0, 0, 2, 13.54
1747818815, 0, 5, 752, 751, 18, 6.48%, 0, 0, 2, 14.05
1747818820, 0, 5, 755, 754, 18, 6.48%, 0, 0, 2, 13.28
1747818825, 0, 5, 758, 757, 18, 6.48%, 0, 0, 2, 13.40
1747818831, 0, 5, 760, 759, 18, 6.48%, 0, 0, 2, 13.35
1747818836, 0, 5, 762, 761, 18, 6.48%, 0, 0, 2, 13.43
1747818841, 0, 5, 764, 763, 18, 6.48%, 0, 0, 2, 13.91
1747818851, 0, 5, 765, 764, 18, 6.48%, 0, 0, 2, 13.85
1747818856, 0, 5, 766, 765, 18, 6.50%, 0, 0, 2, 13.81
1747818861, 0, 5, 767, 766, 18, 6.50%, 0, 0, 2, 14.07
1747818867, 0, 5, 769, 768, 18, 6.50%, 0, 0, 2, 13.76
1747818872, 0, 5, 770, 769, 18, 6.50%, 0, 0, 2, 13.52
1747818877, 0, 5, 771, 770, 18, 6.50%, 0, 0, 2, 13.71
1747818882, 0, 5, 773, 772, 18, 6.50%, 0, 0, 2, 13.27
1747818887, 0, 5, 774, 773, 18, 6.50%, 0, 0, 2, 13.67
1747818892, 0, 5, 776, 775, 18, 6.50%, 0, 0, 2, 13.63
1747818897, 0, 5, 777, 776, 18, 6.50%, 0, 0, 2, 13.58
1747818902, 0, 5, 778, 777, 18, 6.50%, 0, 0, 2, 13.68
1747818908, 0, 5, 780, 779, 18, 6.50%, 0, 0, 2, 13.90
1747818913, 0, 5, 781, 780, 18, 6.50%, 0, 0, 2, 13.56
1747818918, 0, 5, 784, 783, 18, 6.50%, 0, 0, 2, 13.83
1747818933, 0, 5, 785, 784, 18, 6.50%, 0, 0, 2, 14.05
1747818954, 0, 5, 787, 786, 18, 6.50%, 0, 0, 2, 13.57
1747818959, 0, 5, 788, 787, 18, 6.50%, 0, 0, 2, 14.10
1747818964, 0, 5, 789, 788, 18, 6.50%, 0, 0, 2, 13.75
1747818974, 0, 5, 791, 790, 18, 6.50%, 0, 0, 2, 13.84
1747818979, 0, 5, 792, 791, 18, 6.50%, 0, 0, 2, 13.92
1747818995, 0, 5, 795, 794, 18, 6.50%, 0, 0, 2, 13.64
1747819005, 0, 5, 797, 796, 18, 6.50%, 0, 0, 2, 13.79
1747819021, 0, 5, 798, 797, 18, 6.50%, 0, 0, 2, 13.79
1747819041, 0, 5, 799, 798, 18, 6.50%, 0, 0, 2, 13.84
1747819046, 0, 5, 800, 799, 18, 6.66%, 0, 0, 2, 13.87
1747819056, 0, 5, 801, 800, 18, 6.66%, 0, 0, 2, 13.94
1747819061, 0, 5, 802, 801, 18, 6.66%, 0, 0, 2, 14.03
1747819067, 0, 5, 803, 802, 18, 6.66%, 0, 0, 2, 14.11
1747819082, 0, 5, 804, 803, 18, 6.66%, 0, 0, 2, 14.61
1747819102, 0, 5, 805, 804, 18, 6.66%, 0, 0, 2, 15.42
1747819113, 0, 6, 807, 806, 16, 6.66%, 0, 0, 2, 13.39
1747819118, 0, 6, 810, 809, 16, 6.66%, 0, 0, 2, 12.39
1747819123, 0, 6, 813, 812, 16, 6.66%, 0, 0, 2, 12.15
1747819128, 0, 6, 815, 814, 16, 6.66%, 0, 0, 2, 12.34
1747819133, 0, 6, 817, 816, 16, 6.66%, 0, 0, 2, 12.68
1747819138, 0, 6, 819, 818, 16, 6.68%, 0, 0, 2, 12.44
1747819148, 0, 6, 820, 819, 16, 6.68%, 0, 0, 2, 12.66
1747819158, 0, 6, 821, 820, 16, 6.68%, 0, 0, 2, 12.12
1747819163, 0, 6, 822, 821, 16, 6.68%, 0, 0, 2, 12.82
1747819169, 0, 6, 824, 823, 16, 6.68%, 0, 0, 2, 12.57
1747819174, 0, 6, 825, 824, 16, 6.68%, 0, 0, 2, 11.82
1747819189, 0, 6, 827, 826, 16, 6.68%, 0, 0, 2, 12.30
1747819194, 0, 6, 828, 827, 16, 6.69%, 0, 0, 2, 12.29
1747819204, 0, 6, 829, 828, 16, 6.69%, 0, 0, 2, 12.10
1747819209, 0, 6, 830, 829, 16, 6.69%, 0, 0, 2, 11.76
1747819215, 0, 6, 831, 830, 16, 6.69%, 0, 0, 2, 12.30
1747819220, 0, 6, 832, 831, 16, 6.69%, 0, 0, 2, 12.25
1747819225, 0, 6, 833, 832, 16, 6.69%, 0, 0, 2, 12.35
1747819230, 0, 6, 834, 833, 16, 6.69%, 0, 0, 2, 12.11
1747819235, 0, 6, 835, 834, 16, 6.69%, 0, 0, 2, 12.58
1747819251, 0, 6, 836, 835, 16, 6.69%, 0, 0, 2, 11.86
1747819272, 0, 6, 837, 836, 16, 6.69%, 0, 0, 2, 12.24
1747819308, 0, 6, 838, 837, 16, 6.69%, 0, 0, 2, 12.04
1747819313, 0, 6, 839, 838, 16, 6.69%, 0, 0, 2, 12.39
1747819318, 0, 6, 840, 839, 16, 6.69%, 0, 0, 2, 12.38
1747819328, 0, 6, 841, 840, 16, 6.69%, 0, 0, 2, 12.61
1747819344, 0, 6, 842, 841, 16, 6.69%, 0, 0, 2, 11.71
1747819349, 0, 6, 843, 842, 16, 6.69%, 0, 0, 2, 12.18
1747819385, 0, 6, 845, 844, 16, 6.70%, 0, 0, 2, 12.03
1747819426, 0, 6, 846, 845, 16, 6.70%, 0, 0, 2, 12.15
1747819431, 0, 6, 847, 846, 16, 6.70%, 0, 0, 2, 11.91
1747819456, 0, 6, 848, 847, 16, 6.70%, 0, 0, 2, 11.92
1747819471, 0, 7, 848, 847, 15, 6.70%, 0, 0, 2, 13.48
1747819477, 0, 7, 849, 848, 15, 6.70%, 0, 0, 2, 16.26
1747819487, 0, 10, 849, 848, 15, 6.70%, 0, 0, 2, 16.47
1747819492, 0, 10, 850, 849, 15, 6.70%, 0, 0, 2, 13.31
1747819507, 0, 11, 850, 849, 15, 6.70%, 0, 0, 2, 12.30
1747819513, 0, 11, 852, 851, 15, 6.70%, 0, 0, 2, 11.26
1747819518, 0, 11, 855, 854, 15, 6.70%, 0, 0, 2, 11.00
1747819523, 0, 11, 857, 856, 15, 6.70%, 0, 0, 2, 10.56
1747819528, 0, 11, 858, 857, 15, 6.70%, 0, 0, 2, 11.02
1747819533, 0, 11, 860, 859, 15, 6.70%, 0, 0, 2, 10.91
1747819538, 0, 11, 863, 862, 15, 6.71%, 0, 0, 2, 10.55
1747819543, 0, 11, 867, 866, 15, 6.71%, 0, 0, 2, 10.20
1747819553, 0, 11, 868, 867, 15, 6.71%, 0, 0, 2, 10.91
1747819563, 0, 11, 870, 869, 15, 6.71%, 0, 0, 2, 10.73
1747819569, 0, 11, 873, 872, 15, 6.71%, 0, 0, 2, 11.11
1747819574, 0, 11, 874, 873, 15, 6.71%, 0, 0, 2, 10.55
1747819584, 0, 11, 875, 874, 15, 6.71%, 0, 0, 2, 10.87
1747819589, 0, 11, 877, 876, 15, 6.71%, 0, 0, 2, 10.61
1747819600, 0, 11, 878, 877, 15, 6.71%, 0, 0, 2, 11.36
1747819605, 0, 11, 879, 878, 15, 6.73%, 0, 0, 2, 11.38
1747819610, 0, 11, 880, 879, 15, 6.73%, 0, 0, 2, 11.67
1747819615, 0, 11, 881, 880, 15, 6.73%, 0, 0, 2, 10.96
1747819620, 0, 11, 883, 882, 15, 6.73%, 0, 0, 2, 10.49
1747819641, 0, 11, 884, 883, 15, 6.73%, 0, 0, 2, 10.97
1747819651, 0, 11, 885, 884, 15, 6.73%, 0, 0, 2, 10.75
1747819661, 0, 11, 887, 886, 15, 6.73%, 0, 0, 2, 10.74
1747819671, 0, 11, 888, 887, 15, 6.73%, 0, 0, 2, 10.96
1747819691, 0, 11, 889, 888, 15, 6.73%, 0, 0, 2, 11.07
1747819707, 0, 11, 891, 890, 15, 6.73%, 0, 0, 2, 10.76
1747819717, 0, 11, 892, 891, 15, 6.73%, 0, 0, 2, 11.39
1747819722, 0, 11, 893, 892, 15, 6.73%, 0, 0, 2, 11.30
1747819728, 0, 11, 894, 893, 15, 6.73%, 0, 0, 2, 11.01
1747819743, 0, 11, 896, 895, 15, 6.73%, 0, 0, 2, 11.50
1747819748, 0, 11, 897, 896, 15, 6.73%, 0, 0, 2, 10.51
1747819759, 0, 11, 898, 897, 15, 6.73%, 0, 0, 2, 11.48
1747819769, 0, 11, 900, 899, 15, 6.73%, 0, 0, 2, 11.78
1747819779, 0, 11, 901, 900, 15, 6.74%, 0, 0, 2, 11.83
1747819799, 0, 11, 902, 901, 15, 6.74%, 0, 0, 2, 11.20
1747819805, 0, 11, 904, 903, 15, 6.78%, 0, 0, 2, 11.49
1747819810, 0, 11, 906, 905, 15, 6.78%, 0, 0, 2, 11.38
1747819815, 0, 11, 907, 906, 15, 6.84%, 0, 0, 2, 11.53
1747819820, 0, 11, 908, 907, 15, 6.84%, 0, 0, 2, 11.60
1747819825, 0, 11, 909, 908, 15, 6.84%, 0, 0, 2, 12.22
1747819830, 0, 11, 910, 909, 15, 6.86%, 0, 0, 2, 11.77
1747819840, 0, 11, 912, 911, 15, 6.87%, 0, 0, 2, 11.80
1747819846, 0, 11, 913, 912, 15, 6.87%, 0, 0, 2, 11.34
1747819851, 0, 11, 914, 913, 15, 6.87%, 0, 0, 2, 11.49
1747819861, 0, 11, 916, 915, 15, 6.88%, 0, 0, 2, 11.48
1747819881, 0, 11, 917, 916, 15, 6.88%, 0, 0, 2, 11.66
1747819886, 0, 11, 918, 917, 15, 6.88%, 0, 0, 2, 11.89
1747819891, 0, 11, 919, 918, 15, 6.88%, 0, 0, 2, 10.98
1747819896, 0, 11, 920, 919, 15, 6.88%, 0, 0, 2, 11.20
1747819907, 0, 11, 921, 920, 15, 6.88%, 0, 0, 2, 12.00
1747819912, 0, 11, 922, 921, 15, 6.88%, 0, 0, 2, 11.36
1747819922, 0, 13, 922, 921, 20, 6.88%, 0, 0, 2, 13.87
1747819932, 0, 14, 922, 921, 20, 6.88%, 0, 0, 2, 13.18
1747819943, 0, 14, 925, 924, 20, 6.88%, 0, 0, 2, 10.71
1747819948, 0, 14, 927, 926, 20, 6.88%, 0, 0, 2, 10.99
1747819953, 0, 14, 930, 929, 20, 6.88%, 0, 0, 2, 10.58
1747819958, 0, 14, 931, 930, 20, 6.88%, 0, 0, 2, 11.07
1747819963, 0, 14, 932, 931, 20, 6.88%, 0, 0, 2, 10.93
1747819974, 0, 14, 933, 932, 20, 6.88%, 0, 0, 2, 11.14
1747819979, 0, 14, 934, 933, 20, 6.88%, 0, 0, 2, 11.04
1747819984, 0, 14, 936, 935, 20, 6.89%, 0, 0, 2, 11.00
1747819989, 0, 14, 937, 936, 20, 6.89%, 0, 0, 2, 11.11
1747820014, 0, 14, 939, 938, 20, 6.89%, 0, 0, 2, 10.56
1747820019, 0, 14, 940, 939, 20, 6.89%, 0, 0, 2, 11.18
1747820040, 0, 14, 941, 940, 20, 6.89%, 0, 0, 2, 11.04
1747820045, 0, 14, 942, 941, 20, 6.89%, 0, 0, 2, 11.63
1747820060, 0, 14, 943, 942, 20, 6.89%, 0, 0, 2, 11.15
1747820080, 0, 14, 945, 944, 20, 6.89%, 0, 0, 2, 11.23
1747820101, 0, 14, 946, 945, 20, 6.89%, 0, 0, 2, 11.74
1747820121, 0, 14, 947, 946, 20, 6.89%, 0, 0, 2, 11.30
1747820131, 0, 14, 948, 947, 20, 6.89%, 0, 0, 2, 11.68
1747820167, 0, 14, 949, 948, 20, 6.93%, 0, 0, 2, 11.83
1747820188, 0, 14, 951, 950, 20, 6.93%, 0, 0, 2, 11.56
1747820193, 0, 14, 952, 951, 20, 6.93%, 0, 0, 2, 11.49
1747820198, 0, 14, 953, 952, 20, 6.93%, 0, 0, 2, 11.16
1747820208, 0, 14, 954, 953, 20, 6.93%, 0, 0, 2, 11.38
1747820234, 0, 14, 955, 954, 20, 6.93%, 0, 0, 2, 11.78
1747820265, 0, 14, 956, 955, 20, 6.93%, 0, 0, 2, 10.89
1747820270, 0, 14, 957, 956, 20, 6.93%, 0, 0, 2, 11.13
1747820311, 0, 15, 957, 956, 23, 6.93%, 0, 0, 2, 11.31
1747820321, 0, 16, 957, 956, 23, 6.93%, 0, 0, 2, 18.87
1747820326, 0, 17, 957, 956, 23, 6.93%, 0, 0, 2, 19.12
1747820331, 0, 17, 960, 959, 23, 6.93%, 0, 0, 2, 18.28
1747820336, 0, 17, 961, 960, 23, 6.93%, 0, 0, 2, 18.21
1747820341, 0, 17, 963, 962, 23, 6.93%, 0, 0, 2, 17.90
1747820352, 0, 17, 964, 963, 23, 6.93%, 0, 0, 2, 17.66
1747820367, 0, 17, 965, 964, 23, 6.93%, 0, 0, 2, 18.06
1747820393, 0, 17, 966, 965, 23, 6.93%, 0, 0, 2, 19.02
1747820398, 0, 17, 967, 966, 23, 6.93%, 0, 0, 2, 18.28
1747820408, 0, 17, 968, 967, 23, 6.93%, 0, 0, 2, 19.62
1747820454, 0, 17, 969, 968, 23, 6.93%, 0, 0, 2, 19.37
1747820474, 0, 17, 971, 970, 23, 6.93%, 0, 0, 2, 19.31
1747820535, 0, 17, 972, 971, 23, 6.93%, 0, 0, 2, 19.06
1747820551, 0, 18, 972, 971, 20, 6.93%, 0, 0, 2, 26.21
1747820556, 0, 22, 972, 971, 20, 6.93%, 0, 0, 2, 25.99
1747820566, 0, 23, 972, 971, 20, 6.93%, 0, 0, 2, 25.19
1747820571, 0, 24, 972, 971, 20, 6.93%, 0, 0, 2, 21.13
1747820576, 0, 25, 972, 971, 20, 6.93%, 0, 0, 2, 19.14
1747820581, 0, 26, 972, 971, 20, 6.93%, 0, 0, 2, 19.31
1747820586, 0, 26, 974, 973, 20, 6.93%, 0, 0, 2, 17.82
1747820591, 0, 26, 976, 975, 20, 6.93%, 0, 0, 2, 17.21
1747820602, 0, 26, 977, 976, 20, 7.05%, 0, 0, 2, 17.68
1747820617, 0, 26, 979, 978, 20, 7.06%, 0, 0, 2, 17.28
1747820622, 0, 26, 980, 979, 20, 7.06%, 0, 0, 2, 17.18
1747820633, 0, 26, 981, 980, 20, 7.06%, 0, 0, 2, 17.38
1747820663, 0, 26, 982, 981, 20, 7.06%, 0, 0, 2, 18.09
1747820709, 0, 26, 983, 982, 20, 7.06%, 0, 0, 2, 17.93
1747820725, 0, 26, 984, 983, 20, 7.06%, 0, 0, 2, 16.98
1747820735, 0, 26, 985, 984, 20, 7.06%, 0, 0, 2, 16.75
1747820811, 0, 26, 987, 986, 20, 7.06%, 0, 0, 2, 17.61
1747820822, 0, 28, 989, 988, 21, 7.06%, 0, 0, 2, 17.76
1747820832, 0, 28, 990, 989, 21, 7.06%, 0, 0, 2, 18.27
1747820837, 0, 28, 992, 991, 21, 7.06%, 0, 0, 2, 17.75
1747820857, 0, 28, 993, 992, 21, 7.06%, 0, 0, 2, 18.14
1747820883, 0, 28, 994, 993, 21, 7.06%, 0, 0, 2, 18.07
1747820898, 0, 28, 995, 994, 21, 7.06%, 0, 0, 2, 17.58
1747820908, 0, 28, 997, 996, 21, 7.06%, 0, 0, 2, 17.90
1747820934, 0, 28, 998, 997, 21, 7.06%, 0, 0, 2, 17.47
1747820959, 0, 28, 999, 998, 21, 7.06%, 0, 0, 2, 16.82
1747820965, 0, 28, 1000, 999, 21, 7.06%, 0, 0, 2, 17.87
1747820980, 0, 28, 1001, 1000, 21, 7.06%, 0, 0, 2, 17.37
1747820995, 0, 28, 1002, 1001, 21, 7.06%, 0, 0, 2, 18.63
1747821026, 0, 28, 1003, 1002, 21, 7.06%, 0, 0, 2, 18.15
1747821051, 0, 29, 1003, 1002, 21, 7.06%, 0, 0, 2, 18.21
1747821056, 0, 29, 1004, 1003, 21, 7.06%, 0, 0, 2, 17.42
1747821062, 0, 29, 1005, 1004, 21, 7.06%, 0, 0, 2, 17.26
1747821067, 0, 29, 1006, 1005, 21, 7.06%, 0, 0, 2, 18.01
1747821077, 0, 29, 1007, 1006, 21, 7.06%, 0, 0, 2, 18.10
1747821164, 0, 29, 1008, 1007, 21, 7.06%, 0, 0, 2, 17.91
1747821169, 0, 29, 1011, 1010, 21, 7.06%, 0, 0, 2, 17.05
1747821241, 0, 29, 1012, 1011, 21, 7.06%, 0, 0, 2, 17.97
1747821251, 0, 29, 1013, 1012, 21, 7.06%, 0, 0, 2, 17.86
1747821282, 0, 29, 1014, 1013, 21, 7.06%, 0, 0, 2, 17.21
1747821287, 0, 30, 1014, 1013, 21, 7.06%, 0, 0, 2, 17.60
1747821292, 0, 31, 1014, 1013, 21, 7.06%, 0, 0, 2, 17.48
1747821297, 0, 32, 1014, 1013, 21, 7.06%, 0, 0, 2, 18.24
1747821302, 0, 32, 1016, 1015, 21, 7.07%, 0, 0, 2, 17.88
1747821328, 0, 33, 1016, 1015, 21, 7.07%, 0, 0, 2, 18.26
1747821333, 0, 35, 1016, 1015, 21, 7.07%, 0, 0, 2, 17.63
1747821338, 0, 35, 1017, 1016, 21, 7.07%, 0, 0, 2, 17.02
1747821348, 0, 36, 1017, 1016, 21, 7.07%, 0, 0, 2, 20.90
1747821353, 0, 37, 1017, 1016, 21, 7.07%, 0, 0, 2, 23.36
1747821359, 0, 37, 1018, 1017, 21, 7.07%, 0, 0, 2, 19.03
1747821369, 0, 38, 1018, 1017, 21, 7.07%, 0, 0, 2, 18.08
1747821379, 0, 39, 1019, 1018, 21, 7.07%, 0, 0, 2, 18.00
1747821384, 0, 39, 1020, 1019, 21, 7.07%, 0, 0, 2, 18.04
1747821389, 0, 39, 1021, 1020, 21, 7.07%, 0, 0, 2, 17.55
1747821404, 0, 39, 1022, 1021, 21, 7.07%, 0, 0, 2, 16.95
1747821415, 0, 39, 1023, 1022, 21, 7.07%, 0, 0, 2, 17.40
1747821553, 0, 39, 1024, 1023, 21, 7.07%, 0, 0, 2, 17.60
1747821558, 0, 39, 1025, 1024, 21, 7.07%, 0, 0, 2, 17.43
1747821599, 0, 39, 1026, 1025, 21, 7.07%, 0, 0, 2, 17.82
1747821610, 0, 41, 1026, 1025, 20, 7.07%, 0, 0, 2, 17.97
1747821615, 0, 41, 1027, 1026, 20, 7.07%, 0, 0, 2, 17.60
1747821620, 0, 41, 1028, 1027, 20, 7.07%, 0, 0, 2, 17.17
1747821640, 0, 42, 1028, 1027, 20, 7.07%, 0, 0, 2, 17.49
1747821645, 0, 43, 1029, 1028, 20, 7.07%, 0, 0, 2, 18.17
1747821661, 0, 43, 1030, 1029, 20, 7.07%, 0, 0, 2, 14.90
1747821686, 0, 44, 1030, 1029, 20, 7.07%, 0, 0, 2, 10.90
1747821697, 0, 45, 1030, 1029, 20, 7.07%, 0, 0, 2, 10.88
1747821712, 0, 46, 1031, 1030, 20, 7.07%, 0, 0, 2, 10.04
1747821723, 0, 46, 1032, 1031, 20, 7.07%, 0, 0, 2, 10.07
1747821728, 0, 46, 1033, 1032, 20, 7.09%, 0, 0, 2, 9.82
1747821769, 0, 46, 1034, 1033, 20, 7.09%, 0, 0, 2, 10.17
1747821815, 0, 46, 1035, 1034, 20, 7.09%, 0, 0, 2, 10.32
1747821846, 0, 46, 1036, 1035, 20, 7.09%, 0, 0, 2, 9.87
1747821851, 0, 46, 1037, 1036, 20, 7.09%, 0, 0, 2, 10.05
1747821897, 0, 46, 1038, 1037, 20, 7.09%, 0, 0, 2, 10.64
1747821954, 0, 46, 1039, 1038, 20, 7.42%, 0, 0, 2, 10.45
1747822020, 0, 46, 1040, 1039, 20, 7.42%, 0, 0, 2, 10.49
1747822025, 0, 46, 1041, 1040, 20, 7.42%, 0, 0, 2, 10.32
1747822051, 0, 46, 1042, 1041, 20, 7.42%, 0, 0, 2, 10.12
1747822112, 0, 47, 1042, 1041, 17, 7.42%, 0, 0, 2, 10.09
1747822122, 0, 49, 1042, 1041, 17, 7.42%, 0, 0, 2, 10.94
1747822138, 0, 50, 1042, 1041, 17, 7.42%, 0, 0, 2, 11.02
1747822148, 0, 53, 1042, 1041, 17, 7.42%, 0, 0, 2, 10.76
1747822158, 0, 54, 1042, 1041, 17, 7.42%, 0, 0, 2, 10.03
1747822168, 0, 54, 1043, 1042, 17, 7.43%, 0, 0, 2, 10.00
1747822184, 0, 54, 1044, 1043, 17, 7.43%, 0, 0, 2, 10.50
1747822194, 0, 54, 1045, 1044, 17, 7.43%, 0, 0, 2, 10.51
1747822214, 0, 54, 1046, 1045, 17, 7.43%, 0, 0, 2, 10.73
1747822224, 0, 54, 1047, 1046, 17, 7.43%, 0, 0, 2, 10.35
1747822229, 0, 54, 1048, 1047, 17, 7.43%, 0, 0, 2, 10.25
1747822291, 0, 54, 1049, 1048, 17, 7.43%, 0, 0, 2, 10.23
1747822301, 0, 54, 1050, 1049, 17, 7.43%, 0, 0, 2, 10.10
1747822306, 0, 54, 1051, 1050, 17, 7.43%, 0, 0, 2, 10.35
1747822327, 0, 54, 1052, 1051, 17, 7.43%, 0, 0, 2, 10.95
1747822368, 0, 54, 1053, 1052, 17, 7.43%, 0, 0, 2, 11.05
1747822373, 0, 54, 1054, 1053, 17, 7.43%, 0, 0, 2, 10.11
1747822460, 0, 54, 1055, 1054, 17, 7.43%, 0, 0, 2, 10.78
1747822475, 0, 54, 1056, 1055, 17, 7.44%, 0, 0, 2, 10.02
1747822542, 0, 54, 1057, 1056, 17, 7.44%, 0, 0, 2, 10.60
1747822557, 0, 55, 1057, 1056, 21, 7.44%, 0, 0, 2, 10.84
1747822563, 0, 55, 1059, 1058, 21, 7.44%, 0, 0, 2, 10.11
1747822568, 0, 55, 1060, 1059, 21, 7.48%, 0, 0, 2, 9.52
1747822583, 0, 55, 1061, 1060, 21, 7.48%, 0, 0, 2, 9.77
1747822619, 0, 55, 1062, 1061, 21, 7.48%, 0, 0, 2, 10.56
1747822639, 0, 55, 1063, 1062, 21, 7.53%, 0, 0, 2, 10.41
1747822675, 0, 55, 1064, 1063, 21, 7.53%, 0, 0, 2, 10.85
1747822685, 0, 55, 1065, 1064, 21, 7.57%, 0, 0, 2, 10.20
1747822695, 0, 55, 1066, 1065, 21, 7.57%, 0, 0, 2, 10.47
1747822828, 0, 55, 1067, 1066, 21, 7.57%, 0, 0, 2, 10.06
1747822905, 0, 55, 1068, 1067, 21, 7.57%, 0, 0, 2, 10.43
1747822957, 0, 56, 1068, 1067, 19, 7.57%, 0, 0, 2, 10.80
1747822968, 0, 57, 1069, 1068, 19, 7.57%, 0, 0, 2, 10.22
1747822988, 0, 57, 1070, 1069, 19, 7.57%, 0, 0, 2, 10.17
1747823019, 0, 58, 1070, 1069, 20, 7.57%, 0, 0, 2, 10.38
1747823029, 0, 58, 1071, 1070, 20, 7.57%, 0, 0, 2, 9.82
1747823044, 0, 61, 1071, 1070, 20, 7.57%, 0, 0, 2, 10.14
1747823060, 0, 63, 1071, 1070, 20, 7.57%, 0, 0, 2, 10.83
1747823070, 0, 65, 1071, 1070, 20, 7.57%, 0, 0, 2, 10.48
1747823085, 0, 66, 1071, 1070, 20, 7.57%, 0, 0, 2, 11.02
1747823096, 0, 67, 1071, 1070, 20, 7.57%, 0, 0, 2, 10.74
1747823106, 0, 68, 1071, 1070, 20, 7.57%, 0, 0, 2, 9.82
1747823121, 0, 69, 1072, 1071, 20, 7.57%, 0, 0, 2, 9.94
1747823147, 0, 71, 1073, 1072, 20, 7.57%, 0, 0, 2, 9.65
1747823162, 0, 71, 1074, 1073, 20, 7.57%, 0, 0, 2, 9.63
1747823198, 0, 74, 1074, 1073, 20, 7.57%, 0, 0, 2, 10.71
1747823208, 0, 75, 1074, 1073, 20, 7.57%, 0, 0, 2, 10.37
1747823224, 0, 76, 1074, 1073, 20, 7.57%, 0, 0, 2, 9.68
1747823234, 0, 78, 1074, 1073, 20, 7.57%, 0, 0, 2, 10.58
1747823249, 0, 80, 1074, 1073, 20, 7.57%, 0, 0, 2, 10.53
1747823260, 0, 81, 1074, 1073, 20, 7.57%, 0, 0, 2, 10.92
1747823270, 0, 82, 1074, 1073, 20, 7.57%, 0, 0, 2, 10.39
1747823285, 0, 83, 1074, 1073, 20, 7.57%, 0, 0, 2, 10.03
1747823296, 0, 84, 1074, 1073, 20, 7.57%, 0, 0, 2, 11.31
1747823306, 0, 86, 1074, 1073, 20, 7.57%, 0, 0, 2, 11.04
1747823321, 0, 87, 1074, 1073, 20, 7.57%, 0, 0, 2, 10.11
1747823332, 0, 87, 1075, 1074, 20, 7.57%, 0, 0, 2, 9.87
1747823337, 0, 87, 1076, 1075, 20, 7.57%, 0, 0, 2, 9.78
1747823347, 0, 87, 1077, 1076, 20, 7.57%, 0, 0, 2, 10.37
1747823403, 0, 87, 1078, 1077, 20, 7.57%, 0, 0, 2, 9.95
1747823419, 0, 87, 1079, 1078, 20, 7.57%, 0, 0, 2, 10.14
1747823449, 0, 87, 1080, 1079, 20, 7.57%, 0, 0, 2, 9.32
1747823608, 0, 87, 1081, 1080, 20, 7.57%, 0, 0, 2, 10.29
1747823614, 0, 87, 1082, 1081, 20, 7.57%, 0, 0, 2, 9.70
1747823711, 0, 87, 1083, 1082, 20, 7.57%, 0, 0, 2, 10.08
1747823721, 0, 88, 1083, 1082, 21, 7.57%, 0, 0, 2, 10.84
1747823737, 0, 89, 1083, 1082, 21, 7.57%, 0, 0, 2, 10.38
1747823747, 0, 90, 1083, 1082, 21, 7.57%, 0, 0, 2, 10.35
1747823762, 0, 91, 1083, 1082, 21, 7.57%, 0, 0, 2, 9.70
1747823767, 0, 91, 1084, 1083, 21, 7.57%, 0, 0, 2, 9.82
1747823788, 0, 92, 1084, 1083, 21, 7.57%, 0, 0, 2, 10.12
1747823798, 0, 93, 1084, 1083, 21, 7.57%, 0, 0, 2, 10.65
1747823813, 0, 94, 1084, 1083, 21, 7.57%, 0, 0, 2, 10.07
1747823824, 0, 95, 1084, 1083, 21, 7.57%, 0, 0, 2, 10.17
1747823834, 0, 97, 1084, 1083, 21, 7.57%, 0, 0, 2, 10.28
1747823840, 0, 97, 1085, 1084, 21, 7.57%, 0, 0, 2, 9.41
1747823865, 0, 98, 1085, 1084, 21, 7.57%, 0, 0, 2, 9.64
1747823876, 0, 99, 1085, 1084, 21, 7.57%, 0, 0, 2, 10.19
1747823886, 0, 100, 1085, 1084, 21, 7.57%, 0, 0, 2, 10.21
1747823901, 0, 101, 1085, 1084, 21, 7.57%, 0, 0, 2, 11.26
1747823911, 0, 102, 1085, 1084, 21, 7.57%, 0, 0, 2, 10.72
1747823927, 0, 103, 1086, 1085, 21, 7.57%, 0, 0, 2, 9.65
1747823953, 0, 104, 1086, 1085, 21, 7.57%, 0, 0, 2, 10.24
1747823968, 0, 105, 1086, 1085, 21, 7.57%, 0, 0, 2, 10.43
1747823978, 0, 106, 1086, 1085, 21, 7.57%, 0, 0, 2, 10.87
1747823988, 0, 107, 1086, 1085, 21, 7.57%, 0, 0, 2, 10.52
1747824004, 0, 108, 1086, 1085, 21, 7.57%, 0, 0, 2, 9.54
1747824009, 0, 108, 1087, 1086, 21, 7.57%, 0, 0, 2, 9.47
1747824019, 0, 108, 1088, 1087, 21, 7.57%, 0, 0, 2, 9.60
1747824060, 0, 109, 1088, 1087, 21, 7.57%, 0, 0, 2, 9.24
1747824070, 0, 110, 1088, 1087, 21, 7.57%, 0, 0, 2, 9.24
1747824081, 0, 110, 1089, 1088, 21, 7.57%, 0, 0, 2, 10.94
1747824101, 0, 111, 1089, 1088, 21, 7.57%, 0, 0, 2, 11.12
1747824111, 0, 111, 1090, 1089, 21, 7.57%, 0, 0, 2, 9.73
1747824122, 0, 112, 1090, 1089, 21, 7.57%, 0, 0, 2, 9.83
1747824137, 0, 113, 1090, 1089, 21, 7.57%, 0, 0, 2, 10.70
1747824147, 0, 114, 1091, 1090, 21, 7.57%, 0, 0, 2, 10.09
1747824178, 0, 116, 1091, 1090, 21, 7.57%, 0, 0, 2, 9.83
1747824194, 0, 117, 1091, 1090, 21, 7.57%, 0, 0, 2, 9.20
1747824199, 0, 117, 1092, 1091, 21, 7.57%, 0, 0, 2, 8.55
1747824214, 0, 117, 1093, 1092, 21, 7.57%, 0, 0, 2, 9.60
1747824224, 0, 117, 1094, 1093, 21, 7.57%, 0, 0, 2, 9.44
1747824255, 0, 117, 1095, 1094, 21, 7.57%, 0, 0, 2, 9.22
1747824281, 0, 117, 1096, 1095, 21, 7.59%, 0, 0, 2, 9.17
1747824404, 0, 117, 1097, 1096, 21, 7.59%, 0, 0, 2, 9.16
1747824629, 0, 119, 1097, 1096, 22, 7.59%, 0, 0, 2, 9.80
1747824639, 0, 120, 1097, 1096, 22, 7.59%, 0, 0, 2, 9.77
1747824655, 0, 122, 1097, 1096, 22, 7.59%, 0, 0, 2, 8.93
1747824670, 0, 123, 1098, 1097, 22, 7.59%, 0, 0, 2, 9.30
1747824696, 0, 124, 1098, 1097, 22, 7.59%, 0, 0, 2, 10.42
1747824706, 0, 126, 1098, 1097, 22, 7.59%, 0, 0, 2, 10.38
1747824716, 0, 128, 1098, 1097, 22, 7.59%, 0, 0, 2, 10.75
1747824732, 0, 129, 1098, 1097, 22, 7.59%, 0, 0, 2, 9.84
1747824742, 0, 130, 1098, 1097, 22, 7.59%, 0, 0, 2, 10.78
1747824757, 0, 131, 1098, 1097, 22, 7.59%, 0, 0, 2, 9.70
1747824762, 0, 131, 1099, 1098, 22, 7.59%, 0, 0, 2, 9.03
1747824767, 0, 131, 1100, 1099, 22, 7.59%, 0, 0, 2, 8.96
1747824778, 0, 131, 1101, 1100, 22, 7.59%, 0, 0, 2, 9.30
1747824829, 0, 131, 1102, 1101, 22, 7.59%, 0, 0, 2, 9.16
1747824911, 0, 131, 1103, 1102, 22, 7.59%, 0, 0, 2, 9.55
1747824937, 0, 131, 1104, 1103, 22, 7.59%, 0, 0, 2, 9.35
1747824998, 0, 131, 1105, 1104, 22, 7.59%, 0, 0, 2, 9.28
1747825172, 0, 131, 1106, 1105, 22, 7.60%, 0, 0, 2, 9.42
1747825198, 0, 132, 1106, 1105, 23, 7.60%, 0, 0, 2, 10.15
1747825208, 0, 133, 1106, 1105, 23, 7.60%, 0, 0, 2, 9.48
1747825223, 0, 134, 1106, 1105, 23, 7.60%, 0, 0, 2, 10.17
1747825234, 0, 136, 1106, 1105, 23, 7.60%, 0, 0, 2, 10.01
1747825244, 0, 136, 1107, 1106, 23, 7.60%, 0, 0, 2, 10.34
1747825259, 0, 138, 1107, 1106, 22, 7.60%, 0, 0, 2, 10.39
1747825269, 0, 139, 1107, 1106, 22, 7.60%, 0, 0, 2, 10.19
1747825285, 0, 140, 1107, 1106, 22, 7.60%, 0, 0, 2, 10.07
1747825295, 0, 141, 1107, 1106, 22, 7.60%, 0, 0, 2, 9.90
1747825310, 0, 142, 1107, 1106, 22, 7.60%, 0, 0, 2, 9.05
1747825326, 0, 143, 1107, 1106, 22, 7.60%, 0, 0, 2, 9.08
1747825341, 0, 144, 1107, 1106, 22, 7.60%, 0, 0, 2, 8.91
1747825351, 0, 145, 1107, 1106, 22, 7.60%, 0, 0, 2, 17.15
1747825574, 0, 146, 1107, 1105, 22, 7.60%, 0, 0, 2, 17.55
1747825585, 0, 149, 1107, 1105, 22, 7.60%, 0, 0, 2, 10.52
1747825590, 0, 149, 1108, 1106, 22, 7.60%, 0, 0, 3, 9.90
1747825610, 0, 150, 1108, 1106, 22, 7.60%, 0, 0, 3, 10.07
1747825621, 0, 150, 1109, 1107, 22, 7.60%, 0, 0, 3, 8.87
1747825626, 0, 150, 1110, 1108, 22, 7.60%, 0, 0, 3, 8.67
1747825667, 0, 151, 1110, 1108, 22, 7.60%, 0, 0, 3, 9.26
1747825682, 0, 152, 1110, 1108, 22, 7.60%, 0, 0, 3, 9.60
1747825692, 0, 153, 1110, 1108, 22, 7.60%, 0, 0, 3, 9.35
1747825708, 0, 155, 1110, 1108, 22, 7.60%, 0, 0, 3, 10.51
1747825718, 0, 157, 1110, 1108, 22, 7.60%, 0, 0, 3, 10.02
1747825733, 0, 158, 1110, 1108, 22, 7.60%, 0, 0, 3, 9.15
1747825743, 0, 159, 1110, 1108, 22, 7.60%, 0, 0, 3, 10.90
1747825759, 0, 160, 1110, 1108, 22, 7.60%, 0, 0, 3, 9.78
1747825769, 0, 162, 1110, 1108, 22, 7.60%, 0, 0, 3, 8.92
1747825785, 0, 163, 1110, 1108, 22, 7.60%, 0, 0, 3, 9.30
1747825800, 0, 164, 1110, 1108, 22, 7.60%, 0, 0, 3, 9.76
1747825805, 0, 164, 1111, 1109, 22, 7.60%, 0, 0, 3, 10.32
1747825810, 0, 164, 1112, 1110, 22, 7.60%, 0, 0, 3, 10.19
1747825851, 0, 165, 1112, 1110, 22, 7.60%, 0, 0, 3, 9.15
1747825866, 0, 167, 1112, 1110, 22, 7.60%, 0, 0, 3, 9.69
1747825881, 0, 168, 1112, 1110, 22, 7.60%, 0, 0, 3, 10.00
1747825892, 0, 169, 1112, 1110, 22, 7.60%, 0, 0, 3, 9.43
1747825907, 0, 170, 1112, 1110, 22, 7.60%, 0, 0, 3, 9.07
1747825917, 0, 172, 1112, 1110, 22, 7.60%, 0, 0, 3, 9.02
1747825933, 0, 173, 1112, 1110, 22, 7.60%, 0, 0, 3, 9.18
1747825943, 0, 173, 1113, 1111, 22, 7.60%, 0, 0, 3, 9.33
1747825963, 0, 175, 1114, 1112, 22, 7.60%, 0, 0, 3, 8.46
1747825989, 0, 176, 1114, 1112, 22, 7.60%, 0, 0, 3, 9.27
1747825999, 0, 176, 1115, 1113, 22, 7.60%, 0, 0, 3, 9.85
1747826014, 0, 177, 1115, 1113, 22, 7.60%, 0, 0, 3, 10.39
1747826030, 0, 179, 1115, 1113, 22, 7.60%, 0, 0, 3, 8.90
1747826035, 0, 179, 1116, 1114, 22, 7.60%, 0, 0, 3, 8.84
1747826060, 0, 180, 1116, 1114, 22, 7.60%, 0, 0, 3, 9.51
1747826065, 0, 180, 1117, 1115, 22, 7.60%, 0, 0, 3, 8.76
1747826075, 0, 180, 1119, 1117, 22, 7.60%, 0, 0, 3, 8.67
1747826081, 0, 180, 1120, 1118, 22, 7.60%, 0, 0, 3, 8.99
1747826173, 0, 180, 1121, 1119, 22, 7.60%, 0, 0, 3, 9.29
1747826188, 0, 180, 1122, 1120, 22, 7.60%, 0, 0, 3, 9.30
1747826199, 0, 180, 1123, 1121, 22, 7.65%, 0, 0, 3, 8.47
1747826214, 0, 180, 1124, 1122, 22, 7.65%, 0, 0, 3, 9.33
1747826445, 0, 180, 1125, 1123, 22, 7.65%, 0, 0, 3, 8.86
1747826517, 0, 181, 1125, 1123, 19, 7.65%, 0, 0, 3, 9.66
1747826527, 0, 182, 1125, 1123, 19, 7.65%, 0, 0, 3, 10.54
1747826543, 0, 183, 1125, 1123, 19, 7.65%, 0, 0, 3, 9.81
1747826553, 0, 186, 1125, 1123, 19, 7.65%, 0, 0, 3, 9.81
1747826568, 0, 188, 1125, 1123, 19, 7.65%, 0, 0, 3, 9.27
1747826584, 0, 190, 1125, 1123, 19, 7.65%, 0, 0, 3, 9.68
1747826594, 0, 190, 1126, 1124, 19, 7.65%, 0, 0, 3, 9.12
1747826610, 0, 191, 1126, 1124, 19, 7.65%, 0, 0, 3, 9.38
1747826625, 0, 192, 1126, 1124, 19, 7.65%, 0, 0, 3, 9.29
1747826641, 0, 193, 1126, 1124, 19, 7.65%, 0, 0, 3, 8.26
1747826651, 0, 194, 1126, 1124, 19, 7.65%, 0, 0, 3, 9.43
1747826667, 0, 195, 1126, 1124, 19, 7.65%, 0, 0, 3, 9.30
1747826682, 0, 196, 1126, 1124, 19, 7.65%, 0, 0, 3, 9.97
1747826687, 0, 196, 1127, 1125, 19, 7.65%, 0, 0, 3, 10.19
1747826708, 0, 197, 1127, 1125, 19, 7.65%, 0, 0, 3, 9.45
1747826723, 0, 198, 1127, 1125, 19, 7.65%, 0, 0, 3, 9.26
1747826733, 0, 199, 1127, 1125, 19, 7.65%, 0, 0, 3, 9.03
1747826749, 0, 200, 1127, 1125, 19, 7.65%, 0, 0, 3, 9.04
1747826764, 0, 201, 1127, 1125, 19, 7.65%, 0, 0, 3, 9.57
1747826779, 0, 202, 1127, 1125, 19, 7.65%, 0, 0, 3, 9.76
1747826789, 0, 203, 1127, 1125, 19, 7.65%, 0, 0, 3, 9.30
1747826795, 0, 203, 1128, 1126, 19, 7.65%, 0, 0, 3, 9.14
1747826820, 0, 204, 1128, 1126, 19, 7.65%, 0, 0, 3, 9.93
1747826830, 0, 204, 1129, 1127, 19, 7.65%, 0, 0, 3, 9.84
1747826851, 0, 205, 1129, 1127, 19, 7.65%, 0, 0, 3, 8.52
1747826861, 0, 206, 1129, 1127, 19, 7.65%, 0, 0, 3, 9.34
1747826872, 0, 206, 1130, 1128, 19, 7.65%, 0, 0, 3, 8.74
1747826892, 0, 207, 1130, 1128, 19, 7.65%, 0, 0, 3, 9.79
1747826902, 0, 208, 1130, 1128, 19, 7.65%, 0, 0, 3, 10.47
1747826918, 0, 209, 1130, 1128, 19, 7.65%, 0, 0, 3, 8.87
1747826933, 0, 210, 1130, 1128, 19, 7.65%, 0, 0, 3, 9.03
1747826949, 0, 211, 1130, 1128, 19, 7.65%, 0, 0, 3, 9.29
1747826959, 0, 212, 1130, 1128, 19, 7.65%, 0, 0, 3, 8.73
1747826974, 0, 213, 1130, 1128, 19, 7.65%, 0, 0, 3, 9.57
1747826984, 0, 213, 1131, 1129, 19, 7.65%, 0, 0, 3, 8.72
1747827005, 0, 214, 1131, 1129, 19, 7.65%, 0, 0, 3, 9.75
1747827015, 0, 214, 1132, 1130, 19, 7.65%, 0, 0, 3, 9.25
1747827020, 0, 214, 1133, 1131, 19, 7.65%, 0, 0, 3, 8.80
1747827061, 0, 215, 1134, 1132, 19, 7.65%, 0, 0, 3, 8.89
1747827087, 0, 215, 1135, 1133, 19, 7.65%, 0, 0, 3, 8.50
1747827123, 0, 217, 1135, 1133, 19, 7.65%, 0, 0, 3, 9.67
1747827134, 0, 218, 1135, 1133, 19, 7.65%, 0, 0, 3, 9.23
1747827139, 0, 218, 1136, 1134, 19, 7.65%, 0, 0, 3, 9.54
1747827159, 0, 219, 1136, 1134, 19, 7.65%, 0, 0, 3, 10.91
1747827174, 0, 220, 1136, 1134, 19, 7.65%, 0, 0, 3, 9.18
1747827190, 0, 221, 1136, 1134, 19, 7.65%, 0, 0, 3, 9.26
1747827205, 0, 222, 1136, 1134, 19, 7.65%, 0, 0, 3, 8.65
1747827216, 0, 223, 1136, 1134, 19, 7.65%, 0, 0, 3, 8.83
1747827231, 0, 225, 1136, 1134, 19, 7.65%, 0, 0, 3, 9.38
1747827247, 0, 226, 1136, 1134, 19, 7.65%, 0, 0, 3, 9.13
1747827262, 0, 227, 1136, 1134, 19, 7.65%, 0, 0, 3, 8.97
1747827267, 0, 227, 1137, 1135, 19, 7.65%, 0, 0, 3, 8.69
1747827288, 0, 229, 1137, 1135, 24, 7.65%, 0, 0, 3, 9.29
1747827303, 0, 230, 1137, 1135, 24, 7.65%, 0, 0, 3, 9.87
1747827313, 0, 231, 1137, 1135, 24, 7.65%, 0, 0, 3, 9.47
1747827329, 0, 232, 1137, 1135, 24, 7.65%, 0, 0, 3, 8.84
1747827344, 0, 233, 1137, 1135, 24, 7.65%, 0, 0, 3, 8.74
1747827355, 0, 235, 1137, 1135, 24, 7.65%, 0, 0, 3, 9.57
1747827370, 0, 236, 1137, 1135, 24, 7.65%, 0, 0, 3, 8.95
1747827385, 0, 237, 1138, 1136, 24, 7.65%, 0, 0, 3, 9.03
1747827411, 0, 238, 1138, 1136, 24, 7.65%, 0, 0, 3, 9.00
1747827426, 0, 239, 1138, 1136, 24, 7.65%, 0, 0, 3, 9.52
1747827437, 0, 239, 1139, 1137, 24, 7.65%, 0, 0, 3, 8.63
1747827457, 0, 240, 1139, 1137, 24, 7.65%, 0, 0, 3, 9.35
1747827467, 0, 241, 1140, 1138, 24, 7.65%, 0, 0, 3, 8.73
1747827498, 0, 242, 1140, 1138, 24, 7.65%, 0, 0, 3, 8.89
1747827514, 0, 243, 1140, 1138, 24, 7.65%, 0, 0, 3, 9.86
1747827524, 0, 244, 1140, 1138, 24, 7.65%, 0, 0, 3, 10.02
1747827534, 0, 244, 1141, 1139, 24, 7.65%, 0, 0, 3, 8.97
1747827555, 0, 245, 1141, 1139, 24, 7.65%, 0, 0, 3, 9.96
1747827570, 0, 246, 1141, 1139, 24, 7.65%, 0, 0, 3, 9.27
1747827581, 0, 247, 1141, 1139, 24, 7.65%, 0, 0, 3, 9.03
1747827596, 0, 248, 1141, 1139, 24, 7.65%, 0, 0, 3, 9.35
1747827612, 0, 249, 1141, 1139, 24, 7.65%, 0, 0, 3, 10.36
1747827622, 0, 250, 1141, 1139, 24, 7.65%, 0, 0, 3, 10.39
1747827632, 0, 251, 1141, 1139, 24, 7.65%, 0, 0, 3, 10.68
1747827648, 0, 251, 1142, 1140, 24, 7.65%, 0, 0, 3, 8.81
1747827663, 0, 252, 1142, 1140, 24, 7.65%, 0, 0, 3, 10.11
1747827673, 0, 253, 1142, 1140, 24, 7.65%, 0, 0, 3, 14.52
1747827684, 0, 254, 1142, 1140, 24, 7.65%, 0, 0, 3, 17.58
1747827689, 0, 255, 1142, 1140, 24, 7.65%, 0, 0, 3, 17.05
1747827694, 0, 256, 1142, 1140, 24, 7.65%, 0, 0, 3, 16.69
1747827704, 0, 257, 1142, 1140, 24, 7.65%, 0, 0, 3, 16.87
1747827714, 0, 258, 1142, 1140, 24, 7.65%, 0, 0, 3, 17.76
1747827719, 0, 259, 1142, 1140, 24, 7.65%, 0, 0, 3, 18.42
1747827724, 0, 260, 1142, 1140, 24, 7.65%, 0, 0, 3, 17.93
1747827735, 0, 261, 1142, 1140, 24, 7.65%, 0, 0, 3, 15.76
1747827745, 0, 262, 1142, 1140, 24, 7.65%, 0, 0, 3, 15.58
1747827750, 0, 263, 1142, 1140, 24, 7.65%, 0, 0, 3, 15.03
1747827760, 0, 264, 1142, 1140, 24, 7.65%, 0, 0, 3, 17.14
1747827765, 0, 265, 1142, 1140, 24, 7.65%, 0, 0, 3, 17.04
1747827775, 0, 266, 1142, 1140, 24, 7.65%, 0, 0, 3, 17.05
1747827781, 0, 268, 1142, 1140, 24, 7.65%, 0, 0, 3, 17.19
1747827791, 0, 270, 1143, 1141, 24, 7.65%, 0, 0, 3, 17.81
1747827796, 0, 270, 1144, 1142, 24, 7.65%, 0, 0, 3, 17.51
1747827822, 0, 271, 1144, 1142, 24, 7.65%, 0, 0, 3, 15.79
1747827827, 0, 272, 1144, 1142, 24, 7.65%, 0, 0, 3, 16.30
1747827837, 0, 274, 1144, 1142, 24, 7.65%, 0, 0, 3, 16.17
1747827842, 0, 275, 1144, 1142, 24, 7.65%, 0, 0, 3, 15.62
1747827847, 0, 275, 1145, 1143, 24, 7.65%, 0, 0, 3, 15.02
1747827862, 0, 276, 1145, 1143, 24, 7.65%, 0, 0, 3, 15.37
1747827868, 0, 277, 1145, 1143, 24, 7.65%, 0, 0, 3, 15.09
1747827878, 0, 278, 1145, 1143, 24, 7.65%, 0, 0, 3, 14.93
1747827883, 0, 279, 1145, 1143, 24, 7.65%, 0, 0, 3, 16.26
1747827893, 0, 280, 1145, 1143, 24, 7.65%, 0, 0, 3, 15.09
1747827904, 0, 281, 1145, 1143, 24, 7.65%, 0, 0, 3, 15.26
1747827909, 0, 282, 1145, 1143, 24, 7.65%, 0, 0, 3, 15.65
1747827914, 0, 282, 1146, 1144, 24, 7.65%, 0, 0, 3, 15.69
1747827929, 0, 283, 1146, 1144, 24, 7.65%, 0, 0, 3, 16.15
1747827934, 0, 283, 1147, 1145, 24, 7.66%, 0, 0, 3, 15.08
1747827944, 0, 284, 1147, 1145, 22, 7.66%, 0, 0, 3, 15.81
1747827950, 0, 285, 1147, 1145, 22, 7.66%, 0, 0, 3, 15.48
1747827960, 0, 286, 1147, 1145, 22, 7.66%, 0, 0, 3, 17.47
1747827965, 0, 287, 1147, 1145, 22, 7.66%, 0, 0, 3, 16.81
1747827976, 0, 288, 1147, 1145, 22, 7.66%, 0, 0, 3, 15.27
1747827986, 0, 289, 1147, 1145, 22, 7.66%, 0, 0, 3, 15.28
1747827991, 0, 290, 1147, 1145, 22, 7.66%, 0, 0, 3, 16.43
1747828001, 0, 291, 1147, 1145, 22, 7.66%, 0, 0, 3, 15.86
1747828006, 0, 292, 1147, 1145, 22, 7.66%, 0, 0, 3, 15.72
1747828016, 0, 293, 1147, 1145, 22, 7.66%, 0, 0, 3, 15.71
1747828026, 0, 295, 1148, 1146, 22, 7.66%, 0, 0, 3, 15.04
1747828042, 0, 296, 1148, 1146, 22, 7.66%, 0, 0, 3, 17.70
1747828047, 0, 297, 1148, 1146, 22, 7.66%, 0, 0, 3, 17.27
1747828052, 0, 297, 1149, 1147, 22, 7.66%, 0, 0, 3, 16.31
1747828062, 0, 297, 1150, 1148, 22, 7.66%, 0, 0, 3, 16.22
1747828082, 0, 299, 1150, 1148, 24, 7.66%, 0, 0, 3, 16.84
1747828088, 0, 300, 1150, 1148, 24, 7.66%, 0, 0, 3, 17.26
1747828098, 0, 301, 1150, 1148, 24, 7.66%, 0, 0, 3, 16.14
1747828103, 0, 302, 1150, 1148, 24, 7.66%, 0, 0, 3, 16.26
1747828113, 0, 303, 1150, 1148, 24, 7.66%, 0, 0, 3, 16.83
1747828118, 0, 304, 1150, 1148, 24, 7.66%, 0, 0, 3, 17.57
1747828129, 0, 306, 1151, 1149, 24, 7.66%, 0, 0, 3, 16.10
1747828134, 0, 306, 1152, 1150, 24, 7.69%, 0, 0, 3, 15.42
1747828159, 0, 307, 1152, 1150, 25, 7.69%, 0, 0, 3, 15.73
1747828164, 0, 307, 1153, 1151, 25, 7.69%, 0, 0, 3, 15.82
1747828180, 0, 307, 1154, 1152, 25, 7.69%, 0, 0, 3, 16.28
1747828195, 0, 308, 1154, 1152, 25, 7.69%, 0, 0, 3, 16.05
1747828200, 0, 308, 1155, 1153, 25, 7.71%, 0, 0, 3, 16.11
1747828210, 0, 309, 1155, 1153, 25, 7.71%, 0, 0, 3, 15.08
1747828216, 0, 309, 1156, 1154, 25, 7.71%, 0, 0, 3, 15.89
1747828236, 0, 309, 1157, 1155, 25, 7.71%, 0, 0, 3, 8.94
1747828262, 0, 310, 1157, 1155, 25, 7.71%, 0, 0, 3, 9.93
1747828277, 0, 311, 1157, 1155, 25, 7.71%, 0, 0, 3, 10.79
1747828287, 0, 312, 1157, 1155, 25, 7.71%, 0, 0, 3, 9.94
1747828303, 0, 314, 1158, 1156, 25, 7.72%, 0, 0, 3, 9.02
1747828308, 0, 314, 1159, 1157, 25, 7.73%, 0, 0, 3, 8.69
1747828313, 0, 314, 1160, 1158, 25, 7.73%, 0, 0, 3, 8.83
1747828323, 0, 314, 1162, 1160, 25, 7.73%, 0, 0, 3, 8.11
1747828328, 0, 314, 1163, 1161, 25, 7.73%, 0, 0, 3, 8.12
1747828333, 0, 314, 1164, 1162, 25, 7.73%, 0, 0, 3, 8.36
1747828369, 0, 314, 1165, 1163, 25, 7.73%, 0, 0, 3, 8.89
1747828374, 0, 314, 1166, 1164, 25, 7.73%, 0, 0, 3, 8.50
1747828389, 0, 314, 1167, 1165, 25, 7.73%, 0, 0, 3, 8.29
1747828420, 0, 314, 1168, 1166, 25, 7.73%, 0, 0, 3, 8.39
1747828682, 0, 314, 1169, 1167, 25, 7.73%, 0, 0, 3, 9.17
1747828770, 0, 315, 1169, 1167, 27, 7.73%, 0, 0, 3, 9.80
1747828780, 0, 316, 1169, 1167, 27, 7.73%, 0, 0, 3, 9.69
1747828795, 0, 317, 1169, 1167, 27, 7.73%, 0, 0, 3, 9.32
1747828800, 0, 317, 1170, 1168, 27, 7.73%, 0, 0, 3, 9.03
1747828821, 0, 318, 1170, 1168, 27, 7.73%, 0, 0, 3, 9.53
1747828836, 0, 319, 1170, 1168, 27, 7.73%, 0, 0, 3, 8.94
1747828851, 0, 320, 1170, 1168, 27, 7.73%, 0, 0, 3, 9.79
1747828862, 0, 322, 1170, 1168, 27, 7.73%, 0, 0, 3, 9.66
1747828877, 0, 324, 1170, 1168, 27, 7.73%, 0, 0, 3, 9.20
1747828893, 0, 325, 1170, 1168, 27, 7.73%, 0, 0, 3, 8.68
1747828908, 0, 326, 1170, 1168, 27, 7.73%, 0, 0, 3, 9.38
1747828918, 0, 331, 1170, 1168, 27, 7.73%, 0, 0, 3, 9.92
1747828934, 0, 332, 1170, 1168, 27, 7.73%, 0, 0, 3, 9.16
1747828944, 0, 333, 1170, 1168, 27, 7.73%, 0, 0, 3, 10.17
1747828949, 0, 333, 1172, 1170, 27, 7.78%, 0, 0, 3, 8.60
1747828996, 0, 333, 1173, 1171, 27, 7.78%, 0, 0, 3, 8.06
1747829006, 0, 333, 1174, 1172, 27, 7.79%, 0, 0, 3, 8.88
1747829120, 0, 333, 1175, 1173, 27, 7.79%, 0, 0, 3, 9.50
1747829156, 0, 333, 1176, 1174, 27, 7.79%, 0, 0, 3, 8.51
1747829207, 0, 333, 1177, 1175, 27, 7.79%, 0, 0, 3, 8.88
1747829366, 0, 333, 1178, 1176, 27, 7.91%, 0, 0, 3, 8.61
1747829412, 0, 335, 1178, 1176, 27, 7.91%, 0, 0, 3, 9.01
1747829422, 0, 336, 1178, 1176, 27, 7.91%, 0, 0, 3, 8.89
1747829437, 0, 338, 1178, 1176, 27, 7.91%, 0, 0, 3, 9.44
1747829448, 0, 338, 1180, 1178, 27, 7.92%, 0, 0, 3, 8.24
1747829458, 0, 338, 1181, 1179, 27, 7.92%, 0, 0, 3, 8.42
1747829484, 0, 338, 1182, 1180, 27, 7.92%, 0, 0, 3, 8.75
1747829494, 0, 338, 1183, 1181, 27, 7.92%, 0, 0, 3, 8.00
1747829535, 0, 338, 1184, 1182, 27, 7.92%, 0, 0, 3, 8.33
1747829565, 0, 338, 1185, 1183, 27, 7.92%, 0, 0, 3, 8.97
1747829571, 0, 338, 1186, 1184, 27, 7.92%, 0, 0, 3, 8.38
1747829771, 0, 338, 1187, 1185, 27, 7.92%, 0, 0, 3, 8.81
1747829905, 0, 339, 1187, 1185, 28, 7.92%, 0, 0, 3, 9.37
1747829920, 0, 340, 1187, 1185, 28, 7.92%, 0, 0, 3, 9.56
1747829930, 0, 341, 1187, 1185, 28, 7.92%, 0, 0, 3, 9.73
1747829945, 0, 343, 1187, 1185, 28, 7.92%, 0, 0, 3, 10.53
1747829956, 0, 345, 1187, 1185, 28, 7.92%, 0, 0, 3, 9.96
1747829966, 0, 345, 1188, 1186, 28, 7.92%, 0, 0, 3, 9.98
1747829986, 0, 347, 1188, 1186, 28, 7.92%, 0, 0, 3, 9.39
1747829996, 0, 348, 1188, 1186, 28, 7.92%, 0, 0, 3, 9.12
1747830012, 0, 349, 1188, 1186, 28, 7.92%, 0, 0, 3, 9.45
1747830028, 0, 350, 1188, 1186, 28, 7.92%, 0, 0, 3, 9.36
1747830038, 0, 352, 1188, 1186, 28, 7.92%, 0, 0, 3, 9.78
1747830043, 0, 352, 1189, 1187, 28, 7.92%, 0, 0, 3, 9.65
1747830069, 0, 353, 1189, 1187, 29, 7.92%, 0, 0, 3, 9.31
1747830085, 0, 355, 1189, 1187, 29, 7.92%, 0, 0, 3, 9.04
1747830090, 0, 355, 1190, 1188, 29, 7.92%, 0, 0, 3, 8.20
1747830106, 0, 355, 1191, 1189, 29, 7.92%, 0, 0, 3, 9.15
1747830131, 0, 355, 1193, 1191, 29, 7.92%, 0, 0, 3, 8.25
1747830182, 0, 355, 1194, 1192, 29, 7.92%, 0, 0, 3, 8.51
1747830208, 0, 355, 1195, 1193, 29, 7.92%, 0, 0, 3, 8.86
1747830244, 0, 355, 1196, 1194, 29, 7.92%, 0, 0, 3, 8.40
1747830362, 0, 355, 1197, 1195, 29, 7.95%, 0, 0, 3, 8.56
1747830475, 0, 355, 1198, 1196, 29, 7.95%, 0, 0, 3, 8.20
1747830491, 0, 355, 1199, 1197, 29, 7.95%, 0, 0, 3, 8.15
1747830531, 0, 355, 1200, 1198, 29, 7.95%, 0, 0, 3, 7.88
1747830563, 0, 356, 1200, 1198, 28, 7.95%, 0, 0, 3, 8.96
1747830573, 0, 357, 1200, 1198, 28, 7.95%, 0, 0, 3, 9.94
1747830588, 0, 358, 1200, 1198, 28, 7.95%, 0, 0, 3, 9.37
1747830593, 0, 358, 1201, 1199, 28, 7.95%, 0, 0, 3, 9.17
1747830619, 0, 359, 1201, 1199, 28, 7.95%, 0, 0, 3, 8.91
1747830629, 0, 360, 1201, 1199, 28, 7.95%, 0, 0, 3, 9.15
1747830644, 0, 361, 1201, 1199, 28, 7.95%, 0, 0, 3, 9.12
1747830660, 0, 362, 1201, 1199, 28, 7.95%, 0, 0, 3, 9.80
1747830670, 0, 363, 1201, 1199, 28, 7.95%, 0, 0, 3, 9.79
1747830685, 0, 364, 1201, 1199, 28, 7.95%, 0, 0, 3, 9.33
1747830701, 0, 365, 1201, 1199, 28, 7.95%, 0, 0, 3, 8.95
1747830716, 0, 367, 1201, 1199, 28, 7.95%, 0, 0, 3, 8.66
1747830726, 0, 367, 1202, 1200, 28, 7.95%, 0, 0, 3, 8.20
1747830747, 0, 368, 1202, 1200, 28, 7.95%, 0, 0, 3, 8.58
1747830762, 0, 369, 1202, 1200, 28, 7.95%, 0, 0, 3, 9.46
1747830777, 0, 370, 1202, 1200, 28, 7.95%, 0, 0, 3, 9.05
1747830782, 0, 370, 1203, 1201, 28, 7.98%, 0, 0, 3, 9.38
1747830803, 0, 372, 1203, 1201, 28, 7.98%, 0, 0, 3, 9.63
1747830813, 0, 372, 1204, 1202, 28, 7.98%, 0, 0, 3, 8.37
1747830833, 0, 373, 1205, 1203, 28, 7.98%, 0, 0, 3, 8.58
1747830839, 0, 373, 1206, 1204, 28, 7.98%, 0, 0, 3, 8.38
1747830859, 0, 373, 1208, 1206, 28, 7.98%, 0, 0, 3, 7.61
1747830869, 0, 373, 1209, 1207, 28, 7.98%, 0, 0, 3, 7.98
1747830874, 0, 373, 1210, 1208, 28, 7.98%, 0, 0, 3, 8.69
1747830890, 0, 373, 1211, 1209, 28, 7.98%, 0, 0, 3, 8.37
1747830900, 0, 373, 1212, 1210, 28, 7.98%, 0, 0, 3, 8.10
1747830916, 0, 373, 1213, 1211, 28, 7.98%, 0, 0, 3, 7.74
1747830982, 0, 373, 1214, 1212, 28, 7.98%, 0, 0, 3, 8.61
1747831044, 0, 373, 1215, 1213, 28, 7.98%, 0, 0, 3, 8.63
1747831111, 0, 373, 1216, 1214, 28, 7.98%, 0, 0, 3, 7.79
1747831116, 0, 373, 1217, 1215, 28, 7.98%, 0, 0, 3, 8.09
1747831193, 0, 373, 1218, 1216, 28, 8.00%, 0, 0, 3, 7.82
1747831218, 0, 373, 1219, 1217, 28, 8.00%, 0, 0, 3, 7.91
1747831223, 0, 373, 1220, 1218, 28, 8.00%, 0, 0, 3, 7.79
1747831260, 0, 373, 1221, 1219, 28, 8.00%, 0, 0, 3, 8.78
1747831326, 0, 376, 1221, 1219, 30, 8.00%, 0, 0, 3, 9.15
1747831337, 0, 376, 1222, 1220, 30, 8.00%, 0, 0, 3, 8.38
1747831352, 0, 376, 1223, 1221, 30, 8.00%, 0, 0, 3, 9.12
1747831362, 0, 376, 1224, 1222, 30, 8.00%, 0, 0, 3, 8.34
1747831429, 0, 376, 1225, 1223, 30, 8.00%, 0, 0, 3, 8.41
1747831475, 0, 376, 1226, 1224, 30, 8.00%, 0, 0, 3, 7.88
1747831501, 0, 376, 1227, 1225, 30, 8.00%, 0, 0, 3, 8.48
1747831572, 0, 376, 1228, 1226, 30, 8.04%, 0, 0, 3, 8.22
1747831603, 0, 376, 1229, 1227, 30, 8.04%, 0, 0, 3, 8.39
1747831649, 0, 376, 1230, 1228, 30, 8.04%, 0, 0, 3, 8.42
1747831711, 0, 376, 1231, 1229, 30, 8.04%, 0, 0, 3, 8.00
1747831722, 0, 376, 1232, 1230, 30, 8.04%, 0, 0, 3, 9.13
1747831747, 0, 376, 1233, 1231, 30, 8.06%, 0, 0, 3, 8.36
1747831778, 0, 376, 1234, 1232, 30, 8.06%, 0, 0, 3, 8.67
1747831819, 0, 377, 1234, 1232, 30, 8.06%, 0, 0, 3, 9.71
1747831834, 0, 378, 1234, 1232, 30, 8.06%, 0, 0, 3, 9.66
1747831850, 0, 379, 1234, 1232, 30, 8.06%, 0, 0, 3, 10.11
1747831860, 0, 380, 1234, 1232, 30, 8.06%, 0, 0, 3, 9.40
1747831870, 0, 380, 1235, 1233, 30, 8.06%, 0, 0, 3, 8.08
1747831891, 0, 381, 1236, 1234, 30, 8.06%, 0, 0, 3, 8.27
1747831922, 0, 382, 1236, 1234, 30, 8.06%, 0, 0, 3, 8.68
1747831927, 0, 382, 1237, 1235, 30, 8.06%, 0, 0, 3, 8.76
1747831932, 0, 382, 1238, 1236, 30, 8.06%, 0, 0, 3, 8.09
1747831989, 0, 383, 1238, 1236, 30, 8.06%, 0, 0, 3, 8.10
1747832004, 0, 383, 1239, 1237, 30, 8.06%, 0, 0, 3, 8.10
1747832020, 0, 384, 1240, 1238, 30, 8.06%, 0, 0, 3, 8.12
1747832025, 0, 384, 1241, 1239, 30, 8.06%, 0, 0, 3, 8.17
1747832041, 0, 384, 1242, 1240, 30, 8.06%, 0, 0, 3, 8.82
1747832107, 0, 384, 1243, 1241, 30, 8.06%, 0, 0, 3, 8.86
1747832262, 0, 385, 1243, 1241, 31, 8.06%, 0, 0, 3, 8.82
1747832277, 0, 386, 1243, 1241, 31, 8.06%, 0, 0, 3, 8.39
1747832293, 0, 387, 1243, 1241, 31, 8.06%, 0, 0, 3, 8.58
1747832308, 0, 388, 1243, 1241, 31, 8.06%, 0, 0, 3, 8.81
1747832324, 0, 389, 1243, 1241, 31, 8.06%, 0, 0, 3, 8.81
1747832339, 0, 391, 1243, 1241, 31, 8.06%, 0, 0, 3, 8.53
1747832355, 0, 393, 1243, 1241, 31, 8.06%, 0, 0, 3, 8.48
1747832360, 0, 393, 1244, 1242, 31, 8.06%, 0, 0, 3, 8.39
1747832385, 0, 395, 1244, 1242, 31, 8.06%, 0, 0, 3, 8.88
1747832401, 0, 396, 1244, 1242, 31, 8.06%, 0, 0, 3, 8.74
1747832416, 0, 396, 1245, 1243, 31, 8.06%, 0, 0, 3, 8.61
1747832431, 0, 398, 1245, 1243, 31, 8.06%, 0, 0, 3, 8.00
1747832447, 0, 400, 1245, 1243, 31, 8.06%, 0, 0, 3, 8.17
1747832462, 0, 401, 1245, 1243, 31, 8.06%, 0, 0, 3, 9.75
1747832473, 0, 402, 1245, 1243, 31, 8.06%, 0, 0, 3, 10.07
1747832488, 0, 403, 1245, 1243, 31, 8.06%, 0, 0, 3, 8.65
1747832503, 0, 404, 1245, 1243, 31, 8.06%, 0, 0, 3, 8.51
1747832519, 0, 406, 1245, 1243, 31, 8.06%, 0, 0, 3, 8.22
1747832534, 0, 407, 1245, 1243, 31, 8.06%, 0, 0, 3, 9.99
1747832549, 0, 408, 1245, 1243, 31, 8.06%, 0, 0, 3, 8.29
1747832559, 0, 408, 1246, 1244, 31, 8.06%, 0, 0, 3, 7.90
1747832580, 0, 409, 1247, 1245, 31, 8.06%, 0, 0, 3, 8.29
1747832591, 0, 409, 1248, 1246, 31, 8.06%, 0, 0, 3, 7.90
1747832642, 0, 410, 1248, 1246, 31, 8.06%, 0, 0, 3, 8.69
1747832657, 0, 413, 1248, 1246, 31, 8.06%, 0, 0, 3, 8.28
1747832673, 0, 414, 1249, 1247, 31, 8.06%, 0, 0, 3, 7.76
1747832698, 0, 414, 1250, 1248, 31, 8.06%, 0, 0, 3, 8.16
1747832719, 0, 414, 1251, 1249, 31, 8.06%, 0, 0, 3, 7.96
1747832801, 0, 415, 1251, 1249, 31, 8.06%, 0, 0, 3, 10.06
1747832811, 0, 416, 1251, 1249, 31, 8.06%, 0, 0, 3, 9.54
1747832827, 0, 417, 1251, 1249, 31, 8.06%, 0, 0, 3, 8.54
1747832842, 0, 418, 1251, 1249, 31, 8.06%, 0, 0, 3, 8.26
1747832858, 0, 419, 1252, 1250, 31, 8.06%, 0, 0, 3, 8.33
1747832894, 0, 420, 1252, 1250, 32, 8.06%, 0, 0, 3, 8.51
1747832910, 0, 421, 1252, 1250, 32, 8.06%, 0, 0, 3, 8.20
1747832925, 0, 422, 1252, 1250, 32, 8.06%, 0, 0, 3, 8.81
1747832935, 0, 423, 1252, 1250, 32, 8.06%, 0, 0, 3, 12.98
1747834025, 0, 424, 1252, 1249, 32, 8.06%, 0, 0, 3, 14.57
1747834040, 0, 425, 1252, 1249, 32, 8.06%, 0, 0, 3, 7.92
1747834056, 0, 426, 1253, 1250, 32, 8.06%, 0, 0, 3, 7.48
1747834076, 0, 426, 1254, 1251, 32, 8.06%, 0, 0, 3, 8.93
1747834081, 0, 426, 1255, 1252, 32, 8.06%, 0, 0, 3, 7.51
1747834148, 0, 426, 1256, 1253, 32, 8.06%, 0, 0, 3, 8.06
1747834179, 0, 426, 1257, 1254, 32, 8.06%, 0, 0, 3, 7.81
1747834200, 0, 426, 1258, 1255, 32, 8.06%, 0, 0, 3, 8.01
1747834215, 0, 426, 1259, 1256, 32, 8.06%, 0, 0, 3, 7.96
1747834220, 0, 426, 1260, 1257, 32, 8.06%, 0, 0, 3, 7.93
1747834251, 0, 426, 1261, 1258, 32, 8.06%, 0, 0, 3, 7.32
1747834339, 0, 426, 1262, 1259, 32, 8.06%, 0, 0, 3, 7.93
1747834370, 0, 426, 1263, 1260, 32, 8.06%, 0, 0, 3, 8.11
1747834380, 0, 426, 1264, 1261, 32, 8.06%, 0, 0, 3, 7.69
1747834400, 0, 426, 1265, 1262, 32, 8.06%, 0, 0, 3, 7.39
1747834411, 0, 426, 1266, 1263, 32, 8.06%, 0, 0, 3, 7.99
1747834431, 0, 426, 1267, 1264, 32, 8.06%, 0, 0, 3, 8.73
1747834488, 0, 426, 1268, 1265, 32, 8.06%, 0, 0, 3, 7.75
1747834493, 0, 426, 1269, 1266, 32, 8.06%, 0, 0, 3, 7.66
1747834577, 0, 428, 1269, 1266, 32, 8.06%, 0, 0, 3, 8.43
1747834592, 0, 429, 1269, 1266, 32, 8.06%, 0, 0, 3, 8.47
1747834597, 0, 429, 1270, 1267, 32, 8.06%, 0, 0, 3, 8.18
1747834612, 0, 429, 1271, 1268, 32, 8.06%, 0, 0, 3, 8.02
1747834633, 0, 429, 1272, 1269, 32, 8.06%, 0, 0, 3, 7.61
1747834720, 0, 430, 1272, 1269, 32, 8.06%, 0, 0, 3, 7.59
1747834735, 0, 431, 1272, 1269, 32, 8.06%, 0, 0, 3, 8.40
1747834751, 0, 432, 1272, 1269, 32, 8.06%, 0, 0, 3, 8.13
1747834766, 0, 433, 1272, 1269, 32, 8.06%, 0, 0, 3, 8.17
1747834777, 0, 433, 1273, 1270, 32, 8.06%, 0, 0, 3, 8.79
1747834797, 0, 434, 1273, 1270, 32, 8.06%, 0, 0, 3, 8.65
1747834812, 0, 435, 1273, 1270, 32, 8.06%, 0, 0, 3, 8.55
1747834828, 0, 437, 1273, 1270, 32, 8.06%, 0, 0, 3, 9.45
1747834838, 0, 437, 1274, 1271, 32, 8.06%, 0, 0, 3, 8.27
1747834853, 0, 437, 1275, 1272, 32, 8.06%, 0, 0, 3, 8.27
1747834895, 0, 438, 1275, 1272, 32, 8.06%, 0, 0, 3, 8.37
1747834905, 0, 438, 1276, 1273, 32, 8.08%, 0, 0, 3, 7.80
1747834925, 0, 439, 1276, 1273, 33, 8.08%, 0, 0, 3, 9.62
1747834936, 0, 440, 1276, 1273, 33, 8.08%, 0, 0, 3, 10.26
1747834951, 0, 441, 1276, 1273, 33, 8.08%, 0, 0, 3, 8.10
1747834966, 0, 442, 1276, 1273, 33, 8.08%, 0, 0, 3, 8.84
1747834982, 0, 444, 1276, 1273, 33, 8.08%, 0, 0, 3, 8.50
1747834987, 0, 444, 1277, 1274, 33, 8.08%, 0, 0, 3, 7.56
1747835013, 0, 444, 1278, 1275, 33, 8.08%, 0, 0, 3, 7.61
1747835033, 0, 444, 1279, 1276, 33, 8.08%, 0, 0, 3, 8.63
1747835064, 0, 444, 1280, 1277, 33, 8.08%, 0, 0, 3, 7.37
1747835085, 0, 444, 1281, 1278, 33, 8.08%, 0, 0, 3, 7.82
1747835121, 0, 444, 1282, 1279, 33, 8.08%, 0, 0, 3, 8.13
1747835157, 0, 444, 1283, 1280, 33, 8.08%, 0, 0, 3, 7.68
1747835317, 0, 444, 1284, 1281, 33, 8.08%, 0, 0, 3, 7.39
1747835404, 0, 444, 1285, 1282, 33, 8.08%, 0, 0, 3, 8.49
1747835496, 0, 445, 1285, 1282, 32, 8.08%, 0, 0, 3, 8.35
1747835507, 0, 446, 1285, 1282, 32, 8.08%, 0, 0, 3, 9.46
1747835512, 0, 446, 1286, 1283, 32, 8.09%, 0, 0, 3, 8.49
1747835543, 0, 447, 1286, 1283, 33, 8.09%, 0, 0, 3, 7.93
1747835558, 0, 448, 1286, 1283, 33, 8.09%, 0, 0, 3, 8.00
1747835574, 0, 449, 1286, 1283, 33, 8.09%, 0, 0, 3, 8.83
1747835589, 0, 450, 1286, 1283, 33, 8.09%, 0, 0, 3, 8.58
1747835594, 0, 450, 1287, 1284, 33, 8.09%, 0, 0, 3, 8.03
1747835610, 0, 450, 1288, 1285, 33, 8.09%, 0, 0, 3, 8.37
1747835651, 0, 451, 1288, 1285, 33, 8.09%, 0, 0, 3, 8.73
1747835666, 0, 452, 1288, 1285, 33, 8.09%, 0, 0, 3, 8.70
1747835682, 0, 453, 1288, 1285, 33, 8.09%, 0, 0, 3, 8.89
1747835687, 0, 453, 1289, 1286, 33, 8.09%, 0, 0, 3, 8.69
1747835697, 0, 453, 1290, 1287, 33, 8.09%, 0, 0, 3, 8.07
1747835708, 0, 453, 1291, 1288, 33, 8.09%, 0, 0, 3, 7.71
1747835723, 0, 453, 1292, 1289, 33, 8.09%, 0, 0, 3, 7.66
1747835728, 0, 453, 1293, 1290, 33, 8.09%, 0, 0, 3, 7.80
1747835764, 0, 453, 1294, 1291, 33, 8.09%, 0, 0, 3, 7.43
1747835796, 0, 453, 1295, 1292, 33, 8.09%, 0, 0, 3, 8.45
1747835965, 0, 453, 1296, 1293, 33, 8.09%, 0, 0, 3, 7.66
1747836190, 0, 455, 1296, 1293, 32, 8.09%, 0, 0, 3, 8.53
1747836206, 0, 456, 1296, 1293, 32, 8.09%, 0, 0, 3, 9.53
1747836221, 0, 457, 1296, 1293, 32, 8.09%, 0, 0, 3, 8.10
1747836237, 0, 459, 1296, 1293, 32, 8.09%, 0, 0, 3, 8.36
1747836242, 0, 459, 1297, 1294, 32, 8.09%, 0, 0, 3, 7.81
1747836262, 0, 459, 1298, 1295, 32, 8.09%, 0, 0, 3, 7.65
1747836267, 0, 459, 1299, 1296, 32, 8.09%, 0, 0, 3, 7.54
1747836366, 0, 460, 1299, 1296, 32, 8.09%, 0, 0, 3, 7.96
1747836381, 0, 461, 1299, 1296, 32, 8.09%, 0, 0, 3, 8.46
1747836397, 0, 462, 1299, 1296, 32, 8.09%, 0, 0, 3, 8.50
1747836412, 0, 463, 1299, 1296, 32, 8.09%, 0, 0, 3, 8.69
1747836423, 0, 463, 1300, 1297, 32, 8.09%, 0, 0, 3, 7.84
1747836443, 0, 464, 1300, 1297, 32, 8.09%, 0, 0, 3, 8.27
1747836458, 0, 465, 1300, 1297, 32, 8.09%, 0, 0, 3, 9.29
1747836474, 0, 466, 1300, 1297, 32, 8.09%, 0, 0, 3, 8.96
1747836489, 0, 468, 1300, 1297, 32, 8.09%, 0, 0, 3, 8.66
1747836505, 0, 471, 1300, 1297, 32, 8.09%, 0, 0, 3, 8.34
1747836520, 0, 472, 1300, 1297, 32, 8.09%, 0, 0, 3, 8.78
1747836535, 0, 473, 1300, 1297, 32, 8.09%, 0, 0, 3, 8.37
1747836551, 0, 474, 1300, 1297, 32, 8.09%, 0, 0, 3, 9.09
1747836561, 0, 475, 1300, 1297, 32, 8.09%, 0, 0, 3, 8.86
1747836571, 0, 475, 1301, 1298, 32, 8.09%, 0, 0, 3, 8.10
1747836577, 0, 475, 1302, 1299, 32, 8.09%, 0, 0, 3, 7.66
1747836597, 0, 475, 1303, 1300, 32, 8.09%, 0, 0, 3, 7.10
1747836695, 0, 476, 1303, 1300, 32, 8.09%, 0, 0, 3, 8.48
1747836711, 0, 477, 1304, 1301, 32, 8.09%, 0, 0, 3, 8.49
1747836741, 0, 477, 1305, 1302, 32, 8.09%, 0, 0, 3, 7.40
1747836773, 0, 477, 1306, 1303, 32, 8.09%, 0, 0, 3, 7.64
1747836839, 0, 478, 1306, 1303, 32, 8.09%, 0, 0, 3, 8.25
1747836855, 0, 479, 1306, 1303, 32, 8.09%, 0, 0, 3, 8.42
1747836870, 0, 481, 1306, 1303, 32, 8.09%, 0, 0, 3, 9.28
1747836875, 0, 481, 1307, 1304, 32, 8.09%, 0, 0, 3, 8.32
1747836901, 0, 482, 1307, 1304, 32, 8.09%, 0, 0, 3, 8.61
1747836916, 0, 484, 1307, 1304, 32, 8.09%, 0, 0, 3, 9.62
1747836932, 0, 485, 1307, 1304, 32, 8.09%, 0, 0, 3, 8.58
1747836947, 0, 486, 1307, 1304, 32, 8.09%, 0, 0, 3, 9.17
1747836963, 0, 487, 1307, 1304, 32, 8.09%, 0, 0, 3, 9.25
1747836978, 0, 488, 1307, 1304, 32, 8.09%, 0, 0, 3, 8.96
1747836993, 0, 489, 1307, 1304, 32, 8.09%, 0, 0, 3, 18.99
1747838298, 0, 490, 1307, 1303, 31, 8.09%, 0, 0, 3, 13.49
1747838308, 0, 491, 1307, 1303, 31, 8.09%, 0, 0, 3, 9.39
1747838324, 0, 492, 1307, 1303, 31, 8.09%, 0, 0, 3, 8.41
1747838339, 0, 493, 1307, 1303, 31, 8.09%, 0, 0, 3, 8.68
1747838354, 0, 494, 1307, 1303, 31, 8.09%, 0, 0, 3, 8.36
1747838370, 0, 496, 1307, 1303, 31, 8.09%, 0, 0, 3, 8.90
1747838385, 0, 497, 1307, 1303, 31, 8.09%, 0, 0, 3, 8.11
1747838400, 0, 498, 1307, 1303, 31, 8.09%, 0, 0, 3, 9.64
1747838416, 0, 501, 1307, 1303, 31, 8.09%, 0, 0, 3, 9.05
1747838431, 0, 502, 1307, 1303, 31, 8.09%, 0, 0, 3, 9.28
1747838447, 0, 505, 1307, 1303, 31, 8.09%, 0, 0, 3, 8.83
1747838462, 0, 506, 1307, 1303, 31, 8.09%, 0, 0, 3, 8.93
1747838472, 0, 507, 1307, 1303, 31, 8.09%, 0, 0, 3, 8.86
1747838488, 0, 509, 1307, 1303, 31, 8.09%, 0, 0, 3, 9.05
1747838508, 0, 510, 1307, 1303, 31, 8.09%, 0, 0, 3, 7.72
1747838519, 0, 510, 1308, 1304, 31, 8.09%, 0, 0, 3, 7.23
1747838529, 0, 510, 1309, 1305, 31, 8.09%, 0, 0, 3, 7.21
1747838575, 0, 511, 1309, 1305, 31, 8.09%, 0, 0, 3, 7.92
1747838590, 0, 513, 1309, 1305, 31, 8.09%, 0, 0, 3, 8.09
1747838601, 0, 513, 1310, 1306, 31, 8.09%, 0, 0, 3, 7.19
1747838606, 0, 513, 1311, 1307, 31, 8.09%, 0, 0, 3, 6.96
1747838616, 0, 513, 1312, 1308, 31, 8.09%, 0, 0, 3, 7.71
1747838627, 0, 513, 1313, 1309, 31, 8.09%, 0, 0, 3, 7.17
1747838632, 0, 513, 1314, 1310, 31, 8.09%, 0, 0, 3, 6.71
1747838683, 0, 513, 1315, 1311, 31, 8.09%, 0, 0, 3, 8.13
1747838694, 0, 513, 1316, 1312, 31, 8.09%, 0, 0, 3, 7.60
1747838699, 0, 513, 1317, 1313, 31, 8.09%, 0, 0, 3, 7.94
1747838745, 0, 513, 1318, 1314, 31, 8.09%, 0, 0, 3, 7.35
1747838761, 0, 513, 1319, 1315, 31, 8.09%, 0, 0, 3, 7.45
1747838786, 0, 513, 1320, 1316, 31, 8.09%, 0, 0, 3, 8.22
1747838817, 0, 513, 1321, 1317, 31, 8.09%, 0, 0, 3, 8.24
1747838848, 0, 513, 1323, 1319, 31, 8.09%, 0, 0, 3, 7.37
1747838863, 0, 513, 1324, 1320, 31, 8.09%, 0, 0, 3, 7.88
1747838873, 0, 513, 1325, 1321, 31, 8.09%, 0, 0, 3, 7.89
1747838945, 0, 513, 1326, 1322, 31, 8.09%, 0, 0, 3, 7.76
1747838961, 0, 513, 1327, 1323, 31, 8.09%, 0, 0, 3, 7.38
1747838966, 0, 513, 1328, 1324, 31, 8.09%, 0, 0, 3, 7.83
1747838997, 0, 513, 1329, 1325, 31, 8.09%, 0, 0, 3, 7.51
1747839012, 0, 513, 1330, 1326, 31, 8.09%, 0, 0, 3, 7.45
1747839064, 0, 513, 1331, 1327, 31, 8.09%, 0, 0, 3, 7.91
1747839136, 0, 514, 1331, 1327, 31, 8.09%, 0, 0, 3, 8.50
1747839151, 0, 515, 1332, 1328, 31, 8.09%, 0, 0, 3, 8.53
1747839156, 0, 515, 1333, 1329, 31, 8.10%, 0, 0, 3, 7.49
1747839193, 0, 515, 1334, 1330, 31, 8.10%, 0, 0, 3, 8.21
1747839249, 0, 515, 1335, 1331, 31, 8.10%, 0, 0, 3, 7.20
1747839260, 0, 515, 1336, 1332, 31, 8.10%, 0, 0, 3, 7.57
1747839306, 0, 515, 1337, 1333, 31, 8.10%, 0, 0, 3, 7.81
1747839311, 0, 515, 1338, 1334, 31, 8.10%, 0, 0, 3, 7.54
1747839321, 0, 515, 1339, 1335, 31, 8.10%, 0, 0, 3, 7.25
1747839327, 0, 515, 1341, 1337, 31, 8.28%, 0, 0, 3, 7.02
1747839342, 0, 515, 1342, 1338, 31, 8.28%, 0, 0, 3, 7.45
1747839445, 0, 515, 1343, 1339, 31, 8.28%, 0, 0, 3, 6.96
1747839450, 0, 515, 1344, 1340, 31, 8.28%, 0, 0, 3, 6.98
1747839595, 0, 515, 1345, 1341, 31, 8.28%, 0, 0, 3, 8.23
1747839672, 0, 515, 1346, 1342, 31, 8.28%, 0, 0, 3, 7.36
1747839718, 0, 516, 1346, 1342, 31, 8.28%, 0, 0, 3, 7.70
1747839724, 0, 516, 1347, 1343, 31, 8.28%, 0, 0, 3, 7.30
1747839755, 0, 517, 1347, 1343, 31, 8.28%, 0, 0, 3, 8.55
1747839770, 0, 519, 1347, 1343, 31, 8.28%, 0, 0, 3, 9.32
1747839785, 0, 520, 1347, 1343, 31, 8.28%, 0, 0, 3, 9.08
1747839795, 0, 521, 1347, 1343, 31, 8.28%, 0, 0, 3, 8.88
1747839811, 0, 523, 1347, 1343, 31, 8.28%, 0, 0, 3, 8.60
1747839826, 0, 524, 1347, 1343, 31, 8.28%, 0, 0, 3, 8.23
1747839842, 0, 525, 1347, 1343, 31, 8.28%, 0, 0, 3, 8.19
1747839857, 0, 526, 1347, 1343, 31, 8.28%, 0, 0, 3, 9.36
1747839873, 0, 528, 1347, 1343, 31, 8.28%, 0, 0, 3, 8.40
1747839878, 0, 528, 1348, 1344, 31, 8.29%, 0, 0, 3, 7.99
1747839888, 0, 528, 1349, 1345, 31, 8.29%, 0, 0, 3, 7.30
1747839941, 0, 528, 1350, 1346, 31, 8.29%, 0, 0, 3, 7.15
1747839982, 0, 528, 1351, 1347, 31, 8.29%, 0, 0, 3, 7.65
1747839998, 0, 528, 1352, 1348, 31, 8.29%, 0, 0, 3, 7.31
1747840024, 0, 528, 1353, 1349, 31, 8.29%, 0, 0, 3, 7.42
1747840050, 0, 528, 1354, 1350, 31, 8.29%, 0, 0, 3, 6.80
1747840096, 0, 528, 1355, 1351, 31, 8.29%, 0, 0, 3, 6.82
1747840137, 0, 528, 1356, 1352, 31, 8.29%, 0, 0, 3, 7.60
1747840272, 0, 528, 1357, 1353, 31, 8.29%, 0, 0, 3, 7.87
1747840292, 0, 528, 1358, 1354, 31, 8.29%, 0, 0, 3, 7.73
1747840432, 0, 529, 1359, 1355, 31, 8.29%, 0, 0, 3, 7.81
1747840458, 0, 529, 1360, 1356, 31, 8.29%, 0, 0, 3, 7.45
1747840488, 0, 530, 1360, 1356, 31, 8.29%, 0, 0, 3, 14.30
1747840498, 0, 531, 1360, 1356, 31, 8.29%, 0, 0, 3, 13.10
1747840509, 0, 532, 1360, 1356, 31, 8.29%, 0, 0, 3, 12.59
1747840519, 0, 533, 1360, 1356, 31, 8.29%, 0, 0, 3, 13.87
1747840524, 0, 534, 1360, 1356, 31, 8.29%, 0, 0, 3, 14.04
1747840530, 0, 534, 1361, 1357, 31, 8.29%, 0, 0, 3, 12.26
1747840550, 0, 535, 1361, 1357, 31, 8.29%, 0, 0, 3, 12.70
1747840560, 0, 537, 1361, 1357, 31, 8.29%, 0, 0, 3, 14.49
1747840565, 0, 539, 1361, 1357, 31, 8.29%, 0, 0, 3, 14.54
1747840576, 0, 540, 1361, 1357, 31, 8.29%, 0, 0, 3, 13.55
1747840586, 0, 541, 1361, 1357, 31, 8.29%, 0, 0, 3, 13.52
1747840596, 0, 541, 1362, 1358, 31, 8.29%, 0, 0, 3, 11.64
1747840601, 0, 541, 1363, 1359, 31, 8.29%, 0, 0, 3, 11.91
1747840622, 0, 541, 1364, 1360, 31, 8.29%, 0, 0, 3, 12.28
1747840653, 0, 541, 1365, 1361, 31, 8.29%, 0, 0, 3, 12.51
1747840668, 0, 541, 1366, 1362, 31, 8.29%, 0, 0, 3, 13.88
1747840689, 0, 541, 1367, 1363, 31, 8.29%, 0, 0, 3, 12.55
1747840694, 0, 541, 1368, 1364, 31, 8.29%, 0, 0, 3, 11.74
1747840699, 0, 541, 1369, 1365, 31, 8.29%, 0, 0, 3, 12.32
1747840777, 0, 541, 1370, 1366, 31, 8.29%, 0, 0, 3, 12.85
1747840833, 0, 541, 1371, 1367, 31, 8.29%, 0, 0, 3, 14.05
1747840869, 0, 541, 1372, 1368, 31, 8.29%, 0, 0, 3, 11.75
1747840910, 0, 542, 1372, 1368, 30, 8.29%, 0, 0, 3, 13.80
1747840915, 0, 543, 1372, 1368, 30, 8.29%, 0, 0, 3, 14.55
1747840931, 0, 544, 1372, 1368, 30, 8.29%, 0, 0, 3, 12.71
1747840936, 0, 546, 1372, 1368, 30, 8.29%, 0, 0, 3, 13.31
1747840946, 0, 547, 1372, 1368, 30, 8.29%, 0, 0, 3, 12.38
1747840956, 0, 550, 1372, 1368, 30, 8.29%, 0, 0, 3, 12.18
1747840966, 0, 551, 1372, 1368, 30, 8.29%, 0, 0, 3, 13.07
1747840977, 0, 552, 1372, 1368, 30, 8.29%, 0, 0, 3, 13.05
1747840987, 0, 553, 1372, 1368, 30, 8.29%, 0, 0, 3, 12.87
1747840997, 0, 554, 1372, 1368, 30, 8.29%, 0, 0, 3, 22.41
1747843753, 0, 555, 1372, 1367, 30, 8.29%, 0, 0, 3, 11.83
1747843769, 0, 556, 1372, 1367, 30, 8.29%, 0, 0, 3, 8.13
1747843784, 0, 557, 1372, 1367, 30, 8.29%, 0, 0, 3, 7.38
1747843800, 0, 558, 1372, 1367, 30, 8.29%, 0, 0, 3, 7.84
1747843820, 0, 559, 1372, 1367, 30, 8.29%, 0, 0, 3, 7.86
1747843836, 0, 560, 1372, 1367, 30, 8.29%, 0, 0, 3, 8.12
1747843852, 0, 561, 1372, 1367, 30, 8.29%, 0, 0, 3, 7.92
1747843867, 0, 562, 1372, 1367, 30, 8.29%, 0, 0, 3, 7.88
1747843882, 0, 563, 1372, 1367, 30, 8.29%, 0, 0, 3, 8.70
1747843903, 0, 564, 1372, 1367, 30, 8.29%, 0, 0, 3, 8.43
1747843919, 0, 565, 1372, 1367, 30, 8.29%, 0, 0, 3, 7.82
1747843929, 0, 565, 1373, 1368, 30, 8.29%, 0, 0, 3, 7.13
1747843955, 0, 567, 1373, 1368, 30, 8.29%, 0, 0, 3, 8.97
1747843971, 0, 569, 1373, 1368, 30, 8.29%, 0, 0, 3, 9.28
1747843981, 0, 570, 1373, 1368, 30, 8.29%, 0, 0, 3, 9.48
1747843996, 0, 571, 1373, 1368, 30, 8.29%, 0, 0, 3, 9.25
1747844012, 0, 572, 1373, 1368, 30, 8.29%, 0, 0, 3, 9.11
1747844027, 0, 574, 1373, 1368, 30, 8.29%, 0, 0, 3, 8.80
1747844043, 0, 575, 1373, 1368, 30, 8.29%, 0, 0, 3, 7.91
1747844058, 0, 575, 1374, 1369, 30, 8.29%, 0, 0, 3, 6.81
1747844079, 0, 578, 1374, 1369, 30, 8.29%, 0, 0, 3, 7.64
1747844100, 0, 579, 1374, 1369, 30, 8.29%, 0, 0, 3, 7.40
1747844115, 0, 581, 1374, 1369, 30, 8.29%, 0, 0, 3, 8.54
1747844131, 0, 582, 1374, 1369, 30, 8.29%, 0, 0, 3, 7.87
1747844146, 0, 583, 1374, 1369, 30, 8.29%, 0, 0, 3, 7.47
1747844161, 0, 584, 1374, 1369, 30, 8.29%, 0, 0, 3, 8.13
1747844177, 0, 585, 1374, 1369, 30, 8.29%, 0, 0, 3, 8.46
1747844188, 0, 585, 1375, 1370, 30, 8.29%, 0, 0, 3, 8.07
1747844208, 0, 586, 1375, 1370, 30, 8.29%, 0, 0, 3, 8.38
1747844229, 0, 587, 1375, 1370, 30, 8.29%, 0, 0, 3, 7.54
1747844244, 0, 588, 1375, 1370, 30, 8.29%, 0, 0, 3, 8.38
1747844260, 0, 589, 1375, 1370, 30, 8.29%, 0, 0, 3, 7.82
1747844280, 0, 590, 1375, 1370, 30, 8.29%, 0, 0, 3, 8.93
1747844291, 0, 592, 1375, 1370, 30, 8.29%, 0, 0, 3, 8.98
1747844311, 0, 593, 1375, 1370, 30, 8.29%, 0, 0, 3, 7.47
1747844327, 0, 594, 1375, 1370, 30, 8.29%, 0, 0, 3, 7.83
1747844342, 0, 595, 1375, 1370, 30, 8.29%, 0, 0, 3, 8.80
1747844357, 0, 596, 1375, 1370, 30, 8.29%, 0, 0, 3, 9.41
1747844368, 0, 597, 1375, 1370, 30, 8.29%, 0, 0, 3, 9.05
1747844389, 0, 598, 1375, 1370, 30, 8.29%, 0, 0, 3, 8.95
1747844404, 0, 599, 1375, 1370, 30, 8.29%, 0, 0, 3, 8.64
1747844420, 0, 600, 1375, 1370, 30, 8.29%, 0, 0, 3, 7.72
1747844435, 0, 601, 1375, 1370, 30, 8.29%, 0, 0, 3, 6.88
1747844451, 0, 602, 1375, 1370, 30, 8.29%, 0, 0, 3, 8.29
1747844466, 0, 603, 1375, 1370, 30, 8.29%, 0, 0, 3, 7.95
1747844486, 0, 605, 1375, 1370, 30, 8.29%, 0, 0, 3, 7.35
1747844502, 0, 610, 1375, 1370, 30, 8.29%, 0, 0, 3, 7.69
1747844507, 0, 610, 1376, 1371, 30, 8.29%, 0, 0, 3, 8.40
1747844538, 0, 611, 1376, 1371, 30, 8.29%, 0, 0, 3, 8.01
1747844553, 0, 612, 1376, 1371, 30, 8.29%, 0, 0, 3, 8.33
1747844569, 0, 613, 1376, 1371, 30, 8.29%, 0, 0, 3, 8.58
1747844584, 0, 614, 1376, 1371, 30, 8.29%, 0, 0, 3, 9.18
1747844599, 0, 620, 1376, 1371, 30, 8.29%, 0, 0, 3, 8.20
1747844615, 0, 622, 1376, 1371, 30, 8.29%, 0, 0, 3, 8.57
1747844630, 0, 625, 1376, 1371, 30, 8.29%, 0, 0, 3, 7.98
1747844646, 0, 625, 1377, 1372, 30, 8.29%, 0, 0, 3, 7.00
1747844666, 0, 626, 1377, 1372, 30, 8.29%, 0, 0, 3, 7.86
1747844682, 0, 628, 1377, 1372, 30, 8.29%, 0, 0, 3, 7.21
1747844697, 0, 629, 1377, 1372, 30, 8.29%, 0, 0, 3, 7.65
1747844718, 0, 630, 1377, 1372, 30, 8.29%, 0, 0, 3, 7.24
1747844733, 0, 631, 1377, 1372, 30, 8.29%, 0, 0, 3, 8.07
1747844749, 0, 632, 1377, 1372, 30, 8.29%, 0, 0, 3, 8.49
1747844764, 0, 633, 1377, 1372, 30, 8.29%, 0, 0, 3, 8.78
1747844780, 0, 634, 1377, 1372, 30, 8.29%, 0, 0, 3, 8.14
1747844795, 0, 635, 1377, 1372, 30, 8.29%, 0, 0, 3, 7.82
1747844810, 0, 636, 1377, 1372, 30, 8.29%, 0, 0, 3, 8.29
1747844826, 0, 637, 1377, 1372, 30, 8.29%, 0, 0, 3, 8.47
1747844841, 0, 639, 1377, 1372, 30, 8.29%, 0, 0, 3, 10.29
1747847133, 0, 640, 1377, 1371, 30, 8.29%, 0, 0, 3, 12.29
1747847148, 0, 641, 1377, 1371, 30, 8.29%, 0, 0, 3, 8.28
1747847164, 0, 642, 1377, 1371, 30, 8.29%, 0, 0, 3, 7.60
1747847179, 0, 643, 1377, 1371, 30, 8.29%, 0, 0, 3, 8.28
1747847195, 0, 644, 1377, 1371, 30, 8.29%, 0, 0, 3, 8.65
1747847210, 0, 645, 1377, 1371, 30, 8.29%, 0, 0, 3, 8.76
1747847226, 0, 646, 1377, 1371, 30, 8.29%, 0, 0, 3, 8.42
1747847241, 0, 647, 1377, 1371, 30, 8.29%, 0, 0, 3, 8.13
1747847257, 0, 649, 1377, 1371, 30, 8.29%, 0, 0, 3, 7.49
1747847277, 0, 650, 1377, 1371, 30, 8.29%, 0, 0, 3, 8.94
1747847293, 0, 651, 1378, 1372, 30, 8.29%, 0, 0, 3, 7.73
1747847329, 0, 652, 1378, 1372, 30, 8.29%, 0, 0, 3, 8.29
1747847345, 0, 653, 1378, 1372, 30, 8.29%, 0, 0, 3, 7.86
1747847360, 0, 654, 1378, 1372, 30, 8.29%, 0, 0, 3, 7.15
1747847381, 0, 655, 1378, 1372, 30, 8.29%, 0, 0, 3, 7.37
1747847396, 0, 657, 1378, 1372, 30, 8.29%, 0, 0, 3, 7.22
1747847412, 0, 658, 1378, 1372, 30, 8.29%, 0, 0, 3, 7.10
1747847432, 0, 659, 1378, 1372, 30, 8.29%, 0, 0, 3, 8.16
1747847448, 0, 660, 1379, 1373, 30, 8.29%, 0, 0, 3, 7.96
1747847484, 0, 662, 1379, 1373, 30, 8.29%, 0, 0, 3, 8.56
1747847499, 0, 663, 1379, 1373, 30, 8.29%, 0, 0, 3, 7.72
1747847515, 0, 664, 1379, 1373, 30, 8.29%, 0, 0, 3, 7.45
1747847530, 0, 665, 1379, 1373, 30, 8.29%, 0, 0, 3, 8.58
1747847546, 0, 666, 1379, 1373, 30, 8.29%, 0, 0, 3, 8.38
1747847561, 0, 668, 1379, 1373, 30, 8.29%, 0, 0, 3, 8.79
1747847577, 0, 670, 1379, 1373, 30, 8.29%, 0, 0, 3, 9.12
1747847592, 0, 672, 1379, 1373, 30, 8.29%, 0, 0, 3, 8.01
1747847607, 0, 673, 1379, 1373, 30, 8.29%, 0, 0, 3, 7.11
1747847627, 0, 674, 1379, 1373, 30, 8.29%, 0, 0, 3, 7.35
1747847643, 0, 675, 1379, 1373, 30, 8.29%, 0, 0, 3, 8.11
1747847659, 0, 675, 1380, 1374, 30, 8.29%, 0, 0, 3, 7.09
1747847679, 0, 676, 1380, 1374, 30, 8.29%, 0, 0, 3, 7.89
1747847700, 0, 677, 1380, 1374, 30, 8.29%, 0, 0, 3, 8.39
1747847710, 0, 677, 1381, 1375, 30, 8.29%, 0, 0, 3, 7.30
1747847731, 0, 678, 1381, 1375, 30, 8.29%, 0, 0, 3, 8.44
1747847746, 0, 679, 1381, 1375, 30, 8.29%, 0, 0, 3, 7.30
1747847767, 0, 680, 1381, 1375, 30, 8.29%, 0, 0, 3, 7.78
1747847782, 0, 681, 1381, 1375, 30, 8.29%, 0, 0, 3, 9.32
1747847797, 0, 683, 1381, 1375, 30, 8.29%, 0, 0, 3, 8.90
1747847808, 0, 684, 1381, 1375, 30, 8.29%, 0, 0, 3, 8.91
1747847828, 0, 685, 1381, 1375, 30, 8.29%, 0, 0, 3, 8.15
1747847844, 0, 686, 1381, 1375, 30, 8.29%, 0, 0, 3, 7.59
1747847859, 0, 689, 1381, 1375, 30, 8.29%, 0, 0, 3, 6.95
1747847874, 0, 690, 1381, 1375, 30, 8.29%, 0, 0, 3, 9.31
1747847890, 0, 691, 1381, 1375, 30, 8.29%, 0, 0, 3, 8.73
1747847905, 0, 692, 1381, 1375, 30, 8.29%, 0, 0, 3, 8.81
1747847921, 0, 693, 1381, 1375, 30, 8.29%, 0, 0, 3, 8.05
1747847936, 0, 696, 1381, 1375, 30, 8.29%, 0, 0, 3, 7.51
1747847957, 0, 697, 1381, 1375, 30, 8.29%, 0, 0, 3, 7.99
1747847972, 0, 699, 1381, 1375, 30, 8.29%, 0, 0, 3, 7.93
1747847987, 0, 700, 1381, 1375, 30, 8.29%, 0, 0, 3, 8.11
1747848008, 0, 701, 1381, 1375, 30, 8.29%, 0, 0, 3, 7.79
1747848023, 0, 703, 1381, 1375, 30, 8.29%, 0, 0, 3, 8.15
1747848039, 0, 704, 1381, 1375, 30, 8.29%, 0, 0, 3, 13.64
1747848044, 0, 705, 1381, 1375, 30, 8.29%, 0, 0, 3, 13.91
1747848054, 0, 706, 1381, 1375, 30, 8.29%, 0, 0, 3, 13.46
1747848064, 0, 709, 1381, 1375, 30, 8.29%, 0, 0, 3, 14.42
1747848075, 0, 714, 1381, 1375, 30, 8.29%, 0, 0, 3, 12.32
1747848085, 0, 715, 1381, 1375, 30, 8.29%, 0, 0, 3, 13.57
1747848090, 0, 720, 1381, 1375, 30, 8.29%, 0, 0, 3, 12.85
1747848105, 0, 721, 1381, 1375, 30, 8.29%, 0, 0, 3, 14.08
1747848110, 0, 722, 1381, 1375, 30, 8.29%, 0, 0, 3, 13.83
1747848121, 0, 723, 1381, 1375, 30, 8.29%, 0, 0, 3, 13.38
1747848131, 0, 724, 1381, 1375, 30, 8.29%, 0, 0, 3, 13.35
1747848141, 0, 725, 1381, 1375, 30, 8.29%, 0, 0, 3, 20.93
1747852017, 0, 726, 1381, 1374, 30, 8.29%, 0, 0, 3, 8.89
1747852032, 0, 727, 1381, 1374, 30, 8.29%, 0, 0, 3, 7.27
1747852048, 0, 728, 1381, 1374, 30, 8.29%, 0, 0, 3, 7.81
1747852069, 0, 729, 1381, 1374, 30, 8.29%, 0, 0, 3, 8.26
1747852079, 0, 730, 1381, 1374, 30, 8.29%, 0, 0, 3, 9.26
1747852099, 0, 731, 1381, 1374, 30, 8.29%, 0, 0, 3, 8.86
1747852115, 0, 733, 1381, 1374, 30, 8.29%, 0, 0, 3, 7.77
1747852130, 0, 734, 1381, 1374, 30, 8.29%, 0, 0, 3, 7.58
1747852146, 0, 736, 1381, 1374, 30, 8.29%, 0, 0, 3, 8.58
1747852161, 0, 737, 1381, 1374, 30, 8.29%, 0, 0, 3, 9.09
1747852176, 0, 740, 1381, 1374, 30, 8.29%, 0, 0, 3, 8.28
1747852191, 0, 742, 1381, 1374, 30, 8.29%, 0, 0, 3, 8.91
1747852207, 0, 743, 1381, 1374, 30, 8.29%, 0, 0, 3, 8.22
1747852222, 0, 744, 1381, 1374, 30, 8.29%, 0, 0, 3, 7.12
1747852233, 0, 744, 1382, 1375, 30, 8.29%, 0, 0, 3, 7.53
1747852258, 0, 744, 1383, 1376, 30, 8.29%, 0, 0, 3, 7.15
1747852269, 0, 744, 1384, 1377, 30, 8.29%, 0, 0, 3, 6.90
1747852310, 0, 744, 1385, 1378, 30, 8.29%, 0, 0, 3, 7.60
1747852398, 0, 744, 1386, 1379, 30, 8.29%, 0, 0, 3, 6.57
1747852496, 0, 744, 1387, 1380, 30, 8.29%, 0, 0, 3, 7.20
1747852512, 0, 744, 1388, 1381, 30, 8.29%, 0, 0, 3, 6.70
1747852697, 0, 744, 1389, 1382, 30, 8.30%, 0, 0, 3, 7.63
1747852738, 0, 744, 1390, 1383, 30, 8.30%, 0, 0, 3, 6.89
1747852810, 0, 745, 1390, 1383, 29, 8.30%, 0, 0, 3, 7.34
1747852826, 0, 746, 1390, 1383, 29, 8.30%, 0, 0, 3, 8.20
1747852846, 0, 747, 1390, 1383, 29, 8.30%, 0, 0, 3, 8.38
1747852861, 0, 748, 1390, 1383, 29, 8.30%, 0, 0, 3, 7.52
1747852877, 0, 749, 1390, 1383, 29, 8.30%, 0, 0, 3, 7.87
1747852892, 0, 750, 1390, 1383, 29, 8.30%, 0, 0, 3, 8.36
1747852897, 0, 750, 1391, 1384, 29, 8.30%, 0, 0, 3, 7.09
1747852928, 0, 751, 1391, 1384, 29, 8.30%, 0, 0, 3, 8.81
1747852939, 0, 752, 1391, 1384, 29, 8.30%, 0, 0, 3, 8.35
1747852954, 0, 753, 1391, 1384, 29, 8.30%, 0, 0, 3, 8.39
1747852970, 0, 755, 1391, 1384, 29, 8.30%, 0, 0, 3, 8.53
1747852985, 0, 758, 1391, 1384, 29, 8.30%, 0, 0, 3, 8.30
1747853001, 0, 759, 1391, 1384, 29, 8.30%, 0, 0, 3, 9.02
1747853016, 0, 760, 1391, 1384, 29, 8.30%, 0, 0, 3, 9.70
1747853032, 0, 761, 1391, 1384, 29, 8.30%, 0, 0, 3, 9.42
1747853042, 0, 762, 1391, 1384, 29, 8.30%, 0, 0, 3, 9.29
1747853057, 0, 764, 1391, 1384, 29, 8.30%, 0, 0, 3, 9.55
1747853073, 0, 765, 1391, 1384, 29, 8.30%, 0, 0, 3, 8.01
1747853088, 0, 766, 1391, 1384, 29, 8.30%, 0, 0, 3, 9.11
1747853104, 0, 767, 1391, 1384, 29, 8.30%, 0, 0, 3, 8.89
1747853119, 0, 768, 1391, 1384, 29, 8.30%, 0, 0, 3, 8.74
1747853134, 0, 769, 1391, 1384, 29, 8.30%, 0, 0, 3, 6.88
1747853139, 0, 769, 1392, 1385, 29, 8.30%, 0, 0, 3, 6.75
1747853160, 0, 769, 1393, 1386, 29, 8.30%, 0, 0, 3, 6.91
1747853211, 0, 771, 1393, 1386, 29, 8.30%, 0, 0, 3, 7.46
1747853227, 0, 772, 1393, 1386, 29, 8.30%, 0, 0, 3, 8.71
1747853242, 0, 773, 1393, 1386, 29, 8.30%, 0, 0, 3, 8.36
1747853258, 0, 774, 1393, 1386, 29, 8.30%, 0, 0, 3, 7.89
1747853273, 0, 775, 1393, 1386, 29, 8.30%, 0, 0, 3, 8.69
1747853288, 0, 776, 1393, 1386, 29, 8.30%, 0, 0, 3, 8.55
1747853304, 0, 778, 1393, 1386, 29, 8.30%, 0, 0, 3, 8.78
1747853319, 0, 781, 1393, 1386, 29, 8.30%, 0, 0, 3, 8.21
1747853335, 0, 782, 1393, 1386, 29, 8.30%, 0, 0, 3, 7.58
1747853350, 0, 784, 1393, 1386, 29, 8.30%, 0, 0, 3, 8.36
1747853366, 0, 786, 1393, 1386, 29, 8.30%, 0, 0, 3, 7.81
1747853371, 0, 786, 1394, 1387, 29, 8.30%, 0, 0, 3, 7.32
1747853402, 0, 790, 1394, 1387, 29, 8.30%, 0, 0, 3, 7.96
1747853422, 0, 791, 1394, 1387, 29, 8.30%, 0, 0, 3, 7.36
1747853438, 0, 793, 1394, 1387, 29, 8.30%, 0, 0, 3, 8.78
1747853453, 0, 794, 1394, 1387, 29, 8.30%, 0, 0, 3, 7.38
1747853458, 0, 794, 1395, 1388, 29, 8.30%, 0, 0, 3, 6.32
1747853494, 0, 795, 1395, 1388, 29, 8.30%, 0, 0, 3, 6.78
1747853499, 0, 795, 1396, 1389, 29, 8.30%, 0, 0, 3, 6.04
1747853530, 0, 796, 1396, 1389, 29, 8.30%, 0, 0, 3, 8.07
1747853546, 0, 797, 1396, 1389, 29, 8.30%, 0, 0, 3, 7.68
1747853556, 0, 797, 1397, 1390, 29, 8.30%, 0, 0, 3, 6.81
1747853566, 0, 797, 1398, 1391, 29, 8.30%, 0, 0, 3, 6.89
1747853623, 0, 798, 1398, 1391, 29, 8.30%, 0, 0, 3, 8.11
1747853638, 0, 800, 1398, 1391, 29, 8.30%, 0, 0, 3, 6.95
1747853654, 0, 804, 1398, 1391, 29, 8.30%, 0, 0, 3, 7.17
1747853669, 0, 805, 1398, 1391, 29, 8.30%, 0, 0, 3, 8.06
1747853680, 0, 805, 1399, 1392, 29, 8.30%, 0, 0, 3, 7.05
1747853705, 0, 805, 1400, 1393, 29, 8.30%, 0, 0, 3, 6.15
1747853711, 0, 805, 1401, 1394, 29, 8.30%, 0, 0, 3, 6.25
1747853726, 0, 805, 1402, 1395, 29, 8.30%, 0, 0, 3, 5.86
1747853736, 0, 805, 1403, 1396, 29, 8.30%, 0, 0, 3, 6.33
1747853809, 0, 805, 1404, 1397, 29, 8.30%, 0, 0, 3, 6.22
1747853896, 0, 805, 1405, 1398, 29, 8.31%, 0, 0, 3, 6.59
1747854265, 0, 807, 1405, 1398, 30, 8.31%, 0, 0, 3, 7.18
1747854281, 0, 808, 1405, 1398, 30, 8.31%, 0, 0, 3, 8.48
1747854301, 0, 810, 1405, 1398, 30, 8.31%, 0, 0, 3, 7.13
1747854317, 0, 813, 1405, 1398, 30, 8.31%, 0, 0, 3, 7.92
1747854332, 0, 814, 1405, 1398, 30, 8.31%, 0, 0, 3, 7.69
1747854353, 0, 816, 1405, 1398, 30, 8.31%, 0, 0, 3, 7.98
1747854368, 0, 818, 1405, 1398, 30, 8.31%, 0, 0, 3, 8.77
1747854384, 0, 821, 1405, 1398, 30, 8.31%, 0, 0, 3, 8.54
1747854399, 0, 822, 1405, 1398, 30, 8.31%, 0, 0, 3, 7.78
1747854415, 0, 823, 1405, 1398, 30, 8.31%, 0, 0, 3, 8.23
1747854430, 0, 824, 1405, 1398, 30, 8.31%, 0, 0, 3, 8.32
1747854450, 0, 825, 1405, 1398, 30, 8.31%, 0, 0, 3, 7.79
1747854466, 0, 826, 1405, 1398, 30, 8.31%, 0, 0, 3, 7.45
1747854487, 0, 827, 1405, 1398, 30, 8.31%, 0, 0, 3, 7.11
1747854503, 0, 828, 1405, 1398, 30, 8.31%, 0, 0, 3, 7.23
1747854518, 0, 830, 1405, 1398, 30, 8.31%, 0, 0, 3, 7.50
1747854539, 0, 831, 1405, 1398, 30, 8.31%, 0, 0, 3, 7.81
1747854555, 0, 832, 1405, 1398, 30, 8.31%, 0, 0, 3, 8.34
1747854570, 0, 834, 1405, 1398, 30, 8.31%, 0, 0, 3, 7.17
1747854585, 0, 835, 1405, 1398, 30, 8.31%, 0, 0, 3, 8.32
1747854591, 0, 835, 1406, 1399, 30, 8.31%, 0, 0, 3, 6.13
1747854596, 0, 835, 1407, 1400, 30, 8.31%, 0, 0, 3, 6.15
1747854627, 0, 835, 1408, 1401, 30, 8.31%, 0, 0, 3, 6.18
1747854652, 0, 835, 1409, 1402, 30, 8.31%, 0, 0, 3, 11.52
1747854827, 0, 836, 1409, 1402, 30, 8.31%, 0, 0, 3, 6.96
1747854842, 0, 837, 1409, 1402, 30, 8.31%, 0, 0, 3, 8.36
1747854858, 0, 838, 1409, 1402, 30, 8.31%, 0, 0, 3, 7.40
1747854879, 0, 839, 1410, 1403, 30, 8.31%, 0, 0, 3, 6.09
1747854915, 0, 840, 1410, 1403, 30, 8.31%, 0, 0, 3, 6.77
1747854935, 0, 841, 1410, 1403, 30, 8.31%, 0, 0, 3, 6.29
1747854956, 0, 842, 1411, 1404, 30, 8.31%, 0, 0, 3, 6.19
1747854997, 0, 843, 1411, 1404, 30, 8.31%, 0, 0, 3, 6.67
1747855017, 0, 844, 1411, 1404, 30, 8.31%, 0, 0, 3, 7.39
1747855033, 0, 847, 1411, 1404, 30, 8.31%, 0, 0, 3, 6.93
1747855054, 0, 848, 1411, 1404, 30, 8.31%, 0, 0, 3, 6.68
1747855069, 0, 850, 1412, 1405, 30, 8.31%, 0, 0, 3, 6.03
1747855110, 0, 851, 1412, 1405, 30, 8.31%, 0, 0, 3, 7.28
1747855125, 0, 853, 1412, 1405, 30, 8.31%, 0, 0, 3, 6.79
1747855146, 0, 854, 1412, 1405, 30, 8.31%, 0, 0, 3, 8.49
1747855162, 0, 855, 1412, 1405, 30, 8.31%, 0, 0, 3, 7.52
1747855177, 0, 857, 1412, 1405, 30, 8.31%, 0, 0, 3, 6.35
1747855182, 0, 857, 1413, 1406, 30, 8.31%, 0, 0, 3, 6.65
1747855213, 0, 857, 1414, 1407, 30, 8.31%, 0, 0, 3, 6.86
1747855249, 0, 859, 1414, 1407, 30, 8.31%, 0, 0, 3, 8.34
1747855270, 0, 860, 1414, 1407, 30, 8.31%, 0, 0, 3, 7.05
1747855285, 0, 861, 1414, 1407, 30, 8.31%, 0, 0, 3, 6.84
1747855305, 0, 862, 1414, 1407, 30, 8.31%, 0, 0, 3, 7.09
1747855321, 0, 864, 1414, 1407, 30, 8.31%, 0, 0, 3, 6.97
1747855336, 0, 866, 1414, 1407, 30, 8.31%, 0, 0, 3, 7.93
1747855356, 0, 867, 1414, 1407, 30, 8.31%, 0, 0, 3, 7.22
1747855377, 0, 868, 1414, 1407, 30, 8.31%, 0, 0, 3, 6.99
1747855393, 0, 869, 1414, 1407, 30, 8.31%, 0, 0, 3, 6.76
1747855413, 0, 871, 1414, 1407, 30, 8.31%, 0, 0, 3, 6.27
1747855418, 0, 871, 1415, 1408, 30, 8.31%, 0, 0, 3, 5.67
1747855449, 0, 872, 1415, 1408, 30, 8.31%, 0, 0, 3, 6.80
1747855470, 0, 873, 1415, 1408, 30, 8.31%, 0, 0, 3, 7.38
1747855491, 0, 875, 1415, 1408, 30, 8.31%, 0, 0, 3, 6.95
1747855506, 0, 876, 1415, 1408, 30, 8.31%, 0, 0, 3, 6.56
1747855526, 0, 877, 1415, 1408, 30, 8.31%, 0, 0, 3, 6.58
1747855531, 0, 877, 1416, 1409, 30, 8.31%, 0, 0, 3, 6.28
1747855562, 0, 878, 1416, 1409, 30, 8.31%, 0, 0, 3, 7.00
1747855583, 0, 879, 1416, 1409, 30, 8.31%, 0, 0, 3, 7.85
1747855598, 0, 880, 1416, 1409, 30, 8.31%, 0, 0, 3, 7.39
1747855614, 0, 881, 1416, 1409, 30, 8.31%, 0, 0, 3, 8.01
1747855634, 0, 882, 1416, 1409, 30, 8.31%, 0, 0, 3, 7.45
1747855650, 0, 882, 1417, 1410, 30, 8.31%, 0, 0, 3, 6.88
1747855670, 0, 883, 1418, 1411, 30, 8.31%, 0, 0, 3, 6.88
1747855711, 0, 884, 1418, 1411, 30, 8.31%, 0, 0, 3, 7.22
1747855726, 0, 885, 1418, 1411, 30, 8.31%, 0, 0, 3, 7.39
1747855742, 0, 887, 1418, 1411, 30, 8.31%, 0, 0, 3, 7.05
1747855763, 0, 888, 1418, 1411, 30, 8.31%, 0, 0, 3, 7.35
1747855778, 0, 889, 1418, 1411, 30, 8.31%, 0, 0, 3, 8.41
1747855799, 0, 890, 1418, 1411, 30, 8.31%, 0, 0, 3, 7.30
1747855814, 0, 891, 1418, 1411, 30, 8.31%, 0, 0, 3, 6.62
1747855824, 0, 891, 1419, 1412, 30, 8.31%, 0, 0, 3, 7.19
1747855829, 0, 891, 1420, 1413, 30, 8.31%, 0, 0, 3, 6.04
1747855890, 0, 892, 1420, 1413, 30, 8.31%, 0, 0, 3, 7.11
1747855906, 0, 893, 1420, 1413, 30, 8.31%, 0, 0, 3, 8.18
1747855926, 0, 894, 1420, 1413, 30, 8.31%, 0, 0, 3, 6.57
1747855947, 0, 895, 1420, 1413, 30, 8.31%, 0, 0, 3, 7.27
1747855957, 0, 895, 1421, 1414, 30, 8.31%, 0, 0, 3, 6.79
1747855983, 0, 897, 1421, 1414, 30, 8.31%, 0, 0, 3, 6.97
1747856003, 0, 898, 1421, 1414, 30, 8.31%, 0, 0, 3, 7.81
1747856018, 0, 899, 1421, 1414, 30, 8.31%, 0, 0, 3, 6.88
1747856039, 0, 900, 1422, 1415, 30, 8.31%, 0, 0, 3, 6.55
1747856075, 0, 901, 1422, 1415, 30, 8.31%, 0, 0, 3, 7.23
1747856096, 0, 902, 1422, 1415, 30, 8.31%, 0, 0, 3, 7.50
1747856112, 0, 903, 1422, 1415, 30, 8.31%, 0, 0, 3, 6.60
1747856132, 0, 904, 1422, 1415, 30, 8.31%, 0, 0, 3, 7.68
1747856148, 0, 905, 1422, 1415, 30, 8.31%, 0, 0, 3, 7.61
1747856158, 0, 906, 1422, 1415, 30, 8.31%, 0, 0, 3, 12.49
1747856168, 0, 906, 1424, 1417, 30, 8.31%, 0, 0, 3, 11.78
1747856184, 0, 906, 1425, 1418, 30, 8.31%, 0, 0, 3, 13.17
1747856246, 0, 907, 1425, 1418, 30, 8.31%, 0, 0, 3, 13.12
1747856256, 0, 908, 1425, 1418, 30, 8.31%, 0, 0, 3, 11.38
1747856266, 0, 909, 1425, 1418, 30, 8.31%, 0, 0, 3, 11.82
1747856276, 0, 910, 1425, 1418, 30, 8.31%, 0, 0, 3, 11.86
1747856287, 0, 911, 1425, 1418, 30, 8.31%, 0, 0, 3, 12.83
1747856297, 0, 915, 1425, 1418, 30, 8.31%, 0, 0, 3, 12.76
1747856307, 0, 916, 1425, 1418, 30, 8.31%, 0, 0, 3, 11.75
1747856317, 0, 918, 1425, 1418, 30, 8.31%, 0, 0, 3, 13.26
1747856328, 0, 919, 1425, 1418, 30, 8.31%, 0, 0, 3, 14.07
1747856338, 0, 921, 1425, 1418, 30, 8.31%, 0, 0, 3, 13.27
1747856348, 0, 922, 1425, 1418, 30, 8.31%, 0, 0, 3, 11.96
1747856358, 0, 922, 1426, 1419, 30, 8.31%, 0, 0, 3, 10.13
1747856363, 0, 922, 1427, 1420, 30, 8.31%, 0, 0, 3, 11.30
1747856384, 0, 922, 1428, 1421, 30, 8.31%, 0, 0, 3, 11.58
1747856440, 0, 924, 1428, 1421, 30, 8.31%, 0, 0, 3, 12.35
1747856451, 0, 925, 1428, 1421, 30, 8.31%, 0, 0, 3, 12.77
1747856461, 0, 926, 1428, 1421, 30, 8.31%, 0, 0, 3, 12.48
1747856471, 0, 927, 1428, 1421, 30, 8.31%, 0, 0, 3, 12.20
1747856481, 0, 928, 1428, 1421, 30, 8.31%, 0, 0, 3, 11.99
1747856491, 0, 929, 1428, 1421, 30, 8.31%, 0, 0, 3, 12.43
1747856501, 0, 930, 1428, 1421, 30, 8.31%, 0, 0, 3, 12.90
1747856512, 0, 931, 1428, 1421, 30, 8.31%, 0, 0, 3, 13.80
1747856522, 0, 932, 1428, 1421, 30, 8.31%, 0, 0, 3, 12.19
1747856532, 0, 934, 1428, 1421, 30, 8.31%, 0, 0, 3, 13.62
1747856542, 0, 935, 1428, 1421, 30, 8.31%, 0, 0, 3, 12.33
1747856553, 0, 936, 1428, 1421, 30, 8.31%, 0, 0, 3, 13.52
1747856563, 0, 937, 1428, 1421, 30, 8.31%, 0, 0, 3, 12.39
1747856573, 0, 938, 1428, 1421, 30, 8.31%, 0, 0, 3, 11.65
1747856584, 0, 939, 1428, 1421, 30, 8.31%, 0, 0, 3, 12.59
1747856594, 0, 940, 1429, 1422, 30, 8.31%, 0, 0, 3, 12.28
1747856614, 0, 941, 1429, 1422, 29, 8.31%, 0, 0, 3, 14.53
