# unix_time, cycles_done, cur_path, paths_total, pending_total, pending_favs, map_size, unique_crashes, unique_hangs, max_depth, execs_per_sec
1747817516, 0, 0, 1, 1, 1, 3.78%, 0, 0, 1, 55.94
1747817521, 0, 0, 21, 21, 1, 4.82%, 0, 0, 2, 53.55
1747817526, 0, 0, 41, 41, 1, 4.93%, 0, 0, 2, 48.50
1747817532, 0, 0, 57, 57, 1, 4.94%, 0, 0, 2, 49.21
1747817537, 0, 0, 72, 72, 1, 4.94%, 0, 0, 2, 48.15
1747817542, 0, 0, 84, 84, 1, 4.94%, 0, 0, 2, 49.12
1747817547, 0, 0, 91, 91, 1, 4.95%, 0, 0, 2, 51.61
1747817552, 0, 0, 101, 101, 1, 4.95%, 0, 0, 2, 50.61
1747817557, 0, 0, 108, 108, 1, 4.96%, 0, 0, 2, 50.93
1747817562, 0, 0, 117, 117, 1, 4.96%, 0, 0, 2, 50.22
1747817567, 0, 0, 127, 127, 1, 4.96%, 0, 0, 2, 50.43
1747817572, 0, 0, 133, 133, 1, 4.96%, 0, 0, 2, 51.94
1747817577, 0, 0, 141, 141, 1, 4.97%, 0, 0, 2, 51.98
1747817582, 0, 0, 144, 144, 1, 4.97%, 0, 0, 2, 53.15
1747817587, 0, 0, 153, 153, 1, 4.97%, 0, 0, 2, 50.14
1747817592, 0, 0, 158, 158, 1, 4.98%, 0, 0, 2, 51.69
1747817597, 0, 0, 164, 164, 1, 4.98%, 0, 0, 2, 51.96
1747817602, 0, 0, 169, 169, 1, 4.98%, 0, 0, 2, 53.06
1747817607, 0, 0, 173, 173, 1, 4.98%, 0, 0, 2, 52.70
1747817612, 0, 0, 176, 176, 1, 4.98%, 0, 0, 2, 52.66
1747817617, 0, 0, 181, 181, 1, 4.98%, 0, 0, 2, 51.49
1747817623, 0, 0, 185, 185, 1, 4.98%, 0, 0, 2, 52.51
1747817628, 0, 0, 188, 188, 1, 4.98%, 0, 0, 2, 53.20
1747817633, 0, 0, 193, 193, 1, 4.98%, 0, 0, 2, 51.48
1747817638, 0, 0, 200, 200, 1, 4.98%, 0, 0, 2, 50.41
1747817643, 0, 0, 201, 201, 1, 4.98%, 0, 0, 2, 53.29
1747817648, 0, 0, 202, 202, 1, 4.98%, 0, 0, 2, 53.90
1747817653, 0, 0, 206, 206, 1, 4.98%, 0, 0, 2, 52.37
1747817658, 0, 0, 210, 210, 1, 4.98%, 0, 0, 2, 51.26
1747817663, 0, 0, 211, 211, 1, 4.98%, 0, 0, 2, 53.54
1747817673, 0, 0, 212, 212, 1, 4.98%, 0, 0, 2, 54.07
1747817678, 0, 0, 215, 215, 1, 4.98%, 0, 0, 2, 52.43
1747817683, 0, 0, 217, 217, 1, 4.98%, 0, 0, 2, 53.23
1747817688, 0, 0, 219, 219, 1, 4.98%, 0, 0, 2, 53.24
1747817693, 0, 0, 221, 221, 1, 4.99%, 0, 0, 2, 52.18
1747817699, 0, 0, 222, 222, 1, 4.99%, 0, 0, 2, 54.01
1747817704, 0, 0, 223, 223, 1, 4.99%, 0, 0, 2, 53.77
1747817719, 0, 0, 224, 224, 1, 4.99%, 0, 0, 2, 55.06
1747817724, 0, 0, 225, 225, 1, 4.99%, 0, 0, 2, 54.40
1747817739, 0, 0, 226, 226, 1, 4.99%, 0, 0, 2, 53.88
1747817749, 0, 0, 227, 227, 1, 4.99%, 0, 0, 2, 53.62
1747817754, 0, 0, 229, 229, 1, 4.99%, 0, 0, 2, 54.09
1747817764, 0, 0, 230, 230, 1, 4.99%, 0, 0, 2, 53.88
1747817769, 0, 0, 231, 231, 1, 4.99%, 0, 0, 2, 53.91
1747817785, 0, 0, 232, 232, 1, 4.99%, 0, 0, 2, 54.05
1747817795, 0, 0, 233, 233, 1, 4.99%, 0, 0, 2, 54.08
1747817805, 0, 0, 234, 234, 1, 4.99%, 0, 0, 2, 54.43
1747817820, 0, 0, 235, 235, 1, 4.99%, 0, 0, 2, 53.18
1747817825, 0, 0, 236, 236, 1, 4.99%, 0, 0, 2, 52.03
1747817841, 0, 0, 237, 237, 1, 4.99%, 0, 0, 2, 54.51
1747817851, 0, 0, 238, 238, 1, 4.99%, 0, 0, 2, 54.00
1747817856, 0, 0, 239, 239, 1, 4.99%, 0, 0, 2, 54.09
1747817866, 0, 1, 248, 247, 16, 5.03%, 0, 0, 2, 41.88
1747817871, 0, 1, 263, 262, 16, 5.05%, 0, 0, 2, 34.40
1747817876, 0, 1, 277, 276, 16, 5.05%, 0, 0, 2, 33.80
1747817881, 0, 1, 288, 287, 16, 5.05%, 0, 0, 2, 33.51
1747817886, 0, 1, 296, 295, 16, 5.05%, 0, 0, 2, 32.66
1747817891, 0, 1, 301, 300, 16, 5.05%, 0, 0, 2, 33.84
1747817896, 0, 1, 304, 303, 16, 5.05%, 0, 0, 2, 34.77
1747817901, 0, 1, 311, 310, 16, 5.05%, 0, 0, 2, 33.08
1747817907, 0, 1, 314, 313, 16, 5.05%, 0, 0, 2, 33.76
1747817912, 0, 1, 317, 316, 16, 5.05%, 0, 0, 2, 34.40
1747817917, 0, 1, 319, 318, 16, 5.05%, 0, 0, 2, 34.69
1747817922, 0, 1, 321, 320, 16, 5.05%, 0, 0, 2, 34.56
1747817927, 0, 1, 324, 323, 16, 5.05%, 0, 0, 2, 34.34
1747817932, 0, 1, 325, 324, 16, 5.05%, 0, 0, 2, 35.05
1747817937, 0, 1, 326, 325, 16, 5.05%, 0, 0, 2, 34.82
1747817943, 0, 1, 330, 329, 16, 5.05%, 0, 0, 2, 34.19
1747817948, 0, 1, 332, 331, 16, 5.05%, 0, 0, 2, 34.58
1747817953, 0, 1, 333, 332, 16, 5.05%, 0, 0, 2, 34.93
1747817958, 0, 1, 335, 334, 16, 5.05%, 0, 0, 2, 34.56
1747817968, 0, 1, 337, 336, 16, 5.05%, 0, 0, 2, 33.93
1747817973, 0, 1, 339, 338, 16, 5.05%, 0, 0, 2, 34.48
1747817978, 0, 1, 341, 340, 16, 5.05%, 0, 0, 2, 34.54
1747817989, 0, 1, 343, 342, 16, 5.06%, 0, 0, 2, 34.53
1747817994, 0, 1, 345, 344, 16, 5.06%, 0, 0, 2, 34.43
1747817999, 0, 1, 348, 347, 16, 5.06%, 0, 0, 2, 33.74
1747818009, 0, 2, 352, 351, 15, 5.06%, 0, 0, 2, 33.07
1747818014, 0, 2, 364, 363, 15, 5.07%, 0, 0, 2, 27.59
1747818019, 0, 2, 375, 374, 15, 5.08%, 0, 0, 2, 26.10
1747818024, 0, 2, 383, 382, 15, 5.08%, 0, 0, 2, 26.33
1747818029, 0, 2, 390, 389, 15, 5.08%, 0, 0, 2, 26.15
1747818035, 0, 2, 397, 396, 15, 5.08%, 0, 0, 2, 25.89
1747818040, 0, 2, 401, 400, 15, 5.08%, 0, 0, 2, 25.94
1747818045, 0, 2, 404, 403, 15, 5.08%, 0, 0, 2, 26.53
1747818050, 0, 2, 409, 408, 15, 5.08%, 0, 0, 2, 26.32
1747818055, 0, 2, 414, 413, 15, 5.08%, 0, 0, 2, 26.31
1747818060, 0, 2, 418, 417, 15, 5.08%, 0, 0, 2, 26.13
1747818065, 0, 2, 424, 423, 15, 5.08%, 0, 0, 2, 25.46
1747818070, 0, 2, 428, 427, 15, 5.08%, 0, 0, 2, 25.86
1747818075, 0, 2, 431, 430, 15, 5.08%, 0, 0, 2, 26.06
1747818081, 0, 2, 435, 434, 15, 5.08%, 0, 0, 2, 25.60
1747818086, 0, 2, 438, 437, 15, 5.08%, 0, 0, 2, 26.09
1747818091, 0, 2, 442, 441, 15, 5.08%, 0, 0, 2, 25.80
1747818101, 0, 2, 443, 442, 15, 5.09%, 0, 0, 2, 26.77
1747818111, 0, 2, 444, 443, 15, 5.09%, 0, 0, 2, 27.02
1747818116, 0, 2, 447, 446, 15, 5.09%, 0, 0, 2, 26.53
1747818121, 0, 2, 448, 447, 15, 5.09%, 0, 0, 2, 26.84
1747818127, 0, 2, 450, 449, 15, 5.09%, 0, 0, 2, 26.69
1747818132, 0, 2, 452, 451, 15, 5.09%, 0, 0, 2, 26.42
1747818137, 0, 2, 454, 453, 15, 5.09%, 0, 0, 2, 26.32
1747818147, 0, 2, 458, 457, 15, 5.09%, 0, 0, 2, 25.50
1747818157, 0, 2, 460, 459, 15, 5.09%, 0, 0, 2, 26.30
1747818162, 0, 2, 462, 461, 15, 5.09%, 0, 0, 2, 25.82
1747818167, 0, 2, 463, 462, 15, 5.09%, 0, 0, 2, 26.35
1747818178, 0, 2, 464, 463, 15, 5.09%, 0, 0, 2, 26.48
1747818188, 0, 2, 466, 465, 15, 5.09%, 0, 0, 2, 26.36
1747818193, 0, 2, 467, 466, 15, 5.09%, 0, 0, 2, 26.69
1747818198, 0, 2, 468, 467, 15, 5.09%, 0, 0, 2, 26.64
1747818203, 0, 4, 477, 476, 17, 5.90%, 0, 0, 2, 23.36
1747818209, 0, 4, 486, 485, 17, 5.90%, 0, 0, 2, 21.93
1747818214, 0, 4, 498, 497, 17, 5.90%, 0, 0, 2, 21.47
1747818219, 0, 4, 508, 507, 17, 5.95%, 0, 0, 2, 21.33
1747818224, 0, 4, 518, 517, 17, 6.06%, 0, 0, 2, 21.14
1747818229, 0, 4, 526, 525, 17, 6.07%, 0, 0, 2, 21.10
1747818234, 0, 4, 534, 533, 17, 6.11%, 0, 0, 2, 20.58
1747818239, 0, 4, 543, 542, 17, 6.11%, 0, 0, 2, 20.74
1747818244, 0, 4, 553, 552, 17, 6.16%, 0, 0, 2, 20.52
1747818249, 0, 4, 562, 561, 17, 6.16%, 0, 0, 2, 20.67
1747818254, 0, 4, 571, 570, 17, 6.17%, 0, 0, 2, 20.52
1747818260, 0, 4, 580, 579, 17, 6.17%, 0, 0, 2, 20.21
1747818265, 0, 4, 586, 585, 17, 6.17%, 0, 0, 2, 20.53
1747818270, 0, 4, 591, 590, 17, 6.17%, 0, 0, 2, 20.20
1747818275, 0, 4, 596, 595, 17, 6.17%, 0, 0, 2, 20.44
1747818280, 0, 4, 602, 601, 17, 6.17%, 0, 0, 2, 19.97
1747818285, 0, 4, 608, 607, 17, 6.17%, 0, 0, 2, 20.65
1747818290, 0, 4, 614, 613, 17, 6.23%, 0, 0, 2, 20.93
1747818295, 0, 4, 620, 619, 17, 6.23%, 0, 0, 2, 20.38
1747818301, 0, 4, 623, 622, 17, 6.23%, 0, 0, 2, 20.73
1747818306, 0, 4, 627, 626, 17, 6.23%, 0, 0, 2, 20.89
1747818311, 0, 4, 630, 629, 17, 6.23%, 0, 0, 2, 20.87
1747818316, 0, 4, 633, 632, 17, 6.23%, 0, 0, 2, 20.71
1747818321, 0, 4, 634, 633, 17, 6.23%, 0, 0, 2, 20.95
1747818326, 0, 4, 637, 636, 17, 6.23%, 0, 0, 2, 20.74
1747818331, 0, 4, 641, 640, 17, 6.23%, 0, 0, 2, 20.44
1747818336, 0, 4, 644, 643, 17, 6.23%, 0, 0, 2, 20.69
1747818342, 0, 4, 647, 646, 17, 6.23%, 0, 0, 2, 20.57
1747818347, 0, 4, 650, 649, 17, 6.23%, 0, 0, 2, 20.93
1747818352, 0, 4, 652, 651, 17, 6.23%, 0, 0, 2, 21.14
1747818357, 0, 4, 653, 652, 17, 6.23%, 0, 0, 2, 21.03
1747818367, 0, 4, 657, 656, 17, 6.23%, 0, 0, 2, 20.64
1747818378, 0, 4, 658, 657, 17, 6.23%, 0, 0, 2, 21.14
1747818383, 0, 4, 659, 658, 17, 6.23%, 0, 0, 2, 21.17
1747818388, 0, 4, 662, 661, 17, 6.23%, 0, 0, 2, 20.98
1747818403, 0, 4, 664, 663, 17, 6.23%, 0, 0, 2, 20.80
1747818408, 0, 4, 665, 664, 17, 6.23%, 0, 0, 2, 20.95
1747818414, 0, 4, 667, 666, 17, 6.23%, 0, 0, 2, 21.09
1747818424, 0, 4, 669, 668, 17, 6.23%, 0, 0, 2, 21.04
1747818429, 0, 4, 670, 669, 17, 6.23%, 0, 0, 2, 21.22
1747818439, 0, 4, 671, 670, 17, 6.23%, 0, 0, 2, 21.03
1747818445, 0, 4, 672, 671, 17, 6.23%, 0, 0, 2, 20.86
1747818450, 0, 4, 673, 672, 17, 6.23%, 0, 0, 2, 21.13
1747818455, 0, 4, 674, 673, 17, 6.23%, 0, 0, 2, 20.99
1747818460, 0, 4, 675, 674, 17, 6.23%, 0, 0, 2, 21.13
1747818470, 0, 4, 676, 675, 17, 6.24%, 0, 0, 2, 20.96
1747818475, 0, 4, 677, 676, 17, 6.24%, 0, 0, 2, 20.86
1747818481, 0, 5, 677, 676, 15, 6.24%, 0, 0, 2, 21.08
1747818486, 0, 6, 679, 678, 15, 6.24%, 0, 0, 2, 20.55
1747818491, 0, 6, 682, 681, 15, 6.25%, 0, 0, 2, 19.93
1747818496, 0, 6, 683, 682, 15, 6.25%, 0, 0, 2, 19.93
1747818501, 0, 6, 684, 683, 15, 6.25%, 0, 0, 2, 19.94
1747818506, 0, 6, 686, 685, 15, 6.27%, 0, 0, 2, 19.99
1747818512, 0, 6, 689, 688, 15, 6.27%, 0, 0, 2, 20.05
1747818517, 0, 6, 690, 689, 15, 6.28%, 0, 0, 2, 20.02
1747818522, 0, 6, 691, 690, 15, 6.28%, 0, 0, 2, 20.06
1747818537, 0, 6, 692, 691, 15, 6.28%, 0, 0, 2, 19.83
1747818542, 0, 6, 693, 692, 15, 6.28%, 0, 0, 2, 19.60
1747818548, 0, 6, 695, 694, 15, 6.28%, 0, 0, 2, 19.64
1747818558, 0, 6, 697, 696, 15, 6.28%, 0, 0, 2, 20.05
1747818563, 0, 6, 698, 697, 15, 6.28%, 0, 0, 2, 20.00
1747818573, 0, 6, 699, 698, 15, 6.28%, 0, 0, 2, 19.69
1747818593, 0, 6, 700, 699, 15, 6.28%, 0, 0, 2, 20.03
1747818619, 0, 6, 701, 700, 15, 6.28%, 0, 0, 2, 20.20
1747818624, 0, 6, 702, 701, 15, 6.28%, 0, 0, 2, 20.21
1747818629, 0, 6, 703, 702, 15, 6.28%, 0, 0, 2, 20.05
1747818645, 0, 6, 704, 703, 15, 6.28%, 0, 0, 2, 19.85
1747818660, 0, 6, 705, 704, 15, 6.28%, 0, 0, 2, 20.08
1747818675, 0, 6, 706, 705, 15, 6.28%, 0, 0, 2, 20.06
1747818695, 0, 6, 708, 707, 15, 6.40%, 0, 0, 2, 19.98
1747818701, 0, 8, 709, 708, 18, 6.40%, 0, 0, 2, 19.99
1747818706, 0, 8, 713, 712, 18, 6.41%, 0, 0, 2, 19.79
1747818711, 0, 8, 715, 714, 18, 6.41%, 0, 0, 2, 19.54
1747818716, 0, 8, 716, 715, 18, 6.41%, 0, 0, 2, 19.68
1747818721, 0, 8, 717, 716, 18, 6.41%, 0, 0, 2, 19.79
1747818726, 0, 8, 719, 718, 18, 6.41%, 0, 0, 2, 19.57
1747818731, 0, 8, 723, 722, 18, 6.52%, 0, 0, 2, 19.61
1747818736, 0, 8, 725, 724, 18, 6.52%, 0, 0, 2, 19.88
1747818741, 0, 8, 727, 726, 18, 6.52%, 0, 0, 2, 19.79
1747818747, 0, 8, 729, 728, 18, 6.52%, 0, 0, 2, 19.52
1747818752, 0, 8, 732, 731, 18, 6.52%, 0, 0, 2, 19.66
1747818757, 0, 8, 733, 732, 18, 6.53%, 0, 0, 2, 19.58
1747818767, 0, 8, 734, 733, 18, 6.53%, 0, 0, 2, 19.75
1747818772, 0, 8, 735, 734, 18, 6.53%, 0, 0, 2, 19.64
1747818788, 0, 8, 737, 736, 18, 6.53%, 0, 0, 2, 19.78
1747818793, 0, 8, 738, 737, 18, 6.69%, 0, 0, 2, 19.72
1747818808, 0, 8, 739, 738, 18, 6.69%, 0, 0, 2, 19.53
1747818813, 0, 8, 742, 741, 18, 6.69%, 0, 0, 2, 19.87
1747818828, 0, 8, 743, 742, 18, 6.69%, 0, 0, 2, 19.84
1747818839, 0, 8, 744, 743, 18, 6.69%, 0, 0, 2, 19.52
1747818844, 0, 8, 745, 744, 18, 6.72%, 0, 0, 2, 19.67
1747818869, 0, 8, 746, 745, 18, 6.72%, 0, 0, 2, 19.93
1747818874, 0, 8, 747, 746, 18, 6.72%, 0, 0, 2, 19.74
1747818890, 0, 8, 748, 747, 18, 6.72%, 0, 0, 2, 19.86
1747818925, 0, 10, 748, 747, 21, 6.72%, 0, 0, 2, 19.88
1747818930, 0, 11, 748, 747, 21, 6.72%, 0, 0, 2, 19.85
1747818935, 0, 11, 750, 749, 21, 6.72%, 0, 0, 2, 19.67
1747818956, 0, 12, 751, 750, 21, 6.72%, 0, 0, 2, 19.58
1747818961, 0, 12, 752, 751, 21, 6.72%, 0, 0, 2, 19.22
1747818987, 0, 13, 755, 754, 19, 6.72%, 0, 0, 2, 18.91
1747818992, 0, 13, 756, 755, 19, 6.72%, 0, 0, 2, 19.03
1747819002, 0, 13, 757, 756, 19, 6.72%, 0, 0, 2, 19.07
1747819007, 0, 13, 758, 757, 19, 6.72%, 0, 0, 2, 19.34
1747819012, 0, 13, 759, 758, 19, 6.73%, 0, 0, 2, 19.01
1747819023, 0, 13, 761, 760, 19, 6.73%, 0, 0, 2, 19.01
1747819033, 0, 13, 764, 763, 19, 6.73%, 0, 0, 2, 18.49
1747819038, 0, 13, 765, 764, 19, 6.73%, 0, 0, 2, 19.01
1747819043, 0, 13, 766, 765, 19, 6.73%, 0, 0, 2, 18.95
1747819048, 0, 13, 767, 766, 19, 6.73%, 0, 0, 2, 18.95
1747819074, 0, 13, 768, 767, 19, 6.73%, 0, 0, 2, 19.22
1747819079, 0, 13, 769, 768, 19, 6.73%, 0, 0, 2, 19.04
1747819089, 0, 13, 770, 769, 19, 6.73%, 0, 0, 2, 19.13
1747819094, 0, 13, 771, 770, 19, 6.73%, 0, 0, 2, 19.16
1747819099, 0, 13, 772, 771, 19, 6.73%, 0, 0, 2, 19.15
1747819114, 0, 13, 774, 773, 19, 6.73%, 0, 0, 2, 19.08
1747819119, 0, 13, 775, 774, 19, 6.73%, 0, 0, 2, 19.11
1747819124, 0, 13, 777, 776, 19, 6.73%, 0, 0, 2, 19.12
1747819140, 0, 13, 778, 777, 19, 6.73%, 0, 0, 2, 19.16
1747819145, 0, 13, 779, 778, 19, 6.73%, 0, 0, 2, 19.07
1747819155, 0, 13, 780, 779, 19, 6.73%, 0, 0, 2, 19.31
1747819160, 0, 13, 781, 780, 19, 6.73%, 0, 0, 2, 19.01
1747819191, 0, 13, 782, 781, 19, 6.73%, 0, 0, 2, 18.96
1747819196, 0, 13, 783, 782, 19, 6.73%, 0, 0, 2, 19.14
1747819206, 0, 13, 784, 783, 19, 6.73%, 0, 0, 2, 19.11
1747819212, 0, 14, 784, 783, 23, 6.73%, 0, 0, 2, 19.26
1747819217, 0, 14, 785, 784, 23, 6.73%, 0, 0, 2, 19.11
1747819227, 0, 16, 786, 785, 23, 6.73%, 0, 0, 2, 18.84
1747819237, 0, 16, 787, 786, 23, 6.73%, 0, 0, 2, 18.85
1747819243, 0, 16, 790, 789, 23, 6.80%, 0, 0, 2, 18.88
1747819248, 0, 16, 791, 790, 23, 6.80%, 0, 0, 2, 18.58
1747819253, 0, 16, 793, 792, 23, 6.80%, 0, 0, 2, 18.67
1747819258, 0, 16, 794, 793, 23, 6.80%, 0, 0, 2, 18.63
1747819263, 0, 16, 796, 795, 23, 6.80%, 0, 0, 2, 18.45
1747819268, 0, 16, 797, 796, 23, 6.80%, 0, 0, 2, 18.65
1747819273, 0, 16, 798, 797, 23, 6.80%, 0, 0, 2, 18.52
1747819283, 0, 16, 800, 799, 23, 6.80%, 0, 0, 2, 18.77
1747819288, 0, 16, 801, 800, 23, 6.80%, 0, 0, 2, 18.64
1747819294, 0, 16, 802, 801, 23, 6.80%, 0, 0, 2, 18.60
1747819304, 0, 16, 804, 803, 23, 6.80%, 0, 0, 2, 18.65
1747819319, 0, 16, 805, 804, 23, 6.80%, 0, 0, 2, 18.79
1747819325, 0, 16, 806, 805, 23, 6.80%, 0, 0, 2, 18.72
1747819335, 0, 16, 807, 806, 23, 6.80%, 0, 0, 2, 18.62
1747819340, 0, 16, 808, 807, 23, 6.80%, 0, 0, 2, 18.85
1747819345, 0, 16, 809, 808, 23, 6.80%, 0, 0, 2, 18.89
1747819366, 0, 16, 811, 810, 23, 6.80%, 0, 0, 2, 18.80
1747819412, 0, 16, 812, 811, 23, 6.80%, 0, 0, 2, 19.05
1747819438, 0, 16, 813, 812, 23, 6.80%, 0, 0, 2, 18.85
1747819458, 0, 17, 813, 812, 22, 6.80%, 0, 0, 2, 19.82
1747819463, 0, 18, 813, 812, 22, 6.80%, 0, 0, 2, 19.93
1747819469, 0, 20, 813, 812, 22, 6.80%, 0, 0, 2, 19.69
1747819474, 0, 21, 813, 812, 22, 6.80%, 0, 0, 2, 19.08
1747819484, 0, 22, 814, 813, 22, 6.80%, 0, 0, 2, 19.57
1747819494, 0, 23, 814, 813, 22, 6.80%, 0, 0, 2, 19.73
1747819499, 0, 23, 816, 815, 22, 6.80%, 0, 0, 2, 18.70
1747819504, 0, 23, 817, 816, 22, 6.80%, 0, 0, 2, 18.44
1747819509, 0, 23, 818, 817, 22, 6.80%, 0, 0, 2, 18.24
1747819520, 0, 23, 819, 818, 22, 6.80%, 0, 0, 2, 18.62
1747819525, 0, 23, 820, 819, 22, 6.80%, 0, 0, 2, 18.25
1747819550, 0, 23, 822, 821, 22, 6.80%, 0, 0, 2, 18.20
1747819560, 0, 23, 823, 822, 22, 6.80%, 0, 0, 2, 18.43
1747819570, 0, 23, 824, 823, 22, 6.80%, 0, 0, 2, 18.34
1747819580, 0, 23, 825, 824, 22, 6.80%, 0, 0, 2, 18.22
1747819591, 0, 23, 826, 825, 22, 6.80%, 0, 0, 2, 18.61
1747819611, 0, 23, 827, 826, 22, 6.80%, 0, 0, 2, 18.40
1747819626, 0, 23, 828, 827, 22, 6.80%, 0, 0, 2, 18.38
1747819652, 0, 23, 829, 828, 22, 6.80%, 0, 0, 2, 18.45
1747819672, 0, 23, 830, 829, 22, 6.80%, 0, 0, 2, 18.52
1747819708, 0, 23, 831, 830, 22, 6.80%, 0, 0, 2, 18.56
1747819723, 0, 24, 831, 830, 22, 6.80%, 0, 0, 2, 18.53
1747819728, 0, 24, 834, 833, 22, 6.80%, 0, 0, 2, 18.24
1747819738, 0, 24, 835, 834, 22, 6.80%, 0, 0, 2, 18.22
1747819754, 0, 24, 836, 835, 22, 6.83%, 0, 0, 2, 18.19
1747819759, 0, 24, 837, 836, 22, 6.83%, 0, 0, 2, 18.28
1747819769, 0, 24, 838, 837, 22, 6.83%, 0, 0, 2, 18.07
1747819774, 0, 24, 839, 838, 22, 6.83%, 0, 0, 2, 18.29
1747819799, 0, 24, 841, 840, 22, 6.83%, 0, 0, 2, 18.09
1747819804, 0, 24, 842, 841, 22, 6.83%, 0, 0, 2, 18.16
1747819809, 0, 24, 843, 842, 22, 6.83%, 0, 0, 2, 18.18
1747819845, 0, 24, 844, 843, 22, 6.83%, 0, 0, 2, 18.34
1747819855, 0, 24, 845, 844, 22, 6.83%, 0, 0, 2, 18.70
1747819875, 0, 24, 846, 845, 22, 6.83%, 0, 0, 2, 18.39
1747819916, 0, 24, 847, 846, 22, 6.83%, 0, 0, 2, 18.47
1747819947, 0, 24, 848, 847, 22, 6.83%, 0, 0, 2, 18.47
1747819952, 0, 24, 849, 848, 22, 6.83%, 0, 0, 2, 18.43
1747819957, 0, 25, 849, 848, 22, 6.83%, 0, 0, 2, 19.40
1747819962, 0, 26, 849, 848, 22, 6.83%, 0, 0, 2, 19.99
1747819967, 0, 27, 849, 848, 22, 6.83%, 0, 0, 2, 19.94
1747819977, 0, 28, 849, 848, 22, 6.83%, 0, 0, 2, 20.08
1747819982, 0, 29, 849, 848, 22, 6.83%, 0, 0, 2, 19.97
1747819987, 0, 30, 849, 848, 22, 6.83%, 0, 0, 2, 19.72
1747819993, 0, 31, 849, 848, 22, 6.83%, 0, 0, 2, 19.15
1747820003, 0, 32, 849, 848, 22, 6.83%, 0, 0, 2, 19.20
1747820008, 0, 33, 851, 850, 22, 6.83%, 0, 0, 2, 18.25
1747820013, 0, 33, 852, 851, 22, 6.83%, 0, 0, 2, 17.85
1747820028, 0, 33, 853, 852, 22, 6.86%, 0, 0, 2, 17.59
1747820033, 0, 33, 855, 854, 22, 6.86%, 0, 0, 2, 17.59
1747820038, 0, 33, 858, 857, 22, 6.86%, 0, 0, 2, 17.38
1747820054, 0, 33, 859, 858, 22, 6.86%, 0, 0, 2, 17.64
1747820059, 0, 33, 860, 859, 22, 6.86%, 0, 0, 2, 17.68
1747820064, 0, 33, 862, 861, 22, 6.86%, 0, 0, 2, 17.26
1747820074, 0, 33, 863, 862, 22, 6.86%, 0, 0, 2, 17.33
1747820090, 0, 33, 864, 863, 22, 6.86%, 0, 0, 2, 17.56
1747820100, 0, 33, 865, 864, 22, 6.86%, 0, 0, 2, 17.74
1747820105, 0, 33, 867, 866, 22, 6.86%, 0, 0, 2, 17.57
1747820110, 0, 33, 868, 867, 22, 6.86%, 0, 0, 2, 17.67
1747820115, 0, 33, 869, 868, 22, 6.86%, 0, 0, 2, 17.63
1747820120, 0, 33, 870, 869, 22, 6.86%, 0, 0, 2, 17.26
1747820125, 0, 33, 871, 870, 22, 6.86%, 0, 0, 2, 17.46
1747820130, 0, 33, 872, 871, 22, 6.86%, 0, 0, 2, 17.74
1747820146, 0, 33, 874, 873, 22, 6.86%, 0, 0, 2, 17.72
1747820161, 0, 33, 875, 874, 22, 6.86%, 0, 0, 2, 17.65
1747820166, 0, 33, 876, 875, 22, 6.86%, 0, 0, 2, 18.10
1747820187, 0, 33, 877, 876, 22, 6.86%, 0, 0, 2, 17.75
1747820197, 0, 33, 878, 877, 22, 6.86%, 0, 0, 2, 17.79
1747820213, 0, 33, 879, 878, 22, 6.86%, 0, 0, 2, 17.71
1747820228, 0, 33, 880, 879, 22, 6.86%, 0, 0, 2, 17.37
1747820248, 0, 33, 881, 880, 22, 6.86%, 0, 0, 2, 17.83
1747820253, 0, 34, 881, 880, 22, 6.86%, 0, 0, 2, 18.39
1747820264, 0, 35, 881, 880, 22, 6.86%, 0, 0, 2, 18.88
1747820269, 0, 36, 881, 880, 22, 6.86%, 0, 0, 2, 18.57
1747820274, 0, 39, 881, 880, 22, 6.86%, 0, 0, 2, 18.66
1747820279, 0, 40, 881, 880, 22, 6.86%, 0, 0, 2, 18.87
1747820289, 0, 41, 882, 881, 22, 6.86%, 0, 0, 2, 18.27
1747820295, 0, 41, 883, 882, 22, 6.86%, 0, 0, 2, 17.72
1747820305, 0, 41, 884, 883, 22, 6.86%, 0, 0, 2, 17.89
1747820346, 0, 42, 884, 883, 22, 6.86%, 0, 0, 2, 17.87
1747820351, 0, 42, 885, 884, 22, 6.86%, 0, 0, 2, 17.77
1747820361, 0, 42, 886, 885, 22, 6.86%, 0, 0, 2, 17.40
1747820367, 0, 42, 887, 886, 22, 6.86%, 0, 0, 2, 17.15
1747820377, 0, 42, 888, 887, 22, 6.87%, 0, 0, 2, 17.25
1747820387, 0, 42, 889, 888, 22, 6.87%, 0, 0, 2, 17.19
1747820392, 0, 42, 890, 889, 22, 6.87%, 0, 0, 2, 17.06
1747820407, 0, 42, 892, 891, 22, 6.87%, 0, 0, 2, 16.88
1747820412, 0, 42, 893, 892, 22, 6.90%, 0, 0, 2, 16.91
1747820433, 0, 42, 894, 893, 22, 6.90%, 0, 0, 2, 29.23
1747820469, 0, 42, 895, 894, 22, 6.90%, 0, 0, 2, 28.89
1747820479, 0, 42, 896, 895, 22, 6.90%, 0, 0, 2, 28.94
1747820510, 0, 42, 897, 896, 22, 6.90%, 0, 0, 2, 28.83
1747820520, 0, 43, 899, 898, 20, 6.90%, 0, 0, 2, 28.64
1747820525, 0, 43, 901, 900, 20, 6.90%, 0, 0, 2, 28.90
1747820530, 0, 43, 905, 904, 20, 6.90%, 0, 0, 2, 28.24
1747820540, 0, 43, 906, 905, 20, 6.90%, 0, 0, 2, 28.83
1747820546, 0, 43, 908, 907, 20, 6.91%, 0, 0, 2, 28.68
1747820551, 0, 43, 909, 908, 20, 6.91%, 0, 0, 2, 28.41
1747820561, 0, 43, 910, 909, 20, 6.91%, 0, 0, 2, 28.86
1747820566, 0, 43, 911, 910, 20, 6.91%, 0, 0, 2, 28.65
1747820592, 0, 43, 912, 911, 20, 6.91%, 0, 0, 2, 27.99
1747820602, 0, 43, 913, 912, 20, 6.91%, 0, 0, 2, 28.82
1747820617, 0, 43, 914, 913, 20, 6.91%, 0, 0, 2, 28.44
1747820632, 0, 43, 915, 914, 20, 6.91%, 0, 0, 2, 28.39
1747820648, 0, 43, 916, 915, 20, 6.92%, 0, 0, 2, 28.41
1747820668, 0, 44, 916, 915, 20, 6.92%, 0, 0, 2, 30.32
1747820673, 0, 46, 919, 918, 20, 6.92%, 0, 0, 2, 28.31
1747820678, 0, 46, 920, 919, 20, 6.92%, 0, 0, 2, 28.29
1747820684, 0, 46, 923, 922, 20, 6.93%, 0, 0, 2, 27.87
1747820689, 0, 46, 924, 923, 20, 6.93%, 0, 0, 2, 28.02
1747820704, 0, 46, 925, 924, 20, 6.93%, 0, 0, 2, 28.67
1747820720, 0, 46, 926, 925, 20, 6.93%, 0, 0, 2, 28.67
1747820765, 0, 46, 927, 926, 20, 6.93%, 0, 0, 2, 28.21
1747820781, 0, 46, 929, 928, 20, 6.93%, 0, 0, 2, 28.37
1747820791, 0, 46, 930, 929, 20, 6.93%, 0, 0, 2, 28.56
1747820796, 0, 46, 931, 930, 20, 6.99%, 0, 0, 2, 28.66
1747820822, 0, 47, 931, 930, 23, 6.99%, 0, 0, 2, 28.74
1747820827, 0, 50, 931, 930, 23, 6.99%, 0, 0, 2, 28.83
1747820832, 0, 52, 932, 931, 23, 7.03%, 0, 0, 2, 28.18
1747820838, 0, 52, 934, 933, 23, 7.21%, 0, 0, 2, 27.67
1747820843, 0, 52, 936, 935, 23, 7.21%, 0, 0, 2, 27.34
1747820858, 0, 52, 937, 936, 23, 7.21%, 0, 0, 2, 27.22
1747820868, 0, 52, 938, 937, 23, 7.21%, 0, 0, 2, 28.37
1747820874, 0, 52, 939, 938, 23, 7.21%, 0, 0, 2, 28.33
1747820879, 0, 52, 940, 939, 23, 7.21%, 0, 0, 2, 28.12
1747820884, 0, 52, 941, 940, 23, 7.21%, 0, 0, 2, 28.29
1747820889, 0, 52, 942, 941, 23, 7.21%, 0, 0, 2, 28.63
1747820894, 0, 52, 943, 942, 23, 7.21%, 0, 0, 2, 28.55
1747820910, 0, 52, 944, 943, 23, 7.21%, 0, 0, 2, 27.98
1747820920, 0, 52, 945, 944, 23, 7.21%, 0, 0, 2, 27.92
1747820930, 0, 52, 946, 945, 23, 7.21%, 0, 0, 2, 27.96
1747820935, 0, 52, 947, 946, 23, 7.21%, 0, 0, 2, 27.89
1747820940, 0, 52, 948, 947, 23, 7.21%, 0, 0, 2, 28.07
1747820945, 0, 52, 949, 948, 23, 7.21%, 0, 0, 2, 28.35
1747820956, 0, 52, 950, 949, 23, 7.21%, 0, 0, 2, 28.16
1747820986, 0, 53, 952, 951, 21, 7.21%, 0, 0, 2, 26.88
1747820991, 0, 53, 954, 953, 21, 7.21%, 0, 0, 2, 27.00
1747820996, 0, 53, 958, 957, 21, 7.21%, 0, 0, 2, 26.55
1747821001, 0, 53, 959, 958, 21, 7.21%, 0, 0, 2, 27.22
1747821006, 0, 53, 961, 960, 21, 7.22%, 0, 0, 2, 26.76
1747821016, 0, 53, 962, 961, 21, 7.22%, 0, 0, 2, 26.98
1747821032, 0, 53, 963, 962, 21, 7.22%, 0, 0, 2, 26.92
1747821037, 0, 53, 965, 964, 21, 7.22%, 0, 0, 2, 27.39
1747821052, 0, 53, 966, 965, 21, 7.22%, 0, 0, 2, 26.78
1747821062, 0, 53, 967, 966, 21, 7.22%, 0, 0, 2, 27.03
1747821119, 0, 53, 968, 967, 21, 7.22%, 0, 0, 2, 27.15
1747821134, 0, 53, 969, 968, 21, 7.22%, 0, 0, 2, 27.79
1747821139, 0, 54, 969, 968, 22, 7.22%, 0, 0, 2, 27.86
1747821144, 0, 55, 969, 968, 22, 7.22%, 0, 0, 2, 27.54
1747821149, 0, 56, 969, 968, 22, 7.22%, 0, 0, 2, 27.37
1747821154, 0, 57, 970, 969, 22, 7.22%, 0, 0, 2, 27.50
1747821165, 0, 57, 971, 970, 22, 7.22%, 0, 0, 2, 26.89
1747821170, 0, 57, 972, 971, 22, 7.22%, 0, 0, 2, 26.48
1747821185, 0, 57, 973, 972, 22, 7.22%, 0, 0, 2, 26.65
1747821200, 0, 57, 974, 973, 22, 7.22%, 0, 0, 2, 27.62
1747821205, 0, 57, 975, 974, 22, 7.22%, 0, 0, 2, 27.03
1747821210, 0, 57, 976, 975, 22, 7.22%, 0, 0, 2, 27.93
1747821241, 0, 57, 977, 976, 22, 7.22%, 0, 0, 2, 27.01
1747821277, 0, 57, 978, 977, 22, 7.22%, 0, 0, 2, 27.30
1747821297, 0, 57, 979, 978, 22, 7.23%, 0, 0, 2, 27.82
1747821308, 0, 58, 979, 978, 21, 7.23%, 0, 0, 2, 27.86
1747821313, 0, 61, 979, 978, 21, 7.23%, 0, 0, 2, 28.66
1747821318, 0, 62, 979, 978, 21, 7.23%, 0, 0, 2, 28.70
1747821323, 0, 64, 981, 980, 21, 7.24%, 0, 0, 2, 26.98
1747821333, 0, 64, 982, 981, 21, 7.24%, 0, 0, 2, 27.29
1747821338, 0, 64, 983, 982, 21, 7.24%, 0, 0, 2, 27.12
1747821343, 0, 64, 984, 983, 21, 7.24%, 0, 0, 2, 27.36
1747821349, 0, 64, 986, 985, 21, 7.24%, 0, 0, 2, 26.86
1747821354, 0, 64, 987, 986, 21, 7.24%, 0, 0, 2, 27.19
1747821364, 0, 64, 988, 987, 21, 7.24%, 0, 0, 2, 26.72
1747821389, 0, 64, 989, 988, 21, 7.24%, 0, 0, 2, 27.11
1747821415, 0, 64, 990, 989, 21, 7.24%, 0, 0, 2, 27.31
1747821420, 0, 64, 991, 990, 21, 7.24%, 0, 0, 2, 27.30
1747821466, 0, 64, 992, 991, 21, 7.24%, 0, 0, 2, 27.13
1747821476, 0, 66, 992, 991, 24, 7.24%, 0, 0, 2, 27.09
1747821481, 0, 71, 992, 991, 24, 7.24%, 0, 0, 2, 26.84
1747821486, 0, 74, 992, 991, 24, 7.24%, 0, 0, 2, 27.36
1747821492, 0, 75, 994, 993, 24, 7.25%, 0, 0, 2, 26.18
1747821507, 0, 75, 995, 994, 24, 7.25%, 0, 0, 2, 26.82
1747821512, 0, 75, 996, 995, 24, 7.25%, 0, 0, 2, 26.50
1747821517, 0, 75, 997, 996, 24, 7.25%, 0, 0, 2, 26.80
1747821532, 0, 75, 998, 997, 24, 7.25%, 0, 0, 2, 26.85
1747821548, 0, 75, 999, 998, 24, 7.25%, 0, 0, 2, 26.80
1747821558, 0, 75, 1000, 999, 24, 7.25%, 0, 0, 2, 26.80
1747821568, 0, 75, 1001, 1000, 24, 7.25%, 0, 0, 2, 27.39
1747821574, 0, 75, 1002, 1001, 24, 7.25%, 0, 0, 2, 26.74
1747821584, 0, 75, 1003, 1002, 24, 7.25%, 0, 0, 2, 26.42
1747821609, 0, 75, 1004, 1003, 24, 7.25%, 0, 0, 2, 27.38
1747821619, 0, 75, 1005, 1004, 24, 7.25%, 0, 0, 2, 26.69
1747821645, 0, 76, 1005, 1004, 24, 7.25%, 0, 0, 2, 26.76
1747821650, 0, 77, 1007, 1006, 24, 7.26%, 0, 0, 2, 26.21
1747821660, 0, 77, 1009, 1008, 24, 7.26%, 0, 0, 2, 25.79
1747821671, 0, 77, 1011, 1010, 24, 7.26%, 0, 0, 2, 26.49
1747821676, 0, 77, 1012, 1011, 24, 7.26%, 0, 0, 2, 27.21
1747821691, 0, 77, 1013, 1012, 24, 7.26%, 0, 0, 2, 26.49
1747821696, 0, 77, 1014, 1013, 24, 7.26%, 0, 0, 2, 26.15
1747821701, 0, 77, 1015, 1014, 24, 7.26%, 0, 0, 2, 26.52
1747821706, 0, 77, 1016, 1015, 24, 7.26%, 0, 0, 2, 27.31
1747821716, 0, 77, 1017, 1016, 24, 7.26%, 0, 0, 2, 26.23
1747821727, 0, 77, 1018, 1017, 24, 7.26%, 0, 0, 2, 25.96
1747821732, 0, 77, 1019, 1018, 24, 7.26%, 0, 0, 2, 26.49
1747821773, 0, 77, 1020, 1019, 24, 7.26%, 0, 0, 2, 27.19
1747821798, 0, 77, 1021, 1020, 24, 7.26%, 0, 0, 2, 26.94
1747821808, 0, 78, 1021, 1020, 24, 7.26%, 0, 0, 2, 27.39
1747821814, 0, 80, 1021, 1020, 24, 7.26%, 0, 0, 2, 28.99
1747821819, 0, 81, 1021, 1020, 24, 7.26%, 0, 0, 2, 27.72
1747821824, 0, 82, 1021, 1020, 24, 7.26%, 0, 0, 2, 27.86
1747821829, 0, 83, 1021, 1020, 24, 7.26%, 0, 0, 2, 27.90
1747821834, 0, 85, 1021, 1020, 24, 7.26%, 0, 0, 2, 28.80
1747821839, 0, 86, 1021, 1020, 24, 7.26%, 0, 0, 2, 27.53
1747821844, 0, 86, 1022, 1021, 24, 7.26%, 0, 0, 2, 27.49
1747821849, 0, 88, 1022, 1021, 24, 7.26%, 0, 0, 2, 27.56
1747821855, 0, 89, 1022, 1021, 24, 7.26%, 0, 0, 2, 27.36
1747821860, 0, 90, 1022, 1021, 24, 7.26%, 0, 0, 2, 28.19
1747821865, 0, 92, 1022, 1021, 24, 7.26%, 0, 0, 2, 29.24
1747821870, 0, 94, 1022, 1021, 24, 7.26%, 0, 0, 2, 28.21
1747821875, 0, 95, 1022, 1021, 24, 7.26%, 0, 0, 2, 28.00
1747821880, 0, 98, 1022, 1021, 24, 7.26%, 0, 0, 2, 28.71
1747821885, 0, 99, 1023, 1022, 24, 7.34%, 0, 0, 2, 28.65
1747821890, 0, 99, 1025, 1024, 24, 7.34%, 0, 0, 2, 26.11
1747821900, 0, 99, 1026, 1025, 24, 7.34%, 0, 0, 2, 25.60
1747821905, 0, 99, 1028, 1027, 24, 7.34%, 0, 0, 2, 25.52
1747821910, 0, 99, 1031, 1030, 24, 7.34%, 0, 0, 2, 25.10
1747821916, 0, 99, 1032, 1031, 24, 7.34%, 0, 0, 2, 26.66
1747821926, 0, 99, 1033, 1032, 24, 7.34%, 0, 0, 2, 26.20
1747821936, 0, 99, 1035, 1034, 24, 7.36%, 0, 0, 2, 25.34
1747821941, 0, 99, 1036, 1035, 24, 7.36%, 0, 0, 2, 26.14
1747821946, 0, 99, 1038, 1037, 24, 7.36%, 0, 0, 2, 25.90
1747821956, 0, 99, 1039, 1038, 24, 7.36%, 0, 0, 2, 26.09
1747821972, 0, 99, 1040, 1039, 24, 7.36%, 0, 0, 2, 26.50
1747821982, 0, 99, 1041, 1040, 24, 7.36%, 0, 0, 2, 26.56
1747821992, 0, 99, 1042, 1041, 24, 7.36%, 0, 0, 2, 25.74
1747822002, 0, 99, 1043, 1042, 24, 7.36%, 0, 0, 2, 26.59
1747822043, 0, 99, 1044, 1043, 24, 7.36%, 0, 0, 2, 26.63
1747822053, 0, 101, 1044, 1043, 22, 7.36%, 0, 0, 2, 28.96
1747822058, 0, 102, 1044, 1043, 22, 7.36%, 0, 0, 2, 28.05
1747822063, 0, 102, 1045, 1044, 22, 7.36%, 0, 0, 2, 26.07
1747822068, 0, 102, 1047, 1046, 22, 7.36%, 0, 0, 2, 25.59
1747822078, 0, 102, 1048, 1047, 22, 7.36%, 0, 0, 2, 25.82
1747822099, 0, 102, 1049, 1048, 22, 7.36%, 0, 0, 2, 26.07
1747822104, 0, 102, 1050, 1049, 22, 7.36%, 0, 0, 2, 26.13
1747822109, 0, 102, 1051, 1050, 22, 7.36%, 0, 0, 2, 25.30
1747822125, 0, 102, 1052, 1051, 22, 7.36%, 0, 0, 2, 26.27
1747822165, 0, 102, 1053, 1052, 22, 7.36%, 0, 0, 2, 26.03
1747822216, 0, 103, 1053, 1052, 22, 7.36%, 0, 0, 2, 26.62
1747822222, 0, 103, 1055, 1054, 22, 7.36%, 0, 0, 2, 25.20
1747822227, 0, 103, 1056, 1055, 22, 7.36%, 0, 0, 2, 25.47
1747822237, 0, 103, 1057, 1056, 22, 7.36%, 0, 0, 2, 24.83
1747822257, 0, 103, 1059, 1058, 22, 7.37%, 0, 0, 2, 25.46
1747822263, 0, 103, 1060, 1059, 22, 7.37%, 0, 0, 2, 26.18
1747822278, 0, 103, 1061, 1060, 22, 7.37%, 0, 0, 2, 26.10
1747822283, 0, 103, 1062, 1061, 22, 7.37%, 0, 0, 2, 25.34
1747822303, 0, 103, 1063, 1062, 22, 7.37%, 0, 0, 2, 26.18
1747822365, 0, 103, 1064, 1063, 22, 7.37%, 0, 0, 2, 25.83
1747822375, 0, 103, 1065, 1064, 22, 7.37%, 0, 0, 2, 26.34
1747822380, 0, 104, 1065, 1064, 22, 7.37%, 0, 0, 2, 28.36
1747822385, 0, 106, 1065, 1064, 22, 7.37%, 0, 0, 2, 28.85
1747822390, 0, 106, 1067, 1066, 22, 7.41%, 0, 0, 2, 24.95
1747822395, 0, 106, 1069, 1068, 22, 7.41%, 0, 0, 2, 25.69
1747822401, 0, 106, 1070, 1069, 22, 7.41%, 0, 0, 2, 25.53
1747822406, 0, 106, 1071, 1070, 22, 7.41%, 0, 0, 2, 25.85
1747822411, 0, 106, 1073, 1072, 22, 7.41%, 0, 0, 2, 24.96
1747822416, 0, 106, 1075, 1074, 22, 7.41%, 0, 0, 2, 24.75
1747822426, 0, 106, 1076, 1075, 22, 7.41%, 0, 0, 2, 25.44
1747822446, 0, 106, 1077, 1076, 22, 7.41%, 0, 0, 2, 25.62
1747822461, 0, 106, 1078, 1077, 22, 7.41%, 0, 0, 2, 25.54
1747822466, 0, 106, 1079, 1078, 22, 7.41%, 0, 0, 2, 26.11
1747822487, 0, 106, 1080, 1079, 22, 7.41%, 0, 0, 2, 25.84
1747822507, 0, 106, 1081, 1080, 22, 7.41%, 0, 0, 2, 25.12
1747822513, 0, 106, 1082, 1081, 22, 7.41%, 0, 0, 2, 25.58
1747822523, 0, 106, 1083, 1082, 22, 7.41%, 0, 0, 2, 24.79
1747822554, 0, 107, 1083, 1082, 20, 7.41%, 0, 0, 2, 26.18
1747822559, 0, 108, 1083, 1082, 20, 7.41%, 0, 0, 2, 25.77
1747822564, 0, 110, 1084, 1083, 20, 7.41%, 0, 0, 2, 25.14
1747822574, 0, 111, 1084, 1083, 20, 7.41%, 0, 0, 2, 28.64
1747822580, 0, 113, 1084, 1083, 20, 7.41%, 0, 0, 2, 26.02
1747822585, 0, 114, 1084, 1083, 20, 7.41%, 0, 0, 2, 25.12
1747822590, 0, 117, 1084, 1083, 20, 7.41%, 0, 0, 2, 28.91
1747822595, 0, 119, 1084, 1083, 20, 7.41%, 0, 0, 2, 28.42
1747822600, 0, 120, 1084, 1083, 20, 7.41%, 0, 0, 2, 25.93
1747822605, 0, 120, 1085, 1084, 20, 7.41%, 0, 0, 2, 26.43
1747822610, 0, 120, 1087, 1086, 20, 7.41%, 0, 0, 2, 25.04
1747822615, 0, 120, 1088, 1087, 20, 7.41%, 0, 0, 2, 25.76
1747822620, 0, 120, 1089, 1088, 20, 7.41%, 0, 0, 2, 25.55
1747822636, 0, 120, 1090, 1089, 20, 7.41%, 0, 0, 2, 25.86
1747822641, 0, 120, 1091, 1090, 20, 7.41%, 0, 0, 2, 24.48
1747822677, 0, 120, 1093, 1092, 20, 7.41%, 0, 0, 2, 26.00
1747822758, 0, 120, 1094, 1093, 20, 7.41%, 0, 0, 2, 25.79
1747822763, 0, 121, 1094, 1093, 20, 7.41%, 0, 0, 2, 25.73
1747822768, 0, 122, 1094, 1093, 20, 7.41%, 0, 0, 2, 25.58
1747822773, 0, 124, 1094, 1093, 20, 7.41%, 0, 0, 2, 26.01
1747822778, 0, 125, 1094, 1093, 20, 7.41%, 0, 0, 2, 28.51
1747822783, 0, 128, 1094, 1093, 20, 7.41%, 0, 0, 2, 27.47
1747822789, 0, 129, 1095, 1094, 20, 7.41%, 0, 0, 2, 25.03
1747822794, 0, 130, 1095, 1094, 20, 7.41%, 0, 0, 2, 26.09
1747822799, 0, 131, 1095, 1094, 20, 7.41%, 0, 0, 2, 25.83
1747822804, 0, 132, 1095, 1094, 20, 7.41%, 0, 0, 2, 27.46
1747822809, 0, 134, 1095, 1094, 20, 7.41%, 0, 0, 2, 26.48
1747822814, 0, 137, 1095, 1094, 20, 7.41%, 0, 0, 2, 27.32
1747822819, 0, 138, 1095, 1094, 20, 7.41%, 0, 0, 2, 27.14
1747822824, 0, 138, 1096, 1095, 20, 7.41%, 0, 0, 2, 25.36
1747822829, 0, 139, 1096, 1095, 20, 7.41%, 0, 0, 2, 26.01
1747822834, 0, 141, 1096, 1095, 20, 7.41%, 0, 0, 2, 25.29
1747822839, 0, 144, 1096, 1095, 20, 7.41%, 0, 0, 2, 24.79
1747822844, 0, 145, 1096, 1095, 20, 7.41%, 0, 0, 2, 25.75
1747822850, 0, 146, 1096, 1095, 20, 7.41%, 0, 0, 2, 25.94
1747822855, 0, 147, 1096, 1095, 20, 7.41%, 0, 0, 2, 26.24
1747822860, 0, 148, 1096, 1095, 20, 7.41%, 0, 0, 2, 27.66
1747822865, 0, 149, 1096, 1095, 20, 7.41%, 0, 0, 2, 26.81
1747822870, 0, 150, 1096, 1095, 20, 7.41%, 0, 0, 2, 25.84
1747822875, 0, 151, 1096, 1095, 20, 7.41%, 0, 0, 2, 25.65
1747822880, 0, 152, 1096, 1095, 20, 7.41%, 0, 0, 2, 25.75
1747822885, 0, 153, 1096, 1095, 20, 7.41%, 0, 0, 2, 28.18
1747822890, 0, 154, 1096, 1095, 20, 7.41%, 0, 0, 2, 27.09
1747822896, 0, 156, 1096, 1095, 20, 7.41%, 0, 0, 2, 26.58
1747822901, 0, 159, 1096, 1095, 20, 7.41%, 0, 0, 2, 26.71
1747822906, 0, 160, 1096, 1095, 20, 7.41%, 0, 0, 2, 25.62
1747822911, 0, 161, 1096, 1095, 20, 7.41%, 0, 0, 2, 25.55
1747822916, 0, 162, 1096, 1095, 20, 7.41%, 0, 0, 2, 25.87
1747822921, 0, 163, 1096, 1095, 20, 7.41%, 0, 0, 2, 25.29
1747822926, 0, 164, 1096, 1095, 20, 7.41%, 0, 0, 2, 25.74
1747822931, 0, 165, 1096, 1095, 20, 7.41%, 0, 0, 2, 26.58
1747822937, 0, 166, 1096, 1095, 20, 7.41%, 0, 0, 2, 27.70
1747822942, 0, 167, 1096, 1095, 20, 7.41%, 0, 0, 2, 27.95
1747822947, 0, 168, 1096, 1095, 20, 7.41%, 0, 0, 2, 26.10
1747822952, 0, 169, 1096, 1095, 20, 7.41%, 0, 0, 2, 25.71
1747822957, 0, 170, 1097, 1096, 20, 7.41%, 0, 0, 2, 25.72
1747822967, 0, 171, 1097, 1096, 20, 7.41%, 0, 0, 2, 25.74
1747822972, 0, 172, 1097, 1096, 20, 7.41%, 0, 0, 2, 25.47
1747822977, 0, 173, 1097, 1096, 20, 7.41%, 0, 0, 2, 25.55
1747822983, 0, 174, 1097, 1096, 20, 7.41%, 0, 0, 2, 26.26
1747822988, 0, 175, 1097, 1096, 20, 7.41%, 0, 0, 2, 26.69
1747822993, 0, 177, 1097, 1096, 20, 7.41%, 0, 0, 2, 26.40
1747822998, 0, 179, 1097, 1096, 20, 7.41%, 0, 0, 2, 26.40
1747823003, 0, 180, 1098, 1097, 20, 7.41%, 0, 0, 2, 25.25
1747823013, 0, 183, 1098, 1097, 20, 7.41%, 0, 0, 2, 26.41
1747823018, 0, 184, 1098, 1097, 20, 7.41%, 0, 0, 2, 26.09
1747823023, 0, 187, 1098, 1097, 20, 7.41%, 0, 0, 2, 29.05
1747823029, 0, 187, 1100, 1099, 20, 7.41%, 0, 0, 2, 26.07
1747823034, 0, 187, 1101, 1100, 20, 7.41%, 0, 0, 2, 24.69
1747823039, 0, 187, 1103, 1102, 20, 7.41%, 0, 0, 2, 24.99
1747823085, 0, 187, 1104, 1103, 20, 7.44%, 0, 0, 2, 25.30
1747823120, 0, 187, 1105, 1104, 20, 7.44%, 0, 0, 2, 24.57
1747823146, 0, 187, 1106, 1105, 20, 7.44%, 0, 0, 2, 24.28
1747823191, 0, 188, 1106, 1105, 22, 7.44%, 0, 0, 2, 25.63
1747823196, 0, 189, 1106, 1105, 22, 7.44%, 0, 0, 2, 27.70
1747823201, 0, 190, 1106, 1105, 22, 7.44%, 0, 0, 2, 27.49
1747823206, 0, 193, 1106, 1105, 22, 7.44%, 0, 0, 2, 26.09
1747823211, 0, 194, 1106, 1105, 22, 7.44%, 0, 0, 2, 25.89
1747823217, 0, 195, 1107, 1106, 22, 7.44%, 0, 0, 2, 25.12
1747823227, 0, 196, 1107, 1106, 22, 7.44%, 0, 0, 2, 25.27
1747823232, 0, 198, 1107, 1106, 22, 7.44%, 0, 0, 2, 24.95
1747823237, 0, 199, 1107, 1106, 22, 7.44%, 0, 0, 2, 25.35
1747823242, 0, 201, 1107, 1106, 22, 7.44%, 0, 0, 2, 24.88
1747823247, 0, 201, 1109, 1108, 22, 7.45%, 0, 0, 2, 24.13
1747823257, 0, 201, 1110, 1109, 22, 7.56%, 0, 0, 2, 23.98
1747823278, 0, 201, 1111, 1110, 22, 7.56%, 0, 0, 2, 23.95
1747823288, 0, 201, 1113, 1112, 22, 7.56%, 0, 0, 2, 23.86
1747823293, 0, 201, 1114, 1113, 22, 7.56%, 0, 0, 2, 24.25
1747823375, 0, 201, 1115, 1114, 22, 7.56%, 0, 0, 2, 24.17
1747823410, 0, 202, 1115, 1114, 22, 7.56%, 0, 0, 2, 24.96
1747823415, 0, 203, 1115, 1114, 22, 7.56%, 0, 0, 2, 24.89
1747823420, 0, 204, 1115, 1114, 22, 7.56%, 0, 0, 2, 26.00
1747823425, 0, 205, 1115, 1114, 22, 7.56%, 0, 0, 2, 25.67
1747823430, 0, 206, 1115, 1114, 22, 7.56%, 0, 0, 2, 25.15
1747823435, 0, 207, 1115, 1114, 22, 7.56%, 0, 0, 2, 24.97
1747823440, 0, 208, 1115, 1114, 22, 7.56%, 0, 0, 2, 25.64
1747823446, 0, 209, 1115, 1114, 22, 7.56%, 0, 0, 2, 25.32
1747823451, 0, 210, 1115, 1114, 22, 7.56%, 0, 0, 2, 25.49
1747823456, 0, 212, 1115, 1114, 22, 7.56%, 0, 0, 2, 25.42
1747823461, 0, 212, 1117, 1116, 22, 7.56%, 0, 0, 2, 23.57
1747823466, 0, 212, 1120, 1119, 22, 7.56%, 0, 0, 2, 22.99
1747823471, 0, 212, 1121, 1120, 22, 7.56%, 0, 0, 2, 23.82
1747823487, 0, 212, 1122, 1121, 22, 7.56%, 0, 0, 2, 23.96
1747823512, 0, 212, 1123, 1122, 22, 7.56%, 0, 0, 2, 23.86
1747823518, 0, 212, 1124, 1123, 22, 7.56%, 0, 0, 2, 24.17
1747823538, 0, 212, 1125, 1124, 22, 7.56%, 0, 0, 2, 23.35
1747823564, 0, 212, 1126, 1125, 22, 7.56%, 0, 0, 2, 23.96
1747823569, 0, 212, 1129, 1128, 22, 7.57%, 0, 0, 2, 23.28
1747823589, 0, 212, 1130, 1129, 22, 7.57%, 0, 0, 2, 23.01
1747823630, 0, 213, 1130, 1129, 26, 7.57%, 0, 0, 2, 23.75
1747823635, 0, 214, 1131, 1130, 26, 7.57%, 0, 0, 2, 24.37
1747823640, 0, 214, 1132, 1131, 26, 7.57%, 0, 0, 2, 24.22
1747823661, 0, 215, 1132, 1131, 26, 7.57%, 0, 0, 2, 26.14
1747823666, 0, 216, 1135, 1134, 26, 7.57%, 0, 0, 2, 23.28
1747823681, 0, 216, 1137, 1136, 26, 7.57%, 0, 0, 2, 24.55
1747823707, 0, 216, 1138, 1137, 26, 7.57%, 0, 0, 2, 24.21
1747823747, 0, 216, 1139, 1138, 26, 7.57%, 0, 0, 2, 23.49
1747823762, 0, 216, 1140, 1139, 26, 7.58%, 0, 0, 2, 22.79
1747823768, 0, 216, 1141, 1140, 26, 7.58%, 0, 0, 2, 22.85
1747823783, 0, 216, 1142, 1141, 26, 7.58%, 0, 0, 2, 24.00
1747823834, 0, 217, 1142, 1141, 26, 7.58%, 0, 0, 2, 24.94
1747823839, 0, 218, 1142, 1141, 26, 7.58%, 0, 0, 2, 24.88
1747823844, 0, 218, 1143, 1142, 26, 7.58%, 0, 0, 2, 24.11
1747823849, 0, 219, 1143, 1142, 26, 7.58%, 0, 0, 2, 24.59
1747823854, 0, 221, 1144, 1143, 26, 7.58%, 0, 0, 2, 24.19
1747823864, 0, 221, 1146, 1145, 26, 7.58%, 0, 0, 2, 23.07
1747823890, 0, 221, 1147, 1146, 26, 7.58%, 0, 0, 2, 24.48
1747823895, 0, 221, 1148, 1147, 26, 7.58%, 0, 0, 2, 23.94
1747823926, 0, 221, 1149, 1148, 26, 7.58%, 0, 0, 2, 24.94
1747824012, 0, 221, 1150, 1149, 26, 7.58%, 0, 0, 2, 24.49
1747824017, 0, 221, 1151, 1150, 26, 7.58%, 0, 0, 2, 24.70
1747824027, 0, 222, 1152, 1151, 26, 7.58%, 0, 0, 2, 23.70
1747824033, 0, 222, 1154, 1153, 26, 7.58%, 0, 0, 2, 22.76
1747824089, 0, 224, 1154, 1153, 26, 7.58%, 0, 0, 2, 14.74
1747824099, 0, 226, 1154, 1153, 26, 7.58%, 0, 0, 2, 14.31
1747824105, 0, 227, 1154, 1153, 26, 7.58%, 0, 0, 2, 14.50
1747824110, 0, 227, 1155, 1154, 26, 7.58%, 0, 0, 2, 14.18
1747824125, 0, 228, 1156, 1155, 26, 7.60%, 0, 0, 2, 14.28
1747824140, 0, 228, 1157, 1156, 26, 7.60%, 0, 0, 2, 14.66
1747824161, 0, 229, 1157, 1156, 24, 7.60%, 0, 0, 2, 14.95
1747824166, 0, 229, 1158, 1157, 24, 7.60%, 0, 0, 2, 13.87
1747824182, 0, 230, 1159, 1158, 24, 7.60%, 0, 0, 2, 14.95
1747824197, 0, 231, 1160, 1159, 24, 7.60%, 0, 0, 2, 14.26
1747824202, 0, 231, 1162, 1161, 24, 7.60%, 0, 0, 2, 14.10
1747824207, 0, 231, 1164, 1163, 24, 7.60%, 0, 0, 2, 13.00
1747824212, 0, 231, 1165, 1164, 24, 7.60%, 0, 0, 2, 13.85
1747824217, 0, 231, 1166, 1165, 24, 7.60%, 0, 0, 2, 13.84
1747824248, 0, 231, 1167, 1166, 24, 7.60%, 0, 0, 2, 14.19
1747824269, 0, 231, 1168, 1167, 24, 7.60%, 0, 0, 2, 14.18
1747824289, 0, 231, 1169, 1168, 24, 7.60%, 0, 0, 2, 14.16
1747824305, 0, 231, 1170, 1169, 24, 7.60%, 0, 0, 2, 14.20
1747824335, 0, 231, 1171, 1170, 24, 7.60%, 0, 0, 2, 13.31
1747824443, 0, 231, 1172, 1171, 24, 7.60%, 0, 0, 2, 14.11
1747824474, 0, 231, 1173, 1172, 24, 7.60%, 0, 0, 2, 14.02
1747824494, 0, 232, 1173, 1172, 24, 7.60%, 0, 0, 2, 14.07
1747824499, 0, 233, 1173, 1172, 24, 7.60%, 0, 0, 2, 14.03
1747824510, 0, 235, 1173, 1172, 24, 7.60%, 0, 0, 2, 14.39
1747824515, 0, 235, 1174, 1173, 24, 7.60%, 0, 0, 2, 14.80
1747824520, 0, 235, 1175, 1174, 24, 7.60%, 0, 0, 2, 13.25
1747824546, 0, 236, 1175, 1174, 24, 7.60%, 0, 0, 2, 14.22
1747824556, 0, 237, 1175, 1174, 24, 7.60%, 0, 0, 2, 13.79
1747824566, 0, 240, 1175, 1174, 24, 7.60%, 0, 0, 2, 14.34
1747824576, 0, 241, 1175, 1174, 24, 7.60%, 0, 0, 2, 14.61
1747824582, 0, 243, 1175, 1174, 24, 7.60%, 0, 0, 2, 14.84
1747824592, 0, 245, 1175, 1174, 24, 7.60%, 0, 0, 2, 14.55
1747824602, 0, 246, 1175, 1174, 24, 7.60%, 0, 0, 2, 14.54
1747824612, 0, 247, 1175, 1174, 24, 7.60%, 0, 0, 2, 15.36
1747824617, 0, 248, 1175, 1174, 24, 7.60%, 0, 0, 2, 15.00
1747824627, 0, 249, 1175, 1174, 24, 7.60%, 0, 0, 2, 13.90
1747824638, 0, 250, 1175, 1174, 24, 7.60%, 0, 0, 2, 14.33
1747824643, 0, 250, 1176, 1175, 24, 7.60%, 0, 0, 2, 13.00
1747824653, 0, 251, 1176, 1175, 24, 7.60%, 0, 0, 2, 14.32
1747824663, 0, 253, 1176, 1175, 24, 7.60%, 0, 0, 2, 14.72
1747824674, 0, 255, 1176, 1175, 24, 7.60%, 0, 0, 2, 15.17
1747824679, 0, 256, 1176, 1175, 24, 7.60%, 0, 0, 2, 14.99
1747824689, 0, 257, 1176, 1175, 24, 7.60%, 0, 0, 2, 14.52
1747824694, 0, 257, 1177, 1176, 24, 7.60%, 0, 0, 2, 13.88
1747824704, 0, 257, 1178, 1177, 24, 7.60%, 0, 0, 2, 13.68
1747824709, 0, 257, 1179, 1178, 24, 7.60%, 0, 0, 2, 14.03
1747824724, 0, 257, 1180, 1179, 24, 7.60%, 0, 0, 2, 13.28
1747824837, 0, 258, 1180, 1179, 24, 7.60%, 0, 0, 2, 14.75
1747824847, 0, 259, 1180, 1179, 24, 7.60%, 0, 0, 2, 14.76
1747824852, 0, 260, 1180, 1179, 24, 7.60%, 0, 0, 2, 14.30
1747824862, 0, 261, 1180, 1179, 24, 7.60%, 0, 0, 2, 15.19
1747824873, 0, 262, 1180, 1179, 24, 7.60%, 0, 0, 2, 14.70
1747824878, 0, 263, 1180, 1179, 24, 7.60%, 0, 0, 2, 14.40
1747824888, 0, 263, 1181, 1180, 24, 7.60%, 0, 0, 2, 13.53
1747824898, 0, 264, 1181, 1180, 24, 7.60%, 0, 0, 2, 14.12
1747824909, 0, 266, 1181, 1180, 24, 7.60%, 0, 0, 2, 14.42
1747824919, 0, 267, 1182, 1181, 24, 7.60%, 0, 0, 2, 13.70
1747824929, 0, 267, 1183, 1182, 24, 7.60%, 0, 0, 2, 13.54
1747824949, 0, 267, 1184, 1183, 24, 7.60%, 0, 0, 2, 13.94
1747824995, 0, 268, 1184, 1183, 24, 7.60%, 0, 0, 2, 14.47
1747825001, 0, 269, 1184, 1183, 24, 7.60%, 0, 0, 2, 14.86
1747825011, 0, 270, 1184, 1183, 24, 7.60%, 0, 0, 2, 14.48
1747825021, 0, 271, 1184, 1183, 24, 7.60%, 0, 0, 2, 14.15
1747825026, 0, 272, 1184, 1183, 24, 7.60%, 0, 0, 2, 14.31
1747825037, 0, 273, 1184, 1183, 24, 7.60%, 0, 0, 2, 14.16
1747825047, 0, 274, 1184, 1183, 24, 7.60%, 0, 0, 2, 14.40
1747825057, 0, 275, 1184, 1183, 24, 7.60%, 0, 0, 2, 15.06
1747825062, 0, 276, 1184, 1183, 24, 7.60%, 0, 0, 2, 14.77
1747825073, 0, 277, 1184, 1183, 24, 7.60%, 0, 0, 2, 15.04
1747825083, 0, 278, 1184, 1183, 24, 7.60%, 0, 0, 2, 14.12
1747825088, 0, 279, 1184, 1183, 24, 7.60%, 0, 0, 2, 14.07
1747825098, 0, 280, 1184, 1183, 24, 7.60%, 0, 0, 2, 14.75
1747825109, 0, 281, 1184, 1183, 24, 7.60%, 0, 0, 2, 14.73
1747825119, 0, 282, 1184, 1183, 24, 7.60%, 0, 0, 2, 14.64
1747825124, 0, 283, 1184, 1183, 24, 7.60%, 0, 0, 2, 14.62
1747825134, 0, 285, 1184, 1183, 24, 7.60%, 0, 0, 2, 14.01
1747825144, 0, 286, 1184, 1183, 24, 7.60%, 0, 0, 2, 14.20
1747825149, 0, 286, 1185, 1184, 24, 7.60%, 0, 0, 2, 13.21
1747825165, 0, 288, 1185, 1184, 24, 7.60%, 0, 0, 2, 14.09
1747825170, 0, 290, 1185, 1184, 24, 7.60%, 0, 0, 2, 13.84
1747825175, 0, 290, 1186, 1185, 24, 7.60%, 0, 0, 2, 13.39
1747825180, 0, 290, 1187, 1186, 24, 7.60%, 0, 0, 2, 13.28
1747825206, 0, 290, 1188, 1187, 24, 7.60%, 0, 0, 2, 13.31
1747825237, 0, 290, 1189, 1188, 24, 7.60%, 0, 0, 2, 13.44
1747825324, 0, 292, 1189, 1188, 24, 7.60%, 0, 0, 2, 14.29
1747825334, 0, 293, 1189, 1188, 24, 7.60%, 0, 0, 2, 14.12
1747825339, 0, 294, 1189, 1188, 24, 7.60%, 0, 0, 2, 13.95
1747825350, 0, 295, 1189, 1188, 24, 7.60%, 0, 0, 2, 14.08
1747825355, 0, 295, 1190, 1189, 24, 7.60%, 0, 0, 2, 13.01
1747825370, 0, 296, 1190, 1189, 24, 7.60%, 0, 0, 2, 14.67
1747825375, 0, 298, 1190, 1189, 24, 7.60%, 0, 0, 2, 14.40
1747825386, 0, 300, 1191, 1190, 24, 7.60%, 0, 0, 2, 14.06
1747825406, 0, 301, 1191, 1190, 24, 7.60%, 0, 0, 2, 13.85
1747825416, 0, 303, 1191, 1190, 24, 7.60%, 0, 0, 2, 14.11
1747825422, 0, 306, 1191, 1190, 24, 7.60%, 0, 0, 2, 14.27
1747825432, 0, 307, 1192, 1191, 24, 7.61%, 0, 0, 2, 13.59
1747825442, 0, 307, 1193, 1192, 24, 7.61%, 0, 0, 2, 13.47
1747825447, 0, 307, 1194, 1193, 24, 7.62%, 0, 0, 2, 13.03
1747825457, 0, 307, 1196, 1195, 24, 7.62%, 0, 0, 2, 12.42
1747825488, 0, 307, 1197, 1196, 24, 7.62%, 0, 0, 2, 12.98
1747825498, 0, 307, 1198, 1197, 24, 7.62%, 0, 0, 2, 13.00
1747825518, 0, 307, 1199, 1198, 24, 7.62%, 0, 0, 2, 13.07
1747825534, 0, 307, 1200, 1199, 24, 7.62%, 0, 0, 2, 13.13
1747825539, 0, 307, 1201, 1200, 24, 7.62%, 0, 0, 2, 12.93
1747825544, 0, 307, 1202, 1201, 24, 7.62%, 0, 0, 2, 13.75
1747825570, 0, 307, 1203, 1202, 24, 7.62%, 0, 0, 2, 12.98
1747825636, 0, 307, 1204, 1203, 24, 7.62%, 0, 0, 2, 23.65
1747825677, 0, 308, 1205, 1204, 26, 7.62%, 0, 0, 2, 23.13
1747825682, 0, 308, 1207, 1206, 26, 7.62%, 0, 0, 2, 22.48
1747825687, 0, 308, 1209, 1208, 26, 7.62%, 0, 0, 2, 22.55
1747825708, 0, 308, 1210, 1209, 26, 7.62%, 0, 0, 2, 22.95
1747825718, 0, 308, 1211, 1210, 26, 7.62%, 0, 0, 2, 23.59
1747825749, 0, 308, 1213, 1212, 26, 7.62%, 0, 0, 2, 21.42
1747825754, 0, 308, 1214, 1213, 26, 7.62%, 0, 0, 2, 22.01
1747825856, 0, 309, 1215, 1214, 26, 7.62%, 0, 0, 2, 22.62
1747825867, 0, 310, 1215, 1214, 26, 7.62%, 0, 0, 2, 23.08
1747825872, 0, 310, 1217, 1216, 26, 7.62%, 0, 0, 2, 22.20
1747825882, 0, 310, 1218, 1217, 26, 7.62%, 0, 0, 2, 23.26
1747825892, 0, 310, 1219, 1218, 26, 7.62%, 0, 0, 2, 22.94
1747825903, 0, 310, 1222, 1221, 26, 7.62%, 0, 0, 2, 21.73
1747825913, 0, 310, 1223, 1222, 26, 7.63%, 0, 0, 2, 22.05
1747825918, 0, 310, 1226, 1225, 26, 7.64%, 0, 0, 2, 21.36
1747825923, 0, 310, 1228, 1227, 26, 7.64%, 0, 0, 2, 21.25
1747825934, 0, 310, 1229, 1228, 26, 7.64%, 0, 0, 2, 22.55
1747825969, 0, 310, 1231, 1230, 26, 7.64%, 0, 0, 2, 23.32
1747825990, 0, 310, 1232, 1231, 26, 7.64%, 0, 0, 2, 23.46
1747826046, 0, 310, 1233, 1232, 26, 7.64%, 0, 0, 2, 22.58
1747826051, 0, 311, 1233, 1232, 25, 7.64%, 0, 0, 2, 23.56
1747826056, 0, 312, 1233, 1232, 25, 7.64%, 0, 0, 2, 23.94
1747826061, 0, 313, 1233, 1232, 25, 7.64%, 0, 0, 2, 23.46
1747826067, 0, 314, 1233, 1232, 25, 7.64%, 0, 0, 2, 23.69
1747826072, 0, 315, 1233, 1232, 25, 7.64%, 0, 0, 2, 23.27
1747826077, 0, 315, 1234, 1233, 25, 7.65%, 0, 0, 2, 22.56
1747826082, 0, 315, 1235, 1234, 25, 7.65%, 0, 0, 2, 22.61
1747826092, 0, 315, 1237, 1236, 25, 7.65%, 0, 0, 2, 21.99
1747826097, 0, 315, 1238, 1237, 25, 7.65%, 0, 0, 2, 22.21
1747826108, 0, 315, 1239, 1238, 25, 7.65%, 0, 0, 2, 22.80
1747826128, 0, 315, 1240, 1239, 25, 7.65%, 0, 0, 2, 21.90
1747826138, 0, 315, 1242, 1241, 25, 7.65%, 0, 0, 2, 21.27
1747826143, 0, 315, 1245, 1244, 25, 7.65%, 0, 0, 2, 21.19
1747826184, 0, 315, 1246, 1245, 25, 7.65%, 0, 0, 2, 22.70
1747826194, 0, 315, 1247, 1246, 25, 7.65%, 0, 0, 2, 22.55
1747826250, 0, 315, 1249, 1248, 25, 7.65%, 0, 0, 2, 22.14
1747826260, 0, 316, 1249, 1248, 25, 7.65%, 0, 0, 2, 22.81
1747826266, 0, 317, 1249, 1248, 25, 7.65%, 0, 0, 2, 50.26
1747826491, 0, 320, 1250, 1248, 25, 7.65%, 0, 0, 3, 44.39
1747826501, 0, 320, 1251, 1249, 25, 7.65%, 0, 0, 3, 24.28
1747826517, 0, 321, 1251, 1249, 25, 7.65%, 0, 0, 3, 22.89
1747826522, 0, 322, 1251, 1249, 25, 7.65%, 0, 0, 3, 24.20
1747826527, 0, 323, 1251, 1249, 25, 7.65%, 0, 0, 3, 23.72
1747826532, 0, 323, 1252, 1250, 25, 7.65%, 0, 0, 3, 23.01
1747826537, 0, 325, 1252, 1250, 25, 7.65%, 0, 0, 3, 24.73
1747826542, 0, 326, 1252, 1250, 25, 7.65%, 0, 0, 3, 24.10
1747826548, 0, 327, 1252, 1250, 25, 7.65%, 0, 0, 3, 23.99
1747826553, 0, 328, 1252, 1250, 25, 7.65%, 0, 0, 3, 23.58
1747826558, 0, 330, 1252, 1250, 25, 7.65%, 0, 0, 3, 24.63
1747826563, 0, 331, 1252, 1250, 25, 7.65%, 0, 0, 3, 24.61
1747826568, 0, 333, 1252, 1250, 25, 7.65%, 0, 0, 3, 23.29
1747826573, 0, 334, 1252, 1250, 25, 7.65%, 0, 0, 3, 22.99
1747826578, 0, 340, 1252, 1250, 25, 7.65%, 0, 0, 3, 24.42
1747826583, 0, 341, 1252, 1250, 25, 7.65%, 0, 0, 3, 24.75
1747826588, 0, 342, 1252, 1250, 25, 7.65%, 0, 0, 3, 23.50
1747826593, 0, 342, 1254, 1252, 25, 7.66%, 0, 0, 3, 21.94
1747826603, 0, 342, 1255, 1253, 25, 7.66%, 0, 0, 3, 22.68
1747826608, 0, 342, 1256, 1254, 25, 7.66%, 0, 0, 3, 23.05
1747826614, 0, 342, 1257, 1255, 25, 7.66%, 0, 0, 3, 22.29
1747826619, 0, 342, 1258, 1256, 25, 7.66%, 0, 0, 3, 22.13
1747826624, 0, 342, 1259, 1257, 25, 7.66%, 0, 0, 3, 22.47
1747826644, 0, 342, 1260, 1258, 25, 7.66%, 0, 0, 3, 23.39
1747826649, 0, 342, 1261, 1259, 25, 7.66%, 0, 0, 3, 22.07
1747826655, 0, 342, 1262, 1260, 25, 7.66%, 0, 0, 3, 22.72
1747826675, 0, 342, 1263, 1261, 25, 7.66%, 0, 0, 3, 22.18
1747826680, 0, 342, 1264, 1262, 25, 7.66%, 0, 0, 3, 21.98
1747826777, 0, 343, 1265, 1263, 26, 7.66%, 0, 0, 3, 22.91
1747826787, 0, 344, 1265, 1263, 26, 7.66%, 0, 0, 3, 22.56
1747826792, 0, 345, 1266, 1264, 26, 7.66%, 0, 0, 3, 22.58
1747826803, 0, 346, 1266, 1264, 26, 7.66%, 0, 0, 3, 21.71
1747826808, 0, 347, 1266, 1264, 26, 7.66%, 0, 0, 3, 22.71
1747826813, 0, 348, 1266, 1264, 26, 7.66%, 0, 0, 3, 22.98
1747826823, 0, 349, 1266, 1264, 26, 7.66%, 0, 0, 3, 21.66
1747826828, 0, 350, 1266, 1264, 26, 7.66%, 0, 0, 3, 22.10
1747826833, 0, 351, 1266, 1264, 26, 7.66%, 0, 0, 3, 22.55
1747826838, 0, 351, 1267, 1265, 26, 7.66%, 0, 0, 3, 21.87
1747826843, 0, 352, 1267, 1265, 26, 7.66%, 0, 0, 3, 22.42
1747826848, 0, 353, 1267, 1265, 26, 7.66%, 0, 0, 3, 22.28
1747826853, 0, 353, 1268, 1266, 26, 7.66%, 0, 0, 3, 21.59
1747826858, 0, 353, 1269, 1267, 26, 7.66%, 0, 0, 3, 22.17
1747826874, 0, 354, 1269, 1267, 26, 7.66%, 0, 0, 3, 23.05
1747826879, 0, 354, 1271, 1269, 26, 7.66%, 0, 0, 3, 21.15
1747826884, 0, 354, 1273, 1271, 26, 7.66%, 0, 0, 3, 21.74
1747826894, 0, 354, 1274, 1272, 26, 7.66%, 0, 0, 3, 22.22
1747826899, 0, 354, 1275, 1273, 26, 7.66%, 0, 0, 3, 23.97
1747826915, 0, 354, 1276, 1274, 26, 7.66%, 0, 0, 3, 23.20
1747826971, 0, 354, 1277, 1275, 26, 7.66%, 0, 0, 3, 21.69
1747827052, 0, 355, 1277, 1275, 26, 7.66%, 0, 0, 3, 24.11
1747827057, 0, 355, 1278, 1276, 26, 7.66%, 0, 0, 3, 22.81
1747827063, 0, 355, 1279, 1277, 26, 7.66%, 0, 0, 3, 22.21
1747827068, 0, 355, 1280, 1278, 26, 7.66%, 0, 0, 3, 21.20
1747827073, 0, 355, 1282, 1280, 26, 7.66%, 0, 0, 3, 21.14
1747827083, 0, 355, 1283, 1281, 26, 7.66%, 0, 0, 3, 21.82
1747827088, 0, 355, 1284, 1282, 26, 7.66%, 0, 0, 3, 20.89
1747827093, 0, 355, 1285, 1283, 26, 7.66%, 0, 0, 3, 21.86
1747827139, 0, 355, 1286, 1284, 26, 7.66%, 0, 0, 3, 22.38
1747827144, 0, 355, 1287, 1285, 26, 7.66%, 0, 0, 3, 23.13
1747827149, 0, 355, 1288, 1286, 26, 7.66%, 0, 0, 3, 22.48
1747827154, 0, 355, 1289, 1287, 26, 7.66%, 0, 0, 3, 23.04
1747827159, 0, 355, 1290, 1288, 26, 7.66%, 0, 0, 3, 20.98
1747827165, 0, 355, 1291, 1289, 26, 7.66%, 0, 0, 3, 22.05
1747827247, 0, 356, 1292, 1290, 26, 7.66%, 0, 0, 3, 21.32
1747827257, 0, 360, 1292, 1290, 26, 7.66%, 0, 0, 3, 21.92
1747827262, 0, 360, 1293, 1291, 26, 7.66%, 0, 0, 3, 21.50
1747827267, 0, 361, 1293, 1291, 26, 7.66%, 0, 0, 3, 21.81
1747827272, 0, 361, 1294, 1292, 26, 7.66%, 0, 0, 3, 20.87
1747827282, 0, 362, 1294, 1292, 26, 7.66%, 0, 0, 3, 22.54
1747827287, 0, 363, 1294, 1292, 26, 7.66%, 0, 0, 3, 23.56
1747827292, 0, 364, 1294, 1292, 26, 7.66%, 0, 0, 3, 23.05
1747827297, 0, 365, 1295, 1293, 26, 7.66%, 0, 0, 3, 21.13
1747827308, 0, 366, 1295, 1293, 26, 7.66%, 0, 0, 3, 22.64
1747827318, 0, 367, 1295, 1293, 26, 7.66%, 0, 0, 3, 22.31
1747827323, 0, 369, 1295, 1293, 26, 7.66%, 0, 0, 3, 22.12
1747827328, 0, 370, 1295, 1293, 26, 7.66%, 0, 0, 3, 21.90
1747827333, 0, 371, 1295, 1293, 26, 7.66%, 0, 0, 3, 22.51
1747827338, 0, 372, 1295, 1293, 26, 7.66%, 0, 0, 3, 22.34
1747827344, 0, 374, 1295, 1293, 26, 7.66%, 0, 0, 3, 23.11
1747827349, 0, 375, 1295, 1293, 26, 7.66%, 0, 0, 3, 21.91
1747827354, 0, 376, 1295, 1293, 26, 7.66%, 0, 0, 3, 23.01
1747827364, 0, 377, 1295, 1293, 26, 7.66%, 0, 0, 3, 22.92
1747827369, 0, 378, 1295, 1293, 26, 7.66%, 0, 0, 3, 21.45
1747827374, 0, 379, 1295, 1293, 26, 7.66%, 0, 0, 3, 22.09
1747827379, 0, 380, 1295, 1293, 26, 7.66%, 0, 0, 3, 21.45
1747827384, 0, 381, 1295, 1293, 26, 7.66%, 0, 0, 3, 22.17
1747827390, 0, 382, 1295, 1293, 26, 7.66%, 0, 0, 3, 21.40
1747827395, 0, 384, 1295, 1293, 26, 7.66%, 0, 0, 3, 22.13
1747827405, 0, 385, 1295, 1293, 26, 7.66%, 0, 0, 3, 22.67
1747827410, 0, 386, 1297, 1295, 26, 7.66%, 0, 0, 3, 20.32
1747827431, 0, 386, 1298, 1296, 26, 7.66%, 0, 0, 3, 21.57
1747827456, 0, 387, 1298, 1296, 26, 7.66%, 0, 0, 3, 21.69
1747827461, 0, 388, 1298, 1296, 26, 7.66%, 0, 0, 3, 22.28
1747827467, 0, 389, 1298, 1296, 26, 7.66%, 0, 0, 3, 22.31
1747827472, 0, 389, 1300, 1298, 26, 7.66%, 0, 0, 3, 20.61
1747827492, 0, 390, 1300, 1298, 26, 7.66%, 0, 0, 3, 22.17
1747827497, 0, 391, 1300, 1298, 26, 7.66%, 0, 0, 3, 22.05
1747827502, 0, 394, 1300, 1298, 26, 7.66%, 0, 0, 3, 23.02
1747827508, 0, 395, 1300, 1298, 26, 7.66%, 0, 0, 3, 22.35
1747827513, 0, 396, 1300, 1298, 26, 7.66%, 0, 0, 3, 23.34
1747827518, 0, 397, 1300, 1298, 26, 7.66%, 0, 0, 3, 21.34
1747827523, 0, 397, 1301, 1299, 26, 7.66%, 0, 0, 3, 21.52
1747827533, 0, 398, 1301, 1299, 26, 7.66%, 0, 0, 3, 22.20
1747827538, 0, 400, 1302, 1300, 26, 7.66%, 0, 0, 3, 20.53
1747827543, 0, 400, 1303, 1301, 26, 7.66%, 0, 0, 3, 20.76
1747827564, 0, 401, 1305, 1303, 26, 7.66%, 0, 0, 3, 19.65
1747827569, 0, 401, 1307, 1305, 26, 7.66%, 0, 0, 3, 19.82
1747827574, 0, 401, 1309, 1307, 26, 7.66%, 0, 0, 3, 19.00
1747827579, 0, 401, 1310, 1308, 26, 7.66%, 0, 0, 3, 20.64
1747827584, 0, 401, 1311, 1309, 26, 7.66%, 0, 0, 3, 20.63
1747827594, 0, 401, 1312, 1310, 26, 7.66%, 0, 0, 3, 21.25
1747827610, 0, 401, 1313, 1311, 26, 7.66%, 0, 0, 3, 21.49
1747827625, 0, 401, 1314, 1312, 26, 7.66%, 0, 0, 3, 20.81
1747827630, 0, 401, 1315, 1313, 26, 7.66%, 0, 0, 3, 21.44
1747827651, 0, 401, 1316, 1314, 26, 7.66%, 0, 0, 3, 20.85
1747827661, 0, 401, 1317, 1315, 26, 7.66%, 0, 0, 3, 20.19
1747827697, 0, 401, 1318, 1316, 26, 7.66%, 0, 0, 3, 11.58
1747827718, 0, 401, 1319, 1317, 26, 7.66%, 0, 0, 3, 11.50
1747827825, 0, 402, 1319, 1317, 26, 7.66%, 0, 0, 3, 13.13
1747827830, 0, 402, 1320, 1318, 26, 7.66%, 0, 0, 3, 12.14
1747827845, 0, 403, 1320, 1318, 26, 7.66%, 0, 0, 3, 13.18
1747827856, 0, 404, 1320, 1318, 26, 7.66%, 0, 0, 3, 11.96
1747827866, 0, 405, 1320, 1318, 26, 7.66%, 0, 0, 3, 12.80
1747827876, 0, 406, 1320, 1318, 26, 7.66%, 0, 0, 3, 12.95
1747827881, 0, 406, 1322, 1320, 26, 7.66%, 0, 0, 3, 11.68
1747827907, 0, 406, 1323, 1321, 26, 7.66%, 0, 0, 3, 11.62
1747827958, 0, 407, 1323, 1321, 26, 7.66%, 0, 0, 3, 13.64
1747827964, 0, 407, 1324, 1322, 26, 7.66%, 0, 0, 3, 11.73
1747827979, 0, 408, 1324, 1322, 26, 7.66%, 0, 0, 3, 13.21
1747827984, 0, 408, 1325, 1323, 26, 7.66%, 0, 0, 3, 11.83
1747827999, 0, 409, 1325, 1323, 26, 7.66%, 0, 0, 3, 12.53
1747828005, 0, 409, 1328, 1326, 26, 7.66%, 0, 0, 3, 11.31
1747828010, 0, 409, 1329, 1327, 26, 7.66%, 0, 0, 3, 10.55
1747828015, 0, 409, 1330, 1328, 26, 7.66%, 0, 0, 3, 11.66
1747828030, 0, 409, 1331, 1329, 26, 7.66%, 0, 0, 3, 12.05
1747828036, 0, 409, 1332, 1330, 26, 7.66%, 0, 0, 3, 10.97
1747828051, 0, 409, 1333, 1331, 26, 7.66%, 0, 0, 3, 11.89
1747828102, 0, 409, 1334, 1332, 26, 7.66%, 0, 0, 3, 12.45
1747828122, 0, 409, 1336, 1334, 26, 7.66%, 0, 0, 3, 11.23
1747828132, 0, 409, 1337, 1335, 26, 7.66%, 0, 0, 3, 12.49
1747828137, 0, 409, 1338, 1336, 26, 7.66%, 0, 0, 3, 12.33
1747828302, 0, 409, 1339, 1337, 26, 7.66%, 0, 0, 3, 11.91
1747828343, 0, 410, 1339, 1337, 26, 7.66%, 0, 0, 3, 12.91
1747828353, 0, 411, 1339, 1337, 26, 7.66%, 0, 0, 3, 11.51
1747828359, 0, 411, 1340, 1338, 26, 7.66%, 0, 0, 3, 11.41
1747828374, 0, 413, 1340, 1338, 26, 7.66%, 0, 0, 3, 12.69
1747828384, 0, 413, 1341, 1339, 26, 7.66%, 0, 0, 3, 12.20
1747828394, 0, 414, 1341, 1339, 26, 7.66%, 0, 0, 3, 11.48
1747828405, 0, 415, 1341, 1339, 26, 7.66%, 0, 0, 3, 12.74
1747828415, 0, 416, 1341, 1339, 26, 7.66%, 0, 0, 3, 12.95
1747828430, 0, 417, 1341, 1339, 26, 7.66%, 0, 0, 3, 12.87
1747828435, 0, 418, 1341, 1339, 26, 7.66%, 0, 0, 3, 13.43
1747828445, 0, 419, 1341, 1339, 26, 7.66%, 0, 0, 3, 12.61
1747828456, 0, 422, 1341, 1339, 26, 7.66%, 0, 0, 3, 13.13
1747828466, 0, 423, 1341, 1339, 26, 7.66%, 0, 0, 3, 12.53
1747828476, 0, 424, 1341, 1339, 26, 7.66%, 0, 0, 3, 11.87
1747828487, 0, 425, 1341, 1339, 26, 7.66%, 0, 0, 3, 12.06
1747828497, 0, 426, 1341, 1339, 26, 7.66%, 0, 0, 3, 12.76
1747828507, 0, 427, 1341, 1339, 26, 7.66%, 0, 0, 3, 12.17
1747828523, 0, 429, 1341, 1339, 26, 7.66%, 0, 0, 3, 12.53
1747828533, 0, 430, 1341, 1339, 26, 7.66%, 0, 0, 3, 13.14
1747828538, 0, 431, 1341, 1339, 26, 7.66%, 0, 0, 3, 12.95
1747828548, 0, 432, 1341, 1339, 26, 7.66%, 0, 0, 3, 13.31
1747828559, 0, 434, 1341, 1339, 26, 7.66%, 0, 0, 3, 12.89
1747828569, 0, 435, 1341, 1339, 26, 7.66%, 0, 0, 3, 12.76
1747828574, 0, 435, 1342, 1340, 26, 7.66%, 0, 0, 3, 11.44
1747828589, 0, 436, 1342, 1340, 26, 7.66%, 0, 0, 3, 12.21
1747828605, 0, 438, 1342, 1340, 26, 7.66%, 0, 0, 3, 11.72
1747828610, 0, 438, 1344, 1342, 26, 7.66%, 0, 0, 3, 10.71
1747828646, 0, 439, 1344, 1342, 26, 7.66%, 0, 0, 3, 12.03
1747828656, 0, 440, 1344, 1342, 26, 7.66%, 0, 0, 3, 12.32
1747828666, 0, 441, 1344, 1342, 26, 7.66%, 0, 0, 3, 12.81
1747828677, 0, 443, 1344, 1342, 26, 7.66%, 0, 0, 3, 12.05
1747828682, 0, 443, 1345, 1343, 26, 7.66%, 0, 0, 3, 11.59
1747828687, 0, 443, 1346, 1344, 26, 7.66%, 0, 0, 3, 11.94
1747828692, 0, 443, 1347, 1345, 26, 7.66%, 0, 0, 3, 11.20
1747828769, 0, 444, 1347, 1345, 26, 7.66%, 0, 0, 3, 11.55
1747828779, 0, 445, 1347, 1345, 26, 7.66%, 0, 0, 3, 12.56
1747828789, 0, 448, 1347, 1345, 26, 7.66%, 0, 0, 3, 12.26
1747828800, 0, 449, 1347, 1345, 26, 7.66%, 0, 0, 3, 11.73
1747828810, 0, 451, 1347, 1345, 26, 7.66%, 0, 0, 3, 12.96
1747828820, 0, 452, 1347, 1345, 26, 7.66%, 0, 0, 3, 11.97
1747828831, 0, 453, 1347, 1345, 26, 7.66%, 0, 0, 3, 11.96
1747828841, 0, 454, 1347, 1345, 26, 7.66%, 0, 0, 3, 13.13
1747828851, 0, 457, 1347, 1345, 26, 7.66%, 0, 0, 3, 11.41
1747828862, 0, 458, 1347, 1345, 26, 7.66%, 0, 0, 3, 12.10
1747828872, 0, 460, 1347, 1345, 26, 7.66%, 0, 0, 3, 12.20
1747828882, 0, 461, 1347, 1345, 26, 7.66%, 0, 0, 3, 12.12
1747828893, 0, 462, 1347, 1345, 26, 7.66%, 0, 0, 3, 12.12
1747828898, 0, 462, 1348, 1346, 26, 7.66%, 0, 0, 3, 12.17
1747828903, 0, 462, 1349, 1347, 26, 7.66%, 0, 0, 3, 10.94
1747828908, 0, 462, 1350, 1348, 26, 7.66%, 0, 0, 3, 11.30
1747828979, 0, 464, 1351, 1349, 26, 7.66%, 0, 0, 3, 11.50
1747828999, 0, 465, 1351, 1349, 26, 7.66%, 0, 0, 3, 13.58
1747829010, 0, 466, 1351, 1349, 26, 7.66%, 0, 0, 3, 12.72
1747829025, 0, 467, 1351, 1349, 26, 7.66%, 0, 0, 3, 12.19
1747829035, 0, 468, 1351, 1349, 26, 7.66%, 0, 0, 3, 11.15
1747829045, 0, 469, 1351, 1349, 26, 7.66%, 0, 0, 3, 12.32
1747829056, 0, 470, 1351, 1349, 26, 7.66%, 0, 0, 3, 11.48
1747829066, 0, 472, 1351, 1349, 26, 7.66%, 0, 0, 3, 12.76
1747829076, 0, 473, 1351, 1349, 26, 7.66%, 0, 0, 3, 12.33
1747829087, 0, 474, 1351, 1349, 26, 7.66%, 0, 0, 3, 12.51
1747829097, 0, 475, 1351, 1349, 26, 7.66%, 0, 0, 3, 12.09
1747829107, 0, 477, 1351, 1349, 26, 7.66%, 0, 0, 3, 12.35
1747829118, 0, 478, 1351, 1349, 26, 7.66%, 0, 0, 3, 11.99
1747829128, 0, 479, 1351, 1349, 26, 7.66%, 0, 0, 3, 12.43
1747829138, 0, 480, 1352, 1350, 26, 7.66%, 0, 0, 3, 11.70
1747829164, 0, 482, 1352, 1350, 26, 7.66%, 0, 0, 3, 12.18
1747829174, 0, 485, 1352, 1350, 26, 7.66%, 0, 0, 3, 12.67
1747829184, 0, 486, 1353, 1351, 26, 7.66%, 0, 0, 3, 10.69
1747829194, 0, 486, 1354, 1352, 26, 7.66%, 0, 0, 3, 10.31
1747829230, 0, 487, 1354, 1352, 26, 7.66%, 0, 0, 3, 12.54
1747829241, 0, 488, 1354, 1352, 26, 7.66%, 0, 0, 3, 12.41
1747829251, 0, 489, 1354, 1352, 26, 7.66%, 0, 0, 3, 12.54
1747829261, 0, 491, 1354, 1352, 26, 7.66%, 0, 0, 3, 11.43
1747829271, 0, 492, 1354, 1352, 26, 7.66%, 0, 0, 3, 12.66
1747829281, 0, 493, 1354, 1352, 26, 7.66%, 0, 0, 3, 11.41
1747829292, 0, 494, 1354, 1352, 26, 7.66%, 0, 0, 3, 12.85
1747829302, 0, 495, 1354, 1352, 26, 7.66%, 0, 0, 3, 12.16
1747829312, 0, 496, 1354, 1352, 26, 7.66%, 0, 0, 3, 12.27
1747829323, 0, 497, 1354, 1352, 26, 7.66%, 0, 0, 3, 11.85
1747829333, 0, 498, 1354, 1352, 26, 7.66%, 0, 0, 3, 12.86
1747829343, 0, 499, 1354, 1352, 26, 7.66%, 0, 0, 3, 12.32
1747829353, 0, 500, 1354, 1352, 26, 7.66%, 0, 0, 3, 11.98
1747829369, 0, 501, 1354, 1352, 26, 7.66%, 0, 0, 3, 11.78
1747829379, 0, 502, 1354, 1352, 26, 7.66%, 0, 0, 3, 11.43
1747829389, 0, 503, 1354, 1352, 26, 7.66%, 0, 0, 3, 13.02
1747829400, 0, 504, 1354, 1352, 26, 7.66%, 0, 0, 3, 11.91
1747829410, 0, 505, 1354, 1352, 26, 7.66%, 0, 0, 3, 11.64
1747829420, 0, 506, 1354, 1352, 26, 7.66%, 0, 0, 3, 11.15
1747829430, 0, 507, 1354, 1352, 26, 7.66%, 0, 0, 3, 12.01
1747829441, 0, 508, 1354, 1352, 26, 7.66%, 0, 0, 3, 12.10
1747829451, 0, 509, 1354, 1352, 26, 7.66%, 0, 0, 3, 12.82
1747829461, 0, 510, 1354, 1352, 26, 7.66%, 0, 0, 3, 12.82
1747829471, 0, 511, 1354, 1352, 26, 7.66%, 0, 0, 3, 12.49
1747829482, 0, 514, 1354, 1352, 26, 7.66%, 0, 0, 3, 13.10
1747829492, 0, 515, 1354, 1352, 26, 7.66%, 0, 0, 3, 11.60
1747829502, 0, 517, 1354, 1352, 26, 7.66%, 0, 0, 3, 12.37
1747829507, 0, 517, 1355, 1353, 26, 7.66%, 0, 0, 3, 12.03
1747829517, 0, 517, 1356, 1354, 26, 7.66%, 0, 0, 3, 10.29
1747829548, 0, 519, 1356, 1354, 27, 7.66%, 0, 0, 3, 11.88
1747829558, 0, 520, 1356, 1354, 27, 7.66%, 0, 0, 3, 11.52
1747829573, 0, 521, 1356, 1354, 27, 7.66%, 0, 0, 3, 12.58
1747829579, 0, 521, 1357, 1355, 27, 7.66%, 0, 0, 3, 12.55
1747829594, 0, 522, 1357, 1355, 27, 7.66%, 0, 0, 3, 12.76
1747829599, 0, 522, 1358, 1356, 27, 7.66%, 0, 0, 3, 13.27
1747829615, 0, 523, 1358, 1356, 27, 7.66%, 0, 0, 3, 12.31
1747829625, 0, 524, 1358, 1356, 27, 7.66%, 0, 0, 3, 12.29
1747829635, 0, 525, 1358, 1356, 27, 7.66%, 0, 0, 3, 12.04
1747829645, 0, 526, 1358, 1356, 27, 7.66%, 0, 0, 3, 12.15
1747829655, 0, 529, 1358, 1356, 27, 7.66%, 0, 0, 3, 11.41
1747829666, 0, 530, 1358, 1356, 27, 7.66%, 0, 0, 3, 11.94
1747829676, 0, 531, 1358, 1356, 27, 7.66%, 0, 0, 3, 12.67
1747829686, 0, 532, 1358, 1356, 27, 7.66%, 0, 0, 3, 12.25
1747829702, 0, 533, 1359, 1357, 27, 7.67%, 0, 0, 3, 11.83
1747829722, 0, 536, 1359, 1357, 25, 7.67%, 0, 0, 3, 11.73
1747829732, 0, 537, 1359, 1357, 25, 7.67%, 0, 0, 3, 12.70
1747829743, 0, 538, 1359, 1357, 25, 7.67%, 0, 0, 3, 12.66
1747829753, 0, 539, 1360, 1358, 25, 7.67%, 0, 0, 3, 13.89
1747829768, 0, 539, 1361, 1359, 25, 7.67%, 0, 0, 3, 12.15
1747829794, 0, 540, 1361, 1359, 25, 7.67%, 0, 0, 3, 12.72
1747829804, 0, 541, 1361, 1359, 25, 7.67%, 0, 0, 3, 11.96
1747829815, 0, 542, 1361, 1359, 25, 7.67%, 0, 0, 3, 11.89
1747829825, 0, 544, 1361, 1359, 25, 7.67%, 0, 0, 3, 11.26
1747829835, 0, 545, 1361, 1359, 25, 7.67%, 0, 0, 3, 12.86
1747829845, 0, 546, 1361, 1359, 25, 7.67%, 0, 0, 3, 11.95
1747829856, 0, 549, 1361, 1359, 25, 7.67%, 0, 0, 3, 11.77
1747829866, 0, 550, 1361, 1359, 25, 7.67%, 0, 0, 3, 12.89
1747829876, 0, 551, 1361, 1359, 25, 7.67%, 0, 0, 3, 12.39
1747829886, 0, 552, 1361, 1359, 25, 7.67%, 0, 0, 3, 12.29
1747829897, 0, 553, 1361, 1359, 25, 7.67%, 0, 0, 3, 12.06
1747829907, 0, 557, 1361, 1359, 25, 7.67%, 0, 0, 3, 11.69
1747829917, 0, 558, 1361, 1359, 25, 7.67%, 0, 0, 3, 12.16
1747829933, 0, 559, 1361, 1359, 25, 7.67%, 0, 0, 3, 11.52
1747829943, 0, 560, 1361, 1359, 25, 7.67%, 0, 0, 3, 11.77
1747829953, 0, 561, 1361, 1359, 25, 7.67%, 0, 0, 3, 12.07
1747829964, 0, 562, 1361, 1359, 25, 7.67%, 0, 0, 3, 12.48
1747829974, 0, 563, 1361, 1359, 25, 7.67%, 0, 0, 3, 12.36
1747829984, 0, 564, 1361, 1359, 25, 7.67%, 0, 0, 3, 11.69
1747829994, 0, 565, 1361, 1359, 25, 7.67%, 0, 0, 3, 11.82
1747830004, 0, 566, 1361, 1359, 25, 7.67%, 0, 0, 3, 12.23
1747830015, 0, 567, 1361, 1359, 25, 7.67%, 0, 0, 3, 12.37
1747830025, 0, 569, 1361, 1359, 25, 7.67%, 0, 0, 3, 12.49
1747830035, 0, 570, 1361, 1359, 25, 7.67%, 0, 0, 3, 12.28
1747830045, 0, 571, 1361, 1359, 25, 7.67%, 0, 0, 3, 12.76
1747830055, 0, 572, 1361, 1359, 25, 7.67%, 0, 0, 3, 12.24
1747830066, 0, 574, 1361, 1359, 25, 7.67%, 0, 0, 3, 11.42
1747830076, 0, 575, 1361, 1359, 25, 7.67%, 0, 0, 3, 12.00
1747830086, 0, 576, 1361, 1359, 25, 7.67%, 0, 0, 3, 12.65
1747830101, 0, 577, 1361, 1359, 25, 7.67%, 0, 0, 3, 11.29
1747830112, 0, 578, 1361, 1359, 25, 7.67%, 0, 0, 3, 11.95
1747830122, 0, 579, 1361, 1359, 25, 7.67%, 0, 0, 3, 12.92
1747830132, 0, 580, 1361, 1359, 25, 7.67%, 0, 0, 3, 12.57
1747830143, 0, 581, 1361, 1359, 25, 7.67%, 0, 0, 3, 13.13
1747830153, 0, 583, 1361, 1359, 25, 7.67%, 0, 0, 3, 12.54
1747830163, 0, 584, 1361, 1359, 25, 7.67%, 0, 0, 3, 12.22
1747830173, 0, 585, 1361, 1359, 25, 7.67%, 0, 0, 3, 12.12
1747830184, 0, 586, 1361, 1359, 25, 7.67%, 0, 0, 3, 12.17
1747830194, 0, 587, 1361, 1359, 25, 7.67%, 0, 0, 3, 12.41
1747830204, 0, 588, 1361, 1359, 25, 7.67%, 0, 0, 3, 12.61
1747830214, 0, 589, 1362, 1360, 25, 7.77%, 0, 0, 3, 11.53
1747830235, 0, 590, 1362, 1360, 25, 7.77%, 0, 0, 3, 11.32
1747830245, 0, 591, 1362, 1360, 25, 7.77%, 0, 0, 3, 11.57
1747830255, 0, 593, 1362, 1360, 25, 7.77%, 0, 0, 3, 12.56
1747830260, 0, 593, 1363, 1361, 25, 7.82%, 0, 0, 3, 11.05
1747830276, 0, 593, 1364, 1362, 25, 7.82%, 0, 0, 3, 11.97
1747830301, 0, 594, 1364, 1362, 26, 7.82%, 0, 0, 3, 11.57
1747830311, 0, 594, 1365, 1363, 26, 7.82%, 0, 0, 3, 11.92
1747830327, 0, 596, 1365, 1363, 26, 7.82%, 0, 0, 3, 18.25
1747832659, 0, 597, 1366, 1363, 26, 7.82%, 0, 0, 3, 15.00
1747832669, 0, 597, 1367, 1364, 26, 7.82%, 0, 0, 3, 11.15
1747832700, 0, 598, 1367, 1364, 26, 7.82%, 0, 0, 3, 12.24
1747832711, 0, 599, 1367, 1364, 26, 7.82%, 0, 0, 3, 11.45
1747832721, 0, 600, 1367, 1364, 26, 7.82%, 0, 0, 3, 12.58
1747832736, 0, 601, 1367, 1364, 26, 7.82%, 0, 0, 3, 11.56
1747832747, 0, 605, 1367, 1364, 26, 7.82%, 0, 0, 3, 12.36
1747832757, 0, 606, 1367, 1364, 26, 7.82%, 0, 0, 3, 12.36
1747832767, 0, 607, 1368, 1365, 26, 7.82%, 0, 0, 3, 11.74
1747832788, 0, 609, 1368, 1365, 26, 7.82%, 0, 0, 3, 10.96
1747832798, 0, 611, 1369, 1366, 26, 7.82%, 0, 0, 3, 11.34
1747832819, 0, 612, 1369, 1366, 26, 7.82%, 0, 0, 3, 12.55
1747832829, 0, 613, 1369, 1366, 26, 7.82%, 0, 0, 3, 11.69
1747832840, 0, 614, 1369, 1366, 26, 7.82%, 0, 0, 3, 11.13
1747832845, 0, 614, 1370, 1367, 26, 7.83%, 0, 0, 3, 11.27
1747832865, 0, 615, 1370, 1367, 26, 7.83%, 0, 0, 3, 11.54
1747832876, 0, 617, 1370, 1367, 26, 7.83%, 0, 0, 3, 12.89
1747832886, 0, 618, 1370, 1367, 26, 7.83%, 0, 0, 3, 12.51
1747832896, 0, 619, 1370, 1367, 26, 7.83%, 0, 0, 3, 12.23
1747832906, 0, 620, 1370, 1367, 26, 7.83%, 0, 0, 3, 12.03
1747832917, 0, 621, 1370, 1367, 26, 7.83%, 0, 0, 3, 12.43
1747832927, 0, 623, 1370, 1367, 26, 7.83%, 0, 0, 3, 12.41
1747832937, 0, 624, 1370, 1367, 26, 7.83%, 0, 0, 3, 11.85
1747832948, 0, 625, 1370, 1367, 26, 7.83%, 0, 0, 3, 12.03
1747832953, 0, 625, 1371, 1368, 26, 7.83%, 0, 0, 3, 12.66
1747832973, 0, 627, 1371, 1368, 26, 7.83%, 0, 0, 3, 12.81
1747832983, 0, 628, 1371, 1368, 26, 7.83%, 0, 0, 3, 12.50
1747832994, 0, 629, 1371, 1368, 26, 7.83%, 0, 0, 3, 12.48
1747833004, 0, 630, 1371, 1368, 26, 7.83%, 0, 0, 3, 12.28
1747833014, 0, 631, 1371, 1368, 26, 7.83%, 0, 0, 3, 11.58
1747833024, 0, 633, 1371, 1368, 26, 7.83%, 0, 0, 3, 13.27
1747833035, 0, 634, 1371, 1368, 26, 7.83%, 0, 0, 3, 12.41
1747833045, 0, 635, 1371, 1368, 26, 7.83%, 0, 0, 3, 11.89
1747833055, 0, 637, 1371, 1368, 26, 7.83%, 0, 0, 3, 12.80
1747833065, 0, 638, 1371, 1368, 26, 7.83%, 0, 0, 3, 12.66
1747833076, 0, 639, 1371, 1368, 26, 7.83%, 0, 0, 3, 12.28
1747833086, 0, 640, 1371, 1368, 26, 7.83%, 0, 0, 3, 12.35
1747833096, 0, 641, 1371, 1368, 26, 7.83%, 0, 0, 3, 12.07
1747833107, 0, 642, 1371, 1368, 26, 7.83%, 0, 0, 3, 12.80
1747833117, 0, 643, 1371, 1368, 26, 7.83%, 0, 0, 3, 11.74
1747833127, 0, 644, 1371, 1368, 26, 7.83%, 0, 0, 3, 11.58
1747833137, 0, 645, 1371, 1368, 26, 7.83%, 0, 0, 3, 12.33
1747833148, 0, 646, 1371, 1368, 26, 7.83%, 0, 0, 3, 11.45
1747833163, 0, 647, 1372, 1369, 26, 7.83%, 0, 0, 3, 12.56
1747833184, 0, 649, 1372, 1369, 25, 7.83%, 0, 0, 3, 12.24
1747833194, 0, 650, 1372, 1369, 25, 7.83%, 0, 0, 3, 12.77
1747833204, 0, 651, 1372, 1369, 25, 7.83%, 0, 0, 3, 12.80
1747833214, 0, 653, 1372, 1369, 25, 7.83%, 0, 0, 3, 11.96
1747833224, 0, 654, 1372, 1369, 25, 7.83%, 0, 0, 3, 11.76
1747833235, 0, 655, 1372, 1369, 25, 7.83%, 0, 0, 3, 11.65
1747833245, 0, 656, 1372, 1369, 25, 7.83%, 0, 0, 3, 12.18
1747833255, 0, 658, 1372, 1369, 25, 7.83%, 0, 0, 3, 11.80
1747833266, 0, 659, 1372, 1369, 25, 7.83%, 0, 0, 3, 12.74
1747833276, 0, 660, 1372, 1369, 25, 7.83%, 0, 0, 3, 12.14
1747833286, 0, 661, 1372, 1369, 25, 7.83%, 0, 0, 3, 11.91
1747833296, 0, 662, 1372, 1369, 25, 7.83%, 0, 0, 3, 12.50
1747833306, 0, 663, 1372, 1369, 25, 7.83%, 0, 0, 3, 13.16
1747833317, 0, 667, 1372, 1369, 25, 7.83%, 0, 0, 3, 12.72
1747833327, 0, 668, 1372, 1369, 25, 7.83%, 0, 0, 3, 12.37
1747833337, 0, 669, 1372, 1369, 25, 7.83%, 0, 0, 3, 12.07
1747833352, 0, 670, 1372, 1369, 25, 7.83%, 0, 0, 3, 11.34
1747833362, 0, 672, 1372, 1369, 25, 7.83%, 0, 0, 3, 12.49
1747833367, 0, 672, 1373, 1370, 25, 7.83%, 0, 0, 3, 11.34
1747833383, 0, 673, 1373, 1370, 25, 7.83%, 0, 0, 3, 11.97
1747833393, 0, 674, 1373, 1370, 25, 7.83%, 0, 0, 3, 12.27
1747833404, 0, 675, 1373, 1370, 25, 7.83%, 0, 0, 3, 12.10
1747833414, 0, 676, 1373, 1370, 25, 7.83%, 0, 0, 3, 12.66
1747833424, 0, 677, 1373, 1370, 25, 7.83%, 0, 0, 3, 11.86
1747833435, 0, 678, 1373, 1370, 25, 7.83%, 0, 0, 3, 12.25
1747833445, 0, 679, 1373, 1370, 25, 7.83%, 0, 0, 3, 11.80
1747833455, 0, 680, 1373, 1370, 25, 7.83%, 0, 0, 3, 12.17
1747833465, 0, 681, 1373, 1370, 25, 7.83%, 0, 0, 3, 12.50
1747833475, 0, 682, 1373, 1370, 25, 7.83%, 0, 0, 3, 12.70
1747833491, 0, 685, 1373, 1370, 25, 7.83%, 0, 0, 3, 12.16
1747833501, 0, 686, 1373, 1370, 25, 7.83%, 0, 0, 3, 12.37
1747833511, 0, 687, 1373, 1370, 25, 7.83%, 0, 0, 3, 12.37
1747833521, 0, 688, 1373, 1370, 25, 7.83%, 0, 0, 3, 12.01
1747833531, 0, 689, 1373, 1370, 25, 7.83%, 0, 0, 3, 12.76
1747833542, 0, 690, 1373, 1370, 25, 7.83%, 0, 0, 3, 12.12
1747833552, 0, 691, 1373, 1370, 25, 7.83%, 0, 0, 3, 11.70
1747833562, 0, 692, 1373, 1370, 25, 7.83%, 0, 0, 3, 11.46
1747833572, 0, 693, 1373, 1370, 25, 7.83%, 0, 0, 3, 12.13
1747833583, 0, 695, 1373, 1370, 25, 7.83%, 0, 0, 3, 13.00
1747833593, 0, 698, 1373, 1370, 25, 7.83%, 0, 0, 3, 12.86
1747833603, 0, 700, 1373, 1370, 25, 7.83%, 0, 0, 3, 12.07
1747833613, 0, 702, 1373, 1370, 25, 7.83%, 0, 0, 3, 12.68
1747833629, 0, 703, 1373, 1370, 25, 7.83%, 0, 0, 3, 12.12
1747833639, 0, 705, 1373, 1370, 25, 7.83%, 0, 0, 3, 11.74
1747833649, 0, 706, 1373, 1370, 25, 7.83%, 0, 0, 3, 11.81
1747833659, 0, 707, 1373, 1370, 25, 7.83%, 0, 0, 3, 12.22
1747833670, 0, 708, 1373, 1370, 25, 7.83%, 0, 0, 3, 12.37
1747833680, 0, 709, 1373, 1370, 25, 7.83%, 0, 0, 3, 12.35
1747833690, 0, 710, 1373, 1370, 25, 7.83%, 0, 0, 3, 12.83
1747833701, 0, 711, 1373, 1370, 25, 7.83%, 0, 0, 3, 12.27
1747833711, 0, 713, 1373, 1370, 25, 7.83%, 0, 0, 3, 11.52
1747833721, 0, 715, 1373, 1370, 25, 7.83%, 0, 0, 3, 12.75
1747833731, 0, 716, 1373, 1370, 25, 7.83%, 0, 0, 3, 11.83
1747833741, 0, 717, 1373, 1370, 25, 7.83%, 0, 0, 3, 11.44
1747833752, 0, 718, 1373, 1370, 25, 7.83%, 0, 0, 3, 10.98
1747833762, 0, 718, 1374, 1371, 25, 7.83%, 0, 0, 3, 11.26
1747833777, 0, 719, 1374, 1371, 25, 7.83%, 0, 0, 3, 11.78
1747833788, 0, 720, 1374, 1371, 25, 7.83%, 0, 0, 3, 12.00
1747833798, 0, 722, 1374, 1371, 25, 7.83%, 0, 0, 3, 11.91
1747833808, 0, 723, 1374, 1371, 25, 7.83%, 0, 0, 3, 12.57
1747833818, 0, 725, 1374, 1371, 25, 7.83%, 0, 0, 3, 13.12
1747833828, 0, 726, 1374, 1371, 25, 7.83%, 0, 0, 3, 11.57
1747833839, 0, 727, 1374, 1371, 25, 7.83%, 0, 0, 3, 12.42
1747833849, 0, 728, 1374, 1371, 25, 7.83%, 0, 0, 3, 11.65
1747833859, 0, 731, 1374, 1371, 25, 7.83%, 0, 0, 3, 11.48
1747833874, 0, 732, 1374, 1371, 25, 7.83%, 0, 0, 3, 11.25
1747833885, 0, 734, 1374, 1371, 25, 7.83%, 0, 0, 3, 11.24
1747833895, 0, 735, 1374, 1371, 25, 7.83%, 0, 0, 3, 12.59
1747833905, 0, 736, 1374, 1371, 25, 7.83%, 0, 0, 3, 12.50
1747833915, 0, 737, 1374, 1371, 25, 7.83%, 0, 0, 3, 12.05
1747833926, 0, 739, 1374, 1371, 25, 7.83%, 0, 0, 3, 11.90
1747833936, 0, 740, 1374, 1371, 25, 7.83%, 0, 0, 3, 12.33
1747833946, 0, 741, 1374, 1371, 25, 7.83%, 0, 0, 3, 12.02
1747833956, 0, 742, 1374, 1371, 25, 7.83%, 0, 0, 3, 11.60
1747833967, 0, 743, 1374, 1371, 25, 7.83%, 0, 0, 3, 11.64
1747833977, 0, 744, 1374, 1371, 25, 7.83%, 0, 0, 3, 12.40
1747833992, 0, 745, 1374, 1371, 25, 7.83%, 0, 0, 3, 11.90
1747834002, 0, 747, 1374, 1371, 25, 7.83%, 0, 0, 3, 11.92
1747834013, 0, 748, 1374, 1371, 25, 7.83%, 0, 0, 3, 12.02
1747834023, 0, 749, 1374, 1371, 25, 7.83%, 0, 0, 3, 12.61
1747834033, 0, 750, 1374, 1371, 25, 7.83%, 0, 0, 3, 11.92
1747834043, 0, 751, 1374, 1371, 25, 7.83%, 0, 0, 3, 12.62
1747834054, 0, 752, 1374, 1371, 25, 7.83%, 0, 0, 3, 11.22
1747834064, 0, 753, 1374, 1371, 25, 7.83%, 0, 0, 3, 13.90
1747837598, 0, 754, 1374, 1370, 25, 7.83%, 0, 0, 3, 13.43
1747837609, 0, 755, 1374, 1370, 25, 7.83%, 0, 0, 3, 11.98
1747837619, 0, 756, 1374, 1370, 25, 7.83%, 0, 0, 3, 11.40
1747837629, 0, 757, 1374, 1370, 25, 7.83%, 0, 0, 3, 11.96
1747837639, 0, 758, 1374, 1370, 25, 7.83%, 0, 0, 3, 11.82
1747837650, 0, 759, 1374, 1370, 25, 7.83%, 0, 0, 3, 12.04
1747837660, 0, 760, 1374, 1370, 25, 7.83%, 0, 0, 3, 12.61
1747837670, 0, 761, 1374, 1370, 25, 7.83%, 0, 0, 3, 12.75
1747837680, 0, 761, 1375, 1371, 25, 7.83%, 0, 0, 3, 12.38
1747837691, 0, 762, 1375, 1371, 25, 7.83%, 0, 0, 3, 12.76
1747837701, 0, 763, 1375, 1371, 25, 7.83%, 0, 0, 3, 12.82
1747837716, 0, 765, 1375, 1371, 25, 7.83%, 0, 0, 3, 11.97
1747837726, 0, 767, 1375, 1371, 25, 7.83%, 0, 0, 3, 11.36
1747837736, 0, 768, 1375, 1371, 25, 7.83%, 0, 0, 3, 10.64
1747837747, 0, 769, 1375, 1371, 25, 7.83%, 0, 0, 3, 11.67
1747837757, 0, 770, 1375, 1371, 25, 7.83%, 0, 0, 3, 12.33
1747837767, 0, 771, 1375, 1371, 25, 7.83%, 0, 0, 3, 12.36
1747837777, 0, 774, 1375, 1371, 25, 7.83%, 0, 0, 3, 12.27
1747837788, 0, 775, 1375, 1371, 25, 7.83%, 0, 0, 3, 12.75
1747837798, 0, 776, 1375, 1371, 25, 7.83%, 0, 0, 3, 12.37
1747837808, 0, 777, 1375, 1371, 25, 7.83%, 0, 0, 3, 13.29
1747837819, 0, 778, 1375, 1371, 25, 7.83%, 0, 0, 3, 11.51
1747837829, 0, 779, 1375, 1371, 25, 7.83%, 0, 0, 3, 12.77
1747837839, 0, 780, 1375, 1371, 25, 7.83%, 0, 0, 3, 11.89
1747837850, 0, 782, 1375, 1371, 25, 7.83%, 0, 0, 3, 12.62
1747837860, 0, 783, 1375, 1371, 25, 7.83%, 0, 0, 3, 11.85
1747837870, 0, 784, 1375, 1371, 25, 7.83%, 0, 0, 3, 13.08
1747837885, 0, 786, 1375, 1371, 25, 7.83%, 0, 0, 3, 11.16
1747837896, 0, 787, 1375, 1371, 25, 7.83%, 0, 0, 3, 11.62
1747837906, 0, 788, 1375, 1371, 25, 7.83%, 0, 0, 3, 11.78
1747837916, 0, 789, 1375, 1371, 25, 7.83%, 0, 0, 3, 12.87
1747837926, 0, 790, 1375, 1371, 25, 7.83%, 0, 0, 3, 12.45
1747837937, 0, 791, 1375, 1371, 25, 7.83%, 0, 0, 3, 11.57
1747837947, 0, 792, 1375, 1371, 25, 7.83%, 0, 0, 3, 12.71
1747837957, 0, 793, 1375, 1371, 25, 7.83%, 0, 0, 3, 11.77
1747837967, 0, 794, 1375, 1371, 25, 7.83%, 0, 0, 3, 16.02
1747840519, 0, 795, 1375, 1370, 25, 7.83%, 0, 0, 3, 24.14
1747840524, 0, 796, 1375, 1370, 25, 7.83%, 0, 0, 3, 22.21
1747840529, 0, 798, 1375, 1370, 25, 7.83%, 0, 0, 3, 21.97
1747840534, 0, 799, 1375, 1370, 25, 7.83%, 0, 0, 3, 20.52
1747840545, 0, 800, 1375, 1370, 25, 7.83%, 0, 0, 3, 19.33
1747840550, 0, 801, 1375, 1370, 25, 7.83%, 0, 0, 3, 19.34
1747840555, 0, 804, 1375, 1370, 25, 7.83%, 0, 0, 3, 20.24
1747840560, 0, 805, 1375, 1370, 25, 7.83%, 0, 0, 3, 20.10
1747840570, 0, 807, 1375, 1370, 25, 7.83%, 0, 0, 3, 19.82
1747840575, 0, 808, 1375, 1370, 25, 7.83%, 0, 0, 3, 20.00
1747840580, 0, 809, 1375, 1370, 25, 7.83%, 0, 0, 3, 20.81
1747840585, 0, 810, 1375, 1370, 25, 7.83%, 0, 0, 3, 20.71
1747840596, 0, 811, 1375, 1370, 25, 7.83%, 0, 0, 3, 22.29
1747840601, 0, 813, 1375, 1370, 25, 7.83%, 0, 0, 3, 20.84
1747840606, 0, 815, 1375, 1370, 25, 7.83%, 0, 0, 3, 19.63
1747840611, 0, 816, 1375, 1370, 25, 7.83%, 0, 0, 3, 19.59
1747840616, 0, 817, 1375, 1370, 25, 7.83%, 0, 0, 3, 20.87
1747840626, 0, 818, 1375, 1370, 25, 7.83%, 0, 0, 3, 22.10
1747840632, 0, 819, 1375, 1370, 25, 7.83%, 0, 0, 3, 20.75
1747840637, 0, 820, 1375, 1370, 25, 7.83%, 0, 0, 3, 18.82
1747840642, 0, 821, 1375, 1370, 25, 7.83%, 0, 0, 3, 19.30
1747840652, 0, 822, 1375, 1370, 25, 7.83%, 0, 0, 3, 21.06
1747840657, 0, 823, 1375, 1370, 25, 7.83%, 0, 0, 3, 20.50
1747840662, 0, 824, 1375, 1370, 25, 7.83%, 0, 0, 3, 19.95
1747840667, 0, 825, 1375, 1370, 25, 7.83%, 0, 0, 3, 19.94
1747840677, 0, 826, 1375, 1370, 25, 7.83%, 0, 0, 3, 21.29
1747840682, 0, 827, 1375, 1370, 25, 7.83%, 0, 0, 3, 27.46
1747842216, 0, 829, 1375, 1369, 25, 7.83%, 0, 0, 3, 29.06
1747842221, 0, 830, 1375, 1369, 25, 7.83%, 0, 0, 3, 23.30
1747842232, 0, 831, 1375, 1369, 25, 7.83%, 0, 0, 3, 21.23
1747842237, 0, 832, 1375, 1369, 25, 7.83%, 0, 0, 3, 19.40
1747842242, 0, 833, 1375, 1369, 25, 7.83%, 0, 0, 3, 19.45
1747842247, 0, 834, 1375, 1369, 25, 7.83%, 0, 0, 3, 20.51
1747842257, 0, 835, 1375, 1369, 25, 7.83%, 0, 0, 3, 19.54
1747842262, 0, 836, 1375, 1369, 25, 7.83%, 0, 0, 3, 14.21
1747842273, 0, 837, 1375, 1369, 25, 7.83%, 0, 0, 3, 11.75
1747842288, 0, 839, 1375, 1369, 25, 7.83%, 0, 0, 3, 12.34
1747842298, 0, 841, 1375, 1369, 25, 7.83%, 0, 0, 3, 11.45
1747842308, 0, 842, 1375, 1369, 25, 7.83%, 0, 0, 3, 11.84
1747842319, 0, 844, 1375, 1369, 25, 7.83%, 0, 0, 3, 11.46
1747842329, 0, 845, 1375, 1369, 25, 7.83%, 0, 0, 3, 11.74
1747842339, 0, 846, 1375, 1369, 25, 7.83%, 0, 0, 3, 11.73
1747842349, 0, 847, 1375, 1369, 25, 7.83%, 0, 0, 3, 11.99
1747842359, 0, 848, 1375, 1369, 25, 7.83%, 0, 0, 3, 12.57
1747842369, 0, 850, 1375, 1369, 25, 7.83%, 0, 0, 3, 12.23
1747842380, 0, 852, 1375, 1369, 25, 7.83%, 0, 0, 3, 12.03
1747842390, 0, 853, 1375, 1369, 25, 7.83%, 0, 0, 3, 12.01
1747842400, 0, 855, 1375, 1369, 25, 7.83%, 0, 0, 3, 11.98
1747842416, 0, 856, 1375, 1369, 25, 7.83%, 0, 0, 3, 12.45
1747842426, 0, 857, 1375, 1369, 25, 7.83%, 0, 0, 3, 11.76
1747842436, 0, 859, 1375, 1369, 25, 7.83%, 0, 0, 3, 12.39
1747842446, 0, 860, 1375, 1369, 25, 7.83%, 0, 0, 3, 12.18
1747842457, 0, 861, 1375, 1369, 25, 7.83%, 0, 0, 3, 11.75
1747842467, 0, 862, 1375, 1369, 25, 7.83%, 0, 0, 3, 11.90
1747842477, 0, 863, 1375, 1369, 25, 7.83%, 0, 0, 3, 12.07
1747842487, 0, 865, 1375, 1369, 25, 7.83%, 0, 0, 3, 11.65
1747842497, 0, 867, 1375, 1369, 25, 7.83%, 0, 0, 3, 12.11
1747842508, 0, 868, 1375, 1369, 25, 7.83%, 0, 0, 3, 12.40
1747842518, 0, 870, 1375, 1369, 25, 7.83%, 0, 0, 3, 12.42
1747842528, 0, 872, 1375, 1369, 25, 7.83%, 0, 0, 3, 11.99
1747842538, 0, 874, 1375, 1369, 25, 7.83%, 0, 0, 3, 12.18
1747842548, 0, 875, 1375, 1369, 25, 7.83%, 0, 0, 3, 11.56
1747842559, 0, 876, 1375, 1369, 25, 7.83%, 0, 0, 3, 12.03
1747842574, 0, 877, 1375, 1369, 25, 7.83%, 0, 0, 3, 11.84
1747842584, 0, 880, 1375, 1369, 25, 7.83%, 0, 0, 3, 11.78
1747842594, 0, 881, 1375, 1369, 25, 7.83%, 0, 0, 3, 11.04
1747842605, 0, 883, 1375, 1369, 25, 7.83%, 0, 0, 3, 12.15
1747842615, 0, 884, 1375, 1369, 25, 7.83%, 0, 0, 3, 12.04
1747842625, 0, 885, 1375, 1369, 25, 7.83%, 0, 0, 3, 12.20
1747842636, 0, 887, 1375, 1369, 25, 7.83%, 0, 0, 3, 12.28
1747842646, 0, 889, 1375, 1369, 25, 7.83%, 0, 0, 3, 12.26
1747842656, 0, 892, 1375, 1369, 25, 7.83%, 0, 0, 3, 11.83
1747842666, 0, 894, 1375, 1369, 25, 7.83%, 0, 0, 3, 12.63
1747842682, 0, 896, 1375, 1369, 25, 7.83%, 0, 0, 3, 12.00
1747842692, 0, 897, 1375, 1369, 25, 7.83%, 0, 0, 3, 11.39
1747842702, 0, 898, 1375, 1369, 25, 7.83%, 0, 0, 3, 13.22
1747842713, 0, 899, 1375, 1369, 25, 7.83%, 0, 0, 3, 12.46
1747842723, 0, 900, 1375, 1369, 25, 7.83%, 0, 0, 3, 11.64
1747842733, 0, 901, 1375, 1369, 25, 7.83%, 0, 0, 3, 12.04
1747842743, 0, 902, 1375, 1369, 25, 7.83%, 0, 0, 3, 11.24
1747842753, 0, 903, 1375, 1369, 25, 7.83%, 0, 0, 3, 10.85
1747842764, 0, 904, 1375, 1369, 25, 7.83%, 0, 0, 3, 12.33
1747842779, 0, 905, 1375, 1369, 25, 7.83%, 0, 0, 3, 12.51
1747842789, 0, 907, 1375, 1369, 25, 7.83%, 0, 0, 3, 16.32
1747845198, 0, 908, 1375, 1368, 24, 7.83%, 0, 0, 3, 13.92
1747845208, 0, 910, 1375, 1368, 24, 7.83%, 0, 0, 3, 11.39
1747845219, 0, 912, 1375, 1368, 24, 7.83%, 0, 0, 3, 11.69
1747845229, 0, 915, 1375, 1368, 24, 7.83%, 0, 0, 3, 11.36
1747845244, 0, 916, 1375, 1368, 24, 7.83%, 0, 0, 3, 11.87
1747845255, 0, 918, 1375, 1368, 24, 7.83%, 0, 0, 3, 11.17
1747845265, 0, 920, 1375, 1368, 24, 7.83%, 0, 0, 3, 11.56
1747845275, 0, 921, 1375, 1368, 24, 7.83%, 0, 0, 3, 11.91
1747845285, 0, 923, 1375, 1368, 24, 7.83%, 0, 0, 3, 12.55
1747845296, 0, 924, 1375, 1368, 24, 7.83%, 0, 0, 3, 11.54
1747845306, 0, 925, 1375, 1368, 24, 7.83%, 0, 0, 3, 11.38
1747845316, 0, 926, 1375, 1368, 24, 7.83%, 0, 0, 3, 12.06
1747845327, 0, 927, 1375, 1368, 24, 7.83%, 0, 0, 3, 12.56
1747845337, 0, 929, 1375, 1368, 24, 7.83%, 0, 0, 3, 11.96
1747845352, 0, 930, 1375, 1368, 24, 7.83%, 0, 0, 3, 12.45
1747845362, 0, 931, 1375, 1368, 24, 7.83%, 0, 0, 3, 12.21
1747845372, 0, 932, 1375, 1368, 24, 7.83%, 0, 0, 3, 11.39
1747845383, 0, 933, 1375, 1368, 24, 7.83%, 0, 0, 3, 11.97
1747845393, 0, 934, 1375, 1368, 24, 7.83%, 0, 0, 3, 12.28
1747845403, 0, 935, 1375, 1368, 24, 7.83%, 0, 0, 3, 13.07
1747845413, 0, 936, 1375, 1368, 24, 7.83%, 0, 0, 3, 11.80
1747845424, 0, 937, 1375, 1368, 24, 7.83%, 0, 0, 3, 12.00
1747845434, 0, 939, 1375, 1368, 24, 7.83%, 0, 0, 3, 11.15
1747845444, 0, 940, 1375, 1368, 24, 7.83%, 0, 0, 3, 11.27
1747845460, 0, 942, 1375, 1368, 24, 7.83%, 0, 0, 3, 12.10
1747845470, 0, 943, 1375, 1368, 24, 7.83%, 0, 0, 3, 11.21
1747845480, 0, 944, 1375, 1368, 24, 7.83%, 0, 0, 3, 12.26
1747845490, 0, 946, 1375, 1368, 24, 7.83%, 0, 0, 3, 13.21
1747845501, 0, 947, 1375, 1368, 24, 7.83%, 0, 0, 3, 11.25
1747845511, 0, 948, 1375, 1368, 24, 7.83%, 0, 0, 3, 11.04
1747845521, 0, 949, 1375, 1368, 24, 7.83%, 0, 0, 3, 11.28
1747845531, 0, 950, 1375, 1368, 24, 7.83%, 0, 0, 3, 11.64
1747845547, 0, 951, 1375, 1368, 24, 7.83%, 0, 0, 3, 11.65
1747845557, 0, 952, 1375, 1368, 24, 7.83%, 0, 0, 3, 12.32
1747845567, 0, 954, 1375, 1368, 24, 7.83%, 0, 0, 3, 11.93
1747845578, 0, 955, 1375, 1368, 24, 7.83%, 0, 0, 3, 11.72
1747845588, 0, 956, 1375, 1368, 24, 7.83%, 0, 0, 3, 11.95
1747845598, 0, 957, 1375, 1368, 24, 7.83%, 0, 0, 3, 12.60
1747845609, 0, 958, 1375, 1368, 24, 7.83%, 0, 0, 3, 12.00
1747845619, 0, 959, 1375, 1368, 24, 7.83%, 0, 0, 3, 12.50
1747845629, 0, 960, 1375, 1368, 24, 7.83%, 0, 0, 3, 13.24
1747845640, 0, 961, 1375, 1368, 24, 7.83%, 0, 0, 3, 11.00
1747845650, 0, 962, 1375, 1368, 24, 7.83%, 0, 0, 3, 11.46
1747845660, 0, 963, 1375, 1368, 24, 7.83%, 0, 0, 3, 11.60
1747845675, 0, 964, 1375, 1368, 24, 7.83%, 0, 0, 3, 11.07
1747845686, 0, 965, 1375, 1368, 24, 7.83%, 0, 0, 3, 10.88
1747845696, 0, 966, 1375, 1368, 24, 7.83%, 0, 0, 3, 11.42
1747845706, 0, 967, 1375, 1368, 24, 7.83%, 0, 0, 3, 12.50
1747845716, 0, 968, 1375, 1368, 24, 7.83%, 0, 0, 3, 11.43
1747845727, 0, 970, 1375, 1368, 24, 7.83%, 0, 0, 3, 11.94
1747845742, 0, 971, 1375, 1368, 24, 7.83%, 0, 0, 3, 11.88
1747845752, 0, 972, 1375, 1368, 24, 7.83%, 0, 0, 3, 11.27
1747845762, 0, 973, 1375, 1368, 24, 7.83%, 0, 0, 3, 11.27
1747845773, 0, 975, 1375, 1368, 24, 7.83%, 0, 0, 3, 11.46
1747845783, 0, 976, 1375, 1368, 24, 7.83%, 0, 0, 3, 12.68
1747845793, 0, 977, 1375, 1368, 24, 7.83%, 0, 0, 3, 11.52
1747845809, 0, 978, 1375, 1368, 24, 7.83%, 0, 0, 3, 11.49
1747845819, 0, 979, 1375, 1368, 24, 7.83%, 0, 0, 3, 12.11
1747845829, 0, 980, 1375, 1368, 24, 7.83%, 0, 0, 3, 11.87
1747845840, 0, 981, 1375, 1368, 24, 7.83%, 0, 0, 3, 11.94
1747845850, 0, 983, 1375, 1368, 24, 7.83%, 0, 0, 3, 14.30
1747849460, 0, 983, 1376, 1369, 24, 7.83%, 0, 0, 3, 26.68
1747849491, 0, 984, 1376, 1368, 25, 7.83%, 0, 0, 3, 24.21
1747849496, 0, 985, 1376, 1368, 25, 7.83%, 0, 0, 3, 20.97
1747849501, 0, 986, 1376, 1368, 25, 7.83%, 0, 0, 3, 20.76
1747849507, 0, 987, 1376, 1368, 25, 7.83%, 0, 0, 3, 21.16
1747849517, 0, 988, 1376, 1368, 25, 7.83%, 0, 0, 3, 20.82
1747849522, 0, 989, 1376, 1368, 25, 7.83%, 0, 0, 3, 21.08
1747849527, 0, 990, 1376, 1368, 25, 7.83%, 0, 0, 3, 22.08
1747849532, 0, 991, 1376, 1368, 25, 7.83%, 0, 0, 3, 20.60
1747849537, 0, 992, 1376, 1368, 25, 7.83%, 0, 0, 3, 21.33
1747849547, 0, 994, 1376, 1368, 25, 7.83%, 0, 0, 3, 22.04
1747849552, 0, 995, 1376, 1368, 25, 7.83%, 0, 0, 3, 21.39
1747849557, 0, 998, 1376, 1368, 25, 7.83%, 0, 0, 3, 20.07
1747849563, 0, 999, 1376, 1368, 25, 7.83%, 0, 0, 3, 21.43
1747849568, 0, 1000, 1376, 1368, 25, 7.83%, 0, 0, 3, 20.06
1747849578, 0, 1001, 1376, 1368, 25, 7.83%, 0, 0, 3, 21.41
1747849583, 0, 1003, 1376, 1368, 25, 7.83%, 0, 0, 3, 20.82
1747849588, 0, 1004, 1376, 1368, 25, 7.83%, 0, 0, 3, 20.25
1747849593, 0, 1005, 1376, 1368, 25, 7.83%, 0, 0, 3, 20.57
1747849598, 0, 1006, 1376, 1368, 25, 7.83%, 0, 0, 3, 20.75
1747849609, 0, 1007, 1376, 1368, 25, 7.83%, 0, 0, 3, 21.06
1747849614, 0, 1008, 1376, 1368, 25, 7.83%, 0, 0, 3, 20.10
1747849619, 0, 1009, 1376, 1368, 25, 7.83%, 0, 0, 3, 20.25
1747849624, 0, 1010, 1376, 1368, 25, 7.83%, 0, 0, 3, 20.10
1747849634, 0, 1011, 1376, 1368, 25, 7.83%, 0, 0, 3, 20.98
1747849639, 0, 1012, 1376, 1368, 25, 7.83%, 0, 0, 3, 19.93
1747849644, 0, 1013, 1376, 1368, 25, 7.83%, 0, 0, 3, 20.24
1747849649, 0, 1014, 1376, 1368, 25, 7.83%, 0, 0, 3, 19.76
1747849660, 0, 1015, 1376, 1368, 25, 7.83%, 0, 0, 3, 21.71
1747849665, 0, 1016, 1376, 1368, 25, 7.83%, 0, 0, 3, 20.63
1747849670, 0, 1018, 1376, 1368, 25, 7.83%, 0, 0, 3, 20.94
1747849675, 0, 1019, 1376, 1368, 25, 7.83%, 0, 0, 3, 20.43
1747849680, 0, 1021, 1376, 1368, 25, 7.83%, 0, 0, 3, 20.40
1747849690, 0, 1022, 1376, 1368, 25, 7.83%, 0, 0, 3, 22.14
1747849696, 0, 1023, 1376, 1368, 25, 7.83%, 0, 0, 3, 21.69
1747849701, 0, 1024, 1376, 1368, 25, 7.83%, 0, 0, 3, 21.16
1747849706, 0, 1025, 1376, 1368, 25, 7.83%, 0, 0, 3, 19.93
1747849711, 0, 1026, 1376, 1368, 25, 7.83%, 0, 0, 3, 20.13
1747849721, 0, 1027, 1376, 1368, 25, 7.83%, 0, 0, 3, 19.74
1747849726, 0, 1028, 1376, 1368, 25, 7.83%, 0, 0, 3, 20.65
1747849731, 0, 1029, 1376, 1368, 25, 7.83%, 0, 0, 3, 21.82
1747849736, 0, 1030, 1376, 1368, 25, 7.83%, 0, 0, 3, 20.32
1747849747, 0, 1031, 1376, 1368, 25, 7.83%, 0, 0, 3, 20.75
1747849752, 0, 1032, 1376, 1368, 25, 7.83%, 0, 0, 3, 21.26
1747849757, 0, 1033, 1376, 1368, 25, 7.83%, 0, 0, 3, 21.00
1747849762, 0, 1034, 1376, 1368, 25, 7.83%, 0, 0, 3, 21.98
1747849767, 0, 1036, 1376, 1368, 25, 7.83%, 0, 0, 3, 22.57
1747849772, 0, 1037, 1376, 1368, 25, 7.83%, 0, 0, 3, 20.99
1747849783, 0, 1038, 1376, 1368, 25, 7.83%, 0, 0, 3, 20.29
1747849788, 0, 1039, 1376, 1368, 25, 7.83%, 0, 0, 3, 20.72
1747849793, 0, 1041, 1376, 1368, 25, 7.83%, 0, 0, 3, 21.05
1747849798, 0, 1042, 1376, 1368, 25, 7.83%, 0, 0, 3, 20.37
1747849803, 0, 1044, 1376, 1368, 25, 7.83%, 0, 0, 3, 21.42
1747849813, 0, 1047, 1376, 1368, 25, 7.83%, 0, 0, 3, 21.65
1747849819, 0, 1048, 1376, 1368, 25, 7.83%, 0, 0, 3, 20.71
1747849824, 0, 1049, 1376, 1368, 25, 7.83%, 0, 0, 3, 21.05
1747849829, 0, 1050, 1376, 1368, 25, 7.83%, 0, 0, 3, 20.90
1747849834, 0, 1051, 1376, 1368, 25, 7.83%, 0, 0, 3, 20.73
1747849844, 0, 1053, 1376, 1368, 25, 7.83%, 0, 0, 3, 20.61
1747849849, 0, 1054, 1376, 1368, 25, 7.83%, 0, 0, 3, 20.50
1747849854, 0, 1056, 1376, 1368, 25, 7.83%, 0, 0, 3, 21.43
1747849859, 0, 1057, 1376, 1368, 25, 7.83%, 0, 0, 3, 20.83
1747849870, 0, 1059, 1376, 1368, 25, 7.83%, 0, 0, 3, 12.55
1747849880, 0, 1060, 1376, 1368, 25, 7.83%, 0, 0, 3, 11.94
1747849890, 0, 1061, 1376, 1368, 25, 7.83%, 0, 0, 3, 12.22
1747849900, 0, 1062, 1376, 1368, 25, 7.83%, 0, 0, 3, 11.86
1747849911, 0, 1063, 1376, 1368, 25, 7.83%, 0, 0, 3, 12.36
1747849921, 0, 1064, 1376, 1368, 25, 7.83%, 0, 0, 3, 14.25
1747854198, 0, 1066, 1376, 1367, 24, 7.83%, 0, 0, 3, 26.12
1747854209, 0, 1067, 1376, 1367, 24, 7.83%, 0, 0, 3, 20.88
1747854214, 0, 1068, 1376, 1367, 24, 7.83%, 0, 0, 3, 19.74
1747854219, 0, 1069, 1376, 1367, 24, 7.83%, 0, 0, 3, 20.25
1747854224, 0, 1070, 1376, 1367, 24, 7.83%, 0, 0, 3, 19.63
1747854234, 0, 1072, 1376, 1367, 24, 7.83%, 0, 0, 3, 19.73
1747854239, 0, 1073, 1376, 1367, 24, 7.83%, 0, 0, 3, 21.41
1747854244, 0, 1074, 1376, 1367, 24, 7.83%, 0, 0, 3, 19.09
1747854249, 0, 1075, 1376, 1367, 24, 7.83%, 0, 0, 3, 20.08
1747854259, 0, 1076, 1376, 1367, 24, 7.83%, 0, 0, 3, 21.07
1747854264, 0, 1077, 1376, 1367, 24, 7.83%, 0, 0, 3, 15.31
1747854275, 0, 1080, 1376, 1367, 24, 7.83%, 0, 0, 3, 11.83
1747854285, 0, 1081, 1376, 1367, 24, 7.83%, 0, 0, 3, 11.57
1747854295, 0, 1082, 1376, 1367, 24, 7.83%, 0, 0, 3, 11.69
1747854310, 0, 1083, 1376, 1367, 24, 7.83%, 0, 0, 3, 12.96
1747854321, 0, 1084, 1376, 1367, 24, 7.83%, 0, 0, 3, 11.96
1747854331, 0, 1085, 1376, 1367, 24, 7.83%, 0, 0, 3, 12.74
1747854341, 0, 1086, 1376, 1367, 24, 7.83%, 0, 0, 3, 11.94
1747854351, 0, 1088, 1376, 1367, 24, 7.83%, 0, 0, 3, 11.39
1747854361, 0, 1090, 1376, 1367, 24, 7.83%, 0, 0, 3, 11.45
1747854372, 0, 1091, 1376, 1367, 24, 7.83%, 0, 0, 3, 11.54
1747854382, 0, 1093, 1376, 1367, 24, 7.83%, 0, 0, 3, 11.72
1747854397, 0, 1094, 1376, 1367, 24, 7.83%, 0, 0, 3, 12.24
1747854408, 0, 1096, 1376, 1367, 24, 7.83%, 0, 0, 3, 12.51
1747854418, 0, 1097, 1376, 1367, 24, 7.83%, 0, 0, 3, 13.17
1747854428, 0, 1098, 1376, 1367, 24, 7.83%, 0, 0, 3, 11.62
1747854439, 0, 1099, 1376, 1367, 24, 7.83%, 0, 0, 3, 12.34
1747854449, 0, 1100, 1376, 1367, 24, 7.83%, 0, 0, 3, 12.16
1747854459, 0, 1102, 1376, 1367, 24, 7.83%, 0, 0, 3, 11.69
1747854469, 0, 1104, 1376, 1367, 24, 7.83%, 0, 0, 3, 11.34
1747854480, 0, 1105, 1376, 1367, 24, 7.83%, 0, 0, 3, 12.70
1747854490, 0, 1106, 1376, 1367, 24, 7.83%, 0, 0, 3, 12.21
1747854500, 0, 1107, 1376, 1367, 24, 7.83%, 0, 0, 3, 11.58
1747854510, 0, 1108, 1376, 1367, 24, 7.83%, 0, 0, 3, 12.74
1747854520, 0, 1110, 1376, 1367, 24, 7.83%, 0, 0, 3, 11.52
1747854531, 0, 1111, 1376, 1367, 24, 7.83%, 0, 0, 3, 12.36
1747854541, 0, 1112, 1376, 1367, 24, 7.83%, 0, 0, 3, 12.38
1747854551, 0, 1115, 1376, 1367, 24, 7.83%, 0, 0, 3, 12.33
1747854562, 0, 1116, 1376, 1367, 24, 7.83%, 0, 0, 3, 12.82
1747854572, 0, 1117, 1376, 1367, 24, 7.83%, 0, 0, 3, 11.90
1747854587, 0, 1118, 1376, 1367, 24, 7.83%, 0, 0, 3, 12.81
1747854592, 0, 1118, 1377, 1368, 24, 7.83%, 0, 0, 3, 11.59
1747854608, 0, 1120, 1377, 1368, 24, 7.83%, 0, 0, 3, 12.38
1747854618, 0, 1121, 1377, 1368, 24, 7.83%, 0, 0, 3, 12.12
1747854628, 0, 1122, 1377, 1368, 24, 7.83%, 0, 0, 3, 12.17
1747854638, 0, 1123, 1377, 1368, 24, 7.83%, 0, 0, 3, 11.64
1747854648, 0, 1124, 1377, 1368, 24, 7.83%, 0, 0, 3, 12.17
1747854658, 0, 1126, 1377, 1368, 24, 7.83%, 0, 0, 3, 12.14
1747854669, 0, 1127, 1377, 1368, 24, 7.83%, 0, 0, 3, 12.83
1747854679, 0, 1128, 1377, 1368, 24, 7.83%, 0, 0, 3, 12.85
1747854689, 0, 1129, 1377, 1368, 24, 7.83%, 0, 0, 3, 12.62
1747854700, 0, 1131, 1377, 1368, 24, 7.83%, 0, 0, 3, 12.13
1747854710, 0, 1132, 1377, 1368, 24, 7.83%, 0, 0, 3, 12.54
1747854720, 0, 1133, 1377, 1368, 24, 7.83%, 0, 0, 3, 12.07
1747854731, 0, 1134, 1377, 1368, 24, 7.83%, 0, 0, 3, 12.41
1747854746, 0, 1135, 1377, 1368, 24, 7.83%, 0, 0, 3, 12.91
1747854751, 0, 1136, 1377, 1368, 24, 7.83%, 0, 0, 3, 12.50
1747854767, 0, 1138, 1377, 1368, 24, 7.83%, 0, 0, 3, 10.65
1747854777, 0, 1139, 1377, 1368, 24, 7.83%, 0, 0, 3, 12.63
1747854787, 0, 1140, 1377, 1368, 24, 7.83%, 0, 0, 3, 12.98
1747854798, 0, 1141, 1377, 1368, 24, 7.83%, 0, 0, 3, 12.08
1747854808, 0, 1142, 1377, 1368, 24, 7.83%, 0, 0, 3, 12.50
1747854818, 0, 1144, 1377, 1368, 24, 7.83%, 0, 0, 3, 12.43
1747854829, 0, 1145, 1377, 1368, 24, 7.83%, 0, 0, 3, 12.22
1747854839, 0, 1146, 1377, 1368, 24, 7.83%, 0, 0, 3, 11.67
1747854849, 0, 1148, 1377, 1368, 24, 7.83%, 0, 0, 3, 12.58
1747854860, 0, 1149, 1377, 1368, 24, 7.83%, 0, 0, 3, 12.13
1747854870, 0, 1150, 1377, 1368, 24, 7.83%, 0, 0, 3, 11.89
1747854880, 0, 1151, 1377, 1368, 24, 7.83%, 0, 0, 3, 11.56
1747854895, 0, 1152, 1377, 1368, 24, 7.83%, 0, 0, 3, 11.12
1747854906, 0, 1153, 1377, 1368, 24, 7.83%, 0, 0, 3, 11.10
1747854916, 0, 1155, 1377, 1368, 24, 7.83%, 0, 0, 3, 11.47
1747854926, 0, 1156, 1377, 1368, 24, 7.83%, 0, 0, 3, 13.12
1747854937, 0, 1157, 1377, 1368, 24, 7.83%, 0, 0, 3, 12.29
1747854947, 0, 1159, 1377, 1368, 24, 7.83%, 0, 0, 3, 11.88
1747854957, 0, 1160, 1377, 1368, 24, 7.83%, 0, 0, 3, 12.29
1747854967, 0, 1161, 1377, 1368, 24, 7.83%, 0, 0, 3, 12.25
1747854978, 0, 1162, 1377, 1368, 24, 7.83%, 0, 0, 3, 11.84
1747854988, 0, 1163, 1377, 1368, 24, 7.83%, 0, 0, 3, 12.11
1747854998, 0, 1164, 1377, 1368, 24, 7.83%, 0, 0, 3, 12.96
1747855008, 0, 1166, 1377, 1368, 24, 7.83%, 0, 0, 3, 11.76
1747855019, 0, 1167, 1377, 1368, 24, 7.83%, 0, 0, 3, 11.95
1747855029, 0, 1168, 1377, 1368, 24, 7.83%, 0, 0, 3, 13.22
1747855039, 0, 1169, 1377, 1368, 24, 7.83%, 0, 0, 3, 12.38
1747855049, 0, 1170, 1377, 1368, 24, 7.83%, 0, 0, 3, 12.58
1747855060, 0, 1172, 1377, 1368, 24, 7.83%, 0, 0, 3, 11.97
1747855075, 0, 1173, 1377, 1368, 24, 7.83%, 0, 0, 3, 11.40
1747855085, 0, 1174, 1377, 1368, 24, 7.83%, 0, 0, 3, 12.05
1747855095, 0, 1175, 1377, 1368, 24, 7.83%, 0, 0, 3, 11.56
1747855105, 0, 1176, 1377, 1368, 24, 7.83%, 0, 0, 3, 11.82
1747855116, 0, 1178, 1377, 1368, 24, 7.83%, 0, 0, 3, 12.01
1747855126, 0, 1179, 1377, 1368, 24, 7.83%, 0, 0, 3, 11.50
1747855141, 0, 1180, 1377, 1368, 24, 7.83%, 0, 0, 3, 11.40
1747855151, 0, 1182, 1377, 1368, 24, 7.83%, 0, 0, 3, 11.86
1747855162, 0, 1183, 1377, 1368, 24, 7.83%, 0, 0, 3, 12.12
1747855172, 0, 1184, 1377, 1368, 24, 7.83%, 0, 0, 3, 11.96
1747855182, 0, 1185, 1377, 1368, 24, 7.83%, 0, 0, 3, 12.75
1747855192, 0, 1186, 1377, 1368, 24, 7.83%, 0, 0, 3, 12.02
1747855202, 0, 1187, 1377, 1368, 24, 7.83%, 0, 0, 3, 11.36
1747855213, 0, 1188, 1377, 1368, 24, 7.83%, 0, 0, 3, 12.51
1747855223, 0, 1189, 1377, 1368, 24, 7.83%, 0, 0, 3, 12.80
1747855233, 0, 1190, 1377, 1368, 24, 7.83%, 0, 0, 3, 11.92
1747855243, 0, 1191, 1377, 1368, 24, 7.83%, 0, 0, 3, 11.93
1747855254, 0, 1192, 1377, 1368, 24, 7.83%, 0, 0, 3, 11.32
1747855264, 0, 1193, 1377, 1368, 24, 7.83%, 0, 0, 3, 13.14
1747855274, 0, 1194, 1377, 1368, 24, 7.83%, 0, 0, 3, 12.90
1747855284, 0, 1195, 1377, 1368, 24, 7.83%, 0, 0, 3, 12.01
1747855295, 0, 1196, 1377, 1368, 24, 7.83%, 0, 0, 3, 12.31
1747855310, 0, 1197, 1377, 1368, 24, 7.83%, 0, 0, 3, 12.17
1747855320, 0, 1198, 1377, 1368, 24, 7.83%, 0, 0, 3, 11.80
1747855330, 0, 1199, 1377, 1368, 24, 7.83%, 0, 0, 3, 11.77
1747855341, 0, 1200, 1377, 1368, 24, 7.83%, 0, 0, 3, 12.17
1747855351, 0, 1201, 1377, 1368, 24, 7.83%, 0, 0, 3, 11.38
1747855361, 0, 1202, 1377, 1368, 24, 7.83%, 0, 0, 3, 12.72
1747855372, 0, 1203, 1377, 1368, 24, 7.83%, 0, 0, 3, 12.29
1747855382, 0, 1204, 1377, 1368, 24, 7.83%, 0, 0, 3, 11.78
1747855392, 0, 1205, 1377, 1368, 24, 7.83%, 0, 0, 3, 13.16
1747855402, 0, 1206, 1377, 1368, 24, 7.83%, 0, 0, 3, 12.34
1747855412, 0, 1208, 1377, 1368, 24, 7.83%, 0, 0, 3, 11.92
1747855422, 0, 1209, 1377, 1368, 24, 7.83%, 0, 0, 3, 12.74
1747855433, 0, 1210, 1377, 1368, 24, 7.83%, 0, 0, 3, 12.40
1747855443, 0, 1211, 1377, 1368, 24, 7.83%, 0, 0, 3, 12.51
1747855453, 0, 1212, 1377, 1368, 24, 7.83%, 0, 0, 3, 11.72
1747855464, 0, 1213, 1377, 1368, 24, 7.83%, 0, 0, 3, 11.78
1747855474, 0, 1214, 1377, 1368, 24, 7.83%, 0, 0, 3, 12.62
1747855484, 0, 1215, 1377, 1368, 24, 7.83%, 0, 0, 3, 11.51
1747855499, 0, 1216, 1377, 1368, 24, 7.83%, 0, 0, 3, 12.06
1747855510, 0, 1217, 1377, 1368, 24, 7.83%, 0, 0, 3, 11.94
1747855520, 0, 1218, 1377, 1368, 24, 7.83%, 0, 0, 3, 12.59
1747855530, 0, 1219, 1377, 1368, 24, 7.83%, 0, 0, 3, 12.40
1747855540, 0, 1221, 1377, 1368, 24, 7.83%, 0, 0, 3, 11.79
1747855551, 0, 1222, 1377, 1368, 24, 7.83%, 0, 0, 3, 11.39
1747855561, 0, 1223, 1377, 1368, 24, 7.83%, 0, 0, 3, 12.16
1747855571, 0, 1224, 1377, 1368, 24, 7.83%, 0, 0, 3, 12.11
1747855581, 0, 1225, 1377, 1368, 24, 7.83%, 0, 0, 3, 11.93
1747855592, 0, 1226, 1377, 1368, 24, 7.83%, 0, 0, 3, 11.13
1747855602, 0, 1227, 1377, 1368, 24, 7.83%, 0, 0, 3, 12.15
1747855612, 0, 1228, 1377, 1368, 24, 7.83%, 0, 0, 3, 12.63
