# unix_time, cycles_done, cur_path, paths_total, pending_total, pending_favs, map_size, unique_crashes, unique_hangs, max_depth, execs_per_sec
1747817485, 0, 0, 1, 1, 1, 3.78%, 0, 0, 1, 54.79
1747817491, 0, 0, 35, 35, 1, 5.60%, 0, 0, 2, 79.42
1747817496, 0, 0, 62, 62, 1, 5.61%, 0, 0, 2, 79.94
1747817501, 0, 0, 86, 86, 1, 5.61%, 0, 0, 2, 80.53
1747817506, 0, 0, 101, 101, 1, 5.62%, 0, 0, 2, 82.83
1747817511, 0, 0, 115, 115, 1, 5.62%, 0, 0, 2, 84.05
1747817516, 0, 0, 126, 126, 1, 5.65%, 0, 0, 2, 75.63
1747817521, 0, 0, 132, 132, 1, 5.65%, 0, 0, 2, 54.62
1747817526, 0, 0, 140, 140, 1, 5.65%, 0, 0, 2, 48.73
1747817531, 0, 0, 149, 149, 1, 5.65%, 0, 0, 2, 47.52
1747817536, 0, 0, 155, 155, 1, 5.65%, 0, 0, 2, 47.65
1747817541, 0, 0, 163, 163, 1, 5.65%, 0, 0, 2, 48.64
1747817546, 0, 0, 167, 167, 1, 5.65%, 0, 0, 2, 50.86
1747817551, 0, 0, 168, 168, 1, 5.65%, 0, 0, 2, 51.36
1747817556, 0, 0, 173, 173, 1, 5.65%, 0, 0, 2, 49.78
1747817562, 0, 0, 177, 177, 1, 5.65%, 0, 0, 2, 51.25
1747817567, 0, 0, 178, 178, 1, 5.65%, 0, 0, 2, 52.12
1747817572, 0, 0, 181, 181, 1, 5.65%, 0, 0, 2, 52.25
1747817577, 0, 0, 185, 185, 1, 5.65%, 0, 0, 2, 49.68
1747817582, 0, 0, 190, 190, 1, 5.65%, 0, 0, 2, 49.80
1747817587, 0, 0, 193, 193, 1, 5.65%, 0, 0, 2, 50.66
1747817597, 0, 0, 195, 195, 1, 5.65%, 0, 0, 2, 51.96
1747817602, 0, 0, 198, 198, 1, 5.65%, 0, 0, 2, 50.50
1747817607, 0, 0, 200, 200, 1, 5.65%, 0, 0, 2, 52.20
1747817613, 0, 0, 202, 202, 1, 5.65%, 0, 0, 2, 50.97
1747817618, 0, 0, 205, 205, 1, 5.65%, 0, 0, 2, 51.63
1747817623, 0, 0, 206, 206, 1, 5.65%, 0, 0, 2, 51.46
1747817628, 0, 0, 208, 208, 1, 5.65%, 0, 0, 2, 51.97
1747817633, 0, 0, 209, 209, 1, 5.66%, 0, 0, 2, 51.37
1747817638, 0, 0, 210, 210, 1, 5.66%, 0, 0, 2, 52.98
1747817643, 0, 0, 211, 211, 1, 5.66%, 0, 0, 2, 52.35
1747817648, 0, 0, 213, 213, 1, 5.66%, 0, 0, 2, 51.24
1747817653, 0, 0, 214, 214, 1, 5.66%, 0, 0, 2, 52.30
1747817658, 0, 0, 216, 216, 1, 5.66%, 0, 0, 2, 51.24
1747817663, 0, 0, 218, 218, 1, 5.66%, 0, 0, 2, 51.42
1747817668, 0, 0, 220, 220, 1, 5.66%, 0, 0, 2, 50.99
1747817679, 0, 0, 221, 221, 1, 5.66%, 0, 0, 2, 52.34
1747817684, 0, 0, 222, 222, 1, 5.66%, 0, 0, 2, 52.79
1747817689, 0, 0, 223, 223, 1, 5.66%, 0, 0, 2, 51.57
1747817694, 0, 0, 225, 225, 1, 5.66%, 0, 0, 2, 51.82
1747817699, 0, 0, 227, 227, 1, 5.66%, 0, 0, 2, 51.85
1747817714, 0, 0, 228, 228, 1, 5.66%, 0, 0, 2, 52.92
1747817719, 0, 0, 229, 229, 1, 5.66%, 0, 0, 2, 51.07
1747817724, 0, 0, 230, 230, 1, 5.66%, 0, 0, 2, 52.50
1747817735, 0, 0, 231, 231, 1, 5.66%, 0, 0, 2, 53.53
1747817740, 0, 0, 232, 232, 1, 5.66%, 0, 0, 2, 52.51
1747817745, 0, 0, 233, 233, 1, 5.66%, 0, 0, 2, 51.79
1747817750, 0, 0, 234, 234, 1, 5.66%, 0, 0, 2, 52.09
1747817755, 0, 0, 235, 235, 1, 5.66%, 0, 0, 2, 52.53
1747817775, 0, 0, 236, 236, 1, 5.66%, 0, 0, 2, 51.91
1747817785, 0, 0, 237, 237, 1, 5.66%, 0, 0, 2, 52.66
1747817790, 0, 0, 238, 238, 1, 5.66%, 0, 0, 2, 52.90
1747817806, 0, 0, 239, 239, 1, 5.66%, 0, 0, 2, 51.97
1747817816, 0, 0, 241, 241, 1, 5.66%, 0, 0, 2, 51.61
1747817826, 0, 1, 252, 251, 12, 5.66%, 0, 0, 2, 38.86
1747817831, 0, 1, 268, 267, 12, 5.69%, 0, 0, 2, 32.07
1747817836, 0, 1, 280, 279, 12, 5.69%, 0, 0, 2, 29.21
1747817841, 0, 1, 289, 288, 12, 5.69%, 0, 0, 2, 29.47
1747817846, 0, 1, 298, 297, 12, 5.69%, 0, 0, 2, 29.66
1747817851, 0, 1, 306, 305, 12, 5.69%, 0, 0, 2, 29.12
1747817856, 0, 1, 314, 313, 12, 5.70%, 0, 0, 2, 29.33
1747817861, 0, 1, 319, 318, 12, 5.70%, 0, 0, 2, 29.09
1747817866, 0, 1, 325, 324, 12, 5.79%, 0, 0, 2, 29.21
1747817872, 0, 1, 332, 331, 12, 5.79%, 0, 0, 2, 29.98
1747817877, 0, 1, 336, 335, 12, 5.79%, 0, 0, 2, 29.92
1747817882, 0, 1, 342, 341, 12, 5.86%, 0, 0, 2, 28.58
1747817887, 0, 1, 347, 346, 12, 5.86%, 0, 0, 2, 28.42
1747817892, 0, 1, 350, 349, 12, 5.86%, 0, 0, 2, 29.10
1747817897, 0, 1, 353, 352, 12, 5.86%, 0, 0, 2, 29.42
1747817902, 0, 1, 355, 354, 12, 5.86%, 0, 0, 2, 30.19
1747817907, 0, 1, 358, 357, 12, 5.86%, 0, 0, 2, 29.62
1747817912, 0, 1, 360, 359, 12, 5.86%, 0, 0, 2, 29.66
1747817918, 0, 1, 362, 361, 12, 5.86%, 0, 0, 2, 29.28
1747817933, 0, 1, 363, 362, 12, 5.86%, 0, 0, 2, 30.52
1747817938, 0, 1, 365, 364, 12, 5.86%, 0, 0, 2, 30.21
1747817943, 0, 1, 367, 366, 12, 5.86%, 0, 0, 2, 30.13
1747817953, 0, 1, 369, 368, 12, 5.86%, 0, 0, 2, 30.32
1747817958, 0, 1, 373, 372, 12, 5.86%, 0, 0, 2, 29.29
1747817963, 0, 1, 374, 373, 12, 5.86%, 0, 0, 2, 30.03
1747817968, 0, 1, 377, 376, 12, 5.86%, 0, 0, 2, 29.52
1747817973, 0, 1, 378, 377, 12, 5.86%, 0, 0, 2, 30.30
1747817978, 0, 1, 379, 378, 12, 5.86%, 0, 0, 2, 30.47
1747817983, 0, 1, 381, 380, 12, 5.86%, 0, 0, 2, 29.48
1747817988, 0, 1, 382, 381, 12, 5.86%, 0, 0, 2, 29.55
1747817999, 0, 2, 384, 383, 12, 5.86%, 0, 0, 2, 29.79
1747818004, 0, 2, 387, 386, 12, 5.86%, 0, 0, 2, 28.40
1747818009, 0, 2, 391, 390, 12, 5.86%, 0, 0, 2, 27.68
1747818014, 0, 2, 393, 392, 12, 5.86%, 0, 0, 2, 28.21
1747818019, 0, 2, 395, 394, 12, 5.86%, 0, 0, 2, 28.95
1747818024, 0, 2, 396, 395, 12, 5.86%, 0, 0, 2, 29.15
1747818029, 0, 2, 399, 398, 12, 5.88%, 0, 0, 2, 28.78
1747818040, 0, 2, 403, 402, 12, 5.88%, 0, 0, 2, 28.47
1747818065, 0, 2, 405, 404, 12, 5.88%, 0, 0, 2, 28.57
1747818070, 0, 2, 407, 406, 12, 5.88%, 0, 0, 2, 28.62
1747818075, 0, 2, 408, 407, 12, 5.88%, 0, 0, 2, 28.80
1747818080, 0, 2, 409, 408, 12, 5.88%, 0, 0, 2, 28.78
1747818085, 0, 2, 410, 409, 12, 5.88%, 0, 0, 2, 28.65
1747818090, 0, 2, 412, 411, 12, 5.88%, 0, 0, 2, 28.71
1747818095, 0, 2, 413, 412, 12, 5.88%, 0, 0, 2, 28.46
1747818105, 0, 2, 414, 413, 12, 5.88%, 0, 0, 2, 28.94
1747818110, 0, 2, 416, 415, 12, 5.88%, 0, 0, 2, 28.60
1747818116, 0, 2, 418, 417, 12, 5.88%, 0, 0, 2, 28.85
1747818121, 0, 2, 421, 420, 12, 5.88%, 0, 0, 2, 28.02
1747818126, 0, 2, 422, 421, 12, 5.88%, 0, 0, 2, 28.86
1747818136, 0, 2, 423, 422, 12, 5.88%, 0, 0, 2, 28.79
1747818146, 0, 2, 425, 424, 12, 5.88%, 0, 0, 2, 28.75
1747818151, 0, 2, 426, 425, 12, 5.88%, 0, 0, 2, 28.83
1747818156, 0, 4, 426, 425, 12, 5.88%, 0, 0, 2, 38.82
1747818275, 0, 5, 427, 425, 11, 5.89%, 0, 0, 3, 40.32
1747818280, 0, 5, 438, 436, 11, 6.18%, 0, 0, 3, 26.00
1747818285, 0, 5, 447, 445, 11, 6.19%, 0, 0, 3, 22.63
1747818290, 0, 5, 460, 458, 11, 6.27%, 0, 0, 3, 32.23
1747818295, 0, 5, 475, 473, 11, 6.27%, 0, 0, 3, 36.18
1747818300, 0, 5, 487, 485, 11, 6.27%, 0, 0, 3, 36.06
1747818305, 0, 5, 499, 497, 11, 6.27%, 0, 0, 3, 37.45
1747818310, 0, 5, 507, 505, 11, 6.27%, 0, 0, 3, 37.96
1747818315, 0, 5, 513, 511, 11, 6.27%, 0, 0, 3, 37.40
1747818320, 0, 5, 521, 519, 11, 6.27%, 0, 0, 3, 36.90
1747818325, 0, 5, 527, 525, 11, 6.27%, 0, 0, 3, 38.16
1747818330, 0, 5, 531, 529, 11, 6.27%, 0, 0, 3, 38.43
1747818336, 0, 5, 535, 533, 11, 6.27%, 0, 0, 3, 38.63
1747818341, 0, 5, 539, 537, 11, 6.28%, 0, 0, 3, 37.39
1747818346, 0, 5, 542, 540, 11, 6.28%, 0, 0, 3, 38.69
1747818351, 0, 5, 545, 543, 11, 6.28%, 0, 0, 3, 38.49
1747818356, 0, 5, 550, 548, 11, 6.28%, 0, 0, 3, 37.96
1747818361, 0, 5, 551, 549, 11, 6.28%, 0, 0, 3, 32.68
1747818366, 0, 5, 554, 552, 11, 6.28%, 0, 0, 3, 25.22
1747818376, 0, 5, 556, 554, 11, 6.29%, 0, 0, 3, 22.58
1747818381, 0, 5, 557, 555, 11, 6.29%, 0, 0, 3, 22.87
1747818386, 0, 5, 559, 557, 11, 6.29%, 0, 0, 3, 22.67
1747818391, 0, 5, 561, 559, 11, 6.29%, 0, 0, 3, 22.79
1747818397, 0, 5, 562, 560, 11, 6.29%, 0, 0, 3, 23.12
1747818402, 0, 5, 563, 561, 11, 6.29%, 0, 0, 3, 22.94
1747818407, 0, 5, 564, 562, 11, 6.29%, 0, 0, 3, 22.60
1747818412, 0, 5, 565, 563, 11, 6.29%, 0, 0, 3, 22.56
1747818422, 0, 5, 566, 564, 11, 6.29%, 0, 0, 3, 23.21
1747818427, 0, 5, 568, 566, 11, 6.29%, 0, 0, 3, 22.45
1747818432, 0, 5, 571, 569, 11, 6.29%, 0, 0, 3, 22.65
1747818437, 0, 5, 572, 570, 11, 6.29%, 0, 0, 3, 22.86
1747818443, 0, 5, 576, 574, 11, 6.29%, 0, 0, 3, 22.38
1747818453, 0, 5, 579, 577, 11, 6.29%, 0, 0, 3, 21.97
1747818463, 0, 6, 584, 582, 14, 6.31%, 0, 0, 3, 20.20
1747818468, 0, 6, 591, 589, 14, 6.31%, 0, 0, 3, 18.57
1747818473, 0, 6, 598, 596, 14, 6.31%, 0, 0, 3, 17.98
1747818478, 0, 6, 605, 603, 14, 6.31%, 0, 0, 3, 18.02
1747818483, 0, 6, 610, 608, 14, 6.32%, 0, 0, 3, 18.08
1747818488, 0, 6, 616, 614, 14, 6.36%, 0, 0, 3, 18.63
1747818493, 0, 6, 621, 619, 14, 6.36%, 0, 0, 3, 18.53
1747818498, 0, 6, 626, 624, 14, 6.36%, 0, 0, 3, 18.38
1747818503, 0, 6, 631, 629, 14, 6.39%, 0, 0, 3, 18.41
1747818509, 0, 6, 634, 632, 14, 6.39%, 0, 0, 3, 18.49
1747818514, 0, 6, 637, 635, 14, 6.40%, 0, 0, 3, 18.55
1747818519, 0, 6, 640, 638, 14, 6.40%, 0, 0, 3, 18.95
1747818524, 0, 6, 642, 640, 14, 6.40%, 0, 0, 3, 18.95
1747818529, 0, 6, 646, 644, 14, 6.48%, 0, 0, 3, 18.52
1747818534, 0, 6, 647, 645, 14, 6.48%, 0, 0, 3, 18.97
1747818539, 0, 6, 648, 646, 14, 6.48%, 0, 0, 3, 18.60
1747818544, 0, 6, 650, 648, 14, 6.48%, 0, 0, 3, 18.79
1747818549, 0, 6, 653, 651, 14, 6.48%, 0, 0, 3, 18.65
1747818559, 0, 6, 655, 653, 14, 6.48%, 0, 0, 3, 18.71
1747818565, 0, 6, 658, 656, 14, 6.48%, 0, 0, 3, 18.48
1747818570, 0, 6, 661, 659, 14, 6.48%, 0, 0, 3, 18.36
1747818575, 0, 6, 662, 660, 14, 6.48%, 0, 0, 3, 18.91
1747818580, 0, 6, 664, 662, 14, 6.48%, 0, 0, 3, 18.60
1747818585, 0, 6, 667, 665, 14, 6.48%, 0, 0, 3, 18.35
1747818590, 0, 6, 668, 666, 14, 6.48%, 0, 0, 3, 18.82
1747818595, 0, 6, 670, 668, 14, 6.48%, 0, 0, 3, 18.88
1747818606, 0, 6, 673, 671, 14, 6.48%, 0, 0, 3, 18.47
1747818611, 0, 6, 676, 674, 14, 6.48%, 0, 0, 3, 18.43
1747818621, 0, 6, 677, 675, 14, 6.48%, 0, 0, 3, 19.24
1747818631, 0, 6, 679, 677, 14, 6.48%, 0, 0, 3, 18.77
1747818642, 0, 6, 680, 678, 14, 6.48%, 0, 0, 3, 19.05
1747818647, 0, 6, 681, 679, 14, 6.48%, 0, 0, 3, 18.85
1747818657, 0, 6, 682, 680, 14, 6.48%, 0, 0, 3, 18.75
1747818662, 0, 6, 685, 683, 14, 6.48%, 0, 0, 3, 18.56
1747818667, 0, 6, 687, 685, 14, 6.48%, 0, 0, 3, 17.93
1747818688, 0, 6, 689, 687, 14, 6.48%, 0, 0, 3, 18.31
1747818693, 0, 6, 690, 688, 14, 6.48%, 0, 0, 3, 18.90
1747818698, 0, 6, 692, 690, 14, 6.48%, 0, 0, 3, 18.97
1747818708, 0, 6, 693, 691, 14, 6.48%, 0, 0, 3, 18.88
1747818718, 0, 6, 694, 692, 14, 6.48%, 0, 0, 3, 19.03
1747818728, 0, 6, 695, 693, 14, 6.48%, 0, 0, 3, 18.78
1747818733, 0, 7, 701, 699, 14, 6.48%, 0, 0, 3, 15.62
1747818739, 0, 7, 708, 706, 14, 6.48%, 0, 0, 3, 15.04
1747818744, 0, 7, 713, 711, 14, 6.48%, 0, 0, 3, 14.15
1747818749, 0, 7, 719, 717, 14, 6.48%, 0, 0, 3, 14.10
1747818754, 0, 7, 724, 722, 14, 6.48%, 0, 0, 3, 14.08
1747818759, 0, 7, 729, 727, 14, 6.48%, 0, 0, 3, 14.35
1747818764, 0, 7, 731, 729, 14, 6.48%, 0, 0, 3, 14.60
1747818769, 0, 7, 734, 732, 14, 6.48%, 0, 0, 3, 14.18
1747818774, 0, 7, 737, 735, 14, 6.48%, 0, 0, 3, 14.85
1747818779, 0, 7, 740, 738, 14, 6.48%, 0, 0, 3, 14.29
1747818785, 0, 7, 741, 739, 14, 6.48%, 0, 0, 3, 14.62
1747818790, 0, 7, 744, 742, 14, 6.48%, 0, 0, 3, 14.76
1747818795, 0, 7, 747, 745, 14, 6.48%, 0, 0, 3, 14.67
1747818800, 0, 7, 749, 747, 14, 6.48%, 0, 0, 3, 14.97
1747818805, 0, 7, 751, 749, 14, 6.48%, 0, 0, 3, 14.79
1747818810, 0, 7, 753, 751, 14, 6.48%, 0, 0, 3, 14.36
1747818815, 0, 7, 758, 756, 14, 6.48%, 0, 0, 3, 14.20
1747818821, 0, 7, 762, 760, 14, 6.48%, 0, 0, 3, 14.69
1747818826, 0, 7, 764, 762, 14, 6.64%, 0, 0, 3, 14.95
1747818831, 0, 7, 767, 765, 14, 6.64%, 0, 0, 3, 14.49
1747818836, 0, 7, 770, 768, 14, 6.64%, 0, 0, 3, 14.87
1747818841, 0, 7, 774, 772, 14, 6.65%, 0, 0, 3, 13.93
1747818851, 0, 7, 777, 775, 14, 6.65%, 0, 0, 3, 14.02
1747818856, 0, 7, 778, 776, 14, 6.65%, 0, 0, 3, 15.27
1747818862, 0, 7, 781, 779, 14, 6.65%, 0, 0, 3, 14.50
1747818872, 0, 7, 783, 781, 14, 6.65%, 0, 0, 3, 14.71
1747818877, 0, 7, 785, 783, 14, 6.65%, 0, 0, 3, 14.76
1747818882, 0, 7, 788, 786, 14, 6.65%, 0, 0, 3, 14.53
1747818887, 0, 7, 789, 787, 14, 6.65%, 0, 0, 3, 14.81
1747818892, 0, 7, 790, 788, 14, 6.65%, 0, 0, 3, 14.16
1747818897, 0, 7, 793, 791, 14, 6.73%, 0, 0, 3, 14.63
1747818903, 0, 7, 796, 794, 14, 6.82%, 0, 0, 3, 14.40
1747818908, 0, 7, 801, 799, 14, 6.82%, 0, 0, 3, 14.02
1747818913, 0, 7, 808, 806, 14, 6.82%, 0, 0, 3, 13.82
1747818918, 0, 7, 811, 809, 14, 6.82%, 0, 0, 3, 14.21
1747818923, 0, 7, 814, 812, 14, 6.82%, 0, 0, 3, 14.18
1747818928, 0, 7, 817, 815, 14, 6.82%, 0, 0, 3, 13.98
1747818933, 0, 7, 820, 818, 14, 6.82%, 0, 0, 3, 14.80
1747818943, 0, 7, 821, 819, 14, 6.82%, 0, 0, 3, 14.76
1747818948, 0, 7, 822, 820, 14, 6.82%, 0, 0, 3, 14.76
1747818958, 0, 7, 824, 822, 14, 6.82%, 0, 0, 3, 14.43
1747818964, 0, 7, 826, 824, 14, 6.83%, 0, 0, 3, 14.17
1747818969, 0, 7, 827, 825, 14, 6.83%, 0, 0, 3, 14.46
1747818984, 0, 7, 828, 826, 14, 6.83%, 0, 0, 3, 14.43
1747818989, 0, 7, 829, 827, 14, 6.83%, 0, 0, 3, 14.37
1747818999, 0, 7, 830, 828, 14, 6.83%, 0, 0, 3, 14.98
1747819004, 0, 7, 831, 829, 14, 6.83%, 0, 0, 3, 14.99
1747819010, 0, 7, 832, 830, 14, 6.83%, 0, 0, 3, 15.02
1747819015, 0, 7, 833, 831, 14, 6.83%, 0, 0, 3, 14.42
1747819020, 0, 7, 835, 833, 14, 6.83%, 0, 0, 3, 14.75
1747819025, 0, 7, 836, 834, 14, 6.83%, 0, 0, 3, 14.47
1747819030, 0, 7, 838, 836, 14, 6.83%, 0, 0, 3, 14.39
1747819035, 0, 7, 839, 837, 14, 6.83%, 0, 0, 3, 14.89
1747819045, 0, 7, 840, 838, 14, 6.83%, 0, 0, 3, 15.41
1747819050, 0, 7, 841, 839, 14, 6.83%, 0, 0, 3, 14.92
1747819055, 0, 7, 842, 840, 14, 6.84%, 0, 0, 3, 14.60
1747819061, 0, 7, 843, 841, 14, 6.84%, 0, 0, 3, 14.53
1747819071, 0, 7, 844, 842, 14, 6.84%, 0, 0, 3, 15.18
1747819076, 0, 7, 846, 844, 14, 6.84%, 0, 0, 3, 14.89
1747819081, 0, 7, 847, 845, 14, 6.84%, 0, 0, 3, 14.87
1747819086, 0, 7, 848, 846, 14, 6.84%, 0, 0, 3, 14.57
1747819091, 0, 7, 849, 847, 14, 6.84%, 0, 0, 3, 14.60
1747819096, 0, 8, 849, 847, 16, 6.84%, 0, 0, 3, 24.05
1747819101, 0, 10, 853, 851, 16, 6.86%, 0, 0, 3, 17.03
1747819106, 0, 10, 858, 856, 16, 6.86%, 0, 0, 3, 14.12
1747819112, 0, 10, 862, 860, 16, 6.87%, 0, 0, 3, 13.41
1747819117, 0, 10, 864, 862, 16, 6.87%, 0, 0, 3, 13.94
1747819122, 0, 10, 866, 864, 16, 6.87%, 0, 0, 3, 13.58
1747819127, 0, 10, 868, 866, 16, 6.87%, 0, 0, 3, 13.86
1747819132, 0, 10, 869, 867, 16, 6.87%, 0, 0, 3, 13.70
1747819137, 0, 10, 870, 868, 16, 6.87%, 0, 0, 3, 14.06
1747819147, 0, 10, 873, 871, 16, 6.87%, 0, 0, 3, 13.75
1747819153, 0, 10, 875, 873, 16, 6.87%, 0, 0, 3, 14.03
1747819158, 0, 10, 876, 874, 16, 6.87%, 0, 0, 3, 14.26
1747819173, 0, 10, 877, 875, 16, 6.87%, 0, 0, 3, 13.80
1747819178, 0, 10, 879, 877, 16, 6.87%, 0, 0, 3, 13.47
1747819194, 0, 10, 880, 878, 16, 6.87%, 0, 0, 3, 14.32
1747819204, 0, 10, 881, 879, 16, 6.89%, 0, 0, 3, 14.08
1747819214, 0, 10, 883, 881, 16, 6.89%, 0, 0, 3, 14.17
1747819229, 0, 10, 884, 882, 16, 6.89%, 0, 0, 3, 14.21
1747819234, 0, 10, 885, 883, 16, 6.89%, 0, 0, 3, 13.85
1747819239, 0, 10, 886, 884, 16, 6.89%, 0, 0, 3, 13.68
1747819244, 0, 10, 887, 885, 16, 6.89%, 0, 0, 3, 13.34
1747819270, 0, 10, 888, 886, 16, 6.89%, 0, 0, 3, 14.10
1747819275, 0, 10, 890, 888, 16, 6.89%, 0, 0, 3, 13.42
1747819321, 0, 10, 891, 889, 16, 6.90%, 0, 0, 3, 13.73
1747819403, 0, 10, 892, 890, 16, 6.90%, 0, 0, 3, 13.74
1747819414, 0, 10, 893, 891, 16, 6.90%, 0, 0, 3, 13.30
1747819419, 0, 11, 893, 891, 19, 6.90%, 0, 0, 3, 19.64
1747819424, 0, 13, 894, 892, 19, 6.90%, 0, 0, 3, 19.60
1747819429, 0, 13, 895, 893, 19, 6.90%, 0, 0, 3, 14.50
1747819434, 0, 13, 898, 896, 19, 6.90%, 0, 0, 3, 13.01
1747819449, 0, 13, 899, 897, 19, 6.90%, 0, 0, 3, 13.10
1747819454, 0, 13, 901, 899, 19, 6.91%, 0, 0, 3, 13.15
1747819465, 0, 13, 902, 900, 19, 6.91%, 0, 0, 3, 12.98
1747819470, 0, 13, 904, 902, 19, 6.91%, 0, 0, 3, 12.97
1747819480, 0, 13, 905, 903, 19, 6.91%, 0, 0, 3, 13.29
1747819511, 0, 13, 907, 905, 19, 6.91%, 0, 0, 3, 12.47
1747819516, 0, 13, 908, 906, 19, 6.91%, 0, 0, 3, 13.01
1747819526, 0, 13, 909, 907, 19, 6.92%, 0, 0, 3, 13.74
1747819573, 0, 13, 910, 908, 19, 6.92%, 0, 0, 3, 13.55
1747819603, 0, 13, 911, 909, 19, 6.92%, 0, 0, 3, 13.40
1747819609, 0, 13, 912, 910, 19, 6.92%, 0, 0, 3, 13.14
1747819614, 0, 13, 913, 911, 19, 6.92%, 0, 0, 3, 13.14
1747819629, 0, 13, 914, 912, 19, 6.92%, 0, 0, 3, 13.21
1747819655, 0, 13, 915, 913, 19, 6.92%, 0, 0, 3, 13.85
1747819686, 0, 13, 916, 914, 19, 6.92%, 0, 0, 3, 13.12
1747819696, 0, 13, 917, 915, 19, 6.92%, 0, 0, 3, 13.13
1747819701, 0, 13, 918, 916, 19, 6.92%, 0, 0, 3, 13.52
1747819707, 0, 13, 920, 918, 19, 6.92%, 0, 0, 3, 13.14
1747819742, 0, 13, 922, 920, 19, 6.92%, 0, 0, 3, 12.99
1747819747, 0, 14, 923, 921, 14, 6.92%, 0, 0, 3, 13.12
1747819752, 0, 14, 925, 923, 14, 6.92%, 0, 0, 3, 12.55
1747819758, 0, 14, 926, 924, 14, 6.92%, 0, 0, 3, 12.94
1747819763, 0, 14, 928, 926, 14, 6.92%, 0, 0, 3, 13.09
1747819768, 0, 14, 929, 927, 14, 6.92%, 0, 0, 3, 12.73
1747819783, 0, 14, 930, 928, 14, 6.92%, 0, 0, 3, 12.42
1747819793, 0, 14, 931, 929, 14, 6.92%, 0, 0, 3, 13.12
1747819824, 0, 14, 932, 930, 14, 6.92%, 0, 0, 3, 11.94
1747819829, 0, 14, 933, 931, 14, 6.92%, 0, 0, 3, 12.56
1747819839, 0, 14, 934, 932, 14, 6.92%, 0, 0, 3, 12.77
1747819865, 0, 14, 935, 933, 14, 6.92%, 0, 0, 3, 12.82
1747819886, 0, 14, 936, 934, 14, 6.92%, 0, 0, 3, 12.79
1747819943, 0, 14, 937, 935, 14, 6.92%, 0, 0, 3, 12.37
1747819963, 0, 14, 938, 936, 14, 6.92%, 0, 0, 3, 21.42
1747820009, 0, 14, 939, 937, 14, 6.92%, 0, 0, 3, 21.89
1747820029, 0, 15, 940, 938, 15, 6.92%, 0, 0, 3, 20.72
1747820039, 0, 18, 940, 938, 15, 6.92%, 0, 0, 3, 21.09
1747820044, 0, 20, 940, 938, 15, 6.92%, 0, 0, 3, 21.47
1747820050, 0, 23, 940, 938, 15, 6.92%, 0, 0, 3, 21.52
1747820060, 0, 26, 940, 938, 15, 6.92%, 0, 0, 3, 22.02
1747820065, 0, 27, 942, 940, 15, 6.92%, 0, 0, 3, 20.54
1747820070, 0, 27, 943, 941, 15, 6.92%, 0, 0, 3, 20.16
1747820075, 0, 27, 944, 942, 15, 7.01%, 0, 0, 3, 20.51
1747820090, 0, 27, 945, 943, 15, 7.01%, 0, 0, 3, 21.84
1747820100, 0, 27, 946, 944, 15, 7.01%, 0, 0, 3, 21.09
1747820111, 0, 27, 947, 945, 15, 7.01%, 0, 0, 3, 20.79
1747820116, 0, 27, 949, 947, 15, 7.03%, 0, 0, 3, 20.88
1747820142, 0, 27, 950, 948, 15, 7.04%, 0, 0, 3, 21.91
1747820157, 0, 27, 952, 950, 15, 7.04%, 0, 0, 3, 21.99
1747820173, 0, 27, 953, 951, 15, 7.04%, 0, 0, 3, 22.21
1747820183, 0, 27, 954, 952, 15, 7.04%, 0, 0, 3, 23.37
1747820188, 0, 27, 955, 953, 15, 7.04%, 0, 0, 3, 23.77
1747820193, 0, 27, 957, 955, 15, 7.04%, 0, 0, 3, 22.73
1747820214, 0, 27, 958, 956, 15, 7.04%, 0, 0, 3, 23.18
1747820255, 0, 30, 962, 960, 18, 7.04%, 0, 0, 3, 21.50
1747820260, 0, 30, 968, 966, 18, 7.04%, 0, 0, 3, 19.45
1747820265, 0, 30, 970, 968, 18, 7.04%, 0, 0, 3, 19.73
1747820275, 0, 30, 972, 970, 18, 7.06%, 0, 0, 3, 19.87
1747820280, 0, 30, 974, 972, 18, 7.06%, 0, 0, 3, 19.90
1747820285, 0, 30, 976, 974, 18, 7.06%, 0, 0, 3, 20.32
1747820296, 0, 30, 977, 975, 18, 7.06%, 0, 0, 3, 20.52
1747820316, 0, 30, 978, 976, 18, 7.06%, 0, 0, 3, 20.50
1747820321, 0, 30, 979, 977, 18, 7.06%, 0, 0, 3, 19.88
1747820337, 0, 30, 980, 978, 18, 7.06%, 0, 0, 3, 20.17
1747820352, 0, 30, 981, 979, 18, 7.06%, 0, 0, 3, 19.90
1747820357, 0, 30, 982, 980, 18, 7.06%, 0, 0, 3, 20.33
1747820362, 0, 30, 984, 982, 18, 7.06%, 0, 0, 3, 20.30
1747820367, 0, 30, 985, 983, 18, 7.06%, 0, 0, 3, 20.55
1747820377, 0, 30, 986, 984, 18, 7.06%, 0, 0, 3, 20.97
1747820444, 0, 30, 987, 985, 18, 7.07%, 0, 0, 3, 19.74
1747820470, 0, 31, 987, 985, 21, 7.07%, 0, 0, 3, 22.29
1747820475, 0, 32, 987, 985, 21, 7.07%, 0, 0, 3, 20.92
1747820480, 0, 34, 987, 985, 21, 7.07%, 0, 0, 3, 22.91
1747820485, 0, 35, 987, 985, 21, 7.07%, 0, 0, 3, 21.18
1747820490, 0, 35, 989, 987, 21, 7.07%, 0, 0, 3, 19.82
1747820495, 0, 35, 990, 988, 21, 7.07%, 0, 0, 3, 20.17
1747820516, 0, 35, 991, 989, 21, 7.07%, 0, 0, 3, 18.70
1747820541, 0, 35, 993, 991, 21, 7.07%, 0, 0, 3, 19.62
1747820552, 0, 35, 994, 992, 21, 7.07%, 0, 0, 3, 20.45
1747820593, 0, 35, 995, 993, 21, 7.07%, 0, 0, 3, 20.04
1747820649, 0, 35, 996, 994, 21, 7.07%, 0, 0, 3, 19.58
1747820690, 0, 35, 997, 995, 21, 7.07%, 0, 0, 3, 20.71
1747820695, 0, 36, 997, 995, 21, 7.07%, 0, 0, 3, 16.70
1747820701, 0, 37, 997, 995, 21, 7.07%, 0, 0, 3, 13.56
1747820711, 0, 38, 997, 995, 21, 7.07%, 0, 0, 3, 14.11
1747820838, 0, 40, 997, 994, 20, 7.07%, 0, 0, 3, 22.91
1747820848, 0, 42, 997, 994, 20, 7.07%, 0, 0, 3, 12.94
1747820858, 0, 43, 997, 994, 20, 7.07%, 0, 0, 3, 12.17
1747820868, 0, 45, 997, 994, 20, 7.07%, 0, 0, 3, 11.85
1747820879, 0, 46, 997, 994, 20, 7.07%, 0, 0, 3, 11.58
1747820889, 0, 47, 997, 994, 20, 7.07%, 0, 0, 3, 12.02
1747820899, 0, 48, 997, 994, 20, 7.07%, 0, 0, 3, 11.30
1747820904, 0, 48, 998, 995, 20, 7.07%, 0, 0, 3, 11.90
1747820925, 0, 49, 998, 995, 20, 7.07%, 0, 0, 3, 11.79
1747820935, 0, 50, 998, 995, 20, 7.07%, 0, 0, 3, 13.02
1747820946, 0, 51, 998, 995, 20, 7.07%, 0, 0, 3, 11.99
1747820956, 0, 52, 998, 995, 20, 7.07%, 0, 0, 3, 11.92
1747820966, 0, 53, 998, 995, 20, 7.07%, 0, 0, 3, 11.67
1747820976, 0, 54, 998, 995, 20, 7.07%, 0, 0, 3, 12.61
1747820987, 0, 55, 998, 995, 20, 7.07%, 0, 0, 3, 12.79
1747820997, 0, 56, 998, 995, 20, 7.07%, 0, 0, 3, 11.84
1747821007, 0, 57, 998, 995, 20, 7.07%, 0, 0, 3, 12.18
1747821018, 0, 58, 998, 995, 20, 7.07%, 0, 0, 3, 12.13
1747821028, 0, 59, 998, 995, 20, 7.07%, 0, 0, 3, 11.53
1747821038, 0, 60, 998, 995, 20, 7.07%, 0, 0, 3, 13.22
1747821048, 0, 62, 998, 995, 20, 7.07%, 0, 0, 3, 11.96
1747821058, 0, 63, 998, 995, 20, 7.07%, 0, 0, 3, 12.29
1747821074, 0, 64, 998, 995, 20, 7.07%, 0, 0, 3, 14.02
1747821079, 0, 66, 998, 995, 20, 7.07%, 0, 0, 3, 13.50
1747821089, 0, 67, 998, 995, 20, 7.07%, 0, 0, 3, 13.29
1747821099, 0, 68, 998, 995, 20, 7.07%, 0, 0, 3, 12.59
1747821110, 0, 68, 999, 996, 20, 7.07%, 0, 0, 3, 12.05
1747821120, 0, 69, 999, 996, 20, 7.07%, 0, 0, 3, 11.92
1747821135, 0, 70, 999, 996, 20, 7.07%, 0, 0, 3, 12.08
1747821146, 0, 70, 1000, 997, 20, 7.07%, 0, 0, 3, 11.32
1747821156, 0, 71, 1000, 997, 20, 7.07%, 0, 0, 3, 31.99
1747821309, 0, 72, 1001, 997, 19, 7.07%, 0, 0, 3, 20.61
1747821330, 0, 74, 1001, 997, 19, 7.07%, 0, 0, 3, 12.69
1747821340, 0, 75, 1001, 997, 19, 7.07%, 0, 0, 3, 12.31
1747821350, 0, 76, 1001, 997, 19, 7.07%, 0, 0, 3, 12.67
1747821360, 0, 77, 1001, 997, 19, 7.07%, 0, 0, 3, 12.58
1747821370, 0, 79, 1001, 997, 19, 7.07%, 0, 0, 3, 12.75
1747821381, 0, 80, 1001, 997, 19, 7.07%, 0, 0, 3, 11.73
1747821391, 0, 81, 1001, 997, 19, 7.07%, 0, 0, 3, 11.96
1747821401, 0, 82, 1001, 997, 19, 7.07%, 0, 0, 3, 12.10
1747821411, 0, 83, 1001, 997, 19, 7.07%, 0, 0, 3, 12.22
1747821417, 0, 83, 1002, 998, 19, 7.07%, 0, 0, 3, 12.56
1747821427, 0, 83, 1003, 999, 19, 7.07%, 0, 0, 3, 12.83
1747821437, 0, 83, 1004, 1000, 19, 7.07%, 0, 0, 3, 13.12
1747821468, 0, 83, 1005, 1001, 19, 7.07%, 0, 0, 3, 13.90
1747821571, 0, 85, 1005, 1001, 19, 7.07%, 0, 0, 3, 12.65
1747821581, 0, 86, 1005, 1001, 19, 7.07%, 0, 0, 3, 11.69
1747821591, 0, 87, 1005, 1001, 19, 7.07%, 0, 0, 3, 12.13
1747821602, 0, 89, 1005, 1001, 19, 7.07%, 0, 0, 3, 11.79
1747821612, 0, 91, 1005, 1001, 19, 7.07%, 0, 0, 3, 12.45
1747821622, 0, 92, 1005, 1001, 19, 7.07%, 0, 0, 3, 12.81
1747821632, 0, 94, 1005, 1001, 19, 7.07%, 0, 0, 3, 11.65
1747821643, 0, 94, 1006, 1002, 19, 7.07%, 0, 0, 3, 11.06
1747821658, 0, 95, 1006, 1002, 19, 7.07%, 0, 0, 3, 12.28
1747821668, 0, 97, 1006, 1002, 19, 7.07%, 0, 0, 3, 12.01
1747821678, 0, 98, 1006, 1002, 19, 7.07%, 0, 0, 3, 12.30
1747821688, 0, 99, 1006, 1002, 19, 7.07%, 0, 0, 3, 11.38
1747821699, 0, 101, 1006, 1002, 19, 7.07%, 0, 0, 3, 11.58
1747821709, 0, 103, 1006, 1002, 19, 7.07%, 0, 0, 3, 13.18
1747821719, 0, 104, 1006, 1002, 19, 7.07%, 0, 0, 3, 12.18
1747821729, 0, 105, 1006, 1002, 19, 7.07%, 0, 0, 3, 12.02
1747821739, 0, 106, 1006, 1002, 19, 7.07%, 0, 0, 3, 13.26
1747821755, 0, 107, 1006, 1002, 19, 7.07%, 0, 0, 3, 12.46
1747821765, 0, 108, 1006, 1002, 19, 7.07%, 0, 0, 3, 11.69
1747821775, 0, 109, 1006, 1002, 19, 7.07%, 0, 0, 3, 11.92
1747821785, 0, 110, 1006, 1002, 19, 7.07%, 0, 0, 3, 12.29
1747821796, 0, 111, 1006, 1002, 19, 7.07%, 0, 0, 3, 12.40
1747821806, 0, 112, 1006, 1002, 19, 7.07%, 0, 0, 3, 12.19
1747821816, 0, 113, 1006, 1002, 19, 7.07%, 0, 0, 3, 11.89
1747821827, 0, 115, 1006, 1002, 19, 7.07%, 0, 0, 3, 12.06
1747821837, 0, 116, 1006, 1002, 19, 7.07%, 0, 0, 3, 12.30
1747821847, 0, 117, 1006, 1002, 19, 7.07%, 0, 0, 3, 12.10
1747821857, 0, 118, 1006, 1002, 19, 7.07%, 0, 0, 3, 11.94
1747821862, 0, 118, 1007, 1003, 19, 7.07%, 0, 0, 3, 12.07
1747821878, 0, 119, 1007, 1003, 19, 7.07%, 0, 0, 3, 13.39
1747821888, 0, 120, 1007, 1003, 19, 7.07%, 0, 0, 3, 12.22
1747821904, 0, 122, 1007, 1003, 19, 7.07%, 0, 0, 3, 11.84
1747821914, 0, 123, 1007, 1003, 19, 7.07%, 0, 0, 3, 11.68
1747821924, 0, 124, 1007, 1003, 19, 7.07%, 0, 0, 3, 12.16
1747821934, 0, 125, 1007, 1003, 19, 7.07%, 0, 0, 3, 12.80
1747821939, 0, 125, 1008, 1004, 19, 7.07%, 0, 0, 3, 13.28
1747821950, 0, 126, 1008, 1004, 19, 7.07%, 0, 0, 3, 20.08
1747821955, 0, 128, 1008, 1004, 19, 7.07%, 0, 0, 3, 19.94
1747821965, 0, 129, 1008, 1004, 19, 7.07%, 0, 0, 3, 19.34
1747821970, 0, 130, 1008, 1004, 19, 7.07%, 0, 0, 3, 20.23
1747821975, 0, 131, 1008, 1004, 19, 7.07%, 0, 0, 3, 20.61
1747821980, 0, 132, 1008, 1004, 19, 7.07%, 0, 0, 3, 19.89
1747821990, 0, 133, 1008, 1004, 19, 7.07%, 0, 0, 3, 20.40
1747821996, 0, 134, 1008, 1004, 19, 7.07%, 0, 0, 3, 20.58
1747822001, 0, 135, 1008, 1004, 19, 7.07%, 0, 0, 3, 20.72
1747822006, 0, 136, 1008, 1004, 19, 7.07%, 0, 0, 3, 20.54
1747822016, 0, 137, 1008, 1004, 19, 7.07%, 0, 0, 3, 19.77
1747822021, 0, 139, 1009, 1005, 19, 7.07%, 0, 0, 3, 19.77
1747822031, 0, 139, 1010, 1006, 19, 7.07%, 0, 0, 3, 20.20
1747822047, 0, 140, 1010, 1006, 19, 7.07%, 0, 0, 3, 21.37
1747822052, 0, 141, 1010, 1006, 19, 7.07%, 0, 0, 3, 20.90
1747822057, 0, 142, 1010, 1006, 19, 7.07%, 0, 0, 3, 20.23
1747822062, 0, 143, 1010, 1006, 19, 7.07%, 0, 0, 3, 21.03
1747822073, 0, 144, 1011, 1007, 19, 7.07%, 0, 0, 3, 19.93
1747822083, 0, 147, 1011, 1007, 19, 7.07%, 0, 0, 3, 20.31
1747822088, 0, 148, 1011, 1007, 19, 7.07%, 0, 0, 3, 20.37
1747822099, 0, 150, 1012, 1008, 19, 7.08%, 0, 0, 3, 21.90
1747822109, 0, 151, 1012, 1008, 19, 7.08%, 0, 0, 3, 21.22
1747822114, 0, 152, 1012, 1008, 19, 7.08%, 0, 0, 3, 20.39
1747822119, 0, 154, 1012, 1008, 19, 7.08%, 0, 0, 3, 20.68
1747822129, 0, 155, 1012, 1008, 19, 7.08%, 0, 0, 3, 20.32
1747822134, 0, 160, 1012, 1008, 19, 7.08%, 0, 0, 3, 21.61
1747822139, 0, 161, 1012, 1008, 19, 7.08%, 0, 0, 3, 20.92
1747822145, 0, 162, 1012, 1008, 19, 7.08%, 0, 0, 3, 21.46
1747822150, 0, 163, 1012, 1008, 19, 7.08%, 0, 0, 3, 21.25
1747822160, 0, 164, 1012, 1008, 19, 7.08%, 0, 0, 3, 20.65
1747822165, 0, 165, 1012, 1008, 19, 7.08%, 0, 0, 3, 20.55
1747822170, 0, 166, 1012, 1008, 19, 7.08%, 0, 0, 3, 20.65
1747822175, 0, 169, 1012, 1008, 19, 7.08%, 0, 0, 3, 21.41
1747822180, 0, 170, 1012, 1008, 19, 7.08%, 0, 0, 3, 20.70
1747822186, 0, 170, 1013, 1009, 19, 7.08%, 0, 0, 3, 20.27
1747822196, 0, 172, 1013, 1009, 19, 7.08%, 0, 0, 3, 19.97
1747822201, 0, 173, 1013, 1009, 19, 7.08%, 0, 0, 3, 21.27
1747822206, 0, 174, 1013, 1009, 19, 7.08%, 0, 0, 3, 21.22
1747822216, 0, 175, 1014, 1010, 19, 7.08%, 0, 0, 3, 20.29
1747822232, 0, 176, 1014, 1010, 19, 7.08%, 0, 0, 3, 12.35
1747822242, 0, 177, 1014, 1010, 19, 7.08%, 0, 0, 3, 12.47
1747822252, 0, 178, 1014, 1010, 19, 7.08%, 0, 0, 3, 12.35
1747822262, 0, 179, 1014, 1010, 19, 7.08%, 0, 0, 3, 12.28
1747822273, 0, 180, 1014, 1010, 19, 7.08%, 0, 0, 3, 11.89
1747822288, 0, 182, 1014, 1010, 19, 7.08%, 0, 0, 3, 11.76
1747822298, 0, 183, 1014, 1010, 19, 7.08%, 0, 0, 3, 12.25
1747822309, 0, 184, 1014, 1010, 19, 7.08%, 0, 0, 3, 12.51
1747822319, 0, 186, 1014, 1010, 19, 7.08%, 0, 0, 3, 12.07
1747822329, 0, 187, 1014, 1010, 19, 7.08%, 0, 0, 3, 12.35
1747822339, 0, 188, 1014, 1010, 19, 7.08%, 0, 0, 3, 11.98
1747822350, 0, 189, 1014, 1010, 19, 7.08%, 0, 0, 3, 12.31
1747822360, 0, 190, 1014, 1010, 19, 7.08%, 0, 0, 3, 12.50
1747822370, 0, 191, 1014, 1010, 19, 7.08%, 0, 0, 3, 12.88
1747822380, 0, 192, 1014, 1010, 19, 7.08%, 0, 0, 3, 12.84
1747822390, 0, 193, 1014, 1010, 19, 7.08%, 0, 0, 3, 11.93
1747822401, 0, 194, 1014, 1010, 19, 7.08%, 0, 0, 3, 11.95
1747822411, 0, 195, 1014, 1010, 19, 7.08%, 0, 0, 3, 11.93
1747822421, 0, 196, 1014, 1010, 19, 7.08%, 0, 0, 3, 11.82
1747822432, 0, 197, 1014, 1010, 19, 7.08%, 0, 0, 3, 12.41
1747822442, 0, 198, 1014, 1010, 19, 7.08%, 0, 0, 3, 13.19
1747822452, 0, 200, 1014, 1010, 19, 7.08%, 0, 0, 3, 12.68
1747822462, 0, 202, 1014, 1010, 19, 7.08%, 0, 0, 3, 12.63
1747822472, 0, 203, 1014, 1010, 19, 7.08%, 0, 0, 3, 12.72
1747822483, 0, 204, 1014, 1010, 19, 7.08%, 0, 0, 3, 11.89
1747822493, 0, 205, 1014, 1010, 19, 7.08%, 0, 0, 3, 12.67
1747822503, 0, 206, 1014, 1010, 19, 7.08%, 0, 0, 3, 11.97
1747822513, 0, 206, 1015, 1011, 19, 7.08%, 0, 0, 3, 11.70
1747822518, 0, 206, 1016, 1012, 19, 7.08%, 0, 0, 3, 12.30
1747822524, 0, 206, 1017, 1013, 19, 7.08%, 0, 0, 3, 12.05
1747822534, 0, 206, 1018, 1014, 19, 7.11%, 0, 0, 3, 11.39
1747822611, 0, 206, 1019, 1015, 19, 7.11%, 0, 0, 3, 11.33
1747822636, 0, 206, 1020, 1016, 19, 7.12%, 0, 0, 3, 11.53
1747822641, 0, 206, 1021, 1017, 19, 7.12%, 0, 0, 3, 11.49
1747822647, 0, 206, 1022, 1018, 19, 7.12%, 0, 0, 3, 11.05
1747822677, 0, 206, 1023, 1019, 19, 7.12%, 0, 0, 3, 11.39
1747822785, 0, 206, 1024, 1020, 19, 7.12%, 0, 0, 3, 11.60
1747822790, 0, 206, 1025, 1021, 19, 7.12%, 0, 0, 3, 11.19
1747822867, 0, 207, 1025, 1021, 20, 7.12%, 0, 0, 3, 11.33
1747822877, 0, 208, 1025, 1021, 20, 7.12%, 0, 0, 3, 12.02
1747822887, 0, 209, 1025, 1021, 20, 7.12%, 0, 0, 3, 11.58
1747822898, 0, 210, 1025, 1021, 20, 7.12%, 0, 0, 3, 11.27
1747822913, 0, 211, 1025, 1021, 20, 7.12%, 0, 0, 3, 10.95
1747822918, 0, 211, 1026, 1022, 20, 7.12%, 0, 0, 3, 10.87
1747822934, 0, 213, 1026, 1022, 20, 7.12%, 0, 0, 3, 12.49
1747822944, 0, 215, 1026, 1022, 20, 7.12%, 0, 0, 3, 12.62
1747822954, 0, 216, 1027, 1023, 20, 7.12%, 0, 0, 3, 11.55
1747822959, 0, 216, 1028, 1024, 20, 7.12%, 0, 0, 3, 11.35
1747822975, 0, 216, 1029, 1025, 20, 7.12%, 0, 0, 3, 11.53
1747822980, 0, 216, 1030, 1026, 20, 7.12%, 0, 0, 3, 11.27
1747823000, 0, 216, 1031, 1027, 20, 7.12%, 0, 0, 3, 10.78
1747823011, 0, 216, 1032, 1028, 20, 7.12%, 0, 0, 3, 11.01
1747823026, 0, 216, 1033, 1029, 20, 7.12%, 0, 0, 3, 11.37
1747823067, 0, 216, 1034, 1030, 20, 7.12%, 0, 0, 3, 11.56
1747823077, 0, 216, 1035, 1031, 20, 7.12%, 0, 0, 3, 11.97
1747823103, 0, 216, 1036, 1032, 20, 7.13%, 0, 0, 3, 11.28
1747823129, 0, 216, 1037, 1033, 20, 7.13%, 0, 0, 3, 10.66
1747823144, 0, 216, 1038, 1034, 20, 7.13%, 0, 0, 3, 11.29
1747823170, 0, 216, 1039, 1035, 20, 7.13%, 0, 0, 3, 11.05
1747823190, 0, 216, 1040, 1036, 20, 7.13%, 0, 0, 3, 11.15
1747823211, 0, 216, 1041, 1037, 20, 7.13%, 0, 0, 3, 11.04
1747823231, 0, 216, 1042, 1038, 20, 7.13%, 0, 0, 3, 11.75
1747823246, 0, 216, 1043, 1039, 20, 7.13%, 0, 0, 3, 11.10
1747823323, 0, 217, 1043, 1039, 21, 7.13%, 0, 0, 3, 11.33
1747823334, 0, 218, 1043, 1039, 21, 7.13%, 0, 0, 3, 11.76
1747823344, 0, 219, 1043, 1039, 21, 7.13%, 0, 0, 3, 11.49
1747823354, 0, 220, 1043, 1039, 21, 7.13%, 0, 0, 3, 11.75
1747823359, 0, 220, 1044, 1040, 21, 7.13%, 0, 0, 3, 11.23
1747823364, 0, 220, 1045, 1041, 21, 7.13%, 0, 0, 3, 10.60
1747823380, 0, 220, 1046, 1042, 21, 7.13%, 0, 0, 3, 11.31
1747823395, 0, 220, 1047, 1043, 21, 7.13%, 0, 0, 3, 11.29
1747823415, 0, 220, 1048, 1044, 21, 7.13%, 0, 0, 3, 10.44
1747823441, 0, 220, 1049, 1045, 21, 7.13%, 0, 0, 3, 10.97
1747823477, 0, 220, 1050, 1046, 21, 7.13%, 0, 0, 3, 10.86
1747823533, 0, 220, 1051, 1047, 21, 7.13%, 0, 0, 3, 11.77
1747823559, 0, 220, 1052, 1048, 21, 7.13%, 0, 0, 3, 10.98
1747823574, 0, 220, 1053, 1049, 21, 7.13%, 0, 0, 3, 11.52
1747823590, 0, 220, 1054, 1050, 21, 7.13%, 0, 0, 3, 11.45
1747823610, 0, 220, 1055, 1051, 21, 7.13%, 0, 0, 3, 10.99
1747823707, 0, 220, 1056, 1052, 21, 7.13%, 0, 0, 3, 11.52
1747823723, 0, 221, 1056, 1052, 21, 7.13%, 0, 0, 3, 11.12
1747823733, 0, 222, 1056, 1052, 21, 7.13%, 0, 0, 3, 11.24
1747823743, 0, 225, 1056, 1052, 21, 7.13%, 0, 0, 3, 11.91
1747823748, 0, 225, 1057, 1053, 21, 7.13%, 0, 0, 3, 10.94
1747823769, 0, 226, 1057, 1053, 21, 7.13%, 0, 0, 3, 11.64
1747823774, 0, 226, 1058, 1054, 21, 7.13%, 0, 0, 3, 10.51
1747823795, 0, 227, 1059, 1055, 21, 7.13%, 0, 0, 3, 10.90
1747823800, 0, 227, 1060, 1056, 21, 7.13%, 0, 0, 3, 10.02
1747823805, 0, 227, 1061, 1057, 21, 7.14%, 0, 0, 3, 10.39
1747823815, 0, 227, 1062, 1058, 21, 7.14%, 0, 0, 3, 10.86
1747823835, 0, 227, 1063, 1059, 21, 7.14%, 0, 0, 3, 10.27
1747823851, 0, 227, 1064, 1060, 21, 7.14%, 0, 0, 3, 9.93
1747823866, 0, 227, 1065, 1061, 21, 7.17%, 0, 0, 3, 10.40
1747823876, 0, 227, 1066, 1062, 21, 7.17%, 0, 0, 3, 10.86
1747823907, 0, 227, 1067, 1063, 21, 7.17%, 0, 0, 3, 11.32
1747823989, 0, 227, 1068, 1064, 21, 7.17%, 0, 0, 3, 11.83
1747823999, 0, 227, 1069, 1065, 21, 7.17%, 0, 0, 3, 10.98
1747824019, 0, 227, 1070, 1066, 21, 7.17%, 0, 0, 3, 11.15
1747824117, 0, 227, 1072, 1068, 21, 7.17%, 0, 0, 3, 10.21
1747824122, 0, 227, 1073, 1069, 21, 7.19%, 0, 0, 3, 10.34
1747824142, 0, 227, 1075, 1071, 21, 7.19%, 0, 0, 3, 11.04
1747824168, 0, 228, 1075, 1071, 19, 7.19%, 0, 0, 3, 11.88
1747824183, 0, 229, 1075, 1071, 19, 7.19%, 0, 0, 3, 11.40
1747824193, 0, 230, 1075, 1071, 19, 7.19%, 0, 0, 3, 10.65
1747824203, 0, 231, 1075, 1071, 19, 7.19%, 0, 0, 3, 11.62
1747824214, 0, 231, 1076, 1072, 19, 7.22%, 0, 0, 3, 11.29
1747824229, 0, 232, 1076, 1072, 20, 7.22%, 0, 0, 3, 10.97
1747824239, 0, 233, 1077, 1073, 20, 7.22%, 0, 0, 3, 10.33
1747824245, 0, 233, 1078, 1074, 20, 7.22%, 0, 0, 3, 10.62
1747824260, 0, 233, 1080, 1076, 20, 7.22%, 0, 0, 3, 10.57
1747824270, 0, 233, 1081, 1077, 20, 7.22%, 0, 0, 3, 11.07
1747824286, 0, 233, 1082, 1078, 20, 7.22%, 0, 0, 3, 10.79
1747824301, 0, 233, 1083, 1079, 20, 7.22%, 0, 0, 3, 10.33
1747824322, 0, 233, 1084, 1080, 20, 7.22%, 0, 0, 3, 10.15
1747824347, 0, 233, 1085, 1081, 20, 7.22%, 0, 0, 3, 10.71
1747824373, 0, 233, 1086, 1082, 20, 7.22%, 0, 0, 3, 10.66
1747824379, 0, 233, 1088, 1084, 20, 7.22%, 0, 0, 3, 10.82
1747824420, 0, 233, 1089, 1085, 20, 7.22%, 0, 0, 3, 10.54
1747824425, 0, 233, 1090, 1086, 20, 7.22%, 0, 0, 3, 11.03
1747824461, 0, 233, 1091, 1087, 20, 7.25%, 0, 0, 3, 10.95
1747824553, 0, 233, 1092, 1088, 20, 7.25%, 0, 0, 3, 10.79
1747824604, 0, 233, 1093, 1089, 20, 7.25%, 0, 0, 3, 10.72
1747824609, 0, 233, 1094, 1090, 20, 7.25%, 0, 0, 3, 10.59
1747824624, 0, 234, 1094, 1090, 20, 7.25%, 0, 0, 3, 11.26
1747824634, 0, 235, 1095, 1091, 20, 7.25%, 0, 0, 3, 11.24
1747824650, 0, 235, 1096, 1092, 20, 7.25%, 0, 0, 3, 11.06
1747824671, 0, 235, 1097, 1093, 20, 7.25%, 0, 0, 3, 11.88
1747824691, 0, 235, 1099, 1095, 20, 7.25%, 0, 0, 3, 9.93
1747824702, 0, 235, 1100, 1096, 20, 7.26%, 0, 0, 3, 11.17
1747824712, 0, 235, 1101, 1097, 20, 7.26%, 0, 0, 3, 11.04
1747824732, 0, 235, 1102, 1098, 20, 7.26%, 0, 0, 3, 11.36
1747824789, 0, 235, 1103, 1099, 20, 7.26%, 0, 0, 3, 11.00
1747824881, 0, 235, 1104, 1100, 20, 7.26%, 0, 0, 3, 10.11
1747824932, 0, 235, 1105, 1101, 20, 7.26%, 0, 0, 3, 10.54
1747824937, 0, 235, 1106, 1102, 20, 7.26%, 0, 0, 3, 10.45
1747824947, 0, 235, 1107, 1103, 20, 7.26%, 0, 0, 3, 10.73
1747824953, 0, 235, 1108, 1104, 20, 7.26%, 0, 0, 3, 10.51
1747825014, 0, 236, 1108, 1104, 21, 7.26%, 0, 0, 3, 11.20
1747825024, 0, 237, 1108, 1104, 21, 7.26%, 0, 0, 3, 11.57
1747825040, 0, 239, 1108, 1104, 21, 7.26%, 0, 0, 3, 12.20
1747825050, 0, 240, 1108, 1104, 21, 7.26%, 0, 0, 3, 11.41
1747825055, 0, 240, 1109, 1105, 21, 7.26%, 0, 0, 3, 10.78
1747825071, 0, 241, 1109, 1105, 21, 7.26%, 0, 0, 3, 11.03
1747825081, 0, 241, 1110, 1106, 21, 7.26%, 0, 0, 3, 11.40
1747825091, 0, 241, 1111, 1107, 21, 7.26%, 0, 0, 3, 11.06
1747825102, 0, 241, 1112, 1108, 21, 7.26%, 0, 0, 3, 10.45
1747825117, 0, 241, 1113, 1109, 21, 7.27%, 0, 0, 3, 12.25
1747825143, 0, 241, 1114, 1110, 21, 7.27%, 0, 0, 3, 10.47
1747825312, 0, 241, 1115, 1111, 21, 7.27%, 0, 0, 3, 10.43
1747825332, 0, 241, 1116, 1112, 21, 7.27%, 0, 0, 3, 11.05
1747825425, 0, 241, 1117, 1113, 21, 7.27%, 0, 0, 3, 10.61
1747825440, 0, 242, 1117, 1113, 21, 7.27%, 0, 0, 3, 10.78
1747825445, 0, 242, 1118, 1114, 21, 7.27%, 0, 0, 3, 10.98
1747825466, 0, 244, 1118, 1114, 22, 7.27%, 0, 0, 3, 11.16
1747825481, 0, 245, 1118, 1114, 22, 7.27%, 0, 0, 3, 10.69
1747825491, 0, 246, 1118, 1114, 22, 7.27%, 0, 0, 3, 11.07
1747825496, 0, 246, 1119, 1115, 22, 7.27%, 0, 0, 3, 10.43
1747825502, 0, 246, 1120, 1116, 22, 7.27%, 0, 0, 3, 14.47
1747825522, 0, 246, 1121, 1117, 22, 7.28%, 0, 0, 3, 17.66
1747825532, 0, 246, 1122, 1118, 22, 7.28%, 0, 0, 3, 18.01
1747825588, 0, 246, 1125, 1121, 22, 7.28%, 0, 0, 3, 17.49
1747825594, 0, 246, 1126, 1122, 22, 7.28%, 0, 0, 3, 17.55
1747825609, 0, 246, 1127, 1123, 22, 7.28%, 0, 0, 3, 18.74
1747825676, 0, 246, 1128, 1124, 22, 7.28%, 0, 0, 3, 18.79
1747825722, 0, 247, 1129, 1125, 22, 7.28%, 0, 0, 3, 18.48
1747825732, 0, 248, 1129, 1125, 22, 7.28%, 0, 0, 3, 19.16
1747825737, 0, 248, 1131, 1127, 22, 7.30%, 0, 0, 3, 18.78
1747825753, 0, 248, 1132, 1128, 22, 7.30%, 0, 0, 3, 18.01
1747825758, 0, 248, 1133, 1129, 22, 7.30%, 0, 0, 3, 18.81
1747825763, 0, 248, 1134, 1130, 22, 7.30%, 0, 0, 3, 17.97
1747825768, 0, 248, 1136, 1132, 22, 7.30%, 0, 0, 3, 18.35
1747825798, 0, 248, 1137, 1133, 22, 7.30%, 0, 0, 3, 17.43
1747825885, 0, 248, 1138, 1134, 22, 7.30%, 0, 0, 3, 18.85
1747825921, 0, 248, 1140, 1136, 22, 7.30%, 0, 0, 3, 18.45
1747825942, 0, 248, 1141, 1137, 22, 7.30%, 0, 0, 3, 18.07
1747825957, 0, 248, 1142, 1138, 22, 7.30%, 0, 0, 3, 17.23
1747825962, 0, 249, 1142, 1138, 23, 7.30%, 0, 0, 3, 19.47
1747825973, 0, 250, 1142, 1138, 23, 7.30%, 0, 0, 3, 19.34
1747825978, 0, 251, 1142, 1138, 23, 7.30%, 0, 0, 3, 18.29
1747825983, 0, 254, 1142, 1138, 23, 7.30%, 0, 0, 3, 17.27
1747825988, 0, 254, 1143, 1139, 23, 7.30%, 0, 0, 3, 17.50
1747825998, 0, 255, 1143, 1139, 23, 7.30%, 0, 0, 3, 18.19
1747826009, 0, 256, 1144, 1140, 23, 7.35%, 0, 0, 3, 18.11
1747826024, 0, 257, 1145, 1141, 21, 7.35%, 0, 0, 3, 17.73
1747826029, 0, 257, 1146, 1142, 21, 7.35%, 0, 0, 3, 17.87
1747826050, 0, 258, 1146, 1142, 22, 7.35%, 0, 0, 3, 18.96
1747826055, 0, 259, 1146, 1142, 22, 7.35%, 0, 0, 3, 18.52
1747826065, 0, 261, 1146, 1142, 22, 7.35%, 0, 0, 3, 18.39
1747826070, 0, 262, 1146, 1142, 22, 7.35%, 0, 0, 3, 18.24
1747826075, 0, 262, 1147, 1143, 22, 7.35%, 0, 0, 3, 18.72
1747826086, 0, 263, 1147, 1143, 22, 7.35%, 0, 0, 3, 18.65
1747826091, 0, 263, 1148, 1144, 22, 7.35%, 0, 0, 3, 18.17
1747826096, 0, 263, 1149, 1145, 22, 7.35%, 0, 0, 3, 18.87
1747826111, 0, 263, 1150, 1146, 22, 7.35%, 0, 0, 3, 18.23
1747826136, 0, 263, 1151, 1147, 22, 7.35%, 0, 0, 3, 18.05
1747826182, 0, 263, 1152, 1148, 22, 7.35%, 0, 0, 3, 18.35
1747826193, 0, 263, 1153, 1149, 22, 7.35%, 0, 0, 3, 18.05
1747826228, 0, 263, 1154, 1150, 22, 7.35%, 0, 0, 3, 17.62
1747826234, 0, 263, 1155, 1151, 22, 7.35%, 0, 0, 3, 18.55
1747826311, 0, 264, 1155, 1151, 22, 7.35%, 0, 0, 3, 19.02
1747826316, 0, 266, 1155, 1151, 22, 7.35%, 0, 0, 3, 18.27
1747826321, 0, 266, 1156, 1152, 22, 7.35%, 0, 0, 3, 17.27
1747826326, 0, 266, 1158, 1154, 22, 7.35%, 0, 0, 3, 16.82
1747826347, 0, 266, 1161, 1157, 22, 7.35%, 0, 0, 3, 17.86
1747826367, 0, 266, 1162, 1158, 22, 7.35%, 0, 0, 3, 18.14
1747826372, 0, 266, 1163, 1159, 22, 7.35%, 0, 0, 3, 17.59
1747826428, 0, 266, 1165, 1161, 22, 7.35%, 0, 0, 3, 18.11
1747826449, 0, 266, 1166, 1162, 22, 7.35%, 0, 0, 3, 18.30
1747826469, 0, 266, 1167, 1163, 22, 7.35%, 0, 0, 3, 17.52
1747826547, 0, 267, 1167, 1163, 22, 7.35%, 0, 0, 3, 18.39
1747826552, 0, 268, 1167, 1163, 22, 7.35%, 0, 0, 3, 19.16
1747826557, 0, 270, 1167, 1163, 22, 7.35%, 0, 0, 3, 18.51
1747826562, 0, 270, 1169, 1165, 22, 7.35%, 0, 0, 3, 16.95
1747826567, 0, 270, 1170, 1166, 22, 7.35%, 0, 0, 3, 17.85
1747826573, 0, 270, 1171, 1167, 22, 7.35%, 0, 0, 3, 16.92
1747826583, 0, 270, 1172, 1168, 22, 7.35%, 0, 0, 3, 17.23
1747826593, 0, 270, 1173, 1169, 22, 7.35%, 0, 0, 3, 18.19
1747826618, 0, 270, 1174, 1170, 22, 7.35%, 0, 0, 3, 17.13
1747826623, 0, 270, 1175, 1171, 22, 7.35%, 0, 0, 3, 17.70
1747826639, 0, 270, 1176, 1172, 22, 7.35%, 0, 0, 3, 17.68
1747826695, 0, 270, 1177, 1173, 22, 7.35%, 0, 0, 3, 17.74
1747826710, 0, 270, 1178, 1174, 22, 7.35%, 0, 0, 3, 18.85
1747826721, 0, 270, 1179, 1175, 22, 7.35%, 0, 0, 3, 17.44
1747826756, 0, 270, 1180, 1176, 22, 7.35%, 0, 0, 3, 18.57
1747826761, 0, 270, 1181, 1177, 22, 7.35%, 0, 0, 3, 17.43
1747826792, 0, 271, 1181, 1177, 22, 7.35%, 0, 0, 3, 18.68
1747826797, 0, 272, 1181, 1177, 22, 7.35%, 0, 0, 3, 18.45
1747826802, 0, 272, 1182, 1178, 22, 7.35%, 0, 0, 3, 17.48
1747826812, 0, 273, 1183, 1179, 22, 7.35%, 0, 0, 3, 16.67
1747826828, 0, 275, 1183, 1179, 22, 7.35%, 0, 0, 3, 18.31
1747826833, 0, 276, 1184, 1180, 22, 7.36%, 0, 0, 3, 18.42
1747826843, 0, 276, 1186, 1182, 22, 7.39%, 0, 0, 3, 17.18
1747826853, 0, 276, 1187, 1183, 22, 7.39%, 0, 0, 3, 16.85
1747826883, 0, 276, 1188, 1184, 22, 7.39%, 0, 0, 3, 18.05
1747826888, 0, 276, 1189, 1185, 22, 7.39%, 0, 0, 3, 16.81
1747826929, 0, 276, 1190, 1186, 22, 7.39%, 0, 0, 3, 17.08
1747826945, 0, 276, 1191, 1187, 22, 7.40%, 0, 0, 3, 16.72
1747826960, 0, 276, 1192, 1188, 22, 7.40%, 0, 0, 3, 17.67
1747826986, 0, 276, 1193, 1189, 22, 7.40%, 0, 0, 3, 16.87
1747827001, 0, 276, 1194, 1190, 22, 7.40%, 0, 0, 3, 11.65
1747827032, 0, 276, 1195, 1191, 22, 7.40%, 0, 0, 3, 9.71
1747827063, 0, 276, 1196, 1192, 22, 7.40%, 0, 0, 3, 10.46
1747827089, 0, 276, 1197, 1193, 22, 7.40%, 0, 0, 3, 10.08
1747827099, 0, 276, 1198, 1194, 22, 7.41%, 0, 0, 3, 10.41
1747827130, 0, 277, 1198, 1194, 26, 7.41%, 0, 0, 3, 10.48
1747827145, 0, 278, 1198, 1194, 26, 7.41%, 0, 0, 3, 9.57
1747827150, 0, 278, 1199, 1195, 26, 7.41%, 0, 0, 3, 9.10
1747827161, 0, 278, 1200, 1196, 26, 7.41%, 0, 0, 3, 9.44
1747827176, 0, 278, 1201, 1197, 26, 7.41%, 0, 0, 3, 10.59
1747827181, 0, 278, 1202, 1198, 26, 7.44%, 0, 0, 3, 9.71
1747827186, 0, 278, 1203, 1199, 26, 7.44%, 0, 0, 3, 10.43
1747827202, 0, 278, 1204, 1200, 26, 7.45%, 0, 0, 3, 9.82
1747827263, 0, 278, 1205, 1201, 26, 7.45%, 0, 0, 3, 9.58
1747827284, 0, 278, 1206, 1202, 26, 7.45%, 0, 0, 3, 9.50
1747827325, 0, 278, 1207, 1203, 26, 7.45%, 0, 0, 3, 9.99
1747827381, 0, 278, 1208, 1204, 26, 7.45%, 0, 0, 3, 10.41
1747827392, 0, 278, 1209, 1205, 26, 7.45%, 0, 0, 3, 9.65
1747827422, 0, 278, 1210, 1206, 26, 7.45%, 0, 0, 3, 9.96
1747827433, 0, 278, 1211, 1207, 26, 7.45%, 0, 0, 3, 9.55
1747827438, 0, 278, 1212, 1208, 26, 7.45%, 0, 0, 3, 9.39
1747827484, 0, 278, 1213, 1209, 26, 7.45%, 0, 0, 3, 9.24
1747827541, 0, 278, 1214, 1210, 26, 7.45%, 0, 0, 3, 9.95
1747827562, 0, 278, 1215, 1211, 26, 7.45%, 0, 0, 3, 9.45
1747827567, 0, 279, 1215, 1211, 25, 7.45%, 0, 0, 3, 9.98
1747827582, 0, 280, 1215, 1211, 25, 7.45%, 0, 0, 3, 10.96
1747827592, 0, 281, 1215, 1211, 25, 7.45%, 0, 0, 3, 10.95
1747827602, 0, 281, 1216, 1212, 25, 7.45%, 0, 0, 3, 9.91
1747827623, 0, 282, 1216, 1212, 25, 7.45%, 0, 0, 3, 9.09
1747827628, 0, 282, 1217, 1213, 25, 7.45%, 0, 0, 3, 9.76
1747827638, 0, 282, 1218, 1214, 25, 7.45%, 0, 0, 3, 10.38
1747827674, 0, 283, 1218, 1214, 25, 7.45%, 0, 0, 3, 10.48
1747827684, 0, 284, 1218, 1214, 25, 7.45%, 0, 0, 3, 10.29
1747827700, 0, 285, 1218, 1214, 25, 7.45%, 0, 0, 3, 9.70
1747827710, 0, 286, 1218, 1214, 25, 7.45%, 0, 0, 3, 10.53
1747827725, 0, 287, 1218, 1214, 25, 7.45%, 0, 0, 3, 10.27
1747827736, 0, 289, 1218, 1214, 25, 7.45%, 0, 0, 3, 9.64
1747827751, 0, 290, 1219, 1215, 25, 7.45%, 0, 0, 3, 10.16
1747827756, 0, 290, 1220, 1216, 25, 7.45%, 0, 0, 3, 9.59
1747827772, 0, 290, 1221, 1217, 25, 7.45%, 0, 0, 3, 9.66
1747827854, 0, 291, 1221, 1217, 25, 7.45%, 0, 0, 3, 9.88
1747827869, 0, 292, 1221, 1217, 25, 7.45%, 0, 0, 3, 10.68
1747827880, 0, 293, 1221, 1217, 25, 7.45%, 0, 0, 3, 10.74
1747827890, 0, 293, 1222, 1218, 25, 7.45%, 0, 0, 3, 9.81
1747827911, 0, 295, 1223, 1219, 25, 7.45%, 0, 0, 3, 9.91
1747827916, 0, 295, 1224, 1220, 25, 7.45%, 0, 0, 3, 9.13
1747827931, 0, 295, 1225, 1221, 25, 7.45%, 0, 0, 3, 9.02
1747827947, 0, 295, 1226, 1222, 25, 7.45%, 0, 0, 3, 9.16
1747827993, 0, 295, 1227, 1223, 25, 7.45%, 0, 0, 3, 8.97
1747828024, 0, 295, 1228, 1224, 25, 7.45%, 0, 0, 3, 9.16
1747828049, 0, 295, 1229, 1225, 25, 7.45%, 0, 0, 3, 9.42
1747828111, 0, 295, 1230, 1226, 25, 7.45%, 0, 0, 3, 9.57
1747828141, 0, 295, 1231, 1227, 25, 7.45%, 0, 0, 3, 9.32
1747828162, 0, 295, 1232, 1228, 25, 7.45%, 0, 0, 3, 10.38
1747828213, 0, 295, 1233, 1229, 25, 7.45%, 0, 0, 3, 10.46
1747828331, 0, 299, 1233, 1229, 25, 7.45%, 0, 0, 3, 11.24
1747828341, 0, 300, 1233, 1229, 25, 7.45%, 0, 0, 3, 10.76
1747828352, 0, 301, 1233, 1229, 25, 7.45%, 0, 0, 3, 10.98
1747828367, 0, 302, 1233, 1229, 25, 7.45%, 0, 0, 3, 10.49
1747828378, 0, 303, 1234, 1230, 25, 7.46%, 0, 0, 3, 11.69
1747828403, 0, 304, 1234, 1230, 25, 7.46%, 0, 0, 3, 10.10
1747828413, 0, 305, 1234, 1230, 25, 7.46%, 0, 0, 3, 10.51
1747828429, 0, 308, 1234, 1230, 25, 7.46%, 0, 0, 3, 10.88
1747828439, 0, 308, 1235, 1231, 25, 7.46%, 0, 0, 3, 8.84
1747828444, 0, 308, 1237, 1233, 25, 7.46%, 0, 0, 3, 8.48
1747828491, 0, 308, 1238, 1234, 25, 7.46%, 0, 0, 3, 10.03
1747828501, 0, 308, 1239, 1235, 25, 7.46%, 0, 0, 3, 9.52
1747828573, 0, 308, 1240, 1236, 25, 7.46%, 0, 0, 3, 10.12
1747828594, 0, 308, 1241, 1237, 25, 7.46%, 0, 0, 3, 9.03
1747828660, 0, 308, 1242, 1238, 25, 7.46%, 0, 0, 3, 9.64
1747828809, 0, 308, 1243, 1239, 25, 7.46%, 0, 0, 3, 8.94
1747828814, 0, 308, 1244, 1240, 25, 7.46%, 0, 0, 3, 9.72
1747828850, 0, 309, 1244, 1240, 25, 7.46%, 0, 0, 3, 9.68
1747828866, 0, 310, 1244, 1240, 25, 7.46%, 0, 0, 3, 9.63
1747828876, 0, 311, 1244, 1240, 25, 7.46%, 0, 0, 3, 9.29
1747828892, 0, 312, 1244, 1240, 25, 7.46%, 0, 0, 3, 10.78
1747828902, 0, 313, 1244, 1240, 25, 7.46%, 0, 0, 3, 9.79
1747828917, 0, 314, 1244, 1240, 25, 7.46%, 0, 0, 3, 9.43
1747828923, 0, 314, 1245, 1241, 25, 7.46%, 0, 0, 3, 9.78
1747828933, 0, 314, 1246, 1242, 25, 7.46%, 0, 0, 3, 9.41
1747828938, 0, 314, 1247, 1243, 25, 7.46%, 0, 0, 3, 9.25
1747828953, 0, 314, 1248, 1244, 25, 7.46%, 0, 0, 3, 8.70
1747828958, 0, 314, 1249, 1245, 25, 7.46%, 0, 0, 3, 7.92
1747829117, 0, 314, 1250, 1246, 25, 7.46%, 0, 0, 3, 10.72
1747829204, 0, 314, 1251, 1247, 25, 7.46%, 0, 0, 3, 9.61
1747829246, 0, 314, 1252, 1248, 25, 7.46%, 0, 0, 3, 9.98
1747829308, 0, 314, 1253, 1249, 25, 7.46%, 0, 0, 3, 8.60
1747829349, 0, 316, 1253, 1249, 25, 7.46%, 0, 0, 3, 10.05
1747829359, 0, 317, 1254, 1250, 25, 7.46%, 0, 0, 3, 9.40
1747829385, 0, 318, 1254, 1250, 25, 7.46%, 0, 0, 3, 10.56
1747829401, 0, 319, 1254, 1250, 25, 7.46%, 0, 0, 3, 10.67
1747829411, 0, 320, 1254, 1250, 25, 7.46%, 0, 0, 3, 10.12
1747829426, 0, 321, 1254, 1250, 25, 7.46%, 0, 0, 3, 10.71
1747829436, 0, 323, 1254, 1250, 25, 7.46%, 0, 0, 3, 11.04
1747829446, 0, 324, 1254, 1250, 25, 7.46%, 0, 0, 3, 10.05
1747829462, 0, 325, 1254, 1250, 25, 7.46%, 0, 0, 3, 10.07
1747829472, 0, 326, 1254, 1250, 25, 7.46%, 0, 0, 3, 9.61
1747829488, 0, 327, 1254, 1250, 25, 7.46%, 0, 0, 3, 9.47
1747829493, 0, 327, 1256, 1252, 25, 7.46%, 0, 0, 3, 9.01
1747829509, 0, 327, 1257, 1253, 25, 7.46%, 0, 0, 3, 9.14
1747829524, 0, 327, 1258, 1254, 25, 7.46%, 0, 0, 3, 8.95
1747829529, 0, 327, 1259, 1255, 25, 7.46%, 0, 0, 3, 9.35
1747829555, 0, 327, 1260, 1256, 25, 7.46%, 0, 0, 3, 9.39
1747829601, 0, 327, 1261, 1257, 25, 7.46%, 0, 0, 3, 8.76
1747829698, 0, 327, 1262, 1258, 25, 7.46%, 0, 0, 3, 9.26
1747829811, 0, 327, 1263, 1259, 25, 7.46%, 0, 0, 3, 9.29
1747829826, 0, 327, 1264, 1260, 25, 7.46%, 0, 0, 3, 8.78
1747829934, 0, 328, 1264, 1260, 25, 7.46%, 0, 0, 3, 10.08
1747829949, 0, 329, 1264, 1260, 25, 7.46%, 0, 0, 3, 10.82
1747829959, 0, 330, 1264, 1260, 25, 7.46%, 0, 0, 3, 10.69
1747829969, 0, 331, 1264, 1260, 25, 7.46%, 0, 0, 3, 10.38
1747829985, 0, 332, 1264, 1260, 25, 7.46%, 0, 0, 3, 10.58
1747829995, 0, 333, 1264, 1260, 25, 7.46%, 0, 0, 3, 9.92
1747830010, 0, 334, 1264, 1260, 25, 7.46%, 0, 0, 3, 10.27
1747830020, 0, 335, 1264, 1260, 25, 7.46%, 0, 0, 3, 11.20
1747830031, 0, 336, 1264, 1260, 25, 7.46%, 0, 0, 3, 10.26
1747830036, 0, 336, 1265, 1261, 25, 7.46%, 0, 0, 3, 9.38
1747830062, 0, 338, 1265, 1261, 25, 7.46%, 0, 0, 3, 10.39
1747830067, 0, 338, 1267, 1263, 25, 7.46%, 0, 0, 3, 9.85
1747830108, 0, 338, 1268, 1264, 25, 7.46%, 0, 0, 3, 9.66
1747830159, 0, 338, 1269, 1265, 25, 7.46%, 0, 0, 3, 8.99
1747830278, 0, 339, 1269, 1265, 25, 7.46%, 0, 0, 3, 9.14
1747830293, 0, 340, 1269, 1265, 25, 7.46%, 0, 0, 3, 10.52
1747830303, 0, 341, 1269, 1265, 25, 7.46%, 0, 0, 3, 9.46
1747830319, 0, 342, 1269, 1265, 25, 7.46%, 0, 0, 3, 10.61
1747830329, 0, 343, 1269, 1265, 25, 7.46%, 0, 0, 3, 10.75
1747830344, 0, 344, 1269, 1265, 25, 7.46%, 0, 0, 3, 9.79
1747830354, 0, 345, 1269, 1265, 25, 7.46%, 0, 0, 3, 10.85
1747830370, 0, 346, 1269, 1265, 25, 7.46%, 0, 0, 3, 10.37
1747830380, 0, 348, 1269, 1265, 25, 7.46%, 0, 0, 3, 10.91
1747830390, 0, 349, 1269, 1265, 25, 7.46%, 0, 0, 3, 10.10
1747830406, 0, 349, 1270, 1266, 25, 7.46%, 0, 0, 3, 8.96
1747830416, 0, 349, 1271, 1267, 25, 7.46%, 0, 0, 3, 9.06
1747830452, 0, 350, 1271, 1267, 25, 7.46%, 0, 0, 3, 9.56
1747830462, 0, 351, 1271, 1267, 25, 7.46%, 0, 0, 3, 9.07
1747830478, 0, 352, 1271, 1267, 25, 7.46%, 0, 0, 3, 10.71
1747830488, 0, 354, 1271, 1267, 25, 7.46%, 0, 0, 3, 10.60
1747830498, 0, 355, 1271, 1267, 25, 7.46%, 0, 0, 3, 10.35
1747830513, 0, 356, 1271, 1267, 25, 7.46%, 0, 0, 3, 10.52
1747830529, 0, 357, 1271, 1267, 25, 7.46%, 0, 0, 3, 10.15
1747830539, 0, 358, 1271, 1267, 25, 7.46%, 0, 0, 3, 10.90
1747830549, 0, 359, 1271, 1267, 25, 7.46%, 0, 0, 3, 10.63
1747830560, 0, 359, 1272, 1268, 25, 7.46%, 0, 0, 3, 9.97
1747830575, 0, 362, 1272, 1268, 25, 7.46%, 0, 0, 3, 9.78
1747830590, 0, 363, 1272, 1268, 25, 7.46%, 0, 0, 3, 9.87
1747830600, 0, 364, 1272, 1268, 25, 7.46%, 0, 0, 3, 10.58
1747830616, 0, 365, 1272, 1268, 25, 7.46%, 0, 0, 3, 11.26
1747830626, 0, 366, 1272, 1268, 25, 7.46%, 0, 0, 3, 10.75
1747830636, 0, 368, 1272, 1268, 25, 7.46%, 0, 0, 3, 11.14
1747830646, 0, 369, 1272, 1268, 25, 7.46%, 0, 0, 3, 10.46
1747830662, 0, 369, 1273, 1269, 25, 7.46%, 0, 0, 3, 8.65
1747830667, 0, 369, 1274, 1270, 25, 7.46%, 0, 0, 3, 8.02
1747830682, 0, 369, 1275, 1271, 25, 7.47%, 0, 0, 3, 8.92
1747830687, 0, 369, 1276, 1272, 25, 7.47%, 0, 0, 3, 9.46
1747830693, 0, 369, 1277, 1273, 25, 7.47%, 0, 0, 3, 8.33
1747830728, 0, 369, 1278, 1274, 25, 7.47%, 0, 0, 3, 8.36
1747830785, 0, 369, 1279, 1275, 25, 7.47%, 0, 0, 3, 8.72
1747830852, 0, 369, 1280, 1276, 25, 7.47%, 0, 0, 3, 9.29
1747830862, 0, 369, 1281, 1277, 25, 7.47%, 0, 0, 3, 8.36
1747830939, 0, 369, 1282, 1278, 25, 7.47%, 0, 0, 3, 8.94
1747830975, 0, 369, 1283, 1279, 25, 7.47%, 0, 0, 3, 8.34
1747831022, 0, 369, 1284, 1280, 25, 7.47%, 0, 0, 3, 8.34
1747831120, 0, 372, 1284, 1280, 26, 7.47%, 0, 0, 3, 9.32
1747831135, 0, 373, 1284, 1280, 26, 7.47%, 0, 0, 3, 10.18
1747831150, 0, 374, 1284, 1280, 26, 7.47%, 0, 0, 3, 10.31
1747831161, 0, 376, 1284, 1280, 26, 7.47%, 0, 0, 3, 11.27
1747831171, 0, 377, 1284, 1280, 26, 7.47%, 0, 0, 3, 10.96
1747831186, 0, 378, 1284, 1280, 26, 7.47%, 0, 0, 3, 9.41
1747831202, 0, 379, 1284, 1280, 26, 7.47%, 0, 0, 3, 9.39
1747831212, 0, 380, 1284, 1280, 26, 7.47%, 0, 0, 3, 9.65
1747831227, 0, 382, 1284, 1280, 26, 7.47%, 0, 0, 3, 9.39
1747831242, 0, 383, 1284, 1280, 26, 7.47%, 0, 0, 3, 9.39
1747831253, 0, 384, 1284, 1280, 26, 7.47%, 0, 0, 3, 8.75
1747831263, 0, 385, 1284, 1280, 26, 7.47%, 0, 0, 3, 12.37
1747831278, 0, 386, 1284, 1280, 26, 7.47%, 0, 0, 3, 10.05
1747831289, 0, 387, 1285, 1281, 26, 7.47%, 0, 0, 3, 9.85
1747831319, 0, 387, 1286, 1282, 26, 7.47%, 0, 0, 3, 8.51
1747831345, 0, 387, 1287, 1283, 26, 7.47%, 0, 0, 3, 8.61
1747831412, 0, 388, 1287, 1283, 26, 7.47%, 0, 0, 3, 9.39
1747831427, 0, 389, 1287, 1283, 26, 7.47%, 0, 0, 3, 9.22
1747831437, 0, 389, 1288, 1284, 26, 7.47%, 0, 0, 3, 8.09
1747831458, 0, 390, 1289, 1285, 26, 7.47%, 0, 0, 3, 8.36
1747831489, 0, 391, 1289, 1285, 26, 7.47%, 0, 0, 3, 8.62
1747831499, 0, 393, 1289, 1285, 26, 7.47%, 0, 0, 3, 8.41
1747831515, 0, 394, 1289, 1285, 26, 7.47%, 0, 0, 3, 10.50
1747831525, 0, 396, 1289, 1285, 26, 7.47%, 0, 0, 3, 10.14
1747831540, 0, 397, 1289, 1285, 26, 7.47%, 0, 0, 3, 11.52
1747831551, 0, 398, 1289, 1285, 26, 7.47%, 0, 0, 3, 10.69
1747831561, 0, 399, 1289, 1285, 26, 7.47%, 0, 0, 3, 10.59
1747831576, 0, 400, 1289, 1285, 26, 7.47%, 0, 0, 3, 11.01
1747831586, 0, 401, 1289, 1285, 26, 7.47%, 0, 0, 3, 11.37
1747831597, 0, 402, 1289, 1285, 26, 7.47%, 0, 0, 3, 10.69
1747831607, 0, 402, 1290, 1286, 26, 7.48%, 0, 0, 3, 8.42
1747831622, 0, 402, 1291, 1287, 26, 7.48%, 0, 0, 3, 8.51
1747831658, 0, 403, 1291, 1287, 26, 7.48%, 0, 0, 3, 20.34
1747832551, 0, 404, 1291, 1286, 26, 7.48%, 0, 0, 3, 14.97
1747832562, 0, 405, 1291, 1286, 26, 7.48%, 0, 0, 3, 10.98
1747832572, 0, 406, 1291, 1286, 26, 7.48%, 0, 0, 3, 10.60
1747832577, 0, 406, 1292, 1287, 26, 7.48%, 0, 0, 3, 8.86
1747832587, 0, 406, 1294, 1289, 26, 7.48%, 0, 0, 3, 8.73
1747832597, 0, 406, 1295, 1290, 26, 7.48%, 0, 0, 3, 8.69
1747832602, 0, 406, 1296, 1291, 26, 7.48%, 0, 0, 3, 8.32
1747832649, 0, 406, 1297, 1292, 26, 7.48%, 0, 0, 3, 8.62
1747832684, 0, 406, 1298, 1293, 26, 7.48%, 0, 0, 3, 8.59
1747832726, 0, 406, 1299, 1294, 26, 7.48%, 0, 0, 3, 9.20
1747832736, 0, 406, 1300, 1295, 26, 7.48%, 0, 0, 3, 8.66
1747832767, 0, 406, 1301, 1296, 26, 7.48%, 0, 0, 3, 8.24
1747832772, 0, 406, 1302, 1297, 26, 7.48%, 0, 0, 3, 8.37
1747832911, 0, 406, 1303, 1298, 26, 7.48%, 0, 0, 3, 8.60
1747832998, 0, 406, 1304, 1299, 26, 7.48%, 0, 0, 3, 8.31
1747833014, 0, 406, 1305, 1300, 26, 7.48%, 0, 0, 3, 8.20
1747833050, 0, 407, 1305, 1300, 26, 7.48%, 0, 0, 3, 9.82
1747833060, 0, 408, 1305, 1300, 26, 7.48%, 0, 0, 3, 10.35
1747833076, 0, 409, 1305, 1300, 26, 7.48%, 0, 0, 3, 10.15
1747833091, 0, 410, 1305, 1300, 26, 7.48%, 0, 0, 3, 10.57
1747833101, 0, 411, 1305, 1300, 26, 7.48%, 0, 0, 3, 10.57
1747833111, 0, 412, 1305, 1300, 26, 7.48%, 0, 0, 3, 10.30
1747833127, 0, 413, 1305, 1300, 26, 7.48%, 0, 0, 3, 10.38
1747833137, 0, 415, 1305, 1300, 26, 7.48%, 0, 0, 3, 9.51
1747833152, 0, 416, 1305, 1300, 26, 7.48%, 0, 0, 3, 10.17
1747833167, 0, 417, 1305, 1300, 26, 7.48%, 0, 0, 3, 9.78
1747833178, 0, 418, 1305, 1300, 26, 7.48%, 0, 0, 3, 9.36
1747833188, 0, 418, 1306, 1301, 26, 7.48%, 0, 0, 3, 8.25
1747833209, 0, 419, 1306, 1301, 26, 7.48%, 0, 0, 3, 9.31
1747833224, 0, 421, 1306, 1301, 26, 7.48%, 0, 0, 3, 9.63
1747833234, 0, 423, 1306, 1301, 26, 7.48%, 0, 0, 3, 10.04
1747833250, 0, 424, 1306, 1301, 26, 7.48%, 0, 0, 3, 9.53
1747833255, 0, 424, 1307, 1302, 26, 7.48%, 0, 0, 3, 8.29
1747833265, 0, 424, 1309, 1304, 26, 7.48%, 0, 0, 3, 7.78
1747833373, 0, 426, 1309, 1304, 26, 7.48%, 0, 0, 3, 8.93
1747833383, 0, 427, 1309, 1304, 26, 7.48%, 0, 0, 3, 9.52
1747833398, 0, 428, 1309, 1304, 26, 7.48%, 0, 0, 3, 10.97
1747833408, 0, 429, 1310, 1305, 26, 7.48%, 0, 0, 3, 9.42
1747833413, 0, 429, 1311, 1306, 26, 7.48%, 0, 0, 3, 8.04
1747833418, 0, 429, 1312, 1307, 26, 7.48%, 0, 0, 3, 7.51
1747833429, 0, 429, 1313, 1308, 26, 7.48%, 0, 0, 3, 8.46
1747833475, 0, 429, 1314, 1309, 26, 7.49%, 0, 0, 3, 8.49
1747833608, 0, 429, 1315, 1310, 26, 7.49%, 0, 0, 3, 8.39
1747833669, 0, 429, 1316, 1311, 26, 7.49%, 0, 0, 3, 8.69
1747833767, 0, 429, 1317, 1312, 26, 7.49%, 0, 0, 3, 7.81
1747833782, 0, 429, 1318, 1313, 26, 7.49%, 0, 0, 3, 7.85
1747833896, 0, 430, 1318, 1313, 27, 7.49%, 0, 0, 3, 9.21
1747833912, 0, 431, 1318, 1313, 27, 7.49%, 0, 0, 3, 11.09
1747833922, 0, 432, 1318, 1313, 27, 7.49%, 0, 0, 3, 9.81
1747833937, 0, 433, 1318, 1313, 27, 7.49%, 0, 0, 3, 10.78
1747833948, 0, 434, 1318, 1313, 27, 7.49%, 0, 0, 3, 9.65
1747833963, 0, 435, 1318, 1313, 27, 7.49%, 0, 0, 3, 9.78
1747833973, 0, 436, 1318, 1313, 27, 7.49%, 0, 0, 3, 10.02
1747833983, 0, 436, 1319, 1314, 27, 7.49%, 0, 0, 3, 7.81
1747834004, 0, 437, 1319, 1314, 27, 7.49%, 0, 0, 3, 9.77
1747834019, 0, 440, 1319, 1314, 27, 7.49%, 0, 0, 3, 9.32
1747834035, 0, 442, 1319, 1314, 27, 7.49%, 0, 0, 3, 9.85
1747834045, 0, 443, 1319, 1314, 27, 7.49%, 0, 0, 3, 9.32
1747834061, 0, 444, 1319, 1314, 27, 7.49%, 0, 0, 3, 10.75
1747834071, 0, 445, 1319, 1314, 27, 7.49%, 0, 0, 3, 9.39
1747834081, 0, 445, 1320, 1315, 27, 7.49%, 0, 0, 3, 7.90
1747834086, 0, 445, 1321, 1316, 27, 7.49%, 0, 0, 3, 7.74
1747834138, 0, 446, 1321, 1316, 27, 7.49%, 0, 0, 3, 8.61
1747834148, 0, 448, 1321, 1316, 27, 7.49%, 0, 0, 3, 9.24
1747834163, 0, 449, 1321, 1316, 27, 7.49%, 0, 0, 3, 9.54
1747834179, 0, 450, 1321, 1316, 27, 7.49%, 0, 0, 3, 10.88
1747834189, 0, 451, 1321, 1316, 27, 7.49%, 0, 0, 3, 10.84
1747834199, 0, 451, 1322, 1317, 27, 7.49%, 0, 0, 3, 10.53
1747834215, 0, 453, 1322, 1317, 27, 7.49%, 0, 0, 3, 10.05
1747834230, 0, 454, 1322, 1317, 27, 7.49%, 0, 0, 3, 9.07
1747834245, 0, 455, 1322, 1317, 27, 7.49%, 0, 0, 3, 10.77
1747834256, 0, 458, 1322, 1317, 27, 7.49%, 0, 0, 3, 10.51
1747834266, 0, 459, 1322, 1317, 27, 7.49%, 0, 0, 3, 10.53
1747834276, 0, 459, 1323, 1318, 27, 7.49%, 0, 0, 3, 7.62
1747834302, 0, 460, 1323, 1318, 27, 7.49%, 0, 0, 3, 8.61
1747834317, 0, 461, 1323, 1318, 27, 7.49%, 0, 0, 3, 10.47
1747834328, 0, 463, 1323, 1318, 27, 7.49%, 0, 0, 3, 9.07
1747834343, 0, 464, 1323, 1318, 27, 7.49%, 0, 0, 3, 8.57
1747834359, 0, 465, 1323, 1318, 27, 7.49%, 0, 0, 3, 9.64
1747834369, 0, 466, 1323, 1318, 27, 7.49%, 0, 0, 3, 10.65
1747834384, 0, 467, 1323, 1318, 27, 7.49%, 0, 0, 3, 9.91
1747834395, 0, 468, 1323, 1318, 27, 7.49%, 0, 0, 3, 8.91
1747834410, 0, 469, 1323, 1318, 27, 7.49%, 0, 0, 3, 10.09
1747834420, 0, 470, 1323, 1318, 27, 7.49%, 0, 0, 3, 9.27
1747834436, 0, 471, 1323, 1318, 27, 7.49%, 0, 0, 3, 8.19
1747834456, 0, 473, 1323, 1318, 27, 7.49%, 0, 0, 3, 9.53
1747834467, 0, 475, 1323, 1318, 27, 7.49%, 0, 0, 3, 10.00
1747834482, 0, 476, 1323, 1318, 27, 7.49%, 0, 0, 3, 8.86
1747834487, 0, 476, 1324, 1319, 27, 7.49%, 0, 0, 3, 8.26
1747834492, 0, 476, 1325, 1320, 27, 7.49%, 0, 0, 3, 7.64
1747834513, 0, 476, 1327, 1322, 27, 7.49%, 0, 0, 3, 7.14
1747834539, 0, 476, 1328, 1323, 27, 7.49%, 0, 0, 3, 7.61
1747834610, 0, 476, 1329, 1324, 27, 7.49%, 0, 0, 3, 8.46
1747834724, 0, 476, 1330, 1325, 27, 7.49%, 0, 0, 3, 11.96
1747834837, 0, 476, 1331, 1326, 27, 7.49%, 0, 0, 3, 13.87
1747834873, 0, 476, 1332, 1327, 27, 7.49%, 0, 0, 3, 13.90
1747834888, 0, 477, 1332, 1327, 27, 7.49%, 0, 0, 3, 14.22
1747834899, 0, 478, 1332, 1327, 27, 7.49%, 0, 0, 3, 15.70
1747834904, 0, 479, 1332, 1327, 27, 7.49%, 0, 0, 3, 17.66
1747834914, 0, 480, 1332, 1327, 27, 7.49%, 0, 0, 3, 18.43
1747834919, 0, 481, 1332, 1327, 27, 7.49%, 0, 0, 3, 17.24
1747834930, 0, 483, 1332, 1327, 27, 7.49%, 0, 0, 3, 17.33
1747834935, 0, 484, 1332, 1327, 27, 7.49%, 0, 0, 3, 16.89
1747834940, 0, 487, 1332, 1327, 27, 7.49%, 0, 0, 3, 18.07
1747834950, 0, 488, 1332, 1327, 27, 7.49%, 0, 0, 3, 17.72
1747834955, 0, 490, 1332, 1327, 27, 7.49%, 0, 0, 3, 17.06
1747834965, 0, 491, 1332, 1327, 27, 7.49%, 0, 0, 3, 15.17
1747834970, 0, 491, 1333, 1328, 27, 7.49%, 0, 0, 3, 12.74
1747834986, 0, 492, 1333, 1328, 27, 7.49%, 0, 0, 3, 15.03
1747834991, 0, 492, 1334, 1329, 27, 7.49%, 0, 0, 3, 14.37
1747835006, 0, 493, 1334, 1329, 27, 7.49%, 0, 0, 3, 16.92
1747835011, 0, 494, 1334, 1329, 27, 7.49%, 0, 0, 3, 17.77
1747835017, 0, 495, 1334, 1329, 27, 7.49%, 0, 0, 3, 18.46
1747835027, 0, 496, 1335, 1330, 27, 7.49%, 0, 0, 3, 14.65
1747835042, 0, 496, 1336, 1331, 27, 7.49%, 0, 0, 3, 13.38
1747835052, 0, 496, 1337, 1332, 27, 7.49%, 0, 0, 3, 13.50
1747835114, 0, 498, 1337, 1332, 27, 7.49%, 0, 0, 3, 9.20
1747835124, 0, 499, 1337, 1332, 27, 7.49%, 0, 0, 3, 10.01
1747835140, 0, 500, 1337, 1332, 27, 7.49%, 0, 0, 3, 10.24
1747835150, 0, 501, 1337, 1332, 27, 7.49%, 0, 0, 3, 10.24
1747835160, 0, 502, 1337, 1332, 27, 7.49%, 0, 0, 3, 9.82
1747835171, 0, 502, 1338, 1333, 27, 7.49%, 0, 0, 3, 7.72
1747835186, 0, 502, 1339, 1334, 27, 7.49%, 0, 0, 3, 7.91
1747835202, 0, 502, 1340, 1335, 27, 7.49%, 0, 0, 3, 7.51
1747835217, 0, 502, 1341, 1336, 27, 7.49%, 0, 0, 3, 7.57
1747835238, 0, 502, 1342, 1337, 27, 7.49%, 0, 0, 3, 7.43
1747835279, 0, 502, 1343, 1338, 27, 7.49%, 0, 0, 3, 7.85
1747835310, 0, 502, 1344, 1339, 27, 7.49%, 0, 0, 3, 7.39
1747835351, 0, 502, 1345, 1340, 27, 7.49%, 0, 0, 3, 7.81
1747835372, 0, 502, 1346, 1341, 27, 7.49%, 0, 0, 3, 7.74
1747835552, 0, 502, 1347, 1342, 27, 7.49%, 0, 0, 3, 8.06
1747835654, 0, 502, 1348, 1343, 27, 7.49%, 0, 0, 3, 8.04
1747835685, 0, 502, 1349, 1344, 27, 7.49%, 0, 0, 3, 7.14
1747835701, 0, 503, 1350, 1345, 27, 7.49%, 0, 0, 3, 11.77
1747837094, 0, 504, 1350, 1344, 27, 7.49%, 0, 0, 3, 20.10
1747837110, 0, 506, 1350, 1344, 27, 7.49%, 0, 0, 3, 9.09
1747837115, 0, 506, 1351, 1345, 27, 7.49%, 0, 0, 4, 8.18
1747837146, 0, 507, 1351, 1345, 27, 7.49%, 0, 0, 4, 9.37
1747837156, 0, 508, 1351, 1345, 27, 7.49%, 0, 0, 4, 9.52
1747837161, 0, 508, 1352, 1346, 27, 7.49%, 0, 0, 4, 8.35
1747837193, 0, 511, 1352, 1346, 27, 7.49%, 0, 0, 4, 8.97
1747837203, 0, 512, 1352, 1346, 27, 7.49%, 0, 0, 4, 10.89
1747837218, 0, 513, 1352, 1346, 27, 7.49%, 0, 0, 4, 9.13
1747837233, 0, 514, 1352, 1346, 27, 7.49%, 0, 0, 4, 9.78
1747837244, 0, 515, 1352, 1346, 27, 7.49%, 0, 0, 4, 10.40
1747837259, 0, 518, 1352, 1346, 27, 7.49%, 0, 0, 4, 8.47
1747837275, 0, 519, 1352, 1346, 27, 7.49%, 0, 0, 4, 9.51
1747837290, 0, 521, 1352, 1346, 27, 7.49%, 0, 0, 4, 10.96
1747837300, 0, 522, 1352, 1346, 27, 7.49%, 0, 0, 4, 10.62
1747837310, 0, 523, 1352, 1346, 27, 7.49%, 0, 0, 4, 10.17
1747837331, 0, 524, 1352, 1346, 27, 7.49%, 0, 0, 4, 18.06
1747838497, 0, 526, 1352, 1345, 26, 7.49%, 0, 0, 4, 18.66
1747838513, 0, 528, 1352, 1345, 26, 7.49%, 0, 0, 4, 10.47
1747838523, 0, 529, 1352, 1345, 26, 7.49%, 0, 0, 4, 10.25
1747838533, 0, 530, 1352, 1345, 26, 7.49%, 0, 0, 4, 10.39
1747838548, 0, 531, 1352, 1345, 26, 7.49%, 0, 0, 4, 9.41
1747838564, 0, 532, 1352, 1345, 26, 7.49%, 0, 0, 4, 9.93
1747838574, 0, 533, 1352, 1345, 26, 7.49%, 0, 0, 4, 10.50
1747838585, 0, 534, 1352, 1345, 26, 7.49%, 0, 0, 4, 10.87
1747838600, 0, 535, 1352, 1345, 26, 7.49%, 0, 0, 4, 10.73
1747838610, 0, 536, 1352, 1345, 26, 7.49%, 0, 0, 4, 10.27
1747838626, 0, 537, 1352, 1345, 26, 7.49%, 0, 0, 4, 10.73
1747838636, 0, 538, 1352, 1345, 26, 7.49%, 0, 0, 4, 10.12
1747838646, 0, 539, 1352, 1345, 26, 7.49%, 0, 0, 4, 9.65
1747838652, 0, 539, 1353, 1346, 26, 7.49%, 0, 0, 4, 8.14
1747838682, 0, 540, 1353, 1346, 26, 7.49%, 0, 0, 4, 9.88
1747838693, 0, 541, 1353, 1346, 26, 7.49%, 0, 0, 4, 10.65
1747838708, 0, 542, 1353, 1346, 26, 7.49%, 0, 0, 4, 7.95
1747838729, 0, 543, 1353, 1346, 26, 7.49%, 0, 0, 4, 9.03
1747838739, 0, 544, 1353, 1346, 26, 7.49%, 0, 0, 4, 9.51
1747838749, 0, 544, 1354, 1347, 26, 7.49%, 0, 0, 4, 7.96
1747838770, 0, 544, 1355, 1348, 26, 7.49%, 0, 0, 4, 7.11
1747838801, 0, 544, 1356, 1349, 26, 7.49%, 0, 0, 4, 7.63
1747838806, 0, 544, 1357, 1350, 26, 7.49%, 0, 0, 4, 7.72
1747839007, 0, 545, 1357, 1350, 26, 7.49%, 0, 0, 4, 8.97
1747839022, 0, 546, 1357, 1350, 26, 7.49%, 0, 0, 4, 9.16
1747839037, 0, 548, 1357, 1350, 26, 7.49%, 0, 0, 4, 8.55
1747839053, 0, 549, 1357, 1350, 26, 7.49%, 0, 0, 4, 8.59
1747839063, 0, 549, 1358, 1351, 26, 7.49%, 0, 0, 4, 7.70
1747839089, 0, 550, 1358, 1351, 26, 7.49%, 0, 0, 4, 9.47
1747839099, 0, 551, 1358, 1351, 26, 7.49%, 0, 0, 4, 10.77
1747839109, 0, 552, 1358, 1351, 26, 7.49%, 0, 0, 4, 10.66
1747839125, 0, 553, 1358, 1351, 26, 7.49%, 0, 0, 4, 9.92
1747839135, 0, 554, 1358, 1351, 26, 7.49%, 0, 0, 4, 9.47
1747839151, 0, 555, 1358, 1351, 26, 7.49%, 0, 0, 4, 9.01
1747839166, 0, 556, 1358, 1351, 26, 7.49%, 0, 0, 4, 11.06
1747839177, 0, 558, 1358, 1351, 26, 7.49%, 0, 0, 4, 9.49
1747839192, 0, 559, 1358, 1351, 26, 7.49%, 0, 0, 4, 8.89
1747839202, 0, 561, 1358, 1351, 26, 7.49%, 0, 0, 4, 10.07
1747839223, 0, 562, 1358, 1351, 26, 7.49%, 0, 0, 4, 9.82
1747839233, 0, 564, 1358, 1351, 26, 7.49%, 0, 0, 4, 9.49
1747839248, 0, 565, 1358, 1351, 26, 7.49%, 0, 0, 4, 8.28
1747839264, 0, 566, 1358, 1351, 26, 7.49%, 0, 0, 4, 8.19
1747839284, 0, 567, 1358, 1351, 26, 7.49%, 0, 0, 4, 9.39
1747839294, 0, 568, 1358, 1351, 26, 7.49%, 0, 0, 4, 11.67
1747839305, 0, 569, 1358, 1351, 26, 7.49%, 0, 0, 4, 10.24
1747839320, 0, 571, 1358, 1351, 26, 7.49%, 0, 0, 4, 10.02
1747839330, 0, 574, 1358, 1351, 26, 7.49%, 0, 0, 4, 9.20
1747839351, 0, 575, 1358, 1351, 26, 7.49%, 0, 0, 4, 7.61
1747839367, 0, 576, 1358, 1351, 26, 7.49%, 0, 0, 4, 9.71
1747839377, 0, 577, 1358, 1351, 26, 7.49%, 0, 0, 4, 10.85
1747839387, 0, 579, 1358, 1351, 26, 7.49%, 0, 0, 4, 10.18
1747839403, 0, 580, 1358, 1351, 26, 7.49%, 0, 0, 4, 8.94
1747839418, 0, 581, 1358, 1351, 26, 7.49%, 0, 0, 4, 9.07
1747839434, 0, 581, 1359, 1352, 26, 7.49%, 0, 0, 4, 7.44
1747839449, 0, 582, 1359, 1352, 26, 7.49%, 0, 0, 4, 8.74
1747839470, 0, 583, 1359, 1352, 26, 7.49%, 0, 0, 4, 7.45
1747839486, 0, 584, 1359, 1352, 26, 7.49%, 0, 0, 4, 10.21
1747839496, 0, 586, 1359, 1352, 26, 7.49%, 0, 0, 4, 9.36
1747839511, 0, 586, 1360, 1353, 26, 7.49%, 0, 0, 4, 7.28
1747839532, 0, 587, 1360, 1353, 26, 7.49%, 0, 0, 4, 9.88
1747839542, 0, 589, 1360, 1353, 26, 7.49%, 0, 0, 4, 10.87
1747839558, 0, 590, 1360, 1353, 26, 7.49%, 0, 0, 4, 8.72
1747839573, 0, 592, 1360, 1353, 26, 7.49%, 0, 0, 4, 9.76
1747839584, 0, 593, 1360, 1353, 26, 7.49%, 0, 0, 4, 9.43
1747839599, 0, 596, 1360, 1353, 26, 7.49%, 0, 0, 4, 8.15
1747839615, 0, 597, 1360, 1353, 26, 7.49%, 0, 0, 4, 10.09
1747839625, 0, 599, 1360, 1353, 26, 7.49%, 0, 0, 4, 10.58
1747839640, 0, 601, 1360, 1353, 26, 7.49%, 0, 0, 4, 10.07
1747839650, 0, 602, 1360, 1353, 26, 7.49%, 0, 0, 4, 10.29
1747839661, 0, 603, 1360, 1353, 26, 7.49%, 0, 0, 4, 10.89
1747839681, 0, 604, 1360, 1353, 26, 7.49%, 0, 0, 4, 10.11
1747839691, 0, 605, 1360, 1353, 26, 7.49%, 0, 0, 4, 10.35
1747839707, 0, 606, 1360, 1353, 26, 7.49%, 0, 0, 4, 11.27
1747839717, 0, 607, 1360, 1353, 26, 7.49%, 0, 0, 4, 8.98
1747839732, 0, 608, 1360, 1353, 26, 7.49%, 0, 0, 4, 9.64
1747839743, 0, 609, 1360, 1353, 26, 7.49%, 0, 0, 4, 10.47
1747839748, 0, 609, 1361, 1354, 26, 7.49%, 0, 0, 4, 8.36
1747839779, 0, 610, 1361, 1354, 26, 7.49%, 0, 0, 4, 9.65
1747839790, 0, 612, 1361, 1354, 26, 7.49%, 0, 0, 4, 10.59
1747839800, 0, 613, 1361, 1354, 26, 7.49%, 0, 0, 4, 11.59
1747839815, 0, 615, 1361, 1354, 26, 7.49%, 0, 0, 4, 10.04
1747839825, 0, 616, 1361, 1354, 26, 7.49%, 0, 0, 4, 10.16
1747839846, 0, 617, 1361, 1354, 26, 7.49%, 0, 0, 4, 7.72
1747839862, 0, 618, 1361, 1354, 26, 7.49%, 0, 0, 4, 8.37
1747839877, 0, 619, 1361, 1354, 26, 7.49%, 0, 0, 4, 8.28
1747839892, 0, 620, 1361, 1354, 26, 7.49%, 0, 0, 4, 10.63
1747839903, 0, 621, 1361, 1354, 26, 7.49%, 0, 0, 4, 10.49
1747839918, 0, 622, 1361, 1354, 26, 7.49%, 0, 0, 4, 8.95
1747839933, 0, 623, 1361, 1354, 26, 7.49%, 0, 0, 4, 9.57
1747839943, 0, 624, 1361, 1354, 26, 7.49%, 0, 0, 4, 9.21
1747839958, 0, 625, 1361, 1354, 26, 7.49%, 0, 0, 4, 9.00
1747839974, 0, 628, 1361, 1354, 26, 7.49%, 0, 0, 4, 10.93
1747839984, 0, 629, 1361, 1354, 26, 7.49%, 0, 0, 4, 9.24
1747839999, 0, 630, 1362, 1355, 26, 7.49%, 0, 0, 4, 8.67
1747840035, 0, 631, 1362, 1355, 26, 7.49%, 0, 0, 4, 9.16
1747840046, 0, 632, 1362, 1355, 26, 7.49%, 0, 0, 4, 10.08
1747840061, 0, 633, 1362, 1355, 26, 7.49%, 0, 0, 4, 8.97
1747840077, 0, 634, 1362, 1355, 26, 7.49%, 0, 0, 4, 8.76
1747840092, 0, 636, 1362, 1355, 26, 7.49%, 0, 0, 4, 10.06
1747840103, 0, 637, 1362, 1355, 26, 7.49%, 0, 0, 4, 10.66
1747840113, 0, 638, 1362, 1355, 26, 7.49%, 0, 0, 4, 12.02
1747840128, 0, 639, 1362, 1355, 26, 7.49%, 0, 0, 4, 10.16
1747840138, 0, 640, 1362, 1355, 26, 7.49%, 0, 0, 4, 9.88
1747840154, 0, 641, 1362, 1355, 26, 7.49%, 0, 0, 4, 7.68
1747840169, 0, 644, 1362, 1355, 26, 7.49%, 0, 0, 4, 7.60
1747840185, 0, 647, 1362, 1355, 26, 7.49%, 0, 0, 4, 10.53
1747840195, 0, 650, 1362, 1355, 26, 7.49%, 0, 0, 4, 9.89
1747840210, 0, 651, 1362, 1355, 26, 7.49%, 0, 0, 4, 7.73
1747840231, 0, 652, 1362, 1355, 26, 7.49%, 0, 0, 4, 7.74
1747840246, 0, 654, 1362, 1355, 26, 7.49%, 0, 0, 4, 8.13
1747840262, 0, 655, 1362, 1355, 26, 7.49%, 0, 0, 4, 9.03
1747840272, 0, 657, 1362, 1355, 26, 7.49%, 0, 0, 4, 10.86
1747840288, 0, 658, 1362, 1355, 26, 7.49%, 0, 0, 4, 9.40
1747840303, 0, 659, 1362, 1355, 26, 7.49%, 0, 0, 4, 8.26
1747840319, 0, 660, 1362, 1355, 26, 7.49%, 0, 0, 4, 8.66
1747840334, 0, 661, 1362, 1355, 26, 7.49%, 0, 0, 4, 10.80
1747840344, 0, 662, 1362, 1355, 26, 7.49%, 0, 0, 4, 10.41
1747840355, 0, 663, 1362, 1355, 26, 7.49%, 0, 0, 4, 10.85
1747840370, 0, 664, 1362, 1355, 26, 7.49%, 0, 0, 4, 10.79
1747840380, 0, 665, 1362, 1355, 26, 7.49%, 0, 0, 4, 11.19
1747840390, 0, 666, 1362, 1355, 26, 7.49%, 0, 0, 4, 9.79
1747840406, 0, 668, 1362, 1355, 26, 7.49%, 0, 0, 4, 10.58
1747840416, 0, 669, 1362, 1355, 26, 7.49%, 0, 0, 4, 10.28
1747840431, 0, 671, 1362, 1355, 26, 7.49%, 0, 0, 4, 9.02
1747840447, 0, 672, 1362, 1355, 26, 7.49%, 0, 0, 4, 10.32
1747840457, 0, 673, 1362, 1355, 26, 7.49%, 0, 0, 4, 9.31
1747840473, 0, 675, 1362, 1355, 26, 7.49%, 0, 0, 4, 8.37
1747840488, 0, 676, 1362, 1355, 26, 7.49%, 0, 0, 4, 11.46
1747840498, 0, 677, 1362, 1355, 26, 7.49%, 0, 0, 4, 9.90
1747840514, 0, 678, 1362, 1355, 26, 7.49%, 0, 0, 4, 10.06
1747840524, 0, 679, 1362, 1355, 26, 7.49%, 0, 0, 4, 10.23
1747840534, 0, 681, 1362, 1355, 26, 7.49%, 0, 0, 4, 9.91
1747840550, 0, 682, 1362, 1355, 26, 7.49%, 0, 0, 4, 10.75
1747840560, 0, 683, 1362, 1355, 26, 7.49%, 0, 0, 4, 9.69
1747840581, 0, 685, 1362, 1355, 26, 7.49%, 0, 0, 4, 7.74
1747840596, 0, 686, 1362, 1355, 26, 7.49%, 0, 0, 4, 8.52
1747840606, 0, 687, 1362, 1355, 26, 7.49%, 0, 0, 4, 10.72
1747840622, 0, 688, 1362, 1355, 26, 7.49%, 0, 0, 4, 10.38
1747840632, 0, 689, 1362, 1355, 26, 7.49%, 0, 0, 4, 10.50
1747840647, 0, 690, 1362, 1355, 26, 7.49%, 0, 0, 4, 10.09
1747840658, 0, 691, 1362, 1355, 26, 7.49%, 0, 0, 4, 9.90
1747840673, 0, 692, 1362, 1355, 26, 7.49%, 0, 0, 4, 9.90
1747840683, 0, 693, 1362, 1355, 26, 7.49%, 0, 0, 4, 10.82
1747840699, 0, 694, 1362, 1355, 26, 7.49%, 0, 0, 4, 10.94
1747840709, 0, 695, 1362, 1355, 26, 7.49%, 0, 0, 4, 10.78
1747840719, 0, 698, 1362, 1355, 26, 7.49%, 0, 0, 4, 10.54
1747840734, 0, 700, 1362, 1355, 26, 7.49%, 0, 0, 4, 10.83
1747840745, 0, 701, 1362, 1355, 26, 7.49%, 0, 0, 4, 11.26
1747840760, 0, 702, 1362, 1355, 26, 7.49%, 0, 0, 4, 8.64
1747840776, 0, 703, 1362, 1355, 26, 7.49%, 0, 0, 4, 10.07
1747840786, 0, 705, 1362, 1355, 26, 7.49%, 0, 0, 4, 9.11
1747840801, 0, 707, 1362, 1355, 26, 7.49%, 0, 0, 4, 8.23
1747840817, 0, 709, 1362, 1355, 26, 7.49%, 0, 0, 4, 9.02
1747840832, 0, 710, 1362, 1355, 26, 7.49%, 0, 0, 4, 8.64
1747840843, 0, 711, 1362, 1355, 26, 7.49%, 0, 0, 4, 10.49
1747840858, 0, 712, 1362, 1355, 26, 7.49%, 0, 0, 4, 10.64
1747840868, 0, 713, 1362, 1355, 26, 7.49%, 0, 0, 4, 9.84
1747840884, 0, 715, 1362, 1355, 26, 7.49%, 0, 0, 4, 7.99
1747840899, 0, 716, 1362, 1355, 26, 7.49%, 0, 0, 4, 8.89
1747840915, 0, 717, 1362, 1355, 26, 7.49%, 0, 0, 4, 9.96
1747840925, 0, 719, 1363, 1356, 26, 7.49%, 0, 0, 4, 9.71
1747840961, 0, 720, 1363, 1356, 26, 7.49%, 0, 0, 4, 7.61
1747840976, 0, 721, 1363, 1356, 26, 7.49%, 0, 0, 4, 9.19
1747840991, 0, 722, 1363, 1356, 26, 7.49%, 0, 0, 4, 10.37
1747841001, 0, 723, 1363, 1356, 26, 7.49%, 0, 0, 4, 10.72
1747841016, 0, 724, 1364, 1357, 26, 7.49%, 0, 0, 4, 8.44
1747841047, 0, 725, 1364, 1357, 26, 7.49%, 0, 0, 4, 7.93
1747841063, 0, 727, 1364, 1357, 26, 7.49%, 0, 0, 4, 10.08
1747841073, 0, 728, 1364, 1357, 26, 7.49%, 0, 0, 4, 10.65
1747841088, 0, 731, 1364, 1357, 26, 7.49%, 0, 0, 4, 10.22
1747841098, 0, 734, 1364, 1357, 26, 7.49%, 0, 0, 4, 9.79
1747841114, 0, 735, 1364, 1357, 26, 7.49%, 0, 0, 4, 9.04
1747841129, 0, 736, 1364, 1357, 26, 7.49%, 0, 0, 4, 9.35
1747841139, 0, 737, 1364, 1357, 26, 7.49%, 0, 0, 4, 9.63
1747841155, 0, 739, 1364, 1357, 26, 7.49%, 0, 0, 4, 10.75
1747841160, 0, 740, 1364, 1357, 26, 7.49%, 0, 0, 4, 15.45
1747841170, 0, 741, 1364, 1357, 26, 7.49%, 0, 0, 4, 17.24
1747841176, 0, 742, 1364, 1357, 26, 7.49%, 0, 0, 4, 16.38
1747841186, 0, 743, 1364, 1357, 26, 7.49%, 0, 0, 4, 11.18
1747841201, 0, 745, 1364, 1357, 26, 7.49%, 0, 0, 4, 9.41
1747841216, 0, 746, 1364, 1357, 26, 7.49%, 0, 0, 4, 10.82
1747841227, 0, 747, 1364, 1357, 26, 7.49%, 0, 0, 4, 10.19
1747841242, 0, 748, 1364, 1357, 26, 7.49%, 0, 0, 4, 9.62
1747841252, 0, 749, 1364, 1357, 26, 7.49%, 0, 0, 4, 9.46
1747841268, 0, 750, 1364, 1357, 26, 7.49%, 0, 0, 4, 9.05
1747841283, 0, 751, 1364, 1357, 26, 7.49%, 0, 0, 4, 9.48
1747841293, 0, 752, 1364, 1357, 26, 7.49%, 0, 0, 4, 11.22
1747841304, 0, 753, 1364, 1357, 26, 7.49%, 0, 0, 4, 10.82
1747841324, 0, 754, 1364, 1357, 26, 7.49%, 0, 0, 4, 7.80
1747841340, 0, 756, 1364, 1357, 26, 7.49%, 0, 0, 4, 8.76
1747841350, 0, 758, 1364, 1357, 26, 7.49%, 0, 0, 4, 9.04
1747841366, 0, 759, 1364, 1357, 26, 7.49%, 0, 0, 4, 7.82
1747841386, 0, 760, 1364, 1357, 26, 7.49%, 0, 0, 4, 7.89
1747841402, 0, 761, 1364, 1357, 26, 7.49%, 0, 0, 4, 8.21
1747841417, 0, 762, 1364, 1357, 26, 7.49%, 0, 0, 4, 7.58
1747841438, 0, 764, 1364, 1357, 26, 7.49%, 0, 0, 4, 10.10
1747841448, 0, 767, 1364, 1357, 26, 7.49%, 0, 0, 4, 9.58
1747841458, 0, 769, 1364, 1357, 26, 7.49%, 0, 0, 4, 10.04
1747841473, 0, 770, 1364, 1357, 26, 7.49%, 0, 0, 4, 10.33
1747841484, 0, 771, 1364, 1357, 26, 7.49%, 0, 0, 4, 9.92
1747841499, 0, 772, 1364, 1357, 26, 7.49%, 0, 0, 4, 8.52
1747841514, 0, 773, 1364, 1357, 26, 7.49%, 0, 0, 4, 8.96
1747841530, 0, 774, 1364, 1357, 26, 7.49%, 0, 0, 4, 9.34
1747841540, 0, 778, 1364, 1357, 26, 7.49%, 0, 0, 4, 10.54
1747841556, 0, 779, 1364, 1357, 26, 7.49%, 0, 0, 4, 8.62
1747841571, 0, 781, 1364, 1357, 26, 7.49%, 0, 0, 4, 8.70
1747841581, 0, 782, 1364, 1357, 26, 7.49%, 0, 0, 4, 10.48
1747841597, 0, 784, 1364, 1357, 26, 7.49%, 0, 0, 4, 8.84
1747841613, 0, 785, 1364, 1357, 26, 7.49%, 0, 0, 4, 7.97
1747841628, 0, 787, 1364, 1357, 26, 7.49%, 0, 0, 4, 7.78
1747841644, 0, 788, 1364, 1357, 26, 7.49%, 0, 0, 4, 8.45
1747841659, 0, 791, 1364, 1357, 26, 7.49%, 0, 0, 4, 8.35
1747841674, 0, 792, 1364, 1357, 26, 7.49%, 0, 0, 4, 9.59
1747841685, 0, 793, 1364, 1357, 26, 7.49%, 0, 0, 4, 10.08
1747841700, 0, 794, 1364, 1357, 26, 7.49%, 0, 0, 4, 8.82
1747841716, 0, 795, 1364, 1357, 26, 7.49%, 0, 0, 4, 9.55
1747841726, 0, 796, 1364, 1357, 26, 7.49%, 0, 0, 4, 9.13
1747841742, 0, 797, 1364, 1357, 26, 7.49%, 0, 0, 4, 7.86
1747841757, 0, 798, 1364, 1357, 26, 7.49%, 0, 0, 4, 10.98
1747841767, 0, 800, 1364, 1357, 26, 7.49%, 0, 0, 4, 10.12
1747841782, 0, 801, 1364, 1357, 26, 7.49%, 0, 0, 4, 10.21
1747841793, 0, 802, 1364, 1357, 26, 7.49%, 0, 0, 4, 9.55
1747841808, 0, 803, 1364, 1357, 26, 7.49%, 0, 0, 4, 7.92
1747841823, 0, 804, 1364, 1357, 26, 7.49%, 0, 0, 4, 10.29
1747841833, 0, 805, 1364, 1357, 26, 7.49%, 0, 0, 4, 10.13
1747841849, 0, 806, 1364, 1357, 26, 7.49%, 0, 0, 4, 8.42
1747841869, 0, 807, 1364, 1357, 26, 7.49%, 0, 0, 4, 10.56
1747841880, 0, 808, 1364, 1357, 26, 7.49%, 0, 0, 4, 11.67
1747841890, 0, 809, 1364, 1357, 26, 7.49%, 0, 0, 4, 11.14
1747841900, 0, 810, 1364, 1357, 26, 7.49%, 0, 0, 4, 11.01
1747841915, 0, 811, 1364, 1357, 26, 7.49%, 0, 0, 4, 10.41
1747841925, 0, 812, 1364, 1357, 26, 7.49%, 0, 0, 4, 9.56
1747841936, 0, 813, 1364, 1357, 26, 7.49%, 0, 0, 4, 16.10
1747841946, 0, 814, 1364, 1357, 26, 7.49%, 0, 0, 4, 13.84
1747841956, 0, 815, 1364, 1357, 26, 7.49%, 0, 0, 4, 13.47
1747841961, 0, 817, 1364, 1357, 26, 7.49%, 0, 0, 4, 13.98
1747841972, 0, 818, 1364, 1357, 26, 7.49%, 0, 0, 4, 16.35
1747841977, 0, 819, 1364, 1357, 26, 7.49%, 0, 0, 4, 17.84
1747841987, 0, 820, 1364, 1357, 26, 7.49%, 0, 0, 4, 14.63
1747841997, 0, 821, 1364, 1357, 26, 7.49%, 0, 0, 4, 16.66
1747842002, 0, 823, 1364, 1357, 26, 7.49%, 0, 0, 4, 16.87
1747842013, 0, 824, 1364, 1357, 26, 7.49%, 0, 0, 4, 17.14
1747842018, 0, 827, 1364, 1357, 26, 7.49%, 0, 0, 4, 17.49
1747842023, 0, 828, 1364, 1357, 26, 7.49%, 0, 0, 4, 16.71
1747842033, 0, 829, 1364, 1357, 26, 7.49%, 0, 0, 4, 13.12
1747842043, 0, 832, 1364, 1357, 26, 7.49%, 0, 0, 4, 16.91
1747842048, 0, 834, 1364, 1357, 26, 7.49%, 0, 0, 4, 17.07
1747842059, 0, 836, 1364, 1357, 26, 7.49%, 0, 0, 4, 18.22
1747842064, 0, 837, 1364, 1357, 26, 7.49%, 0, 0, 4, 17.86
1747842069, 0, 838, 1364, 1357, 26, 7.49%, 0, 0, 4, 18.52
1747842079, 0, 839, 1364, 1357, 26, 7.49%, 0, 0, 4, 13.39
1747842089, 0, 841, 1364, 1357, 26, 7.49%, 0, 0, 4, 15.49
1747842099, 0, 842, 1364, 1357, 26, 7.49%, 0, 0, 4, 17.77
1747842105, 0, 843, 1364, 1357, 26, 7.49%, 0, 0, 4, 14.44
1747842110, 0, 843, 1365, 1358, 26, 7.49%, 0, 0, 4, 13.81
1747842125, 0, 844, 1365, 1358, 26, 7.49%, 0, 0, 4, 13.30
1747842135, 0, 845, 1365, 1358, 26, 7.49%, 0, 0, 4, 16.17
1747842141, 0, 846, 1365, 1358, 26, 7.49%, 0, 0, 4, 16.87
1747842151, 0, 848, 1365, 1358, 26, 7.49%, 0, 0, 4, 18.40
1747842156, 0, 850, 1365, 1358, 26, 7.49%, 0, 0, 4, 15.45
1747842166, 0, 852, 1365, 1358, 26, 7.49%, 0, 0, 4, 16.37
1747842171, 0, 853, 1365, 1358, 26, 7.49%, 0, 0, 4, 16.52
1747842181, 0, 854, 1365, 1358, 26, 7.49%, 0, 0, 4, 13.37
1747842192, 0, 855, 1365, 1358, 26, 7.49%, 0, 0, 4, 14.89
1747842202, 0, 856, 1365, 1358, 26, 7.49%, 0, 0, 4, 17.98
1747842207, 0, 857, 1365, 1358, 26, 7.49%, 0, 0, 4, 17.15
1747842212, 0, 858, 1365, 1358, 26, 7.49%, 0, 0, 4, 16.98
1747842222, 0, 859, 1365, 1358, 26, 7.49%, 0, 0, 4, 14.74
1747842232, 0, 860, 1365, 1358, 26, 7.49%, 0, 0, 4, 15.52
1747842237, 0, 861, 1365, 1358, 26, 7.49%, 0, 0, 4, 15.75
1747842248, 0, 862, 1365, 1358, 26, 7.49%, 0, 0, 4, 12.90
1747842258, 0, 864, 1365, 1358, 26, 7.49%, 0, 0, 4, 10.97
1747842273, 0, 865, 1365, 1358, 26, 7.49%, 0, 0, 4, 8.63
1747842288, 0, 866, 1365, 1358, 26, 7.49%, 0, 0, 4, 8.63
1747842304, 0, 867, 1366, 1359, 26, 7.50%, 0, 0, 4, 16.01
1747842319, 0, 869, 1366, 1359, 27, 7.50%, 0, 0, 4, 17.41
1747842324, 0, 871, 1367, 1360, 27, 7.50%, 0, 0, 4, 14.73
1747842345, 0, 872, 1367, 1360, 27, 7.50%, 0, 0, 4, 12.78
1747842355, 0, 874, 1367, 1360, 27, 7.50%, 0, 0, 4, 16.50
1747842360, 0, 876, 1367, 1360, 27, 7.50%, 0, 0, 4, 18.22
1747842370, 0, 877, 1367, 1360, 27, 7.50%, 0, 0, 4, 17.94
1747842375, 0, 879, 1367, 1360, 27, 7.50%, 0, 0, 4, 17.95
1747842380, 0, 880, 1367, 1360, 27, 7.50%, 0, 0, 4, 17.40
1747842390, 0, 881, 1367, 1360, 27, 7.50%, 0, 0, 4, 15.44
1747842401, 0, 882, 1367, 1360, 27, 7.50%, 0, 0, 4, 16.83
1747842406, 0, 883, 1367, 1360, 27, 7.50%, 0, 0, 4, 20.03
1747848193, 0, 884, 1367, 1359, 27, 7.50%, 0, 0, 4, 11.41
1747848204, 0, 886, 1367, 1359, 27, 7.50%, 0, 0, 4, 10.50
1747848214, 0, 887, 1367, 1359, 27, 7.50%, 0, 0, 4, 10.35
1747848229, 0, 888, 1367, 1359, 27, 7.50%, 0, 0, 4, 8.85
1747848244, 0, 889, 1367, 1359, 27, 7.50%, 0, 0, 4, 7.66
1747848260, 0, 890, 1367, 1359, 27, 7.50%, 0, 0, 4, 8.20
1747848275, 0, 891, 1367, 1359, 27, 7.50%, 0, 0, 4, 8.75
1747848280, 0, 891, 1368, 1360, 27, 7.50%, 0, 0, 4, 8.04
1747848311, 0, 893, 1368, 1360, 27, 7.50%, 0, 0, 4, 9.83
1747848321, 0, 894, 1368, 1360, 27, 7.50%, 0, 0, 4, 10.68
1747848332, 0, 895, 1368, 1360, 27, 7.50%, 0, 0, 4, 10.68
1747848347, 0, 896, 1368, 1360, 27, 7.50%, 0, 0, 4, 10.59
1747848357, 0, 897, 1368, 1360, 27, 7.50%, 0, 0, 4, 10.20
1747848372, 0, 899, 1368, 1360, 27, 7.50%, 0, 0, 4, 10.10
1747848383, 0, 900, 1368, 1360, 27, 7.50%, 0, 0, 4, 10.68
1747848398, 0, 903, 1368, 1360, 27, 7.50%, 0, 0, 4, 10.43
1747848409, 0, 904, 1368, 1360, 27, 7.50%, 0, 0, 4, 10.26
1747848419, 0, 905, 1368, 1360, 27, 7.50%, 0, 0, 4, 11.03
1747848434, 0, 908, 1368, 1360, 27, 7.50%, 0, 0, 4, 8.31
1747848455, 0, 909, 1368, 1360, 27, 7.50%, 0, 0, 4, 10.25
1747848465, 0, 910, 1368, 1360, 27, 7.50%, 0, 0, 4, 8.92
1747848481, 0, 911, 1368, 1360, 27, 7.50%, 0, 0, 4, 8.24
1747848496, 0, 914, 1368, 1360, 27, 7.50%, 0, 0, 4, 10.05
1747848506, 0, 917, 1368, 1360, 27, 7.50%, 0, 0, 4, 9.68
1747848522, 0, 918, 1368, 1360, 27, 7.50%, 0, 0, 4, 9.00
1747848537, 0, 919, 1368, 1360, 27, 7.50%, 0, 0, 4, 10.40
1747848547, 0, 921, 1368, 1360, 27, 7.50%, 0, 0, 4, 9.86
1747848563, 0, 922, 1368, 1360, 27, 7.50%, 0, 0, 4, 7.77
1747848578, 0, 923, 1368, 1360, 27, 7.50%, 0, 0, 4, 7.73
1747848594, 0, 924, 1368, 1360, 27, 7.50%, 0, 0, 4, 9.19
1747848609, 0, 925, 1368, 1360, 27, 7.50%, 0, 0, 4, 8.62
1747848624, 0, 926, 1368, 1360, 27, 7.50%, 0, 0, 4, 9.38
1747848640, 0, 928, 1368, 1360, 27, 7.50%, 0, 0, 4, 9.85
1747848650, 0, 929, 1368, 1360, 27, 7.50%, 0, 0, 4, 9.54
1747848665, 0, 931, 1368, 1360, 27, 7.50%, 0, 0, 4, 8.36
1747848681, 0, 932, 1368, 1360, 27, 7.50%, 0, 0, 4, 8.50
1747848701, 0, 933, 1368, 1360, 27, 7.50%, 0, 0, 4, 9.12
1747848712, 0, 934, 1369, 1361, 27, 7.50%, 0, 0, 4, 9.42
1747848727, 0, 934, 1370, 1362, 27, 7.50%, 0, 0, 4, 8.11
1747848778, 0, 935, 1370, 1362, 27, 7.50%, 0, 0, 4, 7.93
1747848794, 0, 936, 1370, 1362, 27, 7.50%, 0, 0, 4, 9.02
1747848809, 0, 937, 1370, 1362, 27, 7.50%, 0, 0, 4, 8.61
1747848825, 0, 939, 1370, 1362, 27, 7.50%, 0, 0, 4, 8.57
1747848835, 0, 940, 1370, 1362, 27, 7.50%, 0, 0, 4, 9.93
1747848855, 0, 941, 1370, 1362, 27, 7.50%, 0, 0, 4, 7.52
1747848871, 0, 942, 1370, 1362, 27, 7.50%, 0, 0, 4, 10.56
1747854509, 0, 943, 1370, 1361, 26, 7.50%, 0, 0, 4, 12.64
1747854530, 0, 945, 1370, 1361, 26, 7.50%, 0, 0, 4, 9.51
1747854540, 0, 947, 1370, 1361, 26, 7.50%, 0, 0, 4, 10.26
1747854555, 0, 949, 1371, 1362, 26, 7.72%, 0, 0, 4, 7.84
1747854566, 0, 949, 1372, 1363, 26, 7.72%, 0, 0, 4, 7.69
1747854607, 0, 949, 1373, 1364, 26, 7.72%, 0, 0, 4, 7.94
1747854689, 0, 950, 1373, 1364, 26, 7.72%, 0, 0, 4, 9.50
1747854699, 0, 952, 1373, 1364, 26, 7.72%, 0, 0, 4, 10.77
1747854715, 0, 953, 1373, 1364, 26, 7.72%, 0, 0, 4, 11.29
1747854725, 0, 954, 1374, 1365, 26, 7.72%, 0, 0, 4, 10.59
1747854751, 0, 955, 1374, 1365, 26, 7.72%, 0, 0, 4, 9.64
1747854766, 0, 956, 1374, 1365, 26, 7.72%, 0, 0, 4, 12.29
1747860187, 0, 958, 1374, 1364, 25, 7.72%, 0, 0, 4, 20.36
1747860192, 0, 959, 1374, 1364, 25, 7.72%, 0, 0, 4, 18.29
1747860202, 0, 960, 1374, 1364, 25, 7.72%, 0, 0, 4, 17.86
1747860208, 0, 961, 1374, 1364, 25, 7.72%, 0, 0, 4, 17.63
1747860213, 0, 962, 1374, 1364, 25, 7.72%, 0, 0, 4, 17.25
1747860223, 0, 963, 1374, 1364, 25, 7.72%, 0, 0, 4, 15.50
1747860233, 0, 964, 1374, 1364, 25, 7.72%, 0, 0, 4, 14.57
1747860238, 0, 965, 1374, 1364, 25, 7.72%, 0, 0, 4, 14.89
1747860249, 0, 967, 1374, 1364, 25, 7.72%, 0, 0, 4, 17.65
1747860254, 0, 968, 1374, 1364, 25, 7.72%, 0, 0, 4, 17.78
1747860259, 0, 969, 1374, 1364, 25, 7.72%, 0, 0, 4, 18.82
1747860269, 0, 970, 1374, 1364, 25, 7.72%, 0, 0, 4, 15.96
