# unix_time, cycles_done, cur_path, paths_total, pending_total, pending_favs, map_size, unique_crashes, unique_hangs, max_depth, execs_per_sec
1747817516, 0, 0, 1, 1, 1, 3.78%, 0, 0, 1, 56.74
1747817521, 0, 0, 21, 21, 1, 4.86%, 0, 0, 2, 53.84
1747817526, 0, 0, 39, 39, 1, 4.90%, 0, 0, 2, 50.16
1747817531, 0, 0, 54, 54, 1, 4.91%, 0, 0, 2, 50.25
1747817536, 0, 0, 68, 68, 1, 4.93%, 0, 0, 2, 49.23
1747817541, 0, 0, 82, 82, 1, 4.94%, 0, 0, 2, 48.65
1747817546, 0, 0, 93, 93, 1, 4.95%, 0, 0, 2, 48.87
1747817551, 0, 0, 105, 105, 1, 4.95%, 0, 0, 2, 48.51
1747817556, 0, 0, 115, 115, 1, 4.95%, 0, 0, 2, 49.56
1747817561, 0, 0, 121, 121, 1, 4.95%, 0, 0, 2, 51.61
1747817566, 0, 0, 131, 131, 1, 4.95%, 0, 0, 2, 50.73
1747817571, 0, 0, 134, 134, 1, 4.95%, 0, 0, 2, 53.54
1747817576, 0, 0, 139, 139, 1, 4.96%, 0, 0, 2, 52.35
1747817582, 0, 0, 145, 145, 1, 4.96%, 0, 0, 2, 52.59
1747817587, 0, 0, 148, 148, 1, 4.96%, 0, 0, 2, 53.42
1747817592, 0, 0, 153, 153, 1, 4.96%, 0, 0, 2, 80.38
1747817597, 0, 0, 165, 165, 1, 4.97%, 0, 0, 2, 84.87
1747817602, 0, 0, 176, 176, 1, 4.97%, 0, 0, 2, 87.05
1747817607, 0, 0, 183, 183, 1, 4.97%, 0, 0, 2, 88.02
1747817612, 0, 0, 187, 187, 1, 4.97%, 0, 0, 2, 91.09
1747817617, 0, 0, 190, 190, 1, 4.97%, 0, 0, 2, 91.63
1747817622, 0, 0, 195, 195, 1, 4.97%, 0, 0, 2, 90.79
1747817628, 0, 0, 200, 200, 1, 4.97%, 0, 0, 2, 90.45
1747817633, 0, 0, 204, 204, 1, 4.97%, 0, 0, 2, 89.93
1747817638, 0, 0, 208, 208, 1, 4.97%, 0, 0, 2, 90.55
1747817643, 0, 0, 211, 211, 1, 4.97%, 0, 0, 2, 91.32
1747817648, 0, 0, 216, 216, 1, 4.97%, 0, 0, 2, 90.12
1747817653, 0, 0, 219, 219, 1, 4.97%, 0, 0, 2, 91.95
1747817663, 0, 0, 222, 222, 1, 4.97%, 0, 0, 2, 92.60
1747817669, 0, 0, 224, 224, 1, 4.97%, 0, 0, 2, 91.83
1747817674, 0, 0, 227, 227, 1, 4.97%, 0, 0, 2, 91.02
1747817679, 0, 0, 231, 231, 1, 4.97%, 0, 0, 2, 91.68
1747817684, 0, 0, 234, 234, 1, 4.97%, 0, 0, 2, 90.33
1747817689, 0, 0, 236, 236, 1, 4.99%, 0, 0, 2, 90.93
1747817694, 0, 0, 237, 237, 1, 4.99%, 0, 0, 2, 91.82
1747817704, 0, 0, 238, 238, 1, 4.99%, 0, 0, 2, 93.28
1747817715, 0, 0, 239, 239, 1, 4.99%, 0, 0, 2, 92.49
1747817720, 0, 0, 240, 240, 1, 4.99%, 0, 0, 2, 92.07
1747817725, 0, 0, 241, 241, 1, 4.99%, 0, 0, 2, 92.51
1747817735, 0, 0, 243, 243, 1, 4.99%, 0, 0, 2, 90.41
1747817745, 0, 0, 245, 245, 1, 4.99%, 0, 0, 2, 90.91
1747817751, 0, 1, 246, 245, 12, 4.99%, 0, 0, 2, 93.42
1747817756, 0, 1, 247, 246, 12, 4.99%, 0, 0, 3, 92.03
1747817761, 0, 1, 249, 248, 12, 4.99%, 0, 0, 3, 92.04
1747817766, 0, 1, 250, 249, 12, 4.99%, 0, 0, 3, 91.81
1747817776, 0, 1, 251, 250, 12, 4.99%, 0, 0, 3, 92.44
1747817781, 0, 1, 252, 251, 12, 4.99%, 0, 0, 3, 92.50
1747817797, 0, 1, 253, 252, 12, 4.99%, 0, 0, 3, 92.01
1747817802, 0, 1, 256, 255, 12, 5.00%, 0, 0, 3, 91.49
1747817807, 0, 1, 257, 256, 12, 5.00%, 0, 0, 3, 92.85
1747817812, 0, 1, 258, 257, 12, 5.00%, 0, 0, 3, 93.00
1747817817, 0, 1, 259, 258, 12, 5.00%, 0, 0, 3, 93.14
1747817827, 0, 1, 260, 259, 12, 5.00%, 0, 0, 3, 93.09
1747817848, 0, 1, 261, 260, 12, 5.00%, 0, 0, 3, 92.81
1747817863, 0, 1, 262, 261, 12, 5.00%, 0, 0, 3, 92.67
1747817868, 0, 1, 263, 262, 12, 5.00%, 0, 0, 3, 93.01
1747817904, 0, 1, 265, 264, 12, 5.00%, 0, 0, 3, 93.36
1747817930, 0, 3, 270, 268, 12, 5.00%, 0, 0, 3, 84.33
1747817935, 0, 3, 295, 293, 12, 5.04%, 0, 0, 3, 58.43
1747817940, 0, 3, 315, 313, 12, 5.04%, 0, 0, 3, 53.38
1747817945, 0, 3, 330, 328, 12, 5.05%, 0, 0, 3, 52.95
1747817950, 0, 3, 343, 341, 12, 5.07%, 0, 0, 3, 51.72
1747817955, 0, 3, 350, 348, 12, 5.07%, 0, 0, 3, 52.87
1747817960, 0, 3, 360, 358, 12, 5.07%, 0, 0, 3, 53.09
1747817965, 0, 3, 365, 363, 12, 5.07%, 0, 0, 3, 53.44
1747817970, 0, 3, 373, 371, 12, 5.08%, 0, 0, 3, 53.06
1747817976, 0, 3, 376, 374, 12, 5.08%, 0, 0, 3, 54.06
1747817981, 0, 3, 380, 378, 12, 5.08%, 0, 0, 3, 53.60
1747817986, 0, 3, 383, 381, 12, 5.08%, 0, 0, 3, 53.91
1747817991, 0, 3, 389, 387, 12, 5.08%, 0, 0, 3, 52.08
1747817996, 0, 3, 390, 388, 12, 5.08%, 0, 0, 3, 54.11
1747818001, 0, 3, 395, 393, 12, 5.08%, 0, 0, 3, 53.81
1747818006, 0, 3, 397, 395, 12, 5.08%, 0, 0, 3, 53.87
1747818011, 0, 3, 401, 399, 12, 5.08%, 0, 0, 3, 53.92
1747818016, 0, 3, 403, 401, 12, 5.08%, 0, 0, 3, 54.50
1747818021, 0, 3, 404, 402, 12, 5.08%, 0, 0, 3, 54.66
1747818026, 0, 3, 405, 403, 12, 5.08%, 0, 0, 3, 54.53
1747818031, 0, 5, 421, 419, 12, 5.16%, 0, 0, 3, 44.41
1747818036, 0, 5, 438, 436, 12, 5.16%, 0, 0, 3, 41.15
1747818042, 0, 5, 452, 450, 12, 5.16%, 0, 0, 3, 40.16
1747818047, 0, 5, 464, 462, 12, 5.16%, 0, 0, 3, 40.53
1747818052, 0, 5, 474, 472, 12, 5.19%, 0, 0, 3, 40.32
1747818057, 0, 5, 484, 482, 12, 5.26%, 0, 0, 3, 40.04
1747818062, 0, 5, 496, 494, 12, 5.26%, 0, 0, 3, 40.03
1747818067, 0, 5, 501, 499, 12, 5.79%, 0, 0, 3, 41.12
1747818072, 0, 5, 510, 508, 12, 5.79%, 0, 0, 3, 40.84
1747818077, 0, 5, 515, 513, 12, 5.80%, 0, 0, 3, 40.35
1747818083, 0, 5, 518, 516, 12, 5.80%, 0, 0, 3, 40.77
1747818088, 0, 5, 525, 523, 12, 5.88%, 0, 0, 3, 41.52
1747818093, 0, 5, 530, 528, 12, 5.89%, 0, 0, 3, 41.27
1747818098, 0, 5, 534, 532, 12, 5.89%, 0, 0, 3, 40.71
1747818103, 0, 5, 539, 537, 12, 5.95%, 0, 0, 3, 40.73
1747818108, 0, 5, 540, 538, 12, 5.95%, 0, 0, 3, 41.68
1747818113, 0, 5, 546, 544, 12, 5.96%, 0, 0, 3, 40.99
1747818119, 0, 5, 548, 546, 12, 5.96%, 0, 0, 3, 41.06
1747818124, 0, 5, 553, 551, 12, 5.96%, 0, 0, 3, 41.11
1747818129, 0, 5, 554, 552, 12, 5.96%, 0, 0, 3, 41.61
1747818134, 0, 5, 556, 554, 12, 5.96%, 0, 0, 3, 41.61
1747818139, 0, 5, 559, 557, 12, 5.96%, 0, 0, 3, 41.49
1747818155, 0, 5, 560, 558, 12, 5.96%, 0, 0, 3, 41.86
1747818160, 0, 7, 572, 570, 11, 6.08%, 0, 0, 3, 37.38
1747818165, 0, 7, 586, 584, 11, 6.08%, 0, 0, 3, 34.99
1747818170, 0, 7, 600, 598, 11, 6.08%, 0, 0, 3, 34.76
1747818175, 0, 7, 612, 610, 11, 6.08%, 0, 0, 3, 34.52
1747818180, 0, 7, 622, 620, 11, 6.08%, 0, 0, 3, 33.95
1747818185, 0, 7, 628, 626, 11, 6.08%, 0, 0, 3, 34.36
1747818191, 0, 7, 638, 636, 11, 6.08%, 0, 0, 3, 34.35
1747818196, 0, 7, 646, 644, 11, 6.08%, 0, 0, 3, 34.33
1747818201, 0, 7, 654, 652, 11, 6.08%, 0, 0, 3, 34.08
1747818206, 0, 7, 660, 658, 11, 6.08%, 0, 0, 3, 34.62
1747818211, 0, 7, 666, 664, 11, 6.08%, 0, 0, 3, 34.19
1747818216, 0, 7, 669, 667, 11, 6.08%, 0, 0, 3, 34.90
1747818221, 0, 7, 672, 670, 11, 6.08%, 0, 0, 3, 34.62
1747818226, 0, 7, 676, 674, 11, 6.08%, 0, 0, 3, 34.35
1747818231, 0, 7, 678, 676, 11, 6.08%, 0, 0, 3, 25.99
1747818237, 0, 7, 679, 677, 11, 6.08%, 0, 0, 3, 22.11
1747818247, 0, 7, 680, 678, 11, 6.08%, 0, 0, 3, 20.56
1747818252, 0, 7, 681, 679, 11, 6.08%, 0, 0, 3, 20.48
1747818257, 0, 7, 683, 681, 11, 6.08%, 0, 0, 3, 20.35
1747818267, 0, 7, 684, 682, 11, 6.08%, 0, 0, 3, 20.40
1747818273, 0, 7, 685, 683, 11, 6.08%, 0, 0, 3, 20.47
1747818278, 0, 7, 688, 686, 11, 6.08%, 0, 0, 3, 20.15
1747818283, 0, 7, 691, 689, 11, 6.08%, 0, 0, 3, 19.99
1747818293, 0, 7, 692, 690, 11, 6.08%, 0, 0, 3, 20.60
1747818298, 0, 7, 693, 691, 11, 6.08%, 0, 0, 3, 20.62
1747818303, 0, 7, 694, 692, 11, 6.08%, 0, 0, 3, 20.57
1747818308, 0, 7, 695, 693, 11, 6.08%, 0, 0, 3, 20.42
1747818313, 0, 7, 698, 696, 11, 6.08%, 0, 0, 3, 20.56
1747818324, 0, 7, 699, 697, 11, 6.08%, 0, 0, 3, 20.34
1747818329, 0, 7, 700, 698, 11, 6.08%, 0, 0, 3, 20.50
1747818334, 0, 7, 701, 699, 11, 6.08%, 0, 0, 3, 20.48
1747818354, 0, 7, 702, 700, 11, 6.08%, 0, 0, 3, 20.24
1747818360, 0, 7, 703, 701, 11, 6.08%, 0, 0, 3, 20.64
1747818365, 0, 8, 704, 702, 13, 6.08%, 0, 0, 3, 20.26
1747818370, 0, 8, 705, 703, 13, 6.08%, 0, 0, 3, 20.05
1747818375, 0, 8, 706, 704, 13, 6.09%, 0, 0, 3, 20.06
1747818380, 0, 8, 707, 705, 13, 6.09%, 0, 0, 3, 20.22
1747818385, 0, 8, 708, 706, 13, 6.09%, 0, 0, 3, 20.00
1747818395, 0, 8, 709, 707, 13, 6.09%, 0, 0, 3, 20.17
1747818400, 0, 8, 710, 708, 13, 6.09%, 0, 0, 3, 20.03
1747818405, 0, 8, 711, 709, 13, 6.09%, 0, 0, 3, 20.06
1747818431, 0, 8, 713, 711, 13, 6.09%, 0, 0, 3, 20.09
1747818441, 0, 8, 714, 712, 13, 6.09%, 0, 0, 3, 20.08
1747818461, 0, 8, 715, 713, 13, 6.09%, 0, 0, 3, 19.94
1747818477, 0, 8, 717, 715, 13, 6.09%, 0, 0, 3, 19.63
1747818492, 0, 8, 718, 716, 13, 6.09%, 0, 0, 3, 18.98
1747818497, 0, 8, 719, 717, 13, 6.09%, 0, 0, 3, 19.66
1747818502, 0, 8, 721, 719, 13, 6.11%, 0, 0, 3, 20.22
1747818512, 0, 8, 722, 720, 13, 6.11%, 0, 0, 3, 20.26
1747818533, 0, 8, 723, 721, 13, 6.11%, 0, 0, 3, 19.96
1747818543, 0, 8, 724, 722, 13, 6.11%, 0, 0, 3, 20.05
1747818569, 0, 8, 725, 723, 13, 6.11%, 0, 0, 3, 19.93
1747818579, 0, 9, 725, 723, 13, 6.11%, 0, 0, 3, 20.11
1747818584, 0, 9, 727, 725, 13, 6.11%, 0, 0, 3, 20.10
1747818599, 0, 9, 728, 726, 13, 6.11%, 0, 0, 3, 19.95
1747818605, 0, 9, 729, 727, 13, 6.11%, 0, 0, 3, 20.15
1747818610, 0, 9, 730, 728, 13, 6.11%, 0, 0, 3, 19.97
1747818615, 0, 9, 731, 729, 13, 6.11%, 0, 0, 3, 20.21
1747818635, 0, 9, 732, 730, 13, 6.11%, 0, 0, 3, 20.22
1747818692, 0, 9, 733, 731, 13, 6.11%, 0, 0, 3, 20.35
1747818697, 0, 9, 734, 732, 13, 6.11%, 0, 0, 3, 19.99
1747818763, 0, 9, 735, 733, 13, 6.11%, 0, 0, 3, 20.05
1747818768, 0, 9, 736, 734, 13, 6.11%, 0, 0, 3, 19.99
1747818773, 0, 9, 737, 735, 13, 6.11%, 0, 0, 3, 20.07
1747818788, 0, 10, 737, 735, 13, 6.11%, 0, 0, 3, 20.16
1747818793, 0, 11, 737, 735, 13, 6.11%, 0, 0, 3, 19.76
1747818798, 0, 11, 740, 738, 13, 6.11%, 0, 0, 3, 19.39
1747818804, 0, 11, 741, 739, 13, 6.11%, 0, 0, 3, 19.41
1747818809, 0, 11, 743, 741, 13, 6.17%, 0, 0, 3, 19.11
1747818824, 0, 11, 745, 743, 13, 6.19%, 0, 0, 3, 19.17
1747818834, 0, 11, 746, 744, 13, 6.19%, 0, 0, 3, 19.09
1747818839, 0, 11, 747, 745, 13, 6.19%, 0, 0, 3, 19.14
1747818874, 0, 11, 748, 746, 13, 6.19%, 0, 0, 3, 19.33
1747818880, 0, 11, 749, 747, 13, 6.19%, 0, 0, 3, 19.48
1747818885, 0, 11, 751, 749, 13, 6.20%, 0, 0, 3, 19.07
1747818890, 0, 11, 752, 750, 13, 6.20%, 0, 0, 3, 19.24
1747818900, 0, 11, 753, 751, 13, 6.20%, 0, 0, 3, 19.31
1747818915, 0, 11, 754, 752, 13, 6.20%, 0, 0, 3, 19.48
1747818956, 0, 11, 756, 754, 13, 6.20%, 0, 0, 3, 19.58
1747819013, 0, 13, 757, 755, 10, 6.20%, 0, 0, 3, 19.29
1747819023, 0, 13, 758, 756, 10, 6.20%, 0, 0, 3, 19.13
1747819033, 0, 13, 759, 757, 10, 6.20%, 0, 0, 3, 19.14
1747819043, 0, 13, 760, 758, 10, 6.20%, 0, 0, 3, 19.17
1747819059, 0, 13, 761, 759, 10, 6.20%, 0, 0, 3, 19.01
1747819130, 0, 13, 762, 760, 10, 6.20%, 0, 0, 3, 19.23
1747819150, 0, 13, 763, 761, 10, 6.20%, 0, 0, 3, 19.13
1747819161, 0, 13, 764, 762, 10, 6.20%, 0, 0, 3, 19.05
1747819206, 0, 13, 765, 763, 10, 6.20%, 0, 0, 3, 19.16
1747819227, 0, 13, 766, 764, 10, 6.20%, 0, 0, 3, 19.13
1747819232, 0, 14, 766, 764, 12, 6.20%, 0, 0, 3, 19.11
1747819237, 0, 15, 766, 764, 12, 6.20%, 0, 0, 3, 19.44
1747819242, 0, 15, 767, 765, 12, 6.20%, 0, 0, 3, 19.44
1747819247, 0, 16, 767, 765, 12, 6.20%, 0, 0, 3, 19.47
1747819257, 0, 19, 767, 765, 12, 6.20%, 0, 0, 3, 19.49
1747819263, 0, 20, 768, 766, 12, 6.20%, 0, 0, 3, 19.17
1747819268, 0, 20, 769, 767, 12, 6.20%, 0, 0, 3, 19.18
1747819288, 0, 21, 769, 767, 12, 6.20%, 0, 0, 3, 19.28
1747819298, 0, 22, 773, 771, 12, 6.25%, 0, 0, 3, 17.85
1747819303, 0, 22, 776, 774, 12, 6.25%, 0, 0, 3, 17.72
1747819308, 0, 22, 779, 777, 12, 6.25%, 0, 0, 3, 18.02
1747819314, 0, 22, 783, 781, 12, 6.25%, 0, 0, 3, 17.46
1747819319, 0, 22, 784, 782, 12, 6.25%, 0, 0, 3, 17.97
1747819324, 0, 22, 787, 785, 12, 6.25%, 0, 0, 3, 17.69
1747819329, 0, 22, 788, 786, 12, 6.32%, 0, 0, 3, 17.65
1747819334, 0, 22, 789, 787, 12, 6.32%, 0, 0, 3, 17.59
1747819344, 0, 22, 790, 788, 12, 6.32%, 0, 0, 3, 17.76
1747819349, 0, 22, 791, 789, 12, 6.32%, 0, 0, 3, 17.80
1747819354, 0, 22, 793, 791, 12, 6.36%, 0, 0, 3, 17.80
1747819359, 0, 22, 795, 793, 12, 6.36%, 0, 0, 3, 17.41
1747819370, 0, 22, 796, 794, 12, 6.36%, 0, 0, 3, 17.91
1747819375, 0, 22, 797, 795, 12, 6.36%, 0, 0, 3, 17.73
1747819380, 0, 22, 798, 796, 12, 6.37%, 0, 0, 3, 17.74
1747819385, 0, 22, 799, 797, 12, 6.37%, 0, 0, 3, 17.58
1747819390, 0, 22, 801, 799, 12, 6.37%, 0, 0, 3, 17.41
1747819395, 0, 22, 802, 800, 12, 6.37%, 0, 0, 3, 17.91
1747819406, 0, 22, 804, 802, 12, 6.37%, 0, 0, 3, 17.87
1747819462, 0, 22, 805, 803, 12, 6.37%, 0, 0, 3, 17.79
1747819467, 0, 22, 808, 806, 12, 6.37%, 0, 0, 3, 17.28
1747819472, 0, 22, 809, 807, 12, 6.37%, 0, 0, 3, 18.23
1747819477, 0, 22, 810, 808, 12, 6.37%, 0, 0, 3, 17.84
1747819513, 0, 22, 811, 809, 12, 6.38%, 0, 0, 3, 17.84
1747819544, 0, 23, 811, 809, 14, 6.38%, 0, 0, 3, 18.43
1747819554, 0, 27, 811, 809, 14, 6.38%, 0, 0, 3, 19.34
1747819559, 0, 28, 814, 812, 14, 6.39%, 0, 0, 3, 18.20
1747819564, 0, 28, 817, 815, 14, 6.39%, 0, 0, 3, 17.38
1747819569, 0, 28, 819, 817, 14, 6.41%, 0, 0, 3, 17.30
1747819575, 0, 28, 825, 823, 14, 6.41%, 0, 0, 3, 16.62
1747819580, 0, 28, 828, 826, 14, 6.41%, 0, 0, 3, 16.68
1747819585, 0, 28, 831, 829, 14, 6.41%, 0, 0, 3, 16.92
1747819595, 0, 28, 832, 830, 14, 6.41%, 0, 0, 3, 17.17
1747819600, 0, 28, 833, 831, 14, 6.41%, 0, 0, 3, 17.32
1747819605, 0, 28, 835, 833, 14, 6.43%, 0, 0, 3, 16.96
1747819610, 0, 28, 836, 834, 14, 6.44%, 0, 0, 3, 16.88
1747819615, 0, 28, 837, 835, 14, 6.44%, 0, 0, 3, 17.19
1747819620, 0, 28, 838, 836, 14, 6.44%, 0, 0, 3, 17.27
1747819626, 0, 28, 839, 837, 14, 6.44%, 0, 0, 3, 17.42
1747819631, 0, 28, 840, 838, 14, 6.44%, 0, 0, 3, 17.05
1747819651, 0, 28, 841, 839, 14, 6.44%, 0, 0, 3, 17.35
1747819656, 0, 28, 843, 841, 14, 6.44%, 0, 0, 3, 17.01
1747819672, 0, 28, 845, 843, 14, 6.44%, 0, 0, 3, 17.50
1747819692, 0, 28, 846, 844, 14, 6.44%, 0, 0, 3, 17.38
1747819698, 0, 28, 848, 846, 14, 6.44%, 0, 0, 3, 17.17
1747819708, 0, 28, 849, 847, 14, 6.44%, 0, 0, 3, 17.56
1747819738, 0, 28, 850, 848, 14, 6.44%, 0, 0, 3, 17.73
1747819754, 0, 28, 851, 849, 14, 6.44%, 0, 0, 3, 17.48
1747819764, 0, 28, 852, 850, 14, 6.45%, 0, 0, 3, 17.81
1747819769, 0, 28, 853, 851, 14, 6.45%, 0, 0, 3, 17.23
1747819795, 0, 28, 854, 852, 14, 6.45%, 0, 0, 3, 17.37
1747819815, 0, 30, 854, 852, 15, 6.45%, 0, 0, 3, 17.58
1747819820, 0, 31, 854, 852, 15, 6.45%, 0, 0, 3, 17.41
1747819825, 0, 31, 856, 854, 15, 6.45%, 0, 0, 3, 17.20
1747819830, 0, 31, 858, 856, 15, 6.45%, 0, 0, 3, 17.31
1747819835, 0, 31, 860, 858, 15, 6.45%, 0, 0, 3, 17.29
1747819850, 0, 31, 861, 859, 15, 6.45%, 0, 0, 3, 17.04
1747819866, 0, 31, 863, 861, 15, 6.45%, 0, 0, 3, 16.84
1747819907, 0, 31, 864, 862, 15, 6.45%, 0, 0, 3, 17.27
1747819978, 0, 31, 865, 863, 15, 6.45%, 0, 0, 3, 17.26
1747819983, 0, 31, 866, 864, 15, 6.45%, 0, 0, 3, 17.15
1747820034, 0, 31, 867, 865, 15, 6.45%, 0, 0, 3, 17.42
1747820065, 0, 33, 871, 869, 15, 6.45%, 0, 0, 3, 15.97
1747820070, 0, 33, 873, 871, 15, 6.45%, 0, 0, 3, 16.02
1747820075, 0, 33, 875, 873, 15, 6.45%, 0, 0, 3, 15.83
1747820080, 0, 33, 876, 874, 15, 6.45%, 0, 0, 3, 16.26
1747820085, 0, 33, 878, 876, 15, 6.45%, 0, 0, 3, 16.29
1747820095, 0, 33, 880, 878, 15, 6.45%, 0, 0, 3, 16.36
1747820100, 0, 33, 881, 879, 15, 6.45%, 0, 0, 3, 16.02
1747820106, 0, 33, 882, 880, 15, 6.45%, 0, 0, 3, 16.40
1747820121, 0, 33, 883, 881, 15, 6.45%, 0, 0, 3, 16.79
1747820131, 0, 33, 884, 882, 15, 6.45%, 0, 0, 3, 16.96
1747820141, 0, 33, 885, 883, 15, 6.48%, 0, 0, 3, 16.09
1747820162, 0, 33, 886, 884, 15, 6.48%, 0, 0, 3, 16.79
1747820182, 0, 33, 887, 885, 15, 6.48%, 0, 0, 3, 16.57
1747820187, 0, 33, 888, 886, 15, 6.48%, 0, 0, 3, 16.71
1747820197, 0, 33, 889, 887, 15, 6.48%, 0, 0, 3, 17.03
1747820244, 0, 33, 890, 888, 15, 6.48%, 0, 0, 3, 17.00
1747820249, 0, 33, 891, 889, 15, 6.48%, 0, 0, 3, 16.60
1747820259, 0, 33, 892, 890, 15, 6.48%, 0, 0, 3, 16.23
1747820269, 0, 33, 893, 891, 15, 6.48%, 0, 0, 3, 16.57
1747820305, 0, 33, 894, 892, 15, 6.48%, 0, 0, 3, 16.33
1747820310, 0, 33, 895, 893, 15, 6.48%, 0, 0, 3, 16.71
1747820320, 0, 34, 895, 893, 15, 6.48%, 0, 0, 3, 17.57
1747820330, 0, 35, 897, 895, 15, 6.48%, 0, 0, 3, 16.19
1747820335, 0, 35, 899, 897, 15, 6.48%, 0, 0, 3, 15.82
1747820340, 0, 35, 901, 899, 15, 6.48%, 0, 0, 3, 15.64
1747820346, 0, 35, 904, 902, 15, 6.48%, 0, 0, 3, 15.43
1747820351, 0, 35, 906, 904, 15, 6.48%, 0, 0, 3, 15.13
1747820361, 0, 35, 907, 905, 15, 6.48%, 0, 0, 3, 16.57
1747820366, 0, 35, 908, 906, 15, 6.48%, 0, 0, 3, 16.51
1747820371, 0, 35, 909, 907, 15, 6.48%, 0, 0, 3, 16.60
1747820376, 0, 35, 911, 909, 15, 6.48%, 0, 0, 3, 15.76
1747820392, 0, 35, 912, 910, 15, 6.48%, 0, 0, 3, 16.85
1747820397, 0, 35, 913, 911, 15, 6.48%, 0, 0, 3, 16.49
1747820407, 0, 35, 914, 912, 15, 6.48%, 0, 0, 3, 17.00
1747820417, 0, 35, 915, 913, 15, 6.48%, 0, 0, 3, 16.28
1747820453, 0, 35, 916, 914, 15, 6.48%, 0, 0, 3, 16.16
1747820458, 0, 35, 917, 915, 15, 6.48%, 0, 0, 3, 15.90
1747820479, 0, 35, 919, 917, 15, 6.48%, 0, 0, 3, 15.77
1747820494, 0, 35, 920, 918, 15, 6.48%, 0, 0, 3, 16.27
1747820525, 0, 35, 921, 919, 15, 6.48%, 0, 0, 3, 16.01
1747820581, 0, 35, 922, 920, 15, 6.48%, 0, 0, 3, 16.67
1747820586, 0, 35, 923, 921, 15, 6.48%, 0, 0, 3, 16.29
1747820591, 0, 36, 923, 921, 16, 6.48%, 0, 0, 3, 16.63
1747820602, 0, 37, 924, 922, 16, 6.48%, 0, 0, 3, 16.39
1747820617, 0, 39, 926, 924, 16, 6.48%, 0, 0, 3, 15.88
1747820627, 0, 39, 927, 925, 16, 6.48%, 0, 0, 3, 16.24
1747820632, 0, 39, 929, 927, 16, 6.48%, 0, 0, 3, 15.66
1747820647, 0, 39, 931, 929, 16, 6.48%, 0, 0, 3, 15.76
1747820652, 0, 39, 932, 930, 16, 6.48%, 0, 0, 3, 15.97
1747820658, 0, 39, 934, 932, 16, 6.48%, 0, 0, 3, 15.46
1747820729, 0, 39, 935, 933, 16, 6.48%, 0, 0, 3, 16.00
1747820739, 0, 39, 936, 934, 16, 6.48%, 0, 0, 3, 15.79
1747820749, 0, 39, 937, 935, 16, 6.48%, 0, 0, 3, 16.54
1747820770, 0, 39, 938, 936, 16, 6.48%, 0, 0, 3, 16.19
1747820775, 0, 39, 939, 937, 16, 6.48%, 0, 0, 3, 16.19
1747820800, 0, 39, 940, 938, 16, 6.48%, 0, 0, 3, 16.03
1747820821, 0, 39, 941, 939, 16, 6.49%, 0, 0, 3, 16.05
1747820877, 0, 40, 945, 943, 14, 6.49%, 0, 0, 3, 14.63
1747820892, 0, 40, 947, 945, 14, 6.49%, 0, 0, 3, 15.76
1747820907, 0, 40, 948, 946, 14, 6.49%, 0, 0, 3, 16.00
1747820933, 0, 40, 949, 947, 14, 6.49%, 0, 0, 3, 15.40
1747820948, 0, 40, 950, 948, 14, 6.49%, 0, 0, 3, 16.20
1747820964, 0, 40, 951, 949, 14, 6.49%, 0, 0, 3, 16.13
1747820969, 0, 40, 952, 950, 14, 6.75%, 0, 0, 3, 15.59
1747820974, 0, 40, 953, 951, 14, 6.75%, 0, 0, 3, 15.55
1747820979, 0, 40, 954, 952, 14, 6.75%, 0, 0, 3, 16.27
1747821071, 0, 40, 955, 953, 14, 6.75%, 0, 0, 3, 15.85
1747821087, 0, 40, 956, 954, 14, 6.75%, 0, 0, 3, 15.88
1747821138, 0, 41, 956, 954, 13, 6.75%, 0, 0, 3, 15.79
1747821148, 0, 42, 956, 954, 13, 6.75%, 0, 0, 3, 15.82
1747821153, 0, 43, 956, 954, 13, 6.75%, 0, 0, 3, 15.89
1747821163, 0, 45, 957, 955, 13, 6.75%, 0, 0, 3, 15.46
1747821173, 0, 45, 958, 956, 13, 6.75%, 0, 0, 3, 16.13
1747821178, 0, 45, 959, 957, 13, 6.75%, 0, 0, 3, 15.87
1747821194, 0, 45, 960, 958, 13, 6.75%, 0, 0, 3, 15.85
1747821240, 0, 45, 961, 959, 13, 6.75%, 0, 0, 3, 15.19
1747821245, 0, 45, 962, 960, 13, 6.75%, 0, 0, 3, 15.65
1747821250, 0, 45, 963, 961, 13, 6.75%, 0, 0, 3, 15.49
1747821321, 0, 45, 964, 962, 13, 6.75%, 0, 0, 3, 16.19
1747821367, 0, 45, 965, 963, 13, 6.75%, 0, 0, 3, 15.80
1747821423, 0, 46, 965, 963, 15, 6.75%, 0, 0, 3, 15.87
1747821428, 0, 47, 966, 964, 15, 6.75%, 0, 0, 3, 16.20
1747821444, 0, 48, 967, 965, 15, 6.75%, 0, 0, 3, 16.41
1747821449, 0, 48, 969, 967, 15, 6.75%, 0, 0, 3, 15.67
1747821454, 0, 48, 970, 968, 15, 6.75%, 0, 0, 3, 15.31
1747821459, 0, 48, 972, 970, 15, 6.75%, 0, 0, 3, 14.95
1747821479, 0, 48, 973, 971, 15, 6.75%, 0, 0, 3, 16.37
1747821526, 0, 48, 974, 972, 15, 6.75%, 0, 0, 3, 15.64
1747821536, 0, 48, 975, 973, 15, 6.75%, 0, 0, 3, 16.17
1747821566, 0, 48, 976, 974, 15, 6.75%, 0, 0, 3, 15.77
1747821571, 0, 48, 977, 975, 15, 6.76%, 0, 0, 3, 15.84
1747821576, 0, 48, 978, 976, 15, 6.76%, 0, 0, 3, 15.84
1747821617, 0, 48, 979, 977, 15, 6.76%, 0, 0, 3, 16.15
1747821704, 0, 50, 979, 977, 16, 6.76%, 0, 0, 3, 16.23
1747821715, 0, 51, 980, 978, 16, 6.76%, 0, 0, 3, 16.08
1747821720, 0, 51, 981, 979, 16, 6.76%, 0, 0, 3, 15.61
1747821746, 0, 51, 982, 980, 16, 6.76%, 0, 0, 3, 16.16
1747821751, 0, 51, 983, 981, 16, 6.76%, 0, 0, 3, 15.54
1747821756, 0, 51, 984, 982, 16, 6.76%, 0, 0, 3, 15.25
1747821791, 0, 51, 985, 983, 16, 6.76%, 0, 0, 3, 15.27
1747821817, 0, 51, 986, 984, 16, 6.76%, 0, 0, 3, 15.46
1747821847, 0, 51, 987, 985, 16, 6.76%, 0, 0, 3, 15.96
1747821899, 0, 51, 988, 986, 16, 6.76%, 0, 0, 3, 15.12
1747821944, 0, 51, 989, 987, 16, 6.76%, 0, 0, 3, 15.60
1747821965, 0, 51, 990, 988, 16, 6.76%, 0, 0, 3, 16.18
1747821975, 0, 52, 991, 989, 15, 6.76%, 0, 0, 3, 15.65
1747821981, 0, 52, 992, 990, 15, 6.76%, 0, 0, 3, 15.95
1747821986, 0, 52, 994, 992, 15, 6.76%, 0, 0, 3, 15.37
1747821996, 0, 52, 995, 993, 15, 6.77%, 0, 0, 3, 15.25
1747822001, 0, 52, 996, 994, 15, 6.77%, 0, 0, 3, 15.74
1747822016, 0, 52, 999, 997, 15, 6.77%, 0, 0, 3, 15.25
1747822021, 0, 52, 1000, 998, 15, 6.77%, 0, 0, 3, 15.47
1747822052, 0, 52, 1001, 999, 15, 6.77%, 0, 0, 3, 15.97
1747822057, 0, 52, 1002, 1000, 15, 6.77%, 0, 0, 3, 16.14
1747822068, 0, 52, 1003, 1001, 15, 6.77%, 0, 0, 3, 16.12
1747822083, 0, 52, 1004, 1002, 15, 6.77%, 0, 0, 3, 15.37
1747822098, 0, 52, 1005, 1003, 15, 6.77%, 0, 0, 3, 16.09
1747822103, 0, 52, 1006, 1004, 15, 6.77%, 0, 0, 3, 16.00
1747822129, 0, 52, 1007, 1005, 15, 6.77%, 0, 0, 3, 15.43
1747822150, 0, 52, 1008, 1006, 15, 6.77%, 0, 0, 3, 15.54
1747822155, 0, 52, 1009, 1007, 15, 6.77%, 0, 0, 3, 15.51
1747822180, 0, 52, 1010, 1008, 15, 6.77%, 0, 0, 3, 15.73
1747822186, 0, 52, 1011, 1009, 15, 6.77%, 0, 0, 3, 15.56
1747822247, 0, 54, 1011, 1009, 16, 6.77%, 0, 0, 3, 15.80
1747822252, 0, 55, 1011, 1009, 16, 6.77%, 0, 0, 3, 15.91
1747822262, 0, 56, 1011, 1009, 16, 6.77%, 0, 0, 3, 16.61
1747822268, 0, 57, 1011, 1009, 16, 6.77%, 0, 0, 3, 16.25
1747822273, 0, 57, 1012, 1010, 16, 6.77%, 0, 0, 3, 16.04
1747822283, 0, 59, 1012, 1010, 16, 6.77%, 0, 0, 3, 16.23
1747822293, 0, 59, 1014, 1012, 16, 6.77%, 0, 0, 3, 15.64
1747822298, 0, 59, 1016, 1014, 16, 6.77%, 0, 0, 3, 14.42
1747822303, 0, 59, 1017, 1015, 16, 6.77%, 0, 0, 3, 15.78
1747822314, 0, 59, 1018, 1016, 16, 6.77%, 0, 0, 3, 15.54
1747822344, 0, 59, 1019, 1017, 16, 6.77%, 0, 0, 3, 14.68
1747822354, 0, 59, 1020, 1018, 16, 6.77%, 0, 0, 3, 15.99
1747822390, 0, 59, 1021, 1019, 16, 6.77%, 0, 0, 3, 14.55
1747822400, 0, 59, 1022, 1020, 16, 6.77%, 0, 0, 3, 15.85
1747822436, 0, 59, 1023, 1021, 16, 6.77%, 0, 0, 3, 15.35
1747822508, 0, 59, 1024, 1022, 16, 6.77%, 0, 0, 3, 15.19
1747822523, 0, 59, 1025, 1023, 16, 6.77%, 0, 0, 3, 15.08
1747822528, 0, 59, 1026, 1024, 16, 6.77%, 0, 0, 3, 15.37
1747822554, 0, 60, 1026, 1024, 16, 6.77%, 0, 0, 3, 16.35
1747822559, 0, 62, 1026, 1024, 16, 6.77%, 0, 0, 3, 15.74
1747822570, 0, 63, 1026, 1024, 16, 6.77%, 0, 0, 3, 15.80
1747822575, 0, 64, 1026, 1024, 16, 6.77%, 0, 0, 3, 16.11
1747822585, 0, 66, 1026, 1024, 16, 6.77%, 0, 0, 3, 15.92
1747822595, 0, 67, 1026, 1024, 16, 6.77%, 0, 0, 3, 15.45
1747822600, 0, 68, 1026, 1024, 16, 6.77%, 0, 0, 3, 16.39
1747822610, 0, 69, 1026, 1024, 16, 6.77%, 0, 0, 3, 16.10
1747822615, 0, 70, 1026, 1024, 16, 6.77%, 0, 0, 3, 15.31
1747822626, 0, 71, 1026, 1024, 16, 6.77%, 0, 0, 3, 14.90
1747822636, 0, 72, 1026, 1024, 16, 6.77%, 0, 0, 3, 15.51
1747822641, 0, 74, 1026, 1024, 16, 6.77%, 0, 0, 3, 15.55
1747822651, 0, 76, 1026, 1024, 16, 6.77%, 0, 0, 3, 14.79
1747822662, 0, 77, 1026, 1024, 16, 6.77%, 0, 0, 3, 15.35
1747822667, 0, 79, 1026, 1024, 16, 6.77%, 0, 0, 3, 15.25
1747822677, 0, 80, 1026, 1024, 16, 6.77%, 0, 0, 3, 15.42
1747822682, 0, 81, 1026, 1024, 16, 6.77%, 0, 0, 3, 16.07
1747822693, 0, 82, 1026, 1024, 16, 6.77%, 0, 0, 3, 16.28
1747822703, 0, 83, 1026, 1024, 16, 6.77%, 0, 0, 3, 15.42
1747822708, 0, 84, 1026, 1024, 16, 6.77%, 0, 0, 3, 15.21
1747822718, 0, 86, 1026, 1024, 16, 6.77%, 0, 0, 3, 15.13
1747822723, 0, 86, 1027, 1025, 16, 6.77%, 0, 0, 3, 14.83
1747822734, 0, 87, 1027, 1025, 16, 6.77%, 0, 0, 3, 15.30
1747822744, 0, 89, 1027, 1025, 16, 6.77%, 0, 0, 3, 15.47
1747822749, 0, 90, 1027, 1025, 16, 6.77%, 0, 0, 3, 15.38
1747822759, 0, 91, 1027, 1025, 16, 6.77%, 0, 0, 3, 14.76
1747822770, 0, 91, 1028, 1026, 16, 6.77%, 0, 0, 3, 14.66
1747822775, 0, 91, 1029, 1027, 16, 6.77%, 0, 0, 3, 15.12
1747822795, 0, 92, 1029, 1027, 16, 6.77%, 0, 0, 3, 15.44
1747822805, 0, 93, 1029, 1027, 16, 6.77%, 0, 0, 3, 15.47
1747822810, 0, 94, 1029, 1027, 16, 6.77%, 0, 0, 3, 15.88
1747822820, 0, 95, 1029, 1027, 16, 6.77%, 0, 0, 3, 15.30
1747822831, 0, 96, 1029, 1027, 16, 6.77%, 0, 0, 3, 15.13
1747822836, 0, 97, 1029, 1027, 16, 6.77%, 0, 0, 3, 15.18
1747822846, 0, 98, 1029, 1027, 16, 6.77%, 0, 0, 3, 15.69
1747822851, 0, 99, 1029, 1027, 16, 6.77%, 0, 0, 3, 15.46
1747822862, 0, 100, 1031, 1029, 16, 7.10%, 0, 0, 3, 15.13
1747822867, 0, 100, 1033, 1031, 16, 7.10%, 0, 0, 3, 13.92
1747822872, 0, 100, 1035, 1033, 16, 7.11%, 0, 0, 3, 13.95
1747822877, 0, 100, 1037, 1035, 16, 7.11%, 0, 0, 3, 14.29
1747822882, 0, 100, 1040, 1038, 16, 7.11%, 0, 0, 3, 13.36
1747822887, 0, 100, 1042, 1040, 16, 7.11%, 0, 0, 3, 14.15
1747822918, 0, 100, 1043, 1041, 16, 7.11%, 0, 0, 3, 14.66
1747822923, 0, 100, 1044, 1042, 16, 7.11%, 0, 0, 3, 14.34
1747822933, 0, 100, 1045, 1043, 16, 7.11%, 0, 0, 3, 15.01
1747822949, 0, 100, 1046, 1044, 16, 7.11%, 0, 0, 3, 14.59
1747823031, 0, 100, 1047, 1045, 16, 7.11%, 0, 0, 3, 14.76
1747823036, 0, 100, 1048, 1046, 16, 7.11%, 0, 0, 3, 14.88
1747823061, 0, 100, 1049, 1047, 16, 7.11%, 0, 0, 3, 14.95
1747823066, 0, 100, 1050, 1048, 16, 7.11%, 0, 0, 3, 15.21
1747823092, 0, 100, 1052, 1050, 16, 7.11%, 0, 0, 3, 14.40
1747823113, 0, 100, 1053, 1051, 16, 7.11%, 0, 0, 3, 15.09
1747823143, 0, 100, 1054, 1052, 16, 7.11%, 0, 0, 3, 15.09
1747823148, 0, 101, 1054, 1052, 18, 7.11%, 0, 0, 3, 15.05
1747823153, 0, 101, 1056, 1054, 18, 7.11%, 0, 0, 3, 14.62
1747823158, 0, 101, 1058, 1056, 18, 7.11%, 0, 0, 3, 14.09
1747823163, 0, 101, 1059, 1057, 18, 7.11%, 0, 0, 3, 14.50
1747823169, 0, 101, 1060, 1058, 18, 7.11%, 0, 0, 3, 15.21
1747823174, 0, 101, 1061, 1059, 18, 7.11%, 0, 0, 3, 14.55
1747823250, 0, 101, 1062, 1060, 18, 7.11%, 0, 0, 3, 14.63
1747823281, 0, 101, 1063, 1061, 18, 7.11%, 0, 0, 3, 14.82
1747823301, 0, 101, 1064, 1062, 18, 7.11%, 0, 0, 3, 15.21
1747823362, 0, 101, 1065, 1063, 18, 7.11%, 0, 0, 3, 14.38
1747823429, 0, 103, 1066, 1064, 18, 7.11%, 0, 0, 3, 14.56
1747823434, 0, 104, 1066, 1064, 18, 7.11%, 0, 0, 3, 14.95
1747823444, 0, 105, 1066, 1064, 18, 7.11%, 0, 0, 3, 15.01
1747823449, 0, 105, 1068, 1066, 18, 7.11%, 0, 0, 3, 13.98
1747823454, 0, 105, 1069, 1067, 18, 7.11%, 0, 0, 3, 14.32
1747823459, 0, 105, 1071, 1069, 18, 7.11%, 0, 0, 3, 14.35
1747823485, 0, 105, 1072, 1070, 18, 7.11%, 0, 0, 3, 14.83
1747823521, 0, 105, 1073, 1071, 18, 7.11%, 0, 0, 3, 14.36
1747823542, 0, 105, 1074, 1072, 18, 7.11%, 0, 0, 3, 14.96
1747823557, 0, 105, 1075, 1073, 18, 7.11%, 0, 0, 3, 14.20
1747823629, 0, 105, 1076, 1074, 18, 7.11%, 0, 0, 3, 14.89
1747823639, 0, 105, 1077, 1075, 18, 7.11%, 0, 0, 3, 14.29
1747823649, 0, 105, 1078, 1076, 18, 7.11%, 0, 0, 3, 13.93
1747823655, 0, 105, 1079, 1077, 18, 7.11%, 0, 0, 3, 14.07
1747823706, 0, 105, 1080, 1078, 18, 7.11%, 0, 0, 3, 13.73
1747823731, 0, 106, 1080, 1078, 18, 7.11%, 0, 0, 3, 13.80
1747823736, 0, 106, 1081, 1079, 18, 7.11%, 0, 0, 3, 13.84
1747823741, 0, 106, 1084, 1082, 18, 7.14%, 0, 0, 3, 13.11
1747823746, 0, 106, 1086, 1084, 18, 7.14%, 0, 0, 3, 12.70
1747823751, 0, 106, 1087, 1085, 18, 7.14%, 0, 0, 3, 13.79
1747823802, 0, 106, 1088, 1086, 18, 7.14%, 0, 0, 3, 14.02
1747823828, 0, 106, 1089, 1087, 18, 7.14%, 0, 0, 3, 14.60
1747823838, 0, 106, 1090, 1088, 18, 7.14%, 0, 0, 3, 14.54
1747823854, 0, 106, 1091, 1089, 18, 7.14%, 0, 0, 3, 14.24
1747823859, 0, 106, 1092, 1090, 18, 7.14%, 0, 0, 3, 14.70
1747823920, 0, 106, 1093, 1091, 18, 7.14%, 0, 0, 3, 13.19
1747823930, 0, 106, 1094, 1092, 18, 7.14%, 0, 0, 3, 14.92
1747823956, 0, 106, 1095, 1093, 18, 7.19%, 0, 0, 3, 14.27
1747824027, 0, 107, 1097, 1095, 17, 7.20%, 0, 0, 3, 13.07
1747824033, 0, 107, 1099, 1097, 17, 7.20%, 0, 0, 3, 13.48
1747824038, 0, 107, 1100, 1098, 17, 7.21%, 0, 0, 3, 14.22
1747824048, 0, 107, 1101, 1099, 17, 7.21%, 0, 0, 3, 13.87
1747824053, 0, 107, 1103, 1101, 17, 7.21%, 0, 0, 3, 14.12
1747824064, 0, 107, 1104, 1102, 17, 7.21%, 0, 0, 3, 14.26
1747824074, 0, 107, 1105, 1103, 17, 7.21%, 0, 0, 3, 14.14
1747824079, 0, 107, 1106, 1104, 17, 7.21%, 0, 0, 3, 14.05
1747824094, 0, 107, 1108, 1106, 17, 7.21%, 0, 0, 3, 13.64
1747824099, 0, 107, 1109, 1107, 17, 7.21%, 0, 0, 3, 13.47
1747824104, 0, 107, 1110, 1108, 17, 7.21%, 0, 0, 3, 13.95
1747824109, 0, 107, 1111, 1109, 17, 7.21%, 0, 0, 3, 14.17
1747824120, 0, 107, 1112, 1110, 17, 7.21%, 0, 0, 3, 13.94
1747824135, 0, 107, 1113, 1111, 17, 7.21%, 0, 0, 3, 14.03
1747824140, 0, 107, 1114, 1112, 17, 7.21%, 0, 0, 3, 13.90
1747824150, 0, 107, 1115, 1113, 17, 7.21%, 0, 0, 3, 14.36
1747824160, 0, 107, 1116, 1114, 17, 7.21%, 0, 0, 3, 14.26
1747824165, 0, 107, 1118, 1116, 17, 7.22%, 0, 0, 3, 13.93
1747824176, 0, 107, 1120, 1118, 17, 7.22%, 0, 0, 3, 13.72
1747824196, 0, 107, 1122, 1120, 17, 7.22%, 0, 0, 3, 13.50
1747824221, 0, 107, 1123, 1121, 17, 7.22%, 0, 0, 3, 14.06
1747824237, 0, 107, 1126, 1124, 17, 7.25%, 0, 0, 3, 13.17
1747824242, 0, 107, 1127, 1125, 17, 7.25%, 0, 0, 3, 14.37
1747824252, 0, 107, 1128, 1126, 17, 7.25%, 0, 0, 3, 15.02
1747824257, 0, 107, 1129, 1127, 17, 7.25%, 0, 0, 3, 14.89
1747824263, 0, 107, 1130, 1128, 17, 7.25%, 0, 0, 3, 14.40
1747824278, 0, 107, 1131, 1129, 17, 7.25%, 0, 0, 3, 13.51
1747824334, 0, 108, 1131, 1129, 20, 7.25%, 0, 0, 3, 14.85
1747824344, 0, 109, 1131, 1129, 20, 7.25%, 0, 0, 3, 14.18
1747824354, 0, 111, 1131, 1129, 20, 7.25%, 0, 0, 3, 14.48
1747824360, 0, 112, 1131, 1129, 20, 7.25%, 0, 0, 3, 14.53
1747824365, 0, 112, 1132, 1130, 20, 7.25%, 0, 0, 3, 14.19
1747824375, 0, 112, 1133, 1131, 20, 7.25%, 0, 0, 3, 14.29
1747824390, 0, 112, 1134, 1132, 20, 7.25%, 0, 0, 3, 14.26
1747824411, 0, 112, 1135, 1133, 20, 7.25%, 0, 0, 3, 14.93
1747824436, 0, 112, 1136, 1134, 20, 7.25%, 0, 0, 3, 14.06
1747824488, 0, 112, 1137, 1135, 20, 7.25%, 0, 0, 3, 14.11
1747824508, 0, 112, 1138, 1136, 20, 7.25%, 0, 0, 3, 14.48
1747824518, 0, 112, 1140, 1138, 20, 7.25%, 0, 0, 3, 13.72
1747824523, 0, 112, 1141, 1139, 20, 7.25%, 0, 0, 3, 13.72
1747824528, 0, 112, 1142, 1140, 20, 7.25%, 0, 0, 3, 13.59
1747824575, 0, 112, 1143, 1141, 20, 7.25%, 0, 0, 3, 14.60
1747824585, 0, 112, 1144, 1142, 20, 7.25%, 0, 0, 3, 14.23
1747824641, 0, 112, 1145, 1143, 20, 7.25%, 0, 0, 3, 14.98
1747824646, 0, 112, 1146, 1144, 20, 7.25%, 0, 0, 3, 15.19
1747824651, 0, 114, 1146, 1144, 20, 7.25%, 0, 0, 3, 15.48
1747824657, 0, 116, 1146, 1144, 20, 7.25%, 0, 0, 3, 14.95
1747824662, 0, 116, 1147, 1145, 20, 7.25%, 0, 0, 3, 14.26
1747824672, 0, 116, 1149, 1147, 20, 7.25%, 0, 0, 3, 14.12
1747824677, 0, 116, 1150, 1148, 20, 7.25%, 0, 0, 3, 14.52
1747824682, 0, 116, 1151, 1149, 20, 7.25%, 0, 0, 3, 13.67
1747824693, 0, 116, 1152, 1150, 20, 7.25%, 0, 0, 3, 13.36
1747824733, 0, 116, 1153, 1151, 20, 7.25%, 0, 0, 3, 14.63
1747824764, 0, 116, 1154, 1152, 20, 7.25%, 0, 0, 3, 14.50
1747824775, 0, 116, 1156, 1154, 20, 7.25%, 0, 0, 3, 14.07
1747824780, 0, 116, 1158, 1156, 20, 7.25%, 0, 0, 3, 12.93
1747824795, 0, 116, 1159, 1157, 20, 7.25%, 0, 0, 3, 14.24
1747824836, 0, 116, 1161, 1159, 20, 7.25%, 0, 0, 3, 12.97
1747824888, 0, 116, 1162, 1160, 20, 7.25%, 0, 0, 3, 14.63
1747824923, 0, 116, 1163, 1161, 20, 7.25%, 0, 0, 3, 14.38
1747824954, 0, 117, 1163, 1161, 21, 7.25%, 0, 0, 3, 15.56
1747824959, 0, 118, 1163, 1161, 21, 7.25%, 0, 0, 3, 15.77
1747824969, 0, 119, 1165, 1163, 21, 7.25%, 0, 0, 3, 14.25
1747824974, 0, 119, 1166, 1164, 21, 7.25%, 0, 0, 3, 13.60
1747824984, 0, 119, 1167, 1165, 21, 7.25%, 0, 0, 3, 14.58
1747825000, 0, 119, 1169, 1167, 21, 7.25%, 0, 0, 3, 14.42
1747825005, 0, 119, 1170, 1168, 21, 7.25%, 0, 0, 3, 13.97
1747825010, 0, 119, 1171, 1169, 21, 7.25%, 0, 0, 3, 13.73
1747825015, 0, 119, 1172, 1170, 21, 7.25%, 0, 0, 3, 13.82
1747825041, 0, 119, 1173, 1171, 21, 7.25%, 0, 0, 3, 14.24
1747825051, 0, 119, 1174, 1172, 21, 7.25%, 0, 0, 3, 13.27
1747825056, 0, 119, 1175, 1173, 21, 7.25%, 0, 0, 3, 13.25
1747825077, 0, 119, 1176, 1174, 21, 7.28%, 0, 0, 3, 13.78
1747825092, 0, 119, 1177, 1175, 21, 7.28%, 0, 0, 3, 14.30
1747825118, 0, 119, 1178, 1176, 21, 7.28%, 0, 0, 3, 14.25
1747825256, 0, 119, 1179, 1177, 21, 7.28%, 0, 0, 3, 14.18
1747825261, 0, 120, 1179, 1177, 21, 7.28%, 0, 0, 3, 14.09
1747825271, 0, 122, 1179, 1177, 21, 7.28%, 0, 0, 3, 14.98
1747825276, 0, 122, 1180, 1178, 21, 7.28%, 0, 0, 3, 14.70
1747825281, 0, 122, 1182, 1180, 21, 7.28%, 0, 0, 3, 14.10
1747825343, 0, 123, 1182, 1180, 21, 7.28%, 0, 0, 3, 14.63
1747825353, 0, 124, 1182, 1180, 21, 7.28%, 0, 0, 3, 14.72
1747825363, 0, 125, 1182, 1180, 21, 7.28%, 0, 0, 3, 14.59
1747825369, 0, 126, 1182, 1180, 21, 7.28%, 0, 0, 3, 15.23
1747825374, 0, 126, 1183, 1181, 21, 7.28%, 0, 0, 3, 13.31
1747825389, 0, 127, 1183, 1181, 21, 7.28%, 0, 0, 3, 14.03
1747825399, 0, 131, 1183, 1181, 21, 7.28%, 0, 0, 3, 14.61
1747825404, 0, 134, 1183, 1181, 21, 7.28%, 0, 0, 3, 14.68
1747825415, 0, 135, 1183, 1181, 21, 7.28%, 0, 0, 3, 15.60
1747825425, 0, 136, 1184, 1182, 21, 7.28%, 0, 0, 3, 14.85
1747825440, 0, 138, 1184, 1182, 21, 7.28%, 0, 0, 3, 14.96
1747825450, 0, 139, 1184, 1182, 21, 7.28%, 0, 0, 3, 15.09
1747825460, 0, 140, 1184, 1182, 21, 7.28%, 0, 0, 3, 15.24
1747825465, 0, 141, 1184, 1182, 21, 7.28%, 0, 0, 3, 15.05
1747825476, 0, 142, 1184, 1182, 21, 7.28%, 0, 0, 3, 14.72
1747825486, 0, 143, 1184, 1182, 21, 7.28%, 0, 0, 3, 14.52
1747825491, 0, 144, 1184, 1182, 21, 7.28%, 0, 0, 3, 14.48
1747825502, 0, 145, 1185, 1183, 21, 7.28%, 0, 0, 3, 14.31
1747825512, 0, 145, 1186, 1184, 21, 7.28%, 0, 0, 3, 13.68
1747825522, 0, 145, 1187, 1185, 21, 7.28%, 0, 0, 3, 14.05
1747825532, 0, 145, 1189, 1187, 21, 7.32%, 0, 0, 3, 12.61
1747825537, 0, 145, 1190, 1188, 21, 7.32%, 0, 0, 3, 13.01
1747825573, 0, 145, 1191, 1189, 21, 7.61%, 0, 0, 3, 14.08
1747825578, 0, 145, 1193, 1191, 21, 7.61%, 0, 0, 3, 14.30
1747825583, 0, 145, 1194, 1192, 21, 7.61%, 0, 0, 3, 14.64
1747825594, 0, 145, 1195, 1193, 21, 7.61%, 0, 0, 3, 14.56
1747825609, 0, 145, 1196, 1194, 21, 7.61%, 0, 0, 3, 14.27
1747825686, 0, 145, 1197, 1195, 21, 7.61%, 0, 0, 3, 14.39
1747825727, 0, 145, 1198, 1196, 21, 7.61%, 0, 0, 3, 13.70
1747825732, 0, 145, 1199, 1197, 21, 7.61%, 0, 0, 3, 14.23
1747825793, 0, 146, 1199, 1197, 22, 7.61%, 0, 0, 3, 13.91
1747825803, 0, 147, 1199, 1197, 22, 7.61%, 0, 0, 3, 14.37
1747825809, 0, 150, 1199, 1197, 22, 7.61%, 0, 0, 3, 15.13
1747825819, 0, 151, 1199, 1197, 22, 7.61%, 0, 0, 3, 14.69
1747825829, 0, 152, 1199, 1197, 22, 7.61%, 0, 0, 3, 14.87
1747825834, 0, 153, 1199, 1197, 22, 7.61%, 0, 0, 3, 14.45
1747825844, 0, 154, 1199, 1197, 22, 7.61%, 0, 0, 3, 13.91
1747825854, 0, 155, 1199, 1197, 22, 7.61%, 0, 0, 3, 14.54
1747825860, 0, 156, 1200, 1198, 22, 7.61%, 0, 0, 3, 15.50
1747825875, 0, 156, 1201, 1199, 22, 7.61%, 0, 0, 3, 14.46
1747825895, 0, 156, 1202, 1200, 22, 7.61%, 0, 0, 3, 14.30
1747825911, 0, 156, 1203, 1201, 22, 7.61%, 0, 0, 3, 14.98
1747825916, 0, 156, 1204, 1202, 22, 7.61%, 0, 0, 3, 13.73
1747825952, 0, 156, 1205, 1203, 22, 7.61%, 0, 0, 3, 14.40
1747825957, 0, 156, 1206, 1204, 22, 7.61%, 0, 0, 3, 14.28
1747825983, 0, 156, 1207, 1205, 22, 7.61%, 0, 0, 3, 14.60
1747825998, 0, 156, 1208, 1206, 22, 7.61%, 0, 0, 3, 13.42
1747826039, 0, 156, 1209, 1207, 22, 7.61%, 0, 0, 3, 15.17
1747826070, 0, 156, 1210, 1208, 22, 7.61%, 0, 0, 3, 13.93
1747826146, 0, 157, 1210, 1208, 22, 7.61%, 0, 0, 3, 14.62
1747826151, 0, 157, 1212, 1210, 22, 7.61%, 0, 0, 3, 14.01
1747826156, 0, 157, 1214, 1212, 22, 7.64%, 0, 0, 3, 13.02
1747826177, 0, 157, 1217, 1215, 22, 7.64%, 0, 0, 3, 12.06
1747826202, 0, 157, 1218, 1216, 22, 7.64%, 0, 0, 3, 13.32
1747826222, 0, 157, 1219, 1217, 22, 7.64%, 0, 0, 3, 13.23
1747826304, 0, 157, 1220, 1218, 22, 7.69%, 0, 0, 3, 14.12
1747826345, 0, 157, 1221, 1219, 22, 7.69%, 0, 0, 3, 13.85
1747826365, 0, 157, 1222, 1220, 22, 7.69%, 0, 0, 3, 13.20
1747826402, 0, 157, 1223, 1221, 22, 7.69%, 0, 0, 3, 12.88
1747826422, 0, 157, 1224, 1222, 22, 7.69%, 0, 0, 3, 14.29
1747826443, 0, 158, 1224, 1222, 20, 7.69%, 0, 0, 3, 15.00
1747826453, 0, 161, 1224, 1222, 20, 7.69%, 0, 0, 3, 14.31
1747826463, 0, 162, 1226, 1224, 20, 7.70%, 0, 0, 3, 12.50
1747826499, 0, 163, 1227, 1225, 20, 7.70%, 0, 0, 3, 13.73
1747826519, 0, 164, 1227, 1225, 20, 7.70%, 0, 0, 3, 14.50
1747826525, 0, 165, 1227, 1225, 20, 7.70%, 0, 0, 3, 13.70
1747826535, 0, 166, 1227, 1225, 20, 7.70%, 0, 0, 3, 14.35
1747826540, 0, 166, 1228, 1226, 20, 7.70%, 0, 0, 3, 12.86
1747826555, 0, 167, 1228, 1226, 20, 7.70%, 0, 0, 3, 14.59
1747826560, 0, 167, 1229, 1227, 20, 7.70%, 0, 0, 3, 14.41
1747826570, 0, 168, 1229, 1227, 20, 7.70%, 0, 0, 3, 14.79
1747826581, 0, 169, 1229, 1227, 20, 7.70%, 0, 0, 3, 14.38
1747826591, 0, 169, 1230, 1228, 20, 7.70%, 0, 0, 3, 14.73
1747826601, 0, 172, 1230, 1228, 20, 7.70%, 0, 0, 3, 14.57
1747826606, 0, 173, 1230, 1228, 20, 7.70%, 0, 0, 3, 15.07
1747826617, 0, 174, 1230, 1228, 20, 7.70%, 0, 0, 3, 13.90
1747826622, 0, 174, 1231, 1229, 20, 7.70%, 0, 0, 3, 13.62
1747826627, 0, 174, 1232, 1230, 20, 7.70%, 0, 0, 3, 13.34
1747826632, 0, 174, 1233, 1231, 20, 7.70%, 0, 0, 3, 13.16
1747826642, 0, 174, 1234, 1232, 20, 7.70%, 0, 0, 3, 13.41
1747826652, 0, 174, 1235, 1233, 20, 7.70%, 0, 0, 3, 13.18
1747826663, 0, 174, 1236, 1234, 20, 7.70%, 0, 0, 3, 13.32
1747826693, 0, 174, 1237, 1235, 20, 7.70%, 0, 0, 3, 14.00
1747826724, 0, 174, 1238, 1236, 20, 7.70%, 0, 0, 3, 14.08
1747826770, 0, 174, 1239, 1237, 20, 7.70%, 0, 0, 3, 13.30
1747826806, 0, 174, 1240, 1238, 20, 7.70%, 0, 0, 3, 13.31
1747826909, 0, 175, 1240, 1238, 21, 7.70%, 0, 0, 3, 15.00
1747826919, 0, 176, 1240, 1238, 21, 7.70%, 0, 0, 3, 14.19
1747826929, 0, 178, 1240, 1238, 21, 7.70%, 0, 0, 3, 13.04
1747826934, 0, 178, 1241, 1239, 21, 7.70%, 0, 0, 3, 12.85
1747826940, 0, 178, 1242, 1240, 21, 7.70%, 0, 0, 3, 13.26
1747826960, 0, 178, 1243, 1241, 21, 7.70%, 0, 0, 3, 13.83
1747826970, 0, 178, 1244, 1242, 21, 7.70%, 0, 0, 3, 13.58
1747826980, 0, 178, 1245, 1243, 21, 7.70%, 0, 0, 3, 13.28
1747827006, 0, 178, 1246, 1244, 21, 7.70%, 0, 0, 3, 14.19
1747827067, 0, 178, 1247, 1245, 21, 7.70%, 0, 0, 3, 25.06
1747827108, 0, 178, 1248, 1246, 21, 7.70%, 0, 0, 3, 23.37
1747827144, 0, 178, 1249, 1247, 21, 7.70%, 0, 0, 3, 23.75
1747827149, 0, 181, 1249, 1247, 19, 7.70%, 0, 0, 3, 24.80
1747827154, 0, 182, 1249, 1247, 19, 7.70%, 0, 0, 3, 25.00
1747827159, 0, 184, 1249, 1247, 19, 7.70%, 0, 0, 3, 25.35
1747827164, 0, 185, 1249, 1247, 19, 7.70%, 0, 0, 3, 24.59
1747827169, 0, 186, 1249, 1247, 19, 7.70%, 0, 0, 3, 24.66
1747827174, 0, 187, 1249, 1247, 19, 7.70%, 0, 0, 3, 19.44
1747827180, 0, 189, 1249, 1247, 19, 7.70%, 0, 0, 3, 24.34
1747827185, 0, 190, 1249, 1247, 19, 7.70%, 0, 0, 3, 24.35
1747827190, 0, 192, 1249, 1247, 19, 7.70%, 0, 0, 3, 24.63
1747827195, 0, 193, 1249, 1247, 19, 7.70%, 0, 0, 3, 24.99
1747827200, 0, 194, 1249, 1247, 19, 7.70%, 0, 0, 3, 24.95
1747827205, 0, 196, 1249, 1247, 19, 7.70%, 0, 0, 3, 24.52
1747827210, 0, 197, 1249, 1247, 19, 7.70%, 0, 0, 3, 24.38
1747827216, 0, 197, 1250, 1248, 19, 7.70%, 0, 0, 3, 23.73
1747827226, 0, 198, 1250, 1248, 18, 7.70%, 0, 0, 3, 23.49
1747827231, 0, 199, 1250, 1248, 18, 7.70%, 0, 0, 3, 24.54
1747827236, 0, 201, 1250, 1248, 18, 7.70%, 0, 0, 3, 24.02
1747827241, 0, 202, 1251, 1249, 18, 7.70%, 0, 0, 3, 23.43
1747827246, 0, 202, 1252, 1250, 18, 7.70%, 0, 0, 3, 22.21
1747827262, 0, 203, 1252, 1250, 18, 7.70%, 0, 0, 3, 24.48
1747827267, 0, 204, 1252, 1250, 18, 7.70%, 0, 0, 3, 23.59
1747827272, 0, 205, 1252, 1250, 18, 7.70%, 0, 0, 3, 24.95
1747827277, 0, 206, 1252, 1250, 18, 7.70%, 0, 0, 3, 25.26
1747827282, 0, 207, 1252, 1250, 18, 7.70%, 0, 0, 3, 25.08
1747827287, 0, 208, 1253, 1251, 18, 7.70%, 0, 0, 3, 24.12
1747827297, 0, 209, 1253, 1251, 18, 7.70%, 0, 0, 3, 23.80
1747827303, 0, 209, 1254, 1252, 18, 7.70%, 0, 0, 3, 22.94
1747827308, 0, 210, 1254, 1252, 18, 7.70%, 0, 0, 3, 22.92
1747827313, 0, 211, 1254, 1252, 18, 7.70%, 0, 0, 3, 23.55
1747827318, 0, 212, 1254, 1252, 18, 7.70%, 0, 0, 3, 25.54
1747827323, 0, 213, 1254, 1252, 18, 7.70%, 0, 0, 3, 24.64
1747827328, 0, 215, 1254, 1252, 18, 7.70%, 0, 0, 3, 24.84
1747827333, 0, 217, 1254, 1252, 18, 7.70%, 0, 0, 3, 25.79
1747827338, 0, 219, 1254, 1252, 18, 7.70%, 0, 0, 3, 24.26
1747827343, 0, 219, 1255, 1253, 18, 7.70%, 0, 0, 3, 24.30
1747827354, 0, 220, 1255, 1253, 18, 7.70%, 0, 0, 3, 14.90
1747827364, 0, 221, 1255, 1253, 18, 7.70%, 0, 0, 3, 14.86
1747827374, 0, 223, 1255, 1253, 18, 7.70%, 0, 0, 3, 14.49
1747827379, 0, 225, 1255, 1253, 18, 7.70%, 0, 0, 3, 15.13
1747827389, 0, 226, 1255, 1253, 18, 7.70%, 0, 0, 3, 13.44
1747827400, 0, 227, 1255, 1253, 18, 7.70%, 0, 0, 3, 13.97
1747827410, 0, 228, 1256, 1254, 18, 7.70%, 0, 0, 3, 12.44
1747827425, 0, 228, 1257, 1255, 18, 7.70%, 0, 0, 3, 13.32
1747827446, 0, 228, 1258, 1256, 18, 7.70%, 0, 0, 3, 13.52
1747827482, 0, 229, 1258, 1256, 18, 7.70%, 0, 0, 3, 14.40
1747827492, 0, 230, 1258, 1256, 18, 7.70%, 0, 0, 3, 14.98
1747827503, 0, 230, 1260, 1258, 18, 7.71%, 0, 0, 3, 13.45
1747827513, 0, 230, 1262, 1260, 18, 7.71%, 0, 0, 3, 13.08
1747827518, 0, 230, 1263, 1261, 18, 7.71%, 0, 0, 3, 13.69
1747827538, 0, 230, 1264, 1262, 18, 7.71%, 0, 0, 3, 13.91
1747827549, 0, 230, 1265, 1263, 18, 7.71%, 0, 0, 3, 13.36
1747827559, 0, 230, 1266, 1264, 18, 7.71%, 0, 0, 3, 12.67
1747827656, 0, 230, 1267, 1265, 18, 7.71%, 0, 0, 3, 13.19
1747827687, 0, 230, 1268, 1266, 18, 7.75%, 0, 0, 3, 13.47
1747827708, 0, 230, 1269, 1267, 18, 7.75%, 0, 0, 3, 13.26
1747827749, 0, 230, 1270, 1268, 18, 7.89%, 0, 0, 3, 12.37
1747827764, 0, 230, 1271, 1269, 18, 7.89%, 0, 0, 3, 13.11
1747827795, 0, 232, 1272, 1270, 20, 7.89%, 0, 0, 3, 13.32
1747827805, 0, 233, 1272, 1270, 20, 7.89%, 0, 0, 3, 15.50
1747827815, 0, 234, 1272, 1270, 20, 7.89%, 0, 0, 3, 14.29
1747827825, 0, 236, 1272, 1270, 20, 7.89%, 0, 0, 3, 13.93
1747827830, 0, 237, 1272, 1270, 20, 7.89%, 0, 0, 3, 13.94
1747827836, 0, 237, 1273, 1271, 20, 7.90%, 0, 0, 3, 13.50
1747827851, 0, 238, 1273, 1271, 21, 7.90%, 0, 0, 3, 14.67
1747827861, 0, 239, 1273, 1271, 21, 7.90%, 0, 0, 3, 15.36
1747827866, 0, 239, 1274, 1272, 21, 7.90%, 0, 0, 3, 13.96
1747827877, 0, 240, 1274, 1272, 21, 7.90%, 0, 0, 3, 14.55
1747827887, 0, 241, 1274, 1272, 21, 7.90%, 0, 0, 3, 13.11
1747827897, 0, 242, 1274, 1272, 21, 7.90%, 0, 0, 3, 13.75
1747827907, 0, 243, 1274, 1272, 21, 7.90%, 0, 0, 3, 13.99
1747827918, 0, 244, 1275, 1273, 21, 7.92%, 0, 0, 3, 13.01
1747827933, 0, 245, 1275, 1273, 17, 7.92%, 0, 0, 3, 14.42
1747827943, 0, 246, 1275, 1273, 17, 7.92%, 0, 0, 3, 14.18
1747827953, 0, 246, 1277, 1275, 17, 7.92%, 0, 0, 3, 13.16
1747827959, 0, 246, 1278, 1276, 17, 7.92%, 0, 0, 3, 13.45
1747827969, 0, 246, 1279, 1277, 17, 7.92%, 0, 0, 3, 13.98
1747827994, 0, 246, 1281, 1279, 17, 7.92%, 0, 0, 3, 14.12
1747828045, 0, 246, 1282, 1280, 17, 7.92%, 0, 0, 3, 14.05
1747828066, 0, 246, 1283, 1281, 17, 7.92%, 0, 0, 3, 13.36
1747828101, 0, 246, 1284, 1282, 17, 7.92%, 0, 0, 3, 13.63
1747828142, 0, 246, 1285, 1283, 17, 7.96%, 0, 0, 3, 13.36
1747828193, 0, 246, 1286, 1284, 17, 7.97%, 0, 0, 3, 13.27
1747828219, 0, 246, 1287, 1285, 17, 7.97%, 0, 0, 3, 13.29
1747828239, 0, 248, 1287, 1285, 19, 7.97%, 0, 0, 3, 13.59
1747828250, 0, 249, 1287, 1285, 19, 7.97%, 0, 0, 3, 13.58
1747828260, 0, 250, 1287, 1285, 19, 7.97%, 0, 0, 3, 14.70
1747828265, 0, 251, 1287, 1285, 19, 7.97%, 0, 0, 3, 13.70
1747828270, 0, 251, 1288, 1286, 19, 7.97%, 0, 0, 3, 13.96
1747828285, 0, 252, 1288, 1286, 19, 7.97%, 0, 0, 3, 14.19
1747828296, 0, 253, 1288, 1286, 19, 7.97%, 0, 0, 3, 13.95
1747828301, 0, 253, 1289, 1287, 19, 7.97%, 0, 0, 3, 13.32
1747828316, 0, 255, 1289, 1287, 19, 7.97%, 0, 0, 3, 14.78
1747828321, 0, 256, 1289, 1287, 19, 7.97%, 0, 0, 3, 14.89
1747828331, 0, 257, 1289, 1287, 19, 7.97%, 0, 0, 3, 13.16
1747828342, 0, 258, 1289, 1287, 19, 7.97%, 0, 0, 3, 14.70
1747828352, 0, 259, 1289, 1287, 19, 7.97%, 0, 0, 3, 14.92
1747828357, 0, 260, 1289, 1287, 19, 7.97%, 0, 0, 3, 15.20
1747828367, 0, 261, 1289, 1287, 19, 7.97%, 0, 0, 3, 14.58
1747828378, 0, 262, 1289, 1287, 19, 7.97%, 0, 0, 3, 14.93
1747828383, 0, 263, 1289, 1287, 19, 7.97%, 0, 0, 3, 14.00
1747828393, 0, 264, 1289, 1287, 19, 7.97%, 0, 0, 3, 14.18
1747828403, 0, 265, 1289, 1287, 19, 7.97%, 0, 0, 3, 14.44
1747828413, 0, 266, 1289, 1287, 19, 7.97%, 0, 0, 3, 14.90
1747828419, 0, 267, 1289, 1287, 19, 7.97%, 0, 0, 3, 14.70
1747828429, 0, 268, 1289, 1287, 19, 7.97%, 0, 0, 3, 13.92
1747828439, 0, 269, 1289, 1287, 19, 7.97%, 0, 0, 3, 13.59
1747828450, 0, 271, 1289, 1287, 19, 7.97%, 0, 0, 3, 14.35
1747828455, 0, 272, 1289, 1287, 19, 7.97%, 0, 0, 3, 13.94
1747828465, 0, 273, 1289, 1287, 19, 7.97%, 0, 0, 3, 13.89
1747828475, 0, 274, 1289, 1287, 19, 7.97%, 0, 0, 3, 15.27
1747828485, 0, 275, 1289, 1287, 19, 7.97%, 0, 0, 3, 13.56
1747828496, 0, 277, 1289, 1287, 19, 7.97%, 0, 0, 3, 14.85
1747828501, 0, 277, 1290, 1288, 19, 7.97%, 0, 0, 3, 13.11
1747828511, 0, 278, 1290, 1288, 19, 7.97%, 0, 0, 3, 14.07
1747828522, 0, 279, 1290, 1288, 19, 7.97%, 0, 0, 3, 13.71
1747828532, 0, 280, 1290, 1288, 19, 7.97%, 0, 0, 3, 14.35
1747828537, 0, 280, 1291, 1289, 19, 7.97%, 0, 0, 3, 13.76
1747828547, 0, 280, 1292, 1290, 19, 7.97%, 0, 0, 3, 13.25
1747828567, 0, 281, 1292, 1290, 20, 7.97%, 0, 0, 3, 14.21
1747828578, 0, 282, 1292, 1290, 20, 7.97%, 0, 0, 3, 14.33
1747828588, 0, 283, 1292, 1290, 20, 7.97%, 0, 0, 3, 14.17
1747828593, 0, 284, 1292, 1290, 20, 7.97%, 0, 0, 3, 15.22
1747828603, 0, 284, 1293, 1291, 20, 7.97%, 0, 0, 3, 13.58
1747828608, 0, 284, 1294, 1292, 20, 7.97%, 0, 0, 3, 13.84
1747828634, 0, 286, 1294, 1292, 20, 7.97%, 0, 0, 3, 15.34
1747828644, 0, 287, 1294, 1292, 20, 7.97%, 0, 0, 3, 13.61
1747828649, 0, 288, 1294, 1292, 20, 7.97%, 0, 0, 3, 15.11
1747828660, 0, 290, 1294, 1292, 20, 7.97%, 0, 0, 3, 14.59
1747828665, 0, 290, 1295, 1293, 20, 7.97%, 0, 0, 3, 14.11
1747828680, 0, 292, 1295, 1293, 22, 7.97%, 0, 0, 3, 14.38
1747828685, 0, 292, 1296, 1294, 22, 7.97%, 0, 0, 3, 13.36
1747828691, 0, 292, 1297, 1295, 22, 7.97%, 0, 0, 3, 14.28
1747828701, 0, 292, 1298, 1296, 22, 7.97%, 0, 0, 3, 12.75
1747828721, 0, 292, 1299, 1297, 22, 7.97%, 0, 0, 3, 13.44
1747828731, 0, 292, 1301, 1299, 22, 7.97%, 0, 0, 3, 12.51
1747828747, 0, 292, 1302, 1300, 22, 7.97%, 0, 0, 3, 13.92
1747828819, 0, 292, 1303, 1301, 22, 7.97%, 0, 0, 3, 13.95
1747828973, 0, 294, 1303, 1301, 22, 7.97%, 0, 0, 3, 14.86
1747828978, 0, 295, 1303, 1301, 22, 7.97%, 0, 0, 3, 14.81
1747828988, 0, 296, 1303, 1301, 22, 7.97%, 0, 0, 3, 14.74
1747828998, 0, 297, 1303, 1301, 22, 7.97%, 0, 0, 3, 14.01
1747829009, 0, 298, 1303, 1301, 22, 7.97%, 0, 0, 3, 14.92
1747829014, 0, 298, 1304, 1302, 22, 7.97%, 0, 0, 3, 12.58
1747829024, 0, 299, 1304, 1302, 22, 7.97%, 0, 0, 3, 15.21
1747829034, 0, 301, 1304, 1302, 22, 7.97%, 0, 0, 3, 14.91
1747829044, 0, 302, 1304, 1302, 22, 7.97%, 0, 0, 3, 14.71
1747829049, 0, 304, 1304, 1302, 22, 7.97%, 0, 0, 3, 14.65
1747829059, 0, 305, 1304, 1302, 22, 7.97%, 0, 0, 3, 14.07
1747829070, 0, 306, 1304, 1302, 22, 7.97%, 0, 0, 3, 14.18
1747829080, 0, 307, 1304, 1302, 22, 7.97%, 0, 0, 3, 14.80
1747829085, 0, 308, 1304, 1302, 22, 7.97%, 0, 0, 3, 14.49
1747829095, 0, 309, 1304, 1302, 22, 7.97%, 0, 0, 3, 14.79
1747829105, 0, 310, 1304, 1302, 22, 7.97%, 0, 0, 3, 14.08
1747829116, 0, 311, 1304, 1302, 22, 7.97%, 0, 0, 3, 14.53
1747829121, 0, 312, 1304, 1302, 22, 7.97%, 0, 0, 3, 14.71
1747829131, 0, 313, 1304, 1302, 22, 7.97%, 0, 0, 3, 14.92
1747829141, 0, 314, 1304, 1302, 22, 7.97%, 0, 0, 3, 14.45
1747829151, 0, 315, 1304, 1302, 22, 7.97%, 0, 0, 3, 13.62
1747829157, 0, 316, 1304, 1302, 22, 7.97%, 0, 0, 3, 14.34
1747829167, 0, 317, 1304, 1302, 22, 7.97%, 0, 0, 3, 15.55
1747829177, 0, 318, 1304, 1302, 22, 7.97%, 0, 0, 3, 14.74
1747829182, 0, 320, 1304, 1302, 22, 7.97%, 0, 0, 3, 14.59
1747829192, 0, 321, 1304, 1302, 22, 7.97%, 0, 0, 3, 14.15
1747829203, 0, 322, 1304, 1302, 22, 7.97%, 0, 0, 3, 14.34
1747829213, 0, 324, 1304, 1302, 22, 7.97%, 0, 0, 3, 14.44
1747829218, 0, 326, 1304, 1302, 22, 7.97%, 0, 0, 3, 15.03
1747829228, 0, 327, 1304, 1302, 22, 7.97%, 0, 0, 3, 14.23
1747829239, 0, 328, 1304, 1302, 22, 7.97%, 0, 0, 3, 14.31
1747829249, 0, 329, 1304, 1302, 22, 7.97%, 0, 0, 3, 14.58
1747829254, 0, 330, 1304, 1302, 22, 7.97%, 0, 0, 3, 14.36
1747829264, 0, 331, 1304, 1302, 22, 7.97%, 0, 0, 3, 15.07
1747829274, 0, 332, 1304, 1302, 22, 7.97%, 0, 0, 3, 14.69
1747829280, 0, 332, 1305, 1303, 22, 7.97%, 0, 0, 3, 13.07
1747829295, 0, 333, 1305, 1303, 22, 7.97%, 0, 0, 3, 13.38
1747829305, 0, 334, 1305, 1303, 22, 7.97%, 0, 0, 3, 13.58
1747829310, 0, 335, 1305, 1303, 22, 7.97%, 0, 0, 3, 14.22
1747829321, 0, 337, 1305, 1303, 22, 7.97%, 0, 0, 3, 14.16
1747829331, 0, 338, 1305, 1303, 22, 7.97%, 0, 0, 3, 15.18
1747829341, 0, 341, 1305, 1303, 22, 7.97%, 0, 0, 3, 14.04
1747829346, 0, 342, 1305, 1303, 22, 7.97%, 0, 0, 3, 14.19
1747829357, 0, 343, 1305, 1303, 22, 7.97%, 0, 0, 3, 14.30
1747829367, 0, 344, 1305, 1303, 22, 7.97%, 0, 0, 3, 14.66
1747829377, 0, 345, 1305, 1303, 22, 7.97%, 0, 0, 3, 14.51
1747829382, 0, 346, 1305, 1303, 22, 7.97%, 0, 0, 3, 14.42
1747829393, 0, 350, 1305, 1303, 22, 7.97%, 0, 0, 3, 13.96
1747829403, 0, 351, 1305, 1303, 22, 7.97%, 0, 0, 3, 14.86
1747829408, 0, 352, 1305, 1303, 22, 7.97%, 0, 0, 3, 15.25
1747829418, 0, 353, 1305, 1303, 22, 7.97%, 0, 0, 3, 13.85
1747829428, 0, 354, 1305, 1303, 22, 7.97%, 0, 0, 3, 13.10
1747829439, 0, 355, 1305, 1303, 22, 7.97%, 0, 0, 3, 14.61
1747829444, 0, 356, 1305, 1303, 22, 7.97%, 0, 0, 3, 15.15
1747829454, 0, 358, 1305, 1303, 22, 7.97%, 0, 0, 3, 14.18
1747829459, 0, 358, 1306, 1304, 22, 7.97%, 0, 0, 3, 14.37
1747829475, 0, 359, 1306, 1304, 22, 7.97%, 0, 0, 3, 15.35
1747829480, 0, 360, 1306, 1304, 22, 7.97%, 0, 0, 3, 14.88
1747829490, 0, 361, 1306, 1304, 22, 7.97%, 0, 0, 3, 13.43
1747829500, 0, 362, 1306, 1304, 22, 7.97%, 0, 0, 3, 15.77
1747829505, 0, 363, 1306, 1304, 22, 7.97%, 0, 0, 3, 14.51
1747829515, 0, 365, 1306, 1304, 22, 7.97%, 0, 0, 3, 14.29
1747829525, 0, 367, 1306, 1304, 22, 7.97%, 0, 0, 3, 14.76
1747829536, 0, 368, 1306, 1304, 22, 7.97%, 0, 0, 3, 14.13
1747829541, 0, 370, 1306, 1304, 22, 7.97%, 0, 0, 3, 15.10
1747829546, 0, 370, 1307, 1305, 22, 7.97%, 0, 0, 3, 14.73
1747829551, 0, 370, 1308, 1306, 22, 7.97%, 0, 0, 3, 14.40
1747829582, 0, 372, 1308, 1306, 22, 7.97%, 0, 0, 3, 14.03
1747829587, 0, 373, 1308, 1306, 22, 7.97%, 0, 0, 3, 14.61
1747829597, 0, 374, 1308, 1306, 22, 7.97%, 0, 0, 3, 14.26
1747829607, 0, 375, 1308, 1306, 22, 7.97%, 0, 0, 3, 13.73
1747829618, 0, 376, 1308, 1306, 22, 7.97%, 0, 0, 3, 13.70
1747829623, 0, 377, 1308, 1306, 22, 7.97%, 0, 0, 3, 14.69
1747829633, 0, 378, 1308, 1306, 22, 7.97%, 0, 0, 3, 14.52
1747829643, 0, 379, 1308, 1306, 22, 7.97%, 0, 0, 3, 14.35
1747829653, 0, 380, 1308, 1306, 22, 7.97%, 0, 0, 3, 15.39
1747829659, 0, 382, 1308, 1306, 22, 7.97%, 0, 0, 3, 15.15
1747829669, 0, 384, 1308, 1306, 22, 7.97%, 0, 0, 3, 14.82
1747829679, 0, 385, 1308, 1306, 22, 7.97%, 0, 0, 3, 14.60
1747829684, 0, 392, 1308, 1306, 22, 7.97%, 0, 0, 3, 15.11
1747829694, 0, 394, 1308, 1306, 22, 7.97%, 0, 0, 3, 13.97
1747829704, 0, 395, 1308, 1306, 22, 7.97%, 0, 0, 3, 13.81
1747829715, 0, 396, 1308, 1306, 22, 7.97%, 0, 0, 3, 14.60
1747829725, 0, 398, 1308, 1306, 22, 7.97%, 0, 0, 3, 14.67
1747829730, 0, 399, 1308, 1306, 22, 7.97%, 0, 0, 3, 14.32
1747829740, 0, 400, 1308, 1306, 22, 7.97%, 0, 0, 3, 13.96
1747829750, 0, 401, 1308, 1306, 22, 7.97%, 0, 0, 3, 14.56
1747829760, 0, 403, 1308, 1306, 22, 7.97%, 0, 0, 3, 15.40
1747829766, 0, 404, 1308, 1306, 22, 7.97%, 0, 0, 3, 14.87
1747829776, 0, 407, 1308, 1306, 22, 7.97%, 0, 0, 3, 18.95
1747831002, 0, 410, 1308, 1305, 22, 7.97%, 0, 0, 3, 17.98
1747831007, 0, 411, 1308, 1305, 22, 7.97%, 0, 0, 3, 15.85
1747831017, 0, 412, 1308, 1305, 22, 7.97%, 0, 0, 3, 14.65
1747831027, 0, 413, 1308, 1305, 22, 7.97%, 0, 0, 3, 14.28
1747831037, 0, 414, 1309, 1306, 22, 7.97%, 0, 0, 4, 14.57
1747831053, 0, 415, 1309, 1306, 22, 7.97%, 0, 0, 4, 14.44
1747831063, 0, 416, 1309, 1306, 22, 7.97%, 0, 0, 4, 14.23
1747831073, 0, 417, 1309, 1306, 22, 7.97%, 0, 0, 4, 14.12
1747831083, 0, 418, 1309, 1306, 22, 7.97%, 0, 0, 4, 14.77
1747831088, 0, 419, 1309, 1306, 22, 7.97%, 0, 0, 4, 14.35
1747831098, 0, 420, 1309, 1306, 22, 7.97%, 0, 0, 4, 14.12
1747831109, 0, 421, 1309, 1306, 22, 7.97%, 0, 0, 4, 15.13
1747831119, 0, 422, 1309, 1306, 22, 7.97%, 0, 0, 4, 14.18
1747831124, 0, 423, 1309, 1306, 22, 7.97%, 0, 0, 4, 14.79
1747831134, 0, 424, 1309, 1306, 22, 7.97%, 0, 0, 4, 14.91
1747831144, 0, 426, 1309, 1306, 22, 7.97%, 0, 0, 4, 14.76
1747831149, 0, 427, 1309, 1306, 22, 7.97%, 0, 0, 4, 15.21
1747831160, 0, 428, 1309, 1306, 22, 7.97%, 0, 0, 4, 14.80
1747831170, 0, 429, 1309, 1306, 22, 7.97%, 0, 0, 4, 13.72
1747831181, 0, 431, 1309, 1306, 22, 7.97%, 0, 0, 4, 14.20
1747831186, 0, 432, 1309, 1306, 22, 7.97%, 0, 0, 4, 14.90
1747831196, 0, 434, 1309, 1306, 22, 7.97%, 0, 0, 4, 14.17
1747831206, 0, 435, 1309, 1306, 22, 7.97%, 0, 0, 4, 14.43
1747831216, 0, 436, 1310, 1307, 22, 7.97%, 0, 0, 4, 13.47
1747831232, 0, 437, 1310, 1307, 22, 7.97%, 0, 0, 4, 14.81
1747831242, 0, 438, 1310, 1307, 22, 7.97%, 0, 0, 4, 13.93
1747831252, 0, 439, 1310, 1307, 22, 7.97%, 0, 0, 4, 14.63
1747831262, 0, 440, 1310, 1307, 22, 7.97%, 0, 0, 4, 13.89
1747831268, 0, 441, 1310, 1307, 22, 7.97%, 0, 0, 4, 14.82
1747831278, 0, 442, 1310, 1307, 22, 7.97%, 0, 0, 4, 14.59
1747831288, 0, 443, 1310, 1307, 22, 7.97%, 0, 0, 4, 13.86
1747831298, 0, 444, 1310, 1307, 22, 7.97%, 0, 0, 4, 15.51
1747831304, 0, 445, 1310, 1307, 22, 7.97%, 0, 0, 4, 14.40
1747831314, 0, 446, 1310, 1307, 22, 7.97%, 0, 0, 4, 14.32
1747831324, 0, 447, 1310, 1307, 22, 7.97%, 0, 0, 4, 14.48
1747831329, 0, 448, 1310, 1307, 22, 7.97%, 0, 0, 4, 16.37
1747833175, 0, 449, 1310, 1306, 22, 7.97%, 0, 0, 4, 17.41
1747833185, 0, 450, 1310, 1306, 22, 7.97%, 0, 0, 4, 15.34
1747833190, 0, 451, 1310, 1306, 22, 7.97%, 0, 0, 4, 14.83
1747833200, 0, 452, 1310, 1306, 22, 7.97%, 0, 0, 4, 14.86
1747833210, 0, 454, 1310, 1306, 22, 7.97%, 0, 0, 4, 14.00
1747833216, 0, 455, 1310, 1306, 22, 7.97%, 0, 0, 4, 14.73
1747833226, 0, 456, 1310, 1306, 22, 7.97%, 0, 0, 4, 14.99
1747833236, 0, 458, 1310, 1306, 22, 7.97%, 0, 0, 4, 15.05
1747833242, 0, 459, 1310, 1306, 22, 7.97%, 0, 0, 4, 14.66
1747833252, 0, 460, 1310, 1306, 22, 7.97%, 0, 0, 4, 14.79
1747833262, 0, 461, 1310, 1306, 22, 7.97%, 0, 0, 4, 14.85
1747833272, 0, 463, 1310, 1306, 22, 7.97%, 0, 0, 4, 14.56
1747833277, 0, 463, 1311, 1307, 22, 7.97%, 0, 0, 4, 13.59
1747833287, 0, 464, 1311, 1307, 22, 7.97%, 0, 0, 4, 14.36
1747833298, 0, 466, 1311, 1307, 22, 7.97%, 0, 0, 4, 14.11
1747833308, 0, 467, 1311, 1307, 22, 7.97%, 0, 0, 4, 15.06
1747833318, 0, 469, 1311, 1307, 22, 7.97%, 0, 0, 4, 14.29
1747833323, 0, 471, 1311, 1307, 22, 7.97%, 0, 0, 4, 14.03
1747833334, 0, 472, 1311, 1307, 22, 7.97%, 0, 0, 4, 13.68
1747833344, 0, 473, 1311, 1307, 22, 7.97%, 0, 0, 4, 14.45
1747833354, 0, 474, 1311, 1307, 22, 7.97%, 0, 0, 4, 14.99
1747833359, 0, 475, 1311, 1307, 22, 7.97%, 0, 0, 4, 14.29
1747833369, 0, 476, 1311, 1307, 22, 7.97%, 0, 0, 4, 13.95
1747833374, 0, 476, 1312, 1308, 22, 7.97%, 0, 0, 4, 14.29
1747833390, 0, 477, 1312, 1308, 22, 7.97%, 0, 0, 4, 13.54
1747833400, 0, 478, 1312, 1308, 22, 7.97%, 0, 0, 4, 14.66
1747833405, 0, 479, 1312, 1308, 22, 7.97%, 0, 0, 4, 14.54
1747833415, 0, 480, 1312, 1308, 22, 7.97%, 0, 0, 4, 14.40
1747833425, 0, 481, 1312, 1308, 22, 7.97%, 0, 0, 4, 14.28
1747833430, 0, 481, 1313, 1309, 22, 7.97%, 0, 0, 4, 14.65
1747833446, 0, 482, 1313, 1309, 22, 7.97%, 0, 0, 4, 14.92
1747833451, 0, 483, 1313, 1309, 22, 7.97%, 0, 0, 4, 14.60
1747833461, 0, 484, 1313, 1309, 22, 7.97%, 0, 0, 4, 14.83
1747833466, 0, 484, 1314, 1310, 22, 7.97%, 0, 0, 4, 13.87
1747833481, 0, 485, 1314, 1310, 22, 7.97%, 0, 0, 4, 14.31
1747833486, 0, 486, 1314, 1310, 22, 7.97%, 0, 0, 4, 14.97
1747833497, 0, 488, 1314, 1310, 22, 7.97%, 0, 0, 4, 13.65
1747833507, 0, 489, 1314, 1310, 22, 7.97%, 0, 0, 4, 14.35
1747833517, 0, 490, 1314, 1310, 22, 7.97%, 0, 0, 4, 14.38
1747833522, 0, 491, 1314, 1310, 22, 7.97%, 0, 0, 4, 14.75
1747833533, 0, 492, 1314, 1310, 22, 7.97%, 0, 0, 4, 13.90
1747833543, 0, 493, 1314, 1310, 22, 7.97%, 0, 0, 4, 14.99
1747833553, 0, 496, 1314, 1310, 22, 7.97%, 0, 0, 4, 14.60
1747833559, 0, 497, 1314, 1310, 22, 7.97%, 0, 0, 4, 14.27
1747833569, 0, 498, 1314, 1310, 22, 7.97%, 0, 0, 4, 14.70
1747833579, 0, 499, 1314, 1310, 22, 7.97%, 0, 0, 4, 14.47
1747833584, 0, 500, 1314, 1310, 22, 7.97%, 0, 0, 4, 15.22
1747833595, 0, 501, 1314, 1310, 22, 7.97%, 0, 0, 4, 15.10
1747833605, 0, 502, 1314, 1310, 22, 7.97%, 0, 0, 4, 14.67
1747833615, 0, 503, 1314, 1310, 22, 7.97%, 0, 0, 4, 14.99
1747833620, 0, 505, 1314, 1310, 22, 7.97%, 0, 0, 4, 14.81
1747833630, 0, 507, 1314, 1310, 22, 7.97%, 0, 0, 4, 14.17
1747833640, 0, 508, 1314, 1310, 22, 7.97%, 0, 0, 4, 14.18
1747833651, 0, 510, 1314, 1310, 22, 7.97%, 0, 0, 4, 13.84
1747833661, 0, 511, 1314, 1310, 22, 7.97%, 0, 0, 4, 14.49
1747833666, 0, 512, 1314, 1310, 22, 7.97%, 0, 0, 4, 14.40
1747833676, 0, 513, 1314, 1310, 22, 7.97%, 0, 0, 4, 14.81
1747833687, 0, 514, 1314, 1310, 22, 7.97%, 0, 0, 4, 14.59
1747833692, 0, 516, 1314, 1310, 22, 7.97%, 0, 0, 4, 15.06
1747833702, 0, 517, 1314, 1310, 22, 7.97%, 0, 0, 4, 14.21
1747833712, 0, 519, 1314, 1310, 22, 7.97%, 0, 0, 4, 15.03
1747833722, 0, 520, 1314, 1310, 22, 7.97%, 0, 0, 4, 14.68
1747833727, 0, 522, 1314, 1310, 22, 7.97%, 0, 0, 4, 14.02
1747833738, 0, 525, 1314, 1310, 22, 7.97%, 0, 0, 4, 13.86
1747833748, 0, 527, 1314, 1310, 22, 7.97%, 0, 0, 4, 14.67
1747833758, 0, 528, 1314, 1310, 22, 7.97%, 0, 0, 4, 14.85
1747833763, 0, 529, 1314, 1310, 22, 7.97%, 0, 0, 4, 14.72
1747833773, 0, 530, 1314, 1310, 22, 7.97%, 0, 0, 4, 14.20
1747833784, 0, 531, 1314, 1310, 22, 7.97%, 0, 0, 4, 14.84
1747833789, 0, 533, 1314, 1310, 22, 7.97%, 0, 0, 4, 14.45
1747833799, 0, 536, 1314, 1310, 22, 7.97%, 0, 0, 4, 14.99
1747833809, 0, 537, 1314, 1310, 22, 7.97%, 0, 0, 4, 14.04
1747833819, 0, 538, 1314, 1310, 22, 7.97%, 0, 0, 4, 14.53
1747833829, 0, 539, 1314, 1310, 22, 7.97%, 0, 0, 4, 13.62
1747833834, 0, 540, 1314, 1310, 22, 7.97%, 0, 0, 4, 15.10
1747833845, 0, 541, 1314, 1310, 22, 7.97%, 0, 0, 4, 14.96
1747833855, 0, 542, 1314, 1310, 22, 7.97%, 0, 0, 4, 14.16
1747833865, 0, 544, 1314, 1310, 22, 7.97%, 0, 0, 4, 13.15
1747833870, 0, 545, 1314, 1310, 22, 7.97%, 0, 0, 4, 13.47
1747833880, 0, 546, 1314, 1310, 22, 7.97%, 0, 0, 4, 15.27
1747833885, 0, 546, 1315, 1311, 22, 7.97%, 0, 0, 4, 13.02
1747833901, 0, 547, 1315, 1311, 22, 7.97%, 0, 0, 4, 13.41
1747833911, 0, 550, 1315, 1311, 22, 7.97%, 0, 0, 4, 13.35
1747833916, 0, 551, 1315, 1311, 22, 7.97%, 0, 0, 4, 14.56
1747833926, 0, 552, 1315, 1311, 22, 7.97%, 0, 0, 4, 14.39
1747833936, 0, 554, 1315, 1311, 22, 7.97%, 0, 0, 4, 14.06
1747833947, 0, 555, 1315, 1311, 22, 7.97%, 0, 0, 4, 13.44
1747833957, 0, 556, 1315, 1311, 22, 7.97%, 0, 0, 4, 13.81
1747833962, 0, 558, 1315, 1311, 22, 7.97%, 0, 0, 4, 13.67
1747833972, 0, 559, 1315, 1311, 22, 7.97%, 0, 0, 4, 13.98
1747833983, 0, 562, 1315, 1311, 22, 7.97%, 0, 0, 4, 13.51
1747833993, 0, 563, 1315, 1311, 22, 7.97%, 0, 0, 4, 14.21
1747833998, 0, 563, 1316, 1312, 22, 7.97%, 0, 0, 4, 12.89
1747834014, 0, 564, 1316, 1312, 22, 7.97%, 0, 0, 4, 13.86
1747834019, 0, 566, 1316, 1312, 22, 7.97%, 0, 0, 4, 14.35
1747834029, 0, 567, 1316, 1312, 22, 7.97%, 0, 0, 4, 13.92
1747834039, 0, 568, 1316, 1312, 22, 7.97%, 0, 0, 4, 14.13
1747834050, 0, 569, 1316, 1312, 22, 7.97%, 0, 0, 4, 14.15
1747834055, 0, 570, 1316, 1312, 22, 7.97%, 0, 0, 4, 14.75
1747834065, 0, 571, 1316, 1312, 22, 7.97%, 0, 0, 4, 13.92
1747834075, 0, 572, 1316, 1312, 22, 7.97%, 0, 0, 4, 14.47
1747834086, 0, 573, 1316, 1312, 22, 7.97%, 0, 0, 4, 14.62
1747834096, 0, 574, 1316, 1312, 22, 7.97%, 0, 0, 4, 14.32
1747834101, 0, 574, 1317, 1313, 22, 7.97%, 0, 0, 4, 13.32
1747834111, 0, 576, 1317, 1313, 22, 7.97%, 0, 0, 4, 13.80
1747834122, 0, 577, 1317, 1313, 22, 7.97%, 0, 0, 4, 14.65
1747834132, 0, 578, 1317, 1313, 22, 7.97%, 0, 0, 4, 14.22
1747834142, 0, 579, 1317, 1313, 22, 7.97%, 0, 0, 4, 14.11
1747834148, 0, 580, 1317, 1313, 22, 7.97%, 0, 0, 4, 13.53
1747834158, 0, 581, 1317, 1313, 22, 7.97%, 0, 0, 4, 14.36
1747834168, 0, 584, 1317, 1313, 22, 7.97%, 0, 0, 4, 15.51
1747834178, 0, 585, 1317, 1313, 22, 7.97%, 0, 0, 4, 13.91
1747834183, 0, 587, 1317, 1313, 22, 7.97%, 0, 0, 4, 13.79
1747834194, 0, 588, 1317, 1313, 22, 7.97%, 0, 0, 4, 14.34
1747834204, 0, 589, 1317, 1313, 22, 7.97%, 0, 0, 4, 14.14
1747834209, 0, 589, 1318, 1314, 22, 8.00%, 0, 0, 4, 12.83
1747834214, 0, 589, 1319, 1315, 22, 8.00%, 0, 0, 4, 12.92
1747834224, 0, 589, 1320, 1316, 22, 8.00%, 0, 0, 4, 13.62
1747834280, 0, 590, 1320, 1316, 23, 8.00%, 0, 0, 4, 14.53
1747834290, 0, 591, 1321, 1317, 23, 8.00%, 0, 0, 4, 13.03
1747834311, 0, 592, 1321, 1317, 22, 8.00%, 0, 0, 4, 13.90
1747834316, 0, 592, 1322, 1318, 22, 8.00%, 0, 0, 4, 12.75
1747834331, 0, 594, 1323, 1319, 22, 8.01%, 0, 0, 4, 13.49
1747834347, 0, 597, 1323, 1319, 23, 8.01%, 0, 0, 4, 13.95
1747834352, 0, 597, 1324, 1320, 23, 8.01%, 0, 0, 4, 13.34
1747834367, 0, 598, 1324, 1320, 23, 8.01%, 0, 0, 4, 13.39
1747834378, 0, 599, 1324, 1320, 23, 8.01%, 0, 0, 4, 16.79
1747835700, 0, 600, 1325, 1320, 22, 8.01%, 0, 0, 4, 14.97
1747835715, 0, 601, 1325, 1320, 22, 8.01%, 0, 0, 4, 13.23
1747835725, 0, 603, 1325, 1320, 22, 8.01%, 0, 0, 4, 14.04
1747835736, 0, 604, 1325, 1320, 22, 8.01%, 0, 0, 4, 14.59
1747835746, 0, 605, 1325, 1320, 22, 8.01%, 0, 0, 4, 14.66
1747835751, 0, 606, 1325, 1320, 22, 8.01%, 0, 0, 4, 13.92
1747835756, 0, 606, 1326, 1321, 22, 8.01%, 0, 0, 4, 12.68
1747835761, 0, 606, 1328, 1323, 22, 8.01%, 0, 0, 4, 11.40
1747835787, 0, 606, 1329, 1324, 22, 8.01%, 0, 0, 4, 12.23
1747835802, 0, 606, 1330, 1325, 22, 8.01%, 0, 0, 4, 13.72
1747835817, 0, 606, 1331, 1326, 22, 8.01%, 0, 0, 4, 13.08
1747835853, 0, 606, 1332, 1327, 22, 8.02%, 0, 0, 4, 12.39
1747835884, 0, 606, 1333, 1328, 22, 8.02%, 0, 0, 4, 13.98
1747835889, 0, 606, 1334, 1329, 22, 8.02%, 0, 0, 4, 11.93
1747835894, 0, 606, 1335, 1330, 22, 8.02%, 0, 0, 4, 12.62
1747835971, 0, 606, 1336, 1331, 22, 8.02%, 0, 0, 4, 13.34
1747836048, 0, 606, 1337, 1332, 22, 8.02%, 0, 0, 4, 13.01
1747836068, 0, 607, 1337, 1332, 21, 8.02%, 0, 0, 4, 14.13
1747836073, 0, 608, 1337, 1332, 21, 8.02%, 0, 0, 4, 14.42
1747836084, 0, 608, 1338, 1333, 21, 8.02%, 0, 0, 4, 13.90
1747836094, 0, 609, 1338, 1333, 21, 8.02%, 0, 0, 4, 14.09
1747836104, 0, 610, 1338, 1333, 21, 8.02%, 0, 0, 4, 13.94
1747836115, 0, 611, 1338, 1333, 21, 8.02%, 0, 0, 4, 13.76
1747836120, 0, 611, 1340, 1335, 21, 8.02%, 0, 0, 4, 11.79
1747836150, 0, 613, 1340, 1335, 21, 8.02%, 0, 0, 4, 12.80
1747836156, 0, 613, 1341, 1336, 21, 8.02%, 0, 0, 4, 11.49
1747836171, 0, 614, 1341, 1336, 21, 8.02%, 0, 0, 4, 13.39
1747836176, 0, 614, 1342, 1337, 21, 8.02%, 0, 0, 4, 12.50
1747836187, 0, 614, 1343, 1338, 21, 8.02%, 0, 0, 4, 12.16
1747836192, 0, 614, 1344, 1339, 21, 8.02%, 0, 0, 4, 12.54
1747836212, 0, 614, 1345, 1340, 21, 8.02%, 0, 0, 4, 12.14
1747836283, 0, 614, 1346, 1341, 21, 8.02%, 0, 0, 4, 13.15
1747836350, 0, 614, 1347, 1342, 21, 8.02%, 0, 0, 4, 12.75
1747836442, 0, 614, 1348, 1343, 21, 8.02%, 0, 0, 4, 13.10
1747836488, 0, 617, 1348, 1343, 22, 8.02%, 0, 0, 4, 12.85
1747836498, 0, 618, 1348, 1343, 22, 8.02%, 0, 0, 4, 12.76
1747836509, 0, 619, 1348, 1343, 22, 8.02%, 0, 0, 4, 13.01
1747836519, 0, 620, 1348, 1343, 22, 8.02%, 0, 0, 4, 12.10
1747836529, 0, 621, 1348, 1343, 22, 8.02%, 0, 0, 4, 14.58
1747836534, 0, 622, 1348, 1343, 22, 8.02%, 0, 0, 4, 14.20
1747836545, 0, 624, 1348, 1343, 22, 8.02%, 0, 0, 4, 14.22
1747836555, 0, 626, 1348, 1343, 22, 8.02%, 0, 0, 4, 12.96
1747836565, 0, 627, 1348, 1343, 22, 8.02%, 0, 0, 4, 14.12
1747836575, 0, 628, 1348, 1343, 22, 8.02%, 0, 0, 4, 14.00
1747836580, 0, 629, 1348, 1343, 22, 8.02%, 0, 0, 4, 14.18
1747836585, 0, 629, 1349, 1344, 22, 8.02%, 0, 0, 4, 12.97
1747836601, 0, 630, 1349, 1344, 22, 8.02%, 0, 0, 4, 13.74
1747836611, 0, 630, 1350, 1345, 22, 8.02%, 0, 0, 4, 13.09
1747836616, 0, 630, 1351, 1346, 22, 8.02%, 0, 0, 4, 12.51
1747836621, 0, 630, 1352, 1347, 22, 8.02%, 0, 0, 4, 12.43
1747836683, 0, 632, 1352, 1347, 23, 8.02%, 0, 0, 4, 13.59
1747836693, 0, 633, 1352, 1347, 23, 8.02%, 0, 0, 4, 14.13
1747836703, 0, 634, 1352, 1347, 23, 8.02%, 0, 0, 4, 13.50
1747836714, 0, 636, 1352, 1347, 23, 8.02%, 0, 0, 4, 12.34
1747836724, 0, 637, 1352, 1347, 23, 8.02%, 0, 0, 4, 12.97
1747836734, 0, 638, 1352, 1347, 23, 8.02%, 0, 0, 4, 13.03
1747836745, 0, 639, 1352, 1347, 23, 8.02%, 0, 0, 4, 13.39
1747836755, 0, 640, 1352, 1347, 23, 8.02%, 0, 0, 4, 13.12
1747836765, 0, 641, 1352, 1347, 23, 8.02%, 0, 0, 4, 13.54
1747836770, 0, 642, 1352, 1347, 23, 8.02%, 0, 0, 4, 13.89
1747836780, 0, 643, 1352, 1347, 23, 8.02%, 0, 0, 4, 13.20
1747836791, 0, 644, 1352, 1347, 23, 8.02%, 0, 0, 4, 13.00
1747836801, 0, 646, 1352, 1347, 23, 8.02%, 0, 0, 4, 13.84
1747836806, 0, 646, 1353, 1348, 23, 8.02%, 0, 0, 4, 12.83
1747836822, 0, 647, 1353, 1348, 23, 8.02%, 0, 0, 4, 12.79
1747836827, 0, 647, 1354, 1349, 23, 8.02%, 0, 0, 4, 11.84
1747836842, 0, 648, 1354, 1349, 23, 8.02%, 0, 0, 4, 12.93
1747836852, 0, 649, 1354, 1349, 23, 8.02%, 0, 0, 4, 13.52
1747836862, 0, 650, 1354, 1349, 23, 8.02%, 0, 0, 4, 13.12
1747836873, 0, 651, 1354, 1349, 23, 8.02%, 0, 0, 4, 13.75
1747836883, 0, 653, 1354, 1349, 23, 8.02%, 0, 0, 4, 13.09
1747836888, 0, 654, 1354, 1349, 23, 8.02%, 0, 0, 4, 13.23
1747836903, 0, 655, 1354, 1349, 23, 8.02%, 0, 0, 4, 13.29
1747836908, 0, 656, 1354, 1349, 23, 8.02%, 0, 0, 4, 13.44
1747836919, 0, 659, 1354, 1349, 23, 8.02%, 0, 0, 4, 12.94
1747836929, 0, 662, 1354, 1349, 23, 8.02%, 0, 0, 4, 12.64
1747836939, 0, 663, 1354, 1349, 23, 8.02%, 0, 0, 4, 13.64
1747836950, 0, 663, 1356, 1351, 23, 8.02%, 0, 0, 4, 11.26
1747836960, 0, 663, 1357, 1352, 23, 8.02%, 0, 0, 4, 12.38
1747836975, 0, 663, 1358, 1353, 23, 8.02%, 0, 0, 4, 11.68
1747837032, 0, 663, 1359, 1354, 23, 8.02%, 0, 0, 4, 12.05
1747837047, 0, 663, 1360, 1355, 23, 8.02%, 0, 0, 4, 12.09
1747837129, 0, 663, 1361, 1356, 23, 8.04%, 0, 0, 4, 12.21
1747837263, 0, 664, 1361, 1356, 24, 8.04%, 0, 0, 4, 12.70
1747837273, 0, 665, 1361, 1356, 24, 8.04%, 0, 0, 4, 13.05
1747837283, 0, 666, 1361, 1356, 24, 8.04%, 0, 0, 4, 13.65
1747837288, 0, 667, 1361, 1356, 24, 8.04%, 0, 0, 4, 13.33
1747837299, 0, 667, 1362, 1357, 24, 8.04%, 0, 0, 4, 11.96
1747837304, 0, 667, 1363, 1358, 24, 8.04%, 0, 0, 4, 12.24
1747837309, 0, 667, 1364, 1359, 24, 8.04%, 0, 0, 4, 12.12
1747837324, 0, 667, 1365, 1360, 24, 8.04%, 0, 0, 4, 12.22
1747837340, 0, 667, 1366, 1361, 24, 8.04%, 0, 0, 4, 11.86
1747837365, 0, 667, 1367, 1362, 24, 8.04%, 0, 0, 4, 13.35
1747837442, 0, 667, 1368, 1363, 24, 8.05%, 0, 0, 4, 12.60
1747837483, 0, 667, 1369, 1364, 24, 8.05%, 0, 0, 4, 12.09
1747837514, 0, 667, 1370, 1365, 24, 8.05%, 0, 0, 4, 13.25
1747837534, 0, 667, 1371, 1366, 24, 8.05%, 0, 0, 4, 11.69
1747837549, 0, 667, 1372, 1367, 24, 8.05%, 0, 0, 4, 12.38
1747837559, 0, 667, 1373, 1368, 24, 8.06%, 0, 0, 4, 12.92
1747837595, 0, 667, 1374, 1369, 24, 8.06%, 0, 0, 4, 11.95
1747837611, 0, 668, 1374, 1369, 26, 8.06%, 0, 0, 4, 21.36
1747837616, 0, 670, 1374, 1369, 26, 8.06%, 0, 0, 4, 22.51
1747837621, 0, 670, 1375, 1370, 26, 8.06%, 0, 0, 4, 22.10
1747837626, 0, 670, 1376, 1371, 26, 8.06%, 0, 0, 4, 21.39
1747837631, 0, 670, 1377, 1372, 26, 8.07%, 0, 0, 4, 20.86
1747837667, 0, 671, 1377, 1372, 26, 8.07%, 0, 0, 4, 23.10
1747837672, 0, 672, 1377, 1372, 26, 8.07%, 0, 0, 4, 22.08
1747837677, 0, 673, 1377, 1372, 26, 8.07%, 0, 0, 4, 21.57
1747837682, 0, 675, 1377, 1372, 26, 8.07%, 0, 0, 4, 22.55
1747837687, 0, 676, 1377, 1372, 26, 8.07%, 0, 0, 4, 23.09
1747837693, 0, 678, 1377, 1372, 26, 8.07%, 0, 0, 4, 23.33
1747837698, 0, 679, 1377, 1372, 26, 8.07%, 0, 0, 4, 23.06
1747837703, 0, 680, 1377, 1372, 26, 8.07%, 0, 0, 4, 22.10
1747837713, 0, 681, 1377, 1372, 26, 8.07%, 0, 0, 4, 22.99
1747837718, 0, 683, 1377, 1372, 26, 8.07%, 0, 0, 4, 21.77
1747837724, 0, 684, 1377, 1372, 26, 8.07%, 0, 0, 4, 17.36
1747837734, 0, 685, 1377, 1372, 26, 8.07%, 0, 0, 4, 13.41
1747837739, 0, 686, 1377, 1372, 26, 8.07%, 0, 0, 4, 13.32
1747837749, 0, 687, 1377, 1372, 26, 8.07%, 0, 0, 4, 13.97
1747837759, 0, 688, 1377, 1372, 26, 8.07%, 0, 0, 4, 12.68
1747837769, 0, 689, 1377, 1372, 26, 8.07%, 0, 0, 4, 14.02
1747837779, 0, 690, 1377, 1372, 26, 8.07%, 0, 0, 4, 13.67
1747837790, 0, 691, 1377, 1372, 26, 8.07%, 0, 0, 4, 13.34
1747837795, 0, 691, 1378, 1373, 26, 8.07%, 0, 0, 4, 11.76
1747837810, 0, 692, 1378, 1373, 26, 8.07%, 0, 0, 4, 12.47
1747837820, 0, 693, 1378, 1373, 26, 8.07%, 0, 0, 4, 13.17
1747837830, 0, 695, 1378, 1373, 26, 8.07%, 0, 0, 4, 12.47
1747837841, 0, 696, 1378, 1373, 26, 8.07%, 0, 0, 4, 11.97
1747837851, 0, 697, 1378, 1373, 26, 8.07%, 0, 0, 4, 12.85
1747837861, 0, 698, 1379, 1374, 26, 8.07%, 0, 0, 4, 12.11
1747837867, 0, 698, 1380, 1375, 26, 8.07%, 0, 0, 4, 13.03
1747837887, 0, 698, 1381, 1376, 26, 8.08%, 0, 0, 4, 11.21
1747837892, 0, 698, 1382, 1377, 26, 8.08%, 0, 0, 4, 11.42
1747837907, 0, 698, 1383, 1378, 26, 8.08%, 0, 0, 4, 11.81
1747837938, 0, 698, 1385, 1380, 26, 8.08%, 0, 0, 4, 11.68
1747837953, 0, 698, 1386, 1381, 26, 8.08%, 0, 0, 4, 12.95
1747837969, 0, 698, 1387, 1382, 26, 8.08%, 0, 0, 4, 12.50
1747837994, 0, 698, 1388, 1383, 26, 8.08%, 0, 0, 4, 12.27
1747838102, 0, 698, 1389, 1384, 26, 8.09%, 0, 0, 4, 12.93
1747838168, 0, 698, 1390, 1385, 26, 8.09%, 0, 0, 4, 12.40
1747838174, 0, 698, 1391, 1386, 26, 8.09%, 0, 0, 4, 12.57
1747838189, 0, 699, 1391, 1386, 25, 8.09%, 0, 0, 4, 12.62
1747838199, 0, 700, 1391, 1386, 25, 8.09%, 0, 0, 4, 12.64
1747838209, 0, 702, 1392, 1387, 25, 8.09%, 0, 0, 4, 12.10
1747838230, 0, 703, 1392, 1387, 25, 8.09%, 0, 0, 4, 13.15
1747838240, 0, 704, 1393, 1388, 25, 8.09%, 0, 0, 4, 12.15
1747838245, 0, 704, 1394, 1389, 25, 8.09%, 0, 0, 4, 12.24
1747838281, 0, 705, 1394, 1389, 25, 8.09%, 0, 0, 4, 13.00
1747838291, 0, 706, 1394, 1389, 25, 8.09%, 0, 0, 4, 13.53
1747838301, 0, 708, 1394, 1389, 25, 8.09%, 0, 0, 4, 13.30
1747838307, 0, 709, 1394, 1389, 25, 8.09%, 0, 0, 4, 13.01
1747838312, 0, 709, 1396, 1391, 25, 8.11%, 0, 0, 4, 10.59
1747838317, 0, 709, 1397, 1392, 25, 8.11%, 0, 0, 4, 12.33
1747838327, 0, 709, 1398, 1393, 25, 8.11%, 0, 0, 4, 12.54
1747838333, 0, 709, 1399, 1394, 25, 8.11%, 0, 0, 4, 11.72
1747838358, 0, 709, 1400, 1395, 25, 8.11%, 0, 0, 4, 11.93
1747838363, 0, 709, 1401, 1396, 25, 8.11%, 0, 0, 4, 11.79
1747838379, 0, 709, 1402, 1397, 25, 8.11%, 0, 0, 4, 12.12
1747838400, 0, 709, 1403, 1398, 25, 8.11%, 0, 0, 4, 12.81
1747838405, 0, 709, 1404, 1399, 25, 8.11%, 0, 0, 4, 12.18
1747838420, 0, 709, 1406, 1401, 25, 8.11%, 0, 0, 4, 11.63
1747838456, 0, 709, 1408, 1403, 25, 8.11%, 0, 0, 4, 10.58
1747838512, 0, 709, 1409, 1404, 25, 8.11%, 0, 0, 4, 12.36
1747838646, 0, 710, 1410, 1405, 27, 8.11%, 0, 0, 4, 11.58
1747838661, 0, 710, 1411, 1406, 27, 8.11%, 0, 0, 4, 12.55
1747838687, 0, 711, 1411, 1406, 27, 8.11%, 0, 0, 4, 13.44
1747838697, 0, 712, 1411, 1406, 27, 8.11%, 0, 0, 4, 13.13
1747838707, 0, 713, 1411, 1406, 27, 8.11%, 0, 0, 4, 13.39
1747838718, 0, 714, 1411, 1406, 27, 8.11%, 0, 0, 4, 14.36
1747838723, 0, 716, 1411, 1406, 27, 8.11%, 0, 0, 4, 13.63
1747838733, 0, 718, 1411, 1406, 27, 8.11%, 0, 0, 4, 13.25
1747838743, 0, 720, 1411, 1406, 27, 8.11%, 0, 0, 4, 13.70
1747838754, 0, 721, 1411, 1406, 27, 8.11%, 0, 0, 4, 13.53
1747838764, 0, 722, 1411, 1406, 27, 8.11%, 0, 0, 4, 13.26
1747838774, 0, 723, 1411, 1406, 27, 8.11%, 0, 0, 4, 13.86
1747838784, 0, 725, 1412, 1407, 27, 8.11%, 0, 0, 4, 11.88
1747838789, 0, 725, 1413, 1408, 27, 8.11%, 0, 0, 4, 11.54
1747838794, 0, 725, 1414, 1409, 27, 8.11%, 0, 0, 4, 11.33
1747838799, 0, 725, 1415, 1410, 27, 8.11%, 0, 0, 4, 12.81
1747838815, 0, 725, 1416, 1411, 27, 8.11%, 0, 0, 4, 11.23
1747838825, 0, 725, 1417, 1412, 27, 8.11%, 0, 0, 4, 12.30
1747838840, 0, 725, 1419, 1414, 27, 8.12%, 0, 0, 4, 10.97
1747838922, 0, 725, 1420, 1415, 27, 8.12%, 0, 0, 4, 11.93
1747838958, 0, 725, 1421, 1416, 27, 8.12%, 0, 0, 4, 12.23
1747839123, 0, 726, 1421, 1416, 28, 8.12%, 0, 0, 4, 12.35
1747839134, 0, 728, 1421, 1416, 28, 8.12%, 0, 0, 4, 12.99
1747839139, 0, 729, 1421, 1416, 28, 8.12%, 0, 0, 4, 13.06
1747839149, 0, 730, 1421, 1416, 28, 8.12%, 0, 0, 4, 12.75
1747839159, 0, 731, 1421, 1416, 28, 8.12%, 0, 0, 4, 12.91
1747839170, 0, 732, 1421, 1416, 28, 8.12%, 0, 0, 4, 12.64
1747839175, 0, 732, 1422, 1417, 28, 8.12%, 0, 0, 4, 12.57
1747839180, 0, 732, 1423, 1418, 28, 8.12%, 0, 0, 4, 10.79
1747839190, 0, 732, 1424, 1419, 28, 8.12%, 0, 0, 4, 10.53
1747839221, 0, 732, 1425, 1420, 28, 8.12%, 0, 0, 4, 13.13
1747839262, 0, 732, 1426, 1421, 28, 8.12%, 0, 0, 4, 12.74
1747839303, 0, 732, 1428, 1423, 28, 8.12%, 0, 0, 4, 11.53
1747839318, 0, 732, 1429, 1424, 28, 8.12%, 0, 0, 4, 11.47
1747839339, 0, 732, 1430, 1425, 28, 8.12%, 0, 0, 4, 12.13
1747839503, 0, 733, 1430, 1425, 28, 8.12%, 0, 0, 4, 12.28
1747839508, 0, 733, 1431, 1426, 28, 8.12%, 0, 0, 4, 11.42
1747839524, 0, 734, 1431, 1426, 28, 8.12%, 0, 0, 4, 12.98
1747839539, 0, 736, 1431, 1426, 28, 8.12%, 0, 0, 4, 11.96
1747839549, 0, 738, 1431, 1426, 28, 8.12%, 0, 0, 4, 13.01
1747839555, 0, 739, 1431, 1426, 28, 8.12%, 0, 0, 4, 13.08
1747839560, 0, 739, 1432, 1427, 28, 8.12%, 0, 0, 4, 12.20
1747839575, 0, 739, 1433, 1428, 28, 8.12%, 0, 0, 4, 12.25
1747839585, 0, 739, 1434, 1429, 28, 8.12%, 0, 0, 4, 11.40
1747839605, 0, 739, 1435, 1430, 28, 8.12%, 0, 0, 4, 11.18
1747839642, 0, 739, 1436, 1431, 28, 8.12%, 0, 0, 4, 11.48
1747839647, 0, 739, 1437, 1432, 28, 8.12%, 0, 0, 4, 11.73
1747839657, 0, 739, 1438, 1433, 28, 8.12%, 0, 0, 4, 12.27
1747839662, 0, 739, 1439, 1434, 28, 8.12%, 0, 0, 4, 13.01
1747839708, 0, 739, 1441, 1436, 28, 8.12%, 0, 0, 4, 11.20
1747839719, 0, 739, 1442, 1437, 28, 8.12%, 0, 0, 4, 10.46
1747839754, 0, 739, 1443, 1438, 28, 8.12%, 0, 0, 4, 11.69
1747839816, 0, 739, 1444, 1439, 28, 8.12%, 0, 0, 4, 11.64
1747839847, 0, 739, 1445, 1440, 28, 8.12%, 0, 0, 4, 11.91
1747839877, 0, 739, 1446, 1441, 28, 8.12%, 0, 0, 4, 13.23
1747839893, 0, 739, 1448, 1443, 28, 8.12%, 0, 0, 4, 11.66
1747839903, 0, 740, 1448, 1443, 28, 8.12%, 0, 0, 4, 12.91
1747839913, 0, 741, 1449, 1444, 28, 8.12%, 0, 0, 4, 12.27
1747839934, 0, 742, 1449, 1444, 29, 8.12%, 0, 0, 4, 12.99
1747842256, 0, 743, 1449, 1443, 28, 8.12%, 0, 0, 4, 14.22
1747842266, 0, 744, 1449, 1443, 28, 8.12%, 0, 0, 4, 14.26
1747842272, 0, 745, 1449, 1443, 28, 8.12%, 0, 0, 4, 14.34
1747842277, 0, 745, 1450, 1444, 28, 8.12%, 0, 0, 4, 12.91
1747842292, 0, 745, 1451, 1445, 28, 8.12%, 0, 0, 4, 11.53
1747842297, 0, 745, 1452, 1446, 28, 8.12%, 0, 0, 4, 13.59
1747842302, 0, 745, 1453, 1447, 28, 8.12%, 0, 0, 4, 11.27
1747842353, 0, 745, 1454, 1448, 28, 8.12%, 0, 0, 4, 12.00
1747842369, 0, 745, 1455, 1449, 28, 8.12%, 0, 0, 4, 13.13
1747842384, 0, 745, 1456, 1450, 28, 8.12%, 0, 0, 4, 12.08
1747842431, 0, 745, 1457, 1451, 28, 8.12%, 0, 0, 4, 12.68
1747842600, 0, 747, 1457, 1451, 28, 8.12%, 0, 0, 4, 13.43
1747842610, 0, 748, 1457, 1451, 28, 8.12%, 0, 0, 4, 13.53
1747842616, 0, 748, 1458, 1452, 28, 8.12%, 0, 0, 4, 12.02
1747842631, 0, 749, 1458, 1452, 28, 8.12%, 0, 0, 4, 11.03
1747842636, 0, 749, 1459, 1453, 28, 8.12%, 0, 0, 4, 11.59
1747842641, 0, 749, 1460, 1454, 28, 8.12%, 0, 0, 4, 12.43
1747842667, 0, 749, 1461, 1455, 28, 8.12%, 0, 0, 4, 13.41
1747842698, 0, 749, 1462, 1456, 28, 8.12%, 0, 0, 4, 11.57
1747842796, 0, 751, 1462, 1456, 28, 8.12%, 0, 0, 4, 12.97
1747842806, 0, 753, 1463, 1457, 28, 8.16%, 0, 0, 4, 11.71
1747842811, 0, 753, 1464, 1458, 28, 8.16%, 0, 0, 4, 11.78
1747842831, 0, 753, 1465, 1459, 28, 8.16%, 0, 0, 4, 11.93
1747842862, 0, 753, 1466, 1460, 28, 8.16%, 0, 0, 4, 12.74
1747842872, 0, 753, 1467, 1461, 28, 8.16%, 0, 0, 4, 11.44
1747842877, 0, 753, 1468, 1462, 28, 8.16%, 0, 0, 4, 11.68
1747842898, 0, 753, 1469, 1463, 28, 8.16%, 0, 0, 4, 12.11
1747842990, 0, 753, 1470, 1464, 28, 8.16%, 0, 0, 4, 10.74
1747843000, 0, 753, 1471, 1465, 28, 8.16%, 0, 0, 4, 12.12
1747843025, 0, 753, 1472, 1466, 28, 8.16%, 0, 0, 4, 12.10
1747843097, 0, 753, 1473, 1467, 28, 8.17%, 0, 0, 4, 12.43
1747843143, 0, 754, 1473, 1467, 27, 8.17%, 0, 0, 4, 12.26
1747843153, 0, 755, 1473, 1467, 27, 8.17%, 0, 0, 4, 12.71
1747843163, 0, 756, 1473, 1467, 27, 8.17%, 0, 0, 4, 13.39
1747843173, 0, 757, 1473, 1467, 27, 8.17%, 0, 0, 4, 11.90
1747843184, 0, 758, 1473, 1467, 27, 8.17%, 0, 0, 4, 13.01
1747843194, 0, 760, 1473, 1467, 27, 8.17%, 0, 0, 4, 13.27
1747843204, 0, 761, 1473, 1467, 27, 8.17%, 0, 0, 4, 13.36
1747843215, 0, 762, 1473, 1467, 27, 8.17%, 0, 0, 4, 13.50
1747843225, 0, 763, 1473, 1467, 27, 8.17%, 0, 0, 4, 12.38
1747843235, 0, 764, 1473, 1467, 27, 8.17%, 0, 0, 4, 12.97
1747843246, 0, 765, 1473, 1467, 27, 8.17%, 0, 0, 4, 12.75
1747843256, 0, 766, 1473, 1467, 27, 8.17%, 0, 0, 4, 12.08
1747843266, 0, 767, 1473, 1467, 27, 8.17%, 0, 0, 4, 13.30
1747843276, 0, 768, 1473, 1467, 27, 8.17%, 0, 0, 4, 12.39
1747843282, 0, 768, 1474, 1468, 27, 8.17%, 0, 0, 4, 12.66
1747843297, 0, 770, 1474, 1468, 27, 8.17%, 0, 0, 4, 12.28
1747843307, 0, 771, 1474, 1468, 27, 8.17%, 0, 0, 4, 13.07
1747843313, 0, 771, 1475, 1469, 27, 8.17%, 0, 0, 4, 11.95
1747843328, 0, 772, 1475, 1469, 27, 8.17%, 0, 0, 4, 12.60
1747843338, 0, 773, 1475, 1469, 27, 8.17%, 0, 0, 4, 12.59
1747843348, 0, 774, 1475, 1469, 27, 8.17%, 0, 0, 4, 13.10
1747843358, 0, 774, 1476, 1470, 27, 8.17%, 0, 0, 4, 11.89
1747843369, 0, 776, 1476, 1470, 27, 8.17%, 0, 0, 4, 12.35
1747843379, 0, 776, 1477, 1471, 27, 8.17%, 0, 0, 4, 12.13
1747843389, 0, 779, 1477, 1471, 27, 8.17%, 0, 0, 4, 12.29
1747843399, 0, 781, 1478, 1472, 27, 8.17%, 0, 0, 4, 12.35
1747843424, 0, 782, 1478, 1472, 27, 8.17%, 0, 0, 4, 12.16
1747843435, 0, 783, 1478, 1472, 27, 8.17%, 0, 0, 4, 12.59
1747843445, 0, 784, 1478, 1472, 27, 8.17%, 0, 0, 4, 11.73
1747843456, 0, 785, 1478, 1472, 27, 8.17%, 0, 0, 4, 12.72
1747843466, 0, 787, 1478, 1472, 27, 8.17%, 0, 0, 4, 12.99
1747843476, 0, 788, 1478, 1472, 27, 8.17%, 0, 0, 4, 11.98
1747843486, 0, 789, 1478, 1472, 27, 8.17%, 0, 0, 4, 13.34
1747843492, 0, 790, 1478, 1472, 27, 8.17%, 0, 0, 4, 13.35
1747843507, 0, 791, 1478, 1472, 27, 8.17%, 0, 0, 4, 12.08
1747843517, 0, 792, 1478, 1472, 27, 8.17%, 0, 0, 4, 12.98
1747843522, 0, 793, 1478, 1472, 27, 8.17%, 0, 0, 4, 12.78
1747843533, 0, 796, 1478, 1472, 27, 8.17%, 0, 0, 4, 12.48
1747843543, 0, 796, 1479, 1473, 27, 8.17%, 0, 0, 4, 11.67
1747843548, 0, 796, 1480, 1474, 27, 8.17%, 0, 0, 4, 12.55
1747843579, 0, 797, 1480, 1474, 27, 8.17%, 0, 0, 4, 13.46
1747843589, 0, 799, 1481, 1475, 27, 8.17%, 0, 0, 4, 12.62
1747843610, 0, 801, 1482, 1476, 27, 8.17%, 0, 0, 4, 11.21
1747843615, 0, 801, 1483, 1477, 27, 8.17%, 0, 0, 4, 10.40
1747843646, 0, 801, 1484, 1478, 27, 8.17%, 0, 0, 4, 11.43
1747843698, 0, 802, 1484, 1478, 27, 8.17%, 0, 0, 4, 12.04
1747843708, 0, 803, 1484, 1478, 27, 8.17%, 0, 0, 4, 12.44
1747843718, 0, 804, 1484, 1478, 27, 8.17%, 0, 0, 4, 11.19
1747843728, 0, 805, 1484, 1478, 27, 8.17%, 0, 0, 4, 12.48
1747843739, 0, 807, 1484, 1478, 27, 8.17%, 0, 0, 4, 12.41
1747843749, 0, 808, 1484, 1478, 27, 8.17%, 0, 0, 4, 12.60
1747843759, 0, 810, 1484, 1478, 27, 8.17%, 0, 0, 4, 12.40
1747843775, 0, 811, 1484, 1478, 27, 8.17%, 0, 0, 4, 12.42
1747843780, 0, 812, 1484, 1478, 27, 8.17%, 0, 0, 4, 13.20
1747843790, 0, 813, 1484, 1478, 27, 8.17%, 0, 0, 4, 13.00
1747843806, 0, 814, 1484, 1478, 27, 8.17%, 0, 0, 4, 12.97
1747843816, 0, 815, 1484, 1478, 27, 8.17%, 0, 0, 4, 12.85
1747843821, 0, 816, 1484, 1478, 27, 8.17%, 0, 0, 4, 13.07
1747843831, 0, 817, 1484, 1478, 27, 8.17%, 0, 0, 4, 13.35
1747843842, 0, 818, 1484, 1478, 27, 8.17%, 0, 0, 4, 12.25
1747843852, 0, 820, 1484, 1478, 27, 8.17%, 0, 0, 4, 13.11
1747843862, 0, 821, 1484, 1478, 27, 8.17%, 0, 0, 4, 12.44
1747843872, 0, 822, 1484, 1478, 27, 8.17%, 0, 0, 4, 11.72
1747843883, 0, 823, 1484, 1478, 27, 8.17%, 0, 0, 4, 13.07
1747843888, 0, 823, 1485, 1479, 27, 8.17%, 0, 0, 4, 12.51
1747843903, 0, 824, 1485, 1479, 27, 8.17%, 0, 0, 4, 12.91
1747843914, 0, 825, 1485, 1479, 27, 8.17%, 0, 0, 4, 12.99
1747843924, 0, 826, 1485, 1479, 27, 8.17%, 0, 0, 4, 11.97
1747843934, 0, 827, 1485, 1479, 27, 8.17%, 0, 0, 4, 12.22
1747843944, 0, 828, 1485, 1479, 27, 8.17%, 0, 0, 4, 13.29
1747843954, 0, 828, 1486, 1480, 27, 8.17%, 0, 0, 4, 10.56
1747843970, 0, 830, 1486, 1480, 27, 8.17%, 0, 0, 4, 12.95
1747843980, 0, 831, 1487, 1481, 27, 8.17%, 0, 0, 4, 12.02
1747844000, 0, 832, 1487, 1481, 27, 8.17%, 0, 0, 4, 13.14
1747844011, 0, 833, 1487, 1481, 27, 8.17%, 0, 0, 4, 12.76
1747844021, 0, 834, 1487, 1481, 27, 8.17%, 0, 0, 4, 12.91
1747844031, 0, 835, 1487, 1481, 27, 8.17%, 0, 0, 4, 12.50
1747844041, 0, 836, 1487, 1481, 27, 8.17%, 0, 0, 4, 12.97
1747844047, 0, 837, 1487, 1481, 27, 8.17%, 0, 0, 4, 13.49
1747844057, 0, 838, 1487, 1481, 27, 8.17%, 0, 0, 4, 14.04
1747844067, 0, 839, 1487, 1481, 27, 8.17%, 0, 0, 4, 12.18
1747844077, 0, 840, 1487, 1481, 27, 8.17%, 0, 0, 4, 11.75
1747844088, 0, 841, 1487, 1481, 27, 8.17%, 0, 0, 4, 12.84
1747844098, 0, 842, 1487, 1481, 27, 8.17%, 0, 0, 4, 11.68
1747844113, 0, 843, 1487, 1481, 27, 8.17%, 0, 0, 4, 12.25
1747844124, 0, 844, 1487, 1481, 27, 8.17%, 0, 0, 4, 11.74
1747844134, 0, 845, 1487, 1481, 27, 8.17%, 0, 0, 4, 12.48
1747844144, 0, 846, 1487, 1481, 27, 8.17%, 0, 0, 4, 13.19
1747844154, 0, 848, 1487, 1481, 27, 8.17%, 0, 0, 4, 12.48
1747844159, 0, 848, 1488, 1482, 27, 8.17%, 0, 0, 4, 10.42
1747844174, 0, 849, 1488, 1482, 27, 8.17%, 0, 0, 4, 11.81
1747844185, 0, 850, 1488, 1482, 27, 8.17%, 0, 0, 4, 13.18
1747844195, 0, 851, 1488, 1482, 27, 8.17%, 0, 0, 4, 13.83
1747844205, 0, 852, 1488, 1482, 27, 8.17%, 0, 0, 4, 11.09
1747844215, 0, 853, 1488, 1482, 27, 8.17%, 0, 0, 4, 11.88
1747844225, 0, 854, 1488, 1482, 27, 8.17%, 0, 0, 4, 12.93
1747844236, 0, 855, 1488, 1482, 27, 8.17%, 0, 0, 4, 13.44
1747844246, 0, 857, 1488, 1482, 27, 8.17%, 0, 0, 4, 12.54
1747844256, 0, 859, 1488, 1482, 27, 8.17%, 0, 0, 4, 11.89
1747844266, 0, 861, 1488, 1482, 27, 8.17%, 0, 0, 4, 11.67
1747844277, 0, 863, 1488, 1482, 27, 8.17%, 0, 0, 4, 12.63
1747844287, 0, 863, 1489, 1483, 27, 8.17%, 0, 0, 4, 11.30
1747844302, 0, 865, 1489, 1483, 27, 8.17%, 0, 0, 4, 12.44
1747844312, 0, 866, 1489, 1483, 27, 8.17%, 0, 0, 4, 12.13
1747844323, 0, 867, 1489, 1483, 27, 8.17%, 0, 0, 4, 12.65
1747844333, 0, 868, 1489, 1483, 27, 8.17%, 0, 0, 4, 13.13
1747844343, 0, 870, 1489, 1483, 27, 8.17%, 0, 0, 4, 12.63
1747844353, 0, 871, 1489, 1483, 27, 8.17%, 0, 0, 4, 13.74
1747844363, 0, 872, 1489, 1483, 27, 8.17%, 0, 0, 4, 11.92
1747844374, 0, 874, 1489, 1483, 27, 8.17%, 0, 0, 4, 13.09
1747844384, 0, 875, 1489, 1483, 27, 8.17%, 0, 0, 4, 13.26
1747844389, 0, 876, 1489, 1483, 27, 8.17%, 0, 0, 4, 12.85
1747844394, 0, 876, 1490, 1484, 27, 8.17%, 0, 0, 4, 11.30
1747844415, 0, 878, 1490, 1484, 27, 8.17%, 0, 0, 4, 11.91
1747844425, 0, 879, 1490, 1484, 27, 8.17%, 0, 0, 4, 12.63
1747844435, 0, 882, 1490, 1484, 27, 8.17%, 0, 0, 4, 12.58
1747844445, 0, 884, 1490, 1484, 27, 8.17%, 0, 0, 4, 13.56
1747844456, 0, 886, 1490, 1484, 27, 8.17%, 0, 0, 4, 12.59
1747844466, 0, 887, 1490, 1484, 27, 8.17%, 0, 0, 4, 11.11
1747844476, 0, 888, 1490, 1484, 27, 8.17%, 0, 0, 4, 12.14
1747844486, 0, 891, 1490, 1484, 27, 8.17%, 0, 0, 4, 13.31
1747844497, 0, 893, 1490, 1484, 27, 8.17%, 0, 0, 4, 12.64
1747844507, 0, 894, 1490, 1484, 27, 8.17%, 0, 0, 4, 12.85
1747844517, 0, 896, 1490, 1484, 27, 8.17%, 0, 0, 4, 11.45
1747844528, 0, 897, 1490, 1484, 27, 8.17%, 0, 0, 4, 13.38
1747844538, 0, 898, 1490, 1484, 27, 8.17%, 0, 0, 4, 13.08
1747844548, 0, 900, 1490, 1484, 27, 8.17%, 0, 0, 4, 12.10
1747844558, 0, 901, 1490, 1484, 27, 8.17%, 0, 0, 4, 13.15
1747844569, 0, 902, 1490, 1484, 27, 8.17%, 0, 0, 4, 11.87
1747844579, 0, 904, 1490, 1484, 27, 8.17%, 0, 0, 4, 12.33
1747844589, 0, 905, 1490, 1484, 27, 8.17%, 0, 0, 4, 11.64
1747844599, 0, 906, 1490, 1484, 27, 8.17%, 0, 0, 4, 12.92
1747844610, 0, 907, 1490, 1484, 27, 8.17%, 0, 0, 4, 13.08
1747844620, 0, 908, 1490, 1484, 27, 8.17%, 0, 0, 4, 12.75
1747844630, 0, 910, 1490, 1484, 27, 8.17%, 0, 0, 4, 11.95
1747844640, 0, 911, 1490, 1484, 27, 8.17%, 0, 0, 4, 12.86
1747844651, 0, 912, 1490, 1484, 27, 8.17%, 0, 0, 4, 12.26
1747844661, 0, 913, 1490, 1484, 27, 8.17%, 0, 0, 4, 11.99
1747844671, 0, 915, 1490, 1484, 27, 8.17%, 0, 0, 4, 13.15
1747844682, 0, 916, 1490, 1484, 27, 8.17%, 0, 0, 4, 12.92
1747844692, 0, 917, 1490, 1484, 27, 8.17%, 0, 0, 4, 11.83
1747844702, 0, 919, 1490, 1484, 27, 8.17%, 0, 0, 4, 12.87
1747844712, 0, 920, 1490, 1484, 27, 8.17%, 0, 0, 4, 12.65
1747844723, 0, 921, 1490, 1484, 27, 8.17%, 0, 0, 4, 13.48
1747844733, 0, 922, 1490, 1484, 27, 8.17%, 0, 0, 4, 12.63
1747844743, 0, 923, 1490, 1484, 27, 8.17%, 0, 0, 4, 12.26
1747844753, 0, 927, 1490, 1484, 27, 8.17%, 0, 0, 4, 11.66
1747844764, 0, 928, 1490, 1484, 27, 8.17%, 0, 0, 4, 12.28
1747844774, 0, 929, 1490, 1484, 27, 8.17%, 0, 0, 4, 12.45
1747844784, 0, 931, 1490, 1484, 27, 8.17%, 0, 0, 4, 13.57
1747844794, 0, 932, 1490, 1484, 27, 8.17%, 0, 0, 4, 13.79
1747844805, 0, 933, 1490, 1484, 27, 8.17%, 0, 0, 4, 12.52
1747844815, 0, 934, 1490, 1484, 27, 8.17%, 0, 0, 4, 13.37
1747844825, 0, 935, 1490, 1484, 27, 8.17%, 0, 0, 4, 12.83
1747844835, 0, 936, 1490, 1484, 27, 8.17%, 0, 0, 4, 11.99
1747844846, 0, 937, 1491, 1485, 27, 8.17%, 0, 0, 4, 11.77
1747844866, 0, 938, 1491, 1485, 27, 8.17%, 0, 0, 4, 12.47
1747844876, 0, 940, 1491, 1485, 27, 8.17%, 0, 0, 4, 12.26
1747844886, 0, 941, 1491, 1485, 27, 8.17%, 0, 0, 4, 12.73
1747844896, 0, 942, 1491, 1485, 27, 8.17%, 0, 0, 4, 13.07
1747844907, 0, 944, 1491, 1485, 27, 8.17%, 0, 0, 4, 11.98
1747844917, 0, 945, 1491, 1485, 27, 8.17%, 0, 0, 4, 13.15
1747844928, 0, 946, 1491, 1485, 27, 8.17%, 0, 0, 4, 12.19
1747844933, 0, 946, 1492, 1486, 27, 8.17%, 0, 0, 4, 11.17
1747844953, 0, 947, 1493, 1487, 27, 8.17%, 0, 0, 4, 11.57
1747844958, 0, 947, 1494, 1488, 27, 8.17%, 0, 0, 4, 11.00
1747844979, 0, 947, 1495, 1489, 27, 8.17%, 0, 0, 4, 11.00
1747845010, 0, 947, 1496, 1490, 27, 8.17%, 0, 0, 4, 12.17
1747845025, 0, 947, 1497, 1491, 27, 8.17%, 0, 0, 4, 11.35
1747845185, 0, 947, 1498, 1492, 27, 8.17%, 0, 0, 4, 10.92
1747845292, 0, 948, 1498, 1492, 27, 8.17%, 0, 0, 4, 12.27
1747845302, 0, 949, 1498, 1492, 27, 8.17%, 0, 0, 4, 11.70
1747845313, 0, 950, 1498, 1492, 27, 8.17%, 0, 0, 4, 13.56
1747845318, 0, 950, 1499, 1493, 27, 8.17%, 0, 0, 4, 11.10
1747845338, 0, 951, 1499, 1493, 26, 8.17%, 0, 0, 4, 12.37
1747845348, 0, 952, 1499, 1493, 26, 8.17%, 0, 0, 4, 11.45
1747845358, 0, 954, 1499, 1493, 26, 8.17%, 0, 0, 4, 12.41
1747845369, 0, 955, 1499, 1493, 26, 8.17%, 0, 0, 4, 13.49
1747845379, 0, 956, 1499, 1493, 26, 8.17%, 0, 0, 4, 12.79
1747845389, 0, 957, 1499, 1493, 26, 8.17%, 0, 0, 4, 13.24
1747845400, 0, 959, 1499, 1493, 26, 8.17%, 0, 0, 4, 13.88
1747845410, 0, 960, 1499, 1493, 26, 8.17%, 0, 0, 4, 12.78
1747845420, 0, 961, 1500, 1494, 26, 8.17%, 0, 0, 4, 11.73
1747845441, 0, 962, 1500, 1494, 26, 8.17%, 0, 0, 4, 12.76
1747845451, 0, 962, 1501, 1495, 26, 8.17%, 0, 0, 4, 11.43
1747845466, 0, 963, 1501, 1495, 26, 8.17%, 0, 0, 4, 12.08
1747845477, 0, 964, 1501, 1495, 26, 8.17%, 0, 0, 4, 11.95
1747845487, 0, 965, 1501, 1495, 26, 8.17%, 0, 0, 4, 11.92
1747845497, 0, 965, 1502, 1496, 26, 8.17%, 0, 0, 4, 11.68
1747845508, 0, 966, 1502, 1496, 26, 8.17%, 0, 0, 4, 11.84
1747845518, 0, 967, 1502, 1496, 26, 8.17%, 0, 0, 4, 12.13
1747845528, 0, 968, 1502, 1496, 26, 8.17%, 0, 0, 4, 13.51
1747845539, 0, 970, 1502, 1496, 26, 8.17%, 0, 0, 4, 11.21
1747845549, 0, 971, 1502, 1496, 26, 8.17%, 0, 0, 4, 12.61
1747845559, 0, 972, 1502, 1496, 26, 8.17%, 0, 0, 4, 11.69
1747845570, 0, 973, 1502, 1496, 26, 8.17%, 0, 0, 4, 12.34
1747845585, 0, 974, 1502, 1496, 26, 8.17%, 0, 0, 4, 11.93
1747845595, 0, 975, 1502, 1496, 26, 8.17%, 0, 0, 4, 12.05
1747845600, 0, 975, 1503, 1497, 26, 8.17%, 0, 0, 4, 11.22
1747845616, 0, 976, 1503, 1497, 26, 8.17%, 0, 0, 4, 12.44
1747845626, 0, 977, 1503, 1497, 26, 8.17%, 0, 0, 4, 11.01
1747845636, 0, 978, 1503, 1497, 26, 8.17%, 0, 0, 4, 12.38
1747845646, 0, 982, 1503, 1497, 26, 8.17%, 0, 0, 4, 12.05
1747845656, 0, 983, 1503, 1497, 26, 8.17%, 0, 0, 4, 12.29
1747845666, 0, 984, 1503, 1497, 26, 8.17%, 0, 0, 4, 12.58
1747845677, 0, 985, 1503, 1497, 26, 8.17%, 0, 0, 4, 12.67
1747845687, 0, 987, 1503, 1497, 26, 8.17%, 0, 0, 4, 12.25
1747845703, 0, 988, 1503, 1497, 26, 8.17%, 0, 0, 4, 12.75
1747845713, 0, 989, 1503, 1497, 26, 8.17%, 0, 0, 4, 12.77
1747845723, 0, 990, 1503, 1497, 26, 8.17%, 0, 0, 4, 11.62
1747845734, 0, 991, 1503, 1497, 26, 8.17%, 0, 0, 4, 11.85
1747845744, 0, 992, 1503, 1497, 26, 8.17%, 0, 0, 4, 13.01
1747845754, 0, 993, 1503, 1497, 26, 8.17%, 0, 0, 4, 12.21
1747845765, 0, 994, 1503, 1497, 26, 8.17%, 0, 0, 4, 12.02
1747845775, 0, 995, 1503, 1497, 26, 8.17%, 0, 0, 4, 11.81
1747845785, 0, 996, 1503, 1497, 26, 8.17%, 0, 0, 4, 13.74
1747845795, 0, 997, 1503, 1497, 26, 8.17%, 0, 0, 4, 13.01
1747845805, 0, 998, 1503, 1497, 26, 8.17%, 0, 0, 4, 12.19
1747845816, 0, 999, 1503, 1497, 26, 8.17%, 0, 0, 4, 12.30
1747845826, 0, 1000, 1503, 1497, 26, 8.17%, 0, 0, 4, 12.47
1747845836, 0, 1001, 1503, 1497, 26, 8.17%, 0, 0, 4, 12.13
1747845847, 0, 1002, 1503, 1497, 26, 8.17%, 0, 0, 4, 11.59
1747845857, 0, 1004, 1503, 1497, 26, 8.17%, 0, 0, 4, 12.27
1747845867, 0, 1005, 1503, 1497, 26, 8.17%, 0, 0, 4, 12.53
1747845878, 0, 1006, 1503, 1497, 26, 8.17%, 0, 0, 4, 11.69
1747845888, 0, 1007, 1503, 1497, 26, 8.17%, 0, 0, 4, 11.35
1747845898, 0, 1009, 1503, 1497, 26, 8.17%, 0, 0, 4, 12.17
1747845908, 0, 1009, 1504, 1498, 26, 8.17%, 0, 0, 4, 12.08
1747845924, 0, 1010, 1504, 1498, 26, 8.17%, 0, 0, 4, 13.20
1747845934, 0, 1011, 1504, 1498, 26, 8.17%, 0, 0, 4, 12.71
1747845944, 0, 1013, 1504, 1498, 26, 8.17%, 0, 0, 4, 12.31
1747845955, 0, 1014, 1504, 1498, 26, 8.17%, 0, 0, 4, 10.77
1747845965, 0, 1015, 1505, 1499, 26, 8.17%, 0, 0, 4, 10.69
1747845985, 0, 1015, 1506, 1500, 26, 8.17%, 0, 0, 4, 10.24
1747846011, 0, 1017, 1506, 1500, 26, 8.17%, 0, 0, 4, 13.15
1747846021, 0, 1018, 1506, 1500, 26, 8.17%, 0, 0, 4, 12.56
1747846031, 0, 1019, 1506, 1500, 26, 8.17%, 0, 0, 4, 12.63
1747846041, 0, 1020, 1507, 1501, 26, 8.17%, 0, 0, 4, 11.28
1747846062, 0, 1021, 1507, 1501, 26, 8.17%, 0, 0, 4, 11.73
1747846072, 0, 1022, 1507, 1501, 26, 8.17%, 0, 0, 4, 12.89
1747846083, 0, 1023, 1507, 1501, 26, 8.17%, 0, 0, 4, 11.36
1747846093, 0, 1024, 1507, 1501, 26, 8.17%, 0, 0, 4, 12.22
1747846108, 0, 1025, 1507, 1501, 26, 8.17%, 0, 0, 4, 11.65
1747846118, 0, 1027, 1507, 1501, 26, 8.17%, 0, 0, 4, 11.40
1747846129, 0, 1028, 1507, 1501, 26, 8.17%, 0, 0, 4, 12.04
1747846139, 0, 1029, 1507, 1501, 26, 8.17%, 0, 0, 4, 11.70
1747846149, 0, 1030, 1507, 1501, 26, 8.17%, 0, 0, 4, 12.16
1747846159, 0, 1031, 1507, 1501, 26, 8.17%, 0, 0, 4, 11.59
1747846170, 0, 1032, 1507, 1501, 26, 8.17%, 0, 0, 4, 12.01
1747846180, 0, 1033, 1507, 1501, 26, 8.17%, 0, 0, 4, 13.18
1747846190, 0, 1034, 1507, 1501, 26, 8.17%, 0, 0, 4, 12.26
1747846205, 0, 1036, 1507, 1501, 26, 8.17%, 0, 0, 4, 12.68
1747846216, 0, 1037, 1507, 1501, 26, 8.17%, 0, 0, 4, 11.27
1747846226, 0, 1038, 1507, 1501, 26, 8.17%, 0, 0, 4, 11.05
1747846236, 0, 1039, 1507, 1501, 26, 8.17%, 0, 0, 4, 12.02
1747846246, 0, 1042, 1507, 1501, 26, 8.17%, 0, 0, 4, 12.86
1747846256, 0, 1043, 1507, 1501, 26, 8.17%, 0, 0, 4, 12.78
1747846267, 0, 1044, 1507, 1501, 26, 8.17%, 0, 0, 4, 11.85
1747846277, 0, 1045, 1507, 1501, 26, 8.17%, 0, 0, 4, 12.76
1747846287, 0, 1046, 1507, 1501, 26, 8.17%, 0, 0, 4, 12.82
1747846297, 0, 1048, 1507, 1501, 26, 8.17%, 0, 0, 4, 12.43
1747846307, 0, 1049, 1507, 1501, 26, 8.17%, 0, 0, 4, 13.13
1747846318, 0, 1049, 1508, 1502, 26, 8.17%, 0, 0, 4, 10.66
1747846333, 0, 1050, 1508, 1502, 26, 8.17%, 0, 0, 4, 12.24
1747846343, 0, 1051, 1508, 1502, 26, 8.17%, 0, 0, 4, 12.17
1747846354, 0, 1051, 1509, 1503, 26, 8.17%, 0, 0, 4, 12.51
1747846364, 0, 1052, 1509, 1503, 26, 8.17%, 0, 0, 4, 12.81
1747846374, 0, 1053, 1509, 1503, 26, 8.17%, 0, 0, 4, 11.45
1747846384, 0, 1056, 1509, 1503, 26, 8.17%, 0, 0, 4, 12.23
1747846394, 0, 1057, 1509, 1503, 26, 8.17%, 0, 0, 4, 13.43
1747846405, 0, 1058, 1509, 1503, 26, 8.17%, 0, 0, 4, 12.68
1747846415, 0, 1059, 1509, 1503, 26, 8.17%, 0, 0, 4, 12.33
1747846425, 0, 1062, 1509, 1503, 26, 8.17%, 0, 0, 4, 12.14
1747846436, 0, 1063, 1509, 1503, 26, 8.17%, 0, 0, 4, 11.31
1747846446, 0, 1064, 1509, 1503, 26, 8.17%, 0, 0, 4, 12.03
1747846462, 0, 1065, 1509, 1503, 26, 8.17%, 0, 0, 4, 12.20
1747846467, 0, 1065, 1510, 1504, 26, 8.17%, 0, 0, 4, 10.64
1747846482, 0, 1067, 1510, 1504, 26, 8.17%, 0, 0, 4, 12.54
1747846492, 0, 1069, 1510, 1504, 26, 8.17%, 0, 0, 4, 12.63
1747846502, 0, 1070, 1510, 1504, 26, 8.17%, 0, 0, 4, 11.91
1747846513, 0, 1071, 1510, 1504, 26, 8.17%, 0, 0, 4, 12.88
1747846523, 0, 1072, 1510, 1504, 26, 8.17%, 0, 0, 4, 12.42
1747846533, 0, 1073, 1510, 1504, 26, 8.17%, 0, 0, 4, 12.23
1747846544, 0, 1074, 1510, 1504, 26, 8.17%, 0, 0, 4, 12.23
1747846554, 0, 1075, 1510, 1504, 26, 8.17%, 0, 0, 4, 11.38
1747846564, 0, 1076, 1510, 1504, 26, 8.17%, 0, 0, 4, 13.79
1747846574, 0, 1077, 1510, 1504, 26, 8.17%, 0, 0, 4, 11.91
1747846585, 0, 1079, 1510, 1504, 26, 8.17%, 0, 0, 4, 12.71
1747846595, 0, 1080, 1510, 1504, 26, 8.17%, 0, 0, 4, 12.88
1747846600, 0, 1080, 1511, 1505, 26, 8.17%, 0, 0, 4, 11.52
1747846621, 0, 1081, 1511, 1505, 26, 8.17%, 0, 0, 4, 12.90
1747846631, 0, 1082, 1511, 1505, 26, 8.17%, 0, 0, 4, 12.90
1747846636, 0, 1083, 1511, 1505, 26, 8.17%, 0, 0, 4, 13.79
1747846647, 0, 1084, 1511, 1505, 26, 8.17%, 0, 0, 4, 13.47
1747846657, 0, 1086, 1511, 1505, 26, 8.17%, 0, 0, 4, 12.19
1747846672, 0, 1088, 1511, 1505, 26, 8.17%, 0, 0, 4, 12.27
1747846682, 0, 1089, 1511, 1505, 26, 8.17%, 0, 0, 4, 12.07
1747846692, 0, 1091, 1511, 1505, 26, 8.17%, 0, 0, 4, 12.77
1747846703, 0, 1092, 1511, 1505, 26, 8.17%, 0, 0, 4, 12.80
1747846713, 0, 1093, 1511, 1505, 26, 8.17%, 0, 0, 4, 12.38
1747846723, 0, 1094, 1511, 1505, 26, 8.17%, 0, 0, 4, 12.73
1747846734, 0, 1096, 1511, 1505, 26, 8.17%, 0, 0, 4, 12.41
1747846744, 0, 1097, 1511, 1505, 26, 8.17%, 0, 0, 4, 12.23
1747846754, 0, 1098, 1511, 1505, 26, 8.17%, 0, 0, 4, 11.63
1747846764, 0, 1099, 1511, 1505, 26, 8.17%, 0, 0, 4, 11.82
1747846775, 0, 1100, 1511, 1505, 26, 8.17%, 0, 0, 4, 11.67
1747846790, 0, 1101, 1511, 1505, 26, 8.17%, 0, 0, 4, 11.39
1747846800, 0, 1102, 1511, 1505, 26, 8.17%, 0, 0, 4, 12.27
1747846811, 0, 1103, 1511, 1505, 26, 8.17%, 0, 0, 4, 12.33
1747846821, 0, 1105, 1511, 1505, 26, 8.17%, 0, 0, 4, 11.67
1747846831, 0, 1106, 1511, 1505, 26, 8.17%, 0, 0, 4, 11.26
1747846841, 0, 1107, 1511, 1505, 26, 8.17%, 0, 0, 4, 12.16
1747846852, 0, 1109, 1511, 1505, 26, 8.17%, 0, 0, 4, 12.29
1747846862, 0, 1110, 1511, 1505, 26, 8.17%, 0, 0, 4, 11.51
1747846872, 0, 1111, 1511, 1505, 26, 8.17%, 0, 0, 4, 12.78
1747846882, 0, 1112, 1511, 1505, 26, 8.17%, 0, 0, 4, 13.64
1747846892, 0, 1113, 1511, 1505, 26, 8.17%, 0, 0, 4, 12.40
1747846903, 0, 1114, 1511, 1505, 26, 8.17%, 0, 0, 4, 11.55
1747846918, 0, 1115, 1511, 1505, 26, 8.17%, 0, 0, 4, 13.09
1747846923, 0, 1116, 1511, 1505, 26, 8.17%, 0, 0, 4, 12.79
1747846938, 0, 1117, 1511, 1505, 26, 8.17%, 0, 0, 4, 12.77
1747846949, 0, 1118, 1511, 1505, 26, 8.17%, 0, 0, 4, 12.38
1747846959, 0, 1119, 1511, 1505, 26, 8.17%, 0, 0, 4, 12.78
1747846969, 0, 1120, 1511, 1505, 26, 8.17%, 0, 0, 4, 11.53
1747846979, 0, 1121, 1511, 1505, 26, 8.17%, 0, 0, 4, 11.60
1747846990, 0, 1122, 1511, 1505, 26, 8.17%, 0, 0, 4, 11.48
1747847000, 0, 1123, 1511, 1505, 26, 8.17%, 0, 0, 4, 13.78
1747847010, 0, 1124, 1511, 1505, 26, 8.17%, 0, 0, 4, 11.71
1747847020, 0, 1125, 1511, 1505, 26, 8.17%, 0, 0, 4, 12.03
1747847036, 0, 1126, 1511, 1505, 26, 8.17%, 0, 0, 4, 13.17
1747847041, 0, 1127, 1511, 1505, 26, 8.17%, 0, 0, 4, 13.43
1747847056, 0, 1128, 1511, 1505, 26, 8.17%, 0, 0, 4, 12.51
1747847067, 0, 1129, 1511, 1505, 26, 8.17%, 0, 0, 4, 12.35
1747847077, 0, 1130, 1511, 1505, 26, 8.17%, 0, 0, 4, 13.31
1747847082, 0, 1131, 1511, 1505, 26, 8.17%, 0, 0, 4, 13.45
1747847093, 0, 1132, 1511, 1505, 26, 8.17%, 0, 0, 4, 12.09
1747847103, 0, 1133, 1511, 1505, 26, 8.17%, 0, 0, 4, 12.89
1747847118, 0, 1135, 1511, 1505, 26, 8.17%, 0, 0, 4, 13.23
1747847123, 0, 1137, 1511, 1505, 26, 8.17%, 0, 0, 4, 12.34
1747847139, 0, 1138, 1511, 1505, 26, 8.17%, 0, 0, 4, 12.10
1747847149, 0, 1139, 1511, 1505, 26, 8.17%, 0, 0, 4, 11.63
1747847159, 0, 1140, 1511, 1505, 26, 8.17%, 0, 0, 4, 12.12
1747847170, 0, 1141, 1511, 1505, 26, 8.17%, 0, 0, 4, 11.92
1747847180, 0, 1142, 1511, 1505, 26, 8.17%, 0, 0, 4, 13.55
1747854281, 0, 1142, 1512, 1506, 26, 8.17%, 0, 0, 4, 10.61
1747854691, 0, 1143, 1512, 1505, 27, 8.17%, 0, 0, 4, 12.58
1747854701, 0, 1144, 1512, 1505, 27, 8.17%, 0, 0, 4, 12.39
1747854712, 0, 1145, 1512, 1505, 27, 8.17%, 0, 0, 4, 11.81
1747854722, 0, 1146, 1512, 1505, 27, 8.17%, 0, 0, 4, 11.28
1747854732, 0, 1147, 1512, 1505, 27, 8.17%, 0, 0, 4, 12.64
1747854743, 0, 1148, 1512, 1505, 27, 8.17%, 0, 0, 4, 13.50
1747854753, 0, 1149, 1512, 1505, 27, 8.17%, 0, 0, 4, 12.62
1747854763, 0, 1151, 1512, 1505, 27, 8.17%, 0, 0, 4, 12.64
1747854778, 0, 1152, 1512, 1505, 27, 8.17%, 0, 0, 4, 11.13
1747854789, 0, 1153, 1512, 1505, 27, 8.17%, 0, 0, 4, 12.40
1747854799, 0, 1154, 1512, 1505, 27, 8.17%, 0, 0, 4, 13.26
1747854809, 0, 1155, 1512, 1505, 27, 8.17%, 0, 0, 4, 13.00
1747854819, 0, 1156, 1512, 1505, 27, 8.17%, 0, 0, 4, 11.83
1747854830, 0, 1158, 1512, 1505, 27, 8.17%, 0, 0, 4, 11.70
1747854840, 0, 1159, 1512, 1505, 27, 8.17%, 0, 0, 4, 11.92
1747854850, 0, 1160, 1512, 1505, 27, 8.17%, 0, 0, 4, 11.52
1747854860, 0, 1161, 1512, 1505, 27, 8.17%, 0, 0, 4, 12.09
1747854870, 0, 1162, 1512, 1505, 27, 8.17%, 0, 0, 4, 11.18
1747854881, 0, 1164, 1512, 1505, 27, 8.17%, 0, 0, 4, 11.86
1747854891, 0, 1165, 1512, 1505, 27, 8.17%, 0, 0, 4, 12.96
1747854906, 0, 1167, 1512, 1505, 27, 8.17%, 0, 0, 4, 11.27
1747854916, 0, 1169, 1512, 1505, 27, 8.17%, 0, 0, 4, 11.93
1747854922, 0, 1169, 1513, 1506, 27, 8.17%, 0, 0, 4, 10.82
1747854937, 0, 1170, 1513, 1506, 27, 8.17%, 0, 0, 4, 12.20
1747854947, 0, 1171, 1513, 1506, 27, 8.17%, 0, 0, 4, 11.88
1747854958, 0, 1172, 1513, 1506, 27, 8.17%, 0, 0, 4, 12.05
1747854973, 0, 1173, 1513, 1506, 27, 8.17%, 0, 0, 4, 12.75
1747854983, 0, 1174, 1513, 1506, 27, 8.17%, 0, 0, 4, 12.03
1747854993, 0, 1175, 1513, 1506, 27, 8.17%, 0, 0, 4, 12.70
1747855004, 0, 1176, 1513, 1506, 27, 8.17%, 0, 0, 4, 12.13
1747855014, 0, 1177, 1513, 1506, 27, 8.17%, 0, 0, 4, 11.93
1747855024, 0, 1178, 1513, 1506, 27, 8.17%, 0, 0, 4, 11.90
1747855034, 0, 1179, 1513, 1506, 27, 8.17%, 0, 0, 4, 11.27
1747855045, 0, 1180, 1513, 1506, 27, 8.17%, 0, 0, 4, 11.98
1747855055, 0, 1181, 1513, 1506, 27, 8.17%, 0, 0, 4, 13.33
1747855065, 0, 1183, 1513, 1506, 27, 8.17%, 0, 0, 4, 12.68
1747855076, 0, 1184, 1513, 1506, 27, 8.17%, 0, 0, 4, 12.37
1747855086, 0, 1185, 1513, 1506, 27, 8.17%, 0, 0, 4, 12.25
1747855091, 0, 1185, 1514, 1507, 27, 8.17%, 0, 0, 4, 12.35
1747855096, 0, 1185, 1515, 1508, 27, 8.17%, 0, 0, 4, 11.33
1747855132, 0, 1186, 1515, 1508, 27, 8.17%, 0, 0, 4, 12.23
1747855143, 0, 1187, 1515, 1508, 27, 8.17%, 0, 0, 4, 12.73
1747855153, 0, 1188, 1515, 1508, 27, 8.17%, 0, 0, 4, 11.79
1747855163, 0, 1189, 1515, 1508, 27, 8.17%, 0, 0, 4, 12.91
1747855173, 0, 1190, 1515, 1508, 27, 8.17%, 0, 0, 4, 12.73
1747855184, 0, 1191, 1515, 1508, 27, 8.17%, 0, 0, 4, 11.79
1747855194, 0, 1193, 1515, 1508, 27, 8.17%, 0, 0, 4, 12.03
1747855204, 0, 1194, 1515, 1508, 27, 8.17%, 0, 0, 4, 12.12
1747855215, 0, 1196, 1515, 1508, 27, 8.17%, 0, 0, 4, 12.03
1747855225, 0, 1197, 1515, 1508, 27, 8.17%, 0, 0, 4, 12.73
1747855235, 0, 1198, 1515, 1508, 27, 8.17%, 0, 0, 4, 11.51
1747855245, 0, 1199, 1515, 1508, 27, 8.17%, 0, 0, 4, 12.79
1747855260, 0, 1200, 1515, 1508, 27, 8.17%, 0, 0, 4, 12.15
1747855271, 0, 1202, 1515, 1508, 27, 8.17%, 0, 0, 4, 11.76
1747855276, 0, 1202, 1516, 1509, 27, 8.17%, 0, 0, 4, 11.82
1747855291, 0, 1204, 1516, 1509, 27, 8.17%, 0, 0, 4, 11.83
1747855302, 0, 1206, 1516, 1509, 27, 8.17%, 0, 0, 4, 12.27
1747855312, 0, 1208, 1516, 1509, 27, 8.17%, 0, 0, 4, 11.59
1747855322, 0, 1209, 1516, 1509, 27, 8.17%, 0, 0, 4, 13.21
1747855333, 0, 1211, 1516, 1509, 27, 8.17%, 0, 0, 4, 11.51
1747855343, 0, 1212, 1516, 1509, 27, 8.17%, 0, 0, 4, 12.63
1747855353, 0, 1212, 1517, 1510, 27, 8.17%, 0, 0, 4, 11.23
1747855369, 0, 1214, 1517, 1510, 27, 8.17%, 0, 0, 4, 12.71
1747855379, 0, 1215, 1517, 1510, 27, 8.17%, 0, 0, 4, 12.14
1747855389, 0, 1216, 1517, 1510, 27, 8.17%, 0, 0, 4, 13.43
1747855400, 0, 1217, 1517, 1510, 27, 8.17%, 0, 0, 4, 13.19
1747855410, 0, 1218, 1517, 1510, 27, 8.17%, 0, 0, 4, 11.08
1747855421, 0, 1219, 1517, 1510, 27, 8.17%, 0, 0, 4, 12.04
1747855431, 0, 1220, 1517, 1510, 27, 8.17%, 0, 0, 4, 12.58
1747855441, 0, 1222, 1517, 1510, 27, 8.17%, 0, 0, 4, 12.38
1747855451, 0, 1223, 1517, 1510, 27, 8.17%, 0, 0, 4, 13.50
1747855462, 0, 1224, 1517, 1510, 27, 8.17%, 0, 0, 4, 12.80
1747855472, 0, 1225, 1517, 1510, 27, 8.17%, 0, 0, 4, 12.96
1747855482, 0, 1226, 1517, 1510, 27, 8.17%, 0, 0, 4, 11.35
1747855492, 0, 1227, 1517, 1510, 27, 8.17%, 0, 0, 4, 12.02
1747855502, 0, 1229, 1517, 1510, 27, 8.17%, 0, 0, 4, 12.90
1747855733, 0, 1229, 1518, 1511, 27, 8.17%, 0, 0, 4, 9.74
1747855790, 0, 1229, 1519, 1512, 27, 8.17%, 0, 0, 4, 9.72
