# unix_time, cycles_done, cur_path, paths_total, pending_total, pending_favs, map_size, unique_crashes, unique_hangs, max_depth, execs_per_sec
1747817516, 0, 0, 1, 1, 1, 3.78%, 0, 0, 1, 56.34
1747817521, 0, 0, 20, 20, 1, 4.90%, 0, 0, 2, 51.20
1747817526, 0, 0, 41, 41, 1, 4.91%, 0, 0, 2, 49.68
1747817531, 0, 0, 58, 58, 1, 4.91%, 0, 0, 2, 48.50
1747817536, 0, 0, 69, 69, 1, 4.91%, 0, 0, 2, 49.99
1747817541, 0, 0, 83, 83, 1, 4.92%, 0, 0, 2, 48.79
1747817546, 0, 0, 93, 93, 1, 4.93%, 0, 0, 2, 50.19
1747817551, 0, 0, 103, 103, 1, 4.93%, 0, 0, 2, 48.19
1747817557, 0, 0, 114, 114, 1, 4.95%, 0, 0, 2, 47.49
1747817562, 0, 0, 124, 124, 1, 4.95%, 0, 0, 2, 48.11
1747817567, 0, 0, 133, 133, 1, 4.95%, 0, 0, 2, 48.71
1747817572, 0, 0, 137, 137, 1, 4.95%, 0, 0, 2, 52.27
1747817577, 0, 0, 144, 144, 1, 4.95%, 0, 0, 2, 51.56
1747817582, 0, 0, 150, 150, 1, 4.95%, 0, 0, 2, 51.01
1747817587, 0, 0, 156, 156, 1, 4.95%, 0, 0, 2, 50.53
1747817592, 0, 0, 158, 158, 1, 4.95%, 0, 0, 2, 53.15
1747817597, 0, 0, 161, 161, 1, 4.95%, 0, 0, 2, 52.94
1747817602, 0, 0, 166, 166, 1, 4.95%, 0, 0, 2, 51.66
1747817607, 0, 0, 168, 168, 1, 4.95%, 0, 0, 2, 52.81
1747817612, 0, 0, 170, 170, 1, 4.95%, 0, 0, 2, 53.25
1747817617, 0, 0, 174, 174, 1, 4.95%, 0, 0, 2, 52.80
1747817622, 0, 0, 179, 179, 1, 4.95%, 0, 0, 2, 51.25
1747817627, 0, 0, 183, 183, 1, 4.95%, 0, 0, 2, 50.83
1747817632, 0, 0, 185, 185, 1, 4.95%, 0, 0, 2, 52.07
1747817637, 0, 0, 189, 189, 1, 4.95%, 0, 0, 2, 51.24
1747817642, 0, 0, 192, 192, 1, 4.95%, 0, 0, 2, 52.97
1747817647, 0, 0, 195, 195, 1, 4.95%, 0, 0, 2, 51.78
1747817652, 0, 0, 196, 196, 1, 4.95%, 0, 0, 2, 53.23
1747817658, 0, 0, 199, 199, 1, 4.95%, 0, 0, 2, 52.66
1747817663, 0, 0, 204, 204, 1, 4.95%, 0, 0, 2, 51.64
1747817668, 0, 0, 205, 205, 1, 4.95%, 0, 0, 2, 53.01
1747817673, 0, 0, 207, 207, 1, 4.95%, 0, 0, 2, 52.32
1747817678, 0, 0, 208, 208, 1, 4.95%, 0, 0, 2, 53.37
1747817683, 0, 0, 209, 209, 1, 4.95%, 0, 0, 2, 54.02
1747817688, 0, 0, 210, 210, 1, 4.95%, 0, 0, 2, 53.74
1747817698, 0, 0, 211, 211, 1, 4.95%, 0, 0, 2, 53.53
1747817703, 0, 0, 216, 216, 1, 4.95%, 0, 0, 2, 51.95
1747817708, 0, 0, 218, 218, 1, 4.95%, 0, 0, 2, 53.23
1747817724, 0, 0, 219, 219, 1, 4.95%, 0, 0, 2, 53.18
1747817729, 0, 0, 223, 223, 1, 4.99%, 0, 0, 2, 51.30
1747817739, 0, 0, 224, 224, 1, 4.99%, 0, 0, 2, 75.84
1747817749, 0, 0, 228, 228, 1, 4.99%, 0, 0, 2, 90.13
1747817754, 0, 0, 229, 229, 1, 4.99%, 0, 0, 2, 91.91
1747817765, 0, 0, 230, 230, 1, 4.99%, 0, 0, 2, 91.45
1747817770, 0, 0, 231, 231, 1, 4.99%, 0, 0, 2, 92.25
1747817785, 0, 0, 232, 232, 1, 4.99%, 0, 0, 2, 93.09
1747817790, 0, 0, 233, 233, 1, 4.99%, 0, 0, 2, 92.80
1747817800, 0, 0, 235, 235, 1, 4.99%, 0, 0, 2, 92.50
1747817806, 0, 0, 236, 236, 1, 4.99%, 0, 0, 2, 93.31
1747817811, 0, 0, 237, 237, 1, 4.99%, 0, 0, 2, 93.14
1747817816, 0, 1, 262, 261, 8, 5.01%, 0, 0, 2, 61.87
1747817821, 0, 1, 278, 277, 8, 5.01%, 0, 0, 2, 42.27
1747817826, 0, 1, 289, 288, 8, 5.01%, 0, 0, 2, 33.26
1747817831, 0, 1, 300, 299, 8, 5.02%, 0, 0, 2, 31.23
1747817836, 0, 1, 313, 312, 8, 5.02%, 0, 0, 2, 29.52
1747817841, 0, 1, 320, 319, 8, 5.02%, 0, 0, 2, 30.20
1747817847, 0, 1, 326, 325, 8, 5.02%, 0, 0, 2, 30.75
1747817852, 0, 1, 333, 332, 8, 5.02%, 0, 0, 2, 30.05
1747817857, 0, 1, 339, 338, 8, 5.03%, 0, 0, 2, 30.62
1747817862, 0, 1, 344, 343, 8, 5.03%, 0, 0, 2, 30.89
1747817867, 0, 1, 345, 344, 8, 5.03%, 0, 0, 2, 31.30
1747817872, 0, 1, 349, 348, 8, 5.03%, 0, 0, 2, 30.90
1747817877, 0, 1, 355, 354, 8, 5.04%, 0, 0, 2, 30.42
1747817882, 0, 1, 359, 358, 8, 5.04%, 0, 0, 2, 30.73
1747817887, 0, 1, 363, 362, 8, 5.04%, 0, 0, 2, 30.48
1747817893, 0, 1, 365, 364, 8, 5.59%, 0, 0, 2, 31.12
1747817898, 0, 1, 370, 369, 8, 5.59%, 0, 0, 2, 30.15
1747817903, 0, 1, 373, 372, 8, 5.59%, 0, 0, 2, 30.47
1747817908, 0, 1, 375, 374, 8, 5.59%, 0, 0, 2, 31.52
1747817918, 0, 1, 376, 375, 8, 5.59%, 0, 0, 2, 31.31
1747817923, 0, 1, 378, 377, 8, 5.59%, 0, 0, 2, 30.85
1747817933, 0, 1, 380, 379, 8, 5.59%, 0, 0, 2, 30.89
1747817938, 0, 1, 381, 380, 8, 5.59%, 0, 0, 2, 31.04
1747817943, 0, 1, 383, 382, 8, 5.59%, 0, 0, 2, 31.40
1747817948, 0, 1, 386, 385, 8, 5.59%, 0, 0, 2, 31.08
1747817953, 0, 1, 388, 387, 8, 5.59%, 0, 0, 2, 31.19
1747817958, 0, 1, 391, 390, 8, 5.59%, 0, 0, 2, 30.51
1747817963, 0, 1, 393, 392, 8, 5.59%, 0, 0, 2, 30.85
1747817968, 0, 1, 395, 394, 8, 5.59%, 0, 0, 2, 31.15
1747817974, 0, 1, 398, 397, 8, 5.59%, 0, 0, 2, 30.60
1747817979, 0, 1, 399, 398, 8, 5.59%, 0, 0, 2, 31.03
1747817984, 0, 2, 407, 406, 8, 5.60%, 0, 0, 2, 27.54
1747817989, 0, 2, 418, 417, 8, 5.65%, 0, 0, 2, 24.14
1747817994, 0, 2, 427, 426, 8, 5.76%, 0, 0, 2, 23.53
1747817999, 0, 2, 435, 434, 8, 6.01%, 0, 0, 2, 23.67
1747818004, 0, 2, 441, 440, 8, 6.01%, 0, 0, 2, 23.88
1747818009, 0, 2, 448, 447, 8, 6.01%, 0, 0, 2, 23.82
1747818014, 0, 2, 454, 453, 8, 6.02%, 0, 0, 2, 24.16
1747818020, 0, 2, 460, 459, 8, 6.02%, 0, 0, 2, 24.16
1747818025, 0, 2, 465, 464, 8, 6.02%, 0, 0, 2, 23.94
1747818030, 0, 2, 470, 469, 8, 6.02%, 0, 0, 2, 24.51
1747818035, 0, 2, 474, 473, 8, 6.02%, 0, 0, 2, 23.96
1747818040, 0, 2, 481, 480, 8, 6.02%, 0, 0, 2, 23.73
1747818045, 0, 2, 484, 483, 8, 6.02%, 0, 0, 2, 23.79
1747818050, 0, 2, 486, 485, 8, 6.02%, 0, 0, 2, 24.41
1747818055, 0, 2, 491, 490, 8, 6.02%, 0, 0, 2, 23.12
1747818060, 0, 2, 494, 493, 8, 6.02%, 0, 0, 2, 23.40
1747818065, 0, 2, 498, 497, 8, 6.02%, 0, 0, 2, 23.68
1747818070, 0, 2, 502, 501, 8, 6.02%, 0, 0, 2, 23.39
1747818075, 0, 2, 506, 505, 8, 6.02%, 0, 0, 2, 24.01
1747818081, 0, 2, 509, 508, 8, 6.02%, 0, 0, 2, 23.87
1747818086, 0, 2, 514, 513, 8, 6.02%, 0, 0, 2, 23.73
1747818091, 0, 2, 517, 516, 8, 6.02%, 0, 0, 2, 24.23
1747818096, 0, 2, 520, 519, 8, 6.02%, 0, 0, 2, 23.83
1747818101, 0, 2, 521, 520, 8, 6.02%, 0, 0, 2, 24.50
1747818106, 0, 2, 522, 521, 8, 6.02%, 0, 0, 2, 24.76
1747818111, 0, 2, 526, 525, 8, 6.02%, 0, 0, 2, 24.14
1747818116, 0, 2, 531, 530, 8, 6.02%, 0, 0, 2, 23.94
1747818121, 0, 2, 534, 533, 8, 6.02%, 0, 0, 2, 24.17
1747818126, 0, 2, 538, 537, 8, 6.02%, 0, 0, 2, 23.75
1747818132, 0, 2, 543, 542, 8, 6.02%, 0, 0, 2, 22.99
1747818137, 0, 2, 545, 544, 8, 6.02%, 0, 0, 2, 24.20
1747818142, 0, 2, 546, 545, 8, 6.02%, 0, 0, 2, 24.55
1747818147, 0, 2, 547, 546, 8, 6.02%, 0, 0, 2, 24.56
1747818152, 0, 2, 549, 548, 8, 6.02%, 0, 0, 2, 24.37
1747818157, 0, 2, 551, 550, 8, 6.09%, 0, 0, 2, 24.47
1747818167, 0, 2, 552, 551, 8, 6.09%, 0, 0, 2, 24.41
1747818172, 0, 2, 554, 553, 8, 6.57%, 0, 0, 2, 23.81
1747818178, 0, 2, 556, 555, 8, 6.57%, 0, 0, 2, 23.88
1747818183, 0, 2, 558, 557, 8, 6.57%, 0, 0, 2, 24.40
1747818208, 0, 3, 566, 565, 9, 6.58%, 0, 0, 2, 21.07
1747818214, 0, 3, 572, 571, 9, 6.59%, 0, 0, 2, 20.05
1747818219, 0, 3, 580, 579, 9, 6.59%, 0, 0, 2, 19.61
1747818224, 0, 3, 588, 587, 9, 6.59%, 0, 0, 2, 18.92
1747818229, 0, 3, 595, 594, 9, 6.60%, 0, 0, 2, 22.61
1747818234, 0, 3, 604, 603, 9, 6.60%, 0, 0, 2, 31.04
1747818239, 0, 3, 609, 608, 9, 6.63%, 0, 0, 2, 33.37
1747818244, 0, 3, 613, 612, 9, 6.66%, 0, 0, 2, 34.17
1747818249, 0, 3, 623, 622, 9, 6.81%, 0, 0, 2, 32.61
1747818255, 0, 3, 634, 633, 9, 6.84%, 0, 0, 2, 32.46
1747818260, 0, 3, 640, 639, 9, 6.98%, 0, 0, 2, 32.33
1747818265, 0, 3, 643, 642, 9, 7.09%, 0, 0, 2, 33.34
1747818270, 0, 3, 647, 646, 9, 7.09%, 0, 0, 2, 33.54
1747818275, 0, 3, 651, 650, 9, 7.09%, 0, 0, 2, 33.42
1747818280, 0, 3, 657, 656, 9, 7.09%, 0, 0, 2, 33.80
1747818285, 0, 3, 659, 658, 9, 7.09%, 0, 0, 2, 33.20
1747818290, 0, 3, 662, 661, 9, 7.10%, 0, 0, 2, 33.11
1747818295, 0, 3, 666, 665, 9, 7.10%, 0, 0, 2, 32.96
1747818300, 0, 3, 667, 666, 9, 7.10%, 0, 0, 2, 33.51
1747818306, 0, 3, 671, 670, 9, 7.10%, 0, 0, 2, 32.60
1747818311, 0, 3, 673, 672, 9, 7.10%, 0, 0, 2, 33.20
1747818316, 0, 3, 675, 674, 9, 7.11%, 0, 0, 2, 33.29
1747818321, 0, 3, 677, 676, 9, 7.11%, 0, 0, 2, 33.38
1747818326, 0, 3, 678, 677, 9, 7.11%, 0, 0, 2, 33.79
1747818331, 0, 3, 680, 679, 9, 7.11%, 0, 0, 2, 33.44
1747818336, 0, 3, 684, 683, 9, 7.11%, 0, 0, 2, 33.65
1747818341, 0, 3, 687, 686, 9, 7.11%, 0, 0, 2, 33.31
1747818346, 0, 3, 688, 687, 9, 7.11%, 0, 0, 2, 33.30
1747818357, 0, 3, 690, 689, 9, 7.20%, 0, 0, 2, 33.14
1747818362, 0, 3, 692, 691, 9, 7.20%, 0, 0, 2, 32.02
1747818367, 0, 3, 694, 693, 9, 7.20%, 0, 0, 2, 32.03
1747818372, 0, 4, 700, 699, 13, 7.25%, 0, 0, 2, 30.15
1747818377, 0, 4, 711, 710, 13, 7.30%, 0, 0, 2, 26.16
1747818382, 0, 4, 721, 720, 13, 7.30%, 0, 0, 2, 24.81
1747818387, 0, 4, 731, 730, 13, 7.42%, 0, 0, 2, 25.11
1747818393, 0, 4, 736, 735, 13, 7.42%, 0, 0, 2, 25.39
1747818398, 0, 4, 741, 740, 13, 7.42%, 0, 0, 2, 25.73
1747818403, 0, 4, 745, 744, 13, 7.48%, 0, 0, 2, 25.47
1747818408, 0, 4, 753, 752, 13, 7.50%, 0, 0, 2, 24.20
1747818413, 0, 4, 757, 756, 13, 7.56%, 0, 0, 2, 25.10
1747818418, 0, 4, 761, 760, 13, 7.56%, 0, 0, 2, 25.13
1747818423, 0, 4, 766, 765, 13, 7.56%, 0, 0, 2, 25.50
1747818429, 0, 4, 769, 768, 13, 7.57%, 0, 0, 2, 25.64
1747818434, 0, 4, 774, 773, 13, 7.62%, 0, 0, 2, 25.75
1747818439, 0, 4, 777, 776, 13, 7.62%, 0, 0, 2, 26.27
1747818444, 0, 4, 783, 782, 13, 7.62%, 0, 0, 2, 25.37
1747818449, 0, 4, 786, 785, 13, 7.62%, 0, 0, 2, 26.62
1747818454, 0, 4, 788, 787, 13, 7.63%, 0, 0, 2, 25.99
1747818459, 0, 4, 791, 790, 13, 7.63%, 0, 0, 2, 25.39
1747818464, 0, 4, 794, 793, 13, 7.63%, 0, 0, 2, 25.22
1747818470, 0, 4, 795, 794, 13, 7.63%, 0, 0, 2, 25.86
1747818475, 0, 4, 796, 795, 13, 7.63%, 0, 0, 2, 26.02
1747818480, 0, 4, 800, 799, 13, 7.63%, 0, 0, 2, 25.35
1747818485, 0, 4, 802, 801, 13, 7.63%, 0, 0, 2, 26.03
1747818490, 0, 4, 803, 802, 13, 7.63%, 0, 0, 2, 26.40
1747818500, 0, 4, 807, 806, 13, 7.63%, 0, 0, 2, 26.33
1747818505, 0, 4, 810, 809, 13, 7.63%, 0, 0, 2, 26.58
1747818510, 0, 4, 812, 811, 13, 7.64%, 0, 0, 2, 27.09
1747818516, 0, 4, 817, 816, 13, 7.64%, 0, 0, 2, 26.22
1747818521, 0, 4, 821, 820, 13, 7.64%, 0, 0, 2, 23.24
1747818526, 0, 4, 822, 821, 13, 7.64%, 0, 0, 2, 17.53
1747818536, 0, 4, 823, 822, 13, 7.64%, 0, 0, 2, 15.80
1747818541, 0, 4, 827, 826, 13, 7.66%, 0, 0, 2, 15.68
1747818546, 0, 4, 829, 828, 13, 7.67%, 0, 0, 2, 15.73
1747818551, 0, 4, 831, 830, 13, 7.68%, 0, 0, 2, 15.54
1747818556, 0, 4, 834, 833, 13, 7.68%, 0, 0, 2, 15.52
1747818562, 0, 4, 835, 834, 13, 7.68%, 0, 0, 2, 15.65
1747818572, 0, 4, 837, 836, 13, 7.68%, 0, 0, 2, 15.71
1747818577, 0, 4, 840, 839, 13, 7.69%, 0, 0, 2, 15.35
1747818582, 0, 4, 841, 840, 13, 7.69%, 0, 0, 2, 15.70
1747818587, 0, 4, 842, 841, 13, 7.69%, 0, 0, 2, 15.60
1747818598, 0, 4, 843, 842, 13, 7.69%, 0, 0, 2, 15.36
1747818613, 0, 5, 845, 844, 20, 7.69%, 0, 0, 2, 14.71
1747818618, 0, 5, 850, 849, 20, 7.70%, 0, 0, 2, 12.65
1747818623, 0, 5, 855, 854, 20, 7.76%, 0, 0, 2, 12.12
1747818628, 0, 5, 857, 856, 20, 7.76%, 0, 0, 2, 12.10
1747818633, 0, 5, 861, 860, 20, 7.76%, 0, 0, 2, 11.93
1747818638, 0, 5, 865, 864, 20, 7.76%, 0, 0, 2, 11.71
1747818644, 0, 5, 868, 867, 20, 7.76%, 0, 0, 2, 12.11
1747818649, 0, 5, 871, 870, 20, 7.76%, 0, 0, 2, 12.00
1747818654, 0, 5, 875, 874, 20, 7.76%, 0, 0, 2, 12.82
1747818659, 0, 5, 880, 879, 20, 7.77%, 0, 0, 2, 12.57
1747818664, 0, 5, 885, 884, 20, 7.77%, 0, 0, 2, 11.91
1747818669, 0, 5, 888, 887, 20, 7.77%, 0, 0, 2, 11.87
1747818674, 0, 5, 891, 890, 20, 7.77%, 0, 0, 2, 11.90
1747818679, 0, 5, 895, 894, 20, 7.77%, 0, 0, 2, 12.12
1747818684, 0, 5, 897, 896, 20, 7.77%, 0, 0, 2, 12.21
1747818690, 0, 5, 898, 897, 20, 7.77%, 0, 0, 2, 12.20
1747818695, 0, 5, 901, 900, 20, 7.77%, 0, 0, 2, 12.25
1747818700, 0, 5, 902, 901, 20, 7.77%, 0, 0, 2, 12.39
1747818705, 0, 5, 903, 902, 20, 7.77%, 0, 0, 2, 12.21
1747818715, 0, 5, 906, 905, 20, 7.78%, 0, 0, 2, 12.19
1747818726, 0, 5, 907, 906, 20, 7.78%, 0, 0, 2, 12.59
1747818731, 0, 5, 909, 908, 20, 7.78%, 0, 0, 2, 12.32
1747818736, 0, 5, 911, 910, 20, 7.78%, 0, 0, 2, 12.01
1747818746, 0, 5, 914, 913, 20, 7.83%, 0, 0, 2, 11.83
1747818751, 0, 5, 916, 915, 20, 7.83%, 0, 0, 2, 12.12
1747818756, 0, 5, 919, 918, 20, 7.83%, 0, 0, 2, 12.15
1747818761, 0, 5, 921, 920, 20, 7.83%, 0, 0, 2, 12.23
1747818767, 0, 5, 922, 921, 20, 7.83%, 0, 0, 2, 12.24
1747818777, 0, 5, 923, 922, 20, 7.83%, 0, 0, 2, 12.34
1747818782, 0, 5, 925, 924, 20, 7.93%, 0, 0, 2, 12.28
1747818787, 0, 5, 927, 926, 20, 7.93%, 0, 0, 2, 12.03
1747818792, 0, 5, 929, 928, 20, 7.93%, 0, 0, 2, 11.99
1747818797, 0, 5, 931, 930, 20, 7.93%, 0, 0, 2, 12.21
1747818802, 0, 5, 932, 931, 20, 7.93%, 0, 0, 2, 12.15
1747818807, 0, 5, 933, 932, 20, 7.93%, 0, 0, 2, 12.50
1747818823, 0, 5, 934, 933, 20, 7.93%, 0, 0, 2, 12.11
1747818833, 0, 5, 936, 935, 20, 7.93%, 0, 0, 2, 11.99
1747818843, 0, 5, 937, 936, 20, 7.93%, 0, 0, 2, 12.35
1747818848, 0, 5, 938, 937, 20, 7.93%, 0, 0, 2, 12.40
1747818863, 0, 5, 940, 939, 20, 7.93%, 0, 0, 2, 11.97
1747818889, 0, 5, 942, 941, 20, 7.93%, 0, 0, 2, 12.19
1747818904, 0, 5, 943, 942, 20, 7.93%, 0, 0, 2, 12.23
1747818909, 0, 5, 945, 944, 20, 7.93%, 0, 0, 2, 12.17
1747818920, 0, 5, 946, 945, 20, 7.93%, 0, 0, 2, 12.58
1747818925, 0, 5, 947, 946, 20, 7.93%, 0, 0, 2, 12.31
1747818930, 0, 5, 948, 947, 20, 7.95%, 0, 0, 2, 12.17
1747818940, 0, 5, 949, 948, 20, 7.95%, 0, 0, 2, 11.93
1747818950, 0, 5, 951, 950, 20, 7.95%, 0, 0, 2, 12.06
1747818955, 0, 5, 952, 951, 20, 7.95%, 0, 0, 2, 12.00
1747818961, 0, 5, 953, 952, 20, 7.95%, 0, 0, 2, 12.22
1747818986, 0, 5, 955, 954, 20, 7.95%, 0, 0, 2, 12.33
1747818991, 0, 5, 956, 955, 20, 7.95%, 0, 0, 2, 12.16
1747819017, 0, 5, 957, 956, 20, 7.95%, 0, 0, 2, 12.23
1747819022, 0, 5, 959, 958, 20, 7.95%, 0, 0, 2, 12.04
1747819027, 0, 6, 960, 959, 23, 7.95%, 0, 0, 2, 12.06
1747819037, 0, 6, 961, 960, 23, 7.95%, 0, 0, 2, 12.04
1747819043, 0, 6, 963, 962, 23, 7.95%, 0, 0, 2, 11.89
1747819048, 0, 6, 964, 963, 23, 7.95%, 0, 0, 2, 12.09
1747819053, 0, 6, 965, 964, 23, 7.95%, 0, 0, 2, 12.17
1747819058, 0, 6, 966, 965, 23, 7.95%, 0, 0, 2, 12.08
1747819063, 0, 6, 967, 966, 23, 7.95%, 0, 0, 2, 12.31
1747819094, 0, 6, 968, 967, 23, 7.95%, 0, 0, 2, 12.22
1747819099, 0, 6, 970, 969, 23, 7.95%, 0, 0, 2, 12.07
1747819104, 0, 6, 971, 970, 23, 7.95%, 0, 0, 2, 12.22
1747819130, 0, 6, 973, 972, 23, 7.95%, 0, 0, 2, 12.08
1747819135, 0, 6, 974, 973, 23, 7.95%, 0, 0, 2, 12.21
1747819150, 0, 6, 975, 974, 23, 7.95%, 0, 0, 2, 12.16
1747819166, 0, 6, 976, 975, 23, 7.95%, 0, 0, 2, 12.17
1747819187, 0, 6, 977, 976, 23, 7.95%, 0, 0, 2, 12.18
1747819197, 0, 6, 978, 977, 23, 7.95%, 0, 0, 2, 12.27
1747819202, 0, 6, 979, 978, 23, 7.95%, 0, 0, 2, 12.16
1747819207, 0, 6, 980, 979, 23, 7.95%, 0, 0, 2, 12.05
1747819243, 0, 6, 981, 980, 23, 7.95%, 0, 0, 2, 12.43
1747819259, 0, 6, 982, 981, 23, 7.95%, 0, 0, 2, 12.13
1747819284, 0, 6, 983, 982, 23, 7.95%, 0, 0, 2, 12.15
1747819336, 0, 6, 984, 983, 23, 7.95%, 0, 0, 2, 11.57
1747819341, 0, 6, 985, 984, 23, 7.95%, 0, 0, 2, 11.84
1747819351, 0, 6, 986, 985, 23, 7.95%, 0, 0, 2, 11.92
1747819382, 0, 9, 986, 985, 24, 7.95%, 0, 0, 2, 12.26
1747819392, 0, 9, 987, 986, 24, 7.95%, 0, 0, 2, 11.72
1747819402, 0, 10, 987, 986, 24, 7.95%, 0, 0, 2, 11.99
1747819418, 0, 11, 987, 986, 24, 7.95%, 0, 0, 2, 12.16
1747819423, 0, 11, 988, 987, 24, 7.95%, 0, 0, 2, 12.07
1747819438, 0, 13, 988, 987, 24, 7.95%, 0, 0, 2, 12.00
1747819443, 0, 13, 989, 988, 24, 7.95%, 0, 0, 2, 12.27
1747819453, 0, 13, 990, 989, 24, 7.95%, 0, 0, 2, 12.16
1747819458, 0, 13, 991, 990, 24, 7.96%, 0, 0, 2, 12.04
1747819464, 0, 13, 992, 991, 24, 7.96%, 0, 0, 2, 12.06
1747819469, 0, 13, 993, 992, 24, 7.96%, 0, 0, 2, 11.99
1747819490, 0, 13, 995, 994, 24, 7.98%, 0, 0, 2, 12.27
1747819495, 0, 13, 996, 995, 24, 7.98%, 0, 0, 2, 12.20
1747819515, 0, 13, 999, 998, 24, 7.98%, 0, 0, 2, 11.72
1747819531, 0, 13, 1000, 999, 24, 7.98%, 0, 0, 2, 12.37
1747819587, 0, 13, 1001, 1000, 24, 7.98%, 0, 0, 2, 12.01
1747819602, 0, 13, 1002, 1001, 24, 7.98%, 0, 0, 2, 12.46
1747819608, 0, 13, 1003, 1002, 24, 7.98%, 0, 0, 2, 11.92
1747819618, 0, 13, 1004, 1003, 24, 7.98%, 0, 0, 2, 12.22
1747819654, 0, 13, 1005, 1004, 24, 7.98%, 0, 0, 2, 12.06
1747819669, 0, 13, 1006, 1005, 24, 7.98%, 0, 0, 2, 11.91
1747819680, 0, 13, 1007, 1006, 24, 7.98%, 0, 0, 2, 12.11
1747819695, 0, 13, 1008, 1007, 24, 7.98%, 0, 0, 2, 11.97
1747819710, 0, 13, 1009, 1008, 24, 7.98%, 0, 0, 2, 12.14
1747819756, 0, 13, 1010, 1009, 24, 7.98%, 0, 0, 2, 11.88
1747819782, 0, 13, 1011, 1010, 24, 7.98%, 0, 0, 2, 12.18
1747819787, 0, 15, 1011, 1010, 23, 7.98%, 0, 0, 2, 12.30
1747819802, 0, 16, 1011, 1010, 23, 7.98%, 0, 0, 2, 12.19
1747819808, 0, 16, 1012, 1011, 23, 7.98%, 0, 0, 2, 11.56
1747819818, 0, 16, 1013, 1012, 23, 7.98%, 0, 0, 2, 12.01
1747819828, 0, 16, 1014, 1013, 23, 7.98%, 0, 0, 2, 12.05
1747819884, 0, 17, 1014, 1013, 23, 7.98%, 0, 0, 2, 12.27
1747819895, 0, 17, 1015, 1014, 23, 7.98%, 0, 0, 2, 12.12
1747819900, 0, 17, 1016, 1015, 23, 7.98%, 0, 0, 2, 11.84
1747819910, 0, 17, 1017, 1016, 23, 7.98%, 0, 0, 2, 12.25
1747819915, 0, 17, 1018, 1017, 23, 7.98%, 0, 0, 2, 12.22
1747819945, 0, 17, 1019, 1018, 23, 7.98%, 0, 0, 2, 12.08
1747819982, 0, 17, 1020, 1019, 23, 7.98%, 0, 0, 2, 12.06
1747819997, 0, 17, 1021, 1020, 23, 7.98%, 0, 0, 2, 12.03
1747820017, 0, 17, 1022, 1021, 23, 7.98%, 0, 0, 2, 11.95
1747820053, 0, 17, 1023, 1022, 23, 7.98%, 0, 0, 2, 12.12
1747820141, 0, 17, 1024, 1023, 23, 7.98%, 0, 0, 2, 12.31
1747820151, 0, 17, 1026, 1025, 23, 7.98%, 0, 0, 2, 12.16
1747820156, 0, 17, 1027, 1026, 23, 7.98%, 0, 0, 2, 11.68
1747820233, 0, 18, 1027, 1026, 23, 7.98%, 0, 0, 2, 12.36
1747820238, 0, 18, 1028, 1027, 23, 7.98%, 0, 0, 2, 12.09
1747820248, 0, 18, 1029, 1028, 23, 7.98%, 0, 0, 2, 11.80
1747820279, 0, 19, 1029, 1028, 23, 7.98%, 0, 0, 2, 12.50
1747820290, 0, 20, 1029, 1028, 23, 7.98%, 0, 0, 2, 12.73
1747820295, 0, 20, 1030, 1029, 23, 7.98%, 0, 0, 2, 12.35
1747820310, 0, 21, 1030, 1029, 23, 7.98%, 0, 0, 2, 12.50
1747820315, 0, 21, 1031, 1030, 23, 7.98%, 0, 0, 2, 12.50
1747820331, 0, 21, 1032, 1031, 23, 7.98%, 0, 0, 2, 12.53
1747820351, 0, 22, 1033, 1032, 23, 7.98%, 0, 0, 2, 11.91
1747820366, 0, 22, 1034, 1033, 23, 7.98%, 0, 0, 2, 12.11
1747820397, 0, 23, 1034, 1033, 24, 7.98%, 0, 0, 2, 12.05
1747820407, 0, 24, 1034, 1033, 24, 7.98%, 0, 0, 2, 12.00
1747820418, 0, 25, 1034, 1033, 24, 7.98%, 0, 0, 2, 12.45
1747820428, 0, 25, 1035, 1034, 24, 7.98%, 0, 0, 2, 12.52
1747820438, 0, 26, 1035, 1034, 24, 7.98%, 0, 0, 2, 12.27
1747820448, 0, 28, 1035, 1034, 24, 7.98%, 0, 0, 2, 12.44
1747820459, 0, 29, 1035, 1034, 24, 7.98%, 0, 0, 2, 12.04
1747820469, 0, 30, 1035, 1034, 24, 7.98%, 0, 0, 2, 12.24
1747820479, 0, 30, 1036, 1035, 24, 7.98%, 0, 0, 2, 12.63
1747820489, 0, 31, 1037, 1036, 24, 7.99%, 0, 0, 2, 12.32
1747820515, 0, 33, 1037, 1036, 25, 7.99%, 0, 0, 2, 12.41
1747820525, 0, 34, 1038, 1037, 25, 7.99%, 0, 0, 2, 11.72
1747820535, 0, 34, 1040, 1039, 25, 7.99%, 0, 0, 2, 11.30
1747820546, 0, 34, 1041, 1040, 25, 7.99%, 0, 0, 2, 11.48
1747820551, 0, 34, 1042, 1041, 25, 8.00%, 0, 0, 2, 11.41
1747820577, 0, 34, 1043, 1042, 25, 8.00%, 0, 0, 2, 11.46
1747820618, 0, 34, 1044, 1043, 25, 8.00%, 0, 0, 2, 12.09
1747820633, 0, 34, 1045, 1044, 25, 8.00%, 0, 0, 2, 11.68
1747820638, 0, 34, 1046, 1045, 25, 8.00%, 0, 0, 2, 11.66
1747820654, 0, 34, 1047, 1046, 25, 8.00%, 0, 0, 2, 11.31
1747820777, 0, 34, 1048, 1047, 25, 8.00%, 0, 0, 2, 11.46
1747820792, 0, 34, 1049, 1048, 25, 8.00%, 0, 0, 2, 11.51
1747820807, 0, 34, 1051, 1050, 25, 8.00%, 0, 0, 2, 11.01
1747820889, 0, 35, 1051, 1050, 26, 8.00%, 0, 0, 2, 11.93
1747820900, 0, 36, 1051, 1050, 26, 8.00%, 0, 0, 2, 11.62
1747820910, 0, 37, 1051, 1050, 26, 8.00%, 0, 0, 2, 11.79
1747820920, 0, 38, 1051, 1050, 26, 8.00%, 0, 0, 2, 12.32
1747820931, 0, 38, 1052, 1051, 26, 8.00%, 0, 0, 2, 12.17
1747820941, 0, 40, 1052, 1051, 26, 8.00%, 0, 0, 2, 12.33
1747820946, 0, 40, 1053, 1052, 26, 8.00%, 0, 0, 2, 11.83
1747820967, 0, 41, 1054, 1053, 26, 8.00%, 0, 0, 2, 11.83
1747820977, 0, 41, 1055, 1054, 26, 8.00%, 0, 0, 2, 11.66
1747820993, 0, 41, 1056, 1055, 26, 8.00%, 0, 0, 2, 11.54
1747821023, 0, 41, 1057, 1056, 26, 8.00%, 0, 0, 2, 11.35
1747821028, 0, 41, 1058, 1057, 26, 8.00%, 0, 0, 2, 11.66
1747821116, 0, 41, 1059, 1058, 26, 8.00%, 0, 0, 2, 11.51
1747821137, 0, 41, 1060, 1059, 26, 8.00%, 0, 0, 2, 11.81
1747821142, 0, 41, 1061, 1060, 26, 8.00%, 0, 0, 2, 11.41
1747821147, 0, 41, 1062, 1061, 26, 8.00%, 0, 0, 2, 11.54
1747821152, 0, 41, 1063, 1062, 26, 8.00%, 0, 0, 2, 11.37
1747821188, 0, 41, 1064, 1063, 26, 8.00%, 0, 0, 2, 11.31
1747821213, 0, 41, 1065, 1064, 26, 8.00%, 0, 0, 2, 11.59
1747821306, 0, 41, 1066, 1065, 26, 8.00%, 0, 0, 2, 11.37
1747821326, 0, 42, 1066, 1065, 26, 8.00%, 0, 0, 2, 12.02
1747821336, 0, 44, 1066, 1065, 26, 8.00%, 0, 0, 2, 12.14
1747821341, 0, 44, 1067, 1066, 26, 8.00%, 0, 0, 2, 11.59
1747821362, 0, 46, 1067, 1066, 26, 8.00%, 0, 0, 2, 12.14
1747821372, 0, 47, 1068, 1067, 26, 8.00%, 0, 0, 2, 11.82
1747821393, 0, 48, 1068, 1067, 26, 8.00%, 0, 0, 2, 11.64
1747821403, 0, 50, 1068, 1067, 26, 8.00%, 0, 0, 2, 11.92
1747821408, 0, 50, 1069, 1068, 26, 8.00%, 0, 0, 2, 11.75
1747821418, 0, 50, 1071, 1070, 26, 8.00%, 0, 0, 2, 12.32
1747821434, 0, 50, 1072, 1071, 26, 8.00%, 0, 0, 2, 11.64
1747821439, 0, 50, 1073, 1072, 26, 8.00%, 0, 0, 2, 11.82
1747821449, 0, 50, 1074, 1073, 26, 8.00%, 0, 0, 2, 11.77
1747821454, 0, 50, 1075, 1074, 26, 8.00%, 0, 0, 2, 11.82
1747821500, 0, 50, 1076, 1075, 26, 8.00%, 0, 0, 2, 11.82
1747821511, 0, 50, 1077, 1076, 26, 8.00%, 0, 0, 2, 12.49
1747821577, 0, 50, 1078, 1077, 26, 8.00%, 0, 0, 2, 12.05
1747821593, 0, 50, 1079, 1078, 26, 8.00%, 0, 0, 2, 11.88
1747821752, 0, 52, 1079, 1078, 26, 8.00%, 0, 0, 2, 12.09
1747821762, 0, 53, 1079, 1078, 26, 8.00%, 0, 0, 2, 12.13
1747821767, 0, 53, 1080, 1079, 26, 8.00%, 0, 0, 2, 11.70
1747821772, 0, 53, 1081, 1080, 26, 8.00%, 0, 0, 2, 11.89
1747821808, 0, 54, 1081, 1080, 26, 8.00%, 0, 0, 2, 11.83
1747821813, 0, 54, 1082, 1081, 26, 8.00%, 0, 0, 2, 11.52
1747821823, 0, 54, 1083, 1082, 26, 8.00%, 0, 0, 2, 11.57
1747821833, 0, 54, 1085, 1084, 26, 8.00%, 0, 0, 2, 11.04
1747821859, 0, 54, 1086, 1085, 26, 8.00%, 0, 0, 2, 11.55
1747821920, 0, 54, 1087, 1086, 26, 8.00%, 0, 0, 2, 11.55
1747821925, 0, 54, 1088, 1087, 26, 8.00%, 0, 0, 2, 11.70
1747821992, 0, 54, 1089, 1088, 26, 8.00%, 0, 0, 2, 11.67
1747822023, 0, 54, 1090, 1089, 26, 8.13%, 0, 0, 2, 11.63
1747822038, 0, 54, 1091, 1090, 26, 8.13%, 0, 0, 2, 11.19
1747822166, 0, 55, 1091, 1090, 26, 8.13%, 0, 0, 2, 11.68
1747822176, 0, 57, 1091, 1090, 26, 8.13%, 0, 0, 2, 11.84
1747822192, 0, 58, 1091, 1090, 26, 8.13%, 0, 0, 2, 11.57
1747822202, 0, 58, 1092, 1091, 26, 8.13%, 0, 0, 2, 12.02
1747822212, 0, 59, 1092, 1091, 26, 8.13%, 0, 0, 2, 11.61
1747822223, 0, 60, 1092, 1091, 26, 8.13%, 0, 0, 2, 11.51
1747822238, 0, 61, 1092, 1091, 26, 8.13%, 0, 0, 2, 11.51
1747822248, 0, 64, 1093, 1092, 26, 8.13%, 0, 0, 2, 11.30
1747822254, 0, 64, 1094, 1093, 26, 8.13%, 0, 0, 2, 11.17
1747822259, 0, 64, 1095, 1094, 26, 8.13%, 0, 0, 2, 11.54
1747822274, 0, 64, 1096, 1095, 26, 8.13%, 0, 0, 2, 11.36
1747822310, 0, 64, 1097, 1096, 26, 8.13%, 0, 0, 2, 11.75
1747822335, 0, 64, 1098, 1097, 26, 8.13%, 0, 0, 2, 11.86
1747822340, 0, 64, 1099, 1098, 26, 8.13%, 0, 0, 2, 11.75
1747822356, 0, 64, 1100, 1099, 26, 8.13%, 0, 0, 2, 11.17
1747822361, 0, 64, 1101, 1100, 26, 8.20%, 0, 0, 2, 11.80
1747822366, 0, 64, 1103, 1102, 26, 8.20%, 0, 0, 2, 11.15
1747822376, 0, 64, 1104, 1103, 26, 8.20%, 0, 0, 2, 11.52
1747822391, 0, 64, 1105, 1104, 26, 8.25%, 0, 0, 2, 11.26
1747822438, 0, 64, 1106, 1105, 26, 8.25%, 0, 0, 2, 11.16
1747822458, 0, 64, 1107, 1106, 26, 8.25%, 0, 0, 2, 11.54
1747822468, 0, 64, 1108, 1107, 26, 8.25%, 0, 0, 2, 11.56
1747822484, 0, 64, 1109, 1108, 26, 8.25%, 0, 0, 2, 11.50
1747822494, 0, 64, 1110, 1109, 26, 8.25%, 0, 0, 2, 11.20
1747822520, 0, 64, 1111, 1110, 26, 8.26%, 0, 0, 2, 11.29
1747822617, 0, 65, 1111, 1110, 27, 8.26%, 0, 0, 2, 11.19
1747822622, 0, 65, 1112, 1111, 27, 8.27%, 0, 0, 2, 11.36
1747822638, 0, 65, 1113, 1112, 27, 8.27%, 0, 0, 2, 11.42
1747822668, 0, 66, 1113, 1112, 27, 8.27%, 0, 0, 2, 11.55
1747822679, 0, 67, 1113, 1112, 27, 8.27%, 0, 0, 2, 11.75
1747822689, 0, 68, 1113, 1112, 27, 8.27%, 0, 0, 2, 11.59
1747822699, 0, 69, 1114, 1113, 27, 8.27%, 0, 0, 2, 11.25
1747822725, 0, 70, 1114, 1113, 27, 8.27%, 0, 0, 2, 11.27
1747822735, 0, 71, 1114, 1113, 27, 8.27%, 0, 0, 2, 11.51
1747822745, 0, 73, 1114, 1113, 27, 8.27%, 0, 0, 2, 11.65
1747822755, 0, 76, 1114, 1113, 27, 8.27%, 0, 0, 2, 11.22
1747822761, 0, 76, 1115, 1114, 27, 8.27%, 0, 0, 2, 11.20
1747822781, 0, 77, 1116, 1115, 27, 8.27%, 0, 0, 2, 10.94
1747822801, 0, 79, 1116, 1115, 27, 8.27%, 0, 0, 2, 11.71
1747822816, 0, 80, 1116, 1115, 27, 8.27%, 0, 0, 2, 11.21
1747822827, 0, 81, 1116, 1115, 27, 8.27%, 0, 0, 2, 11.74
1747822837, 0, 82, 1116, 1115, 27, 8.27%, 0, 0, 2, 11.05
1747822847, 0, 83, 1116, 1115, 27, 8.27%, 0, 0, 2, 11.61
1747822853, 0, 83, 1117, 1116, 27, 8.28%, 0, 0, 2, 11.06
1747822858, 0, 83, 1118, 1117, 27, 8.28%, 0, 0, 2, 11.40
1747822868, 0, 83, 1119, 1118, 27, 8.28%, 0, 0, 2, 10.64
1747822873, 0, 83, 1120, 1119, 27, 8.28%, 0, 0, 2, 10.80
1747822878, 0, 83, 1121, 1120, 27, 8.28%, 0, 0, 2, 11.07
1747822889, 0, 83, 1122, 1121, 27, 8.28%, 0, 0, 2, 11.05
1747822894, 0, 83, 1123, 1122, 27, 8.28%, 0, 0, 2, 10.52
1747822955, 0, 83, 1125, 1124, 27, 8.28%, 0, 0, 2, 11.02
1747822960, 0, 83, 1126, 1125, 27, 8.28%, 0, 0, 2, 11.24
1747823017, 0, 83, 1127, 1126, 27, 8.28%, 0, 0, 2, 10.83
1747823058, 0, 83, 1128, 1127, 27, 8.28%, 0, 0, 2, 10.74
1747823078, 0, 83, 1129, 1128, 27, 8.29%, 0, 0, 2, 10.48
1747823094, 0, 83, 1130, 1129, 27, 8.29%, 0, 0, 2, 10.76
1747823124, 0, 83, 1131, 1130, 27, 8.29%, 0, 0, 2, 10.78
1747823130, 0, 83, 1132, 1131, 27, 8.29%, 0, 0, 2, 10.72
1747823140, 0, 83, 1133, 1132, 27, 8.29%, 0, 0, 2, 11.16
1747823155, 0, 83, 1134, 1133, 27, 8.29%, 0, 0, 2, 10.61
1747823191, 0, 83, 1135, 1134, 27, 8.29%, 0, 0, 2, 10.64
1747823232, 0, 84, 1135, 1134, 29, 8.29%, 0, 0, 2, 10.99
1747823242, 0, 84, 1136, 1135, 29, 8.29%, 0, 0, 2, 10.92
1747823258, 0, 84, 1137, 1136, 29, 8.29%, 0, 0, 2, 11.36
1747823284, 0, 85, 1137, 1136, 29, 8.29%, 0, 0, 2, 11.14
1747823294, 0, 86, 1137, 1136, 29, 8.29%, 0, 0, 2, 11.21
1747823299, 0, 86, 1138, 1137, 29, 8.29%, 0, 0, 2, 10.83
1747823309, 0, 86, 1139, 1138, 29, 8.33%, 0, 0, 2, 10.64
1747823314, 0, 86, 1140, 1139, 29, 8.33%, 0, 0, 2, 10.70
1747823319, 0, 86, 1141, 1140, 29, 8.33%, 0, 0, 2, 10.66
1747823324, 0, 86, 1142, 1141, 29, 8.33%, 0, 0, 2, 10.36
1747823406, 0, 86, 1143, 1142, 29, 8.33%, 0, 0, 2, 10.49
1747823432, 0, 86, 1144, 1143, 29, 8.33%, 0, 0, 2, 10.82
1747823472, 0, 86, 1145, 1144, 29, 8.33%, 0, 0, 2, 10.43
1747823508, 0, 86, 1146, 1145, 29, 8.33%, 0, 0, 2, 10.90
1747823616, 0, 86, 1147, 1146, 29, 8.33%, 0, 0, 2, 10.45
1747823667, 0, 86, 1148, 1147, 29, 8.33%, 0, 0, 2, 10.47
1747823677, 0, 87, 1150, 1149, 29, 8.33%, 0, 0, 2, 10.31
1747823683, 0, 87, 1151, 1150, 29, 8.33%, 0, 0, 2, 10.16
1747823693, 0, 87, 1153, 1152, 29, 8.33%, 0, 0, 2, 10.32
1747823698, 0, 87, 1154, 1153, 29, 8.33%, 0, 0, 2, 10.41
1747823703, 0, 87, 1155, 1154, 29, 8.34%, 0, 0, 2, 10.36
1747823713, 0, 87, 1156, 1155, 29, 8.34%, 0, 0, 2, 10.05
1747823718, 0, 87, 1157, 1156, 29, 8.34%, 0, 0, 2, 10.81
1747823734, 0, 87, 1158, 1157, 29, 8.34%, 0, 0, 2, 10.31
1747823764, 0, 87, 1159, 1158, 29, 8.34%, 0, 0, 2, 10.58
1747823780, 0, 87, 1160, 1159, 29, 8.34%, 0, 0, 2, 10.82
1747823816, 0, 87, 1161, 1160, 29, 8.34%, 0, 0, 2, 10.58
1747823852, 0, 87, 1162, 1161, 29, 8.34%, 0, 0, 2, 10.52
1747824067, 0, 87, 1163, 1162, 29, 8.34%, 0, 0, 2, 10.51
1747824072, 0, 89, 1163, 1162, 29, 8.34%, 0, 0, 2, 10.36
1747824077, 0, 89, 1164, 1163, 29, 8.38%, 0, 0, 2, 10.98
1747824097, 0, 90, 1164, 1163, 29, 8.38%, 0, 0, 2, 10.93
1747824108, 0, 91, 1164, 1163, 29, 8.38%, 0, 0, 2, 10.93
1747824123, 0, 92, 1164, 1163, 29, 8.38%, 0, 0, 2, 10.79
1747824133, 0, 93, 1165, 1164, 29, 8.38%, 0, 0, 2, 10.45
1747824158, 0, 94, 1165, 1164, 29, 8.38%, 0, 0, 2, 10.39
1747824169, 0, 95, 1165, 1164, 29, 8.38%, 0, 0, 2, 10.68
1747824179, 0, 96, 1165, 1164, 29, 8.38%, 0, 0, 2, 11.14
1747824194, 0, 97, 1165, 1164, 29, 8.38%, 0, 0, 2, 11.01
1747824199, 0, 97, 1166, 1165, 29, 8.38%, 0, 0, 2, 10.97
1747824215, 0, 98, 1166, 1165, 29, 8.38%, 0, 0, 2, 10.80
1747824225, 0, 99, 1166, 1165, 29, 8.38%, 0, 0, 2, 10.90
1747824240, 0, 100, 1166, 1165, 29, 8.38%, 0, 0, 2, 10.86
1747824250, 0, 102, 1166, 1165, 29, 8.38%, 0, 0, 2, 10.77
1747824261, 0, 103, 1166, 1165, 29, 8.38%, 0, 0, 2, 11.01
1747824266, 0, 103, 1167, 1166, 29, 8.38%, 0, 0, 2, 10.55
1747824271, 0, 103, 1169, 1168, 29, 8.38%, 0, 0, 2, 10.49
1747824343, 0, 103, 1170, 1169, 29, 8.38%, 0, 0, 2, 9.94
1747824445, 0, 103, 1171, 1170, 29, 8.38%, 0, 0, 2, 10.50
1747824507, 0, 103, 1172, 1171, 29, 8.38%, 0, 0, 2, 10.56
1747824542, 0, 103, 1173, 1172, 29, 8.38%, 0, 0, 2, 10.87
1747824573, 0, 103, 1174, 1173, 29, 8.38%, 0, 0, 2, 10.80
1747824583, 0, 103, 1175, 1174, 29, 8.38%, 0, 0, 2, 10.34
1747824603, 0, 103, 1176, 1175, 29, 8.38%, 0, 0, 2, 10.41
1747824655, 0, 104, 1176, 1175, 30, 8.38%, 0, 0, 2, 10.35
1747824670, 0, 105, 1176, 1175, 30, 8.38%, 0, 0, 2, 11.02
1747824680, 0, 107, 1176, 1175, 30, 8.38%, 0, 0, 2, 10.71
1747824690, 0, 108, 1176, 1175, 30, 8.38%, 0, 0, 2, 10.60
1747824701, 0, 109, 1176, 1175, 30, 8.38%, 0, 0, 2, 10.59
1747824711, 0, 109, 1177, 1176, 30, 8.38%, 0, 0, 2, 10.18
1747824716, 0, 109, 1178, 1177, 30, 8.38%, 0, 0, 2, 10.47
1747824721, 0, 109, 1179, 1178, 30, 8.38%, 0, 0, 2, 10.15
1747824726, 0, 109, 1180, 1179, 30, 8.38%, 0, 0, 2, 10.17
1747824818, 0, 109, 1181, 1180, 30, 8.38%, 0, 0, 2, 10.38
1747824874, 0, 109, 1182, 1181, 30, 8.38%, 0, 0, 2, 10.31
1747824894, 0, 109, 1183, 1182, 30, 8.38%, 0, 0, 2, 10.35
1747825038, 0, 109, 1184, 1183, 30, 8.38%, 0, 0, 2, 10.38
1747825059, 0, 109, 1185, 1184, 30, 8.38%, 0, 0, 2, 10.34
1747825100, 0, 110, 1185, 1184, 30, 8.38%, 0, 0, 2, 11.02
1747825110, 0, 111, 1185, 1184, 30, 8.38%, 0, 0, 2, 10.79
1747825125, 0, 112, 1185, 1184, 30, 8.38%, 0, 0, 2, 10.27
1747825135, 0, 113, 1185, 1184, 30, 8.38%, 0, 0, 2, 10.50
1747825146, 0, 115, 1185, 1184, 30, 8.38%, 0, 0, 2, 11.30
1747825161, 0, 116, 1185, 1184, 30, 8.38%, 0, 0, 2, 10.39
1747825171, 0, 117, 1185, 1184, 30, 8.38%, 0, 0, 2, 10.51
1747825181, 0, 118, 1185, 1184, 30, 8.38%, 0, 0, 2, 10.37
1747825187, 0, 118, 1186, 1185, 30, 8.38%, 0, 0, 2, 11.26
1747825197, 0, 118, 1187, 1186, 30, 8.38%, 0, 0, 2, 11.47
1747825227, 0, 120, 1187, 1186, 30, 8.38%, 0, 0, 2, 11.18
1747825243, 0, 121, 1187, 1186, 30, 8.38%, 0, 0, 2, 10.88
1747825253, 0, 122, 1187, 1186, 30, 8.38%, 0, 0, 2, 10.12
1747825264, 0, 123, 1187, 1186, 30, 8.38%, 0, 0, 2, 10.73
1747825279, 0, 124, 1187, 1186, 30, 8.38%, 0, 0, 2, 10.73
1747825289, 0, 125, 1187, 1186, 30, 8.38%, 0, 0, 2, 10.85
1747825300, 0, 126, 1187, 1186, 30, 8.38%, 0, 0, 2, 10.89
1747825315, 0, 127, 1187, 1186, 30, 8.38%, 0, 0, 2, 10.87
1747825325, 0, 128, 1187, 1186, 30, 8.38%, 0, 0, 2, 11.24
1747825335, 0, 129, 1187, 1186, 30, 8.38%, 0, 0, 2, 11.71
1747825346, 0, 130, 1187, 1186, 30, 8.38%, 0, 0, 2, 10.93
1747825361, 0, 132, 1187, 1186, 30, 8.38%, 0, 0, 2, 10.45
1747825371, 0, 133, 1187, 1186, 30, 8.38%, 0, 0, 2, 10.69
1747825382, 0, 134, 1187, 1186, 30, 8.38%, 0, 0, 2, 11.55
1747825392, 0, 135, 1187, 1186, 30, 8.38%, 0, 0, 2, 11.50
1747825407, 0, 135, 1188, 1187, 30, 8.38%, 0, 0, 2, 10.93
1747825417, 0, 137, 1188, 1187, 31, 8.38%, 0, 0, 2, 10.45
1747825432, 0, 138, 1188, 1187, 31, 8.38%, 0, 0, 2, 10.29
1747825442, 0, 140, 1188, 1187, 31, 8.38%, 0, 0, 2, 10.93
1747825452, 0, 141, 1188, 1187, 31, 8.38%, 0, 0, 2, 11.02
1747825458, 0, 141, 1189, 1188, 31, 8.38%, 0, 0, 2, 10.53
1747825478, 0, 141, 1190, 1189, 31, 8.38%, 0, 0, 2, 10.80
1747825494, 0, 141, 1191, 1190, 31, 8.38%, 0, 0, 2, 10.07
1747825550, 0, 141, 1192, 1191, 31, 8.38%, 0, 0, 2, 10.38
1747825571, 0, 141, 1193, 1192, 31, 8.38%, 0, 0, 2, 10.14
1747825699, 0, 141, 1194, 1193, 31, 8.38%, 0, 0, 2, 10.29
1747825724, 0, 141, 1195, 1194, 31, 8.38%, 0, 0, 2, 10.54
1747825740, 0, 141, 1196, 1195, 31, 8.38%, 0, 0, 2, 10.35
1747825786, 0, 141, 1197, 1196, 31, 8.38%, 0, 0, 2, 9.66
1747825832, 0, 141, 1198, 1197, 31, 8.38%, 0, 0, 2, 10.07
1747825857, 0, 142, 1198, 1197, 31, 8.38%, 0, 0, 2, 10.08
1747825873, 0, 143, 1198, 1197, 31, 8.38%, 0, 0, 2, 10.85
1747825883, 0, 144, 1198, 1197, 31, 8.38%, 0, 0, 2, 11.56
1747825893, 0, 145, 1198, 1197, 31, 8.38%, 0, 0, 2, 11.08
1747825908, 0, 147, 1198, 1197, 31, 8.38%, 0, 0, 2, 10.81
1747825919, 0, 149, 1198, 1197, 31, 8.38%, 0, 0, 2, 10.43
1747825934, 0, 150, 1198, 1197, 31, 8.38%, 0, 0, 2, 10.47
1747825944, 0, 151, 1198, 1197, 31, 8.38%, 0, 0, 2, 11.09
1747825949, 0, 151, 1200, 1199, 31, 8.38%, 0, 0, 2, 10.41
1747825965, 0, 151, 1201, 1200, 31, 8.38%, 0, 0, 2, 10.59
1747825980, 0, 151, 1202, 1201, 31, 8.38%, 0, 0, 2, 10.39
1747825990, 0, 151, 1203, 1202, 31, 8.38%, 0, 0, 2, 10.53
1747826005, 0, 151, 1204, 1203, 31, 8.38%, 0, 0, 2, 10.09
1747826041, 0, 151, 1205, 1204, 31, 8.38%, 0, 0, 2, 9.57
1747826057, 0, 151, 1206, 1205, 31, 8.38%, 0, 0, 2, 10.07
1747826098, 0, 151, 1207, 1206, 31, 8.38%, 0, 0, 2, 10.17
1747826124, 0, 151, 1208, 1207, 31, 8.38%, 0, 0, 2, 9.85
1747826139, 0, 151, 1209, 1208, 31, 8.38%, 0, 0, 2, 10.08
1747826349, 0, 152, 1209, 1208, 31, 8.38%, 0, 0, 2, 10.37
1747826365, 0, 153, 1209, 1208, 31, 8.38%, 0, 0, 2, 10.18
1747826375, 0, 154, 1209, 1208, 31, 8.38%, 0, 0, 2, 10.65
1747826385, 0, 155, 1209, 1208, 31, 8.38%, 0, 0, 2, 11.28
1747826401, 0, 156, 1209, 1208, 31, 8.38%, 0, 0, 2, 10.36
1747826411, 0, 157, 1209, 1208, 31, 8.38%, 0, 0, 2, 10.69
1747826421, 0, 158, 1209, 1208, 31, 8.38%, 0, 0, 2, 10.17
1747826437, 0, 159, 1209, 1208, 31, 8.38%, 0, 0, 2, 11.06
1747826447, 0, 162, 1209, 1208, 31, 8.38%, 0, 0, 2, 11.18
1747826457, 0, 165, 1209, 1208, 31, 8.38%, 0, 0, 2, 10.81
1747826462, 0, 165, 1210, 1209, 31, 8.38%, 0, 0, 2, 10.12
1747826478, 0, 165, 1211, 1210, 31, 8.39%, 0, 0, 2, 10.28
1747826508, 0, 166, 1211, 1210, 32, 8.39%, 0, 0, 2, 11.03
1747826519, 0, 167, 1211, 1210, 32, 8.39%, 0, 0, 2, 10.42
1747826529, 0, 169, 1211, 1210, 32, 8.39%, 0, 0, 2, 10.90
1747826544, 0, 171, 1211, 1210, 32, 8.39%, 0, 0, 2, 10.71
1747826555, 0, 172, 1211, 1210, 32, 8.39%, 0, 0, 2, 10.81
1747826570, 0, 174, 1211, 1210, 32, 8.39%, 0, 0, 2, 11.13
1747826580, 0, 176, 1211, 1210, 32, 8.39%, 0, 0, 2, 11.32
1747826590, 0, 177, 1211, 1210, 32, 8.39%, 0, 0, 2, 10.82
1747826601, 0, 178, 1211, 1210, 32, 8.39%, 0, 0, 2, 10.13
1747826616, 0, 179, 1211, 1210, 32, 8.39%, 0, 0, 2, 11.07
1747826626, 0, 180, 1211, 1210, 32, 8.39%, 0, 0, 2, 10.69
1747826637, 0, 181, 1211, 1210, 32, 8.39%, 0, 0, 2, 11.08
1747826652, 0, 182, 1211, 1210, 32, 8.39%, 0, 0, 2, 10.47
1747826662, 0, 184, 1211, 1210, 32, 8.39%, 0, 0, 2, 11.75
1747826667, 0, 184, 1213, 1212, 32, 8.39%, 0, 0, 2, 11.13
1747826693, 0, 184, 1214, 1213, 32, 8.39%, 0, 0, 2, 11.78
1747826755, 0, 185, 1214, 1213, 33, 8.39%, 0, 0, 2, 10.67
1747826765, 0, 186, 1214, 1213, 33, 8.39%, 0, 0, 2, 10.59
1747826775, 0, 187, 1214, 1213, 33, 8.39%, 0, 0, 2, 10.81
1747826790, 0, 188, 1214, 1213, 33, 8.39%, 0, 0, 2, 10.90
1747826801, 0, 189, 1214, 1213, 33, 8.39%, 0, 0, 2, 11.42
1747826811, 0, 190, 1214, 1213, 33, 8.39%, 0, 0, 2, 11.11
1747826822, 0, 191, 1214, 1213, 33, 8.39%, 0, 0, 2, 10.84
1747826837, 0, 192, 1214, 1213, 33, 8.39%, 0, 0, 2, 10.53
1747826847, 0, 193, 1214, 1213, 33, 8.39%, 0, 0, 2, 10.13
1747826858, 0, 193, 1215, 1214, 33, 8.39%, 0, 0, 2, 10.38
1747826873, 0, 195, 1215, 1214, 33, 8.39%, 0, 0, 2, 10.12
1747826889, 0, 196, 1215, 1214, 33, 8.39%, 0, 0, 2, 10.70
1747826899, 0, 197, 1215, 1214, 33, 8.39%, 0, 0, 2, 11.36
1747826909, 0, 199, 1215, 1214, 33, 8.39%, 0, 0, 2, 10.54
1747826919, 0, 200, 1215, 1214, 33, 8.39%, 0, 0, 2, 10.40
1747826935, 0, 203, 1215, 1214, 33, 8.39%, 0, 0, 2, 9.81
1747826945, 0, 204, 1215, 1214, 33, 8.39%, 0, 0, 2, 9.73
1747826960, 0, 205, 1215, 1214, 33, 8.39%, 0, 0, 2, 9.84
1747826970, 0, 206, 1215, 1214, 33, 8.39%, 0, 0, 2, 10.33
1747826981, 0, 207, 1215, 1214, 33, 8.39%, 0, 0, 2, 10.89
1747826996, 0, 208, 1215, 1214, 33, 8.39%, 0, 0, 2, 11.27
1747827006, 0, 209, 1216, 1215, 33, 8.39%, 0, 0, 2, 11.11
1747827032, 0, 211, 1216, 1215, 33, 8.39%, 0, 0, 2, 10.37
1747827037, 0, 211, 1217, 1216, 33, 8.39%, 0, 0, 2, 10.02
1747827057, 0, 212, 1217, 1216, 33, 8.39%, 0, 0, 2, 11.11
1747827068, 0, 213, 1217, 1216, 33, 8.39%, 0, 0, 2, 10.72
1747827078, 0, 215, 1217, 1216, 33, 8.39%, 0, 0, 2, 11.36
1747827088, 0, 216, 1217, 1216, 33, 8.39%, 0, 0, 2, 11.13
1747827104, 0, 217, 1217, 1216, 33, 8.39%, 0, 0, 2, 11.09
1747827114, 0, 218, 1217, 1216, 33, 8.39%, 0, 0, 2, 11.08
1747827124, 0, 221, 1217, 1216, 33, 8.39%, 0, 0, 2, 17.47
1747827129, 0, 222, 1217, 1216, 33, 8.39%, 0, 0, 2, 17.70
1747827134, 0, 223, 1217, 1216, 33, 8.39%, 0, 0, 2, 16.67
1747827145, 0, 224, 1217, 1216, 33, 8.39%, 0, 0, 2, 18.37
1747827150, 0, 225, 1217, 1216, 33, 8.39%, 0, 0, 2, 18.97
1747827160, 0, 226, 1217, 1216, 33, 8.39%, 0, 0, 2, 17.59
1747827165, 0, 227, 1217, 1216, 33, 8.39%, 0, 0, 2, 17.55
1747827170, 0, 228, 1217, 1216, 33, 8.39%, 0, 0, 2, 18.41
1747827181, 0, 229, 1217, 1216, 33, 8.39%, 0, 0, 2, 17.06
1747827186, 0, 230, 1217, 1216, 33, 8.39%, 0, 0, 2, 17.71
1747827191, 0, 231, 1217, 1216, 33, 8.39%, 0, 0, 2, 19.29
1747827201, 0, 233, 1217, 1216, 33, 8.39%, 0, 0, 2, 13.27
1747827211, 0, 234, 1217, 1216, 33, 8.39%, 0, 0, 2, 11.10
1747827227, 0, 235, 1217, 1216, 33, 8.39%, 0, 0, 2, 9.98
1747827237, 0, 237, 1217, 1216, 33, 8.39%, 0, 0, 2, 10.67
1747827247, 0, 238, 1217, 1216, 33, 8.39%, 0, 0, 2, 10.68
1747827262, 0, 240, 1217, 1216, 33, 8.39%, 0, 0, 2, 11.22
1747827272, 0, 243, 1217, 1216, 33, 8.39%, 0, 0, 2, 10.97
1747827283, 0, 244, 1217, 1216, 33, 8.39%, 0, 0, 2, 10.90
1747827293, 0, 244, 1218, 1217, 33, 8.39%, 0, 0, 2, 9.93
1747827309, 0, 245, 1218, 1217, 33, 8.39%, 0, 0, 2, 10.22
1747827324, 0, 246, 1218, 1217, 33, 8.39%, 0, 0, 2, 11.17
1747827334, 0, 247, 1218, 1217, 33, 8.39%, 0, 0, 2, 10.74
1747827345, 0, 248, 1218, 1217, 33, 8.39%, 0, 0, 2, 10.72
1747827360, 0, 249, 1218, 1217, 33, 8.39%, 0, 0, 2, 10.15
1747827370, 0, 250, 1218, 1217, 33, 8.39%, 0, 0, 2, 10.70
1747827381, 0, 251, 1218, 1217, 33, 8.39%, 0, 0, 2, 10.11
1747827396, 0, 253, 1218, 1217, 33, 8.39%, 0, 0, 2, 10.51
1747827406, 0, 254, 1218, 1217, 33, 8.39%, 0, 0, 2, 10.46
1747827422, 0, 256, 1218, 1217, 33, 8.39%, 0, 0, 2, 10.87
1747827432, 0, 257, 1218, 1217, 33, 8.39%, 0, 0, 2, 10.04
1747827442, 0, 258, 1218, 1217, 33, 8.39%, 0, 0, 2, 9.93
1747827458, 0, 259, 1218, 1217, 33, 8.39%, 0, 0, 2, 11.22
1747827468, 0, 260, 1218, 1217, 33, 8.39%, 0, 0, 2, 10.47
1747827478, 0, 262, 1218, 1217, 33, 8.39%, 0, 0, 2, 10.60
1747827494, 0, 263, 1218, 1217, 33, 8.39%, 0, 0, 2, 10.45
1747827504, 0, 264, 1218, 1217, 33, 8.39%, 0, 0, 2, 9.80
1747827519, 0, 265, 1218, 1217, 33, 8.39%, 0, 0, 2, 10.09
1747827529, 0, 267, 1218, 1217, 33, 8.39%, 0, 0, 2, 10.64
1747827539, 0, 268, 1218, 1217, 33, 8.39%, 0, 0, 2, 10.34
1747827554, 0, 269, 1219, 1218, 33, 8.39%, 0, 0, 2, 10.72
1747827580, 0, 270, 1219, 1218, 33, 8.39%, 0, 0, 2, 10.26
1747827590, 0, 271, 1219, 1218, 33, 8.39%, 0, 0, 2, 10.28
1747827605, 0, 272, 1219, 1218, 33, 8.39%, 0, 0, 2, 11.11
1747827616, 0, 273, 1219, 1218, 33, 8.39%, 0, 0, 2, 10.73
1747827621, 0, 273, 1220, 1219, 33, 8.39%, 0, 0, 2, 10.44
1747827626, 0, 273, 1221, 1220, 33, 8.39%, 0, 0, 2, 10.07
1747827646, 0, 273, 1222, 1221, 33, 8.39%, 0, 0, 2, 10.71
1747827667, 0, 273, 1223, 1222, 33, 8.39%, 0, 0, 2, 10.35
1747827811, 0, 274, 1223, 1222, 33, 8.39%, 0, 0, 2, 11.10
1747827821, 0, 275, 1223, 1222, 33, 8.39%, 0, 0, 2, 11.24
1747827831, 0, 277, 1223, 1222, 33, 8.39%, 0, 0, 2, 11.06
1747827842, 0, 278, 1223, 1222, 33, 8.39%, 0, 0, 2, 11.35
1747827857, 0, 279, 1223, 1222, 33, 8.39%, 0, 0, 2, 11.00
1747827867, 0, 281, 1223, 1222, 33, 8.39%, 0, 0, 2, 11.03
1747827878, 0, 282, 1223, 1222, 33, 8.39%, 0, 0, 2, 10.89
1747827888, 0, 282, 1224, 1223, 33, 8.39%, 0, 0, 2, 10.03
1747827893, 0, 282, 1225, 1224, 33, 8.39%, 0, 0, 2, 9.77
1747827919, 0, 282, 1226, 1225, 33, 8.39%, 0, 0, 2, 9.76
1747827965, 0, 282, 1227, 1226, 33, 8.39%, 0, 0, 2, 9.68
1747828083, 0, 284, 1227, 1226, 33, 8.39%, 0, 0, 2, 9.97
1747828099, 0, 285, 1227, 1226, 33, 8.39%, 0, 0, 2, 10.86
1747828109, 0, 286, 1227, 1226, 33, 8.39%, 0, 0, 2, 11.02
1747828119, 0, 287, 1227, 1226, 33, 8.39%, 0, 0, 2, 10.79
1747828130, 0, 288, 1227, 1226, 33, 8.39%, 0, 0, 2, 10.68
1747828145, 0, 289, 1227, 1226, 33, 8.39%, 0, 0, 2, 10.02
1747828155, 0, 289, 1228, 1227, 33, 8.39%, 0, 0, 2, 9.69
1747828171, 0, 293, 1228, 1227, 33, 8.39%, 0, 0, 2, 10.70
1747828181, 0, 294, 1228, 1227, 33, 8.39%, 0, 0, 2, 10.61
1747828196, 0, 299, 1228, 1227, 33, 8.39%, 0, 0, 2, 9.46
1747828207, 0, 300, 1228, 1227, 33, 8.39%, 0, 0, 2, 10.25
1747828217, 0, 301, 1228, 1227, 33, 8.39%, 0, 0, 2, 10.07
1747828232, 0, 302, 1228, 1227, 33, 8.39%, 0, 0, 2, 10.42
1747828237, 0, 302, 1229, 1228, 33, 8.39%, 0, 0, 2, 9.97
1747828248, 0, 302, 1230, 1229, 33, 8.39%, 0, 0, 2, 9.63
1747828283, 0, 304, 1230, 1229, 33, 8.39%, 0, 0, 2, 10.24
1747828294, 0, 305, 1230, 1229, 33, 8.39%, 0, 0, 2, 10.58
1747828309, 0, 306, 1230, 1229, 33, 8.39%, 0, 0, 2, 10.75
1747828319, 0, 307, 1230, 1229, 33, 8.39%, 0, 0, 2, 10.85
1747828334, 0, 308, 1230, 1229, 33, 8.39%, 0, 0, 2, 10.55
1747828345, 0, 309, 1230, 1229, 33, 8.39%, 0, 0, 2, 11.19
1747828355, 0, 310, 1230, 1229, 33, 8.39%, 0, 0, 2, 10.58
1747828365, 0, 312, 1230, 1229, 33, 8.39%, 0, 0, 2, 10.78
1747828381, 0, 313, 1230, 1229, 33, 8.39%, 0, 0, 2, 10.05
1747828391, 0, 314, 1230, 1229, 33, 8.39%, 0, 0, 2, 9.89
1747828406, 0, 315, 1230, 1229, 33, 8.39%, 0, 0, 2, 10.82
1747828417, 0, 316, 1230, 1229, 33, 8.39%, 0, 0, 2, 11.58
1747828427, 0, 317, 1230, 1229, 33, 8.39%, 0, 0, 2, 10.82
1747828437, 0, 318, 1230, 1229, 33, 8.39%, 0, 0, 2, 10.60
1747828453, 0, 320, 1230, 1229, 33, 8.39%, 0, 0, 2, 10.15
1747828463, 0, 321, 1230, 1229, 33, 8.39%, 0, 0, 2, 10.26
1747828478, 0, 322, 1230, 1229, 33, 8.39%, 0, 0, 2, 10.54
1747828489, 0, 323, 1230, 1229, 33, 8.39%, 0, 0, 2, 9.94
1747828504, 0, 325, 1231, 1230, 33, 8.39%, 0, 0, 2, 9.74
1747828529, 0, 326, 1231, 1230, 33, 8.39%, 0, 0, 2, 9.88
1747828540, 0, 327, 1231, 1230, 33, 8.39%, 0, 0, 2, 10.42
1747828555, 0, 328, 1231, 1230, 33, 8.39%, 0, 0, 2, 10.84
1747828565, 0, 329, 1231, 1230, 33, 8.39%, 0, 0, 2, 10.43
1747828576, 0, 330, 1231, 1230, 33, 8.39%, 0, 0, 2, 10.83
1747828591, 0, 331, 1231, 1230, 33, 8.39%, 0, 0, 2, 10.79
1747828601, 0, 332, 1231, 1230, 33, 8.39%, 0, 0, 2, 10.61
1747828612, 0, 333, 1231, 1230, 33, 8.39%, 0, 0, 2, 10.86
1747828622, 0, 334, 1231, 1230, 33, 8.39%, 0, 0, 2, 10.58
1747828637, 0, 336, 1231, 1230, 33, 8.39%, 0, 0, 2, 10.69
1747828647, 0, 337, 1231, 1230, 33, 8.39%, 0, 0, 2, 10.38
1747828663, 0, 338, 1231, 1230, 33, 8.39%, 0, 0, 2, 11.00
1747828673, 0, 340, 1232, 1231, 33, 8.39%, 0, 0, 2, 11.54
1747828694, 0, 342, 1232, 1231, 33, 8.39%, 0, 0, 2, 11.42
1747828709, 0, 343, 1232, 1231, 33, 8.39%, 0, 0, 2, 10.38
1747828719, 0, 344, 1232, 1231, 33, 8.39%, 0, 0, 2, 10.38
1747828730, 0, 345, 1232, 1231, 33, 8.39%, 0, 0, 2, 10.63
1747828745, 0, 346, 1232, 1231, 33, 8.39%, 0, 0, 2, 10.08
1747828755, 0, 347, 1232, 1231, 33, 8.39%, 0, 0, 2, 9.83
1747828771, 0, 349, 1232, 1231, 33, 8.39%, 0, 0, 2, 9.93
1747828781, 0, 350, 1232, 1231, 33, 8.39%, 0, 0, 2, 10.15
1747828796, 0, 351, 1232, 1231, 33, 8.39%, 0, 0, 2, 10.36
1747828806, 0, 352, 1232, 1231, 33, 8.39%, 0, 0, 2, 9.91
1747828822, 0, 353, 1232, 1231, 33, 8.39%, 0, 0, 2, 9.93
1747828832, 0, 355, 1232, 1231, 33, 8.39%, 0, 0, 2, 10.29
1747828842, 0, 357, 1232, 1231, 33, 8.39%, 0, 0, 2, 10.28
1747828858, 0, 358, 1232, 1231, 33, 8.39%, 0, 0, 2, 10.45
1747828868, 0, 364, 1232, 1231, 33, 8.39%, 0, 0, 2, 10.52
1747828884, 0, 365, 1232, 1231, 33, 8.39%, 0, 0, 2, 10.07
1747828889, 0, 365, 1233, 1232, 33, 8.39%, 0, 0, 2, 9.50
1747828910, 0, 366, 1233, 1232, 33, 8.39%, 0, 0, 2, 10.08
1747828920, 0, 367, 1233, 1232, 33, 8.39%, 0, 0, 2, 10.18
1747828930, 0, 368, 1233, 1232, 33, 8.39%, 0, 0, 2, 10.92
1747828945, 0, 369, 1233, 1232, 33, 8.39%, 0, 0, 2, 9.98
1747828955, 0, 370, 1233, 1232, 33, 8.39%, 0, 0, 2, 10.05
1747828971, 0, 371, 1233, 1232, 33, 8.39%, 0, 0, 2, 9.92
1747828981, 0, 372, 1233, 1232, 33, 8.39%, 0, 0, 2, 10.29
1747828997, 0, 373, 1233, 1232, 33, 8.39%, 0, 0, 2, 10.47
1747829007, 0, 374, 1233, 1232, 33, 8.39%, 0, 0, 2, 10.14
1747829017, 0, 375, 1233, 1232, 33, 8.39%, 0, 0, 2, 10.49
1747829032, 0, 376, 1233, 1232, 33, 8.39%, 0, 0, 2, 10.20
1747829043, 0, 377, 1233, 1232, 33, 8.39%, 0, 0, 2, 10.02
1747829058, 0, 380, 1233, 1232, 33, 8.39%, 0, 0, 2, 9.67
1747829068, 0, 381, 1233, 1232, 33, 8.39%, 0, 0, 2, 10.12
1747829078, 0, 382, 1233, 1232, 33, 8.39%, 0, 0, 2, 10.73
1747829094, 0, 383, 1233, 1232, 33, 8.39%, 0, 0, 2, 10.96
1747829104, 0, 384, 1233, 1232, 33, 8.39%, 0, 0, 2, 11.32
1747829114, 0, 386, 1233, 1232, 33, 8.39%, 0, 0, 2, 10.74
1747829130, 0, 388, 1233, 1232, 33, 8.39%, 0, 0, 2, 11.17
1747829140, 0, 390, 1234, 1233, 33, 8.39%, 0, 0, 2, 10.83
1747829160, 0, 391, 1234, 1233, 33, 8.39%, 0, 0, 2, 11.43
1747829176, 0, 392, 1234, 1233, 33, 8.39%, 0, 0, 2, 10.25
1747829186, 0, 393, 1234, 1233, 33, 8.39%, 0, 0, 2, 9.92
1747829201, 0, 394, 1234, 1233, 33, 8.39%, 0, 0, 2, 10.63
1747829212, 0, 395, 1234, 1233, 33, 8.39%, 0, 0, 2, 10.88
1747829222, 0, 396, 1234, 1233, 33, 8.39%, 0, 0, 2, 10.11
1747829237, 0, 397, 1234, 1233, 33, 8.39%, 0, 0, 2, 10.40
1747829248, 0, 398, 1234, 1233, 33, 8.39%, 0, 0, 2, 9.85
1747829263, 0, 399, 1234, 1233, 33, 8.39%, 0, 0, 2, 10.19
1747829273, 0, 400, 1234, 1233, 33, 8.39%, 0, 0, 2, 9.97
1747829289, 0, 402, 1235, 1234, 33, 8.39%, 0, 0, 2, 9.71
1747829299, 0, 402, 1236, 1235, 33, 8.39%, 0, 0, 2, 9.96
1747829340, 0, 403, 1236, 1235, 33, 8.39%, 0, 0, 2, 9.69
1747829351, 0, 404, 1236, 1235, 33, 8.39%, 0, 0, 2, 10.11
1747829366, 0, 405, 1236, 1235, 33, 8.39%, 0, 0, 2, 10.26
1747829376, 0, 407, 1236, 1235, 33, 8.39%, 0, 0, 2, 10.46
1747829392, 0, 408, 1236, 1235, 33, 8.39%, 0, 0, 2, 10.97
1747829402, 0, 409, 1236, 1235, 33, 8.39%, 0, 0, 2, 10.43
1747829412, 0, 410, 1236, 1235, 33, 8.39%, 0, 0, 2, 10.20
1747829427, 0, 411, 1236, 1235, 33, 8.39%, 0, 0, 2, 10.93
1747829438, 0, 412, 1236, 1235, 33, 8.39%, 0, 0, 2, 10.37
1747829448, 0, 413, 1236, 1235, 33, 8.39%, 0, 0, 2, 9.69
1747829463, 0, 414, 1236, 1235, 33, 8.39%, 0, 0, 2, 10.23
1747829474, 0, 415, 1236, 1235, 33, 8.39%, 0, 0, 2, 11.14
1747829489, 0, 416, 1236, 1235, 33, 8.39%, 0, 0, 2, 9.95
1747829499, 0, 417, 1236, 1235, 33, 8.39%, 0, 0, 2, 9.73
1747829514, 0, 418, 1236, 1235, 33, 8.39%, 0, 0, 2, 9.64
1747829524, 0, 421, 1236, 1235, 33, 8.39%, 0, 0, 2, 10.01
1747829540, 0, 422, 1236, 1235, 33, 8.39%, 0, 0, 2, 10.77
1747829550, 0, 424, 1236, 1235, 33, 8.39%, 0, 0, 2, 9.80
1747829560, 0, 425, 1236, 1235, 33, 8.39%, 0, 0, 2, 10.22
1747829576, 0, 426, 1236, 1235, 33, 8.39%, 0, 0, 2, 10.21
1747829586, 0, 427, 1236, 1235, 33, 8.39%, 0, 0, 2, 9.57
1747829602, 0, 428, 1236, 1235, 33, 8.39%, 0, 0, 2, 10.62
1747829612, 0, 429, 1236, 1235, 33, 8.39%, 0, 0, 2, 10.28
1747829628, 0, 431, 1236, 1235, 33, 8.39%, 0, 0, 2, 9.82
1747829638, 0, 433, 1236, 1235, 33, 8.39%, 0, 0, 2, 9.94
1747829643, 0, 433, 1237, 1236, 33, 8.39%, 0, 0, 2, 9.88
1747829663, 0, 434, 1237, 1236, 33, 8.39%, 0, 0, 2, 9.60
1747829679, 0, 435, 1237, 1236, 33, 8.39%, 0, 0, 2, 9.85
1747829689, 0, 436, 1237, 1236, 33, 8.39%, 0, 0, 2, 9.67
1747829704, 0, 438, 1237, 1236, 33, 8.39%, 0, 0, 2, 10.20
1747829714, 0, 439, 1237, 1236, 33, 8.39%, 0, 0, 2, 10.23
1747829720, 0, 439, 1238, 1237, 33, 8.39%, 0, 0, 2, 10.07
1747829745, 0, 440, 1238, 1237, 33, 8.39%, 0, 0, 2, 10.66
1747829755, 0, 441, 1238, 1237, 33, 8.39%, 0, 0, 2, 10.56
1747829765, 0, 442, 1238, 1237, 33, 8.39%, 0, 0, 2, 10.17
1747829781, 0, 443, 1238, 1237, 33, 8.39%, 0, 0, 2, 11.18
1747829791, 0, 445, 1238, 1237, 33, 8.39%, 0, 0, 2, 11.05
1747829801, 0, 447, 1238, 1237, 33, 8.39%, 0, 0, 2, 10.22
1747829806, 0, 447, 1239, 1238, 33, 8.39%, 0, 0, 2, 9.46
1747829827, 0, 447, 1240, 1239, 33, 8.41%, 0, 0, 2, 9.67
1747829858, 0, 448, 1240, 1239, 33, 8.41%, 0, 0, 2, 10.10
1747829868, 0, 449, 1240, 1239, 33, 8.41%, 0, 0, 2, 9.53
1747829884, 0, 451, 1241, 1240, 33, 8.41%, 0, 0, 2, 9.58
1747829909, 0, 452, 1241, 1240, 33, 8.41%, 0, 0, 2, 10.92
1747829920, 0, 454, 1241, 1240, 33, 8.41%, 0, 0, 2, 10.93
1747829935, 0, 455, 1241, 1240, 33, 8.41%, 0, 0, 2, 9.65
1747829945, 0, 456, 1241, 1240, 33, 8.41%, 0, 0, 2, 10.57
1747829955, 0, 457, 1241, 1240, 33, 8.41%, 0, 0, 2, 10.61
1747829971, 0, 458, 1241, 1240, 33, 8.41%, 0, 0, 2, 11.32
1747829981, 0, 459, 1241, 1240, 33, 8.41%, 0, 0, 2, 11.01
1747829991, 0, 460, 1241, 1240, 33, 8.41%, 0, 0, 2, 10.82
1747830007, 0, 461, 1241, 1240, 33, 8.41%, 0, 0, 2, 10.62
1747830017, 0, 462, 1241, 1240, 33, 8.41%, 0, 0, 2, 10.99
1747830027, 0, 464, 1241, 1240, 33, 8.41%, 0, 0, 2, 10.47
1747830042, 0, 465, 1241, 1240, 33, 8.41%, 0, 0, 2, 10.79
1747830053, 0, 466, 1241, 1240, 33, 8.41%, 0, 0, 2, 11.31
1747830063, 0, 467, 1241, 1240, 33, 8.41%, 0, 0, 2, 10.85
1747830078, 0, 468, 1241, 1240, 33, 8.41%, 0, 0, 2, 10.86
1747830089, 0, 469, 1241, 1240, 33, 8.41%, 0, 0, 2, 10.84
1747830099, 0, 471, 1241, 1240, 33, 8.41%, 0, 0, 2, 10.16
1747830109, 0, 471, 1242, 1241, 33, 8.41%, 0, 0, 2, 9.76
1747830120, 0, 471, 1243, 1242, 33, 8.41%, 0, 0, 2, 10.41
1747830156, 0, 472, 1243, 1242, 33, 8.41%, 0, 0, 2, 10.04
1747830166, 0, 473, 1243, 1242, 33, 8.41%, 0, 0, 2, 10.15
1747830176, 0, 475, 1243, 1242, 33, 8.41%, 0, 0, 2, 10.91
1747830191, 0, 476, 1243, 1242, 33, 8.41%, 0, 0, 2, 10.88
1747830202, 0, 478, 1243, 1242, 33, 8.41%, 0, 0, 2, 10.23
1747830212, 0, 479, 1243, 1242, 33, 8.41%, 0, 0, 2, 10.14
1747830227, 0, 481, 1243, 1242, 33, 8.41%, 0, 0, 2, 10.23
1747830237, 0, 483, 1243, 1242, 33, 8.41%, 0, 0, 2, 10.46
1747830248, 0, 483, 1244, 1243, 33, 8.41%, 0, 0, 2, 9.75
1747830263, 0, 483, 1245, 1244, 33, 8.41%, 0, 0, 2, 9.69
1747830273, 0, 483, 1246, 1245, 33, 8.41%, 0, 0, 2, 9.40
1747830283, 0, 483, 1247, 1246, 33, 8.41%, 0, 0, 2, 9.25
1747830319, 0, 483, 1248, 1247, 33, 8.41%, 0, 0, 2, 9.87
1747830370, 0, 483, 1249, 1248, 33, 8.41%, 0, 0, 2, 9.06
1747830488, 0, 483, 1250, 1249, 33, 8.41%, 0, 0, 2, 9.89
1747830549, 0, 483, 1251, 1250, 33, 8.41%, 0, 0, 2, 9.74
1747830600, 0, 483, 1252, 1251, 33, 8.41%, 0, 0, 2, 10.04
1747830615, 0, 483, 1253, 1252, 33, 8.41%, 0, 0, 2, 9.57
1747830657, 0, 483, 1254, 1253, 33, 8.41%, 0, 0, 2, 9.59
1747830662, 0, 484, 1254, 1253, 33, 8.41%, 0, 0, 2, 9.62
1747830677, 0, 485, 1254, 1253, 33, 8.41%, 0, 0, 2, 9.74
1747830687, 0, 486, 1254, 1253, 33, 8.41%, 0, 0, 2, 9.81
1747830703, 0, 489, 1254, 1253, 33, 8.41%, 0, 0, 2, 11.29
1747830713, 0, 490, 1254, 1253, 33, 8.41%, 0, 0, 2, 10.68
1747830723, 0, 491, 1254, 1253, 33, 8.41%, 0, 0, 2, 10.97
1747830733, 0, 491, 1255, 1254, 33, 8.41%, 0, 0, 2, 10.35
1747830749, 0, 492, 1255, 1254, 33, 8.41%, 0, 0, 2, 10.21
1747830759, 0, 492, 1256, 1255, 33, 8.41%, 0, 0, 2, 9.94
1747830770, 0, 492, 1257, 1256, 33, 8.41%, 0, 0, 2, 9.43
1747830800, 0, 493, 1257, 1256, 33, 8.41%, 0, 0, 2, 9.93
1747830816, 0, 494, 1257, 1256, 33, 8.41%, 0, 0, 2, 10.02
1747830826, 0, 495, 1257, 1256, 33, 8.41%, 0, 0, 2, 10.27
1747830841, 0, 497, 1257, 1256, 33, 8.41%, 0, 0, 2, 10.54
1747830852, 0, 499, 1257, 1256, 33, 8.41%, 0, 0, 2, 10.10
1747830862, 0, 501, 1257, 1256, 33, 8.41%, 0, 0, 2, 10.45
1747830877, 0, 504, 1257, 1256, 33, 8.41%, 0, 0, 2, 10.82
1747830888, 0, 506, 1257, 1256, 33, 8.41%, 0, 0, 2, 10.60
1747830898, 0, 508, 1257, 1256, 33, 8.41%, 0, 0, 2, 10.67
1747830903, 0, 508, 1258, 1257, 33, 8.41%, 0, 0, 2, 9.60
1747830918, 0, 508, 1259, 1258, 33, 8.41%, 0, 0, 2, 9.55
1747830955, 0, 509, 1259, 1258, 33, 8.41%, 0, 0, 2, 10.13
1747830965, 0, 510, 1259, 1258, 33, 8.41%, 0, 0, 2, 9.57
1747830970, 0, 510, 1260, 1259, 33, 8.41%, 0, 0, 2, 9.65
1747830995, 0, 511, 1260, 1259, 33, 8.41%, 0, 0, 2, 9.90
1747831005, 0, 512, 1260, 1259, 33, 8.41%, 0, 0, 2, 10.35
1747831015, 0, 513, 1260, 1259, 33, 8.41%, 0, 0, 2, 10.88
1747831031, 0, 514, 1260, 1259, 33, 8.41%, 0, 0, 2, 9.69
1747831041, 0, 515, 1260, 1259, 33, 8.41%, 0, 0, 2, 10.27
1747831056, 0, 516, 1260, 1259, 33, 8.41%, 0, 0, 2, 11.02
1747831067, 0, 519, 1260, 1259, 33, 8.41%, 0, 0, 2, 10.14
1747831077, 0, 520, 1260, 1259, 33, 8.41%, 0, 0, 2, 9.86
1747831092, 0, 521, 1260, 1259, 33, 8.41%, 0, 0, 2, 10.20
1747831102, 0, 522, 1260, 1259, 33, 8.41%, 0, 0, 2, 9.83
1747831118, 0, 523, 1260, 1259, 33, 8.41%, 0, 0, 2, 10.27
1747831129, 0, 524, 1260, 1259, 33, 8.41%, 0, 0, 2, 9.84
1747831144, 0, 526, 1260, 1259, 33, 8.41%, 0, 0, 2, 9.48
1747831154, 0, 527, 1260, 1259, 33, 8.41%, 0, 0, 2, 9.60
1747831170, 0, 529, 1260, 1259, 33, 8.41%, 0, 0, 2, 10.82
1747831180, 0, 530, 1260, 1259, 33, 8.41%, 0, 0, 2, 10.25
1747831190, 0, 530, 1261, 1260, 33, 8.41%, 0, 0, 2, 9.47
1747831205, 0, 531, 1261, 1260, 34, 8.41%, 0, 0, 2, 10.37
1747831221, 0, 533, 1261, 1260, 34, 8.41%, 0, 0, 2, 10.36
1747831231, 0, 535, 1261, 1260, 34, 8.41%, 0, 0, 2, 9.44
1747831247, 0, 537, 1261, 1260, 34, 8.41%, 0, 0, 2, 10.97
1747831257, 0, 538, 1261, 1260, 34, 8.41%, 0, 0, 2, 10.90
1747831267, 0, 540, 1261, 1260, 34, 8.41%, 0, 0, 2, 10.88
1747831283, 0, 541, 1261, 1260, 34, 8.41%, 0, 0, 2, 10.83
1747831293, 0, 543, 1261, 1260, 34, 8.41%, 0, 0, 2, 10.86
1747831303, 0, 544, 1261, 1260, 34, 8.41%, 0, 0, 2, 10.08
1747831319, 0, 546, 1261, 1260, 34, 8.41%, 0, 0, 2, 9.99
1747831329, 0, 547, 1261, 1260, 34, 8.41%, 0, 0, 2, 10.75
1747831344, 0, 549, 1261, 1260, 34, 8.41%, 0, 0, 2, 10.24
1747831354, 0, 550, 1261, 1260, 34, 8.41%, 0, 0, 2, 11.24
1747831365, 0, 551, 1261, 1260, 34, 8.41%, 0, 0, 2, 10.51
1747831380, 0, 553, 1261, 1260, 34, 8.41%, 0, 0, 2, 9.95
1747831390, 0, 554, 1261, 1260, 34, 8.41%, 0, 0, 2, 10.24
1747831406, 0, 558, 1261, 1260, 34, 8.41%, 0, 0, 2, 10.58
1747831416, 0, 559, 1261, 1260, 34, 8.41%, 0, 0, 2, 10.65
1747831426, 0, 560, 1261, 1260, 34, 8.41%, 0, 0, 2, 11.03
1747831442, 0, 562, 1261, 1260, 34, 8.41%, 0, 0, 2, 10.20
1747831452, 0, 563, 1261, 1260, 34, 8.41%, 0, 0, 2, 11.37
1747831462, 0, 564, 1261, 1260, 34, 8.41%, 0, 0, 2, 10.49
1747831477, 0, 565, 1261, 1260, 34, 8.41%, 0, 0, 2, 10.81
1747831487, 0, 566, 1261, 1260, 34, 8.41%, 0, 0, 2, 10.55
1747831498, 0, 567, 1261, 1260, 34, 8.41%, 0, 0, 2, 10.40
1747831513, 0, 568, 1261, 1260, 34, 8.41%, 0, 0, 2, 11.25
1747831523, 0, 568, 1262, 1261, 34, 8.41%, 0, 0, 2, 10.99
1747831534, 0, 570, 1262, 1261, 35, 8.41%, 0, 0, 2, 10.98
1747831549, 0, 571, 1262, 1261, 35, 8.41%, 0, 0, 2, 10.69
1747831559, 0, 572, 1262, 1261, 35, 8.41%, 0, 0, 2, 10.45
1747831575, 0, 573, 1262, 1261, 35, 8.41%, 0, 0, 2, 10.29
1747831585, 0, 574, 1262, 1261, 35, 8.41%, 0, 0, 2, 9.91
1747831595, 0, 576, 1262, 1261, 35, 8.41%, 0, 0, 2, 11.19
1747831610, 0, 577, 1262, 1261, 35, 8.41%, 0, 0, 2, 10.32
1747831620, 0, 578, 1262, 1261, 35, 8.41%, 0, 0, 2, 10.41
1747831631, 0, 579, 1262, 1261, 35, 8.41%, 0, 0, 2, 10.82
1747831646, 0, 580, 1262, 1261, 35, 8.41%, 0, 0, 2, 10.18
1747831656, 0, 581, 1262, 1261, 35, 8.41%, 0, 0, 2, 9.96
1747831672, 0, 582, 1262, 1261, 35, 8.41%, 0, 0, 2, 10.20
1747831682, 0, 583, 1262, 1261, 35, 8.41%, 0, 0, 2, 14.20
1747834093, 0, 584, 1262, 1260, 35, 8.41%, 0, 0, 2, 15.87
1747834109, 0, 585, 1262, 1260, 35, 8.41%, 0, 0, 2, 9.24
1747834124, 0, 587, 1262, 1260, 35, 8.41%, 0, 0, 2, 10.26
1747834134, 0, 588, 1262, 1260, 35, 8.41%, 0, 0, 2, 9.52
1747834149, 0, 589, 1262, 1260, 35, 8.41%, 0, 0, 2, 9.63
1747834160, 0, 590, 1262, 1260, 35, 8.41%, 0, 0, 2, 10.36
1747834175, 0, 591, 1262, 1260, 35, 8.41%, 0, 0, 2, 10.15
1747834186, 0, 592, 1262, 1260, 35, 8.41%, 0, 0, 2, 9.96
1747834201, 0, 593, 1262, 1260, 35, 8.41%, 0, 0, 2, 10.26
1747834212, 0, 595, 1263, 1261, 35, 8.41%, 0, 0, 3, 9.50
1747834217, 0, 595, 1264, 1262, 35, 8.41%, 0, 0, 3, 9.49
1747834227, 0, 595, 1265, 1263, 35, 8.41%, 0, 0, 3, 9.57
1747834237, 0, 595, 1266, 1264, 35, 8.41%, 0, 0, 3, 9.51
1747834258, 0, 595, 1267, 1265, 35, 8.41%, 0, 0, 3, 9.87
1747834298, 0, 595, 1269, 1267, 35, 8.41%, 0, 0, 3, 16.03
1747834344, 0, 595, 1270, 1268, 35, 8.41%, 0, 0, 3, 16.84
1747834385, 0, 595, 1271, 1269, 35, 8.41%, 0, 0, 3, 16.24
1747834421, 0, 595, 1272, 1270, 35, 8.41%, 0, 0, 3, 9.83
1747834427, 0, 595, 1273, 1271, 35, 8.41%, 0, 0, 3, 9.33
1747834529, 0, 595, 1274, 1272, 35, 8.44%, 0, 0, 3, 9.71
1747834550, 0, 596, 1274, 1272, 34, 8.44%, 0, 0, 3, 10.18
1747834560, 0, 597, 1274, 1272, 34, 8.44%, 0, 0, 3, 10.18
1747834570, 0, 598, 1274, 1272, 34, 8.44%, 0, 0, 3, 10.64
1747834585, 0, 599, 1274, 1272, 34, 8.44%, 0, 0, 3, 10.31
1747834596, 0, 602, 1274, 1272, 34, 8.44%, 0, 0, 3, 10.62
1747834601, 0, 602, 1275, 1273, 34, 8.44%, 0, 0, 3, 9.76
1747834611, 0, 602, 1276, 1274, 34, 8.44%, 0, 0, 3, 9.36
1747834616, 0, 602, 1277, 1275, 34, 8.44%, 0, 0, 3, 9.39
1747834647, 0, 602, 1278, 1276, 34, 8.44%, 0, 0, 3, 9.67
1747834776, 0, 602, 1279, 1277, 34, 8.44%, 0, 0, 3, 9.74
1747834873, 0, 602, 1280, 1278, 34, 8.46%, 0, 0, 3, 9.39
1747834981, 0, 602, 1281, 1279, 34, 8.46%, 0, 0, 3, 10.17
1747835022, 0, 603, 1281, 1279, 34, 8.46%, 0, 0, 3, 9.97
1747835032, 0, 604, 1281, 1279, 34, 8.46%, 0, 0, 3, 10.70
1747835042, 0, 605, 1281, 1279, 34, 8.46%, 0, 0, 3, 11.12
1747835052, 0, 606, 1281, 1279, 34, 8.46%, 0, 0, 3, 11.08
1747835067, 0, 607, 1281, 1279, 34, 8.46%, 0, 0, 3, 10.69
1747835078, 0, 608, 1281, 1279, 34, 8.46%, 0, 0, 3, 9.70
1747835093, 0, 609, 1281, 1279, 34, 8.46%, 0, 0, 3, 9.48
1747835103, 0, 610, 1281, 1279, 34, 8.46%, 0, 0, 3, 9.66
1747835119, 0, 611, 1282, 1280, 34, 8.46%, 0, 0, 3, 9.61
1747835139, 0, 611, 1283, 1281, 34, 8.46%, 0, 0, 3, 9.19
1747835170, 0, 612, 1283, 1281, 34, 8.46%, 0, 0, 3, 10.46
1747835180, 0, 615, 1283, 1281, 34, 8.46%, 0, 0, 3, 11.28
1747835196, 0, 616, 1283, 1281, 34, 8.46%, 0, 0, 3, 10.59
1747835201, 0, 616, 1284, 1282, 34, 8.46%, 0, 0, 3, 10.50
1747835221, 0, 617, 1284, 1282, 34, 8.46%, 0, 0, 3, 9.87
1747835232, 0, 618, 1284, 1282, 34, 8.46%, 0, 0, 3, 10.15
1747835242, 0, 621, 1284, 1282, 34, 8.46%, 0, 0, 3, 10.64
1747835257, 0, 622, 1284, 1282, 34, 8.46%, 0, 0, 3, 9.92
1747835262, 0, 622, 1285, 1283, 34, 8.46%, 0, 0, 3, 9.01
1747835272, 0, 622, 1286, 1284, 34, 8.46%, 0, 0, 3, 9.33
1747835313, 0, 623, 1286, 1284, 34, 8.46%, 0, 0, 3, 10.07
1747835324, 0, 624, 1286, 1284, 34, 8.46%, 0, 0, 3, 10.42
1747835334, 0, 626, 1286, 1284, 34, 8.46%, 0, 0, 3, 10.73
1747835349, 0, 628, 1286, 1284, 34, 8.46%, 0, 0, 3, 10.35
1747835359, 0, 629, 1286, 1284, 34, 8.46%, 0, 0, 3, 10.56
1747835375, 0, 630, 1286, 1284, 34, 8.46%, 0, 0, 3, 10.53
1747835385, 0, 631, 1287, 1285, 34, 8.46%, 0, 0, 3, 10.46
1747835400, 0, 631, 1288, 1286, 34, 8.46%, 0, 0, 3, 9.45
1747835436, 0, 633, 1288, 1286, 34, 8.46%, 0, 0, 3, 10.21
1747835451, 0, 634, 1288, 1286, 34, 8.46%, 0, 0, 3, 10.61
1747835462, 0, 635, 1288, 1286, 34, 8.46%, 0, 0, 3, 10.34
1747835472, 0, 636, 1288, 1286, 34, 8.46%, 0, 0, 3, 9.82
1747835487, 0, 637, 1288, 1286, 34, 8.46%, 0, 0, 3, 10.43
1747835498, 0, 639, 1288, 1286, 34, 8.46%, 0, 0, 3, 11.47
1747835513, 0, 640, 1288, 1286, 34, 8.46%, 0, 0, 3, 9.84
1747835523, 0, 643, 1288, 1286, 34, 8.46%, 0, 0, 3, 9.66
1747835539, 0, 643, 1289, 1287, 34, 8.49%, 0, 0, 3, 9.35
1747835554, 0, 644, 1289, 1287, 32, 8.49%, 0, 0, 3, 10.41
1747835564, 0, 645, 1289, 1287, 32, 8.49%, 0, 0, 3, 10.79
1747835575, 0, 646, 1289, 1287, 32, 8.49%, 0, 0, 3, 11.20
1747835585, 0, 648, 1289, 1287, 32, 8.49%, 0, 0, 3, 10.77
1747835600, 0, 649, 1289, 1287, 32, 8.49%, 0, 0, 3, 10.55
1747835610, 0, 650, 1289, 1287, 32, 8.49%, 0, 0, 3, 10.18
1747835626, 0, 651, 1289, 1287, 32, 8.49%, 0, 0, 3, 10.58
1747835636, 0, 652, 1289, 1287, 32, 8.49%, 0, 0, 3, 10.28
1747835651, 0, 653, 1289, 1287, 32, 8.49%, 0, 0, 3, 9.95
1747835661, 0, 655, 1289, 1287, 32, 8.49%, 0, 0, 3, 9.98
1747835672, 0, 656, 1289, 1287, 32, 8.49%, 0, 0, 3, 12.04
1747835682, 0, 657, 1289, 1287, 32, 8.49%, 0, 0, 3, 10.67
1747835698, 0, 658, 1289, 1287, 32, 8.49%, 0, 0, 3, 9.39
1747835708, 0, 659, 1289, 1287, 32, 8.49%, 0, 0, 3, 9.73
1747835718, 0, 659, 1290, 1288, 32, 8.49%, 0, 0, 3, 10.30
1747835723, 0, 659, 1291, 1289, 32, 8.49%, 0, 0, 3, 9.89
1747835764, 0, 660, 1291, 1289, 32, 8.49%, 0, 0, 3, 10.87
1747835775, 0, 661, 1291, 1289, 32, 8.49%, 0, 0, 3, 10.39
1747835785, 0, 662, 1291, 1289, 32, 8.49%, 0, 0, 3, 10.16
1747835800, 0, 663, 1291, 1289, 32, 8.49%, 0, 0, 3, 10.42
1747835810, 0, 664, 1291, 1289, 32, 8.49%, 0, 0, 3, 10.71
1747835821, 0, 665, 1291, 1289, 32, 8.49%, 0, 0, 3, 10.91
1747835836, 0, 666, 1291, 1289, 32, 8.49%, 0, 0, 3, 10.31
1747835846, 0, 667, 1291, 1289, 32, 8.49%, 0, 0, 3, 10.19
1747835862, 0, 668, 1291, 1289, 32, 8.49%, 0, 0, 3, 10.02
1747835872, 0, 669, 1291, 1289, 32, 8.49%, 0, 0, 3, 9.77
1747835887, 0, 671, 1291, 1289, 32, 8.49%, 0, 0, 3, 10.24
1747835898, 0, 672, 1291, 1289, 32, 8.49%, 0, 0, 3, 10.38
1747835913, 0, 673, 1291, 1289, 32, 8.49%, 0, 0, 3, 9.91
1747835923, 0, 674, 1291, 1289, 32, 8.49%, 0, 0, 3, 10.05
1747835934, 0, 675, 1291, 1289, 32, 8.49%, 0, 0, 3, 11.01
1747835949, 0, 676, 1291, 1289, 32, 8.49%, 0, 0, 3, 11.69
1747835959, 0, 678, 1291, 1289, 32, 8.49%, 0, 0, 3, 10.18
1747835970, 0, 679, 1291, 1289, 32, 8.49%, 0, 0, 3, 10.30
1747835985, 0, 680, 1291, 1289, 32, 8.49%, 0, 0, 3, 11.39
1747835995, 0, 681, 1291, 1289, 32, 8.49%, 0, 0, 3, 10.26
1747836006, 0, 682, 1291, 1289, 32, 8.49%, 0, 0, 3, 9.53
1747836021, 0, 684, 1291, 1289, 32, 8.49%, 0, 0, 3, 10.24
1747836031, 0, 685, 1291, 1289, 32, 8.49%, 0, 0, 3, 10.91
1747836042, 0, 686, 1291, 1289, 32, 8.49%, 0, 0, 3, 10.70
1747836057, 0, 687, 1291, 1289, 32, 8.49%, 0, 0, 3, 10.64
1747836067, 0, 688, 1291, 1289, 32, 8.49%, 0, 0, 3, 10.31
1747836072, 0, 688, 1292, 1290, 32, 8.49%, 0, 0, 3, 9.74
1747836088, 0, 688, 1294, 1292, 32, 8.49%, 0, 0, 3, 8.99
1747836103, 0, 688, 1296, 1294, 32, 8.49%, 0, 0, 3, 9.58
1747836134, 0, 688, 1297, 1295, 32, 8.49%, 0, 0, 3, 9.04
1747836231, 0, 688, 1298, 1296, 32, 8.49%, 0, 0, 3, 9.58
1747836252, 0, 688, 1299, 1297, 32, 8.49%, 0, 0, 3, 9.32
1747836257, 0, 688, 1300, 1298, 32, 8.49%, 0, 0, 3, 9.30
1747836308, 0, 688, 1301, 1299, 32, 8.49%, 0, 0, 3, 9.63
1747836365, 0, 688, 1302, 1300, 32, 8.49%, 0, 0, 3, 9.38
1747836432, 0, 688, 1303, 1301, 32, 8.49%, 0, 0, 3, 9.63
1747836458, 0, 688, 1304, 1302, 32, 8.49%, 0, 0, 3, 9.09
1747836483, 0, 688, 1305, 1303, 32, 8.49%, 0, 0, 3, 9.31
1747836509, 0, 689, 1305, 1303, 32, 8.49%, 0, 0, 3, 9.20
1747836524, 0, 690, 1305, 1303, 32, 8.49%, 0, 0, 3, 10.65
1747836534, 0, 694, 1305, 1303, 32, 8.49%, 0, 0, 3, 10.16
1747836550, 0, 695, 1305, 1303, 32, 8.49%, 0, 0, 3, 9.21
1747836560, 0, 697, 1305, 1303, 32, 8.49%, 0, 0, 3, 8.97
1747836575, 0, 698, 1305, 1303, 32, 8.49%, 0, 0, 3, 9.23
1747836591, 0, 700, 1305, 1303, 32, 8.49%, 0, 0, 3, 9.49
1747836601, 0, 701, 1305, 1303, 32, 8.49%, 0, 0, 3, 10.04
1747836616, 0, 702, 1305, 1303, 32, 8.49%, 0, 0, 3, 10.46
1747836626, 0, 703, 1305, 1303, 32, 8.49%, 0, 0, 3, 10.46
1747836637, 0, 704, 1305, 1303, 32, 8.49%, 0, 0, 3, 10.19
1747836652, 0, 705, 1305, 1303, 32, 8.49%, 0, 0, 3, 9.98
1747836662, 0, 706, 1305, 1303, 32, 8.49%, 0, 0, 3, 9.44
1747836678, 0, 707, 1305, 1303, 32, 8.49%, 0, 0, 3, 9.69
1747836693, 0, 708, 1305, 1303, 32, 8.49%, 0, 0, 3, 9.97
1747836703, 0, 709, 1305, 1303, 32, 8.49%, 0, 0, 3, 10.22
1747836713, 0, 710, 1305, 1303, 32, 8.49%, 0, 0, 3, 10.25
1747836729, 0, 711, 1305, 1303, 32, 8.49%, 0, 0, 3, 10.09
1747836739, 0, 713, 1305, 1303, 32, 8.49%, 0, 0, 3, 9.75
1747836754, 0, 714, 1305, 1303, 32, 8.49%, 0, 0, 3, 9.24
1747836769, 0, 715, 1305, 1303, 32, 8.49%, 0, 0, 3, 10.09
1747836780, 0, 716, 1305, 1303, 32, 8.49%, 0, 0, 3, 9.87
1747836790, 0, 716, 1306, 1304, 32, 8.49%, 0, 0, 3, 8.57
1747836811, 0, 717, 1307, 1305, 32, 8.49%, 0, 0, 3, 8.70
1747836826, 0, 717, 1308, 1306, 32, 8.49%, 0, 0, 3, 8.61
1747836836, 0, 717, 1309, 1307, 32, 8.49%, 0, 0, 3, 8.87
1747836847, 0, 717, 1311, 1309, 32, 8.49%, 0, 0, 3, 8.56
1747836893, 0, 717, 1312, 1310, 32, 8.49%, 0, 0, 3, 8.18
1747836944, 0, 717, 1314, 1312, 32, 8.49%, 0, 0, 3, 8.44
1747837000, 0, 717, 1315, 1313, 32, 8.49%, 0, 0, 3, 8.63
1747837006, 0, 717, 1316, 1314, 32, 8.49%, 0, 0, 3, 9.03
1747837123, 0, 717, 1317, 1315, 32, 8.49%, 0, 0, 3, 8.54
1747837149, 0, 717, 1318, 1316, 32, 8.49%, 0, 0, 3, 8.64
1747837216, 0, 717, 1319, 1317, 32, 8.49%, 0, 0, 3, 8.63
1747837247, 0, 717, 1320, 1318, 32, 8.49%, 0, 0, 3, 8.81
1747837257, 0, 717, 1321, 1319, 32, 8.49%, 0, 0, 3, 8.99
1747837278, 0, 719, 1321, 1319, 32, 8.49%, 0, 0, 3, 8.59
1747837283, 0, 719, 1322, 1320, 32, 8.49%, 0, 0, 3, 8.57
1747837308, 0, 721, 1322, 1320, 32, 8.49%, 0, 0, 3, 9.97
1747837318, 0, 722, 1322, 1320, 32, 8.49%, 0, 0, 3, 10.17
1747837329, 0, 722, 1323, 1321, 32, 8.49%, 0, 0, 3, 10.38
1747837344, 0, 723, 1323, 1321, 32, 8.49%, 0, 0, 3, 10.03
1747837359, 0, 724, 1323, 1321, 32, 8.49%, 0, 0, 3, 9.38
1747837375, 0, 725, 1323, 1321, 32, 8.49%, 0, 0, 3, 9.72
1747837385, 0, 726, 1323, 1321, 32, 8.49%, 0, 0, 3, 10.59
1747837400, 0, 727, 1323, 1321, 32, 8.49%, 0, 0, 3, 9.47
1747837410, 0, 728, 1323, 1321, 32, 8.49%, 0, 0, 3, 9.14
1747837420, 0, 728, 1324, 1322, 32, 8.49%, 0, 0, 3, 9.70
1747837441, 0, 729, 1324, 1322, 32, 8.49%, 0, 0, 3, 10.20
1747837451, 0, 730, 1324, 1322, 32, 8.49%, 0, 0, 3, 10.46
1747837461, 0, 731, 1324, 1322, 32, 8.49%, 0, 0, 3, 10.51
1747837467, 0, 731, 1325, 1323, 32, 8.49%, 0, 0, 3, 9.50
1747837487, 0, 731, 1326, 1324, 32, 8.49%, 0, 0, 3, 8.50
1747837523, 0, 734, 1326, 1324, 32, 8.49%, 0, 0, 3, 9.67
1747837533, 0, 735, 1326, 1324, 32, 8.49%, 0, 0, 3, 10.18
1747837538, 0, 735, 1327, 1325, 32, 8.49%, 0, 0, 3, 8.88
1747837564, 0, 738, 1327, 1325, 32, 8.49%, 0, 0, 3, 8.60
1747837579, 0, 739, 1327, 1325, 32, 8.49%, 0, 0, 3, 9.07
1747837594, 0, 740, 1327, 1325, 32, 8.49%, 0, 0, 3, 9.73
1747837605, 0, 741, 1327, 1325, 32, 8.49%, 0, 0, 3, 9.98
1747837620, 0, 742, 1327, 1325, 32, 8.49%, 0, 0, 3, 9.06
1747837635, 0, 743, 1327, 1325, 32, 8.49%, 0, 0, 3, 8.71
1747837646, 0, 744, 1327, 1325, 32, 8.49%, 0, 0, 3, 9.02
1747837661, 0, 746, 1327, 1325, 32, 8.49%, 0, 0, 3, 9.58
1747837676, 0, 747, 1327, 1325, 32, 8.49%, 0, 0, 3, 10.54
1747837687, 0, 748, 1327, 1325, 32, 8.49%, 0, 0, 3, 9.60
1747837702, 0, 750, 1327, 1325, 32, 8.49%, 0, 0, 3, 9.34
1747837713, 0, 751, 1327, 1325, 32, 8.49%, 0, 0, 3, 10.16
1747837723, 0, 752, 1327, 1325, 32, 8.49%, 0, 0, 3, 10.83
1747837738, 0, 752, 1328, 1326, 32, 8.49%, 0, 0, 3, 8.76
1747837744, 0, 752, 1329, 1327, 32, 8.49%, 0, 0, 3, 8.73
1747837779, 0, 752, 1330, 1328, 32, 8.49%, 0, 0, 3, 8.57
1747837841, 0, 753, 1330, 1328, 32, 8.49%, 0, 0, 3, 8.75
1747837856, 0, 754, 1330, 1328, 32, 8.49%, 0, 0, 3, 9.20
1747837871, 0, 755, 1330, 1328, 32, 8.49%, 0, 0, 3, 9.23
1747837882, 0, 756, 1330, 1328, 32, 8.49%, 0, 0, 3, 9.39
1747837897, 0, 757, 1330, 1328, 32, 8.49%, 0, 0, 3, 9.64
1747837907, 0, 758, 1330, 1328, 32, 8.49%, 0, 0, 3, 10.15
1747837922, 0, 759, 1330, 1328, 32, 8.49%, 0, 0, 3, 10.14
1747837933, 0, 761, 1330, 1328, 32, 8.49%, 0, 0, 3, 10.11
1747837948, 0, 762, 1330, 1328, 32, 8.49%, 0, 0, 3, 9.32
1747837963, 0, 765, 1330, 1328, 32, 8.49%, 0, 0, 3, 10.10
1747837974, 0, 766, 1330, 1328, 32, 8.49%, 0, 0, 3, 9.76
1747837984, 0, 766, 1331, 1329, 32, 8.49%, 0, 0, 3, 8.85
1747838004, 0, 767, 1331, 1329, 32, 8.49%, 0, 0, 3, 9.60
1747838014, 0, 768, 1331, 1329, 32, 8.49%, 0, 0, 3, 11.72
1747841462, 0, 769, 1331, 1328, 31, 8.49%, 0, 0, 3, 19.13
1747841467, 0, 770, 1331, 1328, 31, 8.49%, 0, 0, 3, 21.90
1747844426, 0, 771, 1331, 1327, 30, 8.49%, 0, 0, 3, 22.11
1747844431, 0, 772, 1331, 1327, 30, 8.49%, 0, 0, 3, 18.76
1747844441, 0, 774, 1331, 1327, 30, 8.49%, 0, 0, 3, 16.03
1747844446, 0, 777, 1331, 1327, 30, 8.49%, 0, 0, 3, 16.68
1747844457, 0, 778, 1331, 1327, 30, 8.49%, 0, 0, 3, 16.35
1747844462, 0, 779, 1331, 1327, 30, 8.49%, 0, 0, 3, 15.39
1747844472, 0, 780, 1331, 1327, 30, 8.49%, 0, 0, 3, 16.70
1747844477, 0, 782, 1331, 1327, 30, 8.49%, 0, 0, 3, 17.61
1747844487, 0, 783, 1331, 1327, 30, 8.49%, 0, 0, 3, 15.34
1747844492, 0, 783, 1332, 1328, 30, 8.51%, 0, 0, 3, 15.42
1747844503, 0, 785, 1332, 1328, 29, 8.51%, 0, 0, 3, 15.51
1747844513, 0, 786, 1332, 1328, 29, 8.51%, 0, 0, 3, 17.49
1747844518, 0, 787, 1332, 1328, 29, 8.51%, 0, 0, 3, 17.93
1747844528, 0, 788, 1332, 1328, 29, 8.51%, 0, 0, 3, 18.55
1747844534, 0, 789, 1332, 1328, 29, 8.51%, 0, 0, 3, 18.16
1747844539, 0, 790, 1332, 1328, 29, 8.51%, 0, 0, 3, 18.19
1747844549, 0, 791, 1332, 1328, 29, 8.51%, 0, 0, 3, 16.41
1747844554, 0, 792, 1332, 1328, 29, 8.51%, 0, 0, 3, 16.75
1747844564, 0, 793, 1333, 1329, 29, 8.51%, 0, 0, 3, 16.48
1747844579, 0, 794, 1333, 1329, 30, 8.51%, 0, 0, 3, 15.69
1747844590, 0, 795, 1333, 1329, 30, 8.51%, 0, 0, 3, 17.41
1747844595, 0, 797, 1334, 1330, 30, 8.51%, 0, 0, 3, 16.04
1747844600, 0, 797, 1335, 1331, 30, 8.52%, 0, 0, 3, 15.19
1747844621, 0, 797, 1336, 1332, 30, 8.52%, 0, 0, 3, 16.00
1747844626, 0, 797, 1338, 1334, 30, 8.52%, 0, 0, 3, 15.30
1747844641, 0, 797, 1339, 1335, 30, 8.53%, 0, 0, 3, 15.14
1747844682, 0, 797, 1340, 1336, 30, 8.53%, 0, 0, 3, 9.12
1747844744, 0, 797, 1341, 1337, 30, 8.53%, 0, 0, 3, 8.99
1747844775, 0, 797, 1342, 1338, 30, 8.53%, 0, 0, 3, 8.86
1747844816, 0, 797, 1343, 1339, 30, 8.53%, 0, 0, 3, 9.24
1747844960, 0, 797, 1344, 1340, 30, 8.53%, 0, 0, 3, 9.41
1747845011, 0, 798, 1344, 1340, 31, 8.53%, 0, 0, 3, 9.84
1747845021, 0, 799, 1344, 1340, 31, 8.53%, 0, 0, 3, 11.10
1747845037, 0, 800, 1344, 1340, 31, 8.53%, 0, 0, 3, 9.13
1747845047, 0, 800, 1345, 1341, 31, 8.53%, 0, 0, 3, 9.20
1747845062, 0, 803, 1345, 1341, 31, 8.53%, 0, 0, 3, 9.15
1747845078, 0, 804, 1345, 1341, 31, 8.53%, 0, 0, 3, 9.10
1747845093, 0, 805, 1345, 1341, 31, 8.53%, 0, 0, 3, 10.30
1747845103, 0, 806, 1345, 1341, 31, 8.53%, 0, 0, 3, 10.25
1747845119, 0, 807, 1346, 1342, 31, 8.53%, 0, 0, 3, 8.48
1747845144, 0, 808, 1346, 1342, 31, 8.53%, 0, 0, 3, 8.79
1747845160, 0, 809, 1346, 1342, 31, 8.53%, 0, 0, 3, 9.60
1747845170, 0, 810, 1346, 1342, 31, 8.53%, 0, 0, 3, 11.25
1747845185, 0, 812, 1346, 1342, 31, 8.53%, 0, 0, 3, 10.05
1747845196, 0, 813, 1346, 1342, 31, 8.53%, 0, 0, 3, 9.23
1747845211, 0, 814, 1346, 1342, 31, 8.53%, 0, 0, 3, 9.96
1747845221, 0, 816, 1346, 1342, 31, 8.53%, 0, 0, 3, 16.64
1747845226, 0, 818, 1346, 1342, 31, 8.53%, 0, 0, 3, 18.19
1747845236, 0, 819, 1346, 1342, 31, 8.53%, 0, 0, 3, 19.22
1747845242, 0, 820, 1346, 1342, 31, 8.53%, 0, 0, 3, 17.32
1747845247, 0, 820, 1347, 1343, 31, 8.55%, 0, 0, 3, 16.09
1747845257, 0, 821, 1347, 1343, 30, 8.55%, 0, 0, 3, 15.59
1747845262, 0, 821, 1348, 1344, 30, 8.55%, 0, 0, 3, 15.55
1747845278, 0, 822, 1348, 1344, 30, 8.55%, 0, 0, 3, 17.41
1747845283, 0, 823, 1348, 1344, 30, 8.55%, 0, 0, 3, 17.09
1747845288, 0, 824, 1348, 1344, 30, 8.55%, 0, 0, 3, 16.47
1747845298, 0, 825, 1348, 1344, 30, 8.55%, 0, 0, 3, 18.46
1747845303, 0, 827, 1348, 1344, 30, 8.55%, 0, 0, 3, 18.13
1747845313, 0, 828, 1348, 1344, 30, 8.55%, 0, 0, 3, 16.51
1747845318, 0, 829, 1348, 1344, 30, 8.55%, 0, 0, 3, 15.56
1747845324, 0, 829, 1349, 1345, 30, 8.55%, 0, 0, 3, 15.37
1747845334, 0, 830, 1349, 1345, 28, 8.55%, 0, 0, 3, 16.02
1747845344, 0, 831, 1349, 1345, 28, 8.55%, 0, 0, 3, 18.60
1747845349, 0, 832, 1349, 1345, 28, 8.55%, 0, 0, 3, 17.30
1747845360, 0, 833, 1349, 1345, 28, 8.55%, 0, 0, 3, 16.30
1747845365, 0, 833, 1350, 1346, 28, 8.55%, 0, 0, 3, 15.22
1747845375, 0, 834, 1350, 1346, 28, 8.55%, 0, 0, 3, 15.34
1747845385, 0, 835, 1350, 1346, 28, 8.55%, 0, 0, 3, 15.54
1747845390, 0, 836, 1350, 1346, 28, 8.55%, 0, 0, 3, 14.64
1747845400, 0, 838, 1350, 1346, 28, 8.55%, 0, 0, 3, 15.80
1747845411, 0, 839, 1350, 1346, 28, 8.55%, 0, 0, 3, 17.73
1747845416, 0, 840, 1350, 1346, 28, 8.55%, 0, 0, 3, 16.65
1747845426, 0, 841, 1350, 1346, 28, 8.55%, 0, 0, 3, 16.17
1747845431, 0, 842, 1350, 1346, 28, 8.55%, 0, 0, 3, 15.41
1747845441, 0, 843, 1350, 1346, 28, 8.55%, 0, 0, 3, 17.31
1747845446, 0, 846, 1350, 1346, 28, 8.55%, 0, 0, 3, 18.30
1747845451, 0, 847, 1350, 1346, 28, 8.55%, 0, 0, 3, 18.78
1747845462, 0, 847, 1351, 1347, 28, 8.56%, 0, 0, 3, 15.78
1747845472, 0, 849, 1351, 1347, 29, 8.56%, 0, 0, 3, 15.48
1747845477, 0, 851, 1351, 1347, 29, 8.56%, 0, 0, 3, 15.86
1747845487, 0, 852, 1351, 1347, 29, 8.56%, 0, 0, 3, 16.49
1747845492, 0, 852, 1352, 1348, 29, 8.56%, 0, 0, 3, 15.33
1747845503, 0, 853, 1352, 1348, 29, 8.56%, 0, 0, 3, 17.06
1747845508, 0, 854, 1352, 1348, 29, 8.56%, 0, 0, 3, 17.17
1747845513, 0, 854, 1353, 1349, 29, 8.56%, 0, 0, 3, 16.08
1747845528, 0, 855, 1353, 1349, 29, 8.56%, 0, 0, 3, 17.38
1747845533, 0, 857, 1353, 1349, 29, 8.56%, 0, 0, 3, 17.59
1747845544, 0, 858, 1353, 1349, 29, 8.56%, 0, 0, 3, 16.38
1747845549, 0, 859, 1353, 1349, 29, 8.56%, 0, 0, 3, 15.58
1747845559, 0, 860, 1353, 1349, 29, 8.56%, 0, 0, 3, 15.70
1747845564, 0, 861, 1353, 1349, 29, 8.56%, 0, 0, 3, 16.46
1747845575, 0, 862, 1353, 1349, 29, 8.56%, 0, 0, 3, 17.10
1747845580, 0, 863, 1353, 1349, 29, 8.56%, 0, 0, 3, 17.20
1747845590, 0, 865, 1353, 1349, 29, 8.56%, 0, 0, 3, 15.97
1747845595, 0, 866, 1353, 1349, 29, 8.56%, 0, 0, 3, 14.67
1747845600, 0, 866, 1354, 1350, 29, 8.56%, 0, 0, 3, 15.69
1747845610, 0, 867, 1354, 1350, 29, 8.56%, 0, 0, 3, 16.07
1747845621, 0, 868, 1354, 1350, 29, 8.56%, 0, 0, 3, 18.44
1747845626, 0, 870, 1354, 1350, 29, 8.56%, 0, 0, 3, 19.16
1747845636, 0, 871, 1354, 1350, 29, 8.56%, 0, 0, 3, 15.75
1747845641, 0, 872, 1354, 1350, 29, 8.56%, 0, 0, 3, 16.40
1747845652, 0, 873, 1354, 1350, 29, 8.56%, 0, 0, 3, 16.47
1747845657, 0, 874, 1354, 1350, 29, 8.56%, 0, 0, 3, 17.37
1747845662, 0, 875, 1354, 1350, 29, 8.56%, 0, 0, 3, 17.63
1747845672, 0, 876, 1354, 1350, 29, 8.56%, 0, 0, 3, 18.42
1747845677, 0, 877, 1354, 1350, 29, 8.56%, 0, 0, 3, 17.69
1747845687, 0, 879, 1354, 1350, 29, 8.56%, 0, 0, 3, 17.37
1747845692, 0, 880, 1354, 1350, 29, 8.56%, 0, 0, 3, 18.89
1747845702, 0, 881, 1354, 1350, 29, 8.56%, 0, 0, 3, 19.27
1747845708, 0, 882, 1354, 1350, 29, 8.56%, 0, 0, 3, 16.63
1747845713, 0, 883, 1354, 1350, 29, 8.56%, 0, 0, 3, 15.81
1747845723, 0, 884, 1354, 1350, 29, 8.56%, 0, 0, 3, 16.01
1747845733, 0, 885, 1354, 1350, 29, 8.56%, 0, 0, 3, 15.78
1747845738, 0, 887, 1354, 1350, 29, 8.56%, 0, 0, 3, 17.03
1747845743, 0, 888, 1354, 1350, 29, 8.56%, 0, 0, 3, 18.56
1747845753, 0, 889, 1354, 1350, 29, 8.56%, 0, 0, 3, 16.65
1747845764, 0, 890, 1354, 1350, 29, 8.56%, 0, 0, 3, 18.34
1747845769, 0, 891, 1354, 1350, 29, 8.56%, 0, 0, 3, 16.65
1747845774, 0, 892, 1354, 1350, 29, 8.56%, 0, 0, 3, 17.08
1747845784, 0, 893, 1354, 1350, 29, 8.56%, 0, 0, 3, 17.16
1747845789, 0, 894, 1354, 1350, 29, 8.56%, 0, 0, 3, 16.14
1747845800, 0, 895, 1354, 1350, 29, 8.56%, 0, 0, 3, 17.11
1747845805, 0, 896, 1354, 1350, 29, 8.56%, 0, 0, 3, 16.76
1747845815, 0, 897, 1355, 1351, 29, 8.56%, 0, 0, 3, 15.27
1747845831, 0, 898, 1355, 1351, 29, 8.56%, 0, 0, 3, 14.68
1747845841, 0, 898, 1356, 1352, 29, 8.56%, 0, 0, 3, 15.01
1747845851, 0, 902, 1356, 1352, 29, 8.56%, 0, 0, 3, 17.61
1747845857, 0, 903, 1356, 1352, 29, 8.56%, 0, 0, 3, 20.44
1747851547, 0, 904, 1356, 1351, 29, 8.56%, 0, 0, 3, 11.36
1747851557, 0, 905, 1356, 1351, 29, 8.56%, 0, 0, 3, 10.09
1747851572, 0, 906, 1356, 1351, 29, 8.56%, 0, 0, 3, 10.47
1747851582, 0, 907, 1356, 1351, 29, 8.56%, 0, 0, 3, 9.91
1747851598, 0, 910, 1356, 1351, 29, 8.56%, 0, 0, 3, 9.78
1747851608, 0, 911, 1356, 1351, 29, 8.56%, 0, 0, 3, 11.06
1747851618, 0, 912, 1356, 1351, 29, 8.56%, 0, 0, 3, 10.52
1747851633, 0, 915, 1356, 1351, 29, 8.56%, 0, 0, 3, 9.08
1747851649, 0, 916, 1356, 1351, 29, 8.56%, 0, 0, 3, 8.65
1747851664, 0, 918, 1356, 1351, 29, 8.56%, 0, 0, 3, 9.17
1747851675, 0, 919, 1356, 1351, 29, 8.56%, 0, 0, 3, 8.92
1747851690, 0, 919, 1357, 1352, 29, 8.56%, 0, 0, 3, 8.71
1747851706, 0, 920, 1357, 1352, 29, 8.56%, 0, 0, 3, 8.93
1747851721, 0, 921, 1357, 1352, 29, 8.56%, 0, 0, 3, 9.02
1747851737, 0, 922, 1357, 1352, 29, 8.56%, 0, 0, 3, 10.91
1747851747, 0, 923, 1358, 1353, 29, 8.56%, 0, 0, 3, 9.53
1747851762, 0, 923, 1359, 1354, 29, 8.56%, 0, 0, 3, 9.09
1747851767, 0, 923, 1360, 1355, 29, 8.56%, 0, 0, 3, 9.26
1747851844, 0, 923, 1361, 1356, 29, 8.56%, 0, 0, 3, 8.85
1747851977, 0, 924, 1361, 1356, 29, 8.56%, 0, 0, 3, 10.37
1747851987, 0, 926, 1361, 1356, 29, 8.56%, 0, 0, 3, 10.92
1747851998, 0, 927, 1361, 1356, 29, 8.56%, 0, 0, 3, 10.89
1747852008, 0, 928, 1361, 1356, 29, 8.56%, 0, 0, 3, 10.84
1747852023, 0, 929, 1361, 1356, 29, 8.56%, 0, 0, 3, 10.01
1747852033, 0, 930, 1361, 1356, 29, 8.56%, 0, 0, 3, 10.78
1747852049, 0, 931, 1361, 1356, 29, 8.56%, 0, 0, 3, 10.00
1747852059, 0, 932, 1361, 1356, 29, 8.56%, 0, 0, 3, 10.97
1747852074, 0, 933, 1361, 1356, 29, 8.56%, 0, 0, 3, 10.36
1747852085, 0, 934, 1361, 1356, 29, 8.56%, 0, 0, 3, 10.15
1747852095, 0, 934, 1362, 1357, 29, 8.56%, 0, 0, 3, 8.66
1747852116, 0, 935, 1362, 1357, 29, 8.56%, 0, 0, 3, 10.57
1747852126, 0, 936, 1362, 1357, 29, 8.56%, 0, 0, 3, 10.24
1747852141, 0, 937, 1362, 1357, 29, 8.56%, 0, 0, 3, 9.59
1747852152, 0, 938, 1362, 1357, 29, 8.56%, 0, 0, 3, 9.07
1747852167, 0, 939, 1362, 1357, 29, 8.56%, 0, 0, 3, 9.00
1747852183, 0, 940, 1362, 1357, 29, 8.56%, 0, 0, 3, 10.14
1747852193, 0, 941, 1362, 1357, 29, 8.56%, 0, 0, 3, 9.97
1747852208, 0, 942, 1362, 1357, 29, 8.56%, 0, 0, 3, 10.67
1747852219, 0, 943, 1362, 1357, 29, 8.56%, 0, 0, 3, 9.75
1747852234, 0, 945, 1362, 1357, 29, 8.56%, 0, 0, 3, 9.42
1747852249, 0, 946, 1363, 1358, 29, 8.59%, 0, 0, 3, 8.86
1747852279, 0, 947, 1363, 1358, 30, 8.59%, 0, 0, 3, 8.94
1747852290, 0, 948, 1363, 1358, 30, 8.59%, 0, 0, 3, 9.27
1747852305, 0, 948, 1364, 1359, 30, 8.59%, 0, 0, 3, 8.68
1747852321, 0, 950, 1364, 1359, 31, 8.59%, 0, 0, 3, 9.59
1747852331, 0, 951, 1364, 1359, 31, 8.59%, 0, 0, 3, 9.23
1747852347, 0, 953, 1364, 1359, 31, 8.59%, 0, 0, 3, 9.91
1747852362, 0, 954, 1364, 1359, 31, 8.59%, 0, 0, 3, 8.66
1747852372, 0, 955, 1364, 1359, 31, 8.59%, 0, 0, 3, 9.26
1747852383, 0, 955, 1365, 1360, 31, 8.59%, 0, 0, 3, 8.59
1747852403, 0, 956, 1365, 1360, 31, 8.59%, 0, 0, 3, 9.85
1747852419, 0, 957, 1365, 1360, 31, 8.59%, 0, 0, 3, 9.43
1747852429, 0, 958, 1365, 1360, 31, 8.59%, 0, 0, 3, 9.60
1747852444, 0, 959, 1365, 1360, 31, 8.59%, 0, 0, 3, 9.21
1747852460, 0, 960, 1365, 1360, 31, 8.59%, 0, 0, 3, 9.38
1747852475, 0, 961, 1366, 1361, 31, 8.59%, 0, 0, 3, 8.46
1747852501, 0, 961, 1367, 1362, 31, 8.60%, 0, 0, 3, 8.29
1747852532, 0, 962, 1367, 1362, 32, 8.60%, 0, 0, 3, 8.61
1747852547, 0, 963, 1367, 1362, 32, 8.60%, 0, 0, 3, 9.66
1747852557, 0, 964, 1367, 1362, 32, 8.60%, 0, 0, 3, 10.51
1747852573, 0, 965, 1368, 1363, 32, 8.60%, 0, 0, 3, 8.79
1747852603, 0, 966, 1368, 1363, 32, 8.60%, 0, 0, 3, 8.91
1747852619, 0, 967, 1368, 1363, 32, 8.60%, 0, 0, 3, 9.20
1747852624, 0, 967, 1370, 1365, 32, 8.60%, 0, 0, 3, 8.58
1747852655, 0, 967, 1371, 1366, 32, 8.60%, 0, 0, 3, 8.21
1747852711, 0, 967, 1372, 1367, 32, 8.60%, 0, 0, 3, 8.20
1747852721, 0, 967, 1373, 1368, 32, 8.60%, 0, 0, 3, 8.03
1747852778, 0, 967, 1374, 1369, 32, 8.60%, 0, 0, 3, 15.25
1747852783, 0, 967, 1375, 1370, 32, 8.60%, 0, 0, 3, 14.64
1747852809, 0, 967, 1376, 1371, 32, 8.60%, 0, 0, 3, 13.68
1747852819, 0, 967, 1377, 1372, 32, 8.60%, 0, 0, 3, 14.50
1747852829, 0, 967, 1378, 1373, 32, 8.60%, 0, 0, 3, 14.66
1747852845, 0, 967, 1379, 1374, 32, 8.60%, 0, 0, 3, 14.39
1747852881, 0, 967, 1380, 1375, 32, 8.60%, 0, 0, 3, 14.71
1747852886, 0, 967, 1382, 1377, 32, 8.60%, 0, 0, 3, 14.10
1747852906, 0, 967, 1383, 1378, 32, 8.60%, 0, 0, 3, 13.96
1747852947, 0, 967, 1384, 1379, 32, 8.60%, 0, 0, 3, 15.42
1747852958, 0, 968, 1384, 1379, 31, 8.60%, 0, 0, 3, 14.34
1747852968, 0, 969, 1384, 1379, 31, 8.60%, 0, 0, 3, 14.87
1747852978, 0, 970, 1384, 1379, 31, 8.60%, 0, 0, 3, 16.14
1747852983, 0, 971, 1384, 1379, 31, 8.60%, 0, 0, 3, 17.52
1747852988, 0, 972, 1384, 1379, 31, 8.60%, 0, 0, 3, 18.27
1747852999, 0, 973, 1384, 1379, 31, 8.60%, 0, 0, 3, 17.17
1747853004, 0, 974, 1384, 1379, 31, 8.60%, 0, 0, 3, 18.21
1747853014, 0, 975, 1384, 1379, 31, 8.60%, 0, 0, 3, 16.92
1747853019, 0, 976, 1384, 1379, 31, 8.60%, 0, 0, 3, 18.62
1747853029, 0, 977, 1384, 1379, 31, 8.60%, 0, 0, 3, 15.64
1747853034, 0, 978, 1384, 1379, 31, 8.60%, 0, 0, 3, 14.57
1747853045, 0, 979, 1384, 1379, 31, 8.60%, 0, 0, 3, 14.57
1747853055, 0, 980, 1384, 1379, 31, 8.60%, 0, 0, 3, 16.83
1747853060, 0, 982, 1384, 1379, 31, 8.60%, 0, 0, 3, 17.23
1747853070, 0, 983, 1384, 1379, 31, 8.60%, 0, 0, 3, 14.95
1747853080, 0, 984, 1384, 1379, 31, 8.60%, 0, 0, 3, 17.29
1747853085, 0, 985, 1384, 1379, 31, 8.60%, 0, 0, 3, 16.31
1747853091, 0, 985, 1385, 1380, 31, 8.60%, 0, 0, 3, 15.88
1747853101, 0, 986, 1385, 1380, 31, 8.60%, 0, 0, 3, 14.88
1747853111, 0, 987, 1385, 1380, 31, 8.60%, 0, 0, 3, 15.75
1747853121, 0, 988, 1385, 1380, 31, 8.60%, 0, 0, 3, 17.62
1747853126, 0, 989, 1385, 1380, 31, 8.60%, 0, 0, 3, 16.52
1747853137, 0, 991, 1387, 1382, 31, 8.76%, 0, 0, 3, 14.68
1747853147, 0, 991, 1388, 1383, 31, 8.76%, 0, 0, 3, 14.12
1747853167, 0, 991, 1389, 1384, 31, 8.76%, 0, 0, 3, 15.40
1747853234, 0, 991, 1390, 1385, 31, 8.76%, 0, 0, 3, 15.32
1747853245, 0, 991, 1391, 1386, 31, 8.76%, 0, 0, 3, 14.33
1747853337, 0, 991, 1392, 1387, 31, 8.76%, 0, 0, 3, 14.73
1747853388, 0, 991, 1393, 1388, 31, 8.76%, 0, 0, 3, 14.72
1747853403, 0, 991, 1394, 1389, 31, 8.76%, 0, 0, 3, 13.90
1747853424, 0, 992, 1394, 1389, 33, 8.76%, 0, 0, 3, 14.73
1747853434, 0, 992, 1395, 1390, 33, 8.76%, 0, 0, 3, 14.63
1747853444, 0, 993, 1395, 1390, 33, 8.76%, 0, 0, 3, 14.33
1747853449, 0, 995, 1395, 1390, 33, 8.76%, 0, 0, 3, 15.59
1747853454, 0, 995, 1396, 1391, 33, 8.76%, 0, 0, 3, 15.30
1747853470, 0, 996, 1396, 1391, 33, 8.76%, 0, 0, 3, 15.59
1747853475, 0, 997, 1396, 1391, 33, 8.76%, 0, 0, 3, 15.15
1747853485, 0, 1000, 1396, 1391, 33, 8.76%, 0, 0, 3, 14.50
1747853495, 0, 1001, 1396, 1391, 33, 8.76%, 0, 0, 3, 14.57
1747853506, 0, 1003, 1396, 1391, 33, 8.76%, 0, 0, 3, 16.15
1747853511, 0, 1005, 1397, 1392, 33, 8.76%, 0, 0, 3, 16.00
1747853526, 0, 1006, 1397, 1392, 33, 8.76%, 0, 0, 3, 15.04
1747853536, 0, 1007, 1397, 1392, 33, 8.76%, 0, 0, 3, 15.32
1747853546, 0, 1008, 1397, 1392, 33, 8.76%, 0, 0, 3, 14.51
1747853552, 0, 1009, 1397, 1392, 33, 8.76%, 0, 0, 3, 15.09
1747853562, 0, 1010, 1397, 1392, 33, 8.76%, 0, 0, 3, 15.66
1747853572, 0, 1011, 1398, 1393, 33, 8.76%, 0, 0, 3, 15.42
1747853587, 0, 1012, 1398, 1393, 33, 8.76%, 0, 0, 3, 16.36
1747853598, 0, 1013, 1398, 1393, 33, 8.76%, 0, 0, 3, 17.26
1747853603, 0, 1014, 1398, 1393, 33, 8.76%, 0, 0, 3, 16.96
1747853608, 0, 1015, 1398, 1393, 33, 8.76%, 0, 0, 3, 17.77
1747853618, 0, 1016, 1398, 1393, 33, 8.76%, 0, 0, 3, 14.43
1747853628, 0, 1019, 1398, 1393, 33, 8.76%, 0, 0, 3, 14.76
1747853633, 0, 1019, 1399, 1394, 33, 8.76%, 0, 0, 3, 14.39
1747853639, 0, 1019, 1400, 1395, 33, 8.76%, 0, 0, 3, 13.26
1747853664, 0, 1020, 1400, 1395, 33, 8.76%, 0, 0, 3, 14.99
1747853674, 0, 1021, 1400, 1395, 33, 8.76%, 0, 0, 3, 14.99
1747853684, 0, 1022, 1400, 1395, 33, 8.76%, 0, 0, 3, 15.44
1747853690, 0, 1024, 1400, 1395, 33, 8.76%, 0, 0, 3, 15.32
1747853700, 0, 1025, 1400, 1395, 33, 8.76%, 0, 0, 3, 16.24
1747853705, 0, 1025, 1401, 1396, 33, 8.76%, 0, 0, 3, 15.55
1747853715, 0, 1025, 1402, 1397, 33, 8.76%, 0, 0, 3, 15.28
1747853735, 0, 1027, 1402, 1397, 33, 8.76%, 0, 0, 3, 15.99
1747853741, 0, 1028, 1402, 1397, 33, 8.76%, 0, 0, 3, 15.24
1747853751, 0, 1029, 1402, 1397, 33, 8.76%, 0, 0, 3, 16.70
1747853756, 0, 1030, 1402, 1397, 33, 8.76%, 0, 0, 3, 16.48
1747853761, 0, 1030, 1403, 1398, 33, 8.76%, 0, 0, 3, 14.99
1747853777, 0, 1032, 1403, 1398, 33, 8.76%, 0, 0, 3, 14.68
1747853782, 0, 1032, 1404, 1399, 33, 8.76%, 0, 0, 3, 14.96
1747853792, 0, 1033, 1404, 1399, 33, 8.76%, 0, 0, 3, 14.00
1747853803, 0, 1034, 1404, 1399, 33, 8.76%, 0, 0, 3, 15.43
1747853808, 0, 1034, 1405, 1400, 33, 8.76%, 0, 0, 3, 16.00
1747853818, 0, 1035, 1405, 1400, 33, 8.76%, 0, 0, 3, 15.36
1747853823, 0, 1035, 1406, 1401, 33, 8.76%, 0, 0, 3, 15.42
1747853839, 0, 1036, 1406, 1401, 33, 8.76%, 0, 0, 3, 14.70
1747853844, 0, 1037, 1406, 1401, 33, 8.76%, 0, 0, 3, 14.67
1747853854, 0, 1038, 1406, 1401, 33, 8.76%, 0, 0, 3, 14.49
1747853864, 0, 1038, 1408, 1403, 33, 8.76%, 0, 0, 3, 13.54
1747853869, 0, 1038, 1409, 1404, 33, 8.76%, 0, 0, 3, 13.40
1747853937, 0, 1038, 1410, 1405, 33, 8.76%, 0, 0, 3, 7.71
1747854034, 0, 1038, 1411, 1406, 33, 8.76%, 0, 0, 3, 13.78
1747854132, 0, 1038, 1412, 1407, 33, 8.76%, 0, 0, 3, 14.20
1747854194, 0, 1040, 1412, 1407, 33, 8.76%, 0, 0, 3, 13.70
1747854204, 0, 1041, 1412, 1407, 33, 8.76%, 0, 0, 3, 14.42
1747854214, 0, 1043, 1413, 1408, 33, 8.76%, 0, 0, 3, 14.92
1747854229, 0, 1044, 1413, 1408, 33, 8.76%, 0, 0, 3, 15.38
1747854240, 0, 1045, 1413, 1408, 33, 8.76%, 0, 0, 3, 15.54
1747854245, 0, 1046, 1413, 1408, 33, 8.76%, 0, 0, 3, 15.62
1747854255, 0, 1047, 1413, 1408, 33, 8.76%, 0, 0, 3, 14.49
1747854265, 0, 1048, 1413, 1408, 33, 8.76%, 0, 0, 3, 15.13
1747854270, 0, 1049, 1413, 1408, 33, 8.76%, 0, 0, 3, 15.71
1747854281, 0, 1050, 1414, 1409, 33, 8.76%, 0, 0, 3, 13.76
1747854296, 0, 1051, 1414, 1409, 33, 8.76%, 0, 0, 3, 14.64
1747854306, 0, 1052, 1414, 1409, 33, 8.76%, 0, 0, 3, 14.19
1747854316, 0, 1053, 1414, 1409, 33, 8.76%, 0, 0, 3, 14.96
1747854326, 0, 1054, 1414, 1409, 33, 8.76%, 0, 0, 3, 15.50
1747854331, 0, 1055, 1414, 1409, 33, 8.76%, 0, 0, 3, 15.70
1747854342, 0, 1056, 1414, 1409, 33, 8.76%, 0, 0, 3, 17.91
1747854347, 0, 1059, 1414, 1409, 33, 8.76%, 0, 0, 3, 16.55
1747854357, 0, 1060, 1414, 1409, 33, 8.76%, 0, 0, 3, 15.16
1747854362, 0, 1060, 1415, 1410, 33, 8.76%, 0, 0, 3, 15.29
1747854372, 0, 1061, 1415, 1410, 33, 8.76%, 0, 0, 3, 15.71
1747854383, 0, 1061, 1416, 1411, 33, 8.76%, 0, 0, 3, 13.67
1747854388, 0, 1061, 1417, 1412, 33, 8.76%, 0, 0, 3, 14.00
1747854413, 0, 1062, 1417, 1412, 33, 8.76%, 0, 0, 3, 14.80
1747854419, 0, 1062, 1418, 1413, 33, 8.76%, 0, 0, 3, 15.76
1747854429, 0, 1063, 1418, 1413, 33, 8.76%, 0, 0, 3, 14.85
1747854439, 0, 1063, 1419, 1414, 33, 8.76%, 0, 0, 3, 15.09
1747854444, 0, 1064, 1419, 1414, 33, 8.76%, 0, 0, 3, 15.59
1747854454, 0, 1065, 1419, 1414, 33, 8.76%, 0, 0, 3, 14.48
1747854465, 0, 1066, 1419, 1414, 33, 8.76%, 0, 0, 3, 14.80
1747854470, 0, 1067, 1419, 1414, 33, 8.76%, 0, 0, 3, 15.77
1747855051, 0, 1067, 1420, 1415, 33, 8.76%, 0, 0, 3, 19.83
