# unix_time, cycles_done, cur_path, paths_total, pending_total, pending_favs, map_size, unique_crashes, unique_hangs, max_depth, execs_per_sec
1747817456, 0, 0, 1, 1, 1, 3.78%, 0, 0, 1, 31.50
1747817461, 0, 0, 20, 20, 1, 4.89%, 0, 0, 2, 46.50
1747817466, 0, 0, 39, 39, 1, 4.94%, 0, 0, 2, 47.08
1747817471, 0, 0, 57, 57, 1, 4.94%, 0, 0, 2, 47.85
1747817476, 0, 0, 71, 71, 1, 4.94%, 0, 0, 2, 48.05
1747817481, 0, 0, 85, 85, 1, 4.95%, 0, 0, 2, 47.67
1747817486, 0, 0, 99, 99, 1, 4.95%, 0, 0, 2, 64.00
1747817491, 0, 0, 110, 110, 1, 4.95%, 0, 0, 2, 82.94
1747817497, 0, 0, 119, 119, 1, 4.95%, 0, 0, 2, 88.93
1747817502, 0, 0, 130, 130, 1, 4.95%, 0, 0, 2, 87.52
1747817507, 0, 0, 138, 138, 1, 4.95%, 0, 0, 2, 88.99
1747817512, 0, 0, 148, 148, 1, 4.95%, 0, 0, 2, 88.62
1747817517, 0, 0, 157, 157, 1, 4.95%, 0, 0, 2, 84.98
1747817522, 0, 0, 166, 166, 1, 4.95%, 0, 0, 2, 87.09
1747817527, 0, 0, 174, 174, 1, 4.95%, 0, 0, 2, 86.87
1747817533, 0, 0, 180, 180, 1, 4.95%, 0, 0, 2, 89.49
1747817538, 0, 0, 183, 183, 1, 4.95%, 0, 0, 2, 89.64
1747817543, 0, 0, 189, 189, 1, 4.96%, 0, 0, 2, 90.00
1747817548, 0, 0, 192, 192, 1, 4.96%, 0, 0, 2, 90.43
1747817553, 0, 0, 194, 194, 1, 4.97%, 0, 0, 2, 91.72
1747817563, 0, 1, 212, 211, 14, 5.03%, 0, 0, 2, 71.02
1747817568, 0, 1, 236, 235, 14, 5.03%, 0, 0, 2, 61.64
1747817574, 0, 1, 255, 254, 14, 5.03%, 0, 0, 2, 57.86
1747817579, 0, 1, 272, 271, 14, 5.04%, 0, 0, 2, 58.09
1747817584, 0, 1, 282, 281, 14, 5.04%, 0, 0, 2, 57.47
1747817589, 0, 1, 290, 289, 14, 5.04%, 0, 0, 2, 58.39
1747817594, 0, 1, 296, 295, 14, 5.04%, 0, 0, 2, 59.65
1747817599, 0, 1, 303, 302, 14, 5.04%, 0, 0, 2, 59.08
1747817604, 0, 2, 310, 309, 13, 5.06%, 0, 0, 2, 57.96
1747817609, 0, 2, 332, 331, 13, 5.06%, 0, 0, 2, 47.04
1747817614, 0, 2, 350, 349, 13, 5.06%, 0, 0, 2, 43.94
1747817619, 0, 2, 365, 364, 13, 5.07%, 0, 0, 2, 43.63
1747817625, 0, 2, 380, 379, 13, 5.07%, 0, 0, 2, 43.25
1747817630, 0, 2, 389, 388, 13, 5.07%, 0, 0, 2, 44.17
1747817635, 0, 2, 393, 392, 13, 5.08%, 0, 0, 2, 44.79
1747817640, 0, 2, 398, 397, 13, 5.08%, 0, 0, 2, 43.85
1747817645, 0, 2, 402, 401, 13, 5.09%, 0, 0, 2, 44.55
1747817650, 0, 2, 408, 407, 13, 5.09%, 0, 0, 2, 43.65
1747817655, 0, 2, 411, 410, 13, 5.09%, 0, 0, 2, 44.05
1747817660, 0, 2, 416, 415, 13, 5.09%, 0, 0, 2, 44.15
1747817665, 0, 3, 423, 422, 15, 5.09%, 0, 0, 2, 44.69
1747817670, 0, 3, 430, 429, 15, 5.09%, 0, 0, 2, 43.89
1747817675, 0, 3, 436, 435, 15, 5.09%, 0, 0, 2, 44.95
1747817681, 0, 3, 440, 439, 15, 5.09%, 0, 0, 2, 44.78
1747817686, 0, 3, 442, 441, 15, 5.09%, 0, 0, 2, 44.53
1747817691, 0, 3, 444, 443, 15, 5.09%, 0, 0, 2, 44.59
1747817696, 0, 3, 445, 444, 15, 5.10%, 0, 0, 2, 44.82
1747817701, 0, 3, 449, 448, 15, 5.10%, 0, 0, 2, 44.70
1747817706, 0, 4, 457, 456, 16, 5.19%, 0, 0, 2, 40.30
1747817711, 0, 4, 467, 466, 16, 5.19%, 0, 0, 2, 38.34
1747817716, 0, 4, 478, 477, 16, 5.87%, 0, 0, 2, 37.59
1747817721, 0, 4, 485, 484, 16, 5.88%, 0, 0, 2, 37.80
1747817726, 0, 4, 489, 488, 16, 5.88%, 0, 0, 2, 38.09
1747817731, 0, 4, 497, 496, 16, 5.88%, 0, 0, 2, 37.68
1747817736, 0, 4, 503, 502, 16, 5.88%, 0, 0, 2, 37.87
1747817741, 0, 4, 511, 510, 16, 5.96%, 0, 0, 2, 37.23
1747817746, 0, 4, 516, 515, 16, 5.96%, 0, 0, 2, 38.14
1747817751, 0, 4, 519, 518, 16, 5.96%, 0, 0, 2, 38.25
1747817757, 0, 4, 521, 520, 16, 5.96%, 0, 0, 2, 38.82
1747817762, 0, 4, 523, 522, 16, 5.96%, 0, 0, 2, 38.51
1747817767, 0, 5, 532, 531, 17, 5.97%, 0, 0, 2, 35.40
1747817772, 0, 5, 543, 542, 17, 5.97%, 0, 0, 2, 34.56
1747817777, 0, 5, 552, 551, 17, 5.97%, 0, 0, 2, 34.74
1747817782, 0, 5, 561, 560, 17, 5.97%, 0, 0, 2, 34.50
1747817787, 0, 5, 568, 567, 17, 5.97%, 0, 0, 2, 34.72
1747817792, 0, 5, 571, 570, 17, 5.97%, 0, 0, 2, 35.11
1747817797, 0, 5, 575, 574, 17, 5.97%, 0, 0, 2, 34.96
1747817802, 0, 5, 579, 578, 17, 5.97%, 0, 0, 2, 35.00
1747817807, 0, 5, 583, 582, 17, 6.07%, 0, 0, 2, 35.08
1747817813, 0, 5, 590, 589, 17, 6.07%, 0, 0, 2, 34.56
1747817818, 0, 5, 598, 597, 17, 6.08%, 0, 0, 2, 34.80
1747817823, 0, 5, 602, 601, 17, 6.08%, 0, 0, 2, 34.94
1747817828, 0, 5, 606, 605, 17, 6.08%, 0, 0, 2, 34.49
1747817833, 0, 6, 610, 609, 14, 6.08%, 0, 0, 2, 34.52
1747817838, 0, 6, 613, 612, 14, 6.08%, 0, 0, 2, 35.06
1747817843, 0, 6, 616, 615, 14, 6.08%, 0, 0, 2, 34.93
1747817848, 0, 6, 618, 617, 14, 6.08%, 0, 0, 2, 34.49
1747817853, 0, 6, 622, 621, 14, 6.08%, 0, 0, 2, 34.21
1747817859, 0, 6, 626, 625, 14, 6.08%, 0, 0, 2, 34.36
1747817864, 0, 6, 627, 626, 14, 6.08%, 0, 0, 2, 34.89
1747817869, 0, 6, 630, 629, 14, 6.08%, 0, 0, 2, 34.77
1747817874, 0, 6, 631, 630, 14, 6.08%, 0, 0, 2, 34.91
1747817879, 0, 6, 635, 634, 14, 6.08%, 0, 0, 2, 34.25
1747817884, 0, 7, 642, 641, 14, 6.08%, 0, 0, 2, 32.11
1747817889, 0, 7, 650, 649, 14, 6.08%, 0, 0, 2, 30.57
1747817894, 0, 7, 654, 653, 14, 6.08%, 0, 0, 2, 30.74
1747817900, 0, 7, 659, 658, 14, 6.08%, 0, 0, 2, 30.14
1747817905, 0, 7, 663, 662, 14, 6.08%, 0, 0, 2, 30.45
1747817910, 0, 7, 669, 668, 14, 6.08%, 0, 0, 2, 29.94
1747817915, 0, 7, 672, 671, 14, 6.08%, 0, 0, 2, 30.62
1747817920, 0, 7, 674, 673, 14, 6.10%, 0, 0, 2, 31.22
1747817925, 0, 7, 679, 678, 14, 6.10%, 0, 0, 2, 30.96
1747817935, 0, 7, 682, 681, 14, 6.10%, 0, 0, 2, 31.26
1747817950, 0, 8, 685, 684, 15, 6.10%, 0, 0, 2, 31.26
1747817955, 0, 8, 687, 686, 15, 6.19%, 0, 0, 2, 31.01
1747817960, 0, 8, 689, 688, 15, 6.19%, 0, 0, 2, 31.15
1747817966, 0, 8, 691, 690, 15, 6.19%, 0, 0, 2, 31.10
1747817971, 0, 8, 692, 691, 15, 6.19%, 0, 0, 2, 31.32
1747817976, 0, 8, 694, 693, 15, 6.19%, 0, 0, 2, 31.13
1747817981, 0, 8, 695, 694, 15, 6.19%, 0, 0, 2, 31.14
1747817986, 0, 8, 698, 697, 15, 6.19%, 0, 0, 2, 30.87
1747817991, 0, 8, 699, 698, 15, 6.19%, 0, 0, 2, 31.30
1747817996, 0, 8, 701, 700, 15, 6.19%, 0, 0, 2, 31.18
1747818006, 0, 9, 705, 704, 11, 6.19%, 0, 0, 2, 30.56
1747818011, 0, 9, 712, 711, 11, 6.19%, 0, 0, 2, 29.75
1747818016, 0, 9, 717, 716, 11, 6.20%, 0, 0, 2, 29.43
1747818022, 0, 9, 721, 720, 11, 6.20%, 0, 0, 2, 29.33
1747818027, 0, 9, 722, 721, 11, 6.20%, 0, 0, 2, 29.65
1747818032, 0, 9, 724, 723, 11, 6.20%, 0, 0, 2, 30.07
1747818037, 0, 9, 725, 724, 11, 6.20%, 0, 0, 2, 30.45
1747818042, 0, 9, 727, 726, 11, 6.20%, 0, 0, 2, 30.22
1747818047, 0, 9, 728, 727, 11, 6.20%, 0, 0, 2, 30.30
1747818052, 0, 9, 729, 728, 11, 6.20%, 0, 0, 2, 30.43
1747818057, 0, 9, 732, 731, 11, 6.20%, 0, 0, 2, 30.46
1747818063, 0, 9, 733, 732, 11, 6.20%, 0, 0, 2, 30.23
1747818068, 0, 10, 735, 734, 12, 6.20%, 0, 0, 2, 30.42
1747818073, 0, 11, 739, 738, 12, 6.20%, 0, 0, 2, 29.74
1747818078, 0, 11, 740, 739, 12, 6.20%, 0, 0, 2, 29.94
1747818083, 0, 11, 742, 741, 12, 6.20%, 0, 0, 2, 29.29
1747818088, 0, 11, 746, 745, 12, 6.25%, 0, 0, 2, 28.98
1747818093, 0, 11, 747, 746, 12, 6.25%, 0, 0, 2, 29.73
1747818108, 0, 11, 750, 749, 12, 6.25%, 0, 0, 2, 29.83
1747818113, 0, 11, 752, 751, 12, 6.25%, 0, 0, 2, 29.65
1747818118, 0, 11, 753, 752, 12, 6.25%, 0, 0, 2, 29.70
1747818129, 0, 11, 754, 753, 12, 6.25%, 0, 0, 2, 29.30
1747818134, 0, 12, 755, 754, 10, 6.25%, 0, 0, 2, 29.44
1747818139, 0, 13, 758, 757, 10, 6.25%, 0, 0, 2, 29.60
1747818149, 0, 13, 759, 758, 10, 6.25%, 0, 0, 2, 29.59
1747818159, 0, 13, 763, 762, 10, 6.25%, 0, 0, 2, 29.57
1747818164, 0, 13, 764, 763, 10, 6.25%, 0, 0, 2, 30.30
1747818170, 0, 13, 765, 764, 10, 6.25%, 0, 0, 2, 30.09
1747818175, 0, 13, 766, 765, 10, 6.25%, 0, 0, 2, 30.13
1747818180, 0, 13, 767, 766, 10, 6.25%, 0, 0, 2, 30.06
1747818185, 0, 13, 770, 769, 10, 6.25%, 0, 0, 2, 29.96
1747818195, 0, 15, 770, 769, 10, 6.25%, 0, 0, 2, 30.63
1747818200, 0, 21, 770, 769, 10, 6.25%, 0, 0, 2, 37.21
1747818410, 0, 24, 770, 768, 10, 6.25%, 0, 0, 2, 23.95
1747818415, 0, 26, 771, 769, 10, 6.25%, 0, 0, 3, 18.93
1747818420, 0, 26, 772, 770, 10, 6.25%, 0, 0, 3, 17.19
1747818425, 0, 26, 775, 773, 10, 6.25%, 0, 0, 3, 16.60
1747818430, 0, 26, 777, 775, 10, 6.25%, 0, 0, 3, 16.94
1747818435, 0, 26, 778, 776, 10, 6.25%, 0, 0, 3, 16.93
1747818440, 0, 26, 779, 777, 10, 6.25%, 0, 0, 3, 16.70
1747818451, 0, 26, 781, 779, 10, 6.25%, 0, 0, 3, 16.94
1747818461, 0, 26, 784, 782, 10, 6.37%, 0, 0, 3, 16.55
1747818466, 0, 26, 785, 783, 10, 6.37%, 0, 0, 3, 16.85
1747818471, 0, 26, 786, 784, 10, 6.37%, 0, 0, 3, 16.87
1747818481, 0, 26, 787, 785, 10, 6.37%, 0, 0, 3, 16.95
1747818497, 0, 26, 788, 786, 10, 6.37%, 0, 0, 3, 17.04
1747818507, 0, 26, 789, 787, 10, 6.37%, 0, 0, 3, 16.88
1747818518, 0, 26, 791, 789, 10, 6.37%, 0, 0, 3, 16.73
1747818523, 0, 27, 791, 789, 12, 6.37%, 0, 0, 3, 17.26
1747818528, 0, 28, 794, 792, 12, 6.37%, 0, 0, 3, 16.91
1747818533, 0, 28, 796, 794, 12, 6.39%, 0, 0, 3, 16.61
1747818538, 0, 28, 798, 796, 12, 6.41%, 0, 0, 3, 16.61
1747818543, 0, 28, 799, 797, 12, 6.41%, 0, 0, 3, 16.95
1747818548, 0, 28, 800, 798, 12, 6.41%, 0, 0, 3, 16.56
1747818559, 0, 28, 801, 799, 12, 6.41%, 0, 0, 3, 16.83
1747818564, 0, 28, 803, 801, 12, 6.41%, 0, 0, 3, 16.55
1747818569, 0, 28, 805, 803, 12, 6.41%, 0, 0, 3, 16.53
1747818574, 0, 28, 808, 806, 12, 6.41%, 0, 0, 3, 16.56
1747818579, 0, 28, 810, 808, 12, 6.41%, 0, 0, 3, 16.57
1747818595, 0, 28, 811, 809, 12, 6.41%, 0, 0, 3, 16.85
1747818605, 0, 28, 813, 811, 12, 6.41%, 0, 0, 3, 16.79
1747818610, 0, 28, 814, 812, 12, 6.41%, 0, 0, 3, 16.99
1747818620, 0, 28, 815, 813, 12, 6.41%, 0, 0, 3, 16.94
1747818631, 0, 28, 817, 815, 12, 6.41%, 0, 0, 3, 16.53
1747818636, 0, 29, 818, 816, 14, 6.42%, 0, 0, 3, 17.25
1747818641, 0, 30, 818, 816, 15, 6.42%, 0, 0, 3, 17.44
1747818646, 0, 30, 821, 819, 15, 6.42%, 0, 0, 3, 16.29
1747818651, 0, 30, 823, 821, 15, 6.42%, 0, 0, 3, 16.19
1747818661, 0, 30, 824, 822, 15, 6.42%, 0, 0, 3, 16.28
1747818666, 0, 30, 825, 823, 15, 6.42%, 0, 0, 3, 16.38
1747818671, 0, 30, 826, 824, 15, 6.42%, 0, 0, 3, 16.60
1747818681, 0, 30, 828, 826, 15, 6.42%, 0, 0, 3, 16.45
1747818692, 0, 30, 829, 827, 15, 6.42%, 0, 0, 3, 16.71
1747818712, 0, 30, 830, 828, 15, 6.42%, 0, 0, 3, 16.69
1747818723, 0, 30, 831, 829, 15, 6.42%, 0, 0, 3, 16.51
1747818728, 0, 30, 832, 830, 15, 6.42%, 0, 0, 3, 16.32
1747818733, 0, 30, 834, 832, 15, 6.42%, 0, 0, 3, 16.26
1747818748, 0, 31, 836, 834, 15, 6.42%, 0, 0, 3, 15.95
1747818759, 0, 31, 838, 836, 15, 6.44%, 0, 0, 3, 15.65
1747818764, 0, 31, 839, 837, 15, 6.44%, 0, 0, 3, 15.97
1747818769, 0, 31, 841, 839, 15, 6.44%, 0, 0, 3, 15.57
1747818779, 0, 31, 842, 840, 15, 6.44%, 0, 0, 3, 16.15
1747818784, 0, 31, 844, 842, 15, 6.45%, 0, 0, 3, 15.56
1747818789, 0, 31, 845, 843, 15, 6.45%, 0, 0, 3, 15.77
1747818820, 0, 31, 846, 844, 15, 6.45%, 0, 0, 3, 16.09
1747818825, 0, 31, 847, 845, 15, 6.45%, 0, 0, 3, 15.91
1747818830, 0, 31, 848, 846, 15, 6.45%, 0, 0, 3, 16.43
1747818851, 0, 31, 850, 848, 15, 6.45%, 0, 0, 3, 15.88
1747818856, 0, 32, 852, 850, 18, 6.45%, 0, 0, 3, 15.88
1747818861, 0, 32, 853, 851, 18, 6.45%, 0, 0, 3, 15.93
1747818866, 0, 32, 854, 852, 18, 6.45%, 0, 0, 3, 15.82
1747818871, 0, 32, 855, 853, 18, 6.45%, 0, 0, 3, 16.10
1747818876, 0, 32, 856, 854, 18, 6.45%, 0, 0, 3, 16.36
1747818887, 0, 32, 857, 855, 18, 6.45%, 0, 0, 3, 16.23
1747818902, 0, 32, 858, 856, 18, 6.45%, 0, 0, 3, 16.33
1747818912, 0, 32, 859, 857, 18, 6.45%, 0, 0, 3, 15.99
1747818964, 0, 33, 862, 860, 18, 6.45%, 0, 0, 3, 15.65
1747818969, 0, 33, 863, 861, 18, 6.45%, 0, 0, 3, 16.12
1747818974, 0, 33, 864, 862, 18, 6.45%, 0, 0, 3, 16.07
1747818979, 0, 33, 865, 863, 18, 6.45%, 0, 0, 3, 16.51
1747818984, 0, 33, 866, 864, 18, 6.45%, 0, 0, 3, 16.10
1747818994, 0, 33, 867, 865, 18, 6.45%, 0, 0, 3, 16.22
1747819005, 0, 33, 869, 867, 18, 6.45%, 0, 0, 3, 15.96
1747819010, 0, 33, 870, 868, 18, 6.45%, 0, 0, 3, 16.08
1747819025, 0, 33, 871, 869, 18, 6.45%, 0, 0, 3, 16.13
1747819030, 0, 33, 872, 870, 18, 6.45%, 0, 0, 3, 16.18
1747819066, 0, 35, 873, 871, 18, 6.45%, 0, 0, 3, 16.09
1747819071, 0, 37, 873, 871, 18, 6.45%, 0, 0, 3, 16.54
1747819077, 0, 38, 874, 872, 18, 6.45%, 0, 0, 3, 16.32
1747819082, 0, 38, 875, 873, 18, 6.45%, 0, 0, 3, 16.51
1747819087, 0, 38, 877, 875, 18, 6.45%, 0, 0, 3, 16.37
1747819097, 0, 38, 878, 876, 18, 6.45%, 0, 0, 3, 15.79
1747819102, 0, 38, 879, 877, 18, 6.45%, 0, 0, 3, 15.97
1747819158, 0, 38, 880, 878, 18, 6.45%, 0, 0, 3, 15.91
1747819179, 0, 40, 880, 878, 18, 6.45%, 0, 0, 3, 16.15
1747819184, 0, 43, 880, 878, 18, 6.45%, 0, 0, 3, 16.33
1747819189, 0, 45, 880, 878, 18, 6.45%, 0, 0, 3, 15.80
1747819194, 0, 45, 881, 879, 18, 6.45%, 0, 0, 3, 15.51
1747819200, 0, 48, 881, 879, 18, 6.45%, 0, 0, 3, 16.00
1747819205, 0, 49, 881, 879, 18, 6.45%, 0, 0, 3, 15.92
1747819210, 0, 50, 882, 880, 18, 6.45%, 0, 0, 3, 15.73
1747819215, 0, 50, 884, 882, 18, 6.48%, 0, 0, 3, 14.89
1747819220, 0, 50, 885, 883, 18, 6.48%, 0, 0, 3, 15.19
1747819225, 0, 50, 887, 885, 18, 6.48%, 0, 0, 3, 15.05
1747819241, 0, 50, 888, 886, 18, 6.48%, 0, 0, 3, 15.07
1747819246, 0, 50, 890, 888, 18, 6.48%, 0, 0, 3, 15.30
1747819266, 0, 50, 891, 889, 18, 6.48%, 0, 0, 3, 15.50
1747819271, 0, 50, 893, 891, 18, 6.48%, 0, 0, 3, 14.90
1747819286, 0, 50, 896, 894, 18, 6.48%, 0, 0, 3, 14.95
1747819297, 0, 50, 897, 895, 18, 6.48%, 0, 0, 3, 15.98
1747819322, 0, 50, 898, 896, 18, 6.48%, 0, 0, 3, 15.10
1747819327, 0, 52, 898, 896, 18, 6.48%, 0, 0, 3, 15.71
1747819332, 0, 52, 899, 897, 18, 6.48%, 0, 0, 3, 15.64
1747819338, 0, 52, 900, 898, 18, 6.48%, 0, 0, 3, 15.97
1747819343, 0, 54, 900, 898, 17, 6.48%, 0, 0, 3, 16.14
1747819348, 0, 56, 900, 898, 17, 6.48%, 0, 0, 3, 16.09
1747819353, 0, 57, 902, 900, 17, 6.48%, 0, 0, 3, 14.75
1747819358, 0, 57, 904, 902, 17, 6.48%, 0, 0, 3, 14.73
1747819369, 0, 57, 906, 904, 17, 6.48%, 0, 0, 3, 14.54
1747819374, 0, 57, 908, 906, 17, 6.48%, 0, 0, 3, 14.71
1747819384, 0, 57, 909, 907, 17, 6.48%, 0, 0, 3, 14.96
1747819389, 0, 57, 910, 908, 17, 6.48%, 0, 0, 3, 14.92
1747819410, 0, 57, 911, 909, 17, 6.49%, 0, 0, 3, 15.08
1747819430, 0, 57, 913, 911, 17, 6.49%, 0, 0, 3, 14.67
1747819450, 0, 57, 914, 912, 17, 6.49%, 0, 0, 3, 15.23
1747819455, 0, 57, 916, 914, 17, 6.49%, 0, 0, 3, 14.78
1747819461, 0, 57, 917, 915, 17, 6.49%, 0, 0, 3, 14.88
1747819466, 0, 57, 918, 916, 17, 6.49%, 0, 0, 3, 14.71
1747819471, 0, 58, 920, 918, 12, 6.49%, 0, 0, 3, 14.34
1747819476, 0, 58, 922, 920, 12, 6.49%, 0, 0, 3, 14.84
1747819481, 0, 58, 925, 923, 12, 6.75%, 0, 0, 3, 14.22
1747819487, 0, 58, 927, 925, 12, 6.75%, 0, 0, 3, 14.38
1747819497, 0, 58, 929, 927, 12, 6.75%, 0, 0, 3, 14.70
1747819502, 0, 58, 930, 928, 12, 6.75%, 0, 0, 3, 14.87
1747819527, 0, 58, 931, 929, 12, 6.75%, 0, 0, 3, 14.61
1747819553, 0, 58, 932, 930, 12, 6.75%, 0, 0, 3, 14.92
1747819558, 0, 58, 933, 931, 12, 6.75%, 0, 0, 3, 14.76
1747819589, 0, 59, 933, 931, 13, 6.75%, 0, 0, 3, 15.44
1747819594, 0, 60, 934, 932, 13, 6.75%, 0, 0, 3, 14.91
1747819599, 0, 60, 935, 933, 13, 6.75%, 0, 0, 3, 14.84
1747819609, 0, 62, 935, 933, 14, 6.75%, 0, 0, 3, 15.66
1747819614, 0, 63, 935, 933, 14, 6.75%, 0, 0, 3, 15.49
1747819619, 0, 65, 935, 933, 14, 6.75%, 0, 0, 3, 15.56
1747819625, 0, 67, 935, 933, 14, 6.75%, 0, 0, 3, 15.92
1747819630, 0, 68, 935, 933, 14, 6.75%, 0, 0, 3, 16.69
1747819635, 0, 70, 935, 933, 14, 6.75%, 0, 0, 3, 16.52
1747819640, 0, 72, 935, 933, 14, 6.75%, 0, 0, 3, 16.17
1747819645, 0, 72, 937, 935, 14, 6.75%, 0, 0, 3, 14.68
1747819650, 0, 72, 938, 936, 14, 6.75%, 0, 0, 3, 14.98
1747819655, 0, 72, 939, 937, 14, 6.75%, 0, 0, 3, 14.59
1747819660, 0, 72, 940, 938, 14, 6.75%, 0, 0, 3, 14.27
1747819665, 0, 72, 941, 939, 14, 6.75%, 0, 0, 3, 15.02
1747819670, 0, 72, 942, 940, 14, 6.75%, 0, 0, 3, 15.35
1747819686, 0, 72, 943, 941, 14, 6.75%, 0, 0, 3, 14.88
1747819701, 0, 72, 944, 942, 14, 6.75%, 0, 0, 3, 14.73
1747819706, 0, 72, 945, 943, 14, 6.75%, 0, 0, 3, 14.65
1747819722, 0, 72, 946, 944, 14, 6.75%, 0, 0, 3, 14.74
1747819758, 0, 73, 947, 945, 14, 6.75%, 0, 0, 3, 14.70
1747819763, 0, 75, 947, 945, 14, 6.75%, 0, 0, 3, 15.39
1747819768, 0, 77, 947, 945, 14, 6.75%, 0, 0, 3, 15.32
1747819773, 0, 79, 947, 945, 14, 6.75%, 0, 0, 3, 15.95
1747819778, 0, 80, 948, 946, 14, 6.75%, 0, 0, 3, 15.00
1747819783, 0, 81, 949, 947, 15, 6.75%, 0, 0, 3, 14.79
1747819788, 0, 81, 950, 948, 15, 6.76%, 0, 0, 3, 14.84
1747819798, 0, 83, 950, 948, 14, 6.76%, 0, 0, 3, 14.86
1747819803, 0, 85, 950, 948, 14, 6.76%, 0, 0, 3, 14.48
1747819808, 0, 86, 951, 949, 14, 6.76%, 0, 0, 3, 14.65
1747819814, 0, 86, 954, 952, 14, 6.76%, 0, 0, 3, 14.15
1747819819, 0, 86, 956, 954, 14, 6.76%, 0, 0, 3, 13.98
1747819824, 0, 86, 957, 955, 14, 6.76%, 0, 0, 3, 15.00
1747819829, 0, 86, 958, 956, 14, 6.76%, 0, 0, 3, 14.35
1747819839, 0, 86, 960, 958, 14, 6.76%, 0, 0, 3, 13.84
1747819855, 0, 86, 961, 959, 14, 6.77%, 0, 0, 3, 14.32
1747819885, 0, 86, 962, 960, 14, 6.77%, 0, 0, 3, 14.57
1747819896, 0, 86, 963, 961, 14, 6.77%, 0, 0, 3, 13.75
1747819911, 0, 86, 964, 962, 14, 6.77%, 0, 0, 3, 14.41
1747819932, 0, 87, 967, 965, 15, 6.77%, 0, 0, 3, 13.88
1747819937, 0, 87, 970, 968, 15, 6.77%, 0, 0, 3, 12.99
1747819947, 0, 87, 972, 970, 15, 6.77%, 0, 0, 3, 14.87
1747819952, 0, 87, 973, 971, 15, 6.77%, 0, 0, 3, 14.50
1747819957, 0, 87, 975, 973, 15, 6.77%, 0, 0, 3, 14.05
1747819973, 0, 87, 976, 974, 15, 6.77%, 0, 0, 3, 14.09
1747820039, 0, 87, 977, 975, 15, 6.77%, 0, 0, 3, 14.98
1747820044, 0, 87, 978, 976, 15, 6.77%, 0, 0, 3, 15.21
1747820049, 0, 88, 978, 976, 14, 6.77%, 0, 0, 3, 14.85
1747820054, 0, 89, 979, 977, 14, 6.77%, 0, 0, 3, 14.49
1747820059, 0, 89, 980, 978, 14, 6.77%, 0, 0, 3, 15.02
1747820070, 0, 91, 980, 978, 14, 6.77%, 0, 0, 3, 14.62
1747820075, 0, 93, 980, 978, 14, 6.77%, 0, 0, 3, 15.18
1747820080, 0, 95, 980, 978, 14, 6.77%, 0, 0, 3, 14.81
1747820085, 0, 97, 980, 978, 14, 6.77%, 0, 0, 3, 15.37
1747820090, 0, 98, 982, 980, 14, 6.77%, 0, 0, 3, 14.41
1747820106, 0, 100, 982, 980, 14, 6.77%, 0, 0, 3, 14.96
1747820111, 0, 101, 982, 980, 14, 6.77%, 0, 0, 3, 15.06
1747820116, 0, 103, 982, 980, 14, 6.77%, 0, 0, 3, 14.75
1747820121, 0, 105, 982, 980, 14, 6.77%, 0, 0, 3, 15.17
1747820126, 0, 107, 982, 980, 14, 6.77%, 0, 0, 3, 15.56
1747820131, 0, 110, 982, 980, 14, 6.77%, 0, 0, 3, 15.99
1747820136, 0, 111, 982, 980, 14, 6.77%, 0, 0, 3, 14.87
1747820141, 0, 112, 983, 981, 14, 6.77%, 0, 0, 3, 14.66
1747820146, 0, 113, 983, 981, 14, 6.77%, 0, 0, 3, 14.79
1747820151, 0, 116, 983, 981, 14, 6.77%, 0, 0, 3, 14.65
1747820156, 0, 117, 984, 982, 14, 6.77%, 0, 0, 3, 16.85
1747820162, 0, 117, 985, 983, 14, 6.77%, 0, 0, 3, 17.43
1747820167, 0, 118, 985, 983, 13, 6.77%, 0, 0, 3, 17.16
1747820172, 0, 120, 985, 983, 13, 6.77%, 0, 0, 3, 15.56
1747820177, 0, 121, 985, 983, 13, 6.77%, 0, 0, 3, 15.36
1747820182, 0, 124, 985, 983, 13, 6.77%, 0, 0, 3, 15.34
1747820187, 0, 125, 985, 983, 13, 6.77%, 0, 0, 3, 15.32
1747820192, 0, 127, 985, 983, 13, 6.77%, 0, 0, 3, 14.91
1747820197, 0, 128, 985, 983, 13, 6.77%, 0, 0, 3, 15.07
1747820202, 0, 132, 985, 983, 13, 6.77%, 0, 0, 3, 14.68
1747820208, 0, 133, 985, 983, 13, 6.77%, 0, 0, 3, 14.85
1747820213, 0, 135, 985, 983, 13, 6.77%, 0, 0, 3, 14.83
1747820218, 0, 137, 985, 983, 13, 6.77%, 0, 0, 3, 14.44
1747820223, 0, 140, 985, 983, 13, 6.77%, 0, 0, 3, 14.62
1747820228, 0, 142, 985, 983, 13, 6.77%, 0, 0, 3, 15.24
1747820233, 0, 144, 985, 983, 13, 6.77%, 0, 0, 3, 15.93
1747820238, 0, 144, 986, 984, 13, 6.77%, 0, 0, 3, 14.82
1747820243, 0, 144, 987, 985, 13, 6.77%, 0, 0, 3, 14.73
1747820248, 0, 145, 987, 985, 13, 6.77%, 0, 0, 3, 14.94
1747820254, 0, 146, 988, 986, 13, 6.77%, 0, 0, 3, 14.85
1747820259, 0, 147, 988, 986, 13, 6.77%, 0, 0, 3, 14.72
1747820264, 0, 148, 988, 986, 13, 6.77%, 0, 0, 3, 14.88
1747820269, 0, 152, 988, 986, 13, 6.77%, 0, 0, 3, 14.69
1747820274, 0, 153, 988, 986, 13, 6.77%, 0, 0, 3, 15.31
1747820279, 0, 155, 988, 986, 13, 6.77%, 0, 0, 3, 15.43
1747820285, 0, 156, 988, 986, 13, 6.77%, 0, 0, 3, 15.37
1747820290, 0, 162, 988, 986, 13, 6.77%, 0, 0, 3, 14.69
1747820295, 0, 163, 988, 986, 13, 6.77%, 0, 0, 3, 14.70
1747820300, 0, 166, 988, 986, 13, 6.77%, 0, 0, 3, 14.90
1747820305, 0, 167, 988, 986, 13, 6.77%, 0, 0, 3, 15.21
1747820310, 0, 169, 988, 986, 13, 6.77%, 0, 0, 3, 15.54
1747820315, 0, 170, 988, 986, 13, 6.77%, 0, 0, 3, 14.95
1747820321, 0, 172, 988, 986, 13, 6.77%, 0, 0, 3, 14.66
1747820326, 0, 173, 988, 986, 13, 6.77%, 0, 0, 3, 15.30
1747820331, 0, 175, 988, 986, 13, 6.77%, 0, 0, 3, 14.50
1747820336, 0, 176, 989, 987, 13, 6.77%, 0, 0, 3, 14.42
1747820341, 0, 177, 989, 987, 13, 6.77%, 0, 0, 3, 14.76
1747820346, 0, 178, 989, 987, 13, 6.77%, 0, 0, 3, 14.86
1747820351, 0, 182, 989, 987, 13, 6.77%, 0, 0, 3, 14.86
1747820357, 0, 183, 989, 987, 13, 6.77%, 0, 0, 3, 14.84
1747820362, 0, 185, 989, 987, 13, 6.77%, 0, 0, 3, 14.92
1747820367, 0, 186, 989, 987, 13, 6.77%, 0, 0, 3, 15.00
1747820372, 0, 189, 989, 987, 13, 6.77%, 0, 0, 3, 15.29
1747820377, 0, 190, 989, 987, 13, 6.77%, 0, 0, 3, 15.12
1747820382, 0, 192, 989, 987, 13, 6.77%, 0, 0, 3, 15.38
1747820388, 0, 193, 989, 987, 13, 6.77%, 0, 0, 3, 15.39
1747820393, 0, 195, 989, 987, 13, 6.77%, 0, 0, 3, 15.10
1747820398, 0, 196, 989, 987, 13, 6.77%, 0, 0, 3, 14.96
1747820403, 0, 198, 989, 987, 13, 6.77%, 0, 0, 3, 14.67
1747820408, 0, 199, 989, 987, 13, 6.77%, 0, 0, 3, 14.53
1747820413, 0, 202, 989, 987, 13, 6.77%, 0, 0, 3, 14.78
1747820418, 0, 203, 989, 987, 13, 6.77%, 0, 0, 3, 14.92
1747820423, 0, 205, 989, 987, 13, 6.77%, 0, 0, 3, 15.11
1747820428, 0, 208, 989, 987, 13, 6.77%, 0, 0, 3, 14.47
1747820433, 0, 210, 989, 987, 13, 6.77%, 0, 0, 3, 15.07
1747820438, 0, 211, 989, 987, 13, 6.77%, 0, 0, 3, 14.98
1747820444, 0, 215, 989, 987, 13, 6.77%, 0, 0, 3, 14.75
1747820449, 0, 216, 989, 987, 13, 6.77%, 0, 0, 3, 15.32
1747820454, 0, 218, 989, 987, 13, 6.77%, 0, 0, 3, 15.16
1747820459, 0, 219, 989, 987, 13, 6.77%, 0, 0, 3, 14.95
1747820464, 0, 222, 989, 987, 13, 6.77%, 0, 0, 3, 15.35
1747820469, 0, 223, 989, 987, 13, 6.77%, 0, 0, 3, 14.65
1747820474, 0, 225, 989, 987, 13, 6.77%, 0, 0, 3, 15.00
1747820480, 0, 226, 989, 987, 13, 6.77%, 0, 0, 3, 14.21
1747820485, 0, 228, 989, 987, 13, 6.77%, 0, 0, 3, 14.81
1747820490, 0, 231, 989, 987, 13, 6.77%, 0, 0, 3, 14.58
1747820495, 0, 233, 989, 987, 13, 6.77%, 0, 0, 3, 14.83
1747820500, 0, 234, 990, 988, 13, 6.77%, 0, 0, 3, 14.45
1747820505, 0, 235, 990, 988, 13, 6.77%, 0, 0, 3, 14.44
1747820510, 0, 236, 990, 988, 13, 6.77%, 0, 0, 3, 14.51
1747820516, 0, 237, 990, 988, 13, 6.77%, 0, 0, 3, 15.23
1747820521, 0, 240, 990, 988, 13, 6.77%, 0, 0, 3, 15.32
1747820526, 0, 242, 990, 988, 13, 6.77%, 0, 0, 3, 16.16
1747820531, 0, 243, 990, 988, 13, 6.77%, 0, 0, 3, 16.40
1747820536, 0, 245, 990, 988, 13, 6.77%, 0, 0, 3, 15.00
1747820541, 0, 246, 990, 988, 13, 6.77%, 0, 0, 3, 15.32
1747820546, 0, 248, 990, 988, 13, 6.77%, 0, 0, 3, 14.75
1747820552, 0, 249, 990, 988, 13, 6.77%, 0, 0, 3, 16.46
1747820557, 0, 251, 990, 988, 13, 6.77%, 0, 0, 3, 15.38
1747820562, 0, 254, 990, 988, 13, 6.77%, 0, 0, 3, 15.43
1747820567, 0, 254, 991, 989, 13, 6.77%, 0, 0, 3, 16.96
1747820572, 0, 256, 991, 989, 13, 6.77%, 0, 0, 3, 15.94
1747820577, 0, 257, 991, 989, 13, 6.77%, 0, 0, 3, 15.28
1747820582, 0, 259, 991, 989, 13, 6.77%, 0, 0, 3, 14.65
1747820587, 0, 261, 991, 989, 13, 6.77%, 0, 0, 3, 14.91
1747820592, 0, 264, 991, 989, 13, 6.77%, 0, 0, 3, 15.14
1747820598, 0, 265, 991, 989, 13, 6.77%, 0, 0, 3, 14.45
1747820603, 0, 268, 991, 989, 13, 6.77%, 0, 0, 3, 14.52
1747820608, 0, 269, 991, 989, 13, 6.77%, 0, 0, 3, 15.86
1747820613, 0, 274, 991, 989, 13, 6.77%, 0, 0, 3, 15.39
1747820618, 0, 275, 991, 989, 13, 6.77%, 0, 0, 3, 14.64
1747820623, 0, 277, 991, 989, 13, 6.77%, 0, 0, 3, 15.19
1747820628, 0, 278, 991, 989, 13, 6.77%, 0, 0, 3, 15.29
1747820633, 0, 282, 991, 989, 13, 6.77%, 0, 0, 3, 15.01
1747820639, 0, 283, 991, 989, 13, 6.77%, 0, 0, 3, 16.55
1747820644, 0, 285, 991, 989, 13, 6.77%, 0, 0, 3, 15.11
1747820649, 0, 286, 991, 989, 13, 6.77%, 0, 0, 3, 14.92
1747820654, 0, 287, 992, 990, 13, 6.77%, 0, 0, 3, 14.62
1747820659, 0, 288, 992, 990, 13, 6.77%, 0, 0, 3, 14.27
1747820664, 0, 290, 992, 990, 13, 6.77%, 0, 0, 3, 15.86
1747820669, 0, 292, 992, 990, 13, 6.77%, 0, 0, 3, 15.22
1747820674, 0, 295, 992, 990, 13, 6.77%, 0, 0, 3, 14.96
1747820680, 0, 296, 992, 990, 13, 6.77%, 0, 0, 3, 14.82
1747820685, 0, 298, 992, 990, 13, 6.77%, 0, 0, 3, 18.22
1747821600, 0, 299, 992, 989, 12, 6.77%, 0, 0, 3, 20.74
1747821605, 0, 301, 992, 989, 12, 6.77%, 0, 0, 3, 15.73
1747821610, 0, 302, 995, 992, 12, 6.88%, 0, 0, 3, 16.07
1747821631, 0, 302, 996, 993, 12, 6.88%, 0, 0, 3, 17.66
1747821641, 0, 302, 997, 994, 12, 6.88%, 0, 0, 3, 17.79
1747821651, 0, 302, 998, 995, 12, 6.88%, 0, 0, 3, 17.57
1747821671, 0, 302, 999, 996, 12, 7.07%, 0, 0, 3, 17.32
1747821707, 0, 303, 999, 996, 13, 7.07%, 0, 0, 3, 15.68
1747821712, 0, 305, 999, 996, 13, 7.07%, 0, 0, 3, 14.95
1747821718, 0, 307, 999, 996, 13, 7.07%, 0, 0, 3, 16.14
1747821723, 0, 308, 999, 996, 13, 7.07%, 0, 0, 3, 15.17
1747821728, 0, 310, 999, 996, 13, 7.07%, 0, 0, 3, 15.28
1747821733, 0, 311, 999, 996, 13, 7.07%, 0, 0, 3, 14.56
1747821738, 0, 312, 999, 996, 13, 7.07%, 0, 0, 3, 14.57
1747821743, 0, 314, 999, 996, 13, 7.07%, 0, 0, 3, 14.98
1747821748, 0, 317, 999, 996, 13, 7.07%, 0, 0, 3, 15.48
1747821753, 0, 318, 999, 996, 13, 7.07%, 0, 0, 3, 15.06
1747821758, 0, 323, 999, 996, 13, 7.07%, 0, 0, 3, 15.39
1747821763, 0, 324, 999, 996, 13, 7.07%, 0, 0, 3, 15.07
1747821769, 0, 324, 1000, 997, 13, 7.07%, 0, 0, 3, 14.42
1747821774, 0, 326, 1000, 997, 13, 7.07%, 0, 0, 3, 15.11
1747821779, 0, 327, 1000, 997, 13, 7.07%, 0, 0, 3, 15.31
1747821784, 0, 329, 1000, 997, 13, 7.07%, 0, 0, 3, 15.00
1747821789, 0, 330, 1000, 997, 13, 7.07%, 0, 0, 3, 14.78
1747821794, 0, 332, 1000, 997, 13, 7.07%, 0, 0, 3, 14.15
1747821799, 0, 334, 1000, 997, 13, 7.07%, 0, 0, 3, 14.43
1747821804, 0, 334, 1001, 998, 13, 7.07%, 0, 0, 3, 14.36
1747821809, 0, 336, 1001, 998, 13, 7.07%, 0, 0, 3, 14.50
1747821814, 0, 337, 1001, 998, 13, 7.07%, 0, 0, 3, 14.97
1747821820, 0, 341, 1001, 998, 13, 7.07%, 0, 0, 3, 15.29
1747821825, 0, 342, 1001, 998, 13, 7.07%, 0, 0, 3, 14.93
1747821830, 0, 344, 1001, 998, 13, 7.07%, 0, 0, 3, 14.98
1747821835, 0, 346, 1001, 998, 13, 7.07%, 0, 0, 3, 15.72
1747821840, 0, 348, 1001, 998, 13, 7.07%, 0, 0, 3, 15.12
1747821845, 0, 350, 1001, 998, 13, 7.07%, 0, 0, 3, 15.18
1747821850, 0, 351, 1001, 998, 13, 7.07%, 0, 0, 3, 15.11
1747821855, 0, 354, 1001, 998, 13, 7.07%, 0, 0, 3, 14.93
1747821861, 0, 355, 1001, 998, 13, 7.07%, 0, 0, 3, 14.70
1747821866, 0, 357, 1001, 998, 13, 7.07%, 0, 0, 3, 14.91
1747821871, 0, 359, 1001, 998, 13, 7.07%, 0, 0, 3, 14.92
1747821876, 0, 361, 1001, 998, 13, 7.07%, 0, 0, 3, 14.62
1747821881, 0, 363, 1001, 998, 13, 7.07%, 0, 0, 3, 14.82
1747821886, 0, 365, 1001, 998, 13, 7.07%, 0, 0, 3, 15.01
1747821891, 0, 366, 1001, 998, 13, 7.07%, 0, 0, 3, 15.04
1747821896, 0, 368, 1001, 998, 13, 7.07%, 0, 0, 3, 14.78
1747821901, 0, 369, 1001, 998, 13, 7.07%, 0, 0, 3, 14.91
1747821906, 0, 371, 1001, 998, 13, 7.07%, 0, 0, 3, 15.19
1747821912, 0, 373, 1001, 998, 13, 7.07%, 0, 0, 3, 16.28
1747821917, 0, 376, 1001, 998, 13, 7.07%, 0, 0, 3, 15.84
1747821922, 0, 377, 1001, 998, 13, 7.07%, 0, 0, 3, 15.57
1747821927, 0, 379, 1001, 998, 13, 7.07%, 0, 0, 3, 15.51
1747821932, 0, 380, 1001, 998, 13, 7.07%, 0, 0, 3, 15.06
1747821937, 0, 382, 1001, 998, 13, 7.07%, 0, 0, 3, 14.90
1747821943, 0, 382, 1002, 999, 13, 7.07%, 0, 0, 3, 14.79
1747821948, 0, 384, 1002, 999, 13, 7.07%, 0, 0, 3, 14.27
1747821953, 0, 386, 1002, 999, 13, 7.07%, 0, 0, 3, 14.84
1747821958, 0, 387, 1003, 1000, 13, 7.07%, 0, 0, 3, 16.22
1747821963, 0, 388, 1003, 1000, 13, 7.07%, 0, 0, 3, 16.08
1747821968, 0, 390, 1003, 1000, 13, 7.07%, 0, 0, 3, 15.52
1747821973, 0, 391, 1003, 1000, 13, 7.07%, 0, 0, 3, 14.62
1747821979, 0, 393, 1003, 1000, 13, 7.07%, 0, 0, 3, 14.98
1747821984, 0, 394, 1003, 1000, 13, 7.07%, 0, 0, 3, 15.19
1747821989, 0, 396, 1003, 1000, 13, 7.07%, 0, 0, 3, 14.79
1747821994, 0, 397, 1003, 1000, 13, 7.07%, 0, 0, 3, 14.41
1747821999, 0, 399, 1003, 1000, 13, 7.07%, 0, 0, 3, 15.15
1747822004, 0, 401, 1003, 1000, 13, 7.07%, 0, 0, 3, 15.67
1747822010, 0, 405, 1003, 1000, 13, 7.07%, 0, 0, 3, 14.98
1747822015, 0, 408, 1003, 1000, 13, 7.07%, 0, 0, 3, 15.31
1747822020, 0, 409, 1003, 1000, 13, 7.07%, 0, 0, 3, 14.97
1747822025, 0, 412, 1003, 1000, 13, 7.07%, 0, 0, 3, 15.24
1747822030, 0, 415, 1003, 1000, 13, 7.07%, 0, 0, 3, 15.50
1747822035, 0, 417, 1003, 1000, 13, 7.07%, 0, 0, 3, 15.20
1747822040, 0, 417, 1004, 1001, 13, 7.07%, 0, 0, 3, 14.60
1747822045, 0, 418, 1004, 1001, 13, 7.07%, 0, 0, 3, 14.21
1747822051, 0, 423, 1004, 1001, 13, 7.07%, 0, 0, 3, 14.55
1747822056, 0, 424, 1004, 1001, 13, 7.07%, 0, 0, 3, 15.08
1747822061, 0, 426, 1004, 1001, 13, 7.07%, 0, 0, 3, 15.34
1747822066, 0, 427, 1005, 1002, 13, 7.07%, 0, 0, 3, 16.28
1747822071, 0, 429, 1005, 1002, 13, 7.07%, 0, 0, 3, 16.07
1747822076, 0, 430, 1005, 1002, 13, 7.07%, 0, 0, 3, 15.09
1747822081, 0, 432, 1006, 1003, 13, 7.07%, 0, 0, 3, 15.40
1747822087, 0, 433, 1006, 1003, 13, 7.07%, 0, 0, 3, 17.06
1747822092, 0, 434, 1006, 1003, 13, 7.07%, 0, 0, 3, 15.56
1747822097, 0, 436, 1006, 1003, 13, 7.07%, 0, 0, 3, 14.90
1747822102, 0, 437, 1006, 1003, 13, 7.07%, 0, 0, 3, 14.83
1747822107, 0, 439, 1006, 1003, 13, 7.07%, 0, 0, 3, 14.73
1747822112, 0, 439, 1008, 1005, 13, 7.08%, 0, 0, 3, 14.09
1747822117, 0, 439, 1009, 1006, 13, 7.11%, 0, 0, 3, 14.25
1747822123, 0, 439, 1010, 1007, 13, 7.11%, 0, 0, 3, 14.07
1747822128, 0, 439, 1012, 1009, 13, 7.11%, 0, 0, 3, 13.41
1747822133, 0, 439, 1013, 1010, 13, 7.11%, 0, 0, 3, 14.16
1747822138, 0, 439, 1015, 1012, 13, 7.11%, 0, 0, 3, 13.82
1747822143, 0, 439, 1016, 1013, 13, 7.11%, 0, 0, 3, 13.67
1747822148, 0, 439, 1017, 1014, 13, 7.11%, 0, 0, 3, 14.29
1747822158, 0, 439, 1018, 1015, 13, 7.11%, 0, 0, 3, 14.02
1747822168, 0, 439, 1019, 1016, 13, 7.11%, 0, 0, 3, 14.17
1747822174, 0, 439, 1020, 1017, 13, 7.11%, 0, 0, 3, 14.56
1747822179, 0, 439, 1022, 1019, 13, 7.11%, 0, 0, 3, 13.84
1747822184, 0, 439, 1024, 1021, 13, 7.11%, 0, 0, 3, 13.89
1747822194, 0, 439, 1027, 1024, 13, 7.12%, 0, 0, 3, 13.62
1747822225, 0, 439, 1029, 1026, 13, 7.12%, 0, 0, 3, 14.37
1747822230, 0, 439, 1030, 1027, 13, 7.13%, 0, 0, 3, 14.08
1747822240, 0, 441, 1030, 1027, 17, 7.13%, 0, 0, 3, 14.84
1747822245, 0, 443, 1030, 1027, 17, 7.13%, 0, 0, 3, 15.28
1747822250, 0, 445, 1030, 1027, 17, 7.13%, 0, 0, 3, 15.07
1747822255, 0, 447, 1030, 1027, 17, 7.13%, 0, 0, 3, 14.97
1747822260, 0, 449, 1030, 1027, 17, 7.13%, 0, 0, 3, 14.84
1747822265, 0, 450, 1030, 1027, 17, 7.13%, 0, 0, 3, 15.04
1747822270, 0, 452, 1031, 1028, 17, 7.13%, 0, 0, 3, 15.28
1747822281, 0, 454, 1031, 1028, 17, 7.13%, 0, 0, 3, 14.40
1747822286, 0, 456, 1031, 1028, 17, 7.13%, 0, 0, 3, 14.85
1747822291, 0, 458, 1031, 1028, 17, 7.13%, 0, 0, 3, 14.68
1747822296, 0, 458, 1032, 1029, 17, 7.13%, 0, 0, 3, 14.36
1747822301, 0, 460, 1032, 1029, 17, 7.13%, 0, 0, 3, 14.63
1747822306, 0, 463, 1032, 1029, 17, 7.13%, 0, 0, 3, 14.98
1747822311, 0, 464, 1032, 1029, 17, 7.13%, 0, 0, 3, 15.37
1747822317, 0, 467, 1033, 1030, 17, 7.13%, 0, 0, 3, 14.40
1747822322, 0, 467, 1034, 1031, 17, 7.13%, 0, 0, 3, 14.52
1747822332, 0, 468, 1034, 1031, 17, 7.13%, 0, 0, 3, 15.12
1747822337, 0, 469, 1034, 1031, 17, 7.13%, 0, 0, 3, 15.06
1747822342, 0, 471, 1034, 1031, 17, 7.13%, 0, 0, 3, 14.86
1747822347, 0, 471, 1035, 1032, 17, 7.13%, 0, 0, 3, 14.82
1747822352, 0, 473, 1035, 1032, 17, 7.13%, 0, 0, 3, 15.33
1747822357, 0, 475, 1035, 1032, 17, 7.13%, 0, 0, 3, 15.23
1747822363, 0, 479, 1035, 1032, 17, 7.13%, 0, 0, 3, 14.92
1747822368, 0, 481, 1035, 1032, 17, 7.13%, 0, 0, 3, 14.79
1747822373, 0, 482, 1036, 1033, 17, 7.13%, 0, 0, 3, 15.13
1747822378, 0, 483, 1036, 1033, 17, 7.13%, 0, 0, 3, 14.78
1747822383, 0, 485, 1036, 1033, 17, 7.13%, 0, 0, 3, 15.15
1747822388, 0, 486, 1037, 1034, 17, 7.13%, 0, 0, 3, 13.91
1747822398, 0, 488, 1038, 1035, 17, 7.14%, 0, 0, 3, 14.05
1747822404, 0, 489, 1038, 1035, 17, 7.14%, 0, 0, 3, 17.05
1747824347, 0, 491, 1038, 1034, 17, 7.14%, 0, 0, 3, 17.04
1747824352, 0, 492, 1038, 1034, 17, 7.14%, 0, 0, 3, 15.22
1747824357, 0, 496, 1038, 1034, 17, 7.14%, 0, 0, 3, 14.81
1747824363, 0, 496, 1041, 1037, 17, 7.20%, 0, 0, 3, 13.84
1747824373, 0, 496, 1042, 1038, 17, 7.20%, 0, 0, 3, 14.47
1747824378, 0, 496, 1043, 1039, 17, 7.20%, 0, 0, 3, 14.23
1747824383, 0, 496, 1045, 1041, 17, 7.20%, 0, 0, 3, 13.92
1747824388, 0, 496, 1046, 1042, 17, 7.23%, 0, 0, 3, 14.29
1747824393, 0, 496, 1047, 1043, 17, 7.23%, 0, 0, 3, 14.52
1747824409, 0, 496, 1048, 1044, 17, 7.23%, 0, 0, 3, 14.87
1747824414, 0, 496, 1049, 1045, 17, 7.23%, 0, 0, 3, 14.33
1747824419, 0, 496, 1050, 1046, 17, 7.23%, 0, 0, 3, 14.36
1747824440, 0, 496, 1051, 1047, 17, 7.23%, 0, 0, 3, 14.32
1747824465, 0, 496, 1052, 1048, 17, 7.23%, 0, 0, 3, 14.42
1747824470, 0, 496, 1053, 1049, 17, 7.23%, 0, 0, 3, 14.28
1747824475, 0, 496, 1054, 1050, 17, 7.23%, 0, 0, 3, 14.19
1747824481, 0, 497, 1056, 1052, 19, 7.26%, 0, 0, 3, 13.79
1747824496, 0, 498, 1056, 1052, 20, 7.26%, 0, 0, 3, 15.06
1747824501, 0, 498, 1057, 1053, 20, 7.26%, 0, 0, 3, 13.89
1747824506, 0, 499, 1059, 1055, 20, 7.26%, 0, 0, 3, 13.05
1747824511, 0, 499, 1060, 1056, 20, 7.26%, 0, 0, 3, 13.57
1747824521, 0, 499, 1062, 1058, 20, 7.26%, 0, 0, 3, 13.74
1747824526, 0, 499, 1063, 1059, 20, 7.26%, 0, 0, 3, 13.83
1747824531, 0, 499, 1064, 1060, 20, 7.26%, 0, 0, 3, 14.23
1747824542, 0, 499, 1065, 1061, 20, 7.26%, 0, 0, 3, 14.22
1747824552, 0, 499, 1066, 1062, 20, 7.26%, 0, 0, 3, 13.93
1747824562, 0, 499, 1067, 1063, 20, 7.27%, 0, 0, 3, 14.33
1747824578, 0, 499, 1068, 1064, 20, 7.27%, 0, 0, 3, 13.99
1747824598, 0, 499, 1069, 1065, 20, 7.27%, 0, 0, 3, 14.60
1747824608, 0, 499, 1070, 1066, 20, 7.27%, 0, 0, 3, 13.87
1747824618, 0, 499, 1071, 1067, 20, 7.27%, 0, 0, 3, 14.28
1747824624, 0, 500, 1071, 1067, 19, 7.27%, 0, 0, 3, 14.65
1747824629, 0, 501, 1071, 1067, 19, 7.27%, 0, 0, 3, 14.74
1747824634, 0, 503, 1071, 1067, 19, 7.27%, 0, 0, 3, 14.82
1747824639, 0, 505, 1072, 1068, 19, 7.27%, 0, 0, 3, 13.43
1747824644, 0, 505, 1073, 1069, 19, 7.27%, 0, 0, 3, 13.46
1747824649, 0, 505, 1075, 1071, 19, 7.27%, 0, 0, 3, 13.64
1747824654, 0, 505, 1077, 1073, 19, 7.28%, 0, 0, 3, 13.48
1747824659, 0, 505, 1078, 1074, 19, 7.28%, 0, 0, 3, 13.76
1747824670, 0, 505, 1079, 1075, 19, 7.28%, 0, 0, 3, 14.32
1747824675, 0, 505, 1080, 1076, 19, 7.28%, 0, 0, 3, 14.09
1747824690, 0, 505, 1081, 1077, 19, 7.28%, 0, 0, 3, 13.73
1747824721, 0, 505, 1082, 1078, 19, 7.29%, 0, 0, 3, 14.85
1747824741, 0, 505, 1083, 1079, 19, 7.29%, 0, 0, 3, 14.43
1747824746, 0, 505, 1084, 1080, 19, 7.29%, 0, 0, 3, 13.07
1747824761, 0, 507, 1084, 1080, 22, 7.29%, 0, 0, 3, 13.73
1747824766, 0, 509, 1084, 1080, 22, 7.29%, 0, 0, 3, 14.78
1747824771, 0, 510, 1084, 1080, 22, 7.29%, 0, 0, 3, 14.82
1747824776, 0, 512, 1084, 1080, 22, 7.29%, 0, 0, 3, 14.89
1747824782, 0, 513, 1084, 1080, 22, 7.29%, 0, 0, 3, 14.94
1747824787, 0, 514, 1085, 1081, 22, 7.29%, 0, 0, 3, 13.65
1747824792, 0, 515, 1085, 1081, 22, 7.29%, 0, 0, 3, 14.65
1747824797, 0, 516, 1085, 1081, 22, 7.29%, 0, 0, 3, 14.36
1747824802, 0, 518, 1085, 1081, 22, 7.29%, 0, 0, 3, 14.34
1747824807, 0, 519, 1085, 1081, 22, 7.29%, 0, 0, 3, 14.75
1747824812, 0, 521, 1085, 1081, 22, 7.29%, 0, 0, 3, 14.88
1747824818, 0, 522, 1085, 1081, 22, 7.29%, 0, 0, 3, 14.46
1747824823, 0, 524, 1085, 1081, 22, 7.29%, 0, 0, 3, 14.48
1747824828, 0, 525, 1085, 1081, 22, 7.29%, 0, 0, 3, 14.60
1747824833, 0, 527, 1085, 1081, 22, 7.29%, 0, 0, 3, 14.85
1747824838, 0, 528, 1085, 1081, 22, 7.29%, 0, 0, 3, 15.00
1747824843, 0, 531, 1085, 1081, 22, 7.29%, 0, 0, 3, 15.15
1747824848, 0, 532, 1085, 1081, 22, 7.29%, 0, 0, 3, 14.79
1747824854, 0, 533, 1086, 1082, 22, 7.29%, 0, 0, 3, 13.86
1747824859, 0, 533, 1087, 1083, 22, 7.29%, 0, 0, 3, 13.82
1747824869, 0, 535, 1087, 1083, 22, 7.29%, 0, 0, 3, 14.70
1747824874, 0, 536, 1087, 1083, 22, 7.29%, 0, 0, 3, 14.89
1747824879, 0, 538, 1087, 1083, 22, 7.29%, 0, 0, 3, 14.92
1747824884, 0, 540, 1087, 1083, 22, 7.29%, 0, 0, 3, 15.43
1747824889, 0, 544, 1087, 1083, 22, 7.29%, 0, 0, 3, 14.93
1747824895, 0, 545, 1087, 1083, 22, 7.29%, 0, 0, 3, 14.48
1747824900, 0, 547, 1087, 1083, 22, 7.29%, 0, 0, 3, 14.01
1747824905, 0, 548, 1087, 1083, 22, 7.29%, 0, 0, 3, 14.23
1747824910, 0, 551, 1087, 1083, 22, 7.29%, 0, 0, 3, 14.95
1747824915, 0, 554, 1087, 1083, 22, 7.29%, 0, 0, 3, 14.82
1747824920, 0, 557, 1087, 1083, 22, 7.29%, 0, 0, 3, 14.70
1747824926, 0, 559, 1088, 1084, 22, 7.29%, 0, 0, 3, 13.44
1747824931, 0, 559, 1091, 1087, 22, 7.29%, 0, 0, 3, 12.16
1747824946, 0, 559, 1094, 1090, 22, 7.29%, 0, 0, 3, 12.39
1747824966, 0, 559, 1095, 1091, 22, 7.29%, 0, 0, 3, 13.33
1747824971, 0, 559, 1096, 1092, 22, 7.29%, 0, 0, 3, 13.60
1747824977, 0, 559, 1097, 1093, 22, 7.29%, 0, 0, 3, 13.66
1747824982, 0, 559, 1098, 1094, 22, 7.29%, 0, 0, 3, 14.31
1747824992, 0, 559, 1099, 1095, 22, 7.29%, 0, 0, 3, 13.09
1747825022, 0, 559, 1100, 1096, 22, 7.29%, 0, 0, 3, 13.68
1747825038, 0, 559, 1101, 1097, 22, 7.29%, 0, 0, 3, 13.42
1747825048, 0, 559, 1102, 1098, 22, 7.32%, 0, 0, 3, 13.58
1747825053, 0, 560, 1102, 1098, 22, 7.32%, 0, 0, 3, 14.00
1747825058, 0, 563, 1102, 1098, 22, 7.32%, 0, 0, 3, 14.29
1747825063, 0, 563, 1104, 1100, 22, 7.32%, 0, 0, 3, 13.44
1747825068, 0, 563, 1105, 1101, 22, 7.32%, 0, 0, 3, 12.81
1747825088, 0, 564, 1106, 1102, 22, 7.32%, 0, 0, 3, 13.34
1747825098, 0, 566, 1106, 1102, 22, 7.32%, 0, 0, 3, 14.00
1747825103, 0, 567, 1106, 1102, 22, 7.32%, 0, 0, 3, 14.91
1747825108, 0, 570, 1106, 1102, 22, 7.32%, 0, 0, 3, 15.04
1747825114, 0, 571, 1106, 1102, 22, 7.32%, 0, 0, 3, 14.90
1747825119, 0, 573, 1106, 1102, 22, 7.32%, 0, 0, 3, 15.00
1747825124, 0, 574, 1106, 1102, 22, 7.32%, 0, 0, 3, 14.82
1747825129, 0, 576, 1106, 1102, 22, 7.32%, 0, 0, 3, 14.98
1747825134, 0, 577, 1107, 1103, 22, 7.32%, 0, 0, 3, 13.85
1747825144, 0, 579, 1107, 1103, 22, 7.32%, 0, 0, 3, 14.24
1747825149, 0, 580, 1107, 1103, 22, 7.32%, 0, 0, 3, 14.69
1747825155, 0, 580, 1109, 1105, 22, 7.32%, 0, 0, 3, 14.06
1747825165, 0, 582, 1109, 1105, 22, 7.32%, 0, 0, 3, 14.95
1747825170, 0, 586, 1109, 1105, 22, 7.32%, 0, 0, 3, 15.01
1747825175, 0, 586, 1110, 1106, 22, 7.32%, 0, 0, 3, 14.63
1747825180, 0, 587, 1110, 1106, 22, 7.32%, 0, 0, 3, 15.45
1747825185, 0, 589, 1111, 1107, 22, 7.32%, 0, 0, 3, 14.69
1747825195, 0, 591, 1111, 1107, 22, 7.32%, 0, 0, 3, 14.97
1747825200, 0, 591, 1112, 1108, 22, 7.32%, 0, 0, 3, 12.98
1747825205, 0, 592, 1112, 1108, 22, 7.32%, 0, 0, 3, 13.68
1747825211, 0, 593, 1112, 1108, 22, 7.32%, 0, 0, 3, 13.40
1747825216, 0, 595, 1112, 1108, 22, 7.32%, 0, 0, 3, 14.67
1747825221, 0, 596, 1112, 1108, 22, 7.32%, 0, 0, 3, 13.93
1747825226, 0, 597, 1113, 1109, 22, 7.32%, 0, 0, 3, 14.12
1747825231, 0, 598, 1113, 1109, 22, 7.32%, 0, 0, 3, 14.91
1747825236, 0, 600, 1113, 1109, 22, 7.32%, 0, 0, 3, 14.55
1747825242, 0, 600, 1114, 1110, 22, 7.32%, 0, 0, 3, 13.80
1747825247, 0, 601, 1114, 1110, 22, 7.32%, 0, 0, 3, 14.10
1747825252, 0, 602, 1115, 1111, 22, 7.32%, 0, 0, 3, 13.62
1747825257, 0, 603, 1115, 1111, 22, 7.32%, 0, 0, 3, 14.37
1747825262, 0, 606, 1115, 1111, 22, 7.32%, 0, 0, 3, 14.25
1747825267, 0, 609, 1115, 1111, 22, 7.32%, 0, 0, 3, 14.45
1747825272, 0, 611, 1115, 1111, 22, 7.32%, 0, 0, 3, 14.70
1747825277, 0, 613, 1115, 1111, 22, 7.32%, 0, 0, 3, 14.31
1747825283, 0, 616, 1115, 1111, 22, 7.32%, 0, 0, 3, 14.66
1747825288, 0, 619, 1115, 1111, 22, 7.32%, 0, 0, 3, 14.87
1747825293, 0, 620, 1115, 1111, 22, 7.32%, 0, 0, 3, 14.18
1747825298, 0, 622, 1115, 1111, 22, 7.32%, 0, 0, 3, 14.18
1747825303, 0, 624, 1115, 1111, 22, 7.32%, 0, 0, 3, 14.18
1747825308, 0, 625, 1115, 1111, 22, 7.32%, 0, 0, 3, 13.84
1747825313, 0, 625, 1117, 1113, 22, 7.32%, 0, 0, 3, 12.84
1747825324, 0, 626, 1117, 1113, 22, 7.32%, 0, 0, 3, 14.58
1747825329, 0, 628, 1117, 1113, 22, 7.32%, 0, 0, 3, 15.03
1747825334, 0, 630, 1117, 1113, 22, 7.32%, 0, 0, 3, 14.56
1747825339, 0, 634, 1117, 1113, 22, 7.32%, 0, 0, 3, 14.07
1747825344, 0, 635, 1117, 1113, 22, 7.32%, 0, 0, 3, 13.84
1747825349, 0, 636, 1118, 1114, 22, 7.32%, 0, 0, 3, 12.72
1747825359, 0, 638, 1118, 1114, 22, 7.32%, 0, 0, 3, 14.44
1747825364, 0, 641, 1118, 1114, 22, 7.32%, 0, 0, 3, 14.36
1747825370, 0, 643, 1118, 1114, 22, 7.32%, 0, 0, 3, 15.12
1747825375, 0, 645, 1118, 1114, 22, 7.32%, 0, 0, 3, 14.09
1747825380, 0, 648, 1118, 1114, 22, 7.32%, 0, 0, 3, 14.36
1747825385, 0, 649, 1118, 1114, 22, 7.32%, 0, 0, 3, 14.46
1747825390, 0, 651, 1118, 1114, 22, 7.32%, 0, 0, 3, 14.33
1747825395, 0, 652, 1118, 1114, 22, 7.32%, 0, 0, 3, 14.94
1747825400, 0, 653, 1118, 1114, 22, 7.32%, 0, 0, 3, 13.79
1747825405, 0, 656, 1118, 1114, 22, 7.32%, 0, 0, 3, 14.40
1747825410, 0, 658, 1119, 1115, 22, 7.32%, 0, 0, 3, 13.39
1747825416, 0, 660, 1119, 1115, 22, 7.32%, 0, 0, 3, 14.82
1747825421, 0, 661, 1119, 1115, 22, 7.32%, 0, 0, 3, 14.63
1747825426, 0, 663, 1119, 1115, 22, 7.32%, 0, 0, 3, 14.06
1747825431, 0, 664, 1119, 1115, 22, 7.32%, 0, 0, 3, 14.68
1747825436, 0, 666, 1119, 1115, 22, 7.32%, 0, 0, 3, 18.17
1747828106, 0, 667, 1119, 1114, 22, 7.32%, 0, 0, 3, 16.12
1747828111, 0, 669, 1119, 1114, 22, 7.32%, 0, 0, 3, 15.46
1747828116, 0, 670, 1119, 1114, 22, 7.32%, 0, 0, 3, 14.73
1747828122, 0, 671, 1120, 1115, 22, 7.32%, 0, 0, 3, 14.34
1747828127, 0, 672, 1120, 1115, 22, 7.32%, 0, 0, 3, 15.20
1747828132, 0, 673, 1120, 1115, 22, 7.32%, 0, 0, 3, 13.72
1747828137, 0, 676, 1120, 1115, 22, 7.32%, 0, 0, 3, 14.67
1747828142, 0, 678, 1121, 1116, 22, 7.32%, 0, 0, 3, 14.37
1747828147, 0, 679, 1121, 1116, 22, 7.32%, 0, 0, 3, 14.77
1747828152, 0, 680, 1121, 1116, 22, 7.32%, 0, 0, 3, 14.89
1747828158, 0, 683, 1121, 1116, 22, 7.32%, 0, 0, 3, 14.90
1747828163, 0, 684, 1121, 1116, 22, 7.32%, 0, 0, 3, 14.79
1747828168, 0, 688, 1121, 1116, 22, 7.32%, 0, 0, 3, 14.69
1747828173, 0, 689, 1121, 1116, 22, 7.32%, 0, 0, 3, 14.52
1747828178, 0, 690, 1121, 1116, 22, 7.32%, 0, 0, 3, 13.95
1747828183, 0, 692, 1121, 1116, 22, 7.32%, 0, 0, 3, 14.47
1747828188, 0, 693, 1121, 1116, 22, 7.32%, 0, 0, 3, 14.04
1747828193, 0, 695, 1121, 1116, 22, 7.32%, 0, 0, 3, 14.14
1747828198, 0, 696, 1121, 1116, 22, 7.32%, 0, 0, 3, 14.32
1747828204, 0, 699, 1121, 1116, 22, 7.32%, 0, 0, 3, 14.49
1747828209, 0, 700, 1121, 1116, 22, 7.32%, 0, 0, 3, 15.03
1747828214, 0, 702, 1121, 1116, 22, 7.32%, 0, 0, 3, 15.18
1747828219, 0, 703, 1121, 1116, 22, 7.32%, 0, 0, 3, 15.12
1747828224, 0, 705, 1121, 1116, 22, 7.32%, 0, 0, 3, 14.64
1747828229, 0, 706, 1121, 1116, 22, 7.32%, 0, 0, 3, 14.73
1747828234, 0, 708, 1121, 1116, 22, 7.32%, 0, 0, 3, 14.41
1747828239, 0, 709, 1121, 1116, 22, 7.32%, 0, 0, 3, 14.98
1747828244, 0, 711, 1121, 1116, 22, 7.32%, 0, 0, 3, 15.43
1747828249, 0, 712, 1121, 1116, 22, 7.32%, 0, 0, 3, 15.02
1747828255, 0, 714, 1121, 1116, 22, 7.32%, 0, 0, 3, 15.11
1747828260, 0, 715, 1121, 1116, 22, 7.32%, 0, 0, 3, 14.39
1747828265, 0, 716, 1121, 1116, 22, 7.32%, 0, 0, 3, 13.88
1747828270, 0, 720, 1121, 1116, 22, 7.32%, 0, 0, 3, 14.63
1747828275, 0, 721, 1121, 1116, 22, 7.32%, 0, 0, 3, 15.14
1747828280, 0, 726, 1121, 1116, 22, 7.32%, 0, 0, 3, 14.18
1747828285, 0, 727, 1121, 1116, 22, 7.32%, 0, 0, 3, 14.51
1747828290, 0, 729, 1121, 1116, 22, 7.32%, 0, 0, 3, 13.57
1747828295, 0, 730, 1121, 1116, 22, 7.32%, 0, 0, 3, 14.71
1747828301, 0, 731, 1121, 1116, 22, 7.32%, 0, 0, 3, 14.46
1747828306, 0, 733, 1121, 1116, 22, 7.32%, 0, 0, 3, 14.99
1747828311, 0, 734, 1121, 1116, 22, 7.32%, 0, 0, 3, 14.40
1747828316, 0, 737, 1121, 1116, 22, 7.32%, 0, 0, 3, 14.63
1747828321, 0, 740, 1121, 1116, 22, 7.32%, 0, 0, 3, 14.15
1747828326, 0, 742, 1121, 1116, 22, 7.32%, 0, 0, 3, 14.55
1747828331, 0, 744, 1121, 1116, 22, 7.32%, 0, 0, 3, 13.76
1747828336, 0, 747, 1121, 1116, 22, 7.32%, 0, 0, 3, 13.73
1747828341, 0, 748, 1121, 1116, 22, 7.32%, 0, 0, 3, 13.82
1747828347, 0, 749, 1121, 1116, 22, 7.32%, 0, 0, 3, 15.14
1747828352, 0, 751, 1121, 1116, 22, 7.32%, 0, 0, 3, 14.29
1747828357, 0, 752, 1121, 1116, 22, 7.32%, 0, 0, 3, 14.54
1747828362, 0, 754, 1121, 1116, 22, 7.32%, 0, 0, 3, 14.67
1747828367, 0, 755, 1122, 1117, 22, 7.32%, 0, 0, 3, 14.83
1747828377, 0, 757, 1122, 1117, 22, 7.32%, 0, 0, 3, 15.11
1747828382, 0, 759, 1122, 1117, 22, 7.32%, 0, 0, 3, 15.15
1747828387, 0, 762, 1122, 1117, 22, 7.32%, 0, 0, 3, 14.63
1747828393, 0, 763, 1122, 1117, 22, 7.32%, 0, 0, 3, 13.87
1747828398, 0, 765, 1122, 1117, 22, 7.32%, 0, 0, 3, 14.44
1747828403, 0, 766, 1122, 1117, 22, 7.32%, 0, 0, 3, 14.51
1747828408, 0, 768, 1122, 1117, 22, 7.32%, 0, 0, 3, 14.95
1747828413, 0, 769, 1122, 1117, 22, 7.32%, 0, 0, 3, 14.67
1747828418, 0, 772, 1122, 1117, 22, 7.32%, 0, 0, 3, 14.06
1747828423, 0, 773, 1122, 1117, 22, 7.32%, 0, 0, 3, 14.86
1747828429, 0, 773, 1123, 1118, 22, 7.32%, 0, 0, 3, 14.73
1747828434, 0, 775, 1123, 1118, 22, 7.32%, 0, 0, 3, 14.48
1747828439, 0, 776, 1123, 1118, 22, 7.32%, 0, 0, 3, 14.22
1747828444, 0, 778, 1123, 1118, 22, 7.32%, 0, 0, 3, 14.38
1747828449, 0, 779, 1124, 1119, 22, 7.32%, 0, 0, 3, 14.33
1747828459, 0, 782, 1124, 1119, 22, 7.32%, 0, 0, 3, 14.12
1747828464, 0, 783, 1124, 1119, 22, 7.32%, 0, 0, 3, 14.75
1747828470, 0, 785, 1124, 1119, 22, 7.32%, 0, 0, 3, 14.05
1747828475, 0, 787, 1124, 1119, 22, 7.32%, 0, 0, 3, 13.97
1747828480, 0, 790, 1124, 1119, 22, 7.32%, 0, 0, 3, 14.42
1747828485, 0, 791, 1124, 1119, 22, 7.32%, 0, 0, 3, 13.78
1747828490, 0, 792, 1124, 1119, 22, 7.32%, 0, 0, 3, 14.56
1747828495, 0, 794, 1124, 1119, 22, 7.32%, 0, 0, 3, 13.94
1747828500, 0, 795, 1124, 1119, 22, 7.32%, 0, 0, 3, 14.35
1747828505, 0, 797, 1124, 1119, 22, 7.32%, 0, 0, 3, 14.19
1747828510, 0, 798, 1124, 1119, 22, 7.32%, 0, 0, 3, 14.00
1747828516, 0, 800, 1124, 1119, 22, 7.32%, 0, 0, 3, 14.85
1747828521, 0, 802, 1124, 1119, 22, 7.32%, 0, 0, 3, 14.21
1747828526, 0, 804, 1124, 1119, 22, 7.32%, 0, 0, 3, 14.84
1747828531, 0, 805, 1124, 1119, 22, 7.32%, 0, 0, 3, 15.22
1747828536, 0, 807, 1124, 1119, 22, 7.32%, 0, 0, 3, 14.02
1747828541, 0, 809, 1124, 1119, 22, 7.32%, 0, 0, 3, 14.43
1747828546, 0, 810, 1124, 1119, 22, 7.32%, 0, 0, 3, 14.08
1747828552, 0, 814, 1124, 1119, 22, 7.32%, 0, 0, 3, 14.48
1747828557, 0, 815, 1124, 1119, 22, 7.32%, 0, 0, 3, 15.04
1747828562, 0, 818, 1124, 1119, 22, 7.32%, 0, 0, 3, 14.18
1747828567, 0, 819, 1124, 1119, 22, 7.32%, 0, 0, 3, 15.29
1747828572, 0, 822, 1124, 1119, 22, 7.32%, 0, 0, 3, 14.35
1747828577, 0, 823, 1124, 1119, 22, 7.32%, 0, 0, 3, 14.28
1747828582, 0, 825, 1124, 1119, 22, 7.32%, 0, 0, 3, 14.28
1747828587, 0, 827, 1124, 1119, 22, 7.32%, 0, 0, 3, 14.76
1747828592, 0, 830, 1124, 1119, 22, 7.32%, 0, 0, 3, 14.36
1747828597, 0, 831, 1124, 1119, 22, 7.32%, 0, 0, 3, 14.18
1747828603, 0, 832, 1124, 1119, 22, 7.32%, 0, 0, 3, 14.37
1747828608, 0, 834, 1124, 1119, 22, 7.32%, 0, 0, 3, 14.57
1747828613, 0, 835, 1124, 1119, 22, 7.32%, 0, 0, 3, 15.23
1747828618, 0, 839, 1124, 1119, 22, 7.32%, 0, 0, 3, 15.27
1747828623, 0, 841, 1124, 1119, 22, 7.32%, 0, 0, 3, 14.19
1747828628, 0, 843, 1124, 1119, 22, 7.32%, 0, 0, 3, 14.32
1747828633, 0, 844, 1124, 1119, 22, 7.32%, 0, 0, 3, 14.84
1747828639, 0, 848, 1124, 1119, 22, 7.32%, 0, 0, 3, 14.69
1747828644, 0, 849, 1124, 1119, 22, 7.32%, 0, 0, 3, 14.44
1747828649, 0, 851, 1124, 1119, 22, 7.32%, 0, 0, 3, 15.13
1747828654, 0, 852, 1124, 1119, 22, 7.32%, 0, 0, 3, 14.16
1747828659, 0, 855, 1124, 1119, 22, 7.32%, 0, 0, 3, 14.34
1747828664, 0, 856, 1124, 1119, 22, 7.32%, 0, 0, 3, 14.45
1747828669, 0, 857, 1124, 1119, 22, 7.32%, 0, 0, 3, 14.40
1747828674, 0, 860, 1124, 1119, 22, 7.32%, 0, 0, 3, 13.86
1747828679, 0, 863, 1124, 1119, 22, 7.32%, 0, 0, 3, 14.08
1747828684, 0, 866, 1124, 1119, 22, 7.32%, 0, 0, 3, 14.89
1747828689, 0, 867, 1124, 1119, 22, 7.32%, 0, 0, 3, 13.88
1747828695, 0, 868, 1124, 1119, 22, 7.32%, 0, 0, 3, 14.46
1747828700, 0, 871, 1124, 1119, 22, 7.32%, 0, 0, 3, 14.94
1747828705, 0, 873, 1124, 1119, 22, 7.32%, 0, 0, 3, 15.27
1747828710, 0, 874, 1124, 1119, 22, 7.32%, 0, 0, 3, 15.56
1747828715, 0, 876, 1124, 1119, 22, 7.32%, 0, 0, 3, 13.97
1747828720, 0, 877, 1124, 1119, 22, 7.32%, 0, 0, 3, 14.17
1747828726, 0, 878, 1125, 1120, 22, 7.32%, 0, 0, 3, 14.10
1747828731, 0, 879, 1126, 1121, 22, 7.32%, 0, 0, 3, 13.91
1747828741, 0, 879, 1127, 1122, 22, 7.32%, 0, 0, 3, 13.91
1747828751, 0, 881, 1127, 1122, 22, 7.32%, 0, 0, 3, 14.31
1747828756, 0, 884, 1127, 1122, 22, 7.32%, 0, 0, 3, 14.15
1747828761, 0, 886, 1127, 1122, 22, 7.32%, 0, 0, 3, 14.28
1747828767, 0, 887, 1127, 1122, 22, 7.32%, 0, 0, 3, 15.05
1747828772, 0, 890, 1127, 1122, 22, 7.32%, 0, 0, 3, 14.66
1747828777, 0, 891, 1128, 1123, 22, 7.32%, 0, 0, 3, 13.29
1747828787, 0, 893, 1128, 1123, 22, 7.32%, 0, 0, 3, 14.36
1747828792, 0, 894, 1128, 1123, 22, 7.32%, 0, 0, 3, 14.23
1747828797, 0, 896, 1128, 1123, 22, 7.32%, 0, 0, 3, 14.43
1747828802, 0, 897, 1128, 1123, 22, 7.32%, 0, 0, 3, 14.58
1747828807, 0, 898, 1128, 1123, 22, 7.32%, 0, 0, 3, 15.79
1747833197, 0, 901, 1128, 1122, 21, 7.32%, 0, 0, 3, 25.44
1747833202, 0, 903, 1128, 1122, 21, 7.32%, 0, 0, 3, 24.82
1747833207, 0, 907, 1128, 1122, 21, 7.32%, 0, 0, 3, 25.71
1747833212, 0, 909, 1128, 1122, 21, 7.32%, 0, 0, 3, 26.07
1747833218, 0, 913, 1128, 1122, 21, 7.32%, 0, 0, 3, 24.55
1747833223, 0, 915, 1128, 1122, 21, 7.32%, 0, 0, 3, 24.64
1747833228, 0, 920, 1128, 1122, 21, 7.32%, 0, 0, 3, 25.27
1747833233, 0, 922, 1128, 1122, 21, 7.32%, 0, 0, 3, 24.73
1747833238, 0, 926, 1128, 1122, 21, 7.32%, 0, 0, 3, 24.10
1747833243, 0, 928, 1129, 1123, 21, 7.32%, 0, 0, 4, 24.27
1747833248, 0, 929, 1129, 1123, 20, 7.32%, 0, 0, 4, 24.63
1747833253, 0, 933, 1129, 1123, 20, 7.32%, 0, 0, 4, 23.77
1747833258, 0, 935, 1129, 1123, 20, 7.32%, 0, 0, 4, 25.17
1747833264, 0, 940, 1129, 1123, 20, 7.32%, 0, 0, 4, 24.56
1747833269, 0, 943, 1129, 1123, 20, 7.32%, 0, 0, 4, 25.05
1747833274, 0, 946, 1129, 1123, 20, 7.32%, 0, 0, 4, 26.01
1747833279, 0, 948, 1129, 1123, 20, 7.32%, 0, 0, 4, 24.84
1747833284, 0, 952, 1129, 1123, 20, 7.32%, 0, 0, 4, 24.42
1747833289, 0, 955, 1129, 1123, 20, 7.32%, 0, 0, 4, 24.84
1747833294, 0, 958, 1129, 1123, 20, 7.32%, 0, 0, 4, 24.85
1747833299, 0, 960, 1129, 1123, 20, 7.32%, 0, 0, 4, 25.92
1747833305, 0, 965, 1129, 1123, 20, 7.32%, 0, 0, 4, 24.05
1747833310, 0, 968, 1129, 1123, 20, 7.32%, 0, 0, 4, 23.56
1747833315, 0, 972, 1129, 1123, 20, 7.32%, 0, 0, 4, 23.74
1747833320, 0, 976, 1129, 1123, 20, 7.32%, 0, 0, 4, 25.36
1747833325, 0, 978, 1129, 1123, 20, 7.32%, 0, 0, 4, 24.59
1747833330, 0, 983, 1129, 1123, 20, 7.32%, 0, 0, 4, 25.00
1747833335, 0, 984, 1130, 1124, 20, 7.32%, 0, 0, 4, 25.00
1747833340, 0, 987, 1130, 1124, 20, 7.32%, 0, 0, 4, 24.01
1747833345, 0, 989, 1130, 1124, 20, 7.32%, 0, 0, 4, 24.84
1747833350, 0, 991, 1130, 1124, 20, 7.32%, 0, 0, 4, 24.71
1747833355, 0, 992, 1130, 1124, 20, 7.32%, 0, 0, 4, 28.19
1747835410, 0, 992, 1131, 1125, 20, 7.32%, 0, 0, 4, 16.10
1747836599, 0, 993, 1131, 1124, 19, 7.32%, 0, 0, 4, 16.08
1747836604, 0, 994, 1132, 1125, 19, 7.32%, 0, 0, 4, 14.10
1747836609, 0, 996, 1132, 1125, 19, 7.32%, 0, 0, 4, 14.60
1747836614, 0, 998, 1132, 1125, 19, 7.32%, 0, 0, 4, 16.29
1747837043, 0, 998, 1133, 1126, 19, 7.32%, 0, 0, 4, 16.08
1747837094, 0, 998, 1134, 1127, 19, 7.32%, 0, 0, 4, 16.58
1747837109, 0, 998, 1135, 1128, 19, 7.32%, 0, 0, 4, 16.27
1747839972, 0, 1001, 1135, 1127, 19, 7.32%, 0, 0, 4, 15.32
1747839977, 0, 1002, 1135, 1127, 19, 7.32%, 0, 0, 4, 14.68
1747839982, 0, 1003, 1135, 1127, 19, 7.32%, 0, 0, 4, 13.89
1747839987, 0, 1005, 1135, 1127, 19, 7.32%, 0, 0, 4, 14.08
1747839992, 0, 1007, 1135, 1127, 19, 7.32%, 0, 0, 4, 13.02
1747839997, 0, 1010, 1135, 1127, 19, 7.32%, 0, 0, 4, 14.54
1747840002, 0, 1011, 1135, 1127, 19, 7.32%, 0, 0, 4, 14.09
1747840007, 0, 1012, 1135, 1127, 19, 7.32%, 0, 0, 4, 13.41
1747840012, 0, 1014, 1135, 1127, 19, 7.32%, 0, 0, 4, 14.72
1747840018, 0, 1015, 1135, 1127, 19, 7.32%, 0, 0, 4, 14.60
1747840023, 0, 1017, 1135, 1127, 19, 7.32%, 0, 0, 4, 14.03
1747840028, 0, 1018, 1135, 1127, 19, 7.32%, 0, 0, 4, 14.60
1747840033, 0, 1022, 1135, 1127, 19, 7.32%, 0, 0, 4, 14.46
1747840038, 0, 1023, 1135, 1127, 19, 7.32%, 0, 0, 4, 13.79
1747840043, 0, 1025, 1135, 1127, 19, 7.32%, 0, 0, 4, 13.78
1747840049, 0, 1026, 1135, 1127, 19, 7.32%, 0, 0, 4, 14.16
1747840054, 0, 1026, 1136, 1128, 19, 7.32%, 0, 0, 4, 13.81
1747840059, 0, 1029, 1136, 1128, 19, 7.32%, 0, 0, 4, 13.95
1747840064, 0, 1031, 1136, 1128, 19, 7.32%, 0, 0, 4, 14.14
1747840069, 0, 1032, 1136, 1128, 19, 7.32%, 0, 0, 4, 14.14
1747840074, 0, 1034, 1136, 1128, 19, 7.32%, 0, 0, 4, 14.35
1747840079, 0, 1035, 1136, 1128, 19, 7.32%, 0, 0, 4, 13.97
1747840084, 0, 1037, 1136, 1128, 19, 7.32%, 0, 0, 4, 14.27
1747840089, 0, 1039, 1136, 1128, 19, 7.32%, 0, 0, 4, 14.26
1747840095, 0, 1041, 1136, 1128, 19, 7.32%, 0, 0, 4, 13.69
1747840100, 0, 1043, 1136, 1128, 19, 7.32%, 0, 0, 4, 14.24
1747840105, 0, 1044, 1136, 1128, 19, 7.32%, 0, 0, 4, 13.28
1747840110, 0, 1049, 1136, 1128, 19, 7.32%, 0, 0, 4, 13.75
1747840115, 0, 1051, 1136, 1128, 19, 7.32%, 0, 0, 4, 14.10
1747840120, 0, 1052, 1136, 1128, 19, 7.32%, 0, 0, 4, 14.31
1747840125, 0, 1054, 1136, 1128, 19, 7.32%, 0, 0, 4, 14.21
1747846977, 0, 1057, 1136, 1127, 18, 7.32%, 0, 0, 4, 24.41
1747846982, 0, 1059, 1136, 1127, 18, 7.32%, 0, 0, 4, 23.94
1747846987, 0, 1062, 1137, 1128, 18, 7.32%, 0, 0, 4, 22.92
1747846992, 0, 1062, 1138, 1129, 18, 7.32%, 0, 0, 4, 23.11
1747846997, 0, 1064, 1138, 1129, 18, 7.32%, 0, 0, 4, 24.46
1747847003, 0, 1068, 1138, 1129, 18, 7.32%, 0, 0, 4, 25.95
1747847008, 0, 1070, 1138, 1129, 18, 7.32%, 0, 0, 4, 25.67
1747847013, 0, 1073, 1138, 1129, 18, 7.32%, 0, 0, 4, 25.34
1747847018, 0, 1075, 1138, 1129, 18, 7.32%, 0, 0, 4, 25.35
1747847023, 0, 1078, 1138, 1129, 18, 7.32%, 0, 0, 4, 25.99
1747847028, 0, 1080, 1138, 1129, 18, 7.32%, 0, 0, 4, 25.24
1747847033, 0, 1084, 1138, 1129, 18, 7.32%, 0, 0, 4, 23.43
1747847038, 0, 1086, 1138, 1129, 18, 7.32%, 0, 0, 4, 24.69
1747855726, 0, 1087, 1138, 1128, 17, 7.32%, 0, 0, 4, 13.42
1747855731, 0, 1088, 1138, 1128, 17, 7.32%, 0, 0, 4, 14.60
1747855736, 0, 1090, 1138, 1128, 17, 7.32%, 0, 0, 4, 14.72
1747855741, 0, 1091, 1138, 1128, 17, 7.32%, 0, 0, 4, 14.26
1747855747, 0, 1094, 1138, 1128, 17, 7.32%, 0, 0, 4, 14.37
1747855752, 0, 1095, 1138, 1128, 17, 7.32%, 0, 0, 4, 14.39
1747855757, 0, 1097, 1138, 1128, 17, 7.32%, 0, 0, 4, 13.85
1747855762, 0, 1098, 1138, 1128, 17, 7.32%, 0, 0, 4, 14.54
1747855767, 0, 1101, 1138, 1128, 17, 7.32%, 0, 0, 4, 14.33
1747855772, 0, 1102, 1138, 1128, 17, 7.32%, 0, 0, 4, 14.36
1747855777, 0, 1105, 1138, 1128, 17, 7.32%, 0, 0, 4, 13.91
1747855783, 0, 1106, 1138, 1128, 17, 7.32%, 0, 0, 4, 13.73
1747855788, 0, 1109, 1138, 1128, 17, 7.32%, 0, 0, 4, 14.29
1747855793, 0, 1111, 1138, 1128, 17, 7.32%, 0, 0, 4, 15.07
1747855798, 0, 1112, 1138, 1128, 17, 7.32%, 0, 0, 4, 14.68
1747855803, 0, 1116, 1138, 1128, 17, 7.32%, 0, 0, 4, 14.71
1747855808, 0, 1117, 1138, 1128, 17, 7.32%, 0, 0, 4, 14.49
1747855813, 0, 1119, 1138, 1128, 17, 7.32%, 0, 0, 4, 15.59
1747855818, 0, 1120, 1138, 1128, 17, 7.32%, 0, 0, 4, 14.66
1747855823, 0, 1122, 1138, 1128, 17, 7.32%, 0, 0, 4, 14.37
1747855829, 0, 1123, 1138, 1128, 17, 7.32%, 0, 0, 4, 14.88
1747855834, 0, 1127, 1138, 1128, 17, 7.32%, 0, 0, 4, 14.96
1747855839, 0, 1128, 1138, 1128, 17, 7.32%, 0, 0, 4, 14.73
1747855844, 0, 1130, 1138, 1128, 17, 7.32%, 0, 0, 4, 14.51
1747855849, 0, 1131, 1138, 1128, 17, 7.32%, 0, 0, 4, 14.42
1747855854, 0, 1132, 1139, 1129, 17, 7.32%, 0, 0, 4, 14.16
1747855860, 0, 1133, 1139, 1129, 17, 7.32%, 0, 0, 4, 14.69
1747855865, 0, 1135, 1139, 1129, 17, 7.32%, 0, 0, 4, 14.47
1747855870, 0, 1137, 1140, 1130, 17, 7.32%, 0, 0, 4, 13.77
1747855880, 0, 1139, 1140, 1130, 17, 7.32%, 0, 0, 4, 14.55
1747855885, 0, 1139, 1141, 1131, 17, 7.35%, 0, 0, 4, 14.31
1747855890, 0, 1140, 1141, 1131, 17, 7.35%, 0, 0, 4, 14.75
1747855895, 1, 1, 1141, 1131, 17, 7.35%, 0, 0, 4, 14.19
1747855900, 1, 2, 1141, 1131, 17, 7.35%, 0, 0, 4, 36.39
1747855906, 1, 2, 1142, 1132, 17, 7.36%, 0, 0, 4, 45.99
1747855911, 1, 2, 1145, 1135, 17, 7.36%, 0, 0, 4, 47.26
1747855916, 1, 2, 1146, 1136, 17, 7.36%, 0, 0, 4, 48.70
1747855921, 1, 2, 1148, 1138, 17, 7.36%, 0, 0, 4, 44.22
1747855926, 1, 2, 1149, 1139, 17, 7.36%, 0, 0, 4, 48.18
1747855931, 1, 2, 1150, 1140, 17, 7.36%, 0, 0, 4, 49.08
1747855936, 1, 2, 1151, 1141, 17, 7.36%, 0, 0, 4, 49.47
1747855951, 1, 2, 1152, 1142, 17, 7.36%, 0, 0, 4, 48.72
1747855972, 1, 2, 1153, 1143, 17, 7.36%, 0, 0, 4, 50.37
1747856002, 1, 3, 1154, 1143, 16, 7.36%, 0, 0, 4, 34.82
1747856007, 1, 3, 1157, 1146, 16, 7.36%, 0, 0, 4, 18.64
1747856023, 1, 3, 1158, 1147, 16, 7.36%, 0, 0, 4, 14.81
1747856063, 1, 6, 1158, 1147, 16, 7.36%, 0, 0, 4, 14.77
1747856069, 1, 7, 1158, 1147, 16, 7.36%, 0, 0, 4, 15.02
1747856074, 1, 9, 1158, 1147, 16, 7.36%, 0, 0, 4, 14.51
1747856079, 1, 10, 1158, 1147, 16, 7.36%, 0, 0, 4, 14.48
1747856084, 1, 13, 1158, 1147, 16, 7.36%, 0, 0, 4, 14.20
1747856089, 1, 14, 1158, 1147, 16, 7.36%, 0, 0, 4, 14.18
1747856094, 1, 16, 1158, 1147, 16, 7.36%, 0, 0, 4, 14.57
1747856100, 1, 17, 1158, 1147, 16, 7.36%, 0, 0, 4, 14.40
1747856105, 1, 19, 1158, 1147, 16, 7.36%, 0, 0, 4, 14.65
1747856110, 1, 20, 1158, 1147, 16, 7.36%, 0, 0, 4, 14.50
1747856115, 1, 22, 1158, 1147, 16, 7.36%, 0, 0, 4, 14.61
1747856120, 1, 23, 1158, 1147, 16, 7.36%, 0, 0, 4, 14.65
1747856125, 1, 24, 1158, 1147, 16, 7.36%, 0, 0, 4, 13.97
1747856130, 1, 26, 1159, 1148, 16, 7.36%, 0, 0, 4, 13.12
1747856140, 1, 27, 1159, 1148, 16, 7.36%, 0, 0, 4, 13.99
1747856145, 1, 29, 1159, 1148, 16, 7.36%, 0, 0, 4, 14.71
1747856151, 1, 29, 1161, 1150, 16, 7.36%, 0, 0, 4, 14.36
1747856161, 1, 31, 1162, 1151, 17, 7.36%, 0, 0, 4, 13.78
1747856171, 1, 33, 1162, 1151, 17, 7.36%, 0, 0, 4, 15.27
1747856177, 1, 35, 1162, 1151, 17, 7.36%, 0, 0, 4, 15.09
1747856182, 1, 37, 1162, 1151, 17, 7.36%, 0, 0, 4, 15.47
1747856187, 1, 37, 1163, 1152, 17, 7.36%, 0, 0, 4, 13.90
1747856192, 1, 38, 1163, 1152, 17, 7.36%, 0, 0, 4, 14.41
1747856197, 1, 41, 1163, 1152, 17, 7.36%, 0, 0, 4, 14.10
1747856202, 1, 44, 1163, 1152, 17, 7.36%, 0, 0, 4, 14.40
1747856207, 1, 46, 1163, 1152, 17, 7.36%, 0, 0, 4, 14.29
1747856212, 1, 48, 1163, 1152, 17, 7.36%, 0, 0, 4, 14.19
1747856217, 1, 50, 1163, 1152, 17, 7.36%, 0, 0, 4, 13.78
1747856222, 1, 51, 1164, 1153, 17, 7.36%, 0, 0, 4, 13.66
1747856228, 1, 52, 1164, 1153, 17, 7.36%, 0, 0, 4, 14.37
1747856233, 1, 53, 1164, 1153, 17, 7.36%, 0, 0, 4, 14.39
1747856238, 1, 56, 1164, 1153, 17, 7.36%, 0, 0, 4, 14.22
1747856243, 1, 60, 1164, 1153, 17, 7.36%, 0, 0, 4, 14.59
1747856248, 1, 62, 1164, 1153, 17, 7.36%, 0, 0, 4, 15.11
1747856253, 1, 63, 1164, 1153, 17, 7.36%, 0, 0, 4, 14.65
1747856258, 1, 67, 1164, 1153, 17, 7.36%, 0, 0, 4, 14.55
1747856263, 1, 68, 1164, 1153, 17, 7.36%, 0, 0, 4, 14.99
1747856269, 1, 69, 1165, 1154, 17, 7.36%, 0, 0, 4, 14.48
1747856274, 1, 69, 1167, 1156, 17, 7.36%, 0, 0, 4, 12.77
1747856279, 1, 69, 1168, 1157, 17, 7.36%, 0, 0, 4, 13.93
1747856294, 1, 69, 1169, 1158, 17, 7.36%, 0, 0, 4, 14.11
1747856304, 1, 69, 1170, 1159, 17, 7.36%, 0, 0, 4, 13.67
1747856315, 1, 69, 1171, 1160, 17, 7.36%, 0, 0, 4, 14.84
1747856361, 1, 69, 1172, 1161, 17, 7.36%, 0, 0, 4, 14.37
1747856376, 1, 69, 1173, 1162, 17, 7.36%, 0, 0, 4, 14.50
1747856386, 1, 70, 1173, 1162, 17, 7.36%, 0, 0, 4, 14.86
1747856392, 1, 72, 1173, 1162, 17, 7.36%, 0, 0, 4, 14.69
1747856397, 1, 73, 1174, 1163, 17, 7.36%, 0, 0, 4, 13.27
1747856407, 1, 75, 1174, 1163, 17, 7.36%, 0, 0, 4, 14.41
1747856412, 1, 76, 1174, 1163, 17, 7.36%, 0, 0, 4, 14.86
1747856417, 1, 78, 1174, 1163, 17, 7.36%, 0, 0, 4, 14.86
1747856422, 1, 79, 1174, 1163, 17, 7.36%, 0, 0, 4, 14.28
1747856427, 1, 81, 1174, 1163, 17, 7.36%, 0, 0, 4, 14.92
1747856432, 1, 82, 1174, 1163, 17, 7.36%, 0, 0, 4, 14.59
1747856437, 1, 85, 1174, 1163, 17, 7.36%, 0, 0, 4, 15.07
1747856442, 1, 87, 1174, 1163, 17, 7.36%, 0, 0, 4, 14.98
1747856447, 1, 89, 1174, 1163, 17, 7.36%, 0, 0, 4, 14.27
1747856452, 1, 90, 1174, 1163, 17, 7.36%, 0, 0, 4, 14.29
1747856458, 1, 91, 1174, 1163, 17, 7.36%, 0, 0, 4, 14.20
1747856463, 1, 93, 1174, 1163, 17, 7.36%, 0, 0, 4, 14.56
1747856468, 1, 93, 1175, 1164, 17, 7.65%, 0, 0, 4, 14.05
1747856473, 1, 94, 1176, 1165, 16, 7.65%, 0, 0, 4, 14.21
1747856478, 1, 95, 1176, 1165, 16, 7.65%, 0, 0, 4, 14.15
1747856483, 1, 96, 1176, 1165, 16, 7.65%, 0, 0, 4, 14.47
1747856488, 1, 97, 1177, 1166, 16, 7.65%, 0, 0, 4, 13.56
1747856493, 1, 98, 1177, 1166, 16, 7.65%, 0, 0, 4, 14.38
1747856498, 1, 99, 1177, 1166, 16, 7.65%, 0, 0, 4, 14.44
1747856504, 1, 101, 1177, 1166, 16, 7.65%, 0, 0, 4, 14.83
1747856509, 1, 102, 1177, 1166, 16, 7.65%, 0, 0, 4, 14.74
1747856514, 1, 103, 1179, 1168, 16, 7.65%, 0, 0, 4, 12.92
1747856524, 1, 103, 1180, 1169, 16, 7.65%, 0, 0, 4, 13.79
1747856539, 1, 103, 1181, 1170, 16, 7.65%, 0, 0, 4, 14.27
1747856575, 1, 106, 1181, 1170, 16, 7.65%, 0, 0, 4, 14.72
1747856580, 1, 107, 1181, 1170, 16, 7.65%, 0, 0, 4, 14.78
1747856585, 1, 110, 1182, 1171, 16, 7.65%, 0, 0, 4, 13.97
1747856590, 1, 111, 1182, 1171, 16, 7.65%, 0, 0, 4, 14.66
1747856596, 1, 113, 1182, 1171, 16, 7.65%, 0, 0, 4, 16.58
1747856815, 1, 114, 1182, 1170, 16, 7.65%, 0, 0, 4, 31.68
1747856820, 1, 115, 1182, 1170, 16, 7.65%, 0, 0, 4, 18.07
1747856825, 1, 116, 1182, 1170, 16, 7.65%, 0, 0, 4, 15.28
1747856830, 1, 119, 1182, 1170, 16, 7.65%, 0, 0, 4, 14.65
1747856835, 1, 119, 1184, 1172, 16, 7.65%, 0, 0, 4, 13.58
1747856846, 1, 120, 1184, 1172, 16, 7.65%, 0, 0, 4, 13.78
1747856851, 1, 121, 1184, 1172, 16, 7.65%, 0, 0, 4, 14.12
1747856856, 1, 123, 1184, 1172, 16, 7.65%, 0, 0, 4, 14.03
1747856861, 1, 123, 1185, 1173, 16, 7.65%, 0, 0, 4, 13.13
1747856866, 1, 124, 1185, 1173, 16, 7.65%, 0, 0, 4, 14.25
1747856871, 1, 126, 1185, 1173, 16, 7.65%, 0, 0, 4, 14.04
1747856876, 1, 127, 1185, 1173, 16, 7.65%, 0, 0, 4, 13.51
1747856882, 1, 128, 1185, 1173, 16, 7.65%, 0, 0, 4, 14.17
1747856887, 1, 130, 1186, 1174, 16, 7.65%, 0, 0, 4, 13.55
1747856897, 1, 131, 1186, 1174, 16, 7.65%, 0, 0, 4, 14.54
1747856902, 1, 134, 1186, 1174, 16, 7.65%, 0, 0, 4, 14.51
1747856907, 1, 135, 1186, 1174, 16, 7.65%, 0, 0, 4, 13.78
1747856912, 1, 137, 1186, 1174, 16, 7.65%, 0, 0, 4, 14.69
1747856917, 1, 138, 1186, 1174, 16, 7.65%, 0, 0, 4, 14.69
1747856923, 1, 140, 1186, 1174, 16, 7.65%, 0, 0, 4, 14.35
1747856928, 1, 141, 1186, 1174, 16, 7.65%, 0, 0, 4, 13.60
1747856933, 1, 142, 1186, 1174, 16, 7.65%, 0, 0, 4, 14.18
1747856938, 1, 144, 1186, 1174, 16, 7.65%, 0, 0, 4, 13.97
1747856943, 1, 145, 1187, 1175, 16, 7.65%, 0, 0, 4, 13.81
1747856948, 1, 145, 1188, 1176, 16, 7.65%, 0, 0, 4, 13.02
1747856959, 1, 146, 1188, 1176, 16, 7.65%, 0, 0, 4, 14.47
1747856964, 1, 147, 1188, 1176, 16, 7.65%, 0, 0, 4, 14.29
1747856969, 1, 149, 1188, 1176, 16, 7.65%, 0, 0, 4, 14.37
1747856974, 1, 152, 1188, 1176, 16, 7.65%, 0, 0, 4, 14.74
1747856979, 1, 153, 1190, 1178, 16, 7.65%, 0, 0, 4, 13.99
1747856994, 1, 154, 1191, 1179, 16, 7.65%, 0, 0, 4, 13.65
1747857000, 1, 155, 1191, 1179, 16, 7.65%, 0, 0, 4, 13.81
1747857005, 1, 157, 1191, 1179, 16, 7.65%, 0, 0, 4, 14.62
1747857010, 1, 158, 1192, 1180, 16, 7.65%, 0, 0, 4, 13.49
1747857015, 1, 158, 1193, 1181, 16, 7.65%, 0, 0, 4, 13.08
1747857025, 1, 159, 1194, 1182, 16, 7.65%, 0, 0, 4, 12.50
1747857030, 1, 159, 1195, 1183, 16, 7.74%, 0, 0, 4, 13.60
1747857035, 1, 159, 1196, 1184, 16, 7.74%, 0, 0, 4, 14.72
1747857056, 1, 161, 1196, 1184, 16, 7.74%, 0, 0, 4, 14.64
1747857061, 1, 162, 1196, 1184, 16, 7.74%, 0, 0, 4, 14.61
1747857066, 1, 164, 1196, 1184, 16, 7.74%, 0, 0, 4, 14.49
1747857071, 1, 165, 1196, 1184, 16, 7.74%, 0, 0, 4, 15.07
1747857076, 1, 166, 1196, 1184, 16, 7.74%, 0, 0, 4, 14.03
1747857081, 1, 169, 1196, 1184, 16, 7.74%, 0, 0, 4, 14.28
1747857086, 1, 170, 1196, 1184, 16, 7.74%, 0, 0, 4, 13.61
1747857091, 1, 172, 1196, 1184, 16, 7.74%, 0, 0, 4, 14.19
1747857097, 1, 172, 1197, 1185, 16, 7.74%, 0, 0, 4, 12.87
1747857102, 1, 172, 1198, 1186, 16, 7.74%, 0, 0, 4, 13.45
1747857107, 1, 172, 1199, 1187, 16, 7.74%, 0, 0, 4, 13.92
1747857117, 1, 172, 1200, 1188, 16, 7.74%, 0, 0, 4, 13.32
1747857122, 1, 172, 1201, 1189, 16, 7.74%, 0, 0, 4, 13.70
1747857127, 1, 172, 1202, 1190, 16, 7.74%, 0, 0, 4, 12.98
1747857158, 1, 172, 1203, 1191, 16, 7.74%, 0, 0, 4, 13.68
1747857215, 1, 173, 1203, 1191, 16, 7.74%, 0, 0, 4, 13.92
1747857220, 1, 174, 1204, 1192, 16, 7.74%, 0, 0, 4, 12.64
1747857225, 1, 174, 1205, 1193, 16, 7.74%, 0, 0, 4, 12.10
1747857235, 1, 177, 1206, 1194, 16, 7.74%, 0, 0, 4, 13.05
1747857241, 1, 177, 1207, 1195, 16, 7.74%, 0, 0, 4, 12.77
1747857246, 1, 177, 1208, 1196, 16, 7.74%, 0, 0, 4, 13.00
1747857261, 1, 177, 1209, 1197, 16, 7.74%, 0, 0, 4, 13.49
1747857297, 1, 178, 1209, 1197, 16, 7.74%, 0, 0, 4, 14.51
1747857302, 1, 179, 1210, 1198, 16, 7.74%, 0, 0, 4, 14.55
1747857307, 1, 180, 1210, 1198, 16, 7.74%, 0, 0, 4, 14.77
1747857312, 1, 181, 1211, 1199, 16, 7.74%, 0, 0, 4, 12.77
1747857317, 1, 181, 1213, 1201, 16, 7.74%, 0, 0, 4, 12.55
1747857327, 1, 181, 1214, 1202, 16, 7.74%, 0, 0, 4, 13.20
1747857338, 1, 181, 1215, 1203, 16, 7.74%, 0, 0, 4, 13.04
1747857348, 1, 181, 1217, 1205, 16, 7.74%, 0, 0, 4, 12.25
1747857378, 1, 181, 1218, 1206, 16, 7.74%, 0, 0, 4, 12.89
1747857388, 1, 181, 1219, 1207, 16, 7.78%, 0, 0, 4, 13.50
1747857404, 1, 181, 1221, 1209, 16, 7.79%, 0, 0, 4, 12.58
1747857424, 1, 181, 1222, 1210, 16, 7.79%, 0, 0, 4, 13.15
1747857429, 1, 181, 1223, 1211, 16, 7.79%, 0, 0, 4, 14.16
1747857440, 1, 182, 1223, 1211, 16, 7.79%, 0, 0, 4, 14.07
1747857445, 1, 184, 1223, 1211, 16, 7.79%, 0, 0, 4, 14.69
1747857450, 1, 185, 1226, 1214, 16, 7.79%, 0, 0, 4, 11.34
1747857455, 1, 185, 1227, 1215, 16, 7.79%, 0, 0, 4, 12.58
1747857470, 1, 185, 1228, 1216, 16, 7.79%, 0, 0, 4, 13.18
1747857475, 1, 185, 1229, 1217, 16, 7.79%, 0, 0, 4, 13.60
1747857485, 1, 185, 1230, 1218, 16, 7.79%, 0, 0, 4, 13.13
1747857531, 1, 185, 1231, 1219, 16, 7.79%, 0, 0, 4, 13.16
1747857547, 1, 185, 1232, 1220, 16, 7.79%, 0, 0, 4, 14.02
1747857567, 1, 185, 1233, 1221, 16, 7.79%, 0, 0, 4, 13.11
1747857578, 1, 188, 1233, 1221, 16, 7.79%, 0, 0, 4, 14.40
1747857583, 1, 188, 1235, 1223, 16, 7.79%, 0, 0, 4, 12.63
1747857593, 1, 188, 1237, 1225, 16, 7.79%, 0, 0, 4, 11.78
1747857644, 1, 189, 1238, 1226, 16, 7.79%, 0, 0, 4, 13.62
1747857649, 1, 190, 1238, 1226, 16, 7.79%, 0, 0, 4, 14.21
1747857654, 1, 192, 1238, 1226, 16, 7.79%, 0, 0, 4, 14.26
1747857659, 1, 195, 1238, 1226, 16, 7.79%, 0, 0, 4, 14.41
1747857665, 1, 196, 1238, 1226, 16, 7.79%, 0, 0, 4, 14.66
1747857670, 1, 200, 1239, 1227, 16, 7.79%, 0, 0, 4, 14.30
1747857680, 1, 201, 1239, 1227, 16, 7.79%, 0, 0, 4, 13.94
1747857685, 1, 203, 1239, 1227, 16, 7.79%, 0, 0, 4, 13.82
1747857690, 1, 206, 1239, 1227, 16, 7.79%, 0, 0, 4, 14.06
1747857695, 1, 208, 1239, 1227, 16, 7.79%, 0, 0, 4, 14.15
1747857700, 1, 209, 1239, 1227, 16, 7.79%, 0, 0, 4, 14.26
1747857706, 1, 210, 1239, 1227, 16, 7.79%, 0, 0, 4, 13.57
1747857711, 1, 212, 1239, 1227, 16, 7.79%, 0, 0, 4, 14.38
1747857716, 1, 213, 1239, 1227, 16, 7.79%, 0, 0, 4, 13.86
1747857721, 1, 214, 1240, 1228, 16, 7.79%, 0, 0, 4, 13.73
1747857726, 1, 215, 1240, 1228, 16, 7.79%, 0, 0, 4, 14.11
1747857731, 1, 216, 1240, 1228, 16, 7.79%, 0, 0, 4, 14.16
1747857736, 1, 218, 1240, 1228, 16, 7.79%, 0, 0, 4, 14.01
1747857741, 1, 219, 1240, 1228, 16, 7.79%, 0, 0, 4, 14.72
1747857746, 1, 220, 1240, 1228, 16, 7.79%, 0, 0, 4, 14.13
1747857751, 1, 222, 1240, 1228, 16, 7.79%, 0, 0, 4, 13.58
1747857756, 1, 224, 1240, 1228, 16, 7.79%, 0, 0, 4, 14.20
1747857761, 1, 228, 1240, 1228, 16, 7.79%, 0, 0, 4, 14.00
1747857767, 1, 230, 1240, 1228, 16, 7.79%, 0, 0, 4, 14.24
1747857772, 1, 230, 1241, 1229, 16, 7.79%, 0, 0, 4, 13.57
1747857777, 1, 232, 1241, 1229, 16, 7.79%, 0, 0, 4, 14.28
1747857782, 1, 233, 1241, 1229, 16, 7.79%, 0, 0, 4, 14.06
1747857787, 1, 235, 1241, 1229, 16, 7.79%, 0, 0, 4, 14.33
1747857792, 1, 237, 1241, 1229, 16, 7.79%, 0, 0, 4, 14.46
1747857797, 1, 238, 1241, 1229, 16, 7.79%, 0, 0, 4, 14.23
1747857802, 1, 240, 1241, 1229, 16, 7.79%, 0, 0, 4, 14.31
1747857807, 1, 241, 1241, 1229, 16, 7.79%, 0, 0, 4, 13.82
1747857812, 1, 242, 1241, 1229, 16, 7.79%, 0, 0, 4, 14.25
1747857818, 1, 244, 1241, 1229, 16, 7.79%, 0, 0, 4, 13.97
1747857823, 1, 245, 1241, 1229, 16, 7.79%, 0, 0, 4, 13.49
1747857828, 1, 249, 1241, 1229, 16, 7.79%, 0, 0, 4, 13.73
1747857833, 1, 251, 1241, 1229, 16, 7.79%, 0, 0, 4, 14.06
1747857838, 1, 252, 1241, 1229, 16, 7.79%, 0, 0, 4, 13.81
1747857843, 1, 254, 1241, 1229, 16, 7.79%, 0, 0, 4, 13.73
1747857848, 1, 255, 1241, 1229, 16, 7.79%, 0, 0, 4, 13.75
1747857853, 1, 258, 1241, 1229, 16, 7.79%, 0, 0, 4, 14.07
1747857858, 1, 259, 1241, 1229, 16, 7.79%, 0, 0, 4, 14.41
1747857864, 1, 260, 1241, 1229, 16, 7.79%, 0, 0, 4, 13.98
1747857869, 1, 262, 1241, 1229, 16, 7.79%, 0, 0, 4, 13.93
1747857874, 1, 263, 1242, 1230, 16, 7.79%, 0, 0, 4, 12.70
1747857884, 1, 265, 1242, 1230, 16, 7.79%, 0, 0, 4, 13.88
1747857889, 1, 266, 1242, 1230, 16, 7.79%, 0, 0, 4, 14.65
1747857894, 1, 268, 1242, 1230, 16, 7.79%, 0, 0, 4, 15.10
1747857899, 1, 269, 1242, 1230, 16, 7.79%, 0, 0, 4, 14.97
1747857904, 1, 273, 1242, 1230, 16, 7.79%, 0, 0, 4, 14.57
1747857910, 1, 275, 1242, 1230, 16, 7.79%, 0, 0, 4, 13.76
1747857915, 1, 276, 1242, 1230, 16, 7.79%, 0, 0, 4, 13.76
1747857920, 1, 280, 1242, 1230, 16, 7.79%, 0, 0, 4, 14.06
1747857925, 1, 281, 1242, 1230, 16, 7.79%, 0, 0, 4, 14.28
1747857930, 1, 283, 1242, 1230, 16, 7.79%, 0, 0, 4, 14.29
1747857935, 1, 284, 1242, 1230, 16, 7.79%, 0, 0, 4, 13.84
1747857941, 1, 285, 1242, 1230, 16, 7.79%, 0, 0, 4, 13.42
1747857946, 1, 287, 1243, 1231, 16, 7.81%, 0, 0, 4, 13.31
1747857951, 1, 288, 1243, 1231, 17, 7.81%, 0, 0, 4, 13.35
1747857956, 1, 290, 1243, 1231, 17, 7.81%, 0, 0, 4, 14.22
1747857961, 1, 294, 1243, 1231, 17, 7.81%, 0, 0, 4, 14.50
1747857966, 1, 295, 1243, 1231, 17, 7.81%, 0, 0, 4, 14.07
1747857971, 1, 297, 1243, 1231, 17, 7.81%, 0, 0, 4, 14.37
1747857977, 1, 298, 1243, 1231, 17, 7.81%, 0, 0, 4, 12.92
1747857982, 1, 299, 1243, 1231, 17, 7.81%, 0, 0, 4, 14.00
1747857987, 1, 301, 1243, 1231, 17, 7.81%, 0, 0, 4, 13.63
1747857992, 1, 302, 1243, 1231, 17, 7.81%, 0, 0, 4, 14.08
1747857997, 1, 303, 1243, 1231, 17, 7.81%, 0, 0, 4, 13.41
1747858002, 1, 304, 1244, 1232, 17, 7.81%, 0, 0, 4, 12.39
1747858008, 1, 306, 1245, 1233, 17, 7.81%, 0, 0, 4, 12.25
1747858018, 1, 307, 1245, 1233, 17, 7.81%, 0, 0, 4, 14.09
1747858023, 1, 309, 1245, 1233, 17, 7.81%, 0, 0, 4, 12.71
1747858028, 1, 310, 1245, 1233, 17, 7.81%, 0, 0, 4, 13.62
1747858033, 1, 311, 1245, 1233, 17, 7.81%, 0, 0, 4, 13.38
1747858038, 1, 312, 1245, 1233, 17, 7.81%, 0, 0, 4, 12.98
1747858043, 1, 314, 1246, 1234, 17, 7.86%, 0, 0, 4, 12.89
1747858048, 1, 315, 1246, 1234, 17, 7.86%, 0, 0, 4, 13.83
1747858053, 1, 317, 1246, 1234, 17, 7.86%, 0, 0, 4, 14.01
1747858059, 1, 319, 1246, 1234, 17, 7.86%, 0, 0, 4, 14.37
1747858064, 1, 320, 1248, 1236, 17, 7.86%, 0, 0, 4, 11.73
1747858079, 1, 321, 1248, 1236, 16, 7.86%, 0, 0, 4, 13.70
1747858084, 1, 322, 1248, 1236, 16, 7.86%, 0, 0, 4, 14.68
1747858089, 1, 323, 1249, 1237, 16, 7.86%, 0, 0, 4, 13.28
1747858094, 1, 323, 1250, 1238, 16, 7.86%, 0, 0, 4, 12.76
1747858105, 1, 324, 1250, 1238, 16, 7.86%, 0, 0, 4, 14.26
1747858110, 1, 326, 1250, 1238, 16, 7.86%, 0, 0, 4, 13.38
1747858115, 1, 326, 1251, 1239, 16, 7.86%, 0, 0, 4, 13.38
1747858120, 1, 326, 1253, 1241, 16, 7.89%, 0, 0, 4, 11.74
1747858136, 1, 326, 1254, 1242, 16, 7.89%, 0, 0, 4, 12.95
1747858156, 1, 326, 1255, 1243, 16, 7.89%, 0, 0, 4, 12.06
1747858161, 1, 326, 1256, 1244, 16, 7.90%, 0, 0, 4, 12.40
1747858166, 1, 326, 1257, 1245, 16, 7.90%, 0, 0, 4, 12.96
1747858177, 1, 326, 1258, 1246, 16, 7.90%, 0, 0, 4, 12.96
1747858202, 1, 326, 1259, 1247, 16, 7.90%, 0, 0, 4, 13.22
1747858243, 1, 328, 1259, 1247, 18, 7.90%, 0, 0, 4, 13.25
1747858249, 1, 330, 1259, 1247, 18, 7.90%, 0, 0, 4, 14.02
1747858254, 1, 332, 1259, 1247, 18, 7.90%, 0, 0, 4, 13.41
1747858259, 1, 334, 1259, 1247, 18, 7.90%, 0, 0, 4, 12.77
1747858264, 1, 335, 1260, 1248, 18, 7.90%, 0, 0, 4, 12.13
1747858274, 1, 335, 1262, 1250, 18, 7.90%, 0, 0, 4, 11.98
1747858279, 1, 335, 1263, 1251, 18, 7.90%, 0, 0, 4, 11.41
1747858284, 1, 335, 1265, 1253, 18, 7.90%, 0, 0, 4, 11.97
1747858295, 1, 335, 1266, 1254, 18, 7.90%, 0, 0, 4, 12.13
1747858320, 1, 335, 1267, 1255, 18, 7.90%, 0, 0, 4, 12.39
1747858346, 1, 335, 1269, 1257, 18, 7.90%, 0, 0, 4, 11.41
1747858356, 1, 335, 1270, 1258, 18, 7.90%, 0, 0, 4, 13.02
1747858372, 1, 335, 1272, 1260, 18, 7.91%, 0, 0, 4, 11.75
1747858377, 1, 335, 1273, 1261, 18, 7.91%, 0, 0, 4, 12.15
1747858392, 1, 335, 1275, 1263, 18, 7.91%, 0, 0, 4, 12.41
1747858397, 1, 335, 1276, 1264, 18, 7.92%, 0, 0, 4, 11.64
1747858408, 1, 336, 1277, 1265, 22, 7.92%, 0, 0, 4, 11.97
1747858413, 1, 337, 1277, 1265, 22, 7.92%, 0, 0, 4, 12.66
1747858418, 1, 338, 1277, 1265, 22, 7.92%, 0, 0, 4, 12.73
1747858423, 1, 339, 1277, 1265, 22, 7.92%, 0, 0, 4, 12.45
1747858428, 1, 340, 1277, 1265, 22, 7.92%, 0, 0, 4, 13.12
1747858433, 1, 342, 1278, 1266, 22, 7.92%, 0, 0, 4, 12.70
1747858438, 1, 342, 1279, 1267, 22, 7.92%, 0, 0, 4, 11.48
1747858443, 1, 342, 1280, 1268, 22, 7.92%, 0, 0, 4, 11.60
1747858454, 1, 342, 1281, 1269, 22, 7.92%, 0, 0, 4, 12.35
1747858469, 1, 342, 1282, 1270, 22, 7.92%, 0, 0, 4, 12.45
1747858479, 1, 342, 1284, 1272, 22, 7.92%, 0, 0, 4, 12.17
1747858489, 1, 342, 1286, 1274, 22, 7.94%, 0, 0, 4, 11.75
1747858495, 1, 342, 1287, 1275, 22, 7.95%, 0, 0, 4, 12.17
1747858551, 1, 342, 1288, 1276, 22, 7.95%, 0, 0, 4, 11.51
1747858556, 1, 342, 1289, 1277, 22, 7.95%, 0, 0, 4, 12.36
1747858566, 1, 343, 1289, 1277, 23, 7.95%, 0, 0, 4, 12.86
1747858572, 1, 344, 1289, 1277, 23, 7.95%, 0, 0, 4, 12.57
1747858577, 1, 346, 1289, 1277, 23, 7.95%, 0, 0, 4, 13.56
1747858582, 1, 348, 1290, 1278, 23, 7.95%, 0, 0, 4, 12.02
1747858587, 1, 349, 1290, 1278, 23, 7.95%, 0, 0, 4, 13.40
1747858592, 1, 350, 1290, 1278, 23, 7.95%, 0, 0, 4, 13.84
1747858597, 1, 351, 1290, 1278, 23, 7.95%, 0, 0, 4, 13.23
1747858602, 1, 353, 1290, 1278, 23, 7.95%, 0, 0, 4, 13.07
1747858608, 1, 354, 1290, 1278, 23, 7.95%, 0, 0, 4, 13.17
1747858613, 1, 355, 1290, 1278, 23, 7.95%, 0, 0, 4, 12.49
1747858618, 1, 356, 1290, 1278, 23, 7.95%, 0, 0, 4, 12.51
1747858623, 1, 360, 1290, 1278, 23, 7.95%, 0, 0, 4, 12.77
1747858628, 1, 361, 1290, 1278, 23, 7.95%, 0, 0, 4, 13.49
1747858633, 1, 361, 1291, 1279, 23, 7.95%, 0, 0, 4, 12.78
1747858638, 1, 364, 1291, 1279, 23, 7.95%, 0, 0, 4, 12.79
1747858643, 1, 365, 1291, 1279, 23, 7.95%, 0, 0, 4, 14.19
1747858649, 1, 366, 1292, 1280, 23, 7.95%, 0, 0, 4, 12.36
1747858659, 1, 368, 1292, 1280, 23, 7.95%, 0, 0, 4, 13.31
1747858664, 1, 369, 1292, 1280, 23, 7.95%, 0, 0, 4, 12.94
1747858669, 1, 370, 1293, 1281, 23, 7.97%, 0, 0, 4, 11.39
1747858679, 1, 371, 1294, 1282, 24, 7.97%, 0, 0, 4, 12.11
1747858684, 1, 372, 1294, 1282, 24, 7.97%, 0, 0, 4, 13.51
1747858689, 1, 373, 1294, 1282, 24, 7.97%, 0, 0, 4, 13.61
1747858695, 1, 374, 1294, 1282, 24, 7.97%, 0, 0, 4, 12.37
1747858700, 1, 376, 1294, 1282, 24, 7.97%, 0, 0, 4, 13.04
1747858705, 1, 377, 1294, 1282, 24, 7.97%, 0, 0, 4, 14.42
1747858710, 1, 377, 1295, 1283, 24, 7.97%, 0, 0, 4, 13.73
1747858715, 1, 379, 1295, 1283, 24, 7.97%, 0, 0, 4, 13.15
1747858720, 1, 380, 1295, 1283, 24, 7.97%, 0, 0, 4, 13.00
1747858725, 1, 381, 1295, 1283, 24, 7.97%, 0, 0, 4, 12.96
1747858730, 1, 382, 1295, 1283, 24, 7.97%, 0, 0, 4, 13.51
1747858736, 1, 384, 1295, 1283, 24, 7.97%, 0, 0, 4, 13.71
1747858741, 1, 385, 1295, 1283, 24, 7.97%, 0, 0, 4, 14.05
1747858746, 1, 385, 1296, 1284, 24, 7.97%, 0, 0, 4, 12.22
1747858751, 1, 386, 1297, 1285, 24, 7.98%, 0, 0, 4, 11.22
1747858756, 1, 386, 1298, 1286, 24, 7.98%, 0, 0, 4, 11.69
1747858766, 1, 387, 1298, 1286, 24, 7.98%, 0, 0, 4, 14.52
1747858772, 1, 387, 1300, 1288, 24, 7.98%, 0, 0, 4, 11.62
1747858777, 1, 387, 1302, 1290, 24, 7.98%, 0, 0, 4, 11.18
1747858782, 1, 387, 1303, 1291, 24, 7.98%, 0, 0, 4, 11.06
1747858792, 1, 387, 1305, 1293, 24, 7.98%, 0, 0, 4, 11.35
1747858823, 1, 387, 1306, 1294, 24, 7.98%, 0, 0, 4, 12.32
1747858833, 1, 387, 1307, 1295, 24, 7.98%, 0, 0, 4, 12.38
1747858859, 1, 387, 1308, 1296, 24, 7.98%, 0, 0, 4, 12.42
1747858869, 1, 387, 1309, 1297, 24, 7.98%, 0, 0, 4, 13.16
1747858874, 1, 387, 1310, 1298, 24, 7.98%, 0, 0, 4, 12.61
1747858880, 1, 387, 1311, 1299, 24, 7.98%, 0, 0, 4, 12.03
1747858895, 1, 387, 1312, 1300, 24, 7.98%, 0, 0, 4, 11.43
1747858900, 1, 387, 1313, 1301, 24, 7.98%, 0, 0, 4, 11.60
1747858905, 1, 387, 1314, 1302, 24, 7.98%, 0, 0, 4, 12.41
1747858910, 1, 388, 1314, 1302, 25, 7.98%, 0, 0, 4, 12.63
1747858915, 1, 391, 1314, 1302, 25, 7.98%, 0, 0, 4, 13.06
1747858920, 1, 391, 1315, 1303, 25, 7.98%, 0, 0, 4, 12.59
1747858925, 1, 391, 1317, 1305, 25, 7.98%, 0, 0, 4, 10.58
1747858931, 1, 391, 1318, 1306, 25, 7.98%, 0, 0, 4, 11.73
1747858936, 1, 391, 1320, 1308, 25, 7.98%, 0, 0, 4, 10.06
1747858941, 1, 391, 1321, 1309, 25, 7.98%, 0, 0, 4, 11.47
1747858946, 1, 391, 1322, 1310, 25, 7.98%, 0, 0, 4, 11.02
1747858956, 1, 391, 1323, 1311, 25, 7.98%, 0, 0, 4, 12.06
1747858961, 1, 391, 1325, 1313, 25, 7.98%, 0, 0, 4, 11.62
1747858966, 1, 391, 1328, 1316, 25, 7.98%, 0, 0, 4, 9.29
1747858972, 1, 391, 1329, 1317, 25, 7.98%, 0, 0, 4, 11.80
1747858977, 1, 391, 1330, 1318, 25, 7.98%, 0, 0, 4, 11.49
1747858982, 1, 391, 1331, 1319, 25, 7.98%, 0, 0, 4, 10.74
1747858987, 1, 391, 1332, 1320, 25, 7.98%, 0, 0, 4, 11.62
1747858992, 1, 391, 1333, 1321, 25, 7.99%, 0, 0, 4, 12.25
1747859013, 1, 391, 1335, 1323, 25, 7.99%, 0, 0, 4, 11.32
1747859023, 1, 391, 1336, 1324, 25, 8.00%, 0, 0, 4, 11.71
1747859033, 1, 391, 1337, 1325, 25, 8.00%, 0, 0, 4, 11.34
1747859038, 1, 391, 1338, 1326, 25, 8.00%, 0, 0, 4, 11.88
1747859049, 1, 391, 1340, 1328, 25, 8.00%, 0, 0, 4, 10.77
1747859054, 1, 391, 1341, 1329, 25, 8.00%, 0, 0, 4, 11.64
1747859069, 1, 391, 1342, 1330, 25, 8.00%, 0, 0, 4, 11.24
1747859074, 1, 392, 1342, 1330, 24, 8.00%, 0, 0, 4, 11.98
1747859080, 1, 393, 1343, 1331, 24, 8.00%, 0, 0, 4, 11.37
1747859090, 1, 395, 1343, 1331, 24, 8.00%, 0, 0, 4, 12.80
1747859095, 1, 395, 1344, 1332, 24, 8.00%, 0, 0, 4, 12.16
1747859100, 1, 396, 1344, 1332, 24, 8.00%, 0, 0, 4, 11.42
1747859105, 1, 399, 1344, 1332, 24, 8.00%, 0, 0, 4, 12.48
1747859110, 1, 399, 1345, 1333, 24, 8.00%, 0, 0, 4, 11.67
1747859115, 1, 400, 1345, 1333, 24, 8.00%, 0, 0, 4, 12.31
1747859120, 1, 401, 1345, 1333, 24, 8.00%, 0, 0, 4, 12.70
1747859126, 1, 402, 1345, 1333, 24, 8.00%, 0, 0, 4, 12.93
1747859131, 1, 404, 1345, 1333, 24, 8.00%, 0, 0, 4, 12.12
1747859136, 1, 405, 1345, 1333, 24, 8.00%, 0, 0, 4, 12.77
1747859141, 1, 406, 1345, 1333, 24, 8.00%, 0, 0, 4, 13.47
1747859146, 1, 407, 1346, 1334, 24, 8.00%, 0, 0, 4, 12.14
1747859157, 1, 408, 1348, 1336, 24, 8.00%, 0, 0, 4, 10.65
1747859162, 1, 408, 1349, 1337, 24, 8.00%, 0, 0, 4, 10.78
1747859182, 1, 408, 1350, 1338, 24, 8.00%, 0, 0, 4, 10.84
1747859193, 1, 408, 1351, 1339, 24, 8.00%, 0, 0, 4, 10.98
1747859198, 1, 408, 1352, 1340, 24, 8.00%, 0, 0, 4, 10.80
1747859218, 1, 408, 1353, 1341, 24, 8.00%, 0, 0, 4, 11.83
1747859239, 1, 408, 1354, 1342, 24, 8.00%, 0, 0, 4, 11.67
1747859259, 1, 408, 1355, 1343, 24, 8.00%, 0, 0, 4, 11.82
1747859269, 1, 408, 1356, 1344, 24, 8.00%, 0, 0, 4, 11.87
1747859274, 1, 408, 1357, 1345, 24, 8.00%, 0, 0, 4, 10.61
1747859285, 1, 408, 1358, 1346, 24, 8.00%, 0, 0, 4, 10.92
1747859290, 1, 408, 1359, 1347, 24, 8.00%, 0, 0, 4, 11.81
1747859295, 1, 408, 1360, 1348, 24, 8.00%, 0, 0, 4, 11.52
1747859300, 1, 409, 1361, 1349, 24, 8.00%, 0, 0, 4, 11.77
1747859305, 1, 410, 1361, 1349, 24, 8.00%, 0, 0, 4, 12.73
1747859310, 1, 411, 1361, 1349, 24, 8.00%, 0, 0, 4, 12.02
1747859316, 1, 412, 1361, 1349, 24, 8.00%, 0, 0, 4, 11.98
1747859321, 1, 414, 1361, 1349, 24, 8.00%, 0, 0, 4, 12.89
1747859326, 1, 415, 1361, 1349, 24, 8.00%, 0, 0, 4, 12.50
1747859331, 1, 417, 1361, 1349, 24, 8.00%, 0, 0, 4, 12.05
1747859336, 1, 418, 1361, 1349, 24, 8.00%, 0, 0, 4, 21.18
1747860435, 1, 419, 1361, 1348, 24, 8.00%, 0, 0, 4, 21.52
1747860440, 1, 419, 1362, 1349, 24, 8.00%, 0, 0, 4, 14.98
1747860445, 1, 422, 1362, 1349, 24, 8.00%, 0, 0, 4, 13.53
1747860450, 1, 423, 1362, 1349, 24, 8.00%, 0, 0, 4, 12.92
1747860455, 1, 426, 1362, 1349, 24, 8.00%, 0, 0, 4, 13.04
1747860460, 1, 426, 1364, 1351, 24, 8.01%, 0, 0, 4, 11.62
1747860465, 1, 426, 1365, 1352, 24, 8.01%, 0, 0, 4, 10.70
1747860496, 1, 428, 1365, 1352, 25, 8.01%, 0, 0, 4, 12.74
1747860501, 1, 429, 1365, 1352, 25, 8.01%, 0, 0, 4, 12.44
1747860506, 1, 431, 1365, 1352, 25, 8.01%, 0, 0, 4, 12.56
1747860511, 1, 432, 1365, 1352, 25, 8.01%, 0, 0, 4, 12.98
1747860516, 1, 435, 1365, 1352, 25, 8.01%, 0, 0, 4, 13.44
1747860521, 1, 436, 1365, 1352, 25, 8.01%, 0, 0, 4, 12.87
1747860527, 1, 437, 1365, 1352, 25, 8.01%, 0, 0, 4, 12.98
1747860532, 1, 438, 1366, 1353, 25, 8.01%, 0, 0, 4, 11.78
1747860537, 1, 439, 1366, 1353, 25, 8.01%, 0, 0, 4, 12.77
1747860542, 1, 440, 1366, 1353, 25, 8.01%, 0, 0, 4, 12.50
1747860547, 1, 441, 1366, 1353, 25, 8.01%, 0, 0, 4, 13.11
1747860552, 1, 442, 1366, 1353, 25, 8.01%, 0, 0, 4, 12.51
1747860557, 1, 444, 1366, 1353, 25, 8.01%, 0, 0, 4, 12.43
1747860563, 1, 447, 1366, 1353, 25, 8.01%, 0, 0, 4, 12.34
1747860568, 1, 447, 1367, 1354, 25, 8.01%, 0, 0, 4, 11.72
1747860573, 1, 447, 1368, 1355, 25, 8.01%, 0, 0, 4, 12.47
1747860583, 1, 448, 1368, 1355, 25, 8.01%, 0, 0, 4, 11.90
1747860588, 1, 452, 1368, 1355, 25, 8.01%, 0, 0, 4, 12.38
1747860593, 1, 453, 1368, 1355, 25, 8.01%, 0, 0, 4, 12.74
1747860599, 1, 454, 1369, 1356, 25, 8.01%, 0, 0, 4, 12.43
1747860609, 1, 456, 1370, 1357, 25, 8.01%, 0, 0, 4, 11.75
1747860614, 1, 456, 1371, 1358, 25, 8.01%, 0, 0, 4, 10.77
1747860624, 1, 456, 1372, 1359, 25, 8.01%, 0, 0, 4, 11.87
1747860645, 1, 458, 1372, 1359, 25, 8.01%, 0, 0, 4, 12.12
1747860650, 1, 461, 1372, 1359, 25, 8.01%, 0, 0, 4, 12.71
1747860655, 1, 463, 1372, 1359, 25, 8.01%, 0, 0, 4, 12.96
