# unix_time, cycles_done, cur_path, paths_total, pending_total, pending_favs, map_size, unique_crashes, unique_hangs, max_depth, execs_per_sec
1747774285, 0, 0, 1, 1, 1, 5.03%, 0, 0, 1, 30.19
1747774290, 0, 0, 19, 19, 1, 5.83%, 0, 0, 2, 30.64
1747774295, 0, 0, 36, 36, 1, 5.83%, 0, 0, 2, 30.61
1747774300, 0, 0, 53, 53, 1, 5.83%, 0, 0, 2, 31.07
1747774305, 0, 0, 71, 71, 1, 5.83%, 0, 0, 2, 31.44
1747774311, 0, 0, 84, 84, 1, 6.19%, 0, 0, 2, 4.83
1747774316, 0, 0, 85, 85, 1, 6.28%, 0, 0, 2, 3.58
1747774321, 0, 0, 86, 86, 1, 6.28%, 0, 0, 2, 3.59
1747774327, 0, 0, 95, 95, 1, 6.28%, 0, 1, 2, 3.28
1747774332, 0, 0, 100, 100, 1, 6.28%, 0, 1, 2, 1.95
1747774338, 0, 0, 101, 101, 1, 6.28%, 0, 1, 2, 1.88
1747774343, 0, 0, 103, 103, 1, 6.28%, 0, 1, 2, 12.74
1747774348, 0, 0, 105, 105, 1, 6.28%, 0, 1, 2, 2.07
1747774353, 0, 0, 110, 110, 1, 6.28%, 0, 1, 2, 3.23
1747774358, 0, 0, 113, 113, 1, 6.28%, 0, 1, 2, 1.87
1747774363, 0, 0, 117, 117, 1, 6.28%, 0, 1, 2, 7.95
1747774368, 0, 0, 120, 120, 1, 6.28%, 0, 1, 2, 6.00
1747774373, 0, 0, 123, 123, 1, 6.28%, 0, 1, 2, 34.25
1747774379, 0, 0, 128, 128, 1, 6.28%, 0, 1, 2, 5.43
1747774384, 0, 0, 131, 131, 1, 6.28%, 0, 1, 2, 6.41
1747774389, 0, 0, 135, 135, 1, 6.28%, 0, 1, 2, 6.84
1747774394, 0, 0, 138, 138, 1, 6.28%, 0, 1, 2, 6.56
1747774399, 0, 0, 142, 142, 1, 6.28%, 0, 1, 2, 8.04
1747774405, 0, 0, 146, 146, 1, 6.28%, 0, 1, 2, 8.37
1747774415, 0, 0, 147, 147, 1, 6.28%, 0, 1, 2, 1.77
1747774420, 0, 0, 152, 152, 1, 6.28%, 0, 1, 2, 12.07
1747774425, 0, 0, 158, 158, 1, 6.28%, 0, 1, 2, 1.49
1747774431, 0, 0, 160, 160, 1, 6.28%, 0, 1, 2, 17.16
1747774442, 0, 0, 161, 161, 1, 6.28%, 0, 1, 2, 1.52
1747774447, 0, 0, 164, 164, 1, 6.28%, 0, 1, 2, 6.36
1747774453, 0, 0, 165, 165, 1, 6.28%, 0, 1, 2, 4.31
1747774458, 0, 0, 167, 167, 1, 6.28%, 0, 1, 2, 4.60
1747774463, 0, 0, 168, 168, 1, 6.28%, 0, 1, 2, 3.34
1747774468, 0, 0, 173, 173, 1, 6.28%, 0, 1, 2, 7.78
1747774474, 0, 0, 175, 175, 1, 6.28%, 0, 1, 2, 1.17
1747774484, 0, 0, 179, 179, 1, 6.28%, 0, 1, 2, 9.55
1747774489, 0, 0, 183, 183, 1, 6.28%, 0, 1, 2, 7.09
1747774494, 0, 0, 184, 184, 1, 6.28%, 0, 1, 2, 4.74
1747774504, 0, 0, 190, 190, 1, 6.28%, 0, 1, 2, 2.34
1747774510, 0, 0, 191, 191, 1, 6.28%, 0, 1, 2, 2.03
1747774515, 0, 0, 193, 193, 1, 6.28%, 0, 1, 2, 3.33
1747774520, 0, 0, 199, 199, 1, 6.28%, 0, 1, 2, 14.32
1747774525, 0, 0, 200, 200, 1, 6.28%, 0, 1, 2, 1.41
1747774530, 0, 0, 203, 203, 1, 6.28%, 0, 1, 2, 7.07
1747774536, 0, 0, 204, 204, 1, 6.28%, 0, 1, 2, 4.72
1747774541, 0, 0, 208, 208, 1, 6.28%, 0, 1, 2, 7.56
1747774546, 0, 0, 212, 212, 1, 6.28%, 0, 1, 2, 7.86
1747774552, 0, 0, 215, 215, 1, 6.28%, 0, 2, 2, 1.33
1747774557, 0, 0, 216, 216, 1, 6.28%, 0, 2, 2, 2.16
1747774562, 0, 0, 217, 217, 1, 6.28%, 0, 2, 2, 1.82
1747774567, 0, 0, 218, 218, 1, 6.28%, 0, 2, 2, 2.31
1747774572, 0, 0, 219, 219, 1, 6.28%, 0, 2, 2, 2.22
1747774578, 0, 0, 220, 220, 1, 6.28%, 0, 2, 2, 1.97
1747774583, 0, 0, 222, 222, 1, 6.28%, 0, 2, 2, 7.38
1747774588, 0, 0, 223, 223, 1, 6.28%, 0, 2, 2, 4.91
1747774594, 0, 0, 225, 225, 1, 6.28%, 0, 2, 2, 4.93
1747774599, 0, 0, 229, 229, 1, 6.28%, 0, 2, 2, 3.23
1747774604, 0, 0, 231, 231, 1, 6.28%, 0, 2, 2, 3.00
1747774609, 0, 0, 233, 233, 1, 6.28%, 0, 2, 2, 3.88
1747774614, 0, 0, 237, 237, 1, 6.28%, 0, 2, 2, 3.22
1747774619, 0, 0, 240, 240, 1, 6.28%, 0, 2, 2, 24.70
1747774624, 0, 0, 241, 241, 1, 6.28%, 0, 2, 2, 2.04
1747774630, 0, 0, 244, 244, 1, 6.28%, 0, 2, 2, 2.27
1747774635, 0, 0, 247, 247, 1, 6.28%, 0, 2, 2, 3.71
1747774640, 0, 0, 249, 249, 1, 6.28%, 0, 3, 2, 2.99
1747774646, 0, 0, 250, 250, 1, 6.28%, 0, 3, 2, 2.45
1747774651, 0, 0, 253, 253, 1, 6.28%, 0, 3, 2, 21.27
1747774656, 0, 0, 255, 255, 1, 6.28%, 0, 3, 2, 2.62
1747774661, 0, 0, 257, 257, 1, 6.28%, 0, 3, 2, 2.55
1747774667, 0, 0, 258, 258, 1, 6.28%, 0, 3, 2, 2.22
1747774672, 0, 0, 261, 261, 1, 6.28%, 0, 3, 2, 8.33
1747774677, 0, 0, 262, 262, 1, 6.28%, 0, 3, 2, 5.44
1747774682, 0, 0, 263, 263, 1, 6.28%, 0, 3, 2, 4.23
1747774687, 0, 0, 264, 264, 1, 6.28%, 0, 3, 2, 3.10
1747774693, 0, 0, 268, 268, 1, 6.28%, 0, 3, 2, 5.45
1747774698, 0, 0, 270, 270, 1, 6.28%, 0, 3, 2, 5.16
1747774703, 0, 0, 271, 271, 1, 6.28%, 0, 3, 2, 4.64
1747774708, 0, 0, 276, 276, 1, 6.28%, 0, 3, 2, 5.95
1747774713, 0, 0, 277, 277, 1, 6.28%, 0, 3, 2, 49.26
1747774719, 0, 0, 279, 279, 1, 6.28%, 0, 3, 2, 3.19
1747774724, 0, 0, 281, 281, 1, 6.28%, 0, 3, 2, 1.53
1747774729, 0, 0, 282, 282, 1, 6.28%, 0, 3, 2, 2.07
1747774734, 0, 0, 283, 283, 1, 6.28%, 0, 3, 2, 1.95
1747774740, 0, 0, 286, 286, 1, 6.28%, 0, 3, 2, 3.23
1747774745, 0, 0, 287, 287, 1, 6.28%, 0, 3, 2, 2.84
1747774750, 0, 0, 288, 288, 1, 6.28%, 0, 3, 2, 2.42
1747774755, 0, 0, 290, 290, 1, 6.28%, 0, 3, 2, 18.96
1747774761, 0, 0, 297, 297, 1, 6.28%, 0, 3, 2, 14.02
1747774766, 0, 0, 298, 298, 1, 6.28%, 0, 3, 2, 2.27
1747774777, 0, 0, 299, 299, 1, 6.28%, 0, 3, 2, 2.05
1747774782, 0, 0, 301, 301, 1, 6.28%, 0, 3, 2, 2.07
1747774788, 0, 0, 302, 302, 1, 6.28%, 0, 3, 2, 1.79
1747774793, 0, 0, 303, 303, 1, 6.32%, 0, 3, 2, 1.64
1747774803, 0, 0, 306, 306, 1, 6.32%, 0, 3, 2, 4.49
1747774808, 0, 0, 310, 310, 1, 6.32%, 0, 3, 2, 7.82
1747774814, 0, 0, 314, 314, 1, 6.32%, 0, 3, 2, 7.42
1747774819, 0, 0, 317, 317, 1, 6.32%, 0, 3, 2, 1.65
1747774825, 0, 0, 318, 318, 1, 6.32%, 0, 3, 2, 1.46
1747774836, 0, 0, 321, 321, 1, 6.32%, 0, 3, 2, 7.84
1747774841, 0, 0, 326, 326, 1, 6.32%, 0, 3, 2, 10.23
1747774846, 0, 0, 327, 327, 1, 6.32%, 0, 3, 2, 6.74
1747774851, 0, 0, 330, 330, 1, 6.32%, 0, 4, 2, 5.88
1747774856, 0, 0, 331, 331, 1, 6.32%, 0, 4, 2, 4.23
1747774861, 0, 0, 333, 333, 1, 6.32%, 0, 4, 2, 3.84
1747774867, 0, 0, 336, 336, 1, 6.32%, 0, 4, 2, 5.33
1747774872, 0, 0, 339, 339, 1, 6.32%, 0, 4, 2, 3.37
1747774877, 0, 0, 342, 342, 1, 6.32%, 0, 4, 2, 4.10
1747774888, 0, 0, 343, 343, 1, 6.32%, 0, 4, 2, 2.53
1747774894, 0, 0, 348, 348, 1, 6.32%, 0, 4, 2, 14.17
1747774899, 0, 0, 351, 351, 1, 6.32%, 0, 4, 2, 1.59
1747774904, 0, 0, 352, 352, 1, 6.32%, 0, 4, 2, 9.08
1747774910, 0, 0, 353, 353, 1, 6.32%, 0, 4, 2, 1.23
1747774915, 0, 0, 354, 354, 1, 6.32%, 0, 5, 2, 6.37
1747774920, 0, 0, 355, 355, 1, 6.32%, 0, 5, 2, 5.32
1747774926, 0, 0, 357, 357, 1, 6.32%, 0, 5, 2, 5.16
1747774931, 0, 0, 359, 359, 1, 6.32%, 0, 5, 2, 5.88
1747774936, 0, 0, 362, 362, 1, 6.32%, 0, 5, 2, 5.55
1747774941, 0, 0, 364, 364, 1, 6.32%, 0, 5, 2, 4.48
1747774946, 0, 0, 365, 365, 1, 6.32%, 0, 5, 2, 3.46
1747774952, 0, 0, 367, 367, 1, 6.32%, 0, 5, 2, 18.84
1747774957, 0, 0, 369, 369, 1, 6.32%, 0, 5, 2, 1.53
1747774962, 0, 0, 370, 370, 1, 6.32%, 0, 6, 2, 2.53
1747774968, 0, 0, 372, 372, 1, 6.32%, 0, 6, 2, 3.13
1747774973, 0, 0, 375, 375, 1, 6.32%, 0, 6, 2, 4.13
1747774978, 0, 0, 379, 379, 1, 6.32%, 0, 6, 2, 2.65
1747774983, 0, 0, 383, 383, 1, 6.32%, 0, 6, 2, 7.85
1747774988, 0, 0, 386, 386, 1, 6.32%, 0, 6, 2, 5.92
1747774999, 0, 0, 387, 387, 1, 6.32%, 0, 6, 2, 4.11
1747775004, 0, 0, 390, 390, 1, 6.32%, 0, 6, 2, 6.75
1747775010, 0, 0, 391, 391, 1, 6.32%, 0, 6, 2, 4.54
1747775015, 0, 0, 392, 392, 1, 6.32%, 0, 6, 2, 3.35
1747775020, 0, 0, 393, 393, 1, 6.32%, 0, 6, 2, 2.74
1747775025, 0, 0, 397, 397, 1, 6.32%, 0, 6, 2, 13.62
1747775030, 0, 0, 400, 400, 1, 6.32%, 0, 6, 2, 9.22
1747775035, 0, 0, 402, 402, 1, 6.32%, 0, 6, 2, 6.23
1747775040, 0, 0, 403, 403, 1, 6.32%, 0, 6, 2, 5.07
1747775046, 0, 0, 404, 404, 1, 6.32%, 0, 6, 2, 3.79
1747775051, 0, 0, 407, 407, 1, 6.32%, 0, 6, 2, 5.72
1747775056, 0, 0, 412, 412, 1, 6.32%, 0, 6, 2, 19.71
1747775061, 0, 0, 414, 414, 1, 6.32%, 0, 6, 2, 19.47
1747775066, 0, 0, 416, 416, 1, 6.32%, 0, 7, 2, 3.83
1747775071, 0, 0, 419, 419, 1, 6.32%, 0, 7, 2, 5.88
1747775077, 0, 0, 422, 422, 1, 6.32%, 0, 7, 2, 1.19
1747775087, 0, 0, 423, 423, 1, 6.32%, 0, 7, 2, 3.92
1747775092, 0, 0, 428, 428, 1, 6.32%, 0, 7, 2, 15.45
1747775097, 0, 0, 432, 432, 1, 6.32%, 0, 7, 2, 17.92
1747775102, 0, 0, 436, 436, 1, 6.32%, 0, 7, 2, 13.80
1747775108, 0, 0, 439, 439, 1, 6.32%, 0, 7, 2, 1.58
1747775113, 0, 0, 441, 441, 1, 6.32%, 0, 7, 2, 3.91
1747775118, 0, 0, 443, 443, 1, 6.32%, 0, 7, 2, 4.44
1747775123, 0, 0, 448, 448, 1, 6.32%, 0, 7, 2, 9.43
1747775129, 0, 0, 449, 449, 1, 6.32%, 0, 7, 2, 5.93
1747775134, 0, 0, 452, 452, 1, 6.32%, 0, 7, 2, 6.30
1747775139, 0, 0, 457, 457, 1, 6.32%, 0, 7, 2, 3.05
1747775149, 0, 0, 461, 461, 1, 6.32%, 0, 7, 2, 11.26
1747775155, 0, 0, 462, 462, 1, 6.32%, 0, 7, 2, 1.72
1747775160, 0, 0, 465, 465, 1, 6.38%, 0, 7, 2, 8.82
1747775165, 0, 0, 467, 467, 1, 6.38%, 0, 7, 2, 6.92
1747775170, 0, 0, 469, 469, 1, 6.38%, 0, 8, 2, 4.95
1747775175, 0, 0, 471, 471, 1, 6.38%, 0, 8, 2, 6.62
1747775180, 0, 0, 472, 472, 1, 6.38%, 0, 8, 2, 4.77
1747775185, 0, 0, 474, 474, 1, 6.38%, 0, 8, 2, 3.49
1747775190, 0, 0, 476, 476, 1, 6.38%, 0, 8, 2, 3.97
1747775196, 0, 0, 477, 477, 1, 6.38%, 0, 8, 2, 3.58
1747775201, 0, 0, 480, 480, 1, 6.38%, 0, 8, 2, 2.39
1747775206, 0, 0, 481, 481, 1, 6.38%, 0, 8, 2, 2.11
1747775211, 0, 0, 482, 482, 1, 6.38%, 0, 8, 2, 20.92
1747775217, 0, 0, 485, 485, 1, 6.38%, 0, 8, 2, 3.26
1747775227, 0, 0, 486, 486, 1, 6.38%, 0, 8, 2, 1.95
1747775232, 0, 0, 490, 490, 1, 6.38%, 0, 8, 2, 17.13
1747775237, 0, 0, 491, 491, 1, 6.38%, 0, 8, 2, 2.21
1747775243, 0, 0, 492, 492, 1, 6.38%, 0, 9, 2, 2.59
1747775248, 0, 0, 494, 494, 1, 6.38%, 0, 9, 2, 2.70
1747775253, 0, 0, 496, 496, 1, 6.38%, 0, 9, 2, 2.68
1747775259, 0, 0, 498, 498, 1, 6.38%, 0, 9, 2, 5.50
1747775264, 0, 0, 500, 500, 1, 6.38%, 0, 9, 2, 1.33
1747775269, 0, 0, 501, 501, 1, 6.38%, 0, 9, 2, 9.61
1747775275, 0, 0, 503, 503, 1, 6.38%, 0, 9, 2, 1.12
1747775285, 0, 0, 505, 505, 1, 6.38%, 0, 9, 2, 1.35
1747775290, 0, 0, 506, 506, 1, 6.38%, 0, 9, 2, 19.33
1747775296, 0, 0, 508, 508, 1, 6.38%, 0, 9, 2, 1.81
1747775301, 0, 0, 511, 511, 1, 6.38%, 0, 9, 2, 3.33
1747775306, 0, 0, 513, 513, 1, 6.38%, 0, 9, 2, 4.29
1747775312, 0, 0, 515, 515, 1, 6.38%, 0, 9, 2, 7.35
1747775317, 0, 0, 517, 517, 1, 6.38%, 0, 9, 2, 4.63
1747775323, 0, 0, 518, 518, 1, 6.38%, 0, 9, 2, 3.37
1747775334, 0, 0, 519, 519, 1, 6.38%, 0, 9, 2, 3.29
1747775345, 0, 0, 521, 521, 1, 6.38%, 0, 9, 2, 5.39
1747775351, 0, 0, 522, 522, 1, 6.38%, 0, 10, 2, 1.00
1747775356, 0, 0, 524, 524, 1, 6.38%, 0, 10, 2, 2.83
1747775361, 0, 0, 525, 525, 1, 6.38%, 0, 10, 2, 16.49
1747775367, 0, 0, 527, 527, 1, 6.38%, 0, 10, 2, 25.60
1747775372, 0, 0, 529, 529, 1, 6.38%, 0, 10, 2, 4.66
1747775378, 0, 0, 530, 530, 1, 6.38%, 0, 10, 2, 1.56
1747775384, 0, 0, 531, 531, 1, 6.38%, 0, 10, 2, 1.33
1747775389, 0, 0, 532, 532, 1, 6.38%, 0, 10, 2, 1.75
1747775394, 0, 0, 534, 534, 1, 6.38%, 0, 10, 2, 6.42
1747775405, 0, 0, 536, 536, 1, 6.38%, 0, 10, 2, 20.65
1747775410, 0, 0, 538, 538, 1, 6.38%, 0, 10, 2, 4.86
1747775415, 0, 0, 541, 541, 1, 6.38%, 0, 10, 2, 3.98
1747775420, 0, 0, 543, 543, 1, 6.38%, 0, 10, 2, 7.05
1747775426, 0, 0, 544, 544, 1, 6.38%, 0, 10, 2, 5.45
1747775431, 0, 0, 545, 545, 1, 6.38%, 0, 10, 2, 6.03
1747775436, 0, 0, 545, 545, 1, 6.38%, 0, 11, 2, 6.49
1747775442, 0, 0, 546, 546, 1, 6.38%, 0, 11, 2, 1.15
1747775453, 0, 0, 547, 547, 1, 6.38%, 0, 11, 2, 1.34
1747775458, 0, 0, 548, 548, 1, 6.38%, 0, 11, 2, 2.35
1747775463, 0, 0, 549, 549, 1, 6.39%, 0, 11, 2, 22.55
1747775468, 0, 0, 550, 550, 1, 6.39%, 0, 11, 2, 14.55
1747775473, 0, 0, 551, 551, 1, 6.39%, 0, 11, 2, 7.48
1747775478, 0, 0, 552, 552, 1, 6.39%, 0, 12, 2, 10.02
1747775483, 0, 0, 554, 554, 1, 6.39%, 0, 12, 2, 1.07
1747775489, 0, 0, 554, 554, 1, 6.39%, 0, 13, 2, 1.07
1747775495, 0, 0, 556, 556, 1, 6.39%, 0, 13, 2, 1.73
1747775500, 0, 0, 559, 559, 1, 6.39%, 0, 13, 2, 13.60
1747775505, 0, 0, 561, 561, 1, 6.39%, 0, 14, 2, 9.54
1747775511, 0, 0, 563, 563, 1, 6.39%, 0, 14, 2, 6.97
1747775516, 0, 0, 564, 564, 1, 6.39%, 0, 14, 2, 5.12
1747775521, 0, 0, 566, 566, 1, 6.39%, 0, 14, 2, 6.35
1747775531, 0, 0, 568, 568, 1, 6.39%, 0, 14, 2, 7.37
1747775536, 0, 0, 570, 570, 1, 6.39%, 0, 14, 2, 8.61
1747775541, 0, 0, 572, 572, 1, 6.39%, 0, 14, 2, 4.67
1747775552, 0, 0, 574, 574, 1, 6.39%, 0, 14, 2, 5.04
1747775557, 0, 0, 575, 575, 1, 6.39%, 0, 14, 2, 5.07
1747775562, 0, 0, 577, 577, 1, 6.39%, 0, 14, 2, 6.14
1747775578, 0, 0, 578, 578, 1, 6.39%, 0, 14, 2, 2.29
1747775583, 0, 0, 579, 579, 1, 6.39%, 0, 15, 2, 14.48
1747775589, 0, 0, 581, 581, 1, 6.39%, 0, 15, 2, 1.94
1747775594, 0, 0, 582, 582, 1, 6.39%, 0, 15, 2, 19.18
1747775599, 0, 0, 582, 582, 1, 6.39%, 0, 16, 2, 1.65
1747775605, 0, 0, 583, 583, 1, 6.39%, 0, 16, 2, 1.49
1747775610, 0, 0, 584, 584, 1, 6.39%, 0, 16, 2, 1.55
1747775615, 0, 0, 585, 585, 1, 6.39%, 0, 16, 2, 1.45
1747775626, 0, 0, 586, 586, 1, 6.39%, 0, 16, 2, 2.78
1747775636, 0, 0, 587, 587, 1, 6.39%, 0, 16, 2, 2.40
1747775642, 0, 0, 588, 588, 1, 6.39%, 0, 16, 2, 2.71
1747775647, 0, 0, 589, 589, 1, 6.39%, 0, 16, 2, 12.30
1747775657, 0, 0, 591, 591, 1, 6.39%, 0, 16, 2, 4.96
1747775662, 0, 0, 592, 592, 1, 6.39%, 0, 16, 2, 3.96
1747775673, 0, 0, 593, 593, 1, 6.39%, 0, 16, 2, 4.59
1747775689, 0, 0, 594, 594, 1, 6.39%, 0, 17, 2, 1.88
1747775695, 0, 0, 596, 596, 1, 6.39%, 0, 17, 2, 1.00
1747775706, 0, 0, 597, 597, 1, 6.39%, 0, 17, 2, 1.61
1747775711, 0, 0, 598, 598, 1, 6.39%, 0, 17, 2, 9.38
1747775722, 0, 0, 598, 598, 1, 6.39%, 0, 18, 2, 9.03
1747775727, 0, 0, 599, 599, 1, 6.39%, 0, 19, 2, 1.95
1747775732, 0, 0, 600, 600, 1, 6.39%, 0, 19, 2, 1.15
1747775748, 0, 0, 600, 600, 1, 6.39%, 0, 20, 2, 1.78
1747775753, 0, 0, 601, 601, 1, 6.39%, 0, 20, 2, 1.82
1747775758, 0, 0, 602, 602, 1, 6.39%, 0, 20, 2, 24.63
1747775764, 0, 0, 603, 603, 1, 6.39%, 0, 20, 2, 1.34
1747775769, 0, 0, 605, 605, 1, 6.39%, 0, 20, 2, 1.44
1747775780, 0, 0, 606, 606, 1, 6.39%, 0, 20, 2, 1.95
1747775785, 0, 0, 607, 607, 1, 6.39%, 0, 22, 2, 2.77
1747775791, 0, 0, 608, 608, 1, 6.39%, 0, 22, 2, 6.71
1747775801, 0, 0, 608, 608, 1, 6.39%, 0, 23, 2, 7.34
1747775806, 0, 0, 609, 609, 1, 6.39%, 0, 23, 2, 5.81
1747775817, 0, 0, 610, 610, 1, 6.39%, 0, 23, 2, 5.60
1747775834, 0, 0, 611, 611, 1, 6.39%, 0, 23, 2, 11.30
1747775850, 0, 0, 612, 612, 1, 6.39%, 0, 23, 2, 8.91
1747775855, 0, 0, 613, 613, 1, 6.39%, 0, 24, 2, 2.09
1747775865, 0, 0, 614, 614, 1, 6.39%, 0, 24, 2, 3.09
1747775871, 0, 0, 615, 615, 1, 6.39%, 0, 24, 2, 1.07
1747775882, 0, 0, 616, 616, 1, 6.39%, 0, 24, 2, 1.22
1747775893, 0, 0, 617, 617, 1, 6.39%, 0, 25, 2, 7.34
1747775903, 0, 0, 618, 618, 1, 6.44%, 0, 25, 2, 4.06
1747775909, 0, 0, 619, 619, 1, 6.44%, 0, 25, 2, 5.10
1747775920, 0, 0, 620, 620, 1, 6.44%, 0, 25, 2, 3.91
1747775931, 0, 0, 621, 621, 1, 6.44%, 0, 25, 2, 5.05
1747775941, 0, 0, 622, 622, 1, 6.44%, 0, 25, 2, 8.87
1747775947, 0, 0, 623, 623, 1, 6.44%, 0, 25, 2, 2.67
1747775952, 0, 0, 623, 623, 1, 6.44%, 0, 26, 2, 4.03
1747775957, 0, 0, 623, 623, 1, 6.44%, 0, 27, 2, 6.34
1747775962, 0, 0, 624, 624, 1, 6.44%, 0, 27, 2, 4.71
1747775967, 0, 0, 624, 624, 1, 6.44%, 0, 28, 2, 1.39
1747775983, 0, 0, 625, 625, 1, 6.44%, 0, 28, 2, 1.35
1747775988, 0, 0, 626, 626, 1, 6.44%, 0, 28, 2, 5.82
1747775999, 0, 0, 627, 627, 1, 6.44%, 0, 28, 2, 6.56
1747776004, 0, 0, 628, 628, 1, 6.44%, 0, 29, 2, 7.19
1747776010, 0, 0, 629, 629, 1, 6.44%, 0, 29, 2, 8.78
1747776025, 0, 0, 629, 629, 1, 6.44%, 0, 30, 2, 1.90
1747776041, 0, 0, 629, 629, 1, 6.44%, 0, 31, 2, 16.31
1747776052, 0, 0, 629, 629, 1, 6.44%, 0, 32, 2, 3.79
1747776057, 0, 0, 630, 630, 1, 6.44%, 0, 32, 2, 1.33
1747776068, 0, 0, 631, 631, 1, 6.44%, 0, 33, 2, 13.39
1747776078, 0, 0, 632, 632, 1, 6.44%, 0, 33, 2, 1.10
1747776094, 0, 0, 633, 633, 1, 6.44%, 0, 33, 2, 8.15
1747776099, 0, 0, 633, 633, 1, 6.44%, 0, 35, 2, 1.79
1747776110, 0, 0, 633, 633, 1, 6.44%, 0, 36, 2, 1.26
1747776120, 0, 0, 633, 633, 1, 6.44%, 0, 37, 2, 1.89
1747776126, 0, 0, 634, 634, 1, 6.44%, 0, 37, 2, 10.09
1747776131, 0, 0, 634, 634, 1, 6.44%, 0, 38, 2, 9.17
1747776157, 0, 0, 634, 634, 1, 6.44%, 0, 39, 2, 23.47
1747776163, 0, 0, 635, 635, 1, 6.44%, 0, 39, 2, 1.86
1747776178, 0, 0, 635, 635, 1, 6.44%, 0, 40, 2, 8.41
1747776184, 0, 0, 636, 636, 1, 6.44%, 0, 40, 2, 1.22
1747776189, 0, 0, 636, 636, 1, 6.44%, 0, 41, 2, 11.03
1747776200, 0, 0, 637, 637, 1, 6.44%, 0, 43, 2, 3.37
1747776216, 0, 0, 638, 638, 1, 6.44%, 0, 43, 2, 2.44
1747776232, 0, 0, 639, 639, 1, 6.44%, 0, 43, 2, 13.75
1747776237, 0, 0, 639, 639, 1, 6.44%, 0, 44, 2, 2.26
1747776242, 0, 0, 639, 639, 1, 6.44%, 0, 45, 2, 5.61
1747776253, 0, 0, 640, 640, 1, 6.44%, 0, 45, 2, 1.28
1747776264, 0, 0, 641, 641, 1, 6.44%, 0, 45, 2, 12.65
1747776279, 0, 0, 643, 643, 1, 6.44%, 0, 45, 2, 6.60
1747776289, 0, 0, 644, 644, 1, 6.44%, 0, 45, 2, 1.94
1747776299, 0, 0, 645, 645, 1, 6.44%, 0, 45, 2, 1.72
1747776305, 0, 0, 645, 645, 1, 6.44%, 0, 46, 2, 2.72
1747776352, 0, 0, 646, 646, 1, 6.44%, 0, 46, 2, 5.46
1747776374, 0, 0, 647, 647, 1, 6.44%, 0, 47, 2, 5.92
1747776379, 0, 0, 647, 647, 1, 6.44%, 0, 48, 2, 6.61
1747776384, 0, 0, 648, 648, 1, 6.44%, 0, 48, 2, 4.80
1747776395, 0, 0, 649, 649, 1, 6.44%, 0, 49, 2, 3.50
1747776401, 0, 0, 649, 649, 1, 6.44%, 0, 50, 2, 2.73
1747776406, 0, 0, 650, 650, 1, 6.44%, 0, 50, 2, 2.23
1747776416, 0, 0, 650, 650, 1, 6.44%, 0, 51, 2, 3.40
1747776422, 0, 0, 651, 651, 1, 6.44%, 0, 51, 2, 3.11
1747776432, 0, 0, 651, 651, 1, 6.44%, 0, 52, 2, 24.04
1747776458, 0, 0, 651, 651, 1, 6.44%, 0, 53, 2, 15.17
1747776490, 0, 0, 651, 651, 1, 6.44%, 0, 54, 2, 8.34
1747776495, 0, 0, 651, 651, 1, 6.44%, 0, 55, 2, 6.96
1747776505, 0, 0, 652, 652, 1, 6.44%, 0, 55, 2, 12.50
1747776527, 0, 0, 653, 653, 1, 6.44%, 0, 55, 2, 1.00
1747776558, 0, 0, 654, 654, 1, 6.44%, 0, 55, 2, 4.84
1747776579, 0, 0, 655, 655, 1, 6.44%, 0, 55, 2, 2.57
1747776585, 0, 0, 655, 655, 1, 6.44%, 0, 56, 2, 1.81
1747776595, 0, 0, 656, 656, 1, 6.44%, 0, 56, 2, 3.19
1747776612, 0, 0, 657, 657, 1, 6.44%, 0, 57, 2, 1.31
1747776623, 0, 0, 658, 658, 1, 6.46%, 0, 57, 2, 1.72
1747776634, 0, 0, 658, 658, 1, 6.46%, 0, 59, 2, 7.39
1747776639, 0, 0, 658, 658, 1, 6.46%, 0, 60, 2, 8.93
1747776670, 0, 1, 659, 658, 12, 6.46%, 0, 60, 2, 3.64
1747776675, 0, 1, 659, 658, 12, 6.46%, 0, 61, 2, 3.30
1747776681, 0, 1, 660, 659, 12, 6.46%, 0, 61, 2, 3.18
1747776686, 0, 1, 660, 659, 12, 6.46%, 0, 63, 2, 2.77
1747776691, 0, 1, 660, 659, 12, 6.46%, 0, 65, 2, 2.74
1747776702, 0, 1, 660, 659, 12, 6.46%, 0, 66, 2, 2.51
1747776708, 0, 1, 660, 659, 12, 6.46%, 0, 67, 2, 2.30
1747776713, 0, 1, 661, 660, 12, 6.77%, 0, 67, 2, 2.10
1747776728, 0, 1, 663, 662, 12, 6.78%, 0, 68, 2, 2.59
1747776739, 0, 1, 664, 663, 12, 6.78%, 0, 70, 2, 2.33
1747776745, 0, 1, 664, 663, 12, 6.78%, 0, 71, 2, 2.19
1747776755, 0, 1, 666, 665, 12, 6.78%, 0, 71, 2, 3.11
1747776766, 0, 1, 668, 667, 12, 6.78%, 0, 71, 2, 2.56
1747776771, 0, 1, 669, 668, 12, 6.78%, 0, 71, 2, 2.51
1747776776, 0, 1, 670, 669, 12, 6.78%, 0, 72, 2, 2.69
1747776787, 0, 1, 671, 670, 12, 6.78%, 0, 73, 2, 2.47
1747776798, 0, 1, 672, 671, 12, 6.78%, 0, 73, 2, 2.65
1747776803, 0, 1, 672, 671, 12, 6.78%, 0, 75, 2, 2.32
1747776808, 0, 1, 672, 671, 12, 6.78%, 0, 76, 2, 2.68
1747776819, 0, 1, 673, 672, 12, 6.78%, 0, 76, 2, 3.05
1747776824, 0, 1, 674, 673, 12, 6.78%, 0, 76, 2, 3.19
1747776829, 0, 1, 674, 673, 12, 6.78%, 0, 77, 2, 3.01
1747776834, 0, 1, 674, 673, 12, 6.78%, 0, 78, 2, 2.71
1747776840, 0, 1, 675, 674, 12, 6.78%, 0, 78, 2, 2.27
1747776845, 0, 1, 676, 675, 12, 6.78%, 0, 78, 2, 2.60
1747776855, 0, 1, 677, 676, 12, 6.78%, 0, 78, 2, 2.63
1747776861, 0, 1, 677, 676, 12, 6.78%, 0, 79, 2, 2.72
1747776877, 0, 1, 677, 676, 12, 6.78%, 0, 81, 2, 2.39
1747776888, 0, 1, 677, 676, 12, 6.78%, 0, 83, 2, 2.26
1747776904, 0, 1, 678, 677, 12, 6.78%, 0, 84, 2, 2.79
1747776910, 0, 1, 678, 677, 12, 6.78%, 0, 86, 2, 2.44
1747776915, 0, 1, 679, 678, 12, 6.78%, 0, 86, 2, 2.97
1747776920, 0, 1, 679, 678, 12, 6.78%, 0, 87, 2, 2.85
1747776925, 0, 1, 679, 678, 12, 6.78%, 0, 88, 2, 2.62
1747776930, 0, 1, 679, 678, 12, 6.78%, 0, 90, 2, 2.52
1747776936, 0, 1, 680, 679, 12, 6.78%, 0, 90, 2, 2.66
1747776941, 0, 1, 681, 680, 12, 6.78%, 0, 91, 2, 2.40
1747776947, 0, 1, 681, 680, 12, 6.78%, 0, 93, 2, 2.27
1747776958, 0, 1, 682, 681, 12, 6.78%, 0, 93, 2, 2.59
1747776964, 0, 1, 683, 682, 12, 6.78%, 0, 94, 2, 2.61
1747776991, 0, 1, 683, 682, 12, 6.78%, 0, 95, 2, 2.47
1747776996, 0, 1, 684, 683, 12, 6.78%, 0, 95, 2, 2.95
1747777007, 0, 1, 684, 683, 12, 6.78%, 0, 96, 2, 2.73
1747777018, 0, 1, 684, 683, 12, 6.78%, 0, 97, 2, 2.62
1747777023, 0, 1, 684, 683, 12, 6.78%, 0, 98, 2, 2.45
1747777028, 0, 1, 685, 684, 12, 6.79%, 0, 98, 2, 2.39
1747777034, 0, 1, 685, 684, 12, 6.79%, 0, 99, 2, 2.35
1747777055, 0, 1, 686, 685, 12, 6.79%, 0, 100, 2, 3.21
1747777060, 0, 1, 687, 686, 12, 6.79%, 0, 100, 2, 3.20
1747777065, 0, 1, 688, 687, 12, 6.79%, 0, 101, 2, 3.00
1747777071, 0, 1, 688, 687, 12, 6.79%, 0, 102, 2, 2.74
1747777076, 0, 1, 688, 687, 12, 6.79%, 0, 103, 2, 2.60
1747777082, 0, 1, 688, 687, 12, 6.79%, 0, 104, 2, 2.49
1747777092, 0, 1, 689, 688, 12, 6.79%, 0, 104, 2, 2.96
1747777097, 0, 1, 690, 689, 12, 6.79%, 0, 104, 2, 2.93
1747777102, 0, 1, 690, 689, 12, 6.79%, 0, 105, 2, 2.72
1747777118, 0, 1, 691, 690, 12, 6.79%, 0, 105, 2, 2.24
1747777128, 0, 1, 691, 690, 12, 6.79%, 0, 106, 2, 2.39
1747777134, 0, 1, 692, 691, 12, 6.79%, 0, 106, 2, 2.24
1747777145, 0, 1, 692, 691, 12, 6.79%, 0, 107, 2, 2.30
1747777155, 0, 1, 692, 691, 12, 6.79%, 0, 108, 2, 2.77
1747777166, 0, 1, 693, 692, 12, 6.79%, 0, 108, 2, 2.87
1747777171, 0, 1, 693, 692, 12, 6.79%, 0, 110, 2, 2.36
1747777176, 0, 1, 693, 692, 12, 6.79%, 0, 111, 2, 2.17
1747777214, 0, 1, 693, 692, 12, 6.79%, 0, 112, 2, 2.38
1747777219, 0, 1, 693, 692, 12, 6.79%, 0, 113, 2, 2.46
1747777224, 0, 1, 693, 692, 12, 6.79%, 0, 114, 2, 2.37
1747777235, 0, 1, 693, 692, 12, 6.79%, 0, 116, 2, 2.36
1747777240, 0, 1, 694, 693, 12, 6.79%, 0, 116, 2, 2.55
1747777256, 0, 1, 694, 693, 12, 6.79%, 0, 119, 2, 2.31
1747777272, 0, 1, 694, 693, 12, 6.79%, 0, 120, 2, 2.42
1747777277, 0, 1, 694, 693, 12, 6.79%, 0, 121, 2, 2.57
1747777283, 0, 1, 694, 693, 12, 6.79%, 0, 122, 2, 2.33
1747777288, 0, 1, 695, 694, 12, 6.81%, 0, 123, 2, 2.19
1747777304, 0, 1, 695, 694, 12, 6.81%, 0, 124, 2, 2.10
1747777309, 0, 1, 695, 694, 12, 6.81%, 0, 126, 2, 2.29
1747777314, 0, 1, 696, 695, 12, 6.81%, 0, 126, 2, 2.45
1747777319, 0, 1, 696, 695, 12, 6.81%, 0, 127, 2, 2.47
1747777324, 0, 1, 697, 696, 12, 6.81%, 0, 127, 2, 2.25
1747777330, 0, 1, 697, 696, 12, 6.81%, 0, 128, 2, 2.23
1747777363, 0, 1, 697, 696, 12, 6.81%, 0, 129, 2, 2.13
1747777368, 0, 1, 697, 696, 12, 6.81%, 0, 131, 2, 2.07
1747777374, 0, 1, 697, 696, 12, 6.81%, 0, 133, 2, 2.12
1747777384, 0, 1, 697, 696, 12, 6.81%, 0, 134, 2, 2.13
1747777400, 0, 1, 697, 696, 12, 6.81%, 0, 135, 2, 2.42
1747777416, 0, 1, 697, 696, 12, 6.81%, 0, 136, 2, 2.22
1747777433, 0, 1, 697, 696, 12, 6.81%, 0, 137, 2, 2.36
1747777438, 0, 1, 697, 696, 12, 6.81%, 0, 138, 2, 2.47
1747777475, 0, 1, 697, 696, 12, 6.81%, 0, 139, 2, 2.44
1747777487, 0, 1, 697, 696, 12, 6.81%, 0, 140, 2, 2.33
1747777497, 0, 1, 697, 696, 12, 6.81%, 0, 141, 2, 2.28
1747777502, 0, 1, 697, 696, 12, 6.81%, 0, 142, 2, 2.35
1747777507, 0, 1, 698, 697, 12, 6.81%, 0, 142, 2, 2.14
1747777513, 0, 1, 698, 697, 12, 6.81%, 0, 143, 2, 2.26
1747777518, 0, 1, 698, 697, 12, 6.81%, 0, 144, 2, 2.09
1747777523, 0, 1, 698, 697, 12, 6.81%, 0, 145, 2, 1.98
1747777529, 0, 1, 698, 697, 12, 6.81%, 0, 146, 2, 2.35
1747777549, 0, 1, 698, 697, 12, 6.81%, 0, 147, 2, 2.50
1747777554, 0, 1, 698, 697, 12, 6.81%, 0, 148, 2, 2.70
1747777559, 0, 1, 699, 698, 12, 6.81%, 0, 148, 2, 2.99
1747777575, 0, 2, 699, 698, 11, 6.81%, 0, 151, 2, 2.29
1747777580, 0, 2, 699, 698, 11, 6.81%, 0, 153, 2, 2.16
1747777586, 0, 2, 700, 699, 11, 6.81%, 0, 153, 2, 1.86
1747777591, 0, 2, 701, 700, 11, 6.81%, 0, 153, 2, 1.75
1747777596, 0, 2, 701, 700, 11, 6.81%, 0, 154, 2, 1.64
1747777602, 0, 2, 702, 701, 11, 6.81%, 0, 154, 2, 1.52
1747777613, 0, 2, 703, 702, 11, 6.81%, 0, 155, 2, 1.46
1747777623, 0, 2, 703, 702, 11, 6.81%, 0, 156, 2, 1.42
1747777629, 0, 2, 704, 703, 11, 6.81%, 0, 156, 2, 1.42
1747777634, 0, 2, 705, 704, 11, 6.81%, 0, 157, 2, 1.40
1747777640, 0, 2, 706, 705, 11, 6.81%, 0, 157, 2, 1.43
1747777645, 0, 2, 706, 705, 11, 6.81%, 0, 158, 2, 1.54
1747777650, 0, 2, 707, 706, 11, 6.81%, 0, 160, 2, 1.68
1747777660, 0, 2, 708, 707, 11, 6.81%, 0, 161, 2, 1.49
1747777671, 0, 2, 708, 707, 11, 6.81%, 0, 162, 2, 1.41
1747777676, 0, 2, 709, 708, 11, 6.81%, 0, 162, 2, 1.49
1747777681, 0, 2, 710, 709, 11, 6.81%, 0, 162, 2, 1.62
1747777686, 0, 2, 711, 710, 11, 6.81%, 0, 162, 2, 1.70
1747777697, 0, 2, 712, 711, 11, 6.81%, 0, 163, 2, 1.70
1747777713, 0, 2, 712, 711, 11, 6.81%, 0, 164, 2, 1.64
1747777718, 0, 2, 712, 711, 11, 6.81%, 0, 167, 2, 1.49
1747777724, 0, 2, 713, 712, 11, 6.81%, 0, 167, 2, 1.55
1747777729, 0, 2, 714, 713, 11, 6.81%, 0, 167, 2, 1.45
1747777740, 0, 2, 714, 713, 11, 6.81%, 0, 168, 2, 1.44
1747777751, 0, 2, 715, 714, 11, 6.81%, 0, 169, 2, 2.15
1747777756, 0, 2, 716, 715, 11, 6.81%, 0, 169, 2, 1.99
1747777767, 0, 2, 716, 715, 11, 6.81%, 0, 171, 2, 1.56
1747777772, 0, 2, 716, 715, 11, 6.81%, 0, 172, 2, 1.48
1747777778, 0, 2, 716, 715, 11, 6.81%, 0, 175, 2, 1.40
1747777784, 0, 2, 716, 715, 11, 6.81%, 0, 177, 2, 1.39
1747777789, 0, 2, 716, 715, 11, 6.81%, 0, 178, 2, 1.53
1747777794, 0, 2, 717, 716, 11, 6.81%, 0, 178, 2, 1.48
1747777799, 0, 2, 718, 717, 11, 6.81%, 0, 178, 2, 1.46
1747777810, 0, 2, 718, 717, 11, 6.81%, 0, 180, 2, 1.39
1747777815, 0, 2, 719, 718, 11, 6.81%, 0, 181, 2, 1.34
1747777821, 0, 2, 719, 718, 11, 6.81%, 0, 182, 2, 1.31
1747777826, 0, 2, 719, 718, 11, 6.81%, 0, 183, 2, 1.29
1747777831, 0, 2, 720, 719, 11, 6.81%, 0, 183, 2, 1.31
1747777842, 0, 2, 720, 719, 11, 6.81%, 0, 186, 2, 1.44
1747777848, 0, 2, 721, 720, 11, 6.81%, 0, 186, 2, 1.38
1747777853, 0, 2, 722, 721, 11, 6.81%, 0, 186, 2, 1.34
1747777870, 0, 2, 722, 721, 11, 6.81%, 0, 189, 2, 1.43
1747777881, 0, 2, 723, 722, 11, 6.81%, 0, 190, 2, 1.28
1747777887, 0, 2, 723, 722, 11, 6.81%, 0, 191, 2, 1.20
1747777893, 0, 2, 724, 723, 11, 6.81%, 0, 191, 2, 1.28
1747777898, 0, 2, 725, 724, 11, 6.81%, 0, 191, 2, 1.40
1747777903, 0, 2, 725, 724, 11, 6.81%, 0, 192, 2, 1.44
1747777909, 0, 2, 726, 725, 11, 6.81%, 0, 192, 2, 1.35
1747777920, 0, 2, 726, 725, 11, 6.81%, 0, 194, 2, 1.37
1747777925, 0, 2, 726, 725, 11, 6.81%, 0, 196, 2, 1.40
1747777930, 0, 2, 726, 725, 11, 6.81%, 0, 199, 2, 1.34
1747777936, 0, 2, 727, 726, 11, 6.81%, 0, 199, 2, 1.25
1747777942, 0, 2, 727, 726, 11, 6.81%, 0, 200, 2, 1.18
1747777947, 0, 2, 728, 727, 11, 6.81%, 0, 200, 2, 1.15
1747777958, 0, 2, 728, 727, 11, 6.81%, 0, 202, 2, 1.14
1747777964, 0, 2, 728, 727, 11, 6.81%, 0, 203, 2, 1.19
1747777969, 0, 2, 728, 727, 11, 6.81%, 0, 206, 2, 1.20
1747777985, 0, 2, 728, 727, 11, 6.81%, 0, 207, 2, 1.36
1747777990, 0, 2, 729, 728, 11, 6.81%, 0, 207, 2, 1.41
1747777995, 0, 2, 729, 728, 11, 6.81%, 0, 208, 2, 1.32
1747778001, 0, 2, 729, 728, 11, 6.81%, 0, 210, 2, 1.25
1747778006, 0, 2, 730, 729, 11, 6.81%, 0, 211, 2, 1.11
1747778017, 0, 2, 731, 730, 11, 6.81%, 0, 212, 2, 1.26
1747778028, 0, 2, 732, 731, 11, 6.81%, 0, 212, 2, 1.31
1747778033, 0, 2, 733, 732, 11, 6.81%, 0, 212, 2, 1.65
1747778039, 0, 2, 733, 732, 11, 6.81%, 0, 214, 2, 1.79
1747778044, 0, 2, 733, 732, 11, 6.81%, 0, 215, 2, 1.80
1747778050, 0, 2, 733, 732, 11, 6.81%, 0, 218, 2, 1.70
1747778055, 0, 2, 733, 732, 11, 6.81%, 0, 220, 2, 1.56
1747778061, 0, 2, 733, 732, 11, 6.81%, 0, 221, 2, 1.56
1747778066, 0, 2, 733, 732, 11, 6.81%, 0, 223, 2, 1.43
1747778077, 0, 2, 734, 733, 11, 6.81%, 0, 226, 2, 1.39
1747778094, 0, 2, 735, 734, 11, 6.81%, 0, 227, 2, 1.53
1747778099, 0, 2, 735, 734, 11, 6.81%, 0, 228, 2, 1.41
1747778109, 0, 2, 735, 734, 11, 6.81%, 0, 229, 2, 1.42
1747778131, 0, 2, 735, 734, 11, 6.81%, 0, 231, 2, 1.42
1747778142, 0, 2, 735, 734, 11, 6.81%, 0, 232, 2, 1.44
1747778148, 0, 2, 735, 734, 11, 6.81%, 0, 235, 2, 1.46
1747778153, 0, 2, 736, 735, 11, 6.82%, 0, 236, 2, 1.36
1747778164, 0, 2, 737, 736, 11, 6.82%, 0, 236, 2, 1.28
1747778174, 0, 2, 737, 736, 11, 6.82%, 0, 237, 2, 1.25
1747778179, 0, 2, 738, 737, 11, 6.82%, 0, 237, 2, 1.31
1747778190, 0, 2, 738, 737, 11, 6.82%, 0, 238, 2, 1.45
1747778195, 0, 2, 738, 737, 11, 6.82%, 0, 239, 2, 1.33
1747778200, 0, 2, 739, 738, 11, 6.82%, 0, 239, 2, 1.27
1747778217, 0, 2, 739, 738, 11, 6.82%, 0, 242, 2, 1.18
1747778233, 0, 2, 739, 738, 11, 6.82%, 0, 244, 2, 1.26
1747778239, 0, 2, 740, 739, 11, 6.82%, 0, 244, 2, 1.37
1747778244, 0, 2, 740, 739, 11, 6.82%, 0, 245, 2, 1.39
1747778250, 0, 2, 741, 740, 11, 6.82%, 0, 246, 2, 1.32
1747778260, 0, 2, 742, 741, 11, 6.82%, 0, 246, 2, 1.42
1747778276, 0, 2, 742, 741, 11, 6.82%, 0, 247, 2, 1.45
1747778282, 0, 2, 743, 742, 11, 6.82%, 0, 247, 2, 1.48
1747778292, 0, 2, 743, 742, 11, 6.82%, 0, 248, 2, 1.40
1747778298, 0, 2, 743, 742, 11, 6.82%, 0, 249, 2, 1.37
1747778304, 0, 2, 743, 742, 11, 6.82%, 0, 250, 2, 1.32
1747778315, 0, 2, 744, 743, 11, 6.82%, 0, 251, 2, 1.34
1747778320, 0, 2, 745, 744, 11, 6.82%, 0, 251, 2, 1.29
1747778331, 0, 2, 746, 745, 11, 6.82%, 0, 251, 2, 1.18
1747778336, 0, 2, 746, 745, 11, 6.82%, 0, 252, 2, 1.21
1747778342, 0, 2, 747, 746, 11, 6.82%, 0, 252, 2, 1.20
1747778358, 0, 2, 747, 746, 11, 6.82%, 0, 253, 2, 1.28
1747778369, 0, 2, 748, 747, 11, 6.82%, 0, 253, 2, 1.26
1747778380, 0, 2, 748, 747, 11, 6.82%, 0, 255, 2, 1.16
1747778391, 0, 2, 748, 747, 11, 6.82%, 0, 256, 2, 1.19
1747778402, 0, 2, 749, 748, 11, 6.82%, 0, 256, 2, 1.15
1747778424, 0, 2, 749, 748, 11, 6.82%, 0, 258, 2, 1.41
1747778429, 0, 2, 750, 749, 11, 6.82%, 0, 258, 2, 1.33
1747778440, 0, 2, 750, 749, 11, 6.82%, 0, 259, 2, 1.37
1747778446, 0, 2, 751, 750, 11, 6.82%, 0, 260, 2, 1.39
1747778457, 0, 2, 752, 751, 11, 6.82%, 0, 260, 2, 1.37
1747778463, 0, 2, 753, 752, 11, 6.85%, 0, 260, 2, 1.37
1747778468, 0, 2, 754, 753, 11, 6.85%, 0, 260, 2, 1.42
1747778474, 0, 2, 755, 754, 11, 6.85%, 0, 260, 2, 1.44
1747778484, 0, 2, 756, 755, 11, 6.85%, 0, 260, 2, 1.42
1747778490, 0, 2, 757, 756, 11, 6.86%, 0, 260, 2, 1.33
1747778506, 0, 2, 758, 757, 11, 6.86%, 0, 260, 2, 1.95
1747778517, 0, 2, 759, 758, 11, 6.87%, 0, 260, 2, 1.86
1747778565, 0, 2, 760, 759, 11, 6.87%, 0, 260, 2, 1.94
1747778576, 0, 2, 761, 760, 11, 6.87%, 0, 260, 2, 2.37
1747778586, 0, 2, 762, 761, 11, 6.87%, 0, 260, 2, 1.96
1747778597, 0, 2, 763, 762, 11, 6.87%, 0, 260, 2, 1.93
1747778612, 0, 2, 764, 763, 11, 6.87%, 0, 260, 2, 2.13
1747778623, 0, 2, 765, 764, 11, 6.87%, 0, 260, 2, 1.96
1747778640, 0, 2, 766, 765, 11, 6.87%, 0, 260, 2, 1.89
1747778667, 0, 2, 767, 766, 11, 6.87%, 0, 260, 2, 1.96
1747778682, 0, 2, 768, 767, 11, 6.87%, 0, 260, 2, 2.20
1747778699, 0, 2, 769, 768, 11, 6.87%, 0, 260, 2, 1.92
1747778709, 0, 2, 770, 769, 11, 6.87%, 0, 260, 2, 1.74
1747778719, 0, 2, 771, 770, 11, 6.87%, 0, 260, 2, 2.17
1747778730, 0, 2, 772, 771, 11, 6.87%, 0, 260, 2, 2.19
1747778757, 0, 2, 773, 772, 11, 6.87%, 0, 260, 2, 1.90
1747778768, 0, 2, 774, 773, 11, 6.87%, 0, 260, 2, 1.89
1747778773, 0, 2, 775, 774, 11, 6.87%, 0, 260, 2, 1.84
1747778794, 0, 2, 776, 775, 11, 6.87%, 0, 260, 2, 1.58
1747778809, 0, 2, 777, 776, 11, 6.87%, 0, 260, 2, 1.65
1747778852, 0, 2, 778, 777, 11, 6.87%, 0, 260, 2, 2.02
1747778863, 0, 2, 779, 778, 11, 6.87%, 0, 260, 2, 1.70
1747778868, 0, 2, 780, 779, 11, 6.87%, 0, 260, 2, 1.71
1747778879, 0, 2, 781, 780, 11, 6.87%, 0, 260, 2, 1.73
1747778895, 0, 2, 782, 781, 11, 6.87%, 0, 260, 2, 1.95
1747778912, 0, 2, 783, 782, 11, 6.87%, 0, 260, 2, 1.74
1747778938, 0, 2, 784, 783, 11, 6.87%, 0, 260, 2, 1.72
1747778954, 0, 2, 785, 784, 11, 6.87%, 0, 260, 2, 1.76
1747778959, 0, 2, 786, 785, 11, 6.87%, 0, 260, 2, 1.65
1747778970, 0, 2, 787, 786, 11, 6.87%, 0, 260, 2, 1.61
1747778986, 0, 2, 788, 787, 11, 6.87%, 0, 260, 2, 1.64
1747778997, 0, 2, 789, 788, 11, 6.87%, 0, 260, 2, 1.70
1747779013, 0, 2, 790, 789, 11, 6.87%, 0, 260, 2, 1.89
1747779034, 0, 2, 791, 790, 11, 6.87%, 0, 260, 2, 2.02
1747779051, 0, 2, 792, 791, 11, 6.87%, 0, 260, 2, 1.78
1747779093, 0, 2, 793, 792, 11, 6.87%, 0, 260, 2, 1.95
1747779115, 0, 2, 794, 793, 11, 6.87%, 0, 260, 2, 1.54
1747779125, 0, 2, 795, 794, 11, 6.87%, 0, 260, 2, 1.63
1747779131, 0, 2, 796, 795, 11, 6.87%, 0, 260, 2, 1.58
1747779147, 0, 2, 797, 796, 11, 6.87%, 0, 260, 2, 2.15
1747779168, 0, 2, 797, 796, 11, 6.87%, 0, 261, 2, 1.72
1747779179, 0, 2, 797, 796, 11, 6.87%, 0, 263, 2, 1.58
1747779190, 0, 2, 797, 796, 11, 6.87%, 0, 264, 2, 1.36
1747779201, 0, 2, 797, 796, 11, 6.87%, 0, 266, 2, 1.24
1747779206, 0, 4, 797, 796, 13, 6.87%, 0, 269, 2, 1.24
1747779217, 0, 4, 797, 796, 13, 6.87%, 0, 271, 2, 1.24
1747779233, 0, 4, 797, 796, 13, 6.87%, 0, 274, 2, 1.33
1747779238, 0, 4, 797, 796, 13, 6.87%, 0, 275, 2, 1.32
1747779244, 0, 4, 797, 796, 13, 6.87%, 0, 276, 2, 1.23
1747779249, 0, 5, 797, 796, 13, 6.87%, 0, 277, 2, 1.24
1747779254, 0, 5, 797, 796, 13, 6.87%, 0, 279, 2, 1.24
1747779260, 0, 5, 797, 796, 13, 6.87%, 0, 280, 2, 1.31
1747779276, 0, 5, 798, 797, 13, 6.87%, 0, 280, 2, 1.34
1747779287, 0, 5, 798, 797, 13, 6.87%, 0, 281, 2, 1.28
1747779303, 0, 5, 798, 797, 13, 6.87%, 0, 282, 2, 1.32
1747779309, 0, 5, 798, 797, 13, 6.87%, 0, 283, 2, 1.28
1747779314, 0, 5, 798, 797, 13, 6.87%, 0, 284, 2, 1.39
1747779320, 0, 5, 798, 797, 13, 6.87%, 0, 285, 2, 1.31
1747779336, 0, 5, 798, 797, 13, 6.87%, 0, 286, 2, 1.32
1747779341, 0, 7, 798, 797, 13, 6.87%, 0, 287, 2, 1.35
1747779358, 0, 7, 798, 797, 13, 6.87%, 0, 288, 2, 1.16
1747779368, 0, 7, 798, 797, 13, 6.87%, 0, 289, 2, 1.41
1747779379, 0, 7, 798, 797, 13, 6.87%, 0, 290, 2, 1.26
1747779385, 0, 8, 798, 797, 13, 6.87%, 0, 291, 2, 1.23
1747779390, 0, 8, 799, 798, 13, 6.87%, 0, 291, 2, 1.23
1747779406, 0, 8, 800, 799, 13, 6.87%, 0, 291, 2, 1.30
1747779428, 0, 8, 800, 799, 13, 6.87%, 0, 292, 2, 1.29
1747779434, 0, 8, 801, 800, 13, 6.87%, 0, 293, 2, 1.29
1747779444, 0, 8, 801, 800, 13, 6.87%, 0, 294, 2, 1.20
1747779450, 0, 8, 801, 800, 13, 6.87%, 0, 295, 2, 1.25
1747779471, 0, 8, 801, 800, 13, 6.87%, 0, 296, 2, 1.00
1747779482, 0, 8, 801, 800, 13, 6.87%, 0, 298, 2, 1.26
1747779503, 0, 8, 801, 800, 13, 6.87%, 0, 299, 2, 1.29
1747779508, 0, 8, 801, 800, 13, 6.87%, 0, 300, 2, 1.33
1747779519, 0, 8, 801, 800, 13, 6.87%, 0, 303, 2, 1.46
1747779525, 0, 8, 801, 800, 13, 6.87%, 0, 304, 2, 1.31
1747779537, 0, 8, 801, 800, 13, 6.87%, 0, 305, 2, 1.27
1747779543, 0, 8, 801, 800, 13, 6.87%, 0, 307, 2, 1.19
1747779559, 0, 8, 801, 800, 13, 6.87%, 0, 308, 2, 1.21
1747779570, 0, 8, 801, 800, 13, 6.87%, 0, 309, 2, 1.33
1747779646, 0, 8, 801, 800, 13, 6.87%, 0, 310, 2, 1.29
1747779696, 0, 8, 801, 800, 13, 6.87%, 0, 312, 2, 1.42
1747779718, 0, 9, 801, 800, 13, 6.87%, 0, 312, 2, 1.51
1747779745, 0, 9, 802, 801, 13, 6.87%, 0, 312, 2, 1.31
1747779755, 0, 9, 802, 801, 13, 6.87%, 0, 313, 2, 1.20
1747779782, 0, 9, 802, 801, 13, 6.87%, 0, 314, 2, 1.13
1747779810, 0, 12, 802, 801, 13, 6.87%, 0, 314, 2, 1.32
1747779821, 0, 12, 802, 801, 13, 6.87%, 0, 315, 2, 1.25
1747779833, 0, 12, 802, 801, 13, 6.87%, 0, 316, 2, 1.19
1747779844, 0, 12, 802, 801, 13, 6.87%, 0, 317, 2, 1.22
1747779849, 0, 12, 802, 801, 13, 6.87%, 0, 318, 2, 1.22
1747779855, 0, 13, 802, 801, 13, 6.87%, 0, 319, 2, 1.20
1747779887, 0, 14, 802, 801, 13, 6.87%, 0, 319, 2, 1.92
1747779913, 0, 15, 802, 801, 13, 6.87%, 0, 319, 2, 1.95
1747779929, 0, 15, 803, 802, 13, 6.87%, 0, 319, 2, 1.80
1747779951, 0, 15, 804, 803, 13, 6.87%, 0, 319, 2, 1.64
1747779956, 0, 15, 805, 804, 13, 6.87%, 0, 319, 2, 1.84
1747780016, 0, 15, 806, 805, 13, 6.87%, 0, 319, 2, 1.76
1747780114, 0, 15, 807, 806, 13, 6.87%, 0, 319, 2, 2.23
1747780152, 0, 15, 808, 807, 13, 6.87%, 0, 319, 2, 1.78
1747780163, 0, 15, 809, 808, 13, 6.87%, 0, 319, 2, 1.97
1747780179, 0, 15, 810, 809, 13, 6.87%, 0, 319, 2, 1.82
1747780189, 0, 15, 810, 809, 13, 6.87%, 0, 320, 2, 1.69
1747780194, 0, 15, 811, 810, 13, 6.87%, 0, 320, 2, 1.71
1747780215, 0, 15, 812, 811, 13, 6.87%, 0, 320, 2, 1.77
1747780311, 0, 15, 813, 812, 13, 6.87%, 0, 320, 2, 1.62
1747780322, 0, 15, 814, 813, 13, 6.87%, 0, 320, 2, 1.67
1747780327, 0, 15, 815, 814, 13, 6.87%, 0, 320, 2, 1.60
1747780338, 0, 15, 816, 815, 13, 6.87%, 0, 320, 2, 1.64
1747780348, 0, 15, 817, 816, 13, 6.87%, 0, 320, 2, 1.74
1747780353, 0, 15, 818, 817, 13, 6.87%, 0, 320, 2, 1.68
1747780364, 0, 15, 819, 818, 13, 6.87%, 0, 320, 2, 1.65
1747780390, 0, 15, 820, 819, 13, 6.87%, 0, 320, 2, 2.11
1747780412, 0, 15, 821, 820, 13, 6.87%, 0, 320, 2, 1.76
1747780570, 0, 15, 822, 821, 13, 6.87%, 0, 320, 2, 2.24
1747780669, 0, 15, 822, 821, 13, 6.87%, 0, 321, 2, 1.21
1747780703, 0, 15, 822, 821, 13, 6.87%, 0, 322, 2, 1.32
1747780715, 0, 15, 822, 821, 13, 6.87%, 0, 323, 2, 1.28
1747780732, 0, 15, 822, 821, 13, 6.87%, 0, 324, 2, 1.18
1747780759, 0, 15, 822, 821, 13, 6.87%, 0, 325, 2, 1.27
1747780798, 0, 15, 823, 822, 13, 6.87%, 0, 325, 2, 1.31
1747780830, 0, 15, 823, 822, 13, 6.87%, 0, 326, 2, 1.38
1747780835, 0, 15, 823, 822, 13, 6.87%, 0, 327, 2, 1.44
1747780862, 0, 15, 823, 822, 13, 6.87%, 0, 328, 2, 1.39
1747780883, 0, 15, 823, 822, 13, 6.87%, 0, 329, 2, 1.54
1747780926, 0, 15, 823, 822, 13, 6.87%, 0, 330, 2, 1.20
1747780943, 0, 15, 823, 822, 13, 6.87%, 0, 331, 2, 1.17
1747780948, 0, 15, 823, 822, 13, 6.87%, 0, 332, 2, 1.18
1747780954, 0, 15, 823, 822, 13, 6.87%, 0, 333, 2, 1.19
1747780965, 0, 15, 823, 822, 13, 6.87%, 0, 334, 2, 1.17
1747780971, 0, 15, 823, 822, 13, 6.87%, 0, 335, 2, 1.22
1747781031, 0, 15, 823, 822, 13, 6.87%, 0, 336, 2, 1.39
1747781063, 0, 16, 823, 822, 14, 6.87%, 0, 336, 2, 1.49
1747781086, 0, 16, 823, 822, 14, 6.87%, 0, 337, 2, 1.38
1747781108, 0, 18, 823, 822, 14, 6.87%, 0, 337, 2, 1.37
1747781130, 0, 18, 824, 823, 14, 6.87%, 0, 337, 2, 1.26
1747781163, 0, 18, 824, 823, 14, 6.87%, 0, 338, 2, 1.17
1747781202, 0, 19, 824, 823, 14, 6.87%, 0, 338, 2, 1.41
1747781207, 0, 19, 824, 823, 14, 6.87%, 0, 339, 2, 1.33
1747781224, 0, 19, 824, 823, 14, 6.87%, 0, 340, 2, 1.33
1747781240, 0, 21, 824, 823, 14, 6.87%, 0, 340, 2, 1.35
1747781277, 0, 21, 824, 823, 14, 6.87%, 0, 341, 2, 1.37
1747781283, 0, 23, 824, 823, 14, 6.87%, 0, 341, 2, 1.30
1747781300, 0, 23, 825, 824, 14, 6.87%, 0, 341, 2, 1.31
1747781327, 0, 23, 825, 824, 14, 6.87%, 0, 342, 2, 1.25
1747781338, 0, 23, 825, 824, 14, 6.87%, 0, 343, 2, 1.30
1747781372, 0, 24, 825, 824, 14, 6.87%, 0, 343, 2, 1.37
1747781399, 0, 24, 825, 824, 14, 6.87%, 0, 344, 2, 1.26
1747781415, 0, 25, 825, 824, 14, 6.87%, 0, 344, 2, 1.36
1747781458, 0, 26, 825, 824, 14, 6.87%, 0, 344, 2, 1.35
1747781496, 0, 27, 825, 824, 14, 6.87%, 0, 344, 2, 1.39
1747781528, 0, 27, 825, 824, 14, 6.87%, 0, 345, 2, 1.34
1747781533, 0, 28, 825, 824, 14, 6.87%, 0, 345, 2, 1.50
1747781561, 0, 28, 825, 824, 14, 6.87%, 0, 346, 2, 1.22
1747781577, 0, 29, 825, 824, 14, 6.87%, 0, 346, 2, 1.23
1747781599, 0, 29, 826, 825, 14, 6.87%, 0, 346, 2, 1.13
1747781621, 0, 29, 826, 825, 14, 6.87%, 0, 347, 2, 1.41
1747781672, 0, 30, 826, 825, 14, 6.87%, 0, 347, 2, 1.29
1747781694, 0, 30, 827, 826, 14, 6.87%, 0, 347, 2, 1.96
1747781743, 0, 30, 827, 826, 14, 6.87%, 0, 348, 2, 1.28
1747781753, 0, 31, 827, 826, 14, 6.87%, 0, 348, 2, 1.42
1747781770, 0, 31, 827, 826, 14, 6.87%, 0, 349, 2, 1.30
1747781797, 0, 32, 827, 826, 14, 6.87%, 0, 349, 2, 1.25
1747781834, 0, 33, 827, 826, 14, 6.87%, 0, 349, 2, 1.54
1747781871, 0, 34, 827, 826, 14, 6.87%, 0, 349, 2, 1.47
1747781909, 0, 37, 827, 826, 14, 6.87%, 0, 349, 2, 1.51
1747781952, 0, 39, 827, 826, 14, 6.87%, 0, 349, 2, 1.47
1747781989, 0, 40, 827, 826, 14, 6.87%, 0, 349, 2, 1.04
1747782001, 0, 40, 828, 827, 14, 6.87%, 0, 349, 2, 1.25
1747782016, 0, 40, 829, 828, 14, 6.87%, 0, 349, 2, 1.29
1747782162, 0, 41, 829, 828, 14, 6.87%, 0, 350, 2, 1.28
1747782178, 0, 41, 829, 828, 14, 6.87%, 0, 351, 2, 1.10
1747782199, 0, 43, 829, 828, 14, 6.87%, 0, 351, 2, 1.57
1747782233, 0, 46, 829, 828, 14, 6.87%, 0, 351, 2, 1.62
1747782276, 0, 47, 829, 828, 14, 6.87%, 0, 351, 2, 1.35
1747782313, 0, 48, 829, 828, 14, 6.87%, 0, 351, 2, 1.29
1747782356, 0, 50, 829, 828, 14, 6.87%, 0, 351, 2, 1.53
1747782378, 0, 50, 829, 828, 14, 6.87%, 0, 352, 2, 1.29
1747782394, 0, 51, 829, 828, 14, 6.87%, 0, 352, 2, 1.33
1747782436, 0, 52, 829, 828, 14, 6.87%, 0, 352, 2, 1.30
1747782474, 0, 54, 829, 828, 14, 6.87%, 0, 352, 2, 1.06
1747782517, 0, 55, 829, 828, 14, 6.87%, 0, 352, 2, 1.26
1747782523, 0, 55, 829, 828, 14, 6.87%, 0, 353, 2, 1.20
1747782556, 0, 55, 829, 828, 14, 6.87%, 0, 354, 2, 1.30
1747782562, 0, 56, 829, 828, 14, 6.87%, 0, 354, 2, 1.24
1747782572, 0, 56, 830, 829, 14, 6.87%, 0, 354, 2, 1.39
1747782622, 0, 56, 830, 829, 14, 6.87%, 0, 355, 2, 1.90
1747782633, 0, 56, 830, 829, 14, 6.87%, 0, 356, 2, 1.86
1747782638, 0, 58, 830, 829, 14, 6.87%, 0, 356, 2, 1.63
1747782683, 0, 60, 830, 829, 14, 6.87%, 0, 356, 2, 1.23
1747782722, 0, 61, 830, 829, 14, 6.87%, 0, 356, 2, 1.34
1747782759, 0, 61, 830, 829, 14, 6.87%, 0, 357, 2, 1.29
1747782770, 0, 62, 830, 829, 14, 6.87%, 0, 357, 2, 1.27
1747782808, 0, 63, 830, 829, 14, 6.87%, 0, 357, 2, 1.37
1747782846, 0, 65, 830, 829, 14, 6.87%, 0, 357, 2, 1.48
1747782884, 0, 66, 830, 829, 14, 6.87%, 0, 357, 2, 1.51
1747782928, 0, 67, 830, 829, 14, 6.87%, 0, 357, 2, 1.33
1747782939, 0, 67, 830, 829, 14, 6.87%, 0, 358, 2, 1.29
1747782945, 0, 67, 830, 829, 14, 6.87%, 0, 359, 2, 1.23
1747782974, 0, 69, 830, 829, 14, 6.87%, 0, 359, 2, 1.36
1747783012, 0, 70, 830, 829, 14, 6.87%, 0, 359, 2, 1.30
1747783056, 0, 71, 830, 829, 14, 6.87%, 0, 359, 2, 1.38
1747783097, 0, 72, 830, 829, 14, 6.87%, 0, 359, 2, 1.21
1747783141, 0, 73, 830, 829, 14, 6.87%, 0, 359, 2, 1.35
1747783184, 0, 74, 830, 829, 14, 6.87%, 0, 359, 2, 1.19
1747783228, 0, 77, 830, 829, 14, 6.87%, 0, 359, 2, 1.30
1747783245, 0, 77, 830, 829, 14, 6.87%, 0, 360, 2, 1.31
1747783267, 0, 78, 830, 829, 14, 6.87%, 0, 360, 2, 1.27
1747783309, 0, 80, 830, 829, 14, 6.87%, 0, 360, 2, 1.13
1747783352, 0, 81, 830, 829, 14, 6.87%, 0, 360, 2, 1.48
1747783390, 0, 82, 830, 829, 14, 6.87%, 0, 360, 2, 1.36
1747783423, 0, 82, 830, 829, 14, 6.87%, 0, 361, 2, 1.55
1747783429, 0, 84, 830, 829, 14, 6.87%, 0, 361, 2, 1.39
1747783451, 0, 84, 830, 829, 14, 6.87%, 0, 362, 2, 1.35
1747783468, 0, 85, 830, 829, 14, 6.87%, 0, 362, 2, 1.26
1747783478, 0, 85, 830, 829, 14, 6.87%, 0, 363, 2, 1.32
1747783512, 0, 87, 830, 829, 14, 6.87%, 0, 363, 2, 1.37
1747783550, 0, 88, 830, 829, 14, 6.87%, 0, 363, 2, 1.35
1747783588, 0, 89, 830, 829, 14, 6.87%, 0, 363, 2, 1.37
1747783626, 0, 90, 830, 829, 14, 6.87%, 0, 363, 2, 1.37
1747783665, 0, 91, 830, 829, 14, 6.87%, 0, 363, 2, 1.37
1747783709, 0, 92, 830, 829, 14, 6.87%, 0, 363, 2, 1.34
1747783743, 0, 95, 830, 829, 14, 6.87%, 0, 363, 2, 1.45
1747783786, 0, 97, 830, 829, 14, 6.87%, 0, 363, 2, 1.34
1747783826, 0, 98, 830, 829, 14, 6.87%, 0, 363, 2, 1.29
1747783865, 0, 101, 830, 829, 14, 6.87%, 0, 363, 2, 1.49
1747783899, 0, 101, 830, 829, 14, 6.87%, 0, 364, 2, 1.26
1747783904, 0, 101, 831, 830, 14, 6.87%, 0, 364, 2, 1.21
1747783953, 0, 101, 832, 831, 14, 6.87%, 0, 364, 2, 1.24
1747784046, 0, 102, 832, 831, 15, 6.87%, 0, 364, 2, 1.43
1747784084, 0, 103, 832, 831, 15, 6.87%, 0, 364, 2, 1.36
1747784124, 0, 105, 832, 831, 15, 6.87%, 0, 364, 2, 1.29
1747784151, 0, 105, 833, 832, 15, 6.87%, 0, 364, 2, 1.41
1747784207, 0, 105, 834, 833, 15, 6.87%, 0, 364, 2, 1.25
1747784281, 0, 105, 834, 833, 15, 6.87%, 0, 365, 2, 1.26
1747784303, 0, 106, 834, 833, 15, 6.87%, 0, 365, 2, 1.18
1747784346, 0, 107, 834, 833, 15, 6.87%, 0, 365, 2, 1.29
1747784363, 0, 107, 835, 834, 15, 6.87%, 0, 365, 2, 1.31
1747784395, 0, 107, 835, 834, 15, 6.87%, 0, 366, 2, 1.31
1747784439, 0, 108, 835, 834, 15, 6.87%, 0, 366, 2, 1.37
1747784476, 0, 109, 835, 834, 15, 6.87%, 0, 366, 2, 1.40
1747784498, 0, 109, 836, 835, 15, 6.87%, 0, 366, 2, 1.59
1747784520, 0, 109, 836, 835, 15, 6.87%, 0, 367, 2, 1.52
1747784537, 0, 109, 837, 836, 15, 6.87%, 0, 367, 2, 1.34
1747784614, 0, 109, 838, 837, 15, 6.87%, 0, 367, 2, 1.44
1747784647, 0, 109, 839, 838, 15, 6.87%, 0, 367, 2, 1.33
1747784663, 0, 109, 840, 839, 15, 6.87%, 0, 367, 2, 1.19
1747784673, 0, 109, 841, 840, 15, 6.87%, 0, 367, 2, 1.19
1747784772, 0, 109, 841, 840, 15, 6.87%, 0, 368, 2, 1.38
1747784788, 0, 109, 842, 841, 15, 6.87%, 0, 368, 2, 1.36
1747784864, 0, 109, 843, 842, 15, 6.87%, 0, 368, 2, 1.48
1747784874, 0, 109, 844, 843, 15, 6.87%, 0, 368, 2, 1.43
1747784918, 0, 109, 844, 843, 15, 6.87%, 0, 369, 2, 1.55
1747785319, 0, 109, 844, 843, 15, 6.87%, 0, 370, 2, 1.16
1747785331, 0, 109, 845, 844, 15, 6.87%, 0, 370, 2, 1.16
1747785515, 0, 109, 846, 845, 15, 6.87%, 0, 370, 2, 1.88
1747785520, 0, 109, 847, 846, 15, 6.87%, 0, 370, 2, 1.78
1747785552, 0, 109, 847, 846, 15, 6.87%, 0, 371, 2, 2.11
1747785589, 0, 109, 848, 847, 15, 6.87%, 0, 371, 2, 2.48
1747785595, 0, 109, 849, 848, 15, 6.87%, 0, 371, 2, 2.21
1747785610, 0, 109, 850, 849, 15, 6.87%, 0, 371, 2, 1.74
1747785690, 0, 110, 850, 849, 15, 6.87%, 0, 371, 2, 2.09
1747785716, 0, 112, 851, 850, 15, 6.87%, 0, 371, 2, 2.27
1747785770, 0, 113, 851, 850, 15, 6.87%, 0, 371, 2, 2.01
1747785797, 0, 115, 851, 850, 15, 6.87%, 0, 371, 2, 2.09
1747785823, 0, 117, 852, 851, 15, 6.87%, 0, 371, 2, 2.03
1747785840, 0, 117, 853, 852, 15, 6.87%, 0, 371, 2, 1.72
1747785866, 0, 117, 854, 853, 15, 6.87%, 0, 371, 2, 1.79
1747785898, 0, 117, 855, 854, 15, 6.87%, 0, 371, 2, 1.90
1747785994, 0, 117, 856, 855, 15, 6.87%, 0, 371, 2, 1.86
1747786020, 0, 117, 857, 856, 15, 6.87%, 0, 371, 2, 2.08
1747786062, 0, 117, 858, 857, 15, 6.87%, 0, 371, 2, 1.90
1747786077, 0, 117, 859, 858, 15, 6.87%, 0, 371, 2, 1.76
1747786110, 0, 117, 860, 859, 15, 6.87%, 0, 371, 2, 1.64
1747786146, 0, 117, 861, 860, 15, 6.87%, 0, 371, 2, 1.60
1747786179, 0, 117, 862, 861, 15, 6.87%, 0, 371, 2, 1.72
1747786237, 0, 117, 863, 862, 15, 6.87%, 0, 371, 2, 1.78
1747786576, 0, 117, 864, 863, 15, 6.87%, 0, 371, 2, 1.82
1747786665, 0, 117, 865, 864, 15, 6.87%, 0, 371, 2, 2.33
1747786794, 0, 118, 865, 864, 15, 6.87%, 0, 371, 2, 1.86
1747786820, 0, 120, 865, 864, 15, 6.87%, 0, 371, 2, 2.50
1747786842, 0, 121, 865, 864, 15, 6.87%, 0, 371, 2, 2.27
1747786869, 0, 122, 865, 864, 15, 6.87%, 0, 371, 2, 2.47
1747786896, 0, 123, 865, 864, 15, 6.87%, 0, 371, 2, 2.59
1747786901, 0, 123, 866, 865, 15, 6.87%, 0, 371, 2, 2.18
1747786912, 0, 123, 867, 866, 15, 6.87%, 0, 371, 2, 1.82
1747786934, 0, 123, 868, 867, 15, 6.87%, 0, 371, 2, 1.66
1747787084, 0, 123, 869, 868, 15, 6.87%, 0, 371, 2, 1.70
1747787148, 0, 123, 870, 869, 15, 6.87%, 0, 371, 2, 2.06
1747787228, 0, 123, 871, 870, 15, 6.87%, 0, 371, 2, 1.77
1747787260, 0, 123, 872, 871, 15, 6.87%, 0, 371, 2, 1.82
1747787367, 0, 123, 873, 872, 15, 6.87%, 0, 371, 2, 2.14
1747787453, 0, 123, 873, 872, 15, 6.87%, 0, 372, 2, 2.08
1747787497, 0, 123, 873, 872, 15, 6.87%, 0, 373, 2, 1.88
1747787539, 0, 123, 874, 873, 15, 6.87%, 0, 373, 2, 2.05
1747787620, 0, 123, 875, 874, 15, 6.87%, 0, 373, 2, 2.04
1747787749, 0, 123, 876, 875, 15, 6.87%, 0, 373, 2, 1.96
1747787865, 0, 124, 876, 875, 15, 6.87%, 0, 373, 2, 2.15
1747787891, 0, 125, 876, 875, 15, 6.87%, 0, 373, 2, 2.08
1747787923, 0, 126, 876, 875, 15, 6.87%, 0, 373, 2, 1.98
1747787933, 0, 126, 877, 876, 15, 6.87%, 0, 373, 2, 2.13
1747787981, 0, 127, 877, 876, 15, 6.87%, 0, 373, 2, 2.20
1747788002, 0, 128, 877, 876, 15, 6.87%, 0, 373, 2, 2.20
1747788029, 0, 130, 877, 876, 15, 6.87%, 0, 373, 2, 2.45
1747788050, 0, 131, 877, 876, 15, 6.87%, 0, 373, 2, 2.51
1747788076, 0, 132, 877, 876, 15, 6.87%, 0, 373, 2, 2.16
1747788098, 0, 134, 877, 876, 15, 6.87%, 0, 373, 2, 2.13
1747788130, 0, 135, 877, 876, 15, 6.87%, 0, 373, 2, 1.98
1747788156, 0, 136, 877, 876, 15, 6.87%, 0, 373, 2, 2.11
1747788167, 0, 136, 878, 877, 15, 6.87%, 0, 373, 2, 2.05
1747788199, 0, 136, 879, 878, 15, 6.87%, 0, 373, 2, 2.29
1747788226, 0, 136, 880, 879, 15, 6.87%, 0, 373, 2, 1.69
1747788342, 0, 136, 881, 880, 15, 6.87%, 0, 373, 2, 2.20
1747788578, 0, 136, 882, 881, 15, 6.87%, 0, 373, 2, 2.24
1747788705, 0, 136, 883, 882, 15, 6.87%, 0, 373, 2, 2.18
1747788779, 0, 136, 884, 883, 15, 6.87%, 0, 373, 2, 1.83
1747788895, 0, 136, 885, 884, 15, 6.87%, 0, 373, 2, 2.21
1747788943, 0, 136, 886, 885, 15, 6.87%, 0, 373, 2, 1.90
1747789007, 0, 137, 886, 885, 15, 6.87%, 0, 373, 2, 2.53
1747789034, 0, 138, 887, 886, 15, 6.87%, 0, 373, 2, 2.07
1747789056, 0, 138, 888, 887, 15, 6.87%, 0, 373, 2, 2.12
1747789066, 0, 138, 889, 888, 15, 6.87%, 0, 373, 2, 2.02
1747789076, 0, 138, 890, 889, 15, 6.87%, 0, 373, 2, 2.07
1747789082, 0, 138, 891, 890, 15, 6.87%, 0, 373, 2, 2.11
1747789098, 0, 138, 892, 891, 15, 6.87%, 0, 373, 2, 1.96
1747789109, 0, 138, 893, 892, 15, 6.87%, 0, 373, 2, 2.01
1747789120, 0, 138, 894, 893, 15, 6.87%, 0, 373, 2, 2.08
1747789152, 0, 138, 895, 894, 15, 6.87%, 0, 373, 2, 3.00
1747789157, 0, 138, 896, 895, 15, 6.87%, 0, 373, 2, 2.44
1747789184, 0, 138, 897, 896, 15, 6.87%, 0, 373, 2, 2.01
1747789190, 0, 138, 898, 897, 15, 6.87%, 0, 373, 2, 1.95
1747789200, 0, 138, 899, 898, 15, 6.87%, 0, 373, 2, 2.07
1747789232, 0, 138, 900, 899, 15, 6.87%, 0, 373, 2, 2.45
1747789404, 0, 138, 901, 900, 15, 6.87%, 0, 373, 2, 2.39
1747789425, 0, 138, 902, 901, 15, 6.87%, 0, 373, 2, 1.94
1747789600, 0, 138, 903, 902, 15, 6.87%, 0, 373, 2, 2.44
1747789633, 0, 138, 904, 903, 15, 6.87%, 0, 373, 2, 2.71
1747789659, 0, 138, 905, 904, 15, 6.87%, 0, 373, 2, 2.97
1747789713, 0, 138, 906, 905, 15, 6.87%, 0, 373, 2, 2.38
1747789777, 0, 138, 907, 906, 15, 6.87%, 0, 373, 2, 2.38
1747789799, 0, 138, 908, 907, 15, 6.87%, 0, 373, 2, 2.39
1747789815, 0, 138, 909, 908, 15, 6.87%, 0, 373, 2, 2.30
1747789831, 0, 138, 910, 909, 15, 6.87%, 0, 373, 2, 2.26
1747789899, 0, 139, 910, 909, 16, 6.87%, 0, 373, 2, 1.10
1747789910, 0, 139, 911, 910, 16, 6.87%, 0, 373, 2, 1.88
1747789952, 0, 140, 911, 910, 16, 6.87%, 0, 373, 2, 2.81
1747789973, 0, 141, 911, 910, 16, 6.87%, 0, 373, 2, 2.61
1747789995, 0, 142, 911, 910, 16, 6.87%, 0, 373, 2, 2.46
1747790017, 0, 143, 911, 910, 16, 6.87%, 0, 373, 2, 2.47
1747790033, 0, 143, 912, 911, 16, 6.87%, 0, 373, 2, 2.46
1747790065, 0, 143, 913, 912, 16, 6.87%, 0, 373, 2, 2.26
1747790123, 0, 144, 913, 912, 16, 6.87%, 0, 373, 2, 2.73
1747790139, 0, 144, 914, 913, 16, 6.87%, 0, 373, 2, 2.50
1747790177, 0, 145, 915, 914, 16, 6.87%, 0, 373, 2, 2.18
1747790231, 0, 146, 915, 914, 16, 6.87%, 0, 373, 2, 2.87
1747790247, 0, 147, 915, 914, 16, 6.87%, 0, 373, 2, 3.24
1747790252, 0, 147, 916, 915, 16, 6.87%, 0, 373, 2, 2.54
1747790284, 0, 147, 917, 916, 16, 6.87%, 0, 373, 2, 2.41
1747790343, 0, 148, 917, 916, 16, 6.87%, 0, 373, 2, 3.23
1747790364, 0, 149, 917, 916, 16, 6.87%, 0, 373, 2, 2.95
1747790390, 0, 151, 918, 917, 16, 6.87%, 0, 373, 2, 2.67
1747790443, 0, 152, 918, 917, 16, 6.87%, 0, 373, 2, 2.73
1747790464, 0, 153, 918, 917, 16, 6.87%, 0, 373, 2, 2.87
1747790485, 0, 154, 918, 917, 16, 6.87%, 0, 373, 2, 2.82
1747790507, 0, 155, 918, 917, 16, 6.87%, 0, 373, 2, 2.67
1747790528, 0, 156, 918, 917, 16, 6.87%, 0, 373, 2, 2.81
1747790533, 0, 156, 919, 918, 16, 6.87%, 0, 373, 2, 2.48
1747790581, 0, 158, 919, 918, 16, 6.87%, 0, 373, 2, 2.22
1747790603, 0, 159, 919, 918, 16, 6.87%, 0, 373, 2, 2.55
1747790624, 0, 161, 919, 918, 16, 6.87%, 0, 373, 2, 2.65
1747790651, 0, 162, 919, 918, 16, 6.87%, 0, 373, 2, 2.83
1747790672, 0, 163, 920, 919, 16, 6.87%, 0, 373, 2, 2.45
1747790720, 0, 163, 921, 920, 16, 6.87%, 0, 373, 2, 2.03
1747790767, 0, 164, 921, 920, 16, 6.87%, 0, 373, 2, 2.90
1747790794, 0, 165, 921, 920, 16, 6.87%, 0, 373, 2, 2.47
1747790821, 0, 166, 921, 920, 16, 6.87%, 0, 373, 2, 2.87
1747790831, 0, 166, 922, 921, 16, 6.87%, 0, 373, 2, 2.62
1747790876, 0, 167, 922, 921, 16, 6.87%, 0, 373, 2, 1.82
1747790908, 0, 168, 922, 921, 16, 6.87%, 0, 373, 2, 2.13
1747790946, 0, 169, 922, 921, 16, 6.87%, 0, 373, 2, 1.87
1747790979, 0, 170, 922, 921, 16, 6.87%, 0, 373, 2, 1.91
1747791000, 0, 170, 922, 921, 16, 6.87%, 0, 374, 2, 1.60
1747791011, 0, 171, 922, 921, 16, 6.87%, 0, 374, 2, 1.74
1747791048, 0, 172, 922, 921, 16, 6.87%, 0, 374, 2, 1.47
1747791082, 0, 173, 922, 921, 16, 6.87%, 0, 374, 2, 1.89
1747791116, 0, 174, 922, 921, 16, 6.87%, 0, 374, 2, 1.51
1747791154, 0, 177, 922, 921, 16, 6.87%, 0, 374, 2, 1.51
1747791186, 0, 179, 922, 921, 16, 6.87%, 0, 374, 2, 1.59
1747791223, 0, 180, 922, 921, 16, 6.87%, 0, 374, 2, 1.67
1747791261, 0, 182, 922, 921, 16, 6.87%, 0, 374, 2, 1.27
1747791293, 0, 183, 922, 921, 16, 6.87%, 0, 374, 2, 1.52
1747791325, 0, 184, 922, 921, 16, 6.87%, 0, 374, 2, 1.79
1747791359, 0, 186, 922, 921, 16, 6.87%, 0, 374, 2, 1.53
1747791392, 0, 187, 922, 921, 16, 6.87%, 0, 374, 2, 1.70
1747791430, 0, 190, 922, 921, 16, 6.87%, 0, 374, 2, 1.01
1747791463, 0, 195, 922, 921, 16, 6.87%, 0, 374, 2, 1.75
1747791496, 0, 196, 922, 921, 16, 6.87%, 0, 374, 2, 1.49
1747791533, 0, 197, 922, 921, 16, 6.87%, 0, 374, 2, 1.48
1747791570, 0, 198, 922, 921, 16, 6.87%, 0, 374, 2, 1.79
1747791603, 0, 199, 922, 921, 16, 6.87%, 0, 374, 2, 1.66
1747791635, 0, 200, 922, 921, 16, 6.87%, 0, 374, 2, 2.12
1747791668, 0, 201, 922, 921, 16, 6.87%, 0, 374, 2, 1.89
1747791706, 0, 203, 922, 921, 16, 6.87%, 0, 374, 2, 1.52
1747791734, 0, 204, 922, 921, 16, 6.87%, 0, 374, 2, 1.97
1747791745, 0, 204, 922, 921, 16, 6.87%, 0, 375, 2, 1.96
1747791768, 0, 206, 922, 921, 16, 6.87%, 0, 375, 2, 1.70
1747791801, 0, 209, 922, 921, 16, 6.87%, 0, 375, 2, 1.81
1747791834, 0, 210, 922, 921, 16, 6.87%, 0, 375, 2, 1.71
1747791850, 0, 210, 922, 921, 16, 6.87%, 0, 376, 2, 1.79
1747791866, 0, 211, 922, 921, 16, 6.87%, 0, 376, 2, 1.78
1747791898, 0, 212, 922, 921, 16, 6.87%, 0, 376, 2, 1.70
1747791937, 0, 213, 922, 921, 16, 6.87%, 0, 376, 2, 1.73
1747791969, 0, 214, 922, 921, 16, 6.87%, 0, 377, 2, 2.03
1747792002, 0, 216, 922, 921, 16, 6.87%, 0, 377, 2, 1.69
1747792039, 0, 217, 922, 921, 16, 6.87%, 0, 377, 2, 1.57
1747792045, 0, 217, 923, 922, 16, 6.87%, 0, 377, 2, 1.91
1747792110, 0, 218, 923, 922, 16, 6.87%, 0, 377, 2, 1.93
1747792141, 0, 220, 923, 922, 16, 6.87%, 0, 377, 2, 1.50
1747792152, 0, 220, 923, 922, 16, 6.87%, 0, 378, 2, 1.69
1747792173, 0, 221, 923, 922, 16, 6.87%, 0, 378, 2, 1.78
1747792205, 0, 222, 923, 922, 16, 6.87%, 0, 378, 2, 1.64
1747792239, 0, 224, 923, 922, 16, 6.87%, 0, 378, 2, 1.76
1747792276, 0, 225, 923, 922, 16, 6.87%, 0, 378, 2, 1.60
1747792304, 0, 226, 923, 922, 16, 6.87%, 0, 378, 2, 1.78
1747792336, 0, 227, 923, 922, 16, 6.87%, 0, 378, 2, 1.57
1747792373, 0, 227, 923, 922, 16, 6.87%, 0, 379, 2, 1.52
1747792378, 0, 228, 923, 922, 16, 6.87%, 0, 379, 2, 1.64
1747792411, 0, 230, 923, 922, 16, 6.87%, 0, 379, 2, 1.78
1747792449, 0, 231, 923, 922, 16, 6.87%, 0, 379, 2, 1.67
1747792475, 0, 232, 923, 922, 16, 6.87%, 0, 379, 2, 2.08
1747792517, 0, 233, 923, 922, 16, 6.87%, 0, 379, 2, 1.56
1747792543, 0, 235, 923, 922, 16, 6.87%, 0, 379, 2, 2.55
1747792577, 0, 236, 923, 922, 16, 6.87%, 0, 379, 2, 1.73
1747792609, 0, 237, 923, 922, 16, 6.87%, 0, 379, 2, 1.73
1747792647, 0, 238, 923, 922, 16, 6.87%, 0, 379, 2, 1.46
1747792680, 0, 240, 923, 922, 16, 6.87%, 0, 379, 2, 1.48
1747792712, 0, 242, 923, 922, 16, 6.87%, 0, 379, 2, 1.85
1747792745, 0, 243, 923, 922, 16, 6.87%, 0, 379, 2, 1.86
1747792776, 0, 246, 923, 922, 16, 6.87%, 0, 379, 2, 1.76
1747792815, 0, 247, 923, 922, 16, 6.87%, 0, 379, 2, 1.86
1747792847, 0, 248, 923, 922, 16, 6.87%, 0, 379, 2, 1.66
1747792881, 0, 249, 923, 922, 16, 6.87%, 0, 379, 2, 1.63
1747792914, 0, 250, 923, 922, 16, 6.87%, 0, 379, 2, 1.03
1747792945, 0, 251, 923, 922, 16, 6.87%, 0, 379, 2, 1.82
1747792982, 0, 257, 923, 922, 16, 6.87%, 0, 379, 2, 1.79
1747793020, 0, 259, 923, 922, 16, 6.87%, 0, 379, 2, 1.63
1747793052, 0, 260, 923, 922, 16, 6.87%, 0, 379, 2, 1.65
1747793094, 0, 262, 923, 922, 16, 6.87%, 0, 379, 2, 1.54
1747793110, 0, 262, 924, 923, 16, 6.87%, 0, 379, 2, 1.56
1747793164, 0, 264, 924, 923, 16, 6.87%, 0, 379, 2, 1.64
1747793197, 0, 265, 924, 923, 16, 6.87%, 0, 379, 2, 1.64
1747793230, 0, 266, 924, 923, 16, 6.87%, 0, 379, 2, 2.04
1747793267, 0, 267, 924, 923, 16, 6.87%, 0, 379, 2, 1.85
1747793299, 0, 268, 924, 923, 16, 6.87%, 0, 379, 2, 1.89
1747793332, 0, 269, 924, 923, 16, 6.87%, 0, 379, 2, 1.54
1747793365, 0, 271, 924, 923, 16, 6.87%, 0, 379, 2, 1.79
1747793402, 0, 274, 924, 923, 16, 6.87%, 0, 379, 2, 1.46
1747793440, 0, 275, 924, 923, 16, 6.87%, 0, 379, 2, 1.50
1747793472, 0, 276, 924, 923, 16, 6.87%, 0, 379, 2, 1.69
1747793511, 0, 277, 924, 923, 16, 6.87%, 0, 379, 2, 1.46
1747793544, 0, 278, 924, 923, 16, 6.87%, 0, 379, 2, 1.81
1747793581, 0, 279, 924, 923, 16, 6.87%, 0, 379, 2, 1.67
1747793613, 0, 281, 924, 923, 16, 6.87%, 0, 379, 2, 1.74
1747793645, 0, 282, 924, 923, 16, 6.87%, 0, 379, 2, 2.07
1747793678, 0, 283, 924, 923, 16, 6.87%, 0, 379, 2, 1.90
1747793716, 0, 284, 924, 923, 16, 6.87%, 0, 379, 2, 1.69
1747793750, 0, 285, 924, 923, 16, 6.87%, 0, 379, 2, 1.76
1747793788, 0, 286, 924, 923, 16, 6.87%, 0, 379, 2, 1.66
1747793819, 0, 287, 924, 923, 16, 6.87%, 0, 379, 2, 1.70
1747793830, 0, 287, 924, 923, 16, 6.87%, 0, 380, 2, 2.10
1747793857, 0, 288, 924, 923, 16, 6.87%, 0, 380, 2, 1.57
1747793890, 0, 289, 924, 923, 16, 6.87%, 0, 380, 2, 1.78
1747793924, 0, 290, 924, 923, 16, 6.87%, 0, 380, 2, 1.72
1747793964, 0, 291, 924, 923, 16, 6.87%, 0, 380, 2, 1.61
1747794002, 0, 292, 924, 923, 16, 6.87%, 0, 380, 2, 1.51
1747794035, 0, 293, 924, 923, 16, 6.87%, 0, 380, 2, 1.62
1747794057, 0, 293, 925, 924, 16, 6.87%, 0, 380, 2, 1.59
1747794111, 0, 294, 925, 924, 16, 6.87%, 0, 380, 2, 1.81
1747794144, 0, 295, 925, 924, 16, 6.87%, 0, 380, 2, 1.86
1747794176, 0, 296, 925, 924, 16, 6.87%, 0, 380, 2, 1.78
1747794214, 0, 297, 925, 924, 16, 6.87%, 0, 380, 2, 1.60
1747794252, 0, 298, 925, 924, 16, 6.87%, 0, 380, 2, 1.50
1747794284, 0, 299, 925, 924, 16, 6.87%, 0, 380, 2, 1.89
1747794295, 0, 299, 925, 924, 16, 6.87%, 0, 381, 2, 1.72
1747794310, 0, 300, 925, 924, 16, 6.87%, 0, 381, 2, 1.82
1747794348, 0, 301, 925, 924, 16, 6.87%, 0, 381, 2, 1.79
1747794387, 0, 302, 925, 924, 16, 6.87%, 0, 381, 2, 1.61
1747794420, 0, 304, 925, 924, 16, 6.87%, 0, 381, 2, 1.65
1747794453, 0, 310, 925, 924, 16, 6.87%, 0, 381, 2, 1.43
1747794489, 0, 311, 925, 924, 16, 6.87%, 0, 381, 2, 1.61
1747794528, 0, 312, 925, 924, 16, 6.87%, 0, 381, 2, 1.54
1747794538, 0, 312, 925, 924, 16, 6.87%, 0, 382, 2, 1.59
1747794561, 0, 313, 925, 924, 16, 6.87%, 0, 382, 2, 1.56
1747794599, 0, 314, 925, 924, 16, 6.87%, 0, 382, 2, 1.63
1747794631, 0, 315, 925, 924, 16, 6.87%, 0, 382, 2, 1.88
1747794664, 0, 316, 925, 924, 16, 6.87%, 0, 382, 2, 1.78
1747794695, 0, 317, 925, 924, 16, 6.87%, 0, 382, 2, 1.63
1747794734, 0, 318, 925, 924, 16, 6.87%, 0, 382, 2, 1.61
1747794766, 0, 319, 925, 924, 16, 6.87%, 0, 382, 2, 1.43
1747794798, 0, 320, 925, 924, 16, 6.87%, 0, 382, 2, 1.58
1747794835, 0, 321, 925, 924, 16, 6.87%, 0, 382, 2, 1.59
1747794868, 0, 322, 925, 924, 16, 6.87%, 0, 382, 2, 1.55
1747794905, 0, 327, 925, 924, 16, 6.87%, 0, 382, 2, 1.79
1747794937, 0, 328, 925, 924, 16, 6.87%, 0, 382, 2, 2.08
1747794971, 0, 329, 925, 924, 16, 6.87%, 0, 382, 2, 1.56
1747795008, 0, 330, 925, 924, 16, 6.87%, 0, 382, 2, 1.74
1747795030, 0, 330, 925, 924, 16, 6.87%, 0, 383, 2, 1.62
1747795041, 0, 331, 925, 924, 16, 6.87%, 0, 383, 2, 1.56
1747795080, 0, 332, 925, 924, 16, 6.87%, 0, 383, 2, 1.73
1747795107, 0, 332, 925, 924, 16, 6.87%, 0, 384, 2, 1.51
1747795112, 0, 333, 925, 924, 16, 6.87%, 0, 384, 2, 1.47
1747795144, 0, 335, 925, 924, 16, 6.87%, 0, 384, 2, 2.02
1747795177, 0, 336, 925, 924, 16, 6.87%, 0, 384, 2, 1.82
1747795209, 0, 337, 925, 924, 16, 6.87%, 0, 384, 2, 1.57
1747795243, 0, 338, 925, 924, 16, 6.87%, 0, 384, 2, 2.13
1747795275, 0, 339, 925, 924, 16, 6.87%, 0, 384, 2, 2.12
1747795307, 0, 340, 925, 924, 16, 6.87%, 0, 384, 2, 2.00
1747795338, 0, 341, 925, 924, 16, 6.87%, 0, 384, 2, 1.54
1747795371, 0, 342, 925, 924, 16, 6.87%, 0, 384, 2, 1.89
1747795405, 0, 343, 925, 924, 16, 6.87%, 0, 384, 2, 1.79
1747795432, 0, 344, 925, 924, 16, 6.87%, 0, 384, 2, 2.18
1747795465, 0, 345, 925, 924, 16, 6.87%, 0, 384, 2, 2.03
1747795502, 0, 346, 925, 924, 16, 6.87%, 0, 384, 2, 1.18
1747795534, 0, 347, 925, 924, 16, 6.87%, 0, 384, 2, 1.48
1747795567, 0, 348, 925, 924, 16, 6.87%, 0, 384, 2, 2.05
1747795605, 0, 349, 925, 924, 16, 6.87%, 0, 384, 2, 1.69
1747795637, 0, 350, 925, 924, 16, 6.87%, 0, 384, 2, 1.72
1747795674, 0, 351, 925, 924, 16, 6.87%, 0, 384, 2, 1.49
1747795711, 0, 352, 925, 924, 16, 6.87%, 0, 384, 2, 1.52
1747795743, 0, 356, 925, 924, 16, 6.87%, 0, 384, 2, 1.69
1747795775, 0, 357, 925, 924, 16, 6.87%, 0, 384, 2, 1.74
1747795812, 0, 359, 925, 924, 16, 6.87%, 0, 384, 2, 1.55
1747795844, 0, 360, 925, 924, 16, 6.87%, 0, 384, 2, 1.72
1747795882, 0, 361, 925, 924, 16, 6.87%, 0, 384, 2, 1.63
1747795920, 0, 362, 925, 924, 16, 6.87%, 0, 384, 2, 1.57
1747795953, 0, 363, 925, 924, 16, 6.87%, 0, 384, 2, 1.90
1747795986, 0, 364, 925, 924, 16, 6.87%, 0, 384, 2, 1.70
1747796023, 0, 365, 925, 924, 16, 6.87%, 0, 384, 2, 1.58
1747796056, 0, 366, 925, 924, 16, 6.87%, 0, 384, 2, 1.78
1747796078, 0, 366, 926, 925, 16, 6.87%, 0, 384, 2, 2.06
1747796126, 0, 367, 926, 925, 16, 6.87%, 0, 384, 2, 1.68
1747796163, 0, 368, 926, 925, 16, 6.87%, 0, 384, 2, 1.72
1747796196, 0, 369, 926, 925, 16, 6.87%, 0, 384, 2, 1.54
1747796234, 0, 370, 926, 925, 16, 6.87%, 0, 384, 2, 1.93
1747796266, 0, 371, 926, 925, 16, 6.87%, 0, 384, 2, 1.03
1747796299, 0, 373, 926, 925, 16, 6.87%, 0, 384, 2, 1.86
1747796331, 0, 374, 926, 925, 16, 6.87%, 0, 384, 2, 1.71
1747796363, 0, 375, 926, 925, 16, 6.87%, 0, 384, 2, 1.63
1747796395, 0, 377, 926, 925, 16, 6.87%, 0, 384, 2, 1.79
1747796433, 0, 378, 926, 925, 16, 6.87%, 0, 384, 2, 1.64
1747796460, 0, 379, 926, 925, 16, 6.87%, 0, 384, 2, 1.83
1747796499, 0, 381, 926, 925, 16, 6.87%, 0, 384, 2, 1.44
1747796532, 0, 382, 926, 925, 16, 6.87%, 0, 384, 2, 1.64
1747796538, 0, 382, 926, 925, 16, 6.87%, 0, 385, 2, 1.71
1747796572, 0, 383, 926, 925, 16, 6.87%, 0, 385, 2, 1.68
1747796605, 0, 384, 926, 925, 16, 6.87%, 0, 385, 2, 1.72
1747796636, 0, 385, 926, 925, 16, 6.87%, 0, 385, 2, 1.85
1747796668, 0, 386, 926, 925, 16, 6.87%, 0, 385, 2, 1.62
1747796685, 0, 386, 927, 926, 16, 6.87%, 0, 385, 2, 1.64
1747796733, 0, 386, 927, 926, 16, 6.87%, 0, 386, 2, 1.75
1747796744, 0, 387, 927, 926, 16, 6.87%, 0, 386, 2, 1.24
1747796777, 0, 389, 927, 926, 16, 6.87%, 0, 386, 2, 1.86
1747796809, 0, 390, 927, 926, 16, 6.87%, 0, 386, 2, 1.85
1747796842, 0, 391, 927, 926, 16, 6.87%, 0, 386, 2, 1.74
1747796880, 0, 393, 927, 926, 16, 6.87%, 0, 386, 2, 1.52
1747796912, 0, 394, 927, 926, 16, 6.87%, 0, 386, 2, 1.49
1747796950, 0, 395, 927, 926, 16, 6.87%, 0, 386, 2, 1.81
1747796982, 0, 396, 927, 926, 16, 6.87%, 0, 386, 2, 1.67
1747797015, 0, 397, 927, 926, 16, 6.87%, 0, 386, 2, 1.99
1747797048, 0, 399, 927, 926, 16, 6.87%, 0, 386, 2, 1.86
1747797080, 0, 400, 927, 926, 16, 6.87%, 0, 386, 2, 1.61
1747797118, 0, 401, 927, 926, 16, 6.87%, 0, 386, 2, 1.77
1747797150, 0, 403, 927, 926, 16, 6.87%, 0, 386, 2, 1.72
1747797181, 0, 404, 927, 926, 16, 6.87%, 0, 386, 2, 1.34
1747797219, 0, 405, 927, 926, 16, 6.87%, 0, 386, 2, 1.57
1747797256, 0, 406, 927, 926, 16, 6.87%, 0, 386, 2, 1.55
1747797289, 0, 409, 927, 926, 16, 6.87%, 0, 386, 2, 1.73
1747797321, 0, 413, 927, 926, 16, 6.87%, 0, 386, 2, 2.00
1747797359, 0, 415, 927, 926, 16, 6.87%, 0, 386, 2, 1.66
1747797391, 0, 416, 927, 926, 16, 6.87%, 0, 386, 2, 2.02
1747797425, 0, 417, 927, 926, 16, 6.87%, 0, 386, 2, 1.85
1747797457, 0, 418, 927, 926, 16, 6.87%, 0, 386, 2, 1.87
1747797490, 0, 419, 927, 926, 16, 6.87%, 0, 386, 2, 1.54
1747797523, 0, 420, 927, 926, 16, 6.87%, 0, 386, 2, 1.93
1747797556, 0, 424, 927, 926, 16, 6.87%, 0, 386, 2, 1.84
1747797592, 0, 425, 927, 926, 16, 6.87%, 0, 386, 2, 1.66
1747797625, 0, 426, 927, 926, 16, 6.87%, 0, 386, 2, 1.28
1747797657, 0, 428, 927, 926, 16, 6.87%, 0, 386, 2, 1.58
1747797697, 0, 430, 927, 926, 16, 6.87%, 0, 386, 2, 1.45
1747797730, 0, 432, 927, 926, 16, 6.87%, 0, 386, 2, 1.96
1747797756, 0, 433, 927, 926, 16, 6.87%, 0, 386, 2, 1.05
1747797793, 0, 436, 927, 926, 16, 6.87%, 0, 386, 2, 1.99
1747797825, 0, 437, 927, 926, 16, 6.87%, 0, 386, 2, 1.74
1747797847, 0, 437, 928, 927, 16, 6.87%, 0, 386, 2, 1.30
1747797902, 0, 438, 928, 927, 16, 6.87%, 0, 386, 2, 1.43
1747797939, 0, 439, 928, 927, 16, 6.87%, 0, 386, 2, 1.76
1747797972, 0, 440, 928, 927, 16, 6.87%, 0, 386, 2, 1.57
1747797989, 0, 440, 928, 927, 16, 6.87%, 0, 387, 2, 1.61
1747798010, 0, 443, 928, 927, 16, 6.87%, 0, 387, 2, 1.48
1747798042, 0, 444, 928, 927, 16, 6.87%, 0, 387, 2, 1.61
1747798079, 0, 445, 928, 927, 16, 6.87%, 0, 387, 2, 1.88
1747798112, 0, 446, 928, 927, 16, 6.87%, 0, 387, 2, 1.62
1747798149, 0, 447, 928, 927, 16, 6.87%, 0, 387, 2, 1.76
1747798183, 0, 449, 928, 927, 16, 6.87%, 0, 387, 2, 1.73
1747798214, 0, 451, 928, 927, 16, 6.87%, 0, 387, 2, 2.03
1747798246, 0, 452, 928, 927, 16, 6.87%, 0, 387, 2, 1.63
1747798284, 0, 453, 928, 927, 16, 6.87%, 0, 387, 2, 2.06
1747798316, 0, 454, 928, 927, 16, 6.87%, 0, 387, 2, 1.88
1747798349, 0, 455, 928, 927, 16, 6.87%, 0, 387, 2, 1.67
1747798388, 0, 456, 928, 927, 16, 6.87%, 0, 387, 2, 1.68
1747798421, 0, 457, 928, 927, 16, 6.87%, 0, 387, 2, 1.92
1747798453, 0, 458, 928, 927, 16, 6.87%, 0, 387, 2, 2.43
1747798479, 0, 461, 928, 927, 16, 6.87%, 0, 387, 2, 1.83
1747798495, 0, 461, 928, 927, 16, 6.87%, 0, 388, 2, 1.87
1747798517, 0, 462, 928, 927, 16, 6.87%, 0, 388, 2, 1.72
1747798549, 0, 463, 928, 927, 16, 6.87%, 0, 388, 2, 1.64
1747798587, 0, 464, 928, 927, 16, 6.87%, 0, 388, 2, 1.47
1747798620, 0, 465, 928, 927, 16, 6.87%, 0, 388, 2, 1.65
1747798635, 0, 465, 929, 928, 16, 6.87%, 0, 388, 2, 1.52
1747798699, 0, 466, 929, 928, 16, 6.87%, 0, 388, 2, 1.78
1747798731, 0, 467, 929, 928, 16, 6.87%, 0, 388, 2, 1.69
1747798764, 0, 468, 929, 928, 16, 6.87%, 0, 388, 2, 1.77
1747798801, 0, 469, 929, 928, 16, 6.87%, 0, 388, 2, 1.51
1747798833, 0, 470, 929, 928, 16, 6.87%, 0, 388, 2, 1.46
1747798866, 0, 471, 929, 928, 16, 6.87%, 0, 388, 2, 1.91
1747798899, 0, 472, 929, 928, 16, 6.87%, 0, 388, 2, 2.06
1747798932, 0, 473, 929, 928, 16, 6.87%, 0, 388, 2, 1.67
1747798964, 0, 475, 929, 928, 16, 6.87%, 0, 388, 2, 2.12
1747798991, 0, 476, 929, 928, 16, 6.87%, 0, 388, 2, 2.00
1747799029, 0, 477, 929, 928, 16, 6.87%, 0, 388, 2, 1.82
1747799061, 0, 479, 929, 928, 16, 6.87%, 0, 388, 2, 1.87
1747799092, 0, 481, 929, 928, 16, 6.87%, 0, 388, 2, 1.74
1747799125, 0, 482, 929, 928, 16, 6.87%, 0, 388, 2, 1.84
1747799162, 0, 483, 929, 928, 16, 6.87%, 0, 388, 2, 1.65
1747799190, 0, 484, 929, 928, 16, 6.87%, 0, 388, 2, 1.86
1747799221, 0, 486, 929, 928, 16, 6.87%, 0, 388, 2, 2.12
1747799259, 0, 487, 929, 928, 16, 6.87%, 0, 388, 2, 1.47
1747799292, 0, 488, 929, 928, 16, 6.87%, 0, 388, 2, 1.76
1747799325, 0, 489, 929, 928, 16, 6.87%, 0, 388, 2, 1.80
1747799363, 0, 492, 929, 928, 16, 6.87%, 0, 388, 2, 1.72
1747799391, 0, 493, 929, 928, 16, 6.87%, 0, 388, 2, 1.80
1747799429, 0, 494, 929, 928, 16, 6.87%, 0, 388, 2, 1.92
1747799456, 0, 495, 929, 928, 16, 6.87%, 0, 388, 2, 1.66
1747799495, 0, 496, 929, 928, 16, 6.87%, 0, 388, 2, 1.61
1747799533, 0, 497, 929, 928, 16, 6.87%, 0, 388, 2, 1.86
1747799566, 0, 498, 929, 928, 16, 6.87%, 0, 388, 2, 1.93
1747799594, 0, 499, 929, 928, 16, 6.87%, 0, 388, 2, 32.36
1747799715, 0, 501, 929, 927, 16, 6.87%, 0, 388, 2, 1.23
1747799747, 0, 502, 929, 927, 16, 6.87%, 0, 388, 2, 1.43
1747799787, 0, 503, 929, 927, 16, 6.87%, 0, 388, 2, 1.66
1747799820, 0, 504, 929, 927, 16, 6.87%, 0, 388, 2, 2.05
1747799847, 0, 505, 929, 927, 16, 6.87%, 0, 388, 2, 1.31
1747799884, 0, 506, 929, 927, 16, 6.87%, 0, 388, 2, 1.66
1747799917, 0, 507, 929, 927, 16, 6.87%, 0, 388, 2, 2.02
1747799944, 0, 508, 929, 927, 16, 6.87%, 0, 388, 2, 2.01
1747799982, 0, 510, 929, 927, 16, 6.87%, 0, 388, 2, 1.63
1747800020, 0, 511, 929, 927, 16, 6.87%, 0, 388, 2, 1.68
1747800058, 0, 512, 929, 927, 16, 6.87%, 0, 388, 2, 1.57
1747800084, 0, 513, 929, 927, 16, 6.87%, 0, 388, 2, 2.02
1747800123, 0, 514, 929, 927, 16, 6.87%, 0, 388, 2, 1.62
1747800154, 0, 515, 929, 927, 16, 6.87%, 0, 388, 2, 1.77
1747800188, 0, 516, 929, 927, 16, 6.87%, 0, 388, 2, 1.76
1747800220, 0, 517, 929, 927, 16, 6.87%, 0, 388, 2, 1.49
1747800253, 0, 518, 929, 927, 16, 6.87%, 0, 388, 2, 2.48
1747800286, 0, 519, 929, 927, 16, 6.87%, 0, 388, 2, 1.76
1747800318, 0, 521, 929, 927, 16, 6.87%, 0, 388, 2, 1.92
1747800351, 0, 523, 929, 927, 16, 6.87%, 0, 388, 2, 1.77
1747800384, 0, 524, 929, 927, 16, 6.87%, 0, 388, 2, 1.81
1747800423, 0, 525, 929, 927, 16, 6.87%, 0, 388, 2, 1.71
1747800455, 0, 526, 929, 927, 16, 6.87%, 0, 388, 2, 1.85
1747800492, 0, 527, 929, 927, 16, 6.87%, 0, 388, 2, 1.66
1747800524, 0, 528, 929, 927, 16, 6.87%, 0, 388, 2, 1.75
1747800557, 0, 529, 929, 927, 16, 6.87%, 0, 388, 2, 1.74
1747800588, 0, 530, 929, 927, 16, 6.87%, 0, 388, 2, 1.74
1747800626, 0, 531, 929, 927, 16, 6.87%, 0, 388, 2, 1.66
1747800659, 0, 532, 929, 927, 16, 6.87%, 0, 388, 2, 1.90
1747800686, 0, 533, 929, 927, 16, 6.87%, 0, 388, 2, 2.05
1747800719, 0, 534, 929, 927, 16, 6.87%, 0, 388, 2, 2.22
1747800757, 0, 535, 929, 927, 16, 6.87%, 0, 388, 2, 1.59
1747800789, 0, 536, 929, 927, 16, 6.87%, 0, 388, 2, 1.56
1747800826, 0, 537, 929, 927, 16, 6.87%, 0, 388, 2, 1.40
1747800858, 0, 538, 929, 927, 16, 6.87%, 0, 388, 2, 1.67
1747800895, 0, 539, 929, 927, 16, 6.87%, 0, 388, 2, 1.78
1747800928, 0, 540, 929, 927, 16, 6.87%, 0, 388, 2, 2.02
1747800961, 0, 541, 929, 927, 16, 6.87%, 0, 388, 2, 2.43
1747800993, 0, 545, 929, 927, 16, 6.87%, 0, 388, 2, 1.75
1747801004, 0, 545, 930, 928, 16, 6.87%, 0, 388, 3, 1.58
1747801071, 0, 548, 930, 928, 16, 6.87%, 0, 388, 3, 1.61
1747801108, 0, 549, 930, 928, 16, 6.87%, 0, 388, 3, 2.33
1747801140, 0, 551, 930, 928, 16, 6.87%, 0, 388, 3, 1.65
1747801173, 0, 552, 930, 928, 16, 6.87%, 0, 388, 3, 1.76
1747801212, 0, 553, 930, 928, 16, 6.87%, 0, 388, 3, 1.57
1747801244, 0, 554, 930, 928, 16, 6.87%, 0, 388, 3, 1.61
1747801276, 0, 555, 930, 928, 16, 6.87%, 0, 388, 3, 1.72
1747801314, 0, 556, 930, 928, 16, 6.87%, 0, 388, 3, 1.58
1747801340, 0, 558, 930, 928, 16, 6.87%, 0, 388, 3, 1.68
1747801379, 0, 559, 930, 928, 16, 6.87%, 0, 388, 3, 1.64
1747801411, 0, 560, 930, 928, 16, 6.87%, 0, 388, 3, 1.95
1747801449, 0, 562, 930, 928, 16, 6.87%, 0, 388, 3, 1.87
1747801482, 0, 563, 930, 928, 16, 6.87%, 0, 388, 3, 1.66
1747801515, 0, 566, 930, 928, 16, 6.87%, 0, 388, 3, 1.66
1747801554, 0, 568, 930, 928, 16, 6.87%, 0, 388, 3, 1.71
1747801592, 0, 569, 930, 928, 16, 6.87%, 0, 388, 3, 1.85
1747801626, 0, 570, 930, 928, 16, 6.87%, 0, 388, 3, 1.57
1747801659, 0, 571, 930, 928, 16, 6.87%, 0, 388, 3, 1.79
1747801696, 0, 572, 930, 928, 16, 6.87%, 0, 388, 3, 2.09
1747801723, 0, 573, 930, 928, 16, 6.87%, 0, 388, 3, 1.91
1747801760, 0, 574, 930, 928, 16, 6.87%, 0, 388, 3, 1.92
1747801793, 0, 577, 930, 928, 16, 6.87%, 0, 388, 3, 1.77
1747801825, 0, 578, 930, 928, 16, 6.87%, 0, 388, 3, 1.62
1747801863, 0, 579, 930, 928, 16, 6.87%, 0, 388, 3, 1.68
1747801895, 0, 580, 930, 928, 16, 6.87%, 0, 388, 3, 1.94
1747801928, 0, 581, 930, 928, 16, 6.87%, 0, 388, 3, 1.85
1747801967, 0, 583, 930, 928, 16, 6.87%, 0, 388, 3, 1.56
1747801999, 0, 584, 930, 928, 16, 6.87%, 0, 388, 3, 1.42
1747802033, 0, 585, 930, 928, 16, 6.87%, 0, 388, 3, 1.62
1747802066, 0, 586, 930, 928, 16, 6.87%, 0, 388, 3, 1.54
1747802098, 0, 587, 930, 928, 16, 6.87%, 0, 388, 3, 2.30
1747802129, 0, 590, 930, 928, 16, 6.87%, 0, 388, 3, 1.80
1747802135, 0, 590, 931, 929, 16, 6.87%, 0, 388, 3, 1.74
1747802205, 0, 591, 931, 929, 16, 6.87%, 0, 388, 3, 1.77
1747802244, 0, 592, 931, 929, 16, 6.87%, 0, 388, 3, 1.48
1747802276, 0, 593, 931, 929, 16, 6.87%, 0, 388, 3, 1.33
1747802309, 0, 594, 931, 929, 16, 6.87%, 0, 388, 3, 1.67
1747802342, 0, 595, 931, 929, 16, 6.87%, 0, 388, 3, 1.59
1747802380, 0, 596, 931, 929, 16, 6.87%, 0, 388, 3, 1.84
1747802412, 0, 598, 931, 929, 16, 6.87%, 0, 388, 3, 1.91
1747802443, 0, 599, 931, 929, 16, 6.87%, 0, 388, 3, 1.67
1747802481, 0, 600, 931, 929, 16, 6.87%, 0, 388, 3, 1.70
1747802512, 0, 601, 931, 929, 16, 6.87%, 0, 388, 3, 2.29
1747802541, 0, 602, 931, 929, 16, 6.87%, 0, 388, 3, 2.02
1747802574, 0, 603, 931, 929, 16, 6.87%, 0, 388, 3, 1.82
1747802607, 0, 604, 931, 929, 16, 6.87%, 0, 388, 3, 1.77
1747802645, 0, 605, 931, 929, 16, 6.87%, 0, 388, 3, 1.55
1747802677, 0, 606, 931, 929, 16, 6.87%, 0, 388, 3, 1.90
1747802709, 0, 607, 931, 929, 16, 6.87%, 0, 388, 3, 1.49
1747802748, 0, 608, 931, 929, 16, 6.87%, 0, 388, 3, 1.99
1747802782, 0, 609, 931, 929, 16, 6.87%, 0, 388, 3, 1.77
1747802813, 0, 610, 931, 929, 16, 6.87%, 0, 388, 3, 1.85
1747802841, 0, 611, 931, 929, 16, 6.87%, 0, 388, 3, 1.92
1747802875, 0, 612, 931, 929, 16, 6.87%, 0, 388, 3, 1.80
1747802907, 0, 613, 931, 929, 16, 6.87%, 0, 388, 3, 1.97
1747802940, 0, 614, 931, 929, 16, 6.87%, 0, 388, 3, 1.71
1747802973, 0, 616, 931, 929, 16, 6.87%, 0, 388, 3, 1.06
1747803012, 0, 621, 931, 929, 16, 6.87%, 0, 388, 3, 1.68
1747803044, 0, 623, 931, 929, 16, 6.87%, 0, 388, 3, 1.66
1747803067, 0, 623, 932, 930, 16, 6.87%, 0, 388, 3, 1.93
1747803115, 0, 624, 932, 930, 16, 6.87%, 0, 388, 3, 1.75
1747803153, 0, 627, 932, 930, 16, 6.87%, 0, 388, 3, 1.57
1747803186, 0, 628, 932, 930, 16, 6.87%, 0, 388, 3, 1.82
1747803217, 0, 629, 932, 930, 16, 6.87%, 0, 388, 3, 1.91
1747803254, 0, 631, 932, 930, 16, 6.87%, 0, 388, 3, 1.78
1747803282, 0, 632, 932, 930, 16, 6.87%, 0, 388, 3, 1.67
1747803321, 0, 633, 932, 930, 16, 6.87%, 0, 388, 3, 1.66
1747803358, 0, 634, 932, 930, 16, 6.87%, 0, 388, 3, 1.76
1747803390, 0, 635, 932, 930, 16, 6.87%, 0, 388, 3, 1.76
1747803423, 0, 636, 932, 930, 16, 6.87%, 0, 388, 3, 1.76
1747803456, 0, 638, 932, 930, 16, 6.87%, 0, 388, 3, 2.01
1747803494, 0, 639, 932, 930, 16, 6.87%, 0, 388, 3, 1.66
1747803527, 0, 641, 932, 930, 16, 6.87%, 0, 388, 3, 1.89
1747803560, 0, 642, 932, 930, 16, 6.87%, 0, 388, 3, 1.93
1747803592, 0, 643, 932, 930, 16, 6.87%, 0, 388, 3, 1.68
1747803630, 0, 644, 932, 930, 16, 6.87%, 0, 388, 3, 1.58
1747803663, 0, 645, 932, 930, 16, 6.87%, 0, 388, 3, 1.70
1747803696, 0, 646, 932, 930, 16, 6.87%, 0, 388, 3, 1.96
1747803723, 0, 647, 932, 930, 16, 6.87%, 0, 388, 3, 2.04
1747803754, 0, 648, 932, 930, 16, 6.87%, 0, 388, 3, 1.97
1747803791, 0, 649, 932, 930, 16, 6.87%, 0, 388, 3, 1.62
1747803824, 0, 650, 932, 930, 16, 6.87%, 0, 388, 3, 1.80
1747803861, 0, 651, 932, 930, 16, 6.87%, 0, 388, 3, 1.30
1747803894, 0, 653, 932, 930, 16, 6.87%, 0, 388, 3, 1.68
1747803910, 0, 653, 932, 930, 16, 6.87%, 0, 389, 3, 1.80
1747803927, 0, 654, 932, 930, 16, 6.87%, 0, 389, 3, 1.73
1747803955, 0, 654, 933, 931, 16, 6.87%, 0, 389, 3, 1.55
1747804000, 0, 656, 933, 931, 16, 6.87%, 0, 389, 3, 1.99
1747804031, 0, 657, 933, 931, 16, 6.87%, 0, 389, 3, 2.04
1747804064, 0, 658, 933, 931, 16, 6.87%, 0, 389, 3, 1.86
1747804102, 0, 660, 933, 931, 16, 6.87%, 0, 389, 3, 1.63
1747804134, 0, 661, 933, 931, 16, 6.87%, 0, 389, 3, 1.50
1747804169, 0, 662, 933, 931, 16, 6.87%, 0, 389, 3, 1.89
1747804201, 0, 664, 933, 931, 16, 6.87%, 0, 389, 3, 1.87
1747804238, 0, 665, 933, 931, 16, 6.87%, 0, 389, 3, 1.58
1747804278, 0, 667, 933, 931, 16, 6.87%, 0, 389, 3, 1.43
1747804315, 0, 668, 933, 931, 16, 6.87%, 0, 389, 3, 1.95
1747804347, 0, 669, 933, 931, 16, 6.87%, 0, 389, 3, 1.50
1747804386, 0, 670, 933, 931, 16, 6.87%, 0, 389, 3, 1.62
1747804418, 0, 671, 933, 931, 16, 6.87%, 0, 389, 3, 1.77
1747804450, 0, 672, 933, 931, 16, 6.87%, 0, 389, 3, 1.72
1747804483, 0, 674, 933, 931, 16, 6.87%, 0, 389, 3, 2.02
1747804514, 0, 676, 933, 931, 16, 6.87%, 0, 389, 3, 1.72
1747804557, 0, 677, 933, 931, 16, 6.87%, 0, 389, 3, 1.42
1747804588, 0, 679, 933, 931, 16, 6.87%, 0, 389, 3, 1.85
1747804620, 0, 680, 933, 931, 16, 6.87%, 0, 389, 3, 1.61
1747804659, 0, 681, 933, 931, 16, 6.87%, 0, 389, 3, 1.62
1747804692, 0, 682, 933, 931, 16, 6.87%, 0, 389, 3, 1.81
1747804724, 0, 683, 933, 931, 16, 6.87%, 0, 389, 3, 1.70
1747804761, 0, 684, 933, 931, 16, 6.87%, 0, 389, 3, 2.12
1747806119, 0, 684, 934, 932, 16, 6.87%, 0, 389, 3, 2.13
1747806908, 0, 684, 935, 933, 16, 6.87%, 0, 389, 3, 1.99
1747807280, 0, 684, 936, 934, 16, 6.87%, 0, 389, 3, 2.43
1747808447, 0, 686, 936, 933, 16, 6.87%, 0, 389, 3, 1.83
1747808480, 0, 687, 936, 933, 16, 6.87%, 0, 389, 3, 1.73
1747808518, 0, 688, 936, 933, 16, 6.87%, 0, 389, 3, 1.52
1747808552, 0, 690, 936, 933, 16, 6.87%, 0, 389, 3, 1.52
1747808590, 0, 691, 936, 933, 16, 6.87%, 0, 389, 3, 1.94
1747811759, 0, 691, 936, 933, 16, 6.87%, 0, 390, 3, 1.80
1747811764, 0, 692, 936, 932, 15, 6.87%, 0, 390, 3, 1.79
1747811802, 0, 693, 936, 932, 15, 6.87%, 0, 390, 3, 1.79
1747811834, 0, 694, 936, 932, 15, 6.87%, 0, 390, 3, 2.02
1747811867, 0, 695, 936, 932, 15, 6.87%, 0, 390, 3, 1.69
1747811900, 0, 696, 936, 932, 15, 6.87%, 0, 390, 3, 1.64
1747811933, 0, 698, 936, 932, 15, 6.87%, 0, 391, 3, 2.12
1747811966, 0, 699, 936, 932, 15, 6.87%, 0, 391, 3, 1.62
1747812004, 0, 700, 936, 932, 15, 6.87%, 0, 391, 3, 1.57
1747812020, 0, 700, 937, 933, 15, 6.87%, 0, 391, 3, 1.60
1747812079, 0, 701, 937, 933, 15, 6.87%, 0, 391, 3, 1.79
1747812112, 0, 702, 937, 933, 15, 6.87%, 0, 391, 3, 1.93
1747812145, 0, 703, 937, 933, 15, 6.87%, 0, 391, 3, 1.65
1747812177, 0, 704, 937, 933, 15, 6.87%, 0, 391, 3, 1.71
1747812210, 0, 705, 937, 933, 15, 6.87%, 0, 391, 3, 1.81
1747812248, 0, 708, 937, 933, 15, 6.87%, 0, 391, 3, 1.53
1747812281, 0, 709, 937, 933, 15, 6.87%, 0, 391, 3, 1.85
1747812309, 0, 711, 937, 933, 15, 6.87%, 0, 391, 3, 1.79
1747812346, 0, 712, 937, 933, 15, 6.87%, 0, 391, 3, 1.51
1747812379, 0, 713, 937, 933, 15, 6.87%, 0, 391, 3, 1.82
1747812416, 0, 714, 937, 933, 15, 6.87%, 0, 391, 3, 1.63
1747812454, 0, 715, 937, 933, 15, 6.87%, 0, 391, 3, 1.58
1747812487, 0, 717, 937, 933, 15, 6.87%, 0, 391, 3, 1.97
1747812525, 0, 718, 937, 933, 15, 6.87%, 0, 391, 3, 1.32
1747812558, 0, 719, 937, 933, 15, 6.87%, 0, 391, 3, 1.82
1747812590, 0, 720, 937, 933, 15, 6.87%, 0, 391, 3, 1.78
1747812627, 0, 721, 937, 933, 15, 6.87%, 0, 391, 3, 1.63
1747812659, 0, 723, 937, 933, 15, 6.87%, 0, 391, 3, 1.70
1747812698, 0, 724, 937, 933, 15, 6.87%, 0, 391, 3, 1.57
1747812730, 0, 725, 937, 933, 15, 6.87%, 0, 391, 3, 2.21
1747812763, 0, 726, 937, 933, 15, 6.87%, 0, 391, 3, 1.63
1747812796, 0, 727, 937, 933, 15, 6.87%, 0, 391, 3, 1.90
1747812829, 0, 728, 937, 933, 15, 6.87%, 0, 391, 3, 1.54
1747812862, 0, 729, 937, 933, 15, 6.87%, 0, 391, 3, 1.77
1747812895, 0, 732, 937, 933, 15, 6.87%, 0, 391, 3, 1.76
1747812927, 0, 733, 937, 933, 15, 6.87%, 0, 391, 3, 1.87
1747812966, 0, 734, 937, 933, 15, 6.87%, 0, 391, 3, 1.63
1747812999, 0, 736, 937, 933, 15, 6.87%, 0, 391, 3, 1.52
1747813037, 0, 737, 937, 933, 15, 6.87%, 0, 391, 3, 1.54
1747813070, 0, 738, 937, 933, 15, 6.87%, 0, 391, 3, 1.74
1747813102, 0, 740, 937, 933, 15, 6.87%, 0, 391, 3, 1.81
1747813133, 0, 741, 937, 933, 15, 6.87%, 0, 391, 3, 1.11
1747813172, 0, 743, 937, 933, 15, 6.87%, 0, 391, 3, 1.75
1747813204, 0, 744, 937, 933, 15, 6.87%, 0, 391, 3, 1.85
1747813240, 0, 745, 937, 933, 15, 6.87%, 0, 391, 3, 1.69
1747813274, 0, 746, 937, 933, 15, 6.87%, 0, 391, 3, 1.69
1747813311, 0, 747, 937, 933, 15, 6.87%, 0, 391, 3, 1.68
1747813343, 0, 748, 937, 933, 15, 6.87%, 0, 391, 3, 1.89
1747813376, 0, 749, 937, 933, 15, 6.87%, 0, 391, 3, 1.65
1747813413, 0, 750, 937, 933, 15, 6.87%, 0, 391, 3, 1.81
1747813445, 0, 751, 937, 933, 15, 6.87%, 0, 391, 3, 1.75
1747813477, 0, 752, 937, 933, 15, 6.87%, 0, 391, 3, 1.57
1747813515, 0, 753, 937, 933, 15, 6.87%, 0, 391, 3, 1.56
1747813542, 0, 754, 937, 933, 15, 6.87%, 0, 391, 3, 2.45
1747813580, 0, 755, 937, 933, 15, 6.87%, 0, 391, 3, 1.53
1747813614, 0, 756, 937, 933, 15, 6.87%, 0, 391, 3, 1.49
1747813651, 0, 758, 937, 933, 15, 6.87%, 0, 391, 3, 1.78
1747813683, 0, 759, 937, 933, 15, 6.87%, 0, 391, 3, 1.64
1747813721, 0, 761, 937, 933, 15, 6.87%, 0, 391, 3, 1.59
1747813760, 0, 762, 937, 933, 15, 6.87%, 0, 391, 3, 1.69
1747813787, 0, 763, 937, 933, 15, 6.87%, 0, 391, 3, 2.20
1747813826, 0, 764, 937, 933, 15, 6.87%, 0, 391, 3, 1.73
1747813854, 0, 766, 937, 933, 15, 6.87%, 0, 391, 3, 2.02
1747813892, 0, 767, 937, 933, 15, 6.87%, 0, 391, 3, 1.54
1747813930, 0, 769, 937, 933, 15, 6.87%, 0, 391, 3, 1.59
1747813967, 0, 771, 937, 933, 15, 6.87%, 0, 391, 3, 1.52
1747813999, 0, 772, 937, 933, 15, 6.87%, 0, 391, 3, 1.95
1747814036, 0, 774, 937, 933, 15, 6.87%, 0, 391, 3, 1.63
1747814068, 0, 775, 937, 933, 15, 6.87%, 0, 391, 3, 1.75
1747814100, 0, 776, 937, 933, 15, 6.87%, 0, 391, 3, 1.83
1747814138, 0, 777, 937, 933, 15, 6.87%, 0, 391, 3, 1.46
1747814176, 0, 778, 937, 933, 15, 6.87%, 0, 391, 3, 1.56
1747814213, 0, 779, 937, 933, 15, 6.87%, 0, 391, 3, 1.84
1747814246, 0, 782, 937, 933, 15, 6.87%, 0, 391, 3, 2.43
1747814277, 0, 783, 937, 933, 15, 6.87%, 0, 391, 3, 1.64
1747814310, 0, 784, 937, 933, 15, 6.87%, 0, 391, 3, 1.21
1747814341, 0, 787, 937, 933, 15, 6.87%, 0, 391, 3, 1.66
1747814374, 0, 788, 937, 933, 15, 6.87%, 0, 391, 3, 1.83
1747814407, 0, 789, 937, 933, 15, 6.87%, 0, 391, 3, 1.71
1747814439, 0, 790, 937, 933, 15, 6.87%, 0, 391, 3, 1.68
1747814478, 0, 792, 937, 933, 15, 6.87%, 0, 391, 3, 1.43
1747814851, 0, 793, 937, 932, 14, 6.87%, 0, 391, 3, 1.05
1747814889, 0, 794, 937, 932, 14, 6.87%, 0, 391, 3, 1.60
1747814921, 0, 796, 937, 932, 14, 6.87%, 0, 391, 3, 1.68
1747814958, 0, 797, 937, 932, 14, 6.87%, 0, 391, 3, 1.45
1747814996, 0, 798, 937, 932, 14, 6.87%, 0, 391, 3, 1.13
1747815027, 0, 800, 937, 932, 14, 6.87%, 0, 391, 3, 1.66
1747815060, 0, 802, 937, 932, 14, 6.87%, 0, 391, 3, 1.65
1747815099, 0, 803, 937, 932, 14, 6.87%, 0, 391, 3, 1.51
1747815131, 0, 804, 937, 932, 14, 6.87%, 0, 391, 3, 1.67
1747815163, 0, 805, 937, 932, 14, 6.87%, 0, 391, 3, 1.91
1747815200, 0, 806, 937, 932, 14, 6.87%, 0, 391, 3, 1.61
1747815232, 0, 807, 937, 932, 14, 6.87%, 0, 391, 3, 1.93
1747815264, 0, 808, 937, 932, 14, 6.87%, 0, 391, 3, 1.65
1747815296, 0, 809, 937, 932, 14, 6.87%, 0, 391, 3, 1.69
1747815328, 0, 810, 937, 932, 14, 6.87%, 0, 391, 3, 1.72
1747815361, 0, 812, 937, 932, 14, 6.87%, 0, 391, 3, 1.65
1747815382, 0, 812, 937, 932, 14, 6.87%, 0, 392, 3, 1.64
1747815398, 0, 813, 937, 932, 14, 6.87%, 0, 392, 3, 1.76
1747815436, 0, 814, 937, 932, 14, 6.87%, 0, 392, 3, 1.65
1747815470, 0, 815, 937, 932, 14, 6.87%, 0, 392, 3, 1.50
1747815508, 0, 816, 937, 932, 14, 6.87%, 0, 392, 3, 1.63
1747815545, 0, 818, 937, 932, 14, 6.87%, 0, 392, 3, 1.64
1747815583, 0, 819, 937, 932, 14, 6.87%, 0, 392, 3, 1.43
1747815614, 0, 820, 937, 932, 14, 6.87%, 0, 392, 3, 1.78
1747815654, 0, 821, 937, 932, 14, 6.87%, 0, 392, 3, 1.66
1747815686, 0, 823, 937, 932, 14, 6.87%, 0, 392, 3, 1.58
1747815719, 0, 824, 937, 932, 14, 6.87%, 0, 392, 3, 1.51
1747815753, 0, 825, 937, 932, 14, 6.87%, 0, 392, 3, 1.77
1747815792, 0, 827, 937, 932, 14, 6.87%, 0, 392, 3, 1.25
1747815831, 0, 828, 937, 932, 14, 6.87%, 0, 392, 3, 1.77
1747815863, 0, 831, 937, 932, 14, 6.87%, 0, 392, 3, 1.34
1747815900, 0, 832, 937, 932, 14, 6.87%, 0, 392, 3, 1.81
1747815933, 0, 833, 937, 932, 14, 6.87%, 0, 392, 3, 1.71
1747815944, 0, 833, 937, 932, 14, 6.87%, 0, 393, 3, 2.70
1747815966, 0, 834, 937, 932, 14, 6.87%, 0, 393, 3, 1.70
1747816003, 0, 835, 937, 932, 14, 6.87%, 0, 393, 3, 1.77
1747816036, 0, 836, 937, 932, 14, 6.87%, 0, 393, 3, 1.69
1747816068, 0, 837, 937, 932, 14, 6.87%, 0, 393, 3, 1.60
1747816101, 0, 838, 937, 932, 14, 6.87%, 0, 393, 3, 1.98
1747816134, 0, 840, 937, 932, 14, 6.87%, 0, 393, 3, 1.75
1747816173, 0, 842, 937, 932, 14, 6.87%, 0, 393, 3, 1.60
1747816211, 0, 843, 937, 932, 14, 6.87%, 0, 393, 3, 1.94
1747816248, 0, 844, 937, 932, 14, 6.87%, 0, 393, 3, 1.56
1747816281, 0, 845, 937, 932, 14, 6.87%, 0, 393, 3, 1.52
1747816314, 0, 846, 937, 932, 14, 6.87%, 0, 393, 3, 1.71
1747816347, 0, 847, 937, 932, 14, 6.87%, 0, 393, 3, 1.83
1747816363, 0, 847, 937, 932, 14, 6.87%, 0, 394, 3, 1.80
1747816384, 0, 849, 937, 932, 14, 6.87%, 0, 394, 3, 1.63
1747816423, 0, 850, 937, 932, 14, 6.87%, 0, 394, 3, 1.43
1747816455, 0, 851, 937, 932, 14, 6.87%, 0, 394, 3, 1.70
1747816488, 0, 853, 937, 932, 14, 6.87%, 0, 394, 3, 1.72
1747816520, 0, 854, 937, 932, 14, 6.87%, 0, 394, 3, 1.69
1747816553, 0, 855, 937, 932, 14, 6.87%, 0, 394, 3, 1.98
1747816586, 0, 856, 937, 932, 14, 6.87%, 0, 394, 3, 1.66
1747816624, 0, 857, 937, 932, 14, 6.87%, 0, 394, 3, 1.91
1747816657, 0, 858, 937, 932, 14, 6.87%, 0, 394, 3, 1.82
1747816683, 0, 859, 937, 932, 14, 6.87%, 0, 394, 3, 2.16
1747816721, 0, 862, 937, 932, 14, 6.87%, 0, 394, 3, 1.56
1747816753, 0, 863, 937, 932, 14, 6.87%, 0, 394, 3, 1.79
1747816793, 0, 864, 937, 932, 14, 6.87%, 0, 394, 3, 1.57
1747816814, 0, 865, 937, 932, 14, 6.87%, 0, 394, 3, 2.77
1747816841, 0, 866, 937, 932, 14, 6.87%, 0, 394, 3, 2.63
1747816852, 0, 866, 938, 933, 14, 6.87%, 0, 394, 3, 2.18
1747816894, 0, 868, 938, 933, 14, 6.87%, 0, 394, 3, 2.96
1747816905, 0, 868, 939, 934, 14, 6.87%, 0, 394, 3, 2.23
1747816947, 0, 869, 939, 934, 14, 6.87%, 0, 394, 3, 2.41
1747816967, 0, 870, 939, 934, 14, 6.87%, 0, 394, 3, 2.99
1747816988, 0, 871, 939, 934, 14, 6.87%, 0, 394, 3, 2.74
1747817009, 0, 872, 939, 934, 14, 6.87%, 0, 394, 3, 3.01
1747817026, 0, 873, 939, 934, 14, 6.87%, 0, 394, 3, 3.08
1747817046, 0, 874, 939, 934, 14, 6.87%, 0, 394, 3, 3.07
1747817068, 0, 875, 939, 934, 14, 6.87%, 0, 394, 3, 3.11
1747817090, 0, 876, 939, 934, 14, 6.87%, 0, 394, 3, 2.68
1747817122, 0, 877, 939, 934, 14, 6.87%, 0, 394, 3, 1.81
1747817153, 0, 879, 939, 934, 14, 6.87%, 0, 394, 3, 2.20
1747817191, 0, 880, 939, 934, 14, 6.87%, 0, 394, 3, 1.71
1747817218, 0, 882, 939, 934, 14, 6.87%, 0, 394, 3, 1.87
1747817251, 0, 883, 939, 934, 14, 6.87%, 0, 394, 3, 1.83
1747817284, 0, 884, 939, 934, 14, 6.87%, 0, 394, 3, 1.53
1747817322, 0, 885, 939, 934, 14, 6.87%, 0, 394, 3, 1.88
1747817354, 0, 887, 939, 934, 14, 6.87%, 0, 394, 3, 1.90
1747817387, 0, 888, 939, 934, 14, 6.87%, 0, 394, 3, 2.15
1747817420, 0, 889, 939, 934, 14, 6.87%, 0, 394, 3, 1.65
1747817452, 0, 890, 939, 934, 14, 6.87%, 0, 394, 3, 1.92
1747817457, 0, 890, 940, 935, 14, 6.87%, 0, 394, 3, 1.91
