# unix_time, cycles_done, cur_path, paths_total, pending_total, pending_favs, map_size, unique_crashes, unique_hangs, max_depth, execs_per_sec
1747774284, 0, 0, 1, 1, 1, 4.90%, 0, 0, 1, 50.96
1747774289, 0, 0, 20, 20, 1, 6.13%, 0, 0, 2, 36.12
1747774294, 0, 0, 37, 37, 1, 6.13%, 0, 0, 2, 32.74
1747774299, 0, 0, 56, 56, 1, 6.13%, 0, 0, 2, 32.18
1747774305, 0, 0, 74, 74, 1, 6.13%, 0, 0, 2, 31.68
1747774310, 0, 0, 86, 86, 1, 7.66%, 0, 0, 2, 8.53
1747774315, 0, 0, 91, 91, 1, 7.98%, 0, 0, 2, 1.96
1747774320, 0, 0, 99, 99, 1, 8.07%, 0, 0, 2, 18.96
1747774325, 0, 0, 110, 110, 1, 8.08%, 0, 0, 2, 22.20
1747774330, 0, 0, 117, 117, 1, 8.09%, 0, 0, 2, 19.11
1747774335, 0, 0, 124, 124, 1, 8.09%, 0, 0, 2, 18.78
1747774340, 0, 0, 132, 132, 1, 8.09%, 0, 0, 2, 18.51
1747774345, 0, 0, 140, 140, 1, 8.20%, 0, 0, 2, 14.15
1747774351, 0, 0, 149, 149, 1, 8.20%, 0, 0, 2, 17.94
1747774356, 0, 0, 157, 157, 1, 8.20%, 0, 0, 2, 18.59
1747774361, 0, 0, 162, 162, 1, 8.25%, 0, 0, 2, 16.63
1747774366, 0, 0, 172, 172, 1, 8.25%, 0, 0, 2, 22.02
1747774371, 0, 0, 181, 181, 1, 8.25%, 0, 0, 2, 19.36
1747774376, 0, 0, 185, 185, 1, 8.25%, 0, 0, 2, 23.88
1747774381, 0, 0, 192, 192, 1, 8.25%, 0, 0, 2, 18.27
1747774387, 0, 0, 202, 202, 1, 8.26%, 0, 0, 2, 24.35
1747774392, 0, 0, 208, 208, 1, 8.26%, 0, 0, 2, 19.12
1747774397, 0, 0, 217, 217, 1, 8.26%, 0, 0, 2, 19.73
1747774402, 0, 0, 224, 224, 1, 8.26%, 0, 0, 2, 17.25
1747774407, 0, 0, 228, 228, 1, 8.26%, 0, 0, 2, 15.32
1747774412, 0, 0, 234, 234, 1, 8.26%, 0, 0, 2, 14.19
1747774417, 0, 0, 238, 238, 1, 8.26%, 0, 0, 2, 14.07
1747774423, 0, 0, 243, 243, 1, 8.26%, 0, 0, 2, 12.07
1747774428, 0, 0, 248, 248, 1, 8.27%, 0, 0, 2, 12.77
1747774433, 0, 0, 256, 256, 1, 8.27%, 0, 0, 2, 17.86
1747774438, 0, 0, 261, 261, 1, 8.27%, 0, 0, 2, 4.07
1747774443, 0, 0, 268, 268, 1, 8.27%, 0, 0, 2, 19.59
1747774448, 0, 0, 278, 278, 1, 8.27%, 0, 0, 2, 23.08
1747774453, 0, 0, 284, 284, 1, 8.27%, 0, 0, 2, 3.02
1747774459, 0, 0, 288, 288, 1, 8.27%, 0, 0, 2, 17.63
1747774464, 0, 0, 294, 294, 1, 8.27%, 0, 0, 2, 21.24
1747774469, 0, 0, 298, 298, 1, 8.27%, 0, 0, 2, 16.17
1747774474, 0, 0, 302, 302, 1, 8.27%, 0, 0, 2, 13.16
1747774479, 0, 0, 306, 306, 1, 8.27%, 0, 0, 2, 13.17
1747774484, 0, 0, 312, 312, 1, 8.27%, 0, 0, 2, 15.26
1747774489, 0, 0, 316, 316, 1, 8.28%, 0, 0, 2, 13.23
1747774494, 0, 0, 321, 321, 1, 8.28%, 0, 0, 2, 14.69
1747774499, 0, 0, 328, 328, 1, 8.28%, 0, 0, 2, 19.80
1747774504, 0, 0, 333, 333, 1, 8.28%, 0, 0, 2, 15.01
1747774509, 0, 0, 337, 337, 1, 8.28%, 0, 0, 2, 17.06
1747774515, 0, 0, 342, 342, 1, 8.28%, 0, 0, 2, 15.31
1747774520, 0, 0, 352, 352, 1, 8.28%, 0, 0, 2, 21.32
1747774525, 0, 0, 360, 360, 1, 8.28%, 0, 0, 2, 22.73
1747774530, 0, 0, 366, 366, 1, 8.28%, 0, 0, 2, 26.11
1747774535, 0, 0, 375, 375, 1, 8.28%, 0, 0, 2, 27.08
1747774540, 0, 0, 383, 383, 1, 8.28%, 0, 0, 2, 27.61
1747774545, 0, 0, 388, 388, 1, 8.28%, 0, 0, 2, 24.69
1747774550, 0, 0, 397, 397, 1, 8.28%, 0, 0, 2, 32.66
1747774555, 0, 0, 402, 402, 1, 8.43%, 0, 0, 2, 20.18
1747774561, 0, 0, 408, 408, 1, 8.43%, 0, 0, 2, 28.23
1747774566, 0, 0, 413, 413, 1, 8.43%, 0, 0, 2, 26.31
1747774571, 0, 0, 420, 420, 1, 8.43%, 0, 0, 2, 27.54
1747774576, 0, 0, 423, 423, 1, 8.43%, 0, 0, 2, 20.87
1747774581, 0, 0, 427, 427, 1, 8.43%, 0, 0, 2, 21.50
1747774586, 0, 0, 430, 430, 1, 8.43%, 0, 0, 2, 26.18
1747774591, 0, 0, 436, 436, 1, 8.43%, 0, 0, 2, 24.12
1747774596, 0, 0, 445, 445, 1, 8.43%, 0, 0, 2, 29.13
1747774602, 0, 0, 450, 450, 1, 8.43%, 0, 0, 2, 23.97
1747774607, 0, 0, 455, 455, 1, 8.43%, 0, 0, 2, 26.44
1747774612, 0, 0, 460, 460, 1, 8.43%, 0, 0, 2, 25.39
1747774617, 0, 0, 466, 466, 1, 8.43%, 0, 0, 2, 22.90
1747774622, 0, 0, 473, 473, 1, 8.43%, 0, 0, 2, 27.50
1747774627, 0, 0, 477, 477, 1, 8.43%, 0, 0, 2, 26.46
1747774632, 0, 0, 482, 482, 1, 8.43%, 0, 0, 2, 27.90
1747774637, 0, 0, 486, 486, 1, 8.43%, 0, 0, 2, 20.05
1747774642, 0, 0, 491, 491, 1, 8.43%, 0, 0, 2, 25.43
1747774648, 0, 0, 494, 494, 1, 8.43%, 0, 0, 2, 28.56
1747774653, 0, 0, 497, 497, 1, 8.43%, 0, 0, 2, 31.43
1747774658, 0, 0, 502, 502, 1, 8.43%, 0, 0, 2, 27.85
1747774663, 0, 0, 505, 505, 1, 8.43%, 0, 0, 2, 17.98
1747774668, 0, 0, 509, 509, 1, 8.43%, 0, 0, 2, 21.01
1747774673, 0, 0, 514, 514, 1, 8.43%, 0, 0, 2, 18.05
1747774678, 0, 0, 520, 520, 1, 8.43%, 0, 0, 2, 28.82
1747774683, 0, 0, 522, 522, 1, 8.43%, 0, 0, 2, 29.37
1747774689, 0, 0, 524, 524, 1, 8.43%, 0, 0, 2, 35.48
1747774694, 0, 0, 527, 527, 1, 8.43%, 0, 0, 2, 32.04
1747774699, 0, 0, 531, 531, 1, 8.43%, 0, 0, 2, 28.32
1747774704, 0, 0, 536, 536, 1, 8.43%, 0, 0, 2, 22.83
1747774709, 0, 0, 541, 541, 1, 8.43%, 0, 0, 2, 31.01
1747774714, 0, 0, 546, 546, 1, 8.43%, 0, 0, 2, 27.99
1747774719, 0, 0, 550, 550, 1, 8.43%, 0, 0, 2, 29.20
1747774724, 0, 0, 552, 552, 1, 8.43%, 0, 0, 2, 28.04
1747774730, 0, 0, 557, 557, 1, 8.43%, 0, 0, 2, 28.66
1747774735, 0, 0, 561, 561, 1, 8.43%, 0, 0, 2, 27.94
1747774740, 0, 0, 566, 566, 1, 8.43%, 0, 0, 2, 42.07
1747774745, 0, 0, 570, 570, 1, 8.43%, 0, 0, 2, 5.28
1747774750, 0, 0, 572, 572, 1, 8.43%, 0, 0, 2, 29.28
1747774755, 0, 0, 576, 576, 1, 8.43%, 0, 0, 2, 24.76
1747774760, 0, 0, 580, 580, 1, 8.43%, 0, 0, 2, 28.69
1747774765, 0, 0, 581, 581, 1, 8.43%, 0, 0, 2, 34.10
1747774771, 0, 0, 583, 583, 1, 8.43%, 0, 0, 2, 29.74
1747774776, 0, 0, 585, 585, 1, 8.43%, 0, 0, 2, 29.72
1747774781, 0, 0, 587, 587, 1, 8.43%, 0, 0, 2, 28.78
1747774786, 0, 0, 590, 590, 1, 8.43%, 0, 0, 2, 26.95
1747774791, 0, 0, 593, 593, 1, 8.43%, 0, 0, 2, 27.12
1747774796, 0, 0, 596, 596, 1, 8.43%, 0, 0, 2, 33.78
1747774801, 0, 0, 598, 598, 1, 8.43%, 0, 0, 2, 32.86
1747774806, 0, 0, 602, 602, 1, 8.43%, 0, 0, 2, 24.98
1747774811, 0, 0, 606, 606, 1, 8.43%, 0, 0, 2, 20.15
1747774816, 0, 0, 608, 608, 1, 8.43%, 0, 0, 2, 19.22
1747774821, 0, 0, 610, 610, 1, 8.43%, 0, 0, 2, 27.72
1747774827, 0, 0, 613, 613, 1, 8.43%, 0, 0, 2, 31.01
1747774832, 0, 0, 617, 617, 1, 8.43%, 0, 0, 2, 24.24
1747774837, 0, 0, 619, 619, 1, 8.43%, 0, 0, 2, 30.78
1747774842, 0, 0, 623, 623, 1, 8.44%, 0, 0, 2, 27.79
1747774847, 0, 0, 626, 626, 1, 8.44%, 0, 0, 2, 22.45
1747774852, 0, 0, 628, 628, 1, 8.44%, 0, 0, 2, 27.66
1747774857, 0, 0, 631, 631, 1, 8.44%, 0, 0, 2, 32.03
1747774863, 0, 0, 634, 634, 1, 8.44%, 0, 0, 2, 34.74
1747774868, 0, 0, 635, 635, 1, 8.44%, 0, 0, 2, 39.90
1747774873, 0, 0, 638, 638, 1, 8.44%, 0, 0, 2, 11.53
1747774878, 0, 0, 640, 640, 1, 8.44%, 0, 0, 2, 24.22
1747774883, 0, 0, 643, 643, 1, 8.44%, 0, 0, 2, 5.85
1747774888, 0, 0, 646, 646, 1, 8.44%, 0, 0, 2, 29.25
1747774893, 0, 0, 647, 647, 1, 8.44%, 0, 0, 2, 34.40
1747774898, 0, 0, 650, 650, 1, 8.44%, 0, 0, 2, 32.78
1747774914, 0, 0, 655, 655, 1, 8.44%, 0, 0, 2, 24.85
1747774924, 0, 0, 656, 656, 1, 8.44%, 0, 0, 2, 30.67
1747774929, 0, 0, 657, 657, 1, 8.44%, 0, 0, 2, 32.05
1747774940, 0, 0, 660, 660, 1, 8.44%, 0, 0, 2, 36.43
1747774945, 0, 0, 662, 662, 1, 8.44%, 0, 0, 2, 32.65
1747774950, 0, 0, 664, 664, 1, 8.44%, 0, 0, 2, 34.25
1747774955, 0, 0, 665, 665, 1, 8.44%, 0, 0, 2, 33.78
1747774960, 0, 0, 666, 666, 1, 8.44%, 0, 0, 2, 31.33
1747774965, 0, 0, 668, 668, 1, 8.44%, 0, 0, 2, 30.93
1747774970, 0, 0, 670, 670, 1, 8.44%, 0, 0, 2, 34.69
1747774975, 0, 0, 672, 672, 1, 8.44%, 0, 0, 2, 34.13
1747774985, 0, 0, 673, 673, 1, 8.44%, 0, 0, 2, 37.36
1747774990, 0, 0, 675, 675, 1, 8.44%, 0, 0, 2, 31.29
1747774995, 0, 0, 678, 678, 1, 8.44%, 0, 0, 2, 12.10
1747775000, 0, 0, 680, 680, 1, 8.44%, 0, 0, 2, 29.64
1747775006, 0, 0, 682, 682, 1, 8.44%, 0, 0, 2, 32.13
1747775016, 0, 0, 683, 683, 1, 8.44%, 0, 0, 2, 38.32
1747775026, 0, 0, 685, 685, 1, 8.44%, 0, 0, 2, 37.17
1747775031, 0, 0, 688, 688, 1, 8.44%, 0, 0, 2, 32.39
1747775036, 0, 0, 689, 689, 1, 8.44%, 0, 0, 2, 31.27
1747775042, 0, 0, 691, 691, 1, 8.44%, 0, 0, 2, 28.61
1747775047, 0, 0, 693, 693, 1, 8.44%, 0, 0, 2, 32.12
1747775052, 0, 0, 694, 694, 1, 8.44%, 0, 0, 2, 31.58
1747775062, 0, 0, 697, 697, 1, 8.44%, 0, 0, 2, 29.50
1747775067, 0, 0, 699, 699, 1, 8.44%, 0, 0, 2, 34.35
1747775078, 0, 0, 702, 702, 1, 8.44%, 0, 0, 2, 29.07
1747775088, 0, 0, 706, 706, 1, 8.44%, 0, 0, 2, 33.20
1747775093, 0, 0, 708, 708, 1, 8.44%, 0, 0, 2, 31.48
1747775098, 0, 0, 711, 711, 1, 8.44%, 0, 0, 2, 27.25
1747775103, 0, 0, 713, 713, 1, 8.44%, 0, 0, 2, 30.76
1747775108, 0, 0, 715, 715, 1, 8.47%, 0, 0, 2, 27.83
1747775113, 0, 0, 716, 716, 1, 8.47%, 0, 0, 2, 32.08
1747775118, 0, 0, 718, 718, 1, 8.47%, 0, 0, 2, 31.81
1747775123, 0, 0, 719, 719, 1, 8.47%, 0, 0, 2, 30.13
1747775129, 0, 0, 721, 721, 1, 8.47%, 0, 0, 2, 4.82
1747775139, 0, 0, 722, 722, 1, 8.47%, 0, 0, 2, 37.23
1747775144, 0, 0, 724, 724, 1, 8.47%, 0, 0, 2, 4.95
1747775154, 0, 0, 725, 725, 1, 8.47%, 0, 0, 2, 36.82
1747775159, 0, 0, 726, 726, 1, 8.47%, 0, 0, 2, 33.83
1747775165, 0, 2, 728, 727, 26, 8.47%, 0, 0, 2, 22.77
1747775170, 0, 2, 730, 729, 26, 8.47%, 0, 0, 2, 16.07
1747775175, 0, 2, 733, 732, 26, 8.47%, 0, 0, 2, 11.64
1747775180, 0, 2, 734, 733, 26, 8.47%, 0, 0, 2, 10.89
1747775185, 0, 2, 736, 735, 26, 8.47%, 0, 0, 2, 11.35
1747775190, 0, 2, 739, 738, 26, 8.47%, 0, 0, 2, 10.08
1747775196, 0, 2, 741, 740, 26, 8.47%, 0, 0, 2, 10.49
1747775201, 0, 2, 744, 743, 26, 8.47%, 0, 0, 2, 9.31
1747775206, 0, 2, 747, 746, 26, 8.47%, 0, 0, 2, 8.56
1747775211, 0, 2, 750, 749, 26, 8.47%, 0, 0, 2, 10.09
1747775216, 0, 2, 751, 750, 26, 8.47%, 0, 0, 2, 9.27
1747775221, 0, 2, 754, 753, 26, 8.47%, 0, 0, 2, 8.55
1747775226, 0, 2, 755, 754, 26, 8.49%, 0, 0, 2, 8.17
1747775232, 0, 2, 758, 757, 26, 8.51%, 0, 0, 2, 9.01
1747775242, 0, 2, 761, 760, 26, 8.51%, 0, 0, 2, 8.90
1747775247, 0, 2, 762, 761, 26, 8.53%, 0, 0, 2, 10.05
1747775252, 0, 2, 764, 763, 26, 8.53%, 0, 0, 2, 12.40
1747775257, 0, 2, 765, 764, 26, 8.53%, 0, 0, 2, 11.98
1747775262, 0, 2, 766, 765, 26, 8.53%, 0, 0, 2, 10.40
1747775267, 0, 2, 767, 766, 26, 8.53%, 0, 0, 2, 9.92
1747775272, 0, 2, 768, 767, 26, 8.53%, 0, 0, 2, 11.03
1747775278, 0, 2, 770, 769, 26, 8.53%, 0, 0, 2, 9.33
1747775283, 0, 2, 771, 770, 26, 8.53%, 0, 0, 2, 9.23
1747775288, 0, 2, 773, 772, 26, 8.53%, 0, 0, 2, 8.79
1747775293, 0, 2, 774, 773, 26, 8.53%, 0, 0, 2, 10.07
1747775298, 0, 2, 777, 776, 26, 8.53%, 0, 0, 2, 9.72
1747775303, 0, 2, 778, 777, 26, 8.53%, 0, 0, 2, 7.71
1747775309, 0, 2, 780, 779, 26, 8.53%, 0, 0, 2, 8.46
1747775314, 0, 2, 781, 780, 26, 8.53%, 0, 0, 2, 10.28
1747775324, 0, 2, 782, 781, 26, 8.53%, 0, 0, 2, 11.90
1747775334, 0, 2, 783, 782, 26, 8.53%, 0, 0, 2, 11.30
1747775339, 0, 2, 784, 783, 26, 8.53%, 0, 0, 2, 10.88
1747775345, 0, 2, 785, 784, 26, 8.53%, 0, 0, 2, 9.78
1747775355, 0, 2, 786, 785, 26, 8.53%, 0, 0, 2, 12.20
1747775365, 0, 2, 787, 786, 26, 8.53%, 0, 0, 2, 11.41
1747775370, 0, 2, 788, 787, 26, 8.53%, 0, 0, 2, 10.31
1747775380, 0, 2, 790, 789, 26, 8.54%, 0, 0, 2, 8.82
1747775385, 0, 2, 792, 791, 26, 8.54%, 0, 0, 2, 5.82
1747775390, 0, 2, 795, 794, 26, 8.71%, 0, 0, 2, 6.29
1747775395, 0, 2, 798, 797, 26, 8.71%, 0, 0, 2, 7.62
1747775401, 0, 2, 800, 799, 26, 8.71%, 0, 0, 2, 7.46
1747775406, 0, 2, 803, 802, 26, 8.71%, 0, 0, 2, 6.24
1747775411, 0, 2, 804, 803, 26, 8.71%, 0, 0, 2, 9.52
1747775421, 0, 2, 805, 804, 26, 8.71%, 0, 0, 2, 10.50
1747775426, 0, 2, 808, 807, 26, 8.71%, 0, 0, 2, 7.71
1747775432, 0, 2, 810, 809, 26, 8.71%, 0, 0, 2, 8.38
1747775437, 0, 2, 811, 810, 26, 8.71%, 0, 0, 2, 11.37
1747775442, 0, 2, 812, 811, 26, 8.71%, 0, 0, 2, 9.80
1747775447, 0, 2, 814, 813, 26, 8.71%, 0, 0, 2, 6.32
1747775452, 0, 2, 817, 816, 26, 8.71%, 0, 0, 2, 6.16
1747775457, 0, 2, 819, 818, 26, 8.71%, 0, 0, 2, 6.88
1747775463, 0, 2, 820, 819, 26, 8.73%, 0, 0, 2, 10.19
1747775468, 0, 2, 822, 821, 26, 8.73%, 0, 0, 2, 7.78
1747775473, 0, 2, 824, 823, 26, 8.73%, 0, 0, 2, 7.74
1747775478, 0, 2, 825, 824, 26, 8.73%, 0, 0, 2, 9.36
1747775483, 0, 2, 827, 826, 26, 8.73%, 0, 0, 2, 10.04
1747775489, 0, 2, 828, 827, 26, 8.73%, 0, 0, 2, 9.13
1747775494, 0, 2, 830, 829, 26, 8.73%, 0, 0, 2, 8.02
1747775499, 0, 2, 831, 830, 26, 8.73%, 0, 0, 2, 7.23
1747775509, 0, 2, 832, 831, 26, 8.73%, 0, 0, 2, 11.76
1747775514, 0, 2, 833, 832, 26, 8.73%, 0, 0, 2, 11.12
1747775520, 0, 2, 834, 833, 26, 8.74%, 0, 0, 2, 9.39
1747775525, 0, 2, 835, 834, 26, 8.74%, 0, 0, 2, 10.06
1747775530, 0, 2, 836, 835, 26, 8.74%, 0, 0, 2, 10.84
1747775535, 0, 2, 838, 837, 26, 8.74%, 0, 0, 2, 7.77
1747775540, 0, 2, 839, 838, 26, 8.74%, 0, 0, 2, 8.56
1747775545, 0, 2, 840, 839, 26, 8.74%, 0, 0, 2, 11.68
1747775550, 0, 2, 841, 840, 26, 8.74%, 0, 0, 2, 10.46
1747775556, 0, 2, 842, 841, 26, 8.74%, 0, 0, 2, 10.24
1747775561, 0, 2, 843, 842, 26, 8.74%, 0, 0, 2, 9.03
1747775566, 0, 2, 845, 844, 26, 8.74%, 0, 0, 2, 9.17
1747775571, 0, 2, 847, 846, 26, 8.74%, 0, 0, 2, 5.93
1747775576, 0, 2, 848, 847, 26, 8.74%, 0, 0, 2, 9.14
1747775592, 0, 2, 850, 849, 26, 8.74%, 0, 0, 2, 10.75
1747775597, 0, 2, 851, 850, 26, 8.74%, 0, 0, 2, 9.52
1747775602, 0, 2, 852, 851, 26, 8.74%, 0, 0, 2, 10.43
1747775607, 0, 2, 853, 852, 26, 8.74%, 0, 0, 2, 10.90
1747775618, 0, 2, 855, 854, 26, 8.74%, 0, 0, 2, 8.50
1747775623, 0, 2, 856, 855, 26, 8.74%, 0, 0, 2, 11.43
1747775633, 0, 2, 857, 856, 26, 8.74%, 0, 0, 2, 9.73
1747775644, 0, 2, 860, 859, 26, 8.74%, 0, 0, 2, 11.98
1747775649, 0, 2, 861, 860, 26, 8.74%, 0, 0, 2, 7.79
1747775659, 0, 2, 862, 861, 26, 8.74%, 0, 0, 2, 13.32
1747775664, 0, 2, 863, 862, 26, 8.74%, 0, 0, 2, 12.19
1747775670, 0, 2, 865, 864, 26, 8.74%, 0, 0, 2, 8.70
1747775675, 0, 2, 866, 865, 26, 8.74%, 0, 0, 2, 10.17
1747775680, 0, 2, 867, 866, 26, 8.74%, 0, 0, 2, 9.24
1747775690, 0, 2, 868, 867, 26, 8.74%, 0, 0, 2, 12.85
1747775695, 0, 2, 869, 868, 26, 8.74%, 0, 0, 2, 9.54
1747775700, 0, 2, 870, 869, 26, 8.74%, 0, 0, 2, 9.78
1747775705, 0, 2, 871, 870, 26, 8.74%, 0, 0, 2, 9.08
1747775715, 0, 3, 872, 871, 25, 8.74%, 0, 0, 2, 8.08
1747775731, 0, 3, 873, 872, 25, 8.74%, 0, 0, 2, 9.76
1747775741, 0, 3, 875, 874, 25, 8.74%, 0, 0, 2, 7.17
1747775756, 0, 3, 876, 875, 25, 8.74%, 0, 0, 2, 11.20
1747775766, 0, 3, 877, 876, 25, 8.74%, 0, 0, 2, 9.57
1747775771, 0, 3, 878, 877, 25, 9.12%, 0, 0, 2, 7.51
1747775777, 0, 3, 880, 879, 25, 9.12%, 0, 0, 2, 6.36
1747775782, 0, 3, 882, 881, 25, 9.12%, 0, 0, 2, 5.87
1747775787, 0, 3, 883, 882, 25, 9.13%, 0, 0, 2, 2.84
1747775792, 0, 3, 884, 883, 25, 9.13%, 0, 0, 2, 5.79
1747775797, 0, 3, 885, 884, 25, 9.13%, 0, 0, 2, 6.14
1747775802, 0, 3, 886, 885, 25, 9.13%, 0, 0, 2, 7.64
1747775807, 0, 3, 887, 886, 25, 9.13%, 0, 0, 2, 8.62
1747775813, 0, 3, 888, 887, 25, 9.13%, 0, 0, 2, 9.13
1747775818, 0, 3, 890, 889, 25, 9.13%, 0, 0, 2, 8.01
1747775823, 0, 3, 891, 890, 25, 9.13%, 0, 0, 2, 7.71
1747775828, 0, 3, 892, 891, 25, 9.13%, 0, 0, 2, 6.42
1747775833, 0, 3, 893, 892, 25, 9.13%, 0, 0, 2, 6.51
1747775838, 0, 3, 895, 894, 25, 9.13%, 0, 0, 2, 5.33
1747775843, 0, 3, 896, 895, 25, 9.13%, 0, 0, 2, 5.84
1747775854, 0, 3, 897, 896, 25, 9.19%, 0, 0, 2, 6.83
1747775859, 0, 3, 899, 898, 25, 9.20%, 0, 0, 2, 6.20
1747775864, 0, 3, 900, 899, 25, 9.20%, 0, 0, 2, 4.61
1747775869, 0, 3, 901, 900, 25, 9.20%, 0, 0, 2, 5.77
1747775874, 0, 3, 903, 902, 25, 9.20%, 0, 0, 2, 5.82
1747775879, 0, 3, 904, 903, 25, 9.20%, 0, 0, 2, 5.70
1747775884, 0, 3, 905, 904, 25, 9.20%, 0, 0, 2, 4.77
1747775890, 0, 3, 906, 905, 25, 9.20%, 0, 0, 2, 7.22
1747775895, 0, 3, 908, 907, 25, 9.20%, 0, 0, 2, 5.86
1747775900, 0, 3, 909, 908, 25, 9.20%, 0, 0, 2, 5.05
1747775905, 0, 3, 910, 909, 25, 9.20%, 0, 0, 2, 7.26
1747775915, 0, 3, 911, 910, 25, 9.20%, 0, 0, 2, 8.13
1747775920, 0, 3, 912, 911, 25, 9.20%, 0, 0, 2, 6.06
1747775926, 0, 3, 913, 912, 25, 9.20%, 0, 0, 2, 6.94
1747775931, 0, 3, 914, 913, 25, 9.20%, 0, 0, 2, 5.88
1747775941, 0, 3, 915, 914, 25, 9.20%, 0, 0, 2, 7.24
1747775951, 0, 3, 916, 915, 25, 9.20%, 0, 0, 2, 7.57
1747775957, 0, 3, 917, 916, 25, 9.20%, 0, 0, 2, 5.69
1747775967, 0, 3, 918, 917, 25, 9.20%, 0, 0, 2, 6.80
1747775972, 0, 3, 919, 918, 25, 9.20%, 0, 0, 2, 7.19
1747775987, 0, 3, 921, 920, 25, 9.20%, 0, 0, 2, 8.89
1747775997, 0, 3, 922, 921, 25, 9.20%, 0, 0, 2, 8.33
1747776002, 0, 3, 923, 922, 25, 9.20%, 0, 0, 2, 9.67
1747776008, 0, 3, 924, 923, 25, 9.20%, 0, 0, 2, 7.17
1747776018, 0, 3, 925, 924, 25, 9.20%, 0, 0, 2, 6.15
1747776023, 0, 3, 926, 925, 25, 9.20%, 0, 0, 2, 6.90
1747776033, 0, 3, 927, 926, 25, 9.20%, 0, 0, 2, 6.24
1747776049, 0, 3, 929, 928, 25, 9.20%, 0, 0, 2, 6.71
1747776054, 0, 3, 930, 929, 25, 9.20%, 0, 0, 2, 5.36
1747776059, 0, 3, 931, 930, 25, 9.20%, 0, 0, 2, 5.16
1747776064, 0, 3, 932, 931, 25, 9.20%, 0, 0, 2, 5.91
1747776075, 0, 3, 933, 932, 25, 9.20%, 0, 0, 2, 7.41
1747776080, 0, 3, 934, 933, 25, 9.20%, 0, 0, 2, 7.47
1747776085, 0, 3, 935, 934, 25, 9.20%, 0, 0, 2, 6.86
1747776096, 0, 3, 936, 935, 25, 9.20%, 0, 0, 2, 7.18
1747776106, 0, 3, 937, 936, 25, 9.21%, 0, 0, 2, 6.19
1747776116, 0, 3, 938, 937, 25, 9.21%, 0, 0, 2, 7.96
1747776121, 0, 3, 939, 938, 25, 9.21%, 0, 0, 2, 8.17
1747776126, 0, 3, 940, 939, 25, 9.21%, 0, 0, 2, 9.26
1747776142, 0, 3, 941, 940, 25, 9.21%, 0, 0, 2, 7.73
1747776152, 0, 3, 942, 941, 25, 9.21%, 0, 0, 2, 7.42
1747776162, 0, 3, 944, 943, 25, 9.21%, 0, 0, 2, 6.81
1747776168, 0, 3, 945, 944, 25, 9.21%, 0, 0, 2, 7.28
1747776178, 0, 3, 946, 945, 25, 9.21%, 0, 0, 2, 6.79
1747776183, 0, 3, 947, 946, 25, 9.21%, 0, 0, 2, 7.60
1747776188, 0, 3, 948, 947, 25, 9.21%, 0, 0, 2, 6.49
1747776198, 0, 3, 949, 948, 25, 9.21%, 0, 0, 2, 7.92
1747776203, 0, 3, 950, 949, 25, 9.21%, 0, 0, 2, 7.64
1747776209, 0, 3, 951, 950, 25, 9.21%, 0, 0, 2, 8.38
1747776219, 0, 3, 952, 951, 25, 9.21%, 0, 0, 2, 8.27
1747776229, 0, 3, 953, 952, 25, 9.21%, 0, 0, 2, 6.90
1747776234, 0, 3, 954, 953, 25, 9.21%, 0, 0, 2, 6.68
1747776239, 0, 3, 955, 954, 25, 9.21%, 0, 0, 2, 6.04
1747776245, 0, 3, 958, 957, 25, 9.21%, 0, 0, 2, 8.02
1747776255, 0, 3, 959, 958, 25, 9.21%, 0, 0, 2, 8.19
1747776265, 0, 3, 960, 959, 25, 9.21%, 0, 0, 2, 7.25
1747776270, 0, 3, 961, 960, 25, 9.21%, 0, 0, 2, 6.36
1747776281, 0, 3, 962, 961, 25, 9.21%, 0, 0, 2, 8.82
1747776291, 0, 3, 963, 962, 25, 9.21%, 0, 0, 2, 7.40
1747776296, 0, 3, 964, 963, 25, 9.21%, 0, 0, 2, 8.62
1747776307, 0, 3, 965, 964, 25, 9.21%, 0, 0, 2, 6.76
1747776327, 0, 3, 966, 965, 25, 9.21%, 0, 0, 2, 8.65
1747776337, 0, 3, 967, 966, 25, 9.21%, 0, 0, 2, 9.22
1747776347, 0, 3, 968, 967, 25, 9.21%, 0, 0, 2, 8.88
1747776363, 0, 4, 969, 968, 28, 9.21%, 0, 0, 2, 8.90
1747776368, 0, 4, 970, 969, 28, 9.21%, 0, 0, 2, 7.94
1747776373, 0, 4, 971, 970, 28, 9.21%, 0, 0, 2, 6.36
1747776379, 0, 4, 972, 971, 28, 9.21%, 0, 0, 2, 8.03
1747776399, 0, 4, 973, 972, 28, 9.21%, 0, 0, 2, 9.97
1747776410, 0, 4, 974, 973, 28, 9.22%, 0, 0, 2, 6.60
1747776415, 0, 4, 975, 974, 28, 9.22%, 0, 0, 2, 5.74
1747776425, 0, 4, 976, 975, 28, 9.22%, 0, 0, 2, 6.04
1747776435, 0, 4, 977, 976, 28, 9.22%, 0, 0, 2, 10.44
1747776450, 0, 4, 978, 977, 28, 9.22%, 0, 0, 2, 6.41
1747776456, 0, 4, 979, 978, 28, 9.22%, 0, 0, 2, 5.75
1747776461, 0, 4, 980, 979, 28, 9.22%, 0, 0, 2, 4.60
1747776476, 0, 4, 981, 980, 28, 9.22%, 0, 0, 2, 8.17
1747776481, 0, 4, 982, 981, 28, 9.22%, 0, 0, 2, 6.68
1747776487, 0, 4, 983, 982, 28, 9.22%, 0, 0, 2, 6.74
1747776492, 0, 4, 984, 983, 28, 9.22%, 0, 0, 2, 5.59
1747776497, 0, 4, 985, 984, 28, 9.22%, 0, 0, 2, 6.23
1747776508, 0, 4, 986, 985, 28, 9.22%, 0, 0, 2, 6.33
1747776513, 0, 4, 987, 986, 28, 9.22%, 0, 0, 2, 5.98
1747776543, 0, 4, 988, 987, 28, 9.22%, 0, 0, 2, 9.63
1747776559, 0, 4, 989, 988, 28, 9.22%, 0, 0, 2, 6.38
1747776564, 0, 4, 990, 989, 28, 9.22%, 0, 0, 2, 6.18
1747776595, 0, 4, 991, 990, 28, 9.22%, 0, 0, 2, 7.66
1747776610, 0, 4, 992, 991, 28, 9.22%, 0, 0, 2, 6.79
1747776621, 0, 4, 993, 992, 28, 9.22%, 0, 0, 2, 5.88
1747776626, 0, 4, 994, 993, 28, 9.22%, 0, 0, 2, 6.38
1747776631, 0, 4, 995, 994, 28, 9.22%, 0, 0, 2, 5.47
1747776636, 0, 4, 996, 995, 28, 9.22%, 0, 0, 2, 9.35
1747776641, 0, 4, 997, 996, 28, 9.22%, 0, 0, 2, 7.61
1747776646, 0, 4, 998, 997, 28, 9.22%, 0, 0, 2, 6.41
1747776651, 0, 4, 999, 998, 28, 9.22%, 0, 0, 2, 6.46
1747776662, 0, 4, 1000, 999, 28, 9.22%, 0, 0, 2, 8.78
1747776677, 0, 4, 1001, 1000, 28, 9.22%, 0, 0, 2, 8.62
1747776682, 0, 4, 1002, 1001, 28, 9.26%, 0, 0, 2, 5.58
1747776703, 0, 4, 1003, 1002, 28, 9.26%, 0, 0, 2, 8.28
1747776708, 0, 4, 1004, 1003, 28, 9.26%, 0, 0, 2, 6.47
1747776713, 0, 4, 1005, 1004, 28, 9.26%, 0, 0, 2, 6.31
1747776729, 0, 4, 1006, 1005, 28, 9.26%, 0, 0, 2, 7.20
1747776750, 0, 4, 1007, 1006, 28, 9.26%, 0, 0, 2, 8.96
1747776770, 0, 4, 1008, 1007, 28, 9.26%, 0, 0, 2, 7.52
1747776796, 0, 4, 1009, 1008, 28, 9.26%, 0, 0, 2, 7.44
1747776807, 0, 4, 1010, 1009, 28, 9.26%, 0, 0, 2, 6.70
1747776827, 0, 4, 1011, 1010, 28, 9.26%, 0, 0, 2, 7.32
1747776838, 0, 4, 1012, 1011, 28, 9.26%, 0, 0, 2, 7.02
1747776869, 0, 4, 1013, 1012, 28, 9.26%, 0, 0, 2, 9.96
1747776884, 0, 4, 1014, 1013, 28, 9.26%, 0, 0, 2, 6.90
1747776895, 0, 4, 1015, 1014, 28, 9.26%, 0, 0, 2, 5.94
1747776900, 0, 4, 1016, 1015, 28, 9.26%, 0, 0, 2, 6.91
1747776920, 0, 4, 1017, 1016, 28, 9.26%, 0, 0, 2, 8.23
1747776925, 0, 4, 1019, 1018, 28, 9.26%, 0, 0, 2, 8.10
1747776930, 0, 4, 1020, 1019, 28, 9.26%, 0, 0, 2, 8.50
1747776941, 0, 4, 1021, 1020, 28, 9.26%, 0, 0, 2, 5.73
1747776946, 0, 4, 1022, 1021, 28, 9.26%, 0, 0, 2, 7.55
1747776951, 0, 6, 1023, 1022, 32, 9.26%, 0, 0, 2, 6.94
1747776966, 0, 6, 1024, 1023, 32, 9.26%, 0, 0, 2, 6.45
1747776972, 0, 6, 1025, 1024, 32, 9.26%, 0, 0, 2, 5.97
1747776982, 0, 6, 1026, 1025, 32, 9.26%, 0, 0, 2, 7.28
1747777003, 0, 6, 1027, 1026, 32, 9.26%, 0, 0, 2, 5.65
1747777013, 0, 6, 1028, 1027, 32, 9.26%, 0, 0, 2, 7.54
1747777028, 0, 6, 1029, 1028, 32, 9.27%, 0, 0, 2, 9.48
1747777044, 0, 6, 1030, 1029, 32, 9.27%, 0, 0, 2, 6.40
1747777049, 0, 6, 1031, 1030, 32, 9.27%, 0, 0, 2, 6.58
1747777054, 0, 6, 1032, 1031, 32, 9.27%, 0, 0, 2, 6.48
1747777065, 0, 6, 1033, 1032, 32, 9.28%, 0, 0, 2, 6.11
1747777070, 0, 6, 1034, 1033, 32, 9.28%, 0, 0, 2, 7.14
1747777091, 0, 6, 1035, 1034, 32, 9.28%, 0, 0, 2, 6.81
1747777106, 0, 6, 1036, 1035, 32, 9.28%, 0, 0, 2, 5.71
1747777111, 0, 6, 1037, 1036, 32, 9.28%, 0, 0, 2, 6.95
1747777127, 0, 6, 1038, 1037, 32, 9.28%, 0, 0, 2, 6.49
1747777132, 0, 6, 1039, 1038, 32, 9.28%, 0, 0, 2, 6.19
1747777137, 0, 6, 1040, 1039, 32, 9.28%, 0, 0, 2, 7.28
1747777142, 0, 6, 1041, 1040, 32, 9.28%, 0, 0, 2, 5.89
1747777147, 0, 6, 1042, 1041, 32, 9.28%, 0, 0, 2, 9.60
1747777158, 0, 6, 1043, 1042, 32, 9.28%, 0, 0, 2, 6.80
1747777168, 0, 6, 1045, 1044, 32, 9.28%, 0, 0, 2, 6.86
1747777174, 0, 6, 1046, 1045, 32, 9.28%, 0, 0, 2, 7.89
1747777189, 0, 6, 1047, 1046, 32, 9.28%, 0, 0, 2, 6.51
1747777199, 0, 6, 1048, 1047, 32, 9.28%, 0, 0, 2, 8.59
1747777209, 0, 6, 1049, 1048, 32, 9.28%, 0, 0, 2, 7.15
1747777225, 0, 6, 1050, 1049, 32, 9.28%, 0, 0, 2, 7.35
1747777230, 0, 6, 1051, 1050, 32, 9.28%, 0, 0, 2, 6.10
1747777251, 0, 6, 1052, 1051, 32, 9.28%, 0, 0, 2, 6.76
1747777271, 0, 6, 1053, 1052, 32, 9.28%, 0, 0, 2, 8.40
1747777344, 0, 6, 1054, 1053, 32, 9.28%, 0, 0, 2, 6.95
1747777354, 0, 6, 1055, 1054, 32, 9.28%, 0, 0, 2, 6.91
1747777359, 0, 6, 1056, 1055, 32, 9.28%, 0, 0, 2, 5.70
1747777365, 0, 6, 1057, 1056, 32, 9.28%, 0, 0, 2, 7.19
1747777380, 0, 6, 1058, 1057, 32, 9.28%, 0, 0, 2, 6.51
1747777385, 0, 6, 1059, 1058, 32, 9.30%, 0, 0, 2, 5.13
1747777416, 0, 6, 1060, 1059, 32, 9.30%, 0, 0, 2, 11.17
1747777473, 0, 6, 1061, 1060, 32, 9.30%, 0, 0, 2, 7.72
1747777525, 0, 7, 1061, 1060, 34, 9.30%, 0, 0, 2, 10.01
1747777535, 0, 7, 1062, 1061, 34, 9.30%, 0, 0, 2, 6.70
1747777550, 0, 7, 1063, 1062, 34, 9.30%, 0, 0, 2, 7.27
1747777566, 0, 7, 1064, 1063, 34, 9.30%, 0, 0, 2, 8.01
1747777571, 0, 7, 1065, 1064, 34, 9.30%, 0, 0, 2, 6.00
1747777576, 0, 7, 1066, 1065, 34, 9.30%, 0, 0, 2, 6.77
1747777653, 0, 7, 1067, 1066, 34, 9.30%, 0, 0, 2, 5.61
1747777679, 0, 7, 1068, 1067, 34, 9.30%, 0, 0, 2, 7.64
1747777726, 0, 7, 1069, 1068, 34, 9.30%, 0, 0, 2, 6.86
1747777757, 0, 7, 1070, 1069, 34, 9.30%, 0, 0, 2, 6.45
1747777783, 0, 7, 1071, 1070, 34, 9.30%, 0, 0, 2, 7.55
1747777824, 0, 7, 1072, 1071, 34, 9.30%, 0, 0, 2, 5.64
1747777860, 0, 7, 1073, 1072, 34, 9.30%, 0, 0, 2, 6.75
1747777891, 0, 7, 1074, 1073, 34, 9.30%, 0, 0, 2, 7.37
1747777948, 0, 7, 1075, 1074, 34, 9.30%, 0, 0, 2, 8.87
1747778009, 0, 7, 1076, 1075, 34, 9.30%, 0, 0, 2, 10.38
1747778045, 0, 9, 1076, 1075, 34, 9.30%, 0, 0, 2, 8.74
1747778065, 0, 10, 1076, 1075, 34, 9.30%, 0, 0, 2, 8.51
1747778076, 0, 12, 1076, 1075, 34, 9.30%, 0, 0, 2, 10.96
1747778091, 0, 12, 1077, 1076, 34, 9.30%, 0, 0, 2, 7.70
1747778107, 0, 12, 1078, 1077, 34, 9.30%, 0, 0, 2, 6.34
1747778133, 0, 12, 1079, 1078, 34, 9.30%, 0, 0, 2, 10.30
1747778138, 0, 12, 1080, 1079, 34, 9.30%, 0, 0, 2, 7.65
1747778148, 0, 12, 1081, 1080, 34, 9.30%, 0, 0, 2, 6.31
1747778184, 0, 12, 1082, 1081, 34, 9.30%, 0, 0, 2, 7.72
1747778205, 0, 12, 1083, 1082, 34, 9.30%, 0, 0, 2, 6.68
1747778236, 0, 12, 1084, 1083, 34, 9.32%, 0, 0, 2, 8.48
1747778319, 0, 12, 1085, 1084, 34, 9.32%, 0, 0, 2, 7.90
1747778345, 0, 12, 1086, 1085, 34, 9.32%, 0, 0, 2, 8.51
1747778360, 0, 12, 1087, 1086, 34, 9.32%, 0, 0, 2, 6.38
1747778365, 0, 12, 1088, 1087, 34, 9.32%, 0, 0, 2, 6.86
1747778371, 0, 12, 1089, 1088, 34, 9.32%, 0, 0, 2, 6.17
1747778381, 0, 12, 1090, 1089, 34, 9.32%, 0, 0, 2, 7.42
1747778401, 0, 12, 1091, 1090, 34, 9.32%, 0, 0, 2, 7.26
1747778468, 0, 12, 1092, 1091, 34, 9.32%, 0, 0, 2, 9.40
1747778489, 0, 12, 1093, 1092, 34, 9.32%, 0, 0, 2, 7.20
1747778505, 0, 12, 1094, 1093, 34, 9.32%, 0, 0, 2, 9.26
1747778525, 0, 12, 1095, 1094, 34, 9.32%, 0, 0, 2, 6.51
1747778536, 0, 12, 1096, 1095, 34, 9.32%, 0, 0, 2, 6.87
1747778577, 0, 13, 1096, 1095, 30, 9.32%, 0, 0, 2, 9.67
1747778592, 0, 14, 1096, 1095, 30, 9.32%, 0, 0, 2, 8.96
1747778608, 0, 15, 1096, 1095, 30, 9.32%, 0, 0, 2, 8.26
1747778624, 0, 16, 1096, 1095, 30, 9.32%, 0, 0, 2, 8.53
1747778634, 0, 17, 1096, 1095, 30, 9.32%, 0, 0, 2, 10.18
1747778649, 0, 18, 1096, 1095, 30, 9.32%, 0, 0, 2, 9.39
1747778665, 0, 19, 1096, 1095, 30, 9.32%, 0, 0, 2, 9.32
1747778675, 0, 19, 1098, 1097, 30, 9.32%, 0, 0, 2, 6.97
1747778706, 0, 19, 1099, 1098, 30, 9.32%, 0, 0, 2, 7.43
1747778768, 0, 19, 1101, 1100, 30, 9.32%, 0, 0, 2, 8.73
1747778809, 0, 19, 1102, 1101, 30, 9.32%, 0, 0, 2, 6.92
1747778814, 0, 19, 1103, 1102, 30, 9.32%, 0, 0, 2, 7.58
1747778903, 0, 19, 1104, 1103, 30, 9.32%, 0, 0, 2, 6.97
1747778980, 0, 19, 1105, 1104, 30, 9.32%, 0, 0, 2, 6.83
1747778990, 0, 19, 1106, 1105, 30, 9.32%, 0, 0, 2, 7.94
1747779021, 0, 19, 1107, 1106, 30, 9.32%, 0, 0, 2, 7.57
1747779073, 0, 19, 1108, 1107, 30, 9.32%, 0, 0, 2, 7.50
1747779083, 0, 19, 1109, 1108, 30, 9.32%, 0, 0, 2, 7.02
1747779094, 0, 19, 1110, 1109, 30, 9.32%, 0, 0, 2, 7.75
1747779115, 0, 19, 1111, 1110, 30, 9.32%, 0, 0, 2, 7.75
1747779120, 0, 19, 1112, 1111, 30, 9.32%, 0, 0, 2, 10.69
1747779140, 0, 19, 1113, 1112, 30, 9.32%, 0, 0, 2, 7.84
1747779150, 0, 19, 1114, 1113, 30, 9.32%, 0, 0, 2, 7.64
1747779155, 0, 20, 1114, 1113, 32, 9.32%, 0, 0, 2, 7.87
1747779166, 0, 20, 1115, 1114, 32, 9.32%, 0, 0, 2, 7.20
1747779191, 0, 22, 1115, 1114, 32, 9.32%, 0, 0, 2, 8.60
1747779207, 0, 23, 1115, 1114, 32, 9.32%, 0, 0, 2, 8.85
1747779223, 0, 24, 1115, 1114, 32, 9.32%, 0, 0, 2, 8.17
1747779238, 0, 25, 1115, 1114, 32, 9.32%, 0, 0, 2, 9.37
1747779253, 0, 27, 1115, 1114, 32, 9.32%, 0, 0, 2, 9.35
1747779269, 0, 29, 1115, 1114, 32, 9.32%, 0, 0, 2, 8.75
1747779284, 0, 30, 1116, 1115, 32, 9.32%, 0, 0, 2, 7.06
1747779316, 0, 31, 1116, 1115, 32, 9.32%, 0, 0, 2, 10.07
1747779331, 0, 32, 1116, 1115, 32, 9.32%, 0, 0, 2, 9.03
1747779341, 0, 32, 1117, 1116, 32, 9.32%, 0, 0, 2, 7.44
1747779352, 0, 32, 1118, 1117, 32, 9.32%, 0, 0, 2, 7.29
1747779393, 0, 33, 1119, 1118, 32, 9.32%, 0, 0, 2, 8.28
1747779398, 0, 33, 1120, 1119, 32, 9.32%, 0, 0, 2, 7.94
1747779450, 0, 34, 1120, 1119, 32, 9.32%, 0, 0, 2, 10.44
1747779465, 0, 35, 1120, 1119, 32, 9.32%, 0, 0, 2, 8.47
1747779476, 0, 35, 1121, 1120, 32, 9.32%, 0, 0, 2, 7.14
1747779486, 0, 35, 1122, 1121, 32, 9.32%, 0, 0, 2, 7.26
1747779532, 0, 36, 1122, 1121, 32, 9.32%, 0, 0, 2, 10.15
1747779543, 0, 36, 1123, 1122, 32, 9.32%, 0, 0, 2, 7.32
1747779548, 0, 36, 1124, 1123, 32, 9.32%, 0, 0, 2, 6.68
1747779564, 0, 36, 1125, 1124, 32, 9.32%, 0, 0, 2, 7.47
1747779599, 0, 36, 1126, 1125, 32, 9.32%, 0, 0, 2, 6.46
1747779682, 0, 36, 1127, 1126, 32, 9.32%, 0, 0, 2, 9.71
1747779770, 0, 36, 1128, 1127, 32, 9.32%, 0, 0, 2, 7.59
1747779893, 0, 36, 1129, 1128, 32, 9.32%, 0, 0, 2, 7.21
1747779898, 0, 36, 1130, 1129, 32, 9.32%, 0, 0, 2, 6.65
1747779960, 0, 36, 1131, 1130, 32, 9.32%, 0, 0, 2, 6.66
1747779997, 0, 36, 1132, 1131, 32, 9.32%, 0, 0, 2, 6.75
1747780033, 0, 37, 1132, 1131, 32, 9.32%, 0, 0, 2, 10.34
1747780048, 0, 38, 1132, 1131, 32, 9.32%, 0, 0, 2, 7.01
1747780053, 0, 38, 1133, 1132, 32, 9.32%, 0, 0, 2, 7.24
1747780079, 0, 40, 1133, 1132, 32, 9.32%, 0, 0, 2, 8.61
1747780090, 0, 41, 1133, 1132, 32, 9.32%, 0, 0, 2, 10.57
1747780105, 0, 42, 1133, 1132, 32, 9.32%, 0, 0, 2, 8.73
1747780120, 0, 43, 1133, 1132, 32, 9.32%, 0, 0, 2, 8.32
1747780136, 0, 44, 1133, 1132, 32, 9.32%, 0, 0, 2, 9.73
1747780146, 0, 44, 1134, 1133, 32, 9.32%, 0, 0, 2, 6.22
1747780156, 0, 44, 1135, 1134, 32, 9.32%, 0, 0, 2, 9.85
1747780167, 0, 44, 1136, 1135, 32, 9.32%, 0, 0, 2, 6.08
1747780203, 0, 44, 1137, 1136, 32, 9.34%, 0, 0, 2, 6.15
1747780213, 0, 44, 1138, 1137, 32, 9.34%, 0, 0, 2, 6.59
1747780223, 0, 44, 1139, 1138, 32, 9.34%, 0, 0, 2, 8.09
1747780244, 0, 44, 1140, 1139, 32, 9.34%, 0, 0, 2, 6.72
1747780259, 0, 44, 1141, 1140, 32, 9.34%, 0, 0, 2, 9.89
1747780290, 0, 44, 1142, 1141, 32, 9.34%, 0, 0, 2, 7.46
1747780305, 0, 44, 1143, 1142, 32, 9.34%, 0, 0, 2, 6.96
1747780321, 0, 44, 1144, 1143, 32, 9.34%, 0, 0, 2, 6.78
1747780357, 0, 44, 1145, 1144, 32, 9.34%, 0, 0, 2, 8.32
1747780378, 0, 44, 1146, 1145, 32, 9.34%, 0, 0, 2, 8.20
1747780398, 0, 44, 1147, 1146, 32, 9.34%, 0, 0, 2, 6.09
1747780440, 0, 44, 1148, 1147, 32, 9.34%, 0, 0, 2, 7.80
1747780671, 0, 45, 1148, 1147, 33, 9.34%, 0, 0, 2, 9.08
1747780681, 0, 46, 1148, 1147, 33, 9.34%, 0, 0, 2, 10.42
1747780697, 0, 47, 1148, 1147, 33, 9.34%, 0, 0, 2, 8.65
1747780717, 0, 48, 1149, 1148, 33, 9.34%, 0, 0, 2, 7.48
1747780743, 0, 48, 1150, 1149, 33, 9.34%, 0, 0, 2, 8.69
1747780774, 0, 49, 1150, 1149, 33, 9.34%, 0, 0, 2, 8.93
1747780789, 0, 50, 1150, 1149, 33, 9.34%, 0, 0, 2, 8.03
1747780805, 0, 51, 1150, 1149, 33, 9.34%, 0, 0, 2, 8.63
1747780820, 0, 52, 1150, 1149, 33, 9.34%, 0, 0, 2, 9.04
1747780825, 0, 52, 1151, 1150, 33, 9.34%, 0, 0, 2, 7.81
1747780851, 0, 53, 1151, 1150, 33, 9.34%, 0, 0, 2, 7.86
1747780867, 0, 55, 1151, 1150, 33, 9.34%, 0, 0, 2, 9.86
1747780882, 0, 56, 1151, 1150, 33, 9.34%, 0, 0, 2, 8.90
1747780898, 0, 58, 1151, 1150, 33, 9.34%, 0, 0, 2, 10.35
1747780908, 0, 59, 1151, 1150, 33, 9.34%, 0, 0, 2, 8.92
1747780924, 0, 61, 1151, 1150, 33, 9.34%, 0, 0, 2, 7.80
1747780939, 0, 61, 1152, 1151, 33, 9.34%, 0, 0, 2, 6.84
1747780965, 0, 62, 1152, 1151, 33, 9.34%, 0, 0, 2, 8.65
1747780975, 0, 63, 1152, 1151, 33, 9.34%, 0, 0, 2, 9.72
1747780990, 0, 64, 1152, 1151, 33, 9.34%, 0, 0, 2, 8.84
1747781005, 0, 65, 1152, 1151, 33, 9.34%, 0, 0, 2, 9.86
1747781026, 0, 67, 1152, 1151, 33, 9.34%, 0, 0, 2, 7.08
1747781042, 0, 68, 1152, 1151, 33, 9.34%, 0, 0, 2, 7.63
1747781057, 0, 69, 1152, 1151, 33, 9.34%, 0, 0, 2, 9.72
1747781068, 0, 70, 1152, 1151, 33, 9.34%, 0, 0, 2, 10.10
1747781078, 0, 70, 1153, 1152, 33, 9.34%, 0, 0, 2, 9.39
1747781099, 0, 71, 1153, 1152, 33, 9.34%, 0, 0, 2, 8.56
1747781115, 0, 72, 1153, 1152, 33, 9.34%, 0, 0, 2, 9.46
1747781130, 0, 73, 1153, 1152, 33, 9.34%, 0, 0, 2, 9.59
1747781135, 0, 73, 1154, 1153, 33, 9.34%, 0, 0, 2, 9.88
1747781161, 0, 74, 1154, 1153, 33, 9.34%, 0, 0, 2, 8.98
1747781177, 0, 75, 1154, 1153, 33, 9.34%, 0, 0, 2, 8.51
1747781187, 0, 75, 1155, 1154, 33, 9.34%, 0, 0, 2, 7.83
1747781213, 0, 76, 1155, 1154, 33, 9.34%, 0, 0, 2, 8.88
1747781223, 0, 77, 1155, 1154, 33, 9.34%, 0, 0, 2, 8.81
1747781244, 0, 78, 1155, 1154, 33, 9.34%, 0, 0, 2, 7.82
1747781260, 0, 79, 1155, 1154, 33, 9.34%, 0, 0, 2, 10.81
1747781270, 0, 80, 1155, 1154, 33, 9.34%, 0, 0, 2, 9.86
1747781285, 0, 81, 1155, 1154, 33, 9.34%, 0, 0, 2, 9.82
1747781301, 0, 83, 1155, 1154, 33, 9.34%, 0, 0, 2, 9.43
1747781316, 0, 84, 1155, 1154, 33, 9.34%, 0, 0, 2, 9.20
1747781327, 0, 85, 1155, 1154, 33, 9.34%, 0, 0, 2, 9.21
1747781337, 0, 85, 1156, 1155, 33, 9.34%, 0, 0, 2, 6.13
1747781363, 0, 86, 1156, 1155, 33, 9.34%, 0, 0, 2, 9.85
1747781373, 0, 87, 1156, 1155, 33, 9.34%, 0, 0, 2, 9.63
1747781383, 0, 87, 1157, 1156, 33, 9.34%, 0, 0, 2, 6.07
1747781409, 0, 89, 1157, 1156, 33, 9.34%, 0, 0, 2, 9.44
1747781424, 0, 90, 1157, 1156, 33, 9.34%, 0, 0, 2, 9.45
1747781440, 0, 91, 1157, 1156, 33, 9.34%, 0, 0, 2, 9.18
1747781455, 0, 92, 1157, 1156, 33, 9.34%, 0, 0, 2, 8.67
1747781471, 0, 93, 1157, 1156, 33, 9.34%, 0, 0, 2, 8.43
1747781481, 0, 93, 1158, 1157, 33, 9.34%, 0, 0, 2, 10.21
1747781502, 0, 95, 1158, 1157, 33, 9.34%, 0, 0, 2, 10.23
1747781513, 0, 97, 1158, 1157, 33, 9.34%, 0, 0, 2, 9.72
1747781528, 0, 98, 1158, 1157, 33, 9.34%, 0, 0, 2, 8.51
1747781543, 0, 99, 1158, 1157, 33, 9.34%, 0, 0, 2, 8.01
1747781559, 0, 101, 1158, 1157, 33, 9.34%, 0, 0, 2, 10.14
1747781569, 0, 101, 1159, 1158, 33, 9.34%, 0, 0, 2, 6.50
1747781595, 0, 102, 1159, 1158, 34, 9.34%, 0, 0, 2, 8.70
1747781610, 0, 103, 1159, 1158, 34, 9.34%, 0, 0, 2, 6.66
1747781616, 0, 103, 1160, 1159, 34, 9.34%, 0, 0, 2, 5.42
1747781642, 0, 103, 1161, 1160, 34, 9.34%, 0, 0, 2, 8.50
1747781672, 0, 103, 1162, 1161, 34, 9.34%, 0, 0, 2, 5.38
1747781693, 0, 103, 1163, 1162, 34, 9.36%, 0, 0, 2, 6.13
1747781709, 0, 103, 1164, 1163, 34, 9.36%, 0, 0, 2, 6.34
1747781750, 0, 103, 1165, 1164, 34, 9.36%, 0, 0, 2, 5.66
1747781781, 0, 103, 1166, 1165, 34, 9.36%, 0, 0, 2, 6.83
1747781786, 0, 103, 1167, 1166, 34, 9.36%, 0, 0, 2, 6.86
1747781796, 0, 103, 1168, 1167, 34, 9.36%, 0, 0, 2, 5.82
1747781885, 0, 103, 1169, 1168, 34, 9.36%, 0, 0, 2, 6.83
1747781982, 0, 103, 1170, 1169, 34, 9.41%, 0, 0, 2, 5.32
1747782029, 0, 103, 1171, 1170, 34, 9.42%, 0, 0, 2, 7.73
1747782127, 0, 103, 1172, 1171, 34, 9.42%, 0, 0, 2, 6.53
1747782142, 0, 103, 1173, 1172, 34, 9.42%, 0, 0, 2, 5.99
1747782188, 0, 103, 1174, 1173, 34, 9.42%, 0, 0, 2, 6.98
1747782194, 0, 104, 1174, 1173, 31, 9.42%, 0, 0, 2, 6.53
1747782209, 0, 105, 1174, 1173, 31, 9.42%, 0, 0, 2, 8.77
1747782225, 0, 106, 1174, 1173, 31, 9.42%, 0, 0, 2, 8.32
1747782240, 0, 108, 1174, 1173, 31, 9.42%, 0, 0, 2, 8.56
1747782245, 0, 108, 1175, 1174, 31, 9.42%, 0, 0, 2, 5.22
1747782251, 0, 108, 1176, 1175, 31, 9.42%, 0, 0, 2, 6.32
1747782266, 0, 108, 1177, 1176, 31, 9.42%, 0, 0, 2, 4.93
1747782303, 0, 108, 1178, 1177, 31, 9.42%, 0, 0, 2, 4.69
1747782433, 0, 108, 1179, 1178, 31, 9.42%, 0, 0, 2, 5.46
1747782469, 0, 108, 1180, 1179, 31, 9.42%, 0, 0, 2, 7.63
1747782572, 0, 108, 1181, 1180, 31, 9.42%, 0, 0, 2, 6.80
1747782681, 0, 108, 1182, 1181, 31, 9.42%, 0, 0, 2, 5.86
1747782779, 0, 108, 1183, 1182, 31, 9.44%, 0, 0, 2, 7.02
1747782815, 0, 111, 1183, 1182, 31, 9.44%, 0, 0, 2, 7.88
1747782831, 0, 113, 1183, 1182, 31, 9.44%, 0, 0, 2, 8.36
1747782846, 0, 114, 1183, 1182, 31, 9.44%, 0, 0, 2, 8.49
1747782867, 0, 115, 1183, 1182, 31, 9.44%, 0, 0, 2, 7.67
1747782882, 0, 116, 1183, 1182, 31, 9.44%, 0, 0, 2, 7.85
1747782892, 0, 116, 1184, 1183, 31, 9.44%, 0, 0, 2, 7.03
1747782919, 0, 117, 1184, 1183, 31, 9.44%, 0, 0, 2, 8.57
1747782934, 0, 118, 1184, 1183, 31, 9.44%, 0, 0, 2, 10.36
1747782944, 0, 118, 1185, 1184, 31, 9.44%, 0, 0, 2, 7.21
1747782976, 0, 120, 1185, 1184, 31, 9.44%, 0, 0, 2, 7.62
1747782991, 0, 122, 1185, 1184, 31, 9.44%, 0, 0, 2, 7.92
1747783007, 0, 122, 1186, 1185, 31, 9.44%, 0, 0, 2, 7.22
1747783028, 0, 122, 1187, 1186, 31, 9.44%, 0, 0, 2, 5.41
1747783064, 0, 123, 1187, 1186, 31, 9.44%, 0, 0, 2, 8.46
1747783080, 0, 124, 1187, 1186, 31, 9.44%, 0, 0, 2, 9.22
1747783095, 0, 125, 1187, 1186, 31, 9.44%, 0, 0, 2, 7.71
1747783111, 0, 126, 1187, 1186, 31, 9.44%, 0, 0, 2, 7.28
1747783126, 0, 127, 1187, 1186, 31, 9.44%, 0, 0, 2, 7.88
1747783142, 0, 128, 1187, 1186, 31, 9.44%, 0, 0, 2, 9.24
1747783157, 0, 129, 1187, 1186, 31, 9.44%, 0, 0, 2, 8.49
1747783173, 0, 131, 1187, 1186, 31, 9.44%, 0, 0, 2, 8.80
1747783188, 0, 132, 1188, 1187, 31, 9.44%, 0, 0, 3, 18.16
1747783194, 0, 132, 1189, 1188, 31, 9.44%, 0, 0, 3, 26.78
1747783204, 0, 132, 1190, 1189, 31, 9.44%, 0, 0, 3, 28.78
1747783209, 0, 132, 1191, 1190, 31, 9.44%, 0, 0, 3, 29.67
1747783240, 0, 132, 1192, 1191, 31, 9.44%, 0, 0, 3, 25.05
1747783286, 0, 134, 1192, 1190, 31, 9.44%, 0, 0, 3, 7.41
1747783302, 0, 135, 1193, 1191, 31, 9.44%, 0, 0, 3, 5.33
1747783338, 0, 137, 1193, 1191, 31, 9.44%, 0, 0, 3, 8.01
1747783354, 0, 138, 1193, 1191, 31, 9.44%, 0, 0, 3, 8.40
1747783374, 0, 139, 1193, 1191, 31, 9.44%, 0, 0, 3, 7.61
1747783390, 0, 140, 1193, 1191, 31, 9.44%, 0, 0, 3, 7.19
1747783406, 0, 141, 1193, 1191, 31, 9.44%, 0, 0, 3, 7.65
1747783426, 0, 142, 1193, 1191, 31, 9.44%, 0, 0, 3, 6.62
1747783442, 0, 142, 1194, 1192, 31, 9.44%, 0, 0, 3, 5.87
1747783463, 0, 143, 1194, 1192, 32, 9.44%, 0, 0, 3, 8.01
1747783478, 0, 144, 1194, 1192, 32, 9.44%, 0, 0, 3, 6.95
1747783483, 0, 144, 1195, 1193, 32, 9.60%, 0, 0, 3, 5.70
1747783520, 0, 145, 1195, 1193, 33, 9.60%, 0, 0, 3, 8.17
1747783535, 0, 146, 1195, 1193, 33, 9.60%, 0, 0, 3, 9.33
1747783546, 0, 146, 1196, 1194, 33, 9.60%, 0, 0, 3, 7.06
1747783571, 0, 147, 1197, 1195, 33, 9.60%, 0, 0, 3, 7.16
1747783618, 0, 149, 1197, 1195, 33, 9.60%, 0, 0, 3, 6.23
1747783645, 0, 151, 1197, 1195, 33, 9.60%, 0, 0, 3, 5.93
1747783671, 0, 152, 1198, 1196, 33, 9.60%, 0, 0, 3, 4.06
1747783729, 0, 152, 1199, 1197, 33, 9.60%, 0, 0, 3, 4.01
1747783801, 0, 153, 1199, 1197, 33, 9.60%, 0, 0, 3, 5.75
1747783827, 0, 154, 1199, 1197, 33, 9.60%, 0, 0, 3, 5.20
1747783854, 0, 154, 1200, 1198, 33, 9.60%, 0, 0, 3, 4.08
1747783895, 0, 155, 1200, 1198, 33, 9.60%, 0, 0, 3, 4.88
1747783925, 0, 156, 1200, 1198, 33, 9.60%, 0, 0, 3, 5.62
1747783952, 0, 159, 1200, 1198, 33, 9.60%, 0, 0, 3, 6.04
1747783979, 0, 160, 1200, 1198, 33, 9.60%, 0, 0, 3, 5.07
1747784005, 0, 162, 1200, 1198, 33, 9.60%, 0, 0, 3, 4.92
1747784036, 0, 163, 1200, 1198, 33, 9.60%, 0, 0, 3, 4.78
1747784062, 0, 165, 1200, 1198, 33, 9.60%, 0, 0, 3, 5.72
1747784088, 0, 168, 1200, 1198, 33, 9.60%, 0, 0, 3, 4.53
1747784120, 0, 169, 1200, 1198, 33, 9.60%, 0, 0, 3, 5.94
1747784146, 0, 170, 1200, 1198, 33, 9.60%, 0, 0, 3, 5.14
1747784172, 0, 171, 1200, 1198, 33, 9.60%, 0, 0, 3, 5.62
1747784204, 0, 172, 1200, 1198, 33, 9.60%, 0, 0, 3, 4.83
1747784236, 0, 174, 1200, 1198, 33, 9.60%, 0, 0, 3, 4.17
1747784262, 0, 175, 1200, 1198, 33, 9.60%, 0, 0, 3, 5.63
1747784294, 0, 177, 1200, 1198, 33, 9.60%, 0, 0, 3, 5.31
1747784321, 0, 178, 1201, 1199, 33, 9.60%, 0, 0, 3, 6.41
1747784378, 0, 179, 1201, 1199, 33, 9.60%, 0, 0, 3, 5.96
1747784399, 0, 179, 1202, 1200, 33, 9.60%, 0, 0, 3, 3.50
1747784446, 0, 180, 1202, 1200, 33, 9.60%, 0, 0, 3, 4.76
1747784461, 0, 180, 1203, 1201, 33, 9.60%, 0, 0, 3, 6.96
1747784503, 0, 181, 1203, 1201, 33, 9.60%, 0, 0, 3, 5.96
1747784519, 0, 181, 1204, 1202, 33, 9.61%, 0, 0, 3, 4.33
1747784566, 0, 182, 1204, 1202, 34, 9.61%, 0, 0, 3, 5.28
1747784597, 0, 183, 1204, 1202, 34, 9.61%, 0, 0, 3, 1.85
1747784618, 0, 183, 1205, 1203, 34, 9.61%, 0, 0, 3, 3.41
1747784649, 0, 183, 1206, 1204, 34, 9.61%, 0, 0, 3, 3.44
1747784723, 0, 184, 1206, 1204, 34, 9.61%, 0, 0, 3, 5.13
1747784734, 0, 184, 1207, 1205, 34, 9.61%, 0, 0, 3, 4.76
1747784769, 0, 184, 1208, 1206, 34, 9.63%, 0, 0, 3, 3.36
1747784791, 0, 184, 1209, 1207, 34, 9.63%, 0, 0, 3, 3.74
1747784801, 0, 184, 1210, 1208, 34, 9.63%, 0, 0, 3, 4.62
1747785040, 0, 184, 1211, 1209, 34, 9.63%, 0, 0, 3, 8.10
1747785082, 0, 184, 1212, 1210, 34, 9.63%, 0, 0, 3, 9.11
1747785098, 0, 184, 1213, 1211, 34, 9.63%, 0, 0, 3, 6.64
1747785118, 0, 184, 1215, 1213, 34, 9.63%, 0, 0, 3, 5.65
1747785176, 0, 184, 1216, 1214, 34, 9.63%, 0, 0, 3, 5.94
1747785217, 0, 184, 1217, 1215, 34, 9.63%, 0, 0, 3, 6.38
1747785280, 0, 184, 1218, 1216, 34, 9.63%, 0, 0, 3, 7.26
1747785300, 0, 184, 1219, 1217, 34, 9.63%, 0, 0, 3, 4.88
1747785306, 0, 184, 1220, 1218, 34, 9.63%, 0, 0, 3, 5.07
1747785321, 0, 184, 1221, 1219, 34, 9.63%, 0, 0, 3, 5.04
1747785476, 0, 186, 1221, 1219, 34, 9.63%, 0, 0, 3, 7.21
1747785501, 0, 187, 1221, 1219, 34, 9.63%, 0, 0, 3, 6.18
1747785512, 0, 187, 1222, 1220, 34, 9.63%, 0, 0, 3, 5.29
1747785543, 0, 188, 1222, 1220, 34, 9.63%, 0, 0, 3, 7.95
1747785558, 0, 188, 1223, 1221, 34, 9.63%, 0, 0, 3, 4.85
1747785584, 0, 189, 1223, 1221, 34, 9.63%, 0, 0, 3, 7.08
1747785604, 0, 189, 1224, 1222, 34, 9.63%, 0, 0, 3, 4.95
1747785630, 0, 190, 1224, 1222, 34, 9.63%, 0, 0, 3, 6.68
1747785645, 0, 192, 1224, 1222, 34, 9.63%, 0, 0, 3, 7.09
1747785666, 0, 193, 1224, 1222, 34, 9.63%, 0, 0, 3, 7.53
1747785681, 0, 194, 1224, 1222, 34, 9.63%, 0, 0, 3, 9.09
1747785702, 0, 195, 1224, 1222, 34, 9.63%, 0, 0, 3, 8.16
1747785707, 0, 195, 1225, 1223, 34, 9.63%, 0, 0, 3, 7.26
1747785744, 0, 196, 1225, 1223, 34, 9.63%, 0, 0, 3, 6.84
1747785749, 0, 196, 1226, 1224, 34, 9.63%, 0, 0, 3, 7.16
1747785780, 0, 197, 1226, 1224, 34, 9.63%, 0, 0, 3, 6.94
1747785801, 0, 198, 1226, 1224, 34, 9.63%, 0, 0, 3, 7.20
1747785821, 0, 199, 1226, 1224, 34, 9.63%, 0, 0, 3, 8.05
1747785832, 0, 199, 1227, 1225, 34, 9.63%, 0, 0, 3, 5.97
1747785842, 0, 199, 1228, 1226, 34, 9.64%, 0, 0, 3, 5.49
1747785852, 0, 199, 1229, 1227, 34, 9.64%, 0, 0, 3, 5.10
1747785915, 0, 199, 1229, 1227, 34, 9.64%, 1, 0, 3, 7.03
1747785945, 0, 199, 1230, 1228, 34, 9.64%, 1, 0, 3, 5.45
1747786085, 0, 199, 1231, 1229, 34, 9.64%, 1, 0, 3, 6.04
1747786162, 0, 199, 1232, 1230, 34, 9.64%, 1, 0, 3, 7.22
1747786245, 0, 199, 1232, 1230, 34, 9.64%, 2, 0, 3, 5.79
1747786250, 0, 199, 1233, 1231, 34, 9.64%, 2, 0, 3, 5.45
1747786276, 0, 199, 1234, 1232, 34, 9.64%, 2, 0, 3, 5.06
1747786369, 0, 199, 1235, 1233, 34, 9.64%, 2, 0, 3, 5.59
1747786437, 0, 199, 1236, 1234, 34, 9.64%, 2, 0, 3, 5.94
1747786468, 0, 200, 1236, 1234, 35, 9.64%, 2, 0, 3, 6.46
1747786483, 0, 201, 1236, 1234, 35, 9.64%, 2, 0, 3, 7.79
1747786488, 0, 201, 1236, 1234, 35, 9.64%, 3, 0, 3, 7.97
1747786499, 0, 202, 1236, 1234, 35, 9.64%, 3, 0, 3, 6.73
1747786519, 0, 203, 1236, 1234, 35, 9.64%, 3, 0, 3, 7.15
1747786540, 0, 204, 1236, 1234, 35, 9.64%, 3, 0, 3, 7.20
1747786555, 0, 205, 1236, 1234, 35, 9.64%, 4, 0, 3, 7.83
1747786571, 0, 207, 1236, 1234, 35, 9.64%, 4, 0, 3, 8.89
1747786592, 0, 208, 1236, 1234, 35, 9.64%, 4, 0, 3, 6.79
1747786612, 0, 210, 1236, 1234, 35, 9.64%, 4, 0, 3, 6.67
1747786633, 0, 211, 1236, 1234, 35, 9.64%, 4, 0, 3, 6.03
1747786648, 0, 212, 1236, 1234, 35, 9.64%, 4, 0, 3, 8.22
1747786669, 0, 214, 1236, 1234, 35, 9.64%, 4, 0, 3, 6.34
1747786679, 0, 214, 1236, 1234, 35, 9.64%, 5, 0, 3, 6.76
1747786690, 0, 215, 1236, 1234, 35, 9.64%, 5, 0, 3, 5.94
1747786695, 0, 215, 1237, 1235, 35, 9.64%, 5, 0, 3, 6.54
1747786726, 0, 217, 1237, 1235, 35, 9.64%, 5, 0, 3, 8.26
1747786742, 0, 218, 1237, 1235, 35, 9.64%, 5, 0, 3, 9.34
1747786747, 0, 218, 1238, 1236, 35, 9.64%, 5, 0, 3, 8.74
1747786767, 0, 218, 1239, 1237, 35, 9.64%, 5, 0, 3, 7.95
1747786824, 0, 219, 1239, 1237, 35, 9.64%, 5, 0, 3, 6.91
1747786845, 0, 220, 1239, 1237, 35, 9.64%, 5, 0, 3, 6.16
1747786860, 0, 222, 1239, 1237, 35, 9.64%, 5, 0, 3, 7.35
1747786881, 0, 228, 1239, 1237, 35, 9.64%, 5, 0, 3, 7.81
1747786902, 0, 229, 1239, 1237, 35, 9.64%, 5, 0, 3, 7.38
1747786918, 0, 230, 1239, 1237, 35, 9.64%, 5, 0, 3, 7.23
1747786928, 0, 230, 1240, 1238, 35, 9.64%, 5, 0, 3, 6.25
1747786959, 0, 231, 1240, 1238, 35, 9.64%, 5, 0, 3, 6.96
1747786970, 0, 231, 1241, 1239, 35, 9.64%, 5, 0, 3, 5.56
1747787017, 0, 232, 1241, 1239, 35, 9.64%, 5, 0, 3, 5.64
1747787048, 0, 233, 1241, 1239, 35, 9.64%, 5, 0, 3, 4.83
1747787074, 0, 234, 1241, 1239, 35, 9.64%, 5, 0, 3, 4.63
1747787105, 0, 235, 1241, 1239, 35, 9.64%, 5, 0, 3, 4.50
1747787111, 0, 235, 1242, 1240, 35, 9.64%, 5, 0, 3, 3.31
1747787127, 0, 235, 1243, 1241, 35, 9.64%, 5, 0, 3, 3.82
1747787247, 0, 238, 1243, 1241, 35, 9.64%, 6, 0, 3, 4.27
1747787279, 0, 239, 1243, 1241, 35, 9.64%, 6, 0, 3, 4.62
1747787310, 0, 240, 1243, 1241, 35, 9.64%, 6, 0, 3, 4.48
1747787341, 0, 241, 1243, 1241, 35, 9.64%, 6, 0, 3, 5.66
1747787347, 0, 241, 1245, 1243, 35, 9.64%, 6, 0, 3, 9.50
1747787357, 0, 241, 1246, 1244, 35, 9.64%, 6, 0, 3, 10.11
1747787372, 0, 241, 1248, 1246, 35, 9.64%, 6, 0, 3, 9.54
1747787383, 0, 241, 1249, 1247, 35, 9.64%, 6, 0, 3, 9.49
1747787388, 0, 241, 1250, 1248, 35, 9.64%, 6, 0, 3, 10.03
1747787393, 0, 241, 1251, 1249, 35, 9.64%, 6, 0, 3, 14.31
1747787398, 0, 241, 1253, 1251, 35, 9.64%, 6, 0, 3, 11.46
1747787403, 0, 241, 1255, 1253, 35, 9.64%, 6, 0, 3, 17.67
1747787408, 0, 241, 1256, 1254, 35, 9.64%, 6, 0, 3, 16.28
1747787424, 0, 241, 1257, 1255, 35, 9.64%, 6, 0, 3, 14.07
1747787470, 0, 241, 1258, 1256, 35, 9.64%, 6, 0, 3, 13.48
1747787572, 0, 241, 1259, 1257, 35, 9.64%, 6, 0, 3, 14.17
1747787598, 0, 241, 1261, 1259, 35, 9.64%, 6, 0, 3, 12.22
1747787685, 0, 241, 1262, 1260, 35, 9.64%, 6, 0, 3, 14.55
1747787731, 0, 241, 1263, 1261, 35, 9.64%, 6, 0, 3, 15.04
1747787747, 0, 241, 1264, 1262, 35, 9.64%, 6, 0, 3, 14.39
1747787762, 0, 241, 1265, 1263, 35, 9.64%, 6, 0, 3, 15.75
1747787824, 0, 241, 1266, 1264, 35, 9.64%, 6, 0, 3, 15.00
1747787844, 0, 241, 1267, 1265, 35, 9.64%, 6, 0, 3, 14.97
1747787849, 0, 241, 1268, 1266, 35, 9.64%, 6, 0, 3, 15.34
1747787885, 0, 241, 1269, 1267, 35, 9.64%, 6, 0, 3, 15.74
1747787957, 0, 241, 1270, 1268, 35, 9.64%, 6, 0, 3, 12.87
1747787998, 0, 241, 1271, 1269, 35, 9.64%, 6, 0, 3, 13.67
1747788019, 0, 241, 1272, 1270, 35, 9.64%, 6, 0, 3, 13.01
1747788091, 0, 241, 1273, 1271, 35, 9.64%, 6, 0, 3, 11.94
1747788147, 0, 241, 1274, 1272, 35, 9.64%, 6, 0, 3, 12.46
1747788158, 0, 241, 1275, 1273, 35, 9.64%, 6, 0, 3, 13.78
1747788199, 0, 241, 1276, 1274, 35, 9.64%, 6, 0, 3, 15.29
1747788214, 0, 241, 1277, 1275, 35, 9.64%, 6, 0, 3, 11.16
1747788261, 0, 241, 1278, 1276, 35, 9.64%, 6, 0, 3, 14.95
1747788302, 0, 241, 1279, 1277, 35, 9.64%, 6, 0, 3, 14.42
1747788353, 0, 241, 1280, 1278, 35, 9.64%, 6, 0, 3, 15.56
1747788563, 0, 243, 1280, 1277, 34, 9.64%, 6, 0, 3, 2.65
1747788594, 0, 244, 1280, 1277, 34, 9.64%, 6, 0, 3, 5.12
1747788620, 0, 245, 1280, 1277, 34, 9.64%, 6, 0, 3, 5.72
1747788656, 0, 247, 1280, 1277, 34, 9.64%, 6, 0, 3, 4.71
1747788687, 0, 248, 1280, 1277, 34, 9.64%, 6, 0, 3, 5.07
1747788719, 0, 249, 1280, 1277, 34, 9.64%, 6, 0, 3, 4.77
1747788751, 0, 249, 1281, 1278, 34, 9.70%, 6, 0, 3, 3.00
1747788799, 0, 250, 1281, 1278, 34, 9.70%, 6, 0, 3, 5.26
1747788815, 0, 250, 1282, 1279, 34, 9.70%, 6, 0, 3, 4.60
1747788862, 0, 251, 1282, 1279, 34, 9.70%, 7, 0, 3, 5.13
1747788888, 0, 252, 1282, 1279, 34, 9.70%, 7, 0, 3, 4.97
1747788919, 0, 253, 1282, 1279, 34, 9.70%, 7, 0, 3, 4.53
1747788935, 0, 253, 1282, 1279, 34, 9.70%, 8, 0, 3, 5.15
1747788951, 0, 254, 1282, 1279, 34, 9.70%, 8, 0, 3, 4.52
1747788982, 0, 256, 1282, 1279, 34, 9.70%, 8, 0, 3, 5.24
1747789009, 0, 257, 1282, 1279, 34, 9.70%, 8, 0, 3, 4.52
1747789040, 0, 258, 1282, 1279, 34, 9.70%, 8, 0, 3, 4.62
1747789067, 0, 261, 1282, 1279, 34, 9.70%, 8, 0, 3, 5.08
1747789098, 0, 263, 1282, 1279, 34, 9.70%, 8, 0, 3, 4.85
1747789129, 0, 264, 1282, 1279, 34, 9.70%, 8, 0, 3, 5.09
1747789139, 0, 264, 1283, 1280, 34, 9.70%, 8, 0, 3, 4.14
1747789150, 0, 264, 1283, 1280, 34, 9.70%, 9, 0, 3, 3.73
1747789203, 0, 265, 1283, 1280, 34, 9.70%, 9, 0, 3, 4.61
1747789208, 0, 265, 1283, 1280, 34, 9.70%, 10, 0, 3, 4.29
1747789224, 0, 265, 1283, 1280, 34, 9.70%, 11, 0, 3, 5.10
1747789235, 0, 266, 1283, 1280, 34, 9.70%, 11, 0, 3, 4.94
1747789251, 0, 266, 1284, 1281, 34, 9.70%, 11, 0, 3, 5.35
1747789267, 0, 266, 1285, 1282, 34, 9.70%, 11, 0, 3, 3.10
1747789273, 0, 266, 1286, 1283, 34, 9.70%, 11, 0, 3, 3.11
1747789305, 0, 266, 1286, 1283, 34, 9.70%, 12, 0, 3, 3.67
1747789358, 0, 266, 1287, 1284, 34, 9.70%, 12, 0, 3, 3.07
1747789404, 0, 266, 1287, 1284, 34, 9.70%, 13, 0, 3, 5.75
1747789420, 0, 266, 1288, 1285, 34, 9.70%, 13, 0, 3, 3.54
1747789488, 0, 266, 1288, 1285, 34, 9.70%, 14, 0, 3, 4.17
1747789566, 0, 266, 1288, 1285, 34, 9.70%, 15, 0, 3, 5.24
1747789646, 0, 266, 1288, 1285, 34, 9.70%, 16, 0, 3, 4.97
1747789719, 0, 266, 1288, 1285, 34, 9.70%, 17, 0, 3, 4.08
1747789734, 0, 266, 1289, 1286, 34, 9.70%, 17, 0, 3, 3.08
1747789750, 0, 266, 1289, 1286, 34, 9.70%, 18, 0, 3, 18.42
1747789813, 0, 266, 1289, 1286, 34, 9.70%, 19, 0, 3, 4.19
1747789818, 0, 266, 1289, 1286, 34, 9.70%, 20, 0, 3, 4.09
1747789902, 0, 266, 1290, 1287, 34, 9.70%, 20, 0, 3, 3.96
1747789938, 0, 266, 1290, 1287, 34, 9.70%, 21, 0, 3, 4.09
1747790002, 0, 266, 1290, 1287, 34, 9.70%, 23, 0, 3, 3.89
1747790028, 0, 266, 1291, 1288, 34, 9.70%, 23, 0, 3, 4.72
1747790164, 0, 266, 1292, 1289, 34, 9.70%, 23, 0, 3, 4.27
1747790179, 0, 266, 1292, 1289, 34, 9.70%, 24, 0, 3, 4.46
1747790211, 0, 266, 1292, 1289, 34, 9.70%, 25, 0, 3, 3.64
1747790227, 0, 266, 1293, 1290, 34, 9.70%, 25, 0, 3, 3.36
1747790258, 0, 266, 1293, 1290, 34, 9.70%, 26, 0, 3, 5.50
1747790284, 0, 266, 1293, 1290, 34, 9.70%, 27, 0, 3, 4.55
1747790316, 0, 267, 1293, 1290, 34, 9.70%, 27, 0, 3, 4.29
1747790336, 0, 267, 1294, 1291, 34, 9.70%, 27, 0, 3, 3.80
1747790362, 0, 267, 1295, 1292, 34, 9.70%, 27, 0, 3, 3.11
1747790425, 0, 267, 1296, 1293, 34, 9.70%, 27, 0, 3, 5.03
1747790515, 0, 267, 1296, 1293, 34, 9.70%, 28, 0, 3, 3.87
1747790589, 0, 269, 1296, 1293, 34, 9.70%, 28, 0, 3, 5.25
1747790620, 0, 271, 1297, 1294, 34, 9.70%, 28, 0, 3, 4.08
1747790694, 0, 272, 1297, 1294, 34, 9.70%, 28, 0, 3, 4.22
1747790710, 0, 272, 1297, 1294, 34, 9.70%, 29, 0, 3, 4.42
1747790726, 0, 273, 1297, 1294, 34, 9.70%, 29, 0, 3, 4.71
1747790757, 0, 274, 1297, 1294, 34, 9.70%, 29, 0, 3, 4.35
1747790788, 0, 275, 1297, 1294, 34, 9.70%, 30, 0, 3, 4.86
1747790819, 0, 276, 1297, 1294, 34, 9.70%, 30, 0, 3, 4.38
1747790835, 0, 276, 1297, 1294, 34, 9.70%, 31, 0, 3, 3.86
1747790857, 0, 277, 1297, 1294, 34, 9.70%, 31, 0, 3, 4.38
1747790893, 0, 278, 1297, 1294, 34, 9.70%, 31, 0, 3, 3.48
1747790925, 0, 279, 1297, 1294, 34, 9.70%, 31, 0, 3, 4.54
1747790962, 0, 280, 1297, 1294, 34, 9.70%, 31, 0, 3, 5.58
1747790983, 0, 280, 1297, 1294, 34, 9.70%, 32, 0, 3, 4.42
1747790993, 0, 281, 1297, 1294, 34, 9.70%, 32, 0, 3, 4.14
1747790998, 0, 281, 1297, 1294, 34, 9.70%, 33, 0, 3, 4.45
1747791003, 0, 281, 1297, 1294, 34, 9.70%, 34, 0, 3, 4.91
1747791024, 0, 283, 1297, 1294, 34, 9.70%, 34, 0, 3, 4.70
1747791061, 0, 284, 1297, 1294, 34, 9.70%, 34, 0, 3, 4.56
1747791092, 0, 285, 1297, 1294, 34, 9.70%, 34, 0, 3, 4.04
1747791103, 0, 285, 1298, 1295, 34, 9.70%, 34, 0, 3, 3.79
1747791145, 0, 285, 1299, 1296, 34, 9.70%, 34, 0, 3, 3.75
1747791187, 0, 285, 1299, 1296, 34, 9.70%, 35, 0, 3, 4.02
1747791213, 0, 285, 1300, 1297, 34, 9.70%, 35, 0, 3, 3.79
1747791234, 0, 285, 1300, 1297, 34, 9.70%, 36, 0, 3, 4.71
1747791244, 0, 285, 1300, 1297, 34, 9.70%, 37, 0, 3, 3.90
1747791328, 0, 285, 1300, 1297, 34, 9.70%, 39, 0, 3, 3.80
1747791334, 0, 285, 1301, 1298, 34, 9.70%, 39, 0, 3, 3.69
1747791391, 0, 285, 1301, 1298, 34, 9.70%, 40, 0, 3, 4.22
1747791433, 0, 285, 1301, 1298, 34, 9.70%, 41, 0, 3, 5.58
1747791511, 0, 285, 1301, 1298, 34, 9.70%, 42, 0, 3, 3.52
1747791542, 0, 285, 1301, 1298, 34, 9.70%, 43, 0, 3, 4.89
1747791552, 0, 285, 1302, 1299, 34, 9.70%, 43, 0, 3, 3.32
1747791694, 0, 285, 1302, 1299, 34, 9.70%, 44, 0, 3, 4.69
1747791730, 0, 285, 1302, 1299, 34, 9.70%, 45, 0, 3, 4.65
1747791741, 0, 285, 1302, 1299, 34, 9.70%, 46, 0, 3, 5.50
1747791747, 0, 285, 1303, 1300, 34, 9.70%, 46, 0, 3, 4.23
1747792003, 0, 285, 1303, 1300, 34, 9.70%, 47, 0, 3, 4.10
1747792034, 0, 285, 1304, 1301, 34, 9.70%, 47, 0, 3, 3.70
1747792093, 0, 285, 1304, 1301, 34, 9.70%, 48, 0, 3, 4.85
1747792156, 0, 291, 1304, 1301, 34, 9.70%, 48, 0, 3, 3.44
1747792193, 0, 292, 1304, 1301, 34, 9.70%, 48, 0, 3, 3.89
1747792213, 0, 292, 1304, 1301, 34, 9.70%, 49, 0, 3, 4.56
1747792224, 0, 294, 1304, 1301, 34, 9.70%, 49, 0, 3, 4.08
1747792261, 0, 295, 1304, 1301, 34, 9.70%, 49, 0, 3, 3.87
1747792287, 0, 296, 1304, 1301, 34, 9.70%, 49, 0, 3, 5.01
1747792318, 0, 297, 1304, 1301, 34, 9.70%, 49, 0, 3, 4.83
1747792344, 0, 298, 1304, 1301, 34, 9.70%, 49, 0, 3, 4.76
1747792370, 0, 299, 1304, 1301, 34, 9.70%, 49, 0, 3, 5.77
1747792401, 0, 300, 1304, 1301, 34, 9.70%, 50, 0, 3, 5.09
1747792423, 0, 300, 1304, 1301, 34, 9.70%, 51, 0, 3, 3.44
1747792439, 0, 301, 1304, 1301, 34, 9.70%, 51, 0, 3, 4.35
1747792470, 0, 302, 1304, 1301, 34, 9.70%, 51, 0, 3, 4.98
1747792501, 0, 303, 1304, 1301, 34, 9.70%, 51, 0, 3, 4.11
1747792522, 0, 303, 1304, 1301, 34, 9.70%, 52, 0, 3, 4.14
1747792527, 0, 303, 1304, 1301, 34, 9.70%, 53, 0, 3, 3.57
1747792538, 0, 304, 1304, 1301, 34, 9.70%, 53, 0, 3, 4.73
1747792569, 0, 305, 1304, 1301, 34, 9.70%, 53, 0, 3, 5.51
1747792596, 0, 306, 1304, 1301, 34, 9.70%, 53, 0, 3, 4.56
1747792617, 0, 306, 1305, 1302, 34, 9.70%, 53, 0, 3, 3.38
1747792627, 0, 306, 1305, 1302, 34, 9.70%, 54, 0, 3, 2.50
1747792664, 0, 307, 1305, 1302, 34, 9.70%, 54, 0, 3, 5.14
1747792696, 0, 309, 1305, 1302, 34, 9.70%, 54, 0, 3, 5.08
1747792733, 0, 311, 1305, 1302, 34, 9.70%, 54, 0, 3, 4.90
1747792759, 0, 312, 1305, 1302, 34, 9.70%, 54, 0, 3, 5.03
1747792790, 0, 314, 1306, 1303, 34, 9.70%, 54, 0, 3, 3.84
1747792806, 0, 314, 1306, 1303, 34, 9.70%, 55, 0, 3, 4.10
1747792822, 0, 314, 1307, 1304, 34, 9.70%, 56, 0, 3, 4.01
1747792838, 0, 314, 1307, 1304, 34, 9.70%, 57, 0, 3, 4.33
1747792860, 0, 314, 1307, 1304, 34, 9.70%, 58, 0, 3, 3.38
1747792918, 0, 314, 1308, 1305, 34, 9.70%, 59, 0, 3, 3.41
1747792928, 0, 314, 1308, 1305, 34, 9.70%, 60, 0, 3, 3.35
1747792944, 0, 314, 1308, 1305, 34, 9.70%, 62, 0, 3, 4.39
1747792954, 0, 314, 1308, 1305, 34, 9.70%, 63, 0, 3, 3.93
1747793022, 0, 314, 1308, 1305, 34, 9.70%, 64, 0, 3, 4.81
1747793053, 0, 314, 1308, 1305, 34, 9.70%, 65, 0, 3, 3.52
1747793059, 0, 314, 1308, 1305, 34, 9.70%, 66, 0, 3, 4.50
1747793090, 0, 315, 1308, 1305, 34, 9.70%, 66, 0, 3, 3.88
1747793100, 0, 315, 1308, 1305, 34, 9.70%, 67, 0, 3, 4.04
1747793105, 0, 315, 1308, 1305, 34, 9.70%, 68, 0, 3, 4.12
1747793116, 0, 315, 1308, 1305, 34, 9.70%, 69, 0, 3, 4.42
1747793121, 0, 317, 1308, 1305, 34, 9.70%, 69, 0, 3, 5.12
1747793153, 0, 318, 1308, 1305, 34, 9.70%, 69, 0, 3, 5.54
1747793184, 0, 320, 1308, 1305, 34, 9.70%, 69, 0, 3, 4.85
1747793221, 0, 321, 1308, 1305, 34, 9.70%, 69, 0, 3, 4.70
1747793237, 0, 321, 1309, 1306, 34, 9.70%, 69, 0, 3, 4.08
1747793279, 0, 322, 1309, 1306, 34, 9.70%, 69, 0, 3, 4.75
1747793316, 0, 324, 1309, 1306, 34, 9.70%, 69, 0, 3, 3.89
1747793342, 0, 324, 1310, 1307, 34, 9.70%, 69, 0, 3, 2.93
1747793395, 0, 325, 1310, 1307, 34, 9.70%, 69, 0, 3, 4.30
1747793421, 0, 326, 1310, 1307, 34, 9.70%, 69, 0, 3, 6.97
1747793431, 0, 326, 1311, 1308, 34, 9.70%, 69, 0, 3, 5.16
1747793479, 0, 331, 1311, 1308, 34, 9.70%, 69, 0, 3, 4.61
1747793505, 0, 331, 1311, 1308, 34, 9.70%, 70, 0, 3, 5.46
1747793510, 0, 331, 1312, 1309, 34, 9.70%, 70, 0, 3, 4.03
1747793526, 0, 331, 1312, 1309, 34, 9.70%, 71, 0, 3, 4.25
1747793553, 0, 332, 1312, 1309, 34, 9.70%, 71, 0, 3, 4.39
1747793584, 0, 333, 1312, 1309, 34, 9.70%, 71, 0, 3, 4.59
1747793612, 0, 335, 1312, 1309, 34, 9.70%, 71, 0, 3, 5.77
1747793638, 0, 335, 1312, 1309, 34, 9.70%, 72, 0, 3, 4.52
1747793643, 0, 339, 1312, 1309, 34, 9.70%, 72, 0, 3, 4.57
1747793680, 0, 340, 1312, 1309, 34, 9.70%, 72, 0, 3, 3.85
1747793711, 0, 341, 1312, 1309, 34, 9.70%, 72, 0, 3, 4.52
1747793726, 0, 341, 1312, 1309, 34, 9.70%, 73, 0, 3, 4.36
1747793742, 0, 342, 1312, 1309, 34, 9.70%, 73, 0, 3, 4.67
1747793774, 0, 345, 1312, 1309, 34, 9.70%, 73, 0, 3, 4.30
1747793789, 0, 345, 1312, 1309, 34, 9.70%, 74, 0, 3, 4.21
1747793805, 0, 346, 1312, 1309, 34, 9.70%, 75, 0, 3, 4.66
1747793837, 0, 349, 1312, 1309, 34, 9.70%, 75, 0, 3, 5.62
1747793858, 0, 349, 1312, 1309, 34, 9.70%, 76, 0, 3, 3.77
1747793863, 0, 349, 1312, 1309, 34, 9.70%, 77, 0, 3, 3.74
1747793868, 0, 350, 1312, 1309, 34, 9.70%, 77, 0, 3, 4.80
1747793894, 0, 351, 1312, 1309, 34, 9.70%, 77, 0, 3, 6.25
1747793925, 0, 357, 1312, 1309, 34, 9.70%, 77, 0, 3, 4.85
1747793956, 0, 358, 1312, 1309, 34, 9.70%, 77, 0, 3, 5.66
1747793987, 0, 359, 1312, 1309, 34, 9.70%, 77, 0, 3, 4.73
1747794018, 0, 361, 1312, 1309, 34, 9.70%, 77, 0, 3, 4.24
1747794055, 0, 362, 1312, 1309, 34, 9.70%, 77, 0, 3, 4.05
1747794081, 0, 363, 1312, 1309, 34, 9.70%, 77, 0, 3, 4.89
1747794102, 0, 363, 1312, 1309, 34, 9.70%, 78, 0, 3, 3.28
1747794112, 0, 363, 1312, 1309, 34, 9.70%, 79, 0, 3, 4.18
1747794117, 0, 364, 1312, 1309, 34, 9.70%, 79, 0, 3, 4.20
1747794148, 0, 365, 1312, 1309, 34, 9.70%, 79, 0, 3, 5.25
1747794179, 0, 366, 1312, 1309, 34, 9.70%, 79, 0, 3, 4.79
1747794216, 0, 367, 1312, 1309, 34, 9.70%, 79, 0, 3, 4.46
1747794252, 0, 368, 1312, 1309, 34, 9.70%, 79, 0, 3, 4.95
1747794279, 0, 369, 1312, 1309, 34, 9.70%, 79, 0, 3, 4.58
1747794294, 0, 369, 1313, 1310, 34, 9.70%, 79, 0, 3, 5.21
1747794342, 0, 370, 1313, 1310, 34, 9.70%, 79, 0, 3, 5.46
1747794363, 0, 370, 1314, 1311, 34, 9.70%, 79, 0, 3, 3.86
1747794400, 0, 370, 1314, 1311, 34, 9.70%, 80, 0, 3, 4.27
1747794415, 0, 371, 1314, 1311, 34, 9.70%, 80, 0, 3, 5.89
1747794426, 0, 371, 1314, 1311, 34, 9.70%, 81, 0, 3, 4.18
1747794452, 0, 372, 1314, 1311, 34, 9.70%, 81, 0, 3, 3.42
1747794457, 0, 372, 1314, 1311, 34, 9.70%, 82, 0, 3, 3.82
1747794489, 0, 373, 1314, 1311, 34, 9.70%, 82, 0, 3, 3.91
1747794499, 0, 373, 1315, 1312, 34, 9.70%, 82, 0, 3, 3.55
1747794505, 0, 373, 1315, 1312, 34, 9.70%, 83, 0, 3, 3.43
1747794510, 0, 373, 1315, 1312, 34, 9.70%, 84, 0, 3, 3.41
1747794536, 0, 373, 1315, 1312, 34, 9.70%, 85, 0, 3, 3.98
1747794567, 0, 374, 1315, 1312, 34, 9.70%, 85, 0, 3, 4.32
1747794593, 0, 374, 1316, 1313, 34, 9.70%, 85, 0, 3, 3.56
1747794613, 0, 374, 1316, 1313, 34, 9.70%, 86, 0, 3, 4.25
1747794619, 0, 374, 1316, 1313, 34, 9.70%, 87, 0, 3, 4.20
1747794639, 0, 375, 1316, 1313, 34, 9.70%, 87, 0, 3, 5.39
1747794671, 0, 376, 1316, 1313, 34, 9.70%, 87, 0, 3, 4.42
1747794702, 0, 378, 1316, 1313, 34, 9.70%, 87, 0, 3, 4.46
1747794733, 0, 379, 1316, 1313, 34, 9.70%, 87, 0, 3, 5.01
1747794760, 0, 380, 1316, 1313, 34, 9.70%, 87, 0, 3, 5.19
1747794780, 0, 380, 1316, 1313, 34, 9.70%, 88, 0, 3, 4.30
1747794791, 0, 381, 1316, 1313, 34, 9.70%, 88, 0, 3, 4.97
1747794812, 0, 381, 1316, 1313, 34, 9.70%, 89, 0, 3, 2.63
1747794827, 0, 383, 1316, 1313, 34, 9.70%, 89, 0, 3, 4.79
1747794859, 0, 385, 1316, 1313, 34, 9.70%, 89, 0, 3, 4.34
1747794890, 0, 386, 1316, 1313, 34, 9.70%, 89, 0, 3, 3.86
1747794896, 0, 386, 1316, 1313, 34, 9.70%, 90, 0, 3, 3.50
1747794927, 0, 387, 1316, 1313, 34, 9.70%, 90, 0, 3, 4.64
1747794958, 0, 389, 1316, 1313, 34, 9.70%, 90, 0, 3, 4.49
1747794990, 0, 389, 1317, 1314, 34, 9.70%, 90, 0, 3, 3.47
1747795000, 0, 389, 1318, 1315, 34, 9.70%, 90, 0, 3, 2.91
1747795010, 0, 389, 1319, 1316, 34, 9.70%, 90, 0, 3, 2.89
1747795043, 0, 389, 1320, 1317, 34, 9.70%, 90, 0, 3, 3.14
1747795064, 0, 389, 1320, 1317, 34, 9.70%, 91, 0, 3, 4.35
1747795085, 0, 389, 1320, 1317, 34, 9.70%, 92, 0, 3, 4.11
1747795137, 0, 389, 1321, 1318, 34, 9.70%, 92, 0, 3, 3.16
1747795225, 0, 389, 1321, 1318, 34, 9.70%, 93, 0, 3, 4.62
1747795230, 0, 389, 1321, 1318, 34, 9.70%, 94, 0, 3, 5.82
1747795267, 0, 389, 1321, 1318, 34, 9.70%, 95, 0, 3, 4.63
1747795320, 0, 389, 1321, 1318, 34, 9.70%, 97, 0, 3, 4.75
1747795325, 0, 389, 1321, 1318, 34, 9.70%, 98, 0, 3, 4.30
1747795335, 0, 389, 1321, 1318, 34, 9.70%, 99, 0, 3, 4.37
1747795361, 0, 389, 1321, 1318, 34, 9.70%, 100, 0, 3, 3.91
1747795430, 0, 389, 1322, 1319, 34, 9.70%, 100, 0, 3, 4.51
1747795524, 0, 389, 1322, 1319, 34, 9.70%, 101, 0, 3, 4.12
1747795566, 0, 389, 1322, 1319, 34, 9.70%, 102, 0, 3, 4.73
1747795634, 0, 389, 1322, 1319, 34, 9.70%, 103, 0, 3, 4.06
1747795650, 0, 389, 1322, 1319, 34, 9.70%, 104, 0, 3, 4.55
1747795666, 0, 389, 1323, 1320, 34, 9.70%, 104, 0, 3, 4.77
1747795793, 0, 389, 1323, 1320, 34, 9.70%, 105, 0, 3, 4.53
1747795798, 0, 389, 1324, 1321, 34, 9.70%, 105, 0, 3, 3.96
1747795845, 0, 389, 1324, 1321, 34, 9.70%, 106, 0, 3, 4.19
1747795898, 0, 389, 1324, 1321, 34, 9.70%, 107, 0, 3, 4.73
1747795930, 0, 389, 1324, 1321, 34, 9.70%, 108, 0, 3, 4.13
1747796046, 0, 389, 1324, 1321, 34, 9.70%, 109, 0, 3, 5.25
1747796067, 0, 392, 1324, 1321, 34, 9.70%, 109, 0, 3, 5.10
1747796098, 0, 393, 1324, 1321, 34, 9.70%, 109, 0, 3, 4.53
1747796125, 0, 394, 1324, 1321, 34, 9.70%, 109, 0, 3, 4.87
1747796156, 0, 395, 1324, 1321, 34, 9.70%, 109, 0, 3, 3.97
1747796193, 0, 397, 1324, 1321, 34, 9.70%, 110, 0, 3, 3.01
1747796209, 0, 397, 1324, 1321, 34, 9.70%, 111, 0, 3, 3.68
1747796226, 0, 398, 1324, 1321, 34, 9.70%, 111, 0, 3, 3.80
1747796252, 0, 398, 1325, 1322, 34, 9.70%, 111, 0, 3, 2.79
1747796284, 0, 398, 1326, 1323, 34, 9.70%, 111, 0, 3, 4.27
1747796299, 0, 398, 1326, 1323, 34, 9.70%, 112, 0, 3, 4.76
1747796336, 0, 398, 1326, 1323, 34, 9.70%, 114, 0, 3, 5.04
1747796347, 0, 398, 1327, 1324, 34, 9.70%, 114, 0, 3, 3.68
1747796352, 0, 398, 1328, 1325, 34, 9.70%, 114, 0, 3, 3.49
1747796374, 0, 398, 1329, 1326, 34, 9.70%, 114, 0, 3, 2.97
1747796401, 0, 398, 1329, 1326, 34, 9.70%, 115, 0, 3, 4.63
1747796580, 0, 398, 1329, 1326, 34, 9.70%, 116, 0, 3, 3.68
1747796772, 0, 398, 1329, 1326, 34, 9.70%, 117, 0, 3, 3.80
1747796867, 0, 398, 1329, 1326, 34, 9.70%, 118, 0, 3, 3.69
1747796883, 0, 398, 1329, 1326, 34, 9.70%, 119, 0, 3, 4.87
1747796903, 0, 398, 1329, 1326, 34, 9.70%, 120, 0, 3, 4.15
1747796914, 0, 398, 1330, 1327, 34, 9.70%, 120, 0, 3, 3.60
1747797019, 0, 398, 1330, 1327, 34, 9.70%, 121, 0, 3, 4.47
1747797098, 0, 398, 1330, 1327, 34, 9.70%, 122, 0, 3, 4.58
1747797203, 0, 398, 1331, 1328, 34, 9.70%, 122, 0, 3, 4.25
1747797251, 0, 398, 1331, 1328, 34, 9.70%, 123, 0, 3, 4.00
1747797339, 0, 399, 1331, 1328, 34, 9.70%, 123, 0, 3, 4.31
1747797365, 0, 400, 1331, 1328, 34, 9.70%, 123, 0, 3, 6.17
1747797375, 0, 400, 1331, 1328, 34, 9.70%, 124, 0, 3, 5.17
1747797380, 0, 400, 1331, 1328, 34, 9.70%, 125, 0, 3, 4.45
1747797402, 0, 401, 1331, 1328, 34, 9.70%, 125, 0, 3, 4.20
1747797433, 0, 402, 1331, 1328, 34, 9.70%, 125, 0, 3, 5.29
1747797444, 0, 402, 1331, 1328, 34, 9.70%, 126, 0, 3, 4.39
1747797464, 0, 403, 1331, 1328, 34, 9.70%, 126, 0, 3, 4.90
1747797485, 0, 403, 1332, 1329, 34, 9.70%, 126, 0, 3, 3.83
1747797527, 0, 406, 1332, 1329, 34, 9.70%, 126, 0, 3, 4.90
1747797559, 0, 407, 1332, 1329, 34, 9.70%, 126, 0, 3, 5.93
1747797595, 0, 408, 1332, 1329, 34, 9.70%, 127, 0, 3, 3.76
1747797628, 0, 409, 1332, 1329, 34, 9.70%, 127, 0, 3, 5.79
1747797654, 0, 410, 1332, 1329, 34, 9.70%, 127, 0, 3, 4.60
1747797680, 0, 411, 1332, 1329, 34, 9.70%, 127, 0, 3, 6.05
1747797711, 0, 412, 1332, 1329, 34, 9.70%, 127, 0, 3, 4.91
1747797749, 0, 413, 1332, 1329, 34, 9.70%, 128, 0, 3, 4.22
1747797781, 0, 414, 1332, 1329, 34, 9.70%, 128, 0, 3, 3.84
1747797818, 0, 420, 1332, 1329, 34, 9.70%, 128, 0, 3, 4.47
1747797844, 0, 421, 1332, 1329, 34, 9.70%, 128, 0, 3, 5.14
1747797875, 0, 422, 1332, 1329, 34, 9.70%, 128, 0, 3, 5.58
1747797907, 0, 423, 1332, 1329, 34, 9.70%, 128, 0, 3, 5.20
1747797943, 0, 424, 1332, 1329, 34, 9.70%, 128, 0, 3, 3.68
1747797980, 0, 425, 1332, 1329, 34, 9.70%, 128, 0, 3, 4.12
1747798006, 0, 426, 1332, 1329, 34, 9.70%, 128, 0, 3, 5.44
1747798043, 0, 427, 1332, 1329, 34, 9.70%, 128, 0, 3, 3.76
1747798080, 0, 428, 1332, 1329, 34, 9.70%, 128, 0, 3, 4.38
1747798101, 0, 429, 1332, 1329, 34, 9.70%, 128, 0, 3, 5.07
1747798133, 0, 430, 1332, 1329, 34, 9.70%, 128, 0, 3, 3.76
1747798154, 0, 430, 1332, 1329, 34, 9.70%, 129, 0, 3, 3.70
1747798165, 0, 431, 1332, 1329, 34, 9.70%, 129, 0, 3, 38.84
1747798227, 0, 432, 1332, 1328, 33, 9.70%, 130, 0, 3, 3.72
1747798258, 0, 433, 1332, 1328, 33, 9.70%, 130, 0, 3, 5.23
1747798285, 0, 434, 1332, 1328, 33, 9.70%, 130, 0, 3, 4.92
1747798321, 0, 435, 1332, 1328, 33, 9.70%, 130, 0, 3, 4.87
1747798343, 0, 435, 1333, 1329, 33, 9.70%, 130, 0, 3, 4.04
1747798379, 0, 436, 1333, 1329, 33, 9.70%, 130, 0, 3, 4.61
1747798415, 0, 437, 1333, 1329, 33, 9.70%, 130, 0, 3, 4.48
1747798447, 0, 438, 1333, 1329, 33, 9.70%, 130, 0, 3, 4.61
1747798452, 0, 438, 1333, 1329, 33, 9.70%, 131, 0, 3, 4.17
1747798483, 0, 439, 1333, 1329, 33, 9.70%, 131, 0, 3, 4.13
1747798515, 0, 440, 1333, 1329, 33, 9.70%, 131, 0, 3, 5.24
1747798540, 0, 441, 1333, 1329, 33, 9.70%, 131, 0, 3, 4.69
1747798572, 0, 442, 1333, 1329, 33, 9.70%, 131, 0, 3, 5.99
1747798603, 0, 443, 1333, 1329, 33, 9.70%, 131, 0, 3, 4.43
1747798640, 0, 444, 1333, 1329, 33, 9.70%, 131, 0, 3, 4.74
1747798671, 0, 445, 1333, 1329, 33, 9.70%, 131, 0, 3, 4.85
1747798703, 0, 446, 1333, 1329, 33, 9.70%, 131, 0, 3, 3.98
1747798741, 0, 447, 1333, 1329, 33, 9.70%, 131, 0, 3, 3.99
1747798773, 0, 448, 1333, 1329, 33, 9.70%, 131, 0, 3, 5.17
1747798799, 0, 449, 1333, 1329, 33, 9.70%, 131, 0, 3, 5.99
1747798804, 0, 449, 1333, 1329, 33, 9.70%, 132, 0, 3, 5.15
1747798831, 0, 450, 1333, 1329, 33, 9.70%, 132, 0, 3, 4.75
1747798863, 0, 451, 1333, 1329, 33, 9.70%, 132, 0, 3, 3.91
1747798889, 0, 452, 1333, 1329, 33, 9.70%, 132, 0, 3, 6.18
1747798931, 0, 453, 1333, 1329, 33, 9.70%, 132, 0, 3, 5.08
1747798957, 0, 454, 1333, 1329, 33, 9.70%, 132, 0, 3, 3.98
1747798967, 0, 454, 1333, 1329, 33, 9.70%, 133, 0, 3, 4.31
1747798994, 0, 455, 1333, 1329, 33, 9.70%, 133, 0, 3, 4.24
1747799026, 0, 456, 1333, 1329, 33, 9.70%, 133, 0, 3, 5.96
1747799057, 0, 457, 1333, 1329, 33, 9.70%, 133, 0, 3, 4.06
1747799094, 0, 458, 1333, 1329, 33, 9.70%, 133, 0, 3, 5.17
1747799120, 0, 458, 1333, 1329, 33, 9.70%, 134, 0, 3, 4.67
1747799125, 0, 459, 1333, 1329, 33, 9.70%, 134, 0, 3, 4.68
1747799157, 0, 460, 1333, 1329, 33, 9.70%, 134, 0, 3, 4.87
1747799188, 0, 461, 1333, 1329, 33, 9.70%, 134, 0, 3, 4.60
1747799225, 0, 462, 1333, 1329, 33, 9.70%, 135, 0, 3, 3.98
1747799230, 0, 462, 1333, 1329, 33, 9.70%, 136, 0, 3, 5.06
1747799257, 0, 464, 1333, 1329, 33, 9.70%, 136, 0, 3, 4.33
1747799283, 0, 465, 1333, 1329, 33, 9.70%, 136, 0, 3, 6.10
1747799320, 0, 467, 1333, 1329, 33, 9.70%, 136, 0, 3, 4.24
1747799351, 0, 468, 1333, 1329, 33, 9.70%, 136, 0, 3, 4.83
1747799377, 0, 469, 1333, 1329, 33, 9.70%, 137, 0, 3, 5.26
1747799399, 0, 469, 1333, 1329, 33, 9.70%, 138, 0, 3, 3.81
1747799415, 0, 470, 1333, 1329, 33, 9.70%, 138, 0, 3, 4.39
1747799446, 0, 471, 1333, 1329, 33, 9.70%, 138, 0, 3, 5.11
1747799472, 0, 472, 1333, 1329, 33, 9.70%, 138, 0, 3, 4.10
1747799488, 0, 472, 1333, 1329, 33, 9.70%, 139, 0, 3, 3.92
1747799504, 0, 472, 1333, 1329, 33, 9.70%, 140, 0, 3, 3.53
1747799509, 0, 473, 1333, 1329, 33, 9.70%, 140, 0, 3, 4.02
1747799540, 0, 474, 1333, 1329, 33, 9.70%, 140, 0, 3, 4.49
1747799567, 0, 475, 1333, 1329, 33, 9.70%, 140, 0, 3, 5.00
1747799604, 0, 476, 1333, 1329, 33, 9.70%, 140, 0, 3, 3.93
1747799620, 0, 476, 1333, 1329, 33, 9.70%, 141, 0, 3, 5.14
1747799636, 0, 477, 1333, 1329, 33, 9.70%, 141, 0, 3, 4.95
1747799663, 0, 479, 1333, 1329, 33, 9.70%, 141, 0, 3, 5.24
1747799700, 0, 480, 1333, 1329, 33, 9.70%, 141, 0, 3, 5.01
1747799705, 0, 480, 1333, 1329, 33, 9.70%, 142, 0, 3, 4.42
1747799731, 0, 481, 1333, 1329, 33, 9.70%, 142, 0, 3, 4.61
1747799764, 0, 482, 1333, 1329, 33, 9.70%, 142, 0, 3, 4.40
1747799796, 0, 483, 1333, 1329, 33, 9.70%, 142, 0, 3, 5.18
1747799827, 0, 484, 1333, 1329, 33, 9.70%, 142, 0, 3, 4.68
1747799853, 0, 485, 1334, 1330, 33, 9.70%, 142, 0, 3, 5.96
1747799894, 0, 486, 1334, 1330, 33, 9.70%, 142, 0, 3, 6.78
1747799910, 0, 487, 1334, 1330, 33, 9.70%, 142, 0, 3, 6.41
1747799921, 0, 487, 1334, 1330, 33, 9.70%, 143, 0, 3, 6.73
1747799931, 0, 488, 1334, 1330, 33, 9.70%, 143, 0, 3, 5.49
1747799952, 0, 489, 1334, 1330, 33, 9.70%, 143, 0, 3, 8.42
1747799967, 0, 490, 1334, 1330, 33, 9.70%, 143, 0, 3, 7.50
1747799988, 0, 491, 1334, 1330, 33, 9.70%, 143, 0, 3, 7.72
1747800003, 0, 493, 1334, 1330, 33, 9.70%, 143, 0, 3, 7.45
1747800019, 0, 493, 1334, 1330, 33, 9.70%, 144, 0, 3, 6.37
1747800024, 0, 494, 1334, 1330, 33, 9.70%, 144, 0, 3, 6.56
1747800045, 0, 495, 1334, 1330, 33, 9.70%, 144, 0, 3, 6.37
1747800055, 0, 495, 1334, 1330, 33, 9.70%, 145, 0, 3, 5.29
1747800065, 0, 496, 1334, 1330, 33, 9.70%, 145, 0, 3, 6.70
1747800081, 0, 496, 1334, 1330, 33, 9.70%, 146, 0, 3, 5.89
1747800086, 0, 497, 1334, 1330, 33, 9.70%, 146, 0, 3, 8.67
1747800102, 0, 499, 1334, 1330, 33, 9.70%, 146, 0, 3, 7.57
1747800123, 0, 500, 1334, 1330, 33, 9.70%, 147, 0, 3, 7.44
1747800143, 0, 501, 1334, 1330, 33, 9.70%, 147, 0, 3, 6.91
1747800164, 0, 502, 1334, 1330, 33, 9.70%, 147, 0, 3, 6.40
1747800185, 0, 503, 1334, 1330, 33, 9.70%, 147, 0, 3, 8.25
1747800201, 0, 504, 1334, 1330, 33, 9.70%, 147, 0, 3, 7.11
1747800216, 0, 505, 1334, 1330, 33, 9.70%, 147, 0, 3, 6.84
1747800221, 0, 505, 1334, 1330, 33, 9.70%, 148, 0, 3, 5.96
1747800242, 0, 506, 1334, 1330, 33, 9.70%, 148, 0, 3, 6.95
1747800258, 0, 509, 1334, 1330, 33, 9.70%, 148, 0, 3, 8.23
1747800273, 0, 510, 1334, 1330, 33, 9.70%, 148, 0, 3, 8.06
1747800294, 0, 511, 1334, 1330, 33, 9.70%, 148, 0, 3, 7.23
1747800309, 0, 512, 1334, 1330, 33, 9.70%, 148, 0, 3, 8.33
1747800330, 0, 513, 1334, 1330, 33, 9.70%, 148, 0, 3, 6.78
1747800346, 0, 514, 1334, 1330, 33, 9.70%, 148, 0, 3, 8.26
1747800366, 0, 515, 1334, 1330, 33, 9.70%, 148, 0, 3, 8.99
1747800382, 0, 517, 1334, 1330, 33, 9.70%, 148, 0, 3, 8.54
1747800402, 0, 518, 1334, 1330, 33, 9.70%, 148, 0, 3, 5.84
1747800412, 0, 518, 1335, 1331, 33, 9.75%, 148, 0, 3, 5.84
1747800417, 0, 518, 1335, 1331, 33, 9.75%, 149, 0, 3, 6.42
1747800428, 0, 518, 1335, 1331, 33, 9.75%, 150, 0, 3, 6.11
1747800443, 0, 519, 1335, 1331, 33, 9.75%, 150, 0, 3, 7.09
1747800464, 0, 520, 1335, 1331, 33, 9.75%, 150, 0, 3, 7.82
1747800480, 0, 521, 1335, 1331, 33, 9.75%, 151, 0, 3, 8.03
1747800496, 0, 521, 1336, 1332, 33, 9.75%, 152, 0, 3, 5.51
1747800527, 0, 524, 1336, 1332, 33, 9.75%, 152, 0, 3, 7.42
1747800542, 0, 526, 1336, 1332, 33, 9.75%, 152, 0, 3, 7.05
1747800568, 0, 527, 1336, 1332, 33, 9.75%, 152, 0, 3, 6.00
1747800584, 0, 528, 1336, 1332, 33, 9.75%, 152, 0, 3, 6.50
1747800604, 0, 529, 1336, 1332, 33, 9.75%, 152, 0, 3, 7.81
1747800625, 0, 531, 1336, 1332, 33, 9.75%, 153, 0, 3, 5.48
1747800651, 0, 532, 1336, 1332, 33, 9.75%, 153, 0, 3, 6.89
1747800667, 0, 533, 1336, 1332, 33, 9.75%, 153, 0, 3, 7.95
1747800682, 0, 533, 1336, 1332, 33, 9.75%, 154, 0, 3, 6.90
1747800687, 0, 534, 1336, 1332, 33, 9.75%, 154, 0, 3, 7.01
1747800708, 0, 536, 1336, 1332, 33, 9.75%, 154, 0, 3, 6.22
1747800729, 0, 538, 1336, 1332, 33, 9.75%, 154, 0, 3, 6.82
1747800750, 0, 539, 1336, 1332, 33, 9.75%, 154, 0, 3, 7.04
1747800770, 0, 540, 1336, 1332, 33, 9.75%, 154, 0, 3, 6.51
1747800791, 0, 541, 1336, 1332, 33, 9.75%, 154, 0, 3, 7.16
1747800807, 0, 542, 1336, 1332, 33, 9.75%, 154, 0, 3, 7.25
1747800822, 0, 542, 1336, 1332, 33, 9.75%, 155, 0, 3, 6.70
1747800827, 0, 545, 1336, 1332, 33, 9.75%, 155, 0, 3, 6.89
1747800849, 0, 546, 1336, 1332, 33, 9.75%, 155, 0, 3, 5.66
1747800854, 0, 546, 1336, 1332, 33, 9.75%, 156, 0, 3, 7.70
1747800859, 0, 546, 1336, 1332, 33, 9.75%, 157, 0, 3, 7.25
1747800869, 0, 547, 1336, 1332, 33, 9.75%, 157, 0, 3, 6.33
1747800890, 0, 548, 1336, 1332, 33, 9.75%, 157, 0, 3, 6.42
1747800905, 0, 549, 1336, 1332, 33, 9.75%, 157, 0, 3, 6.46
1747800926, 0, 550, 1336, 1332, 33, 9.75%, 157, 0, 3, 6.69
1747800936, 0, 550, 1337, 1333, 33, 9.75%, 157, 0, 3, 7.66
1747800962, 0, 551, 1337, 1333, 33, 9.75%, 157, 0, 3, 8.38
1747800977, 0, 552, 1337, 1333, 33, 9.75%, 157, 0, 3, 9.48
1747800993, 0, 553, 1337, 1333, 33, 9.75%, 157, 0, 3, 7.60
1747801014, 0, 554, 1337, 1333, 33, 9.75%, 157, 0, 3, 7.10
1747801034, 0, 555, 1337, 1333, 33, 9.75%, 157, 0, 3, 7.94
1747801050, 0, 556, 1337, 1333, 33, 9.75%, 157, 0, 3, 6.46
1747801055, 0, 556, 1337, 1333, 33, 9.75%, 158, 0, 3, 7.17
1747801065, 0, 557, 1337, 1333, 33, 9.75%, 158, 0, 3, 6.89
1747801071, 0, 557, 1338, 1334, 33, 9.75%, 158, 0, 3, 5.78
1747801107, 0, 558, 1338, 1334, 33, 9.75%, 158, 0, 3, 7.91
1747801112, 0, 558, 1338, 1334, 33, 9.75%, 159, 0, 3, 6.47
1747801128, 0, 559, 1338, 1334, 33, 9.75%, 160, 0, 3, 6.25
1747801149, 0, 560, 1338, 1334, 33, 9.75%, 160, 0, 3, 6.52
1747801154, 0, 560, 1338, 1334, 33, 9.75%, 161, 0, 3, 5.88
1747801169, 0, 561, 1338, 1334, 33, 9.75%, 162, 0, 3, 5.62
1747801190, 0, 562, 1338, 1334, 33, 9.75%, 162, 0, 3, 6.25
1747801210, 0, 563, 1338, 1334, 33, 9.75%, 163, 0, 3, 6.24
1747801231, 0, 564, 1338, 1334, 33, 9.75%, 163, 0, 3, 6.97
1747801252, 0, 565, 1338, 1334, 33, 9.75%, 163, 0, 3, 8.39
1747801267, 0, 566, 1338, 1334, 33, 9.75%, 163, 0, 3, 6.88
1747801283, 0, 567, 1338, 1334, 33, 9.75%, 163, 0, 3, 7.54
1747801303, 0, 568, 1338, 1334, 33, 9.75%, 163, 0, 3, 5.65
1747801319, 0, 568, 1338, 1334, 33, 9.75%, 164, 0, 3, 6.64
1747801329, 0, 570, 1338, 1334, 33, 9.75%, 164, 0, 3, 6.26
1747801339, 0, 570, 1338, 1334, 33, 9.75%, 165, 0, 3, 6.37
1747801349, 0, 572, 1338, 1334, 33, 9.75%, 165, 0, 3, 7.89
1747801376, 0, 573, 1338, 1334, 33, 9.75%, 165, 0, 3, 5.87
1747801387, 0, 573, 1339, 1335, 33, 9.75%, 165, 0, 3, 4.51
1747801434, 0, 574, 1339, 1335, 33, 9.75%, 165, 0, 3, 5.60
1747801471, 0, 575, 1339, 1335, 33, 9.75%, 165, 0, 3, 3.97
1747801502, 0, 576, 1339, 1335, 33, 9.75%, 165, 0, 3, 4.28
1747801523, 0, 576, 1339, 1335, 33, 9.75%, 166, 0, 3, 5.23
1747801533, 0, 579, 1339, 1335, 33, 9.75%, 166, 0, 3, 4.39
1747801544, 0, 579, 1339, 1335, 33, 9.75%, 167, 0, 3, 5.07
1747801564, 0, 580, 1339, 1335, 33, 9.75%, 167, 0, 3, 4.52
1747801602, 0, 581, 1339, 1335, 33, 9.75%, 167, 0, 3, 4.49
1747801633, 0, 582, 1339, 1335, 33, 9.75%, 167, 0, 3, 4.72
1747801654, 0, 583, 1339, 1335, 33, 9.75%, 167, 0, 3, 6.00
1747801664, 0, 583, 1339, 1335, 33, 9.75%, 168, 0, 3, 4.06
1747801691, 0, 585, 1339, 1335, 33, 9.75%, 168, 0, 3, 5.85
1747801724, 0, 586, 1339, 1335, 33, 9.75%, 168, 0, 3, 4.95
1747801755, 0, 587, 1339, 1335, 33, 9.75%, 168, 0, 3, 4.12
1747801776, 0, 588, 1339, 1335, 33, 9.75%, 168, 0, 3, 5.29
1747801813, 0, 590, 1339, 1335, 33, 9.75%, 168, 0, 3, 4.22
1747801845, 0, 591, 1339, 1335, 33, 9.75%, 168, 0, 3, 5.36
1747801876, 0, 592, 1339, 1335, 33, 9.75%, 168, 0, 3, 4.82
1747801908, 0, 593, 1339, 1335, 33, 9.75%, 168, 0, 3, 5.24
1747801940, 0, 594, 1339, 1335, 33, 9.75%, 168, 0, 3, 4.48
1747801945, 0, 594, 1339, 1335, 33, 9.75%, 169, 0, 3, 4.11
1747801971, 0, 595, 1339, 1335, 33, 9.75%, 169, 0, 3, 4.60
1747801997, 0, 596, 1339, 1335, 33, 9.75%, 169, 0, 3, 5.04
1747802034, 0, 597, 1339, 1335, 33, 9.75%, 169, 0, 3, 4.25
1747802065, 0, 598, 1339, 1335, 33, 9.75%, 169, 0, 3, 4.52
1747802096, 0, 601, 1339, 1335, 33, 9.75%, 169, 0, 3, 4.87
1747802128, 0, 602, 1339, 1335, 33, 9.75%, 169, 0, 3, 4.02
1747802159, 0, 603, 1339, 1335, 33, 9.75%, 169, 0, 3, 5.35
1747802164, 0, 603, 1339, 1335, 33, 9.75%, 170, 0, 3, 4.74
1747802195, 0, 604, 1339, 1335, 33, 9.75%, 170, 0, 3, 4.82
1747802226, 0, 605, 1339, 1335, 33, 9.75%, 170, 0, 3, 5.23
1747802242, 0, 605, 1339, 1335, 33, 9.75%, 171, 0, 3, 4.33
1747802252, 0, 606, 1339, 1335, 33, 9.75%, 172, 0, 3, 5.41
1747802289, 0, 607, 1339, 1335, 33, 9.75%, 172, 0, 3, 4.10
1747802326, 0, 608, 1339, 1335, 33, 9.75%, 172, 0, 3, 4.64
1747802362, 0, 609, 1339, 1335, 33, 9.75%, 172, 0, 3, 3.78
1747802394, 0, 610, 1339, 1335, 33, 9.75%, 172, 0, 3, 5.10
1747802431, 0, 611, 1339, 1335, 33, 9.75%, 172, 0, 3, 3.84
1747802462, 0, 612, 1339, 1335, 33, 9.75%, 172, 0, 3, 4.63
1747802483, 0, 612, 1339, 1335, 33, 9.75%, 173, 0, 3, 4.17
1747802494, 0, 613, 1339, 1335, 33, 9.75%, 173, 0, 3, 3.95
1747802504, 0, 613, 1339, 1335, 33, 9.75%, 174, 0, 3, 4.25
1747802531, 0, 615, 1339, 1335, 33, 9.75%, 174, 0, 3, 4.23
1747802563, 0, 616, 1339, 1335, 33, 9.75%, 174, 0, 3, 4.39
1747802595, 0, 617, 1339, 1335, 33, 9.75%, 174, 0, 3, 4.11
1747802612, 0, 617, 1339, 1335, 33, 9.75%, 175, 0, 3, 4.04
1747802633, 0, 618, 1339, 1335, 33, 9.75%, 175, 0, 3, 3.99
1747802671, 0, 619, 1339, 1335, 33, 9.75%, 175, 0, 3, 4.77
1747802686, 0, 619, 1339, 1335, 33, 9.75%, 176, 0, 3, 5.17
1747802702, 0, 620, 1339, 1335, 33, 9.75%, 176, 0, 3, 4.66
1747802729, 0, 621, 1339, 1335, 33, 9.75%, 176, 0, 3, 4.83
1747802760, 0, 621, 1339, 1335, 33, 9.75%, 177, 0, 3, 4.22
1747802765, 0, 622, 1339, 1335, 33, 9.75%, 177, 0, 3, 5.06
1747802796, 0, 623, 1339, 1335, 33, 9.75%, 177, 0, 3, 4.43
1747802822, 0, 625, 1339, 1335, 33, 9.75%, 177, 0, 3, 5.50
1747802854, 0, 625, 1340, 1336, 33, 9.75%, 177, 0, 3, 4.43
1747802875, 0, 626, 1340, 1336, 33, 9.75%, 177, 0, 3, 7.10
1747802890, 0, 627, 1340, 1336, 33, 9.75%, 177, 0, 3, 7.76
1747802911, 0, 628, 1340, 1336, 33, 9.75%, 177, 0, 3, 7.01
1747802921, 0, 628, 1340, 1336, 33, 9.75%, 178, 0, 3, 6.19
1747802932, 0, 629, 1340, 1336, 33, 9.75%, 179, 0, 3, 7.66
1747802952, 0, 630, 1340, 1336, 33, 9.75%, 179, 0, 3, 7.89
1747802973, 0, 631, 1340, 1336, 33, 9.75%, 179, 0, 3, 8.96
1747802988, 0, 632, 1340, 1336, 33, 9.75%, 179, 0, 3, 7.12
1747803009, 0, 635, 1341, 1337, 33, 9.75%, 179, 0, 3, 6.12
1747803050, 0, 636, 1341, 1337, 33, 9.75%, 179, 0, 3, 6.61
1747803065, 0, 636, 1341, 1337, 33, 9.75%, 180, 0, 3, 6.02
1747803070, 0, 637, 1341, 1337, 33, 9.75%, 180, 0, 3, 6.78
1747803091, 0, 638, 1341, 1337, 33, 9.75%, 180, 0, 3, 6.38
1747803106, 0, 639, 1341, 1337, 33, 9.75%, 180, 0, 3, 8.02
1747803127, 0, 641, 1341, 1337, 33, 9.75%, 180, 0, 3, 7.45
1747803142, 0, 643, 1341, 1337, 33, 9.75%, 180, 0, 3, 8.01
1747803168, 0, 645, 1341, 1337, 33, 9.75%, 180, 0, 3, 6.90
1747803183, 0, 647, 1341, 1337, 33, 9.75%, 180, 0, 3, 6.93
1747803204, 0, 648, 1341, 1337, 33, 9.75%, 180, 0, 3, 6.42
1747803225, 0, 649, 1341, 1337, 33, 9.75%, 180, 0, 3, 8.01
1747803240, 0, 650, 1341, 1337, 33, 9.75%, 180, 0, 3, 7.73
1747803256, 0, 651, 1341, 1337, 33, 9.75%, 180, 0, 3, 8.33
1747803261, 0, 651, 1342, 1338, 33, 9.75%, 180, 0, 3, 7.98
1747803302, 0, 652, 1342, 1338, 33, 9.75%, 180, 0, 3, 7.42
1747803313, 0, 652, 1342, 1338, 33, 9.75%, 181, 0, 3, 6.24
1747803318, 0, 653, 1342, 1338, 33, 9.75%, 181, 0, 3, 6.70
1747803338, 0, 654, 1342, 1338, 33, 9.75%, 181, 0, 3, 5.85
1747803359, 0, 656, 1342, 1338, 33, 9.75%, 181, 0, 3, 7.24
1747803380, 0, 657, 1342, 1338, 33, 9.75%, 181, 0, 3, 6.06
1747803400, 0, 658, 1342, 1338, 33, 9.75%, 181, 0, 3, 7.15
1747803416, 0, 659, 1342, 1338, 33, 9.75%, 181, 0, 3, 7.49
1747803436, 0, 660, 1342, 1338, 33, 9.75%, 181, 0, 3, 6.74
1747803457, 0, 663, 1342, 1338, 33, 9.75%, 181, 0, 3, 5.49
1747803472, 0, 664, 1342, 1338, 33, 9.75%, 181, 0, 3, 7.15
1747803493, 0, 665, 1342, 1338, 33, 9.75%, 181, 0, 3, 6.77
1747803509, 0, 666, 1342, 1338, 33, 9.75%, 181, 0, 3, 7.20
1747803519, 0, 666, 1343, 1339, 33, 9.75%, 181, 0, 3, 5.24
1747803550, 0, 667, 1343, 1339, 33, 9.75%, 181, 0, 3, 8.52
1747803566, 0, 668, 1343, 1339, 33, 9.75%, 181, 0, 3, 7.20
1747803587, 0, 669, 1343, 1339, 33, 9.75%, 181, 0, 3, 7.43
1747803602, 0, 670, 1343, 1339, 33, 9.75%, 181, 0, 3, 6.77
1747803618, 0, 670, 1343, 1339, 33, 9.75%, 182, 0, 3, 5.94
1747803623, 0, 671, 1343, 1339, 33, 9.75%, 182, 0, 3, 5.82
1747803643, 0, 672, 1343, 1339, 33, 9.75%, 182, 0, 3, 6.36
1747803659, 0, 672, 1343, 1339, 33, 9.75%, 183, 0, 3, 6.05
1747803664, 0, 673, 1343, 1339, 33, 9.75%, 183, 0, 3, 7.66
1747803685, 0, 674, 1343, 1339, 33, 9.75%, 183, 0, 3, 7.81
1747803700, 0, 675, 1343, 1339, 33, 9.75%, 183, 0, 3, 7.06
1747803721, 0, 676, 1343, 1339, 33, 9.75%, 183, 0, 3, 8.07
1747803742, 0, 677, 1343, 1339, 33, 9.75%, 183, 0, 3, 7.13
1747803758, 0, 677, 1343, 1339, 33, 9.75%, 184, 0, 3, 6.39
1747803763, 0, 678, 1343, 1339, 33, 9.75%, 184, 0, 3, 5.89
1747803783, 0, 679, 1343, 1339, 33, 9.75%, 185, 0, 3, 6.21
1747803804, 0, 680, 1343, 1339, 33, 9.75%, 185, 0, 3, 6.34
1747803825, 0, 681, 1343, 1339, 33, 9.75%, 185, 0, 3, 7.16
1747803845, 0, 682, 1343, 1339, 33, 9.75%, 185, 0, 3, 7.31
1747803861, 0, 683, 1343, 1339, 33, 9.75%, 185, 0, 3, 6.38
1747803886, 0, 684, 1343, 1339, 33, 9.75%, 185, 0, 3, 5.47
1747803913, 0, 686, 1343, 1339, 33, 9.75%, 185, 0, 3, 4.90
1747803950, 0, 688, 1343, 1339, 33, 9.75%, 185, 0, 3, 4.02
1747803986, 0, 691, 1343, 1339, 33, 9.75%, 185, 0, 3, 3.72
1747804013, 0, 692, 1343, 1339, 33, 9.75%, 185, 0, 3, 4.46
1747804044, 0, 693, 1343, 1339, 33, 9.75%, 185, 0, 3, 4.77
1747804080, 0, 693, 1343, 1339, 33, 9.75%, 186, 0, 3, 3.55
1747804085, 0, 694, 1343, 1339, 33, 9.75%, 186, 0, 3, 4.43
1747804112, 0, 695, 1343, 1339, 33, 9.75%, 186, 0, 3, 4.51
1747804148, 0, 697, 1343, 1339, 33, 9.75%, 186, 0, 3, 4.37
1747804174, 0, 698, 1343, 1339, 33, 9.75%, 186, 0, 3, 4.88
1747804206, 0, 699, 1343, 1339, 33, 9.75%, 186, 0, 3, 4.28
1747804212, 0, 699, 1343, 1339, 33, 9.75%, 187, 0, 3, 4.24
1747804238, 0, 699, 1343, 1339, 33, 9.75%, 188, 0, 3, 4.13
1747804243, 0, 701, 1343, 1339, 33, 9.75%, 188, 0, 3, 5.08
1747804264, 0, 701, 1343, 1339, 33, 9.75%, 189, 0, 3, 4.42
1747804280, 0, 702, 1343, 1339, 33, 9.75%, 189, 0, 3, 4.21
1747804311, 0, 703, 1343, 1339, 33, 9.75%, 189, 0, 3, 3.95
1747804343, 0, 704, 1343, 1339, 33, 9.75%, 190, 0, 3, 3.80
1747804380, 0, 705, 1343, 1339, 33, 9.75%, 190, 0, 3, 3.92
1747804417, 0, 706, 1343, 1339, 33, 9.75%, 190, 0, 3, 3.11
1747804442, 0, 707, 1343, 1339, 33, 9.75%, 190, 0, 3, 5.43
1747804474, 0, 708, 1343, 1339, 33, 9.75%, 190, 0, 3, 4.81
1747804479, 0, 708, 1343, 1339, 33, 9.75%, 191, 0, 3, 4.12
1747804510, 0, 709, 1343, 1339, 33, 9.75%, 191, 0, 3, 4.11
1747804546, 0, 710, 1343, 1339, 33, 9.75%, 191, 0, 3, 4.17
1747804578, 0, 712, 1343, 1339, 33, 9.75%, 191, 0, 3, 5.26
1747804604, 0, 713, 1343, 1339, 33, 9.75%, 191, 0, 3, 5.41
1747804641, 0, 714, 1343, 1339, 33, 9.75%, 192, 0, 3, 3.26
1747804678, 0, 715, 1343, 1339, 33, 9.75%, 192, 0, 3, 5.29
1747804714, 0, 716, 1343, 1339, 33, 9.75%, 192, 0, 3, 3.59
1747804750, 0, 717, 1343, 1339, 33, 9.75%, 192, 0, 3, 4.35
1747804782, 0, 720, 1343, 1339, 33, 9.75%, 193, 0, 3, 4.43
1747804787, 0, 720, 1343, 1339, 33, 9.75%, 194, 0, 3, 4.40
1747804812, 0, 721, 1343, 1339, 33, 9.75%, 194, 0, 3, 4.78
1747804833, 0, 721, 1343, 1339, 33, 9.75%, 196, 0, 3, 4.52
1747804848, 0, 722, 1343, 1339, 33, 9.75%, 197, 0, 3, 3.98
1747804880, 0, 723, 1343, 1339, 33, 9.75%, 197, 0, 3, 5.27
1747804912, 0, 724, 1343, 1339, 33, 9.75%, 197, 0, 3, 5.25
1747804933, 0, 725, 1343, 1339, 33, 9.75%, 197, 0, 3, 5.81
1747804949, 0, 725, 1344, 1340, 33, 9.75%, 197, 0, 3, 4.43
1747804965, 0, 725, 1344, 1340, 33, 9.75%, 198, 0, 3, 4.52
1747805007, 0, 727, 1344, 1340, 33, 9.75%, 198, 0, 3, 4.96
1747805028, 0, 727, 1345, 1341, 33, 9.75%, 198, 0, 3, 3.08
1747805044, 0, 727, 1345, 1341, 33, 9.75%, 199, 0, 3, 4.43
1747805080, 0, 728, 1345, 1341, 33, 9.75%, 199, 0, 3, 5.09
1747805112, 0, 729, 1345, 1341, 33, 9.75%, 199, 0, 3, 3.68
1747805143, 0, 730, 1345, 1341, 33, 9.75%, 199, 0, 3, 5.31
1747805148, 0, 730, 1346, 1342, 33, 9.75%, 199, 0, 3, 4.75
1747805217, 0, 731, 1346, 1342, 33, 9.75%, 199, 0, 3, 4.90
1747805248, 0, 735, 1346, 1342, 33, 9.75%, 199, 0, 3, 4.63
1747805279, 0, 737, 1346, 1342, 33, 9.75%, 199, 0, 3, 4.50
1747805311, 0, 738, 1346, 1342, 33, 9.75%, 199, 0, 3, 4.65
1747805321, 0, 738, 1346, 1342, 33, 9.75%, 200, 0, 3, 4.34
1747805342, 0, 739, 1346, 1342, 33, 9.75%, 200, 0, 3, 3.62
1747805347, 0, 739, 1346, 1342, 33, 9.75%, 201, 0, 3, 3.99
1747805352, 0, 739, 1346, 1342, 33, 9.75%, 202, 0, 3, 4.40
1747805357, 0, 739, 1347, 1343, 33, 9.75%, 202, 0, 3, 3.45
1747805362, 0, 739, 1347, 1343, 33, 9.75%, 204, 0, 3, 3.74
1747805420, 0, 740, 1347, 1343, 33, 9.75%, 204, 0, 3, 4.89
1747805431, 0, 740, 1347, 1343, 33, 9.75%, 205, 0, 3, 4.07
1747805441, 0, 740, 1347, 1343, 33, 9.75%, 206, 0, 3, 4.49
1747805452, 0, 741, 1347, 1343, 33, 9.75%, 207, 0, 3, 4.20
1747805488, 0, 742, 1347, 1343, 33, 9.75%, 207, 0, 3, 5.31
1747805514, 0, 743, 1347, 1343, 33, 9.75%, 207, 0, 3, 5.33
1747805535, 0, 743, 1348, 1344, 33, 9.75%, 207, 0, 3, 3.28
1747805551, 0, 743, 1348, 1344, 33, 9.75%, 208, 0, 3, 3.92
1747805593, 0, 745, 1348, 1344, 33, 9.75%, 208, 0, 3, 3.86
1747805624, 0, 746, 1348, 1344, 33, 9.75%, 208, 0, 3, 5.25
1747805662, 0, 747, 1348, 1344, 33, 9.75%, 208, 0, 3, 3.33
1747805693, 0, 748, 1348, 1344, 33, 9.75%, 208, 0, 3, 4.72
1747805725, 0, 749, 1348, 1344, 33, 9.75%, 208, 0, 3, 4.63
1747805756, 0, 750, 1348, 1344, 33, 9.75%, 208, 0, 3, 4.64
1747805787, 0, 752, 1348, 1344, 33, 9.75%, 208, 0, 3, 4.41
1747805819, 0, 753, 1348, 1344, 33, 9.75%, 208, 0, 3, 4.69
1747805860, 0, 754, 1348, 1344, 33, 9.75%, 208, 0, 3, 5.41
1747805887, 0, 755, 1348, 1344, 33, 9.75%, 208, 0, 3, 4.68
1747805898, 0, 755, 1349, 1345, 33, 9.75%, 208, 0, 3, 4.10
1747805956, 0, 756, 1349, 1345, 33, 9.75%, 208, 0, 3, 4.78
1747805983, 0, 757, 1349, 1345, 33, 9.75%, 208, 0, 3, 4.99
1747806014, 0, 759, 1349, 1345, 33, 9.75%, 208, 0, 3, 5.70
1747806045, 0, 760, 1349, 1345, 33, 9.75%, 208, 0, 3, 4.26
1747806056, 0, 760, 1350, 1346, 33, 9.75%, 208, 0, 3, 3.52
1747806114, 0, 760, 1350, 1346, 33, 9.75%, 209, 0, 3, 4.57
1747806119, 0, 763, 1350, 1346, 33, 9.75%, 209, 0, 3, 4.53
1747806150, 0, 764, 1350, 1346, 33, 9.75%, 209, 0, 3, 4.29
1747806186, 0, 765, 1350, 1346, 33, 9.75%, 209, 0, 3, 4.83
1747806218, 0, 766, 1350, 1346, 33, 9.75%, 209, 0, 3, 4.19
1747806250, 0, 767, 1350, 1346, 33, 9.75%, 209, 0, 3, 5.13
1747806276, 0, 768, 1350, 1346, 33, 9.75%, 209, 0, 3, 5.69
1747806307, 0, 769, 1350, 1346, 33, 9.75%, 209, 0, 3, 5.29
1747806339, 0, 771, 1350, 1346, 33, 9.75%, 209, 0, 3, 4.65
1747806365, 0, 772, 1350, 1346, 33, 9.75%, 209, 0, 3, 4.14
1747806397, 0, 773, 1350, 1346, 33, 9.75%, 209, 0, 3, 5.51
1747806429, 0, 774, 1350, 1346, 33, 9.75%, 209, 0, 3, 4.18
1747806460, 0, 777, 1350, 1346, 33, 9.75%, 209, 0, 3, 5.03
1747806492, 0, 778, 1350, 1346, 33, 9.75%, 209, 0, 3, 4.12
1747806497, 0, 778, 1350, 1346, 33, 9.75%, 210, 0, 3, 3.85
1747806523, 0, 779, 1350, 1346, 33, 9.75%, 210, 0, 3, 6.00
1747806555, 0, 780, 1350, 1346, 33, 9.75%, 210, 0, 3, 4.30
1747806591, 0, 781, 1350, 1346, 33, 9.75%, 210, 0, 3, 4.99
1747806623, 0, 783, 1350, 1346, 33, 9.75%, 210, 0, 3, 4.61
1747806653, 0, 784, 1350, 1346, 33, 9.75%, 210, 0, 3, 5.22
1747806685, 0, 785, 1350, 1346, 33, 9.75%, 210, 0, 3, 4.20
1747806700, 0, 785, 1351, 1347, 33, 9.75%, 210, 0, 3, 3.68
1747806757, 0, 786, 1351, 1347, 33, 9.75%, 210, 0, 3, 4.82
1747806762, 0, 786, 1352, 1348, 33, 9.75%, 210, 0, 3, 3.69
1747806830, 0, 787, 1352, 1348, 33, 9.75%, 210, 0, 3, 4.81
1747806861, 0, 788, 1352, 1348, 33, 9.75%, 210, 0, 3, 5.00
1747806892, 0, 789, 1352, 1348, 33, 9.75%, 210, 0, 3, 5.68
1747806918, 0, 789, 1352, 1348, 33, 9.75%, 211, 0, 3, 3.83
1747806923, 0, 790, 1352, 1348, 33, 9.75%, 211, 0, 3, 4.77
1747806939, 0, 790, 1352, 1348, 33, 9.75%, 212, 0, 3, 4.36
1747806955, 0, 792, 1352, 1348, 33, 9.75%, 212, 0, 3, 4.78
1747806977, 0, 792, 1352, 1348, 33, 9.75%, 213, 0, 3, 3.21
1747806987, 0, 793, 1352, 1348, 33, 9.75%, 214, 0, 3, 3.93
1747807019, 0, 794, 1353, 1349, 33, 9.75%, 214, 0, 3, 4.71
1747807088, 0, 795, 1353, 1349, 33, 9.75%, 214, 0, 3, 4.21
1747807120, 0, 796, 1353, 1349, 33, 9.75%, 214, 0, 3, 4.56
1747807157, 0, 797, 1353, 1349, 33, 9.75%, 214, 0, 3, 4.70
1747807182, 0, 798, 1353, 1349, 33, 9.75%, 214, 0, 3, 5.04
1747807198, 0, 798, 1354, 1350, 33, 9.75%, 214, 0, 3, 4.21
1747807230, 0, 798, 1355, 1351, 33, 9.75%, 214, 0, 3, 3.98
1747807331, 0, 800, 1355, 1351, 33, 9.75%, 214, 0, 3, 4.37
1747807357, 0, 801, 1355, 1351, 33, 9.75%, 214, 0, 3, 4.92
1747807394, 0, 802, 1355, 1351, 33, 9.75%, 214, 0, 3, 5.12
1747807419, 0, 803, 1355, 1351, 33, 9.75%, 214, 0, 3, 5.05
1747807425, 0, 803, 1355, 1351, 33, 9.75%, 215, 0, 3, 4.71
1747807451, 0, 804, 1355, 1351, 33, 9.75%, 215, 0, 3, 4.24
1747807462, 0, 804, 1356, 1352, 33, 9.75%, 215, 0, 3, 3.70
1747807524, 0, 805, 1356, 1352, 33, 9.75%, 215, 0, 3, 4.26
1747807556, 0, 806, 1356, 1352, 33, 9.75%, 215, 0, 3, 4.62
1747807587, 0, 807, 1356, 1352, 33, 9.75%, 215, 0, 3, 4.18
1747807619, 0, 808, 1356, 1352, 33, 9.75%, 215, 0, 3, 4.60
1747807650, 0, 809, 1356, 1352, 33, 9.75%, 215, 0, 3, 4.56
1747807682, 0, 810, 1356, 1352, 33, 9.75%, 215, 0, 3, 4.14
1747807719, 0, 811, 1356, 1352, 33, 9.75%, 215, 0, 3, 4.28
1747807750, 0, 812, 1356, 1352, 33, 9.75%, 215, 0, 3, 4.23
1747807777, 0, 813, 1356, 1352, 33, 9.75%, 215, 0, 3, 4.63
1747807809, 0, 814, 1356, 1352, 33, 9.75%, 215, 0, 3, 4.43
1747807845, 0, 815, 1356, 1352, 33, 9.75%, 215, 0, 3, 4.18
1747807877, 0, 816, 1356, 1352, 33, 9.75%, 216, 0, 3, 5.05
1747807882, 0, 816, 1356, 1352, 33, 9.75%, 217, 0, 3, 4.58
1747807908, 0, 817, 1356, 1352, 33, 9.75%, 217, 0, 3, 5.76
1747807929, 0, 818, 1356, 1352, 33, 9.75%, 217, 0, 3, 9.26
1747807940, 0, 818, 1356, 1352, 33, 9.75%, 218, 0, 3, 2.99
1747807966, 0, 820, 1356, 1352, 33, 9.75%, 218, 0, 3, 5.02
1747807992, 0, 821, 1356, 1352, 33, 9.75%, 218, 0, 3, 5.06
1747808023, 0, 822, 1356, 1352, 33, 9.75%, 218, 0, 3, 4.65
1747808049, 0, 823, 1356, 1352, 33, 9.75%, 218, 0, 3, 4.55
1747808080, 0, 824, 1356, 1352, 33, 9.75%, 218, 0, 3, 5.37
1747808107, 0, 825, 1356, 1352, 33, 9.75%, 218, 0, 3, 2.14
1747808138, 0, 828, 1356, 1352, 33, 9.75%, 218, 0, 3, 4.25
1747808170, 0, 829, 1356, 1352, 33, 9.75%, 218, 0, 3, 4.08
1747808206, 0, 830, 1356, 1352, 33, 9.75%, 218, 0, 3, 4.96
1747808232, 0, 831, 1356, 1352, 33, 9.75%, 218, 0, 3, 6.50
1747808237, 0, 831, 1357, 1353, 33, 9.75%, 218, 0, 3, 5.92
1747808289, 0, 832, 1357, 1353, 32, 9.75%, 218, 0, 3, 5.75
1747808320, 0, 833, 1357, 1353, 32, 9.75%, 218, 0, 3, 4.27
1747808351, 0, 835, 1357, 1353, 32, 9.75%, 218, 0, 3, 6.17
1747808377, 0, 838, 1357, 1353, 32, 9.75%, 218, 0, 3, 5.25
1747808399, 0, 838, 1357, 1353, 32, 9.75%, 219, 0, 3, 5.12
1747808409, 0, 840, 1357, 1353, 32, 9.75%, 219, 0, 3, 5.06
1747808435, 0, 841, 1357, 1353, 32, 9.75%, 219, 0, 3, 5.32
1747808471, 0, 842, 1357, 1353, 32, 9.75%, 219, 0, 3, 4.15
1747808502, 0, 843, 1357, 1353, 32, 9.75%, 219, 0, 3, 4.96
1747808539, 0, 844, 1357, 1353, 32, 9.75%, 219, 0, 3, 5.46
1747808565, 0, 845, 1357, 1353, 32, 9.75%, 219, 0, 3, 4.96
1747808602, 0, 847, 1357, 1353, 32, 9.75%, 219, 0, 3, 4.68
1747808628, 0, 848, 1357, 1353, 32, 9.75%, 219, 0, 3, 4.51
1747808659, 0, 850, 1357, 1353, 32, 9.75%, 219, 0, 3, 4.94
1747808690, 0, 851, 1357, 1353, 32, 9.75%, 219, 0, 3, 5.28
1747808716, 0, 852, 1357, 1353, 32, 9.75%, 219, 0, 3, 5.57
1747808754, 0, 855, 1357, 1353, 32, 9.75%, 219, 0, 3, 3.31
1747808770, 0, 855, 1357, 1353, 32, 9.75%, 220, 0, 3, 3.93
1747808785, 0, 856, 1357, 1353, 32, 9.75%, 220, 0, 3, 4.48
1747808817, 0, 857, 1357, 1353, 32, 9.75%, 220, 0, 3, 6.24
1747808848, 0, 858, 1357, 1353, 32, 9.75%, 220, 0, 3, 4.99
1747808874, 0, 860, 1357, 1353, 32, 9.75%, 220, 0, 3, 5.12
1747808906, 0, 861, 1357, 1353, 32, 9.75%, 220, 0, 3, 5.10
1747808938, 0, 862, 1357, 1353, 32, 9.75%, 220, 0, 3, 4.99
1747808954, 0, 862, 1358, 1354, 32, 9.75%, 220, 0, 3, 3.45
1747808969, 0, 862, 1359, 1355, 32, 9.75%, 220, 0, 3, 3.58
1747809085, 0, 863, 1359, 1355, 32, 9.75%, 220, 0, 3, 4.61
1747809116, 0, 865, 1359, 1355, 32, 9.75%, 220, 0, 3, 3.69
1747809136, 0, 865, 1359, 1355, 32, 9.75%, 222, 0, 3, 2.94
1747809152, 0, 866, 1359, 1355, 32, 9.75%, 222, 0, 3, 4.15
1747809178, 0, 867, 1359, 1355, 32, 9.75%, 222, 0, 3, 5.73
1747809209, 0, 868, 1359, 1355, 32, 9.75%, 222, 0, 3, 4.46
1747809236, 0, 869, 1359, 1355, 32, 9.75%, 222, 0, 3, 5.34
1747809267, 0, 870, 1359, 1355, 32, 9.75%, 222, 0, 3, 4.80
1747809298, 0, 872, 1359, 1355, 32, 9.75%, 222, 0, 3, 5.60
1747809324, 0, 873, 1359, 1355, 32, 9.75%, 222, 0, 3, 4.25
1747809355, 0, 874, 1359, 1355, 32, 9.75%, 222, 0, 3, 5.16
1747809386, 0, 875, 1359, 1355, 32, 9.75%, 222, 0, 3, 5.04
1747809418, 0, 876, 1359, 1355, 32, 9.75%, 223, 0, 3, 4.71
1747809450, 0, 881, 1359, 1355, 32, 9.75%, 223, 0, 3, 4.28
1747809482, 0, 883, 1359, 1355, 32, 9.75%, 223, 0, 3, 4.46
1747809503, 0, 883, 1359, 1355, 32, 9.75%, 224, 0, 3, 5.12
1747809514, 0, 884, 1359, 1355, 32, 9.75%, 224, 0, 3, 4.66
1747809545, 0, 885, 1359, 1355, 32, 9.75%, 224, 0, 3, 4.43
1747809576, 0, 886, 1359, 1355, 32, 9.75%, 224, 0, 3, 4.24
1747809608, 0, 888, 1359, 1355, 32, 9.75%, 224, 0, 3, 5.24
1747809634, 0, 888, 1360, 1356, 32, 9.75%, 224, 0, 3, 3.27
1747809677, 0, 889, 1360, 1356, 32, 9.75%, 224, 0, 3, 4.39
1747809714, 0, 890, 1360, 1356, 32, 9.75%, 224, 0, 3, 3.80
1747809740, 0, 890, 1360, 1356, 32, 9.75%, 225, 0, 3, 4.01
1747809745, 0, 892, 1360, 1356, 32, 9.75%, 225, 0, 3, 4.30
1747809776, 0, 893, 1360, 1356, 32, 9.75%, 225, 0, 3, 4.59
1747809782, 0, 893, 1360, 1356, 32, 9.75%, 226, 0, 3, 4.29
1747809808, 0, 894, 1360, 1356, 32, 9.75%, 226, 0, 3, 4.57
1747809840, 0, 895, 1360, 1356, 32, 9.75%, 226, 0, 3, 5.22
1747809866, 0, 896, 1360, 1356, 32, 9.75%, 226, 0, 3, 5.55
1747810146, 0, 896, 1361, 1357, 32, 9.75%, 226, 0, 3, 1.87
1747811348, 0, 896, 1362, 1358, 32, 9.75%, 226, 0, 3, 1.91
1747811631, 0, 896, 1363, 1359, 32, 9.75%, 226, 0, 3, 2.10
1747811856, 0, 897, 1363, 1358, 31, 9.75%, 226, 0, 3, 6.13
1747811887, 0, 898, 1363, 1358, 31, 9.75%, 226, 0, 3, 5.16
1747811918, 0, 899, 1363, 1358, 31, 9.75%, 226, 0, 3, 4.30
1747811949, 0, 900, 1363, 1358, 31, 9.75%, 226, 0, 3, 4.83
1747811981, 0, 902, 1363, 1358, 31, 9.75%, 226, 0, 3, 5.51
1747812012, 0, 903, 1363, 1358, 31, 9.75%, 226, 0, 3, 4.68
1747812044, 0, 905, 1363, 1358, 31, 9.75%, 226, 0, 3, 5.50
1747812080, 0, 907, 1363, 1358, 31, 9.75%, 226, 0, 3, 5.02
1747812111, 0, 908, 1363, 1358, 31, 9.75%, 226, 0, 3, 4.35
1747812143, 0, 909, 1363, 1358, 31, 9.75%, 226, 0, 3, 3.75
1747812179, 0, 911, 1363, 1358, 31, 9.75%, 226, 0, 3, 3.94
1747812211, 0, 912, 1363, 1358, 31, 9.75%, 226, 0, 3, 6.90
1747812238, 0, 913, 1363, 1358, 31, 9.75%, 226, 0, 3, 4.35
1747812270, 0, 915, 1363, 1358, 31, 9.75%, 226, 0, 3, 4.41
1747812301, 0, 917, 1363, 1358, 31, 9.75%, 226, 0, 3, 4.34
1747812333, 0, 918, 1363, 1358, 31, 9.75%, 226, 0, 3, 4.36
1747812354, 0, 918, 1363, 1358, 31, 9.75%, 227, 0, 3, 3.43
1747812369, 0, 919, 1363, 1358, 31, 9.75%, 227, 0, 3, 4.27
1747812396, 0, 919, 1363, 1358, 31, 9.75%, 228, 0, 3, 4.57
1747812401, 0, 920, 1363, 1358, 31, 9.75%, 228, 0, 3, 5.05
1747812437, 0, 921, 1363, 1358, 31, 9.75%, 228, 0, 3, 3.82
1747812453, 0, 921, 1363, 1358, 31, 9.75%, 229, 0, 3, 3.05
1747812478, 0, 922, 1363, 1358, 31, 9.75%, 229, 0, 3, 4.76
1747812510, 0, 923, 1363, 1358, 31, 9.75%, 229, 0, 3, 5.67
1747812536, 0, 924, 1363, 1358, 31, 9.75%, 229, 0, 3, 4.69
1747812552, 0, 924, 1363, 1358, 31, 9.75%, 230, 0, 3, 4.32
1747812563, 0, 924, 1364, 1359, 31, 9.75%, 230, 0, 3, 4.58
1747812600, 0, 926, 1364, 1359, 31, 9.75%, 230, 0, 3, 5.64
1747812625, 0, 927, 1364, 1359, 31, 9.75%, 230, 0, 3, 5.20
1747812636, 0, 927, 1364, 1359, 31, 9.75%, 231, 0, 3, 4.47
1747812657, 0, 928, 1364, 1359, 31, 9.75%, 231, 0, 3, 5.56
1747812683, 0, 930, 1364, 1359, 31, 9.75%, 231, 0, 3, 6.70
1747812714, 0, 931, 1364, 1359, 31, 9.75%, 231, 0, 3, 6.46
1747812730, 0, 931, 1365, 1360, 31, 9.76%, 231, 0, 3, 5.48
1747812756, 0, 932, 1365, 1360, 31, 9.76%, 231, 0, 3, 7.94
1747812772, 0, 933, 1365, 1360, 31, 9.76%, 231, 0, 3, 7.22
1747812793, 0, 934, 1365, 1360, 31, 9.76%, 231, 0, 3, 6.63
1747812813, 0, 935, 1365, 1360, 31, 9.76%, 231, 0, 3, 7.02
1747812834, 0, 936, 1365, 1360, 31, 9.76%, 231, 0, 3, 7.70
1747812850, 0, 936, 1365, 1360, 31, 9.76%, 232, 0, 3, 6.44
1747812855, 0, 937, 1365, 1360, 31, 9.76%, 232, 0, 3, 6.99
1747812870, 0, 938, 1365, 1360, 31, 9.76%, 232, 0, 3, 6.97
1747812876, 0, 938, 1366, 1361, 31, 9.76%, 232, 0, 3, 5.18
1747812911, 0, 939, 1366, 1361, 31, 9.76%, 232, 0, 3, 7.28
1747812927, 0, 940, 1366, 1361, 31, 9.76%, 232, 0, 3, 8.12
1747812932, 0, 940, 1367, 1362, 31, 9.76%, 232, 0, 3, 5.35
1747812937, 0, 940, 1367, 1362, 31, 9.76%, 233, 0, 3, 6.56
1747812973, 0, 942, 1367, 1362, 31, 9.76%, 233, 0, 3, 6.94
1747812989, 0, 943, 1367, 1362, 31, 9.76%, 233, 0, 3, 7.29
1747813009, 0, 944, 1367, 1362, 31, 9.76%, 233, 0, 3, 6.14
1747813668, 0, 944, 1368, 1363, 31, 9.76%, 233, 0, 3, 3.83
1747813853, 0, 944, 1369, 1364, 31, 9.76%, 233, 0, 3, 3.98
1747813904, 0, 945, 1369, 1363, 31, 9.76%, 233, 0, 3, 11.15
1747813925, 0, 947, 1369, 1363, 31, 9.76%, 233, 0, 3, 6.77
1747813940, 0, 948, 1369, 1363, 31, 9.76%, 233, 0, 3, 8.06
1747813961, 0, 949, 1369, 1363, 31, 9.76%, 233, 0, 3, 7.32
1747813966, 0, 949, 1370, 1364, 31, 9.76%, 233, 0, 3, 6.13
1747813987, 0, 949, 1370, 1364, 31, 9.76%, 234, 0, 3, 5.75
1747814007, 0, 950, 1370, 1364, 31, 9.76%, 234, 0, 3, 7.39
1747814023, 0, 951, 1370, 1364, 31, 9.76%, 234, 0, 3, 7.89
1747814044, 0, 952, 1370, 1364, 31, 9.76%, 234, 0, 3, 6.29
1747814059, 0, 953, 1370, 1364, 31, 9.76%, 234, 0, 3, 7.10
1747814075, 0, 954, 1370, 1364, 31, 9.76%, 234, 0, 3, 10.22
1747814096, 0, 955, 1370, 1364, 31, 9.76%, 234, 0, 3, 6.84
1747814112, 0, 956, 1370, 1364, 31, 9.76%, 234, 0, 3, 8.48
1747814127, 0, 957, 1370, 1364, 31, 9.76%, 234, 0, 3, 7.25
1747814148, 0, 958, 1370, 1364, 31, 9.76%, 234, 0, 3, 8.13
1747814164, 0, 961, 1370, 1364, 31, 9.76%, 234, 0, 3, 8.47
1747814184, 0, 962, 1370, 1364, 31, 9.76%, 234, 0, 3, 7.20
1747814200, 0, 963, 1370, 1364, 31, 9.76%, 234, 0, 3, 6.96
1747814220, 0, 964, 1370, 1364, 31, 9.76%, 234, 0, 3, 6.87
1747814236, 0, 966, 1370, 1364, 31, 9.76%, 234, 0, 3, 7.19
1747814246, 0, 966, 1371, 1365, 31, 9.76%, 234, 0, 3, 7.66
1747814277, 0, 967, 1371, 1365, 31, 9.76%, 234, 0, 3, 5.72
1747815010, 0, 967, 1372, 1366, 31, 9.76%, 234, 0, 3, 4.28
1747815046, 0, 967, 1373, 1367, 31, 9.76%, 234, 0, 3, 3.94
1747815051, 0, 967, 1374, 1368, 31, 9.76%, 234, 0, 3, 4.01
1747815056, 0, 967, 1375, 1369, 31, 9.76%, 234, 0, 3, 4.12
1747815103, 0, 968, 1375, 1368, 31, 9.76%, 234, 0, 3, 8.18
1747815118, 0, 969, 1375, 1368, 31, 9.76%, 234, 0, 3, 7.96
1747815144, 0, 970, 1375, 1368, 31, 9.76%, 234, 0, 3, 6.21
1747815160, 0, 972, 1375, 1368, 31, 9.76%, 234, 0, 3, 6.28
1747815171, 0, 972, 1375, 1368, 31, 9.76%, 235, 0, 3, 6.51
1747815181, 0, 974, 1375, 1368, 31, 9.76%, 235, 0, 3, 8.35
1747815201, 0, 975, 1375, 1368, 31, 9.76%, 235, 0, 3, 6.39
1747815222, 0, 976, 1375, 1368, 31, 9.76%, 235, 0, 3, 5.99
1747815243, 0, 977, 1375, 1368, 31, 9.76%, 235, 0, 3, 6.36
1747815264, 0, 978, 1375, 1368, 31, 9.76%, 235, 0, 3, 8.06
1747815280, 0, 980, 1375, 1368, 31, 9.76%, 235, 0, 3, 7.64
1747815300, 0, 982, 1375, 1368, 31, 9.76%, 235, 0, 3, 8.55
1747815316, 0, 984, 1375, 1368, 31, 9.76%, 235, 0, 3, 8.57
1747815331, 0, 985, 1375, 1368, 31, 9.76%, 235, 0, 3, 7.10
1747815352, 0, 987, 1375, 1368, 31, 9.76%, 235, 0, 3, 7.31
1747815367, 0, 988, 1375, 1368, 31, 9.76%, 235, 0, 3, 7.50
1747815388, 0, 989, 1375, 1368, 31, 9.76%, 235, 0, 3, 8.39
1747815404, 0, 990, 1375, 1368, 31, 9.76%, 235, 0, 3, 5.91
1747815420, 0, 991, 1375, 1368, 31, 9.76%, 235, 0, 3, 8.08
1747815441, 0, 992, 1375, 1368, 31, 9.76%, 235, 0, 3, 7.03
1747815456, 0, 993, 1375, 1368, 31, 9.76%, 235, 0, 3, 7.22
1747815472, 0, 993, 1376, 1369, 31, 9.76%, 235, 0, 3, 4.51
1747815504, 0, 994, 1376, 1369, 31, 9.76%, 235, 0, 3, 7.03
1747815519, 0, 995, 1376, 1369, 31, 9.76%, 235, 0, 3, 6.59
1747815540, 0, 996, 1376, 1369, 31, 9.76%, 235, 0, 3, 6.12
1747815555, 0, 997, 1376, 1369, 31, 9.76%, 235, 0, 3, 9.13
1747815576, 0, 998, 1376, 1369, 31, 9.76%, 235, 0, 3, 5.48
1747815596, 0, 999, 1376, 1369, 31, 9.76%, 235, 0, 3, 6.75
1747815612, 0, 1000, 1376, 1369, 31, 9.76%, 235, 0, 3, 8.27
1747815627, 0, 1001, 1376, 1369, 31, 9.76%, 235, 0, 3, 8.93
1747815633, 0, 1001, 1376, 1369, 31, 9.76%, 236, 0, 3, 7.54
1747815643, 0, 1001, 1376, 1369, 31, 9.76%, 237, 0, 3, 7.12
1747815648, 0, 1003, 1376, 1369, 31, 9.76%, 237, 0, 3, 8.76
1747815664, 0, 1004, 1376, 1369, 31, 9.76%, 237, 0, 3, 7.56
1747815685, 0, 1005, 1376, 1369, 31, 9.76%, 237, 0, 3, 7.74
1747815695, 0, 1005, 1377, 1370, 31, 9.76%, 237, 0, 3, 4.89
1747815715, 0, 1005, 1377, 1370, 31, 9.76%, 238, 0, 3, 6.43
1747815731, 0, 1008, 1377, 1370, 31, 9.76%, 238, 0, 3, 7.43
1747815747, 0, 1009, 1377, 1370, 31, 9.76%, 238, 0, 3, 7.02
1747815767, 0, 1010, 1377, 1370, 31, 9.76%, 238, 0, 3, 6.21
1747815788, 0, 1011, 1377, 1370, 31, 9.76%, 238, 0, 3, 8.33
1747815804, 0, 1012, 1377, 1370, 31, 9.76%, 238, 0, 3, 6.66
1747815824, 0, 1013, 1377, 1370, 31, 9.76%, 239, 0, 3, 7.07
1747815840, 0, 1014, 1377, 1370, 31, 9.76%, 239, 0, 3, 7.32
1747815860, 0, 1015, 1377, 1370, 31, 9.76%, 239, 0, 3, 8.60
1747815876, 0, 1016, 1377, 1370, 31, 9.76%, 239, 0, 3, 7.41
1747815881, 0, 1016, 1378, 1371, 31, 9.76%, 239, 0, 3, 7.61
1747815918, 0, 1017, 1378, 1371, 31, 9.76%, 239, 0, 3, 6.82
1747815938, 0, 1018, 1378, 1371, 31, 9.76%, 239, 0, 3, 8.85
1747815953, 0, 1019, 1378, 1371, 31, 9.76%, 239, 0, 3, 6.96
1747815974, 0, 1020, 1378, 1371, 31, 9.76%, 240, 0, 3, 7.13
1747815990, 0, 1022, 1378, 1371, 31, 9.76%, 240, 0, 3, 7.32
1747816011, 0, 1023, 1378, 1371, 31, 9.76%, 240, 0, 3, 8.51
1747816026, 0, 1024, 1378, 1371, 31, 9.76%, 240, 0, 3, 8.33
1747816047, 0, 1025, 1378, 1371, 31, 9.76%, 240, 0, 3, 5.77
1747816068, 0, 1026, 1378, 1371, 31, 9.76%, 240, 0, 3, 7.62
1747816088, 0, 1027, 1378, 1371, 31, 9.76%, 240, 0, 3, 6.94
1747816108, 0, 1028, 1378, 1371, 31, 9.76%, 240, 0, 3, 6.09
1747816129, 0, 1030, 1378, 1371, 31, 9.76%, 240, 0, 3, 6.49
1747816150, 0, 1032, 1378, 1371, 31, 9.76%, 240, 0, 3, 5.58
1747816170, 0, 1032, 1379, 1372, 31, 9.76%, 240, 0, 3, 4.31
1747816196, 0, 1032, 1380, 1373, 31, 9.76%, 240, 0, 3, 3.82
