# unix_time, cycles_done, cur_path, paths_total, pending_total, pending_favs, map_size, unique_crashes, unique_hangs, max_depth, execs_per_sec
1747817486, 0, 0, 1, 1, 1, 3.78%, 0, 0, 1, 91.95
1747817491, 0, 0, 34, 34, 1, 4.75%, 0, 0, 2, 85.99
1747817496, 0, 0, 56, 56, 1, 4.98%, 0, 0, 2, 85.00
1747817501, 0, 0, 66, 66, 1, 5.01%, 0, 0, 2, 86.58
1747817506, 0, 0, 70, 70, 1, 5.01%, 0, 0, 2, 88.93
1747817511, 0, 0, 72, 72, 1, 5.02%, 0, 0, 2, 91.94
1747817517, 0, 0, 77, 77, 1, 5.04%, 0, 0, 2, 80.65
1747817522, 0, 0, 79, 79, 1, 5.04%, 0, 0, 2, 59.71
1747817527, 0, 0, 83, 83, 1, 5.04%, 0, 0, 2, 52.99
1747817532, 0, 0, 85, 85, 1, 5.04%, 0, 0, 2, 53.70
1747817537, 0, 0, 87, 87, 1, 5.04%, 0, 0, 2, 53.68
1747817542, 0, 0, 88, 88, 1, 5.04%, 0, 0, 2, 54.19
1747817547, 0, 0, 89, 89, 1, 5.04%, 0, 0, 2, 53.85
1747817552, 0, 0, 91, 91, 1, 5.04%, 0, 0, 2, 53.09
1747817557, 0, 0, 92, 92, 1, 5.04%, 0, 0, 2, 54.46
1747817562, 0, 0, 93, 93, 1, 5.04%, 0, 0, 2, 54.09
1747817567, 0, 0, 95, 95, 1, 5.04%, 0, 0, 2, 52.53
1747817578, 0, 0, 96, 96, 1, 5.04%, 0, 0, 2, 54.37
1747817583, 0, 0, 97, 97, 1, 5.04%, 0, 0, 2, 54.10
1747817588, 0, 0, 98, 98, 1, 5.04%, 0, 0, 2, 54.44
1747817613, 0, 0, 99, 99, 1, 5.06%, 0, 0, 2, 53.62
1747817623, 0, 0, 101, 101, 1, 5.06%, 0, 0, 2, 53.22
1747817633, 0, 0, 102, 102, 1, 5.06%, 0, 0, 2, 53.85
1747817643, 0, 0, 103, 103, 1, 5.06%, 0, 0, 2, 53.61
1747817654, 0, 0, 104, 104, 1, 5.06%, 0, 0, 2, 53.74
1747817659, 0, 0, 105, 105, 1, 5.06%, 0, 0, 2, 53.09
1747817664, 0, 0, 107, 107, 1, 5.06%, 0, 0, 2, 52.97
1747817669, 0, 0, 108, 108, 1, 5.06%, 0, 0, 2, 54.02
1747817674, 0, 0, 110, 110, 1, 5.06%, 0, 0, 2, 52.67
1747817684, 0, 0, 113, 113, 1, 5.06%, 0, 0, 2, 52.53
1747817689, 0, 0, 115, 115, 1, 5.06%, 0, 0, 2, 52.39
1747817694, 0, 0, 116, 116, 1, 5.06%, 0, 0, 2, 53.98
1747817709, 0, 0, 118, 118, 1, 5.06%, 0, 0, 2, 52.95
1747817720, 0, 0, 120, 120, 1, 5.06%, 0, 0, 2, 53.33
1747817725, 0, 0, 121, 121, 1, 5.06%, 0, 0, 2, 53.93
1747817730, 0, 0, 123, 123, 1, 5.06%, 0, 0, 2, 53.38
1747817740, 0, 0, 125, 125, 1, 5.06%, 0, 0, 2, 53.79
1747817755, 0, 0, 126, 126, 1, 5.06%, 0, 0, 2, 53.43
1747817791, 0, 1, 128, 127, 9, 5.06%, 0, 0, 2, 52.34
1747817796, 0, 1, 139, 138, 9, 5.06%, 0, 0, 2, 39.52
1747817801, 0, 1, 151, 150, 9, 5.07%, 0, 0, 2, 36.80
1747817806, 0, 1, 161, 160, 9, 5.07%, 0, 0, 2, 35.93
1747817811, 0, 1, 172, 171, 9, 5.07%, 0, 0, 2, 35.60
1747817816, 0, 1, 181, 180, 9, 5.07%, 0, 0, 2, 35.28
1747817821, 0, 1, 191, 190, 9, 5.07%, 0, 0, 2, 35.38
1747817826, 0, 1, 200, 199, 9, 5.07%, 0, 0, 2, 35.85
1747817831, 0, 1, 207, 206, 9, 5.07%, 0, 0, 2, 36.29
1747817837, 0, 1, 214, 213, 9, 5.08%, 0, 0, 2, 35.85
1747817842, 0, 1, 223, 222, 9, 5.08%, 0, 0, 2, 34.96
1747817847, 0, 1, 230, 229, 9, 5.08%, 0, 0, 2, 35.86
1747817852, 0, 1, 235, 234, 9, 5.08%, 0, 0, 2, 36.84
1747817857, 0, 1, 242, 241, 9, 5.08%, 0, 0, 2, 36.00
1747817862, 0, 1, 249, 248, 9, 5.08%, 0, 0, 2, 35.49
1747817867, 0, 1, 251, 250, 9, 5.08%, 0, 0, 2, 37.35
1747817872, 0, 1, 257, 256, 9, 5.08%, 0, 0, 2, 36.29
1747817877, 0, 1, 259, 258, 9, 5.08%, 0, 0, 2, 37.47
1747817882, 0, 1, 262, 261, 9, 5.08%, 0, 0, 2, 37.48
1747817888, 0, 1, 264, 263, 9, 5.08%, 0, 0, 2, 37.99
1747817893, 0, 1, 266, 265, 9, 5.08%, 0, 0, 2, 37.84
1747817898, 0, 1, 268, 267, 9, 5.08%, 0, 0, 2, 37.91
1747817903, 0, 1, 269, 268, 9, 5.08%, 0, 0, 2, 38.18
1747817908, 0, 1, 273, 272, 9, 5.08%, 0, 0, 2, 36.92
1747817913, 0, 1, 277, 276, 9, 5.08%, 0, 0, 2, 36.55
1747817923, 0, 1, 278, 277, 9, 5.08%, 0, 0, 2, 38.01
1747817928, 0, 1, 281, 280, 9, 5.08%, 0, 0, 2, 37.18
1747817933, 0, 1, 283, 282, 9, 5.08%, 0, 0, 2, 37.75
1747817939, 0, 2, 289, 288, 11, 5.11%, 0, 0, 2, 32.90
1747817944, 0, 2, 299, 298, 11, 5.11%, 0, 0, 2, 29.78
1747817949, 0, 2, 306, 305, 11, 5.11%, 0, 0, 2, 28.88
1747817954, 0, 2, 315, 314, 11, 5.11%, 0, 0, 2, 28.02
1747817959, 0, 2, 320, 319, 11, 5.11%, 0, 0, 2, 28.68
1747817964, 0, 2, 325, 324, 11, 5.11%, 0, 0, 2, 28.92
1747817969, 0, 2, 328, 327, 11, 5.12%, 0, 0, 2, 29.36
1747817974, 0, 2, 333, 332, 11, 5.12%, 0, 0, 2, 29.34
1747817979, 0, 2, 337, 336, 11, 5.12%, 0, 0, 2, 29.26
1747817984, 0, 2, 340, 339, 11, 5.12%, 0, 0, 2, 29.56
1747817990, 0, 2, 342, 341, 11, 5.12%, 0, 0, 2, 29.31
1747817995, 0, 2, 347, 346, 11, 5.12%, 0, 0, 2, 29.05
1747818000, 0, 2, 350, 349, 11, 5.12%, 0, 0, 2, 28.52
1747818005, 0, 2, 354, 353, 11, 5.12%, 0, 0, 2, 28.77
1747818010, 0, 2, 357, 356, 11, 5.12%, 0, 0, 2, 29.80
1747818015, 0, 2, 360, 359, 11, 5.12%, 0, 0, 2, 29.19
1747818020, 0, 2, 365, 364, 11, 5.12%, 0, 0, 2, 29.27
1747818025, 0, 2, 368, 367, 11, 5.12%, 0, 0, 2, 29.56
1747818030, 0, 2, 370, 369, 11, 5.13%, 0, 0, 2, 29.87
1747818035, 0, 2, 374, 373, 11, 5.13%, 0, 0, 2, 29.93
1747818046, 0, 2, 379, 378, 11, 5.13%, 0, 0, 2, 28.79
1747818051, 0, 2, 380, 379, 11, 5.13%, 0, 0, 2, 29.69
1747818056, 0, 2, 383, 382, 11, 5.13%, 0, 0, 2, 28.94
1747818061, 0, 2, 385, 384, 11, 5.13%, 0, 0, 2, 29.18
1747818066, 0, 2, 387, 386, 11, 5.13%, 0, 0, 2, 28.99
1747818071, 0, 2, 388, 387, 11, 5.13%, 0, 0, 2, 29.74
1747818076, 0, 2, 391, 390, 11, 5.14%, 0, 0, 2, 29.37
1747818102, 0, 2, 393, 392, 11, 5.14%, 0, 0, 2, 28.92
1747818107, 0, 4, 394, 393, 8, 5.14%, 0, 0, 2, 29.27
1747818112, 0, 4, 397, 396, 8, 5.14%, 0, 0, 2, 27.93
1747818117, 0, 4, 399, 398, 8, 5.17%, 0, 0, 2, 28.28
1747818122, 0, 4, 404, 403, 8, 5.18%, 0, 0, 2, 28.12
1747818127, 0, 4, 407, 406, 8, 5.18%, 0, 0, 2, 27.41
1747818132, 0, 4, 410, 409, 8, 5.18%, 0, 0, 2, 27.26
1747818137, 0, 4, 413, 412, 8, 5.18%, 0, 0, 2, 27.32
1747818142, 0, 4, 415, 414, 8, 5.19%, 0, 0, 2, 27.42
1747818148, 0, 4, 417, 416, 8, 5.19%, 0, 0, 2, 27.46
1747818153, 0, 4, 419, 418, 8, 5.19%, 0, 0, 2, 27.88
1747818158, 0, 4, 420, 419, 8, 5.19%, 0, 0, 2, 27.53
1747818163, 0, 4, 422, 421, 8, 5.19%, 0, 0, 2, 27.55
1747818168, 0, 4, 423, 422, 8, 5.19%, 0, 0, 2, 28.12
1747818178, 0, 4, 425, 424, 8, 5.19%, 0, 0, 2, 27.71
1747818184, 0, 4, 427, 426, 8, 5.19%, 0, 0, 2, 27.53
1747818189, 0, 4, 429, 428, 8, 5.19%, 0, 0, 2, 27.44
1747818194, 0, 4, 430, 429, 8, 5.19%, 0, 0, 2, 28.01
1747818204, 0, 4, 432, 431, 8, 5.19%, 0, 0, 2, 28.03
1747818209, 0, 4, 433, 432, 8, 5.19%, 0, 0, 2, 28.10
1747818214, 0, 4, 434, 433, 8, 5.19%, 0, 0, 2, 27.38
1747818220, 0, 4, 435, 434, 8, 5.19%, 0, 0, 2, 27.61
1747818235, 0, 4, 437, 436, 8, 5.19%, 0, 0, 2, 27.85
1747818240, 0, 4, 438, 437, 8, 5.19%, 0, 0, 2, 27.22
1747818246, 0, 4, 440, 439, 8, 5.19%, 0, 0, 2, 26.97
1747818251, 0, 4, 441, 440, 8, 5.19%, 0, 0, 2, 27.71
1747818271, 0, 5, 441, 440, 12, 5.19%, 0, 0, 2, 28.66
1747818276, 0, 6, 441, 440, 12, 5.19%, 0, 0, 2, 28.83
1747818281, 0, 7, 444, 443, 12, 5.19%, 0, 0, 2, 27.49
1747818287, 0, 7, 445, 444, 12, 5.19%, 0, 0, 2, 27.67
1747818292, 0, 7, 446, 445, 12, 5.19%, 0, 0, 2, 27.29
1747818297, 0, 7, 448, 447, 12, 5.19%, 0, 0, 2, 26.66
1747818307, 0, 7, 449, 448, 12, 5.19%, 0, 0, 2, 26.69
1747818312, 0, 7, 450, 449, 12, 5.19%, 0, 0, 2, 26.82
1747818322, 0, 7, 451, 450, 12, 5.19%, 0, 0, 2, 26.93
1747818332, 0, 7, 453, 452, 12, 5.19%, 0, 0, 2, 26.65
1747818337, 0, 7, 456, 455, 12, 5.22%, 0, 0, 2, 26.75
1747818342, 0, 7, 458, 457, 12, 5.22%, 0, 0, 2, 27.16
1747818352, 0, 7, 460, 459, 12, 5.22%, 0, 0, 2, 26.97
1747818383, 0, 7, 461, 460, 12, 5.22%, 0, 0, 2, 27.27
1747818403, 0, 7, 462, 461, 12, 5.22%, 0, 0, 2, 27.00
1747818434, 0, 7, 463, 462, 12, 5.22%, 0, 0, 2, 26.90
1747818439, 0, 8, 465, 464, 11, 5.22%, 0, 0, 2, 27.03
1747818459, 0, 10, 467, 466, 11, 5.22%, 0, 0, 2, 26.20
1747818464, 0, 10, 468, 467, 11, 5.22%, 0, 0, 2, 25.79
1747818470, 0, 10, 471, 470, 11, 5.22%, 0, 0, 2, 25.04
1747818480, 0, 10, 472, 471, 11, 5.22%, 0, 0, 2, 25.49
1747818485, 0, 10, 474, 473, 11, 5.22%, 0, 0, 2, 25.63
1747818490, 0, 10, 475, 474, 11, 5.22%, 0, 0, 2, 26.19
1747818495, 0, 10, 476, 475, 11, 5.22%, 0, 0, 2, 26.08
1747818510, 0, 10, 477, 476, 11, 5.22%, 0, 0, 2, 25.67
1747818516, 0, 10, 478, 477, 11, 5.22%, 0, 0, 2, 26.01
1747818536, 0, 10, 479, 478, 11, 5.22%, 0, 0, 2, 25.53
1747818547, 0, 10, 480, 479, 11, 5.22%, 0, 0, 2, 25.69
1747818572, 0, 10, 481, 480, 11, 5.22%, 0, 0, 2, 26.24
1747818587, 0, 10, 482, 481, 11, 5.22%, 0, 0, 2, 25.57
1747818592, 0, 10, 483, 482, 11, 5.22%, 0, 0, 2, 25.80
1747818608, 0, 10, 484, 483, 11, 5.22%, 0, 0, 2, 25.86
1747818618, 0, 11, 485, 484, 11, 5.22%, 0, 0, 2, 26.21
1747818623, 0, 12, 485, 484, 11, 5.22%, 0, 0, 2, 27.88
1747818628, 0, 12, 486, 485, 11, 5.22%, 0, 0, 2, 27.09
1747818634, 0, 12, 487, 486, 11, 5.22%, 0, 0, 2, 27.05
1747818644, 0, 12, 488, 487, 11, 5.22%, 0, 0, 2, 26.94
1747818649, 0, 12, 492, 491, 11, 5.23%, 0, 0, 2, 27.12
1747818654, 0, 12, 494, 493, 11, 5.23%, 0, 0, 2, 27.30
1747818659, 0, 12, 496, 495, 11, 5.23%, 0, 0, 2, 27.09
1747818664, 0, 12, 497, 496, 11, 5.23%, 0, 0, 2, 26.99
1747818669, 0, 12, 499, 498, 11, 5.23%, 0, 0, 2, 26.85
1747818674, 0, 12, 502, 501, 11, 5.23%, 0, 0, 2, 26.84
1747818680, 0, 12, 504, 503, 11, 5.23%, 0, 0, 2, 26.52
1747818690, 0, 12, 506, 505, 11, 5.23%, 0, 0, 2, 26.88
1747818710, 0, 12, 507, 506, 11, 5.23%, 0, 0, 2, 26.83
1747818715, 0, 12, 508, 507, 11, 5.23%, 0, 0, 2, 26.74
1747818741, 0, 12, 509, 508, 11, 5.23%, 0, 0, 2, 26.88
1747818746, 0, 12, 511, 510, 11, 5.23%, 0, 0, 2, 26.93
1747818751, 0, 12, 512, 511, 11, 5.23%, 0, 0, 2, 26.84
1747818756, 0, 12, 514, 513, 11, 5.25%, 0, 0, 2, 27.02
1747818761, 0, 12, 516, 515, 11, 5.25%, 0, 0, 2, 26.70
1747818767, 0, 12, 518, 517, 11, 5.25%, 0, 0, 2, 26.82
1747818772, 0, 12, 520, 519, 11, 5.25%, 0, 0, 2, 26.53
1747818782, 0, 12, 521, 520, 11, 5.25%, 0, 0, 2, 27.17
1747818787, 0, 15, 521, 520, 12, 5.25%, 0, 0, 2, 26.78
1747818792, 0, 15, 522, 521, 12, 5.25%, 0, 0, 2, 26.36
1747818797, 0, 15, 523, 522, 12, 5.25%, 0, 0, 2, 26.18
1747818807, 0, 15, 525, 524, 12, 5.25%, 0, 0, 2, 26.21
1747818818, 0, 15, 526, 525, 12, 5.25%, 0, 0, 2, 26.13
1747818828, 0, 15, 527, 526, 12, 5.25%, 0, 0, 2, 25.96
1747818838, 0, 15, 528, 527, 12, 5.25%, 0, 0, 2, 26.00
1747818843, 0, 15, 529, 528, 12, 5.25%, 0, 0, 2, 26.05
1747818874, 0, 15, 530, 529, 12, 5.25%, 0, 0, 2, 25.75
1747818890, 0, 15, 531, 530, 12, 5.25%, 0, 0, 2, 26.29
1747818905, 0, 15, 532, 531, 12, 5.25%, 0, 0, 2, 26.05
1747818910, 0, 15, 533, 532, 12, 5.25%, 0, 0, 2, 26.06
1747818931, 0, 15, 534, 533, 12, 5.25%, 0, 0, 2, 26.07
1747818952, 0, 16, 536, 535, 10, 5.25%, 0, 0, 2, 25.66
1747818962, 0, 16, 537, 536, 10, 5.25%, 0, 0, 2, 24.75
1747818967, 0, 16, 538, 537, 10, 5.25%, 0, 0, 2, 25.02
1747818972, 0, 16, 540, 539, 10, 5.25%, 0, 0, 2, 25.21
1747818977, 0, 16, 543, 542, 10, 5.25%, 0, 0, 2, 25.42
1747818982, 0, 16, 545, 544, 10, 5.25%, 0, 0, 2, 24.95
1747818987, 0, 16, 546, 545, 10, 5.25%, 0, 0, 2, 25.17
1747818992, 0, 16, 547, 546, 10, 5.25%, 0, 0, 2, 24.72
1747819003, 0, 16, 548, 547, 10, 5.25%, 0, 0, 2, 25.33
1747819008, 0, 16, 550, 549, 10, 5.25%, 0, 0, 2, 24.93
1747819018, 0, 16, 551, 550, 10, 5.25%, 0, 0, 2, 25.37
1747819038, 0, 16, 553, 552, 10, 5.25%, 0, 0, 2, 24.33
1747819049, 0, 16, 554, 553, 10, 5.25%, 0, 0, 2, 25.32
1747819069, 0, 16, 555, 554, 10, 5.25%, 0, 0, 2, 25.42
1747819090, 0, 16, 556, 555, 10, 5.25%, 0, 0, 2, 25.43
1747819116, 0, 17, 556, 555, 11, 5.25%, 0, 0, 2, 25.27
1747819121, 0, 18, 556, 555, 11, 5.25%, 0, 0, 2, 24.71
1747819126, 0, 18, 560, 559, 11, 5.71%, 0, 0, 2, 23.54
1747819131, 0, 18, 561, 560, 11, 5.71%, 0, 0, 2, 23.56
1747819141, 0, 18, 562, 561, 11, 5.71%, 0, 0, 2, 24.00
1747819146, 0, 18, 564, 563, 11, 5.71%, 0, 0, 2, 23.76
1747819151, 0, 18, 565, 564, 11, 5.71%, 0, 0, 2, 23.64
1747819156, 0, 18, 566, 565, 11, 5.72%, 0, 0, 2, 23.67
1747819161, 0, 18, 567, 566, 11, 5.72%, 0, 0, 2, 23.52
1747819172, 0, 18, 568, 567, 11, 5.72%, 0, 0, 2, 23.93
1747819182, 0, 18, 569, 568, 11, 5.85%, 0, 0, 2, 23.87
1747819187, 0, 18, 570, 569, 11, 5.85%, 0, 0, 2, 23.89
1747819197, 0, 18, 571, 570, 11, 5.85%, 0, 0, 2, 23.93
1747819207, 0, 18, 573, 572, 11, 5.85%, 0, 0, 2, 23.70
1747819228, 0, 18, 574, 573, 11, 5.85%, 0, 0, 2, 24.16
1747819244, 0, 18, 575, 574, 11, 5.85%, 0, 0, 2, 23.74
1747819249, 0, 18, 577, 576, 11, 5.85%, 0, 0, 2, 23.68
1747819259, 0, 18, 578, 577, 11, 5.85%, 0, 0, 2, 23.98
1747819269, 0, 18, 579, 578, 11, 5.85%, 0, 0, 2, 24.17
1747819284, 0, 18, 580, 579, 11, 5.85%, 0, 0, 2, 24.15
1747819300, 0, 19, 580, 579, 11, 5.85%, 0, 0, 2, 24.10
1747819305, 0, 19, 581, 580, 11, 5.85%, 0, 0, 2, 22.95
1747819310, 0, 19, 584, 583, 11, 5.85%, 0, 0, 2, 23.13
1747819315, 0, 19, 588, 587, 11, 5.85%, 0, 0, 2, 22.33
1747819320, 0, 19, 590, 589, 11, 5.85%, 0, 0, 2, 22.90
1747819326, 0, 19, 592, 591, 11, 5.85%, 0, 0, 2, 23.06
1747819336, 0, 19, 594, 593, 11, 5.85%, 0, 0, 2, 23.05
1747819341, 0, 19, 596, 595, 11, 5.85%, 0, 0, 2, 23.03
1747819346, 0, 19, 597, 596, 11, 5.85%, 0, 0, 2, 23.16
1747819351, 0, 19, 598, 597, 11, 5.85%, 0, 0, 2, 22.96
1747819361, 0, 19, 599, 598, 11, 5.85%, 0, 0, 2, 23.00
1747819387, 0, 19, 600, 599, 11, 5.85%, 0, 0, 2, 23.06
1747819392, 0, 19, 601, 600, 11, 5.85%, 0, 0, 2, 23.04
1747819397, 0, 19, 604, 603, 11, 5.85%, 0, 0, 2, 21.98
1747819413, 0, 19, 605, 604, 11, 5.85%, 0, 0, 2, 23.14
1747819418, 0, 19, 606, 605, 11, 5.85%, 0, 0, 2, 23.00
1747819423, 0, 19, 608, 607, 11, 5.85%, 0, 0, 2, 22.60
1747819433, 0, 19, 609, 608, 11, 5.85%, 0, 0, 2, 22.99
1747819454, 0, 19, 610, 609, 11, 5.85%, 0, 0, 2, 22.73
1747819459, 0, 19, 611, 610, 11, 5.85%, 0, 0, 2, 22.98
1747819464, 0, 19, 612, 611, 11, 5.85%, 0, 0, 2, 22.88
1747819474, 0, 19, 613, 612, 11, 5.85%, 0, 0, 2, 22.87
1747819494, 0, 20, 616, 615, 14, 5.86%, 0, 0, 2, 22.12
1747819499, 0, 20, 619, 618, 14, 5.86%, 0, 0, 2, 21.75
1747819505, 0, 20, 621, 620, 14, 5.86%, 0, 0, 2, 21.84
1747819510, 0, 20, 623, 622, 14, 5.86%, 0, 0, 2, 21.58
1747819515, 0, 20, 624, 623, 14, 5.86%, 0, 0, 2, 21.87
1747819520, 0, 20, 626, 625, 14, 5.86%, 0, 0, 2, 21.36
1747819530, 0, 20, 628, 627, 14, 5.86%, 0, 0, 2, 21.88
1747819535, 0, 20, 631, 630, 14, 5.88%, 0, 0, 2, 21.64
1747819540, 0, 20, 633, 632, 14, 5.88%, 0, 0, 2, 21.78
1747819545, 0, 20, 635, 634, 14, 5.88%, 0, 0, 2, 21.65
1747819555, 0, 20, 636, 635, 14, 5.88%, 0, 0, 2, 21.63
1747819560, 0, 20, 637, 636, 14, 5.88%, 0, 0, 2, 21.42
1747819565, 0, 20, 638, 637, 14, 5.88%, 0, 0, 2, 21.80
1747819570, 0, 20, 639, 638, 14, 5.88%, 0, 0, 2, 21.66
1747819576, 0, 20, 640, 639, 14, 5.88%, 0, 0, 2, 21.59
1747819581, 0, 20, 641, 640, 14, 5.88%, 0, 0, 2, 21.62
1747819586, 0, 20, 644, 643, 14, 5.88%, 0, 0, 2, 21.71
1747819596, 0, 20, 646, 645, 14, 5.89%, 0, 0, 2, 21.55
1747819601, 0, 20, 647, 646, 14, 5.89%, 0, 0, 2, 21.48
1747819611, 0, 20, 649, 648, 14, 5.89%, 0, 0, 2, 21.28
1747819616, 0, 20, 650, 649, 14, 5.89%, 0, 0, 2, 21.71
1747819626, 0, 20, 652, 651, 14, 5.89%, 0, 0, 2, 21.43
1747819636, 0, 20, 653, 652, 14, 5.89%, 0, 0, 2, 21.88
1747819646, 0, 20, 654, 653, 14, 5.89%, 0, 0, 2, 21.80
1747819662, 0, 20, 655, 654, 14, 5.89%, 0, 0, 2, 21.51
1747819672, 0, 20, 656, 655, 14, 5.89%, 0, 0, 2, 21.73
1747819682, 0, 20, 658, 657, 14, 5.89%, 0, 0, 2, 21.77
1747819687, 0, 20, 660, 659, 14, 5.89%, 0, 0, 2, 21.41
1747819697, 0, 21, 660, 659, 12, 5.89%, 0, 0, 2, 22.55
1747819702, 0, 21, 661, 660, 12, 5.89%, 0, 0, 2, 25.38
1747819707, 0, 23, 661, 660, 12, 5.89%, 0, 0, 2, 25.12
1747819712, 0, 23, 664, 663, 12, 5.89%, 0, 0, 2, 21.79
1747819717, 0, 23, 666, 665, 12, 5.89%, 0, 0, 2, 20.91
1747819722, 0, 23, 668, 667, 12, 5.89%, 0, 0, 2, 20.66
1747819728, 0, 23, 669, 668, 12, 5.89%, 0, 0, 2, 20.74
1747819733, 0, 23, 671, 670, 12, 5.89%, 0, 0, 2, 20.83
1747819743, 0, 23, 674, 673, 12, 5.89%, 0, 0, 2, 20.77
1747819754, 0, 23, 678, 677, 12, 5.89%, 0, 0, 2, 20.54
1747819764, 0, 23, 680, 679, 12, 5.89%, 0, 0, 2, 20.58
1747819774, 0, 23, 681, 680, 12, 5.89%, 0, 0, 2, 20.90
1747819784, 0, 23, 682, 681, 12, 5.89%, 0, 0, 2, 20.96
1747819789, 0, 23, 685, 684, 12, 5.89%, 0, 0, 2, 20.75
1747819795, 0, 23, 686, 685, 12, 5.89%, 0, 0, 2, 20.50
1747819810, 0, 23, 687, 686, 12, 5.89%, 0, 0, 2, 20.66
1747819815, 0, 23, 689, 688, 12, 5.89%, 0, 0, 2, 20.60
1747819836, 0, 23, 690, 689, 12, 5.89%, 0, 0, 2, 20.58
1747819841, 0, 23, 691, 690, 12, 5.89%, 0, 0, 2, 20.73
1747819861, 0, 23, 692, 691, 12, 5.89%, 0, 0, 2, 20.91
1747819867, 0, 23, 693, 692, 12, 5.89%, 0, 0, 2, 20.76
1747819882, 0, 23, 694, 693, 12, 5.89%, 0, 0, 2, 20.81
1747819893, 0, 23, 695, 694, 12, 5.89%, 0, 0, 2, 21.00
1747819913, 0, 23, 696, 695, 12, 5.89%, 0, 0, 2, 20.71
1747819918, 0, 24, 697, 696, 12, 5.89%, 0, 0, 2, 21.27
1747819924, 0, 25, 697, 696, 12, 5.89%, 0, 0, 2, 23.51
1747819929, 0, 25, 698, 697, 12, 5.89%, 0, 0, 2, 25.92
1747819934, 0, 26, 699, 698, 12, 5.90%, 0, 0, 2, 25.28
1747819949, 0, 27, 702, 701, 13, 5.98%, 0, 0, 2, 22.61
1747819954, 0, 27, 703, 702, 13, 5.98%, 0, 0, 2, 22.43
1747819959, 0, 27, 704, 703, 13, 5.98%, 0, 0, 2, 22.40
1747819964, 0, 27, 706, 705, 13, 5.98%, 0, 0, 2, 22.34
1747819970, 0, 27, 707, 706, 13, 5.98%, 0, 0, 2, 22.51
1747820036, 0, 27, 709, 708, 13, 5.98%, 0, 0, 2, 22.35
1747820083, 0, 27, 710, 709, 13, 5.98%, 0, 0, 2, 22.27
1747820134, 0, 28, 712, 711, 15, 5.99%, 0, 0, 2, 20.57
1747820145, 0, 28, 713, 712, 15, 5.99%, 0, 0, 2, 19.77
1747820155, 0, 28, 715, 714, 15, 5.99%, 0, 0, 2, 19.44
1747820160, 0, 28, 716, 715, 15, 5.99%, 0, 0, 2, 19.68
1747820165, 0, 28, 718, 717, 15, 5.99%, 0, 0, 2, 19.53
1747820175, 0, 28, 719, 718, 15, 5.99%, 0, 0, 2, 19.57
1747820180, 0, 28, 720, 719, 15, 5.99%, 0, 0, 2, 19.53
1747820191, 0, 28, 722, 721, 15, 5.99%, 0, 0, 2, 19.39
1747820201, 0, 28, 723, 722, 15, 5.99%, 0, 0, 2, 19.47
1747820221, 0, 28, 724, 723, 15, 5.99%, 0, 0, 2, 19.44
1747820232, 0, 28, 726, 725, 15, 5.99%, 0, 0, 2, 19.27
1747820257, 0, 28, 727, 726, 15, 5.99%, 0, 0, 2, 19.51
1747820267, 0, 28, 728, 727, 15, 5.99%, 0, 0, 2, 19.33
1747820272, 0, 28, 729, 728, 15, 5.99%, 0, 0, 2, 19.26
1747820277, 0, 28, 730, 729, 15, 5.99%, 0, 0, 2, 19.43
1747820282, 0, 28, 731, 730, 15, 5.99%, 0, 0, 2, 19.33
1747820293, 0, 28, 732, 731, 15, 5.99%, 0, 0, 2, 19.36
1747820298, 0, 28, 734, 733, 15, 5.99%, 0, 0, 2, 19.20
1747820333, 0, 28, 735, 734, 15, 5.99%, 0, 0, 2, 19.29
1747820349, 0, 28, 736, 735, 15, 5.99%, 0, 0, 2, 19.47
1747820354, 0, 30, 737, 736, 14, 5.99%, 0, 0, 2, 20.56
1747820364, 0, 31, 737, 736, 14, 5.99%, 0, 0, 2, 21.49
1747820369, 0, 31, 738, 737, 14, 5.99%, 0, 0, 2, 19.55
1747820374, 0, 31, 739, 738, 14, 5.99%, 0, 0, 2, 19.08
1747820384, 0, 31, 740, 739, 14, 5.99%, 0, 0, 2, 19.14
1747820389, 0, 31, 741, 740, 14, 5.99%, 0, 0, 2, 19.06
1747820405, 0, 31, 743, 742, 14, 5.99%, 0, 0, 2, 19.02
1747820425, 0, 31, 744, 743, 14, 5.99%, 0, 0, 2, 19.19
1747820435, 0, 31, 745, 744, 14, 5.99%, 0, 0, 2, 18.80
1747820455, 0, 31, 746, 745, 14, 5.99%, 0, 0, 2, 19.00
1747820476, 0, 31, 747, 746, 14, 6.00%, 0, 0, 2, 19.04
1747820506, 0, 31, 748, 747, 14, 6.03%, 0, 0, 2, 18.79
1747820522, 0, 31, 749, 748, 14, 6.03%, 0, 0, 2, 19.07
1747820532, 0, 31, 751, 750, 14, 6.03%, 0, 0, 2, 18.95
1747820557, 0, 31, 752, 751, 14, 6.03%, 0, 0, 2, 18.72
1747820568, 0, 31, 753, 752, 14, 6.03%, 0, 0, 2, 18.82
1747820578, 0, 31, 754, 753, 14, 6.03%, 0, 0, 2, 19.05
1747820583, 0, 31, 755, 754, 14, 6.03%, 0, 0, 2, 19.08
1747820588, 0, 32, 759, 758, 15, 6.03%, 0, 0, 2, 17.69
1747820593, 0, 32, 766, 765, 15, 6.04%, 0, 0, 2, 16.08
1747820598, 0, 32, 773, 772, 15, 6.04%, 0, 0, 2, 15.50
1747820603, 0, 32, 779, 778, 15, 6.04%, 0, 0, 2, 15.37
1747820608, 0, 32, 784, 783, 15, 6.04%, 0, 0, 2, 15.45
1747820614, 0, 32, 787, 786, 15, 6.04%, 0, 0, 2, 15.69
1747820619, 0, 32, 793, 792, 15, 6.04%, 0, 0, 2, 15.74
1747820624, 0, 32, 797, 796, 15, 6.04%, 0, 0, 2, 15.35
1747820629, 0, 32, 798, 797, 15, 6.04%, 0, 0, 2, 15.69
1747820634, 0, 32, 800, 799, 15, 6.04%, 0, 0, 2, 15.80
1747820639, 0, 32, 805, 804, 15, 6.04%, 0, 0, 2, 15.36
1747820644, 0, 32, 809, 808, 15, 6.04%, 0, 0, 2, 15.56
1747820659, 0, 32, 811, 810, 15, 6.04%, 0, 0, 2, 15.56
1747820664, 0, 32, 813, 812, 15, 6.04%, 0, 0, 2, 15.46
1747820710, 0, 32, 814, 813, 15, 6.04%, 0, 0, 2, 15.71
1747820715, 0, 32, 815, 814, 15, 6.04%, 0, 0, 2, 15.54
1747820720, 0, 32, 816, 815, 15, 6.04%, 0, 0, 2, 15.67
1747820730, 0, 32, 817, 816, 15, 6.04%, 0, 0, 2, 15.73
1747820736, 0, 32, 820, 819, 15, 6.04%, 0, 0, 2, 15.61
1747820751, 0, 32, 821, 820, 15, 6.04%, 0, 0, 2, 16.00
1747820803, 0, 32, 822, 821, 15, 6.04%, 0, 0, 2, 15.74
1747820880, 0, 33, 822, 821, 17, 6.04%, 0, 0, 2, 16.63
1747820890, 0, 34, 822, 821, 17, 6.04%, 0, 0, 2, 19.55
1747820895, 0, 35, 824, 823, 17, 6.04%, 0, 0, 2, 18.41
1747820900, 0, 35, 825, 824, 17, 6.04%, 0, 0, 2, 17.81
1747820905, 0, 35, 827, 826, 17, 6.04%, 0, 0, 2, 17.40
1747820941, 0, 35, 828, 827, 17, 6.04%, 0, 0, 2, 17.73
1747820947, 0, 35, 830, 829, 17, 6.04%, 0, 0, 2, 17.70
1747820983, 0, 35, 831, 830, 17, 6.04%, 0, 0, 2, 17.75
1747821009, 0, 35, 832, 831, 17, 6.04%, 0, 0, 2, 17.73
1747821050, 0, 35, 833, 832, 17, 6.04%, 0, 0, 2, 17.63
1747821132, 0, 36, 838, 837, 16, 6.04%, 0, 0, 2, 14.73
1747821137, 0, 36, 842, 841, 16, 6.05%, 0, 0, 2, 14.01
1747821143, 0, 36, 843, 842, 16, 6.05%, 0, 0, 2, 14.09
1747821148, 0, 36, 847, 846, 16, 6.06%, 0, 0, 2, 13.64
1747821158, 0, 36, 848, 847, 16, 6.06%, 0, 0, 2, 13.93
1747821163, 0, 36, 849, 848, 16, 6.06%, 0, 0, 2, 14.09
1747821168, 0, 36, 851, 850, 16, 6.06%, 0, 0, 2, 14.01
1747821189, 0, 36, 852, 851, 16, 6.06%, 0, 0, 2, 14.10
1747821219, 0, 36, 853, 852, 16, 6.06%, 0, 0, 2, 14.22
1747821229, 0, 36, 854, 853, 16, 6.06%, 0, 0, 2, 14.20
1747821239, 0, 36, 856, 855, 16, 6.06%, 0, 0, 2, 13.99
1747821250, 0, 36, 857, 856, 16, 6.06%, 0, 0, 2, 13.95
1747821255, 0, 36, 858, 857, 16, 6.06%, 0, 0, 2, 13.76
1747821413, 0, 36, 859, 858, 16, 6.06%, 0, 0, 2, 13.82
1747821433, 0, 37, 859, 858, 16, 6.06%, 0, 0, 2, 14.47
1747821443, 0, 38, 860, 859, 16, 6.06%, 0, 0, 2, 16.77
1747821459, 0, 39, 860, 859, 16, 6.06%, 0, 0, 2, 22.03
1747821464, 0, 40, 860, 859, 16, 6.06%, 0, 0, 2, 21.33
1747821469, 0, 41, 860, 859, 16, 6.06%, 0, 0, 2, 19.94
1747821474, 0, 41, 861, 860, 16, 6.06%, 0, 0, 2, 19.55
1747821484, 0, 43, 865, 864, 16, 6.06%, 0, 0, 2, 15.29
1747821490, 0, 43, 867, 866, 16, 6.07%, 0, 0, 2, 13.44
1747821500, 0, 43, 868, 867, 16, 6.07%, 0, 0, 2, 13.17
1747821510, 0, 43, 869, 868, 16, 6.07%, 0, 0, 2, 13.11
1747821520, 0, 43, 870, 869, 16, 6.07%, 0, 0, 2, 13.23
1747821555, 0, 43, 872, 871, 16, 6.07%, 0, 0, 2, 12.91
1747821565, 0, 43, 873, 872, 16, 6.07%, 0, 0, 2, 13.10
1747821570, 0, 43, 874, 873, 16, 6.07%, 0, 0, 2, 13.12
1747821581, 0, 43, 875, 874, 16, 6.07%, 0, 0, 2, 13.10
1747821631, 0, 43, 876, 875, 16, 6.07%, 0, 0, 2, 13.15
1747821748, 0, 43, 877, 876, 16, 6.07%, 0, 0, 2, 12.99
1747821803, 0, 44, 877, 876, 17, 6.07%, 0, 0, 2, 13.90
1747821814, 0, 45, 877, 876, 17, 6.07%, 0, 0, 2, 22.16
1747821819, 0, 46, 881, 880, 17, 6.07%, 0, 0, 2, 16.41
1747821824, 0, 46, 886, 885, 17, 6.07%, 0, 0, 2, 12.61
1747821829, 0, 46, 892, 891, 17, 6.07%, 0, 0, 2, 11.54
1747821834, 0, 46, 894, 893, 17, 6.07%, 0, 0, 2, 11.30
1747821839, 0, 46, 897, 896, 17, 6.07%, 0, 0, 2, 11.18
1747821844, 0, 46, 898, 897, 17, 6.07%, 0, 0, 2, 11.32
1747821849, 0, 46, 899, 898, 17, 6.07%, 0, 0, 2, 11.25
1747821860, 0, 46, 900, 899, 17, 6.07%, 0, 0, 2, 11.38
1747821870, 0, 46, 902, 901, 17, 6.07%, 0, 0, 2, 11.31
1747821875, 0, 46, 904, 903, 17, 6.07%, 0, 0, 2, 11.25
1747821885, 0, 46, 907, 906, 17, 6.07%, 0, 0, 2, 11.15
1747821890, 0, 46, 909, 908, 17, 6.07%, 0, 0, 2, 11.20
1747821937, 0, 46, 910, 909, 17, 6.07%, 0, 0, 2, 11.27
1747821942, 0, 46, 911, 910, 17, 6.07%, 0, 0, 2, 11.28
1747822014, 0, 46, 913, 912, 17, 6.07%, 0, 0, 2, 11.25
1747822019, 0, 46, 915, 914, 17, 6.07%, 0, 0, 2, 11.18
1747822065, 0, 46, 916, 915, 17, 6.07%, 0, 0, 2, 11.08
1747822095, 0, 46, 919, 918, 17, 6.07%, 0, 0, 2, 11.12
1747822100, 0, 46, 921, 920, 17, 6.07%, 0, 0, 2, 11.15
1747822157, 0, 46, 922, 921, 17, 6.07%, 0, 0, 2, 11.30
1747822172, 0, 46, 923, 922, 17, 6.07%, 0, 0, 2, 11.23
1747822213, 0, 47, 923, 922, 17, 6.07%, 0, 0, 2, 17.11
1747822218, 0, 48, 923, 922, 17, 6.07%, 0, 0, 2, 20.88
1747822223, 0, 49, 924, 923, 17, 6.07%, 0, 0, 2, 16.00
1747822229, 0, 49, 927, 926, 17, 6.07%, 0, 0, 2, 11.54
1747822234, 0, 49, 931, 930, 17, 6.07%, 0, 0, 2, 10.00
1747822239, 0, 49, 933, 932, 17, 6.07%, 0, 0, 2, 9.96
1747822244, 0, 49, 935, 934, 17, 6.07%, 0, 0, 2, 9.81
1747822254, 0, 49, 937, 936, 17, 6.07%, 0, 0, 2, 9.86
1747822264, 0, 49, 938, 937, 17, 6.07%, 0, 0, 2, 9.94
1747822274, 0, 49, 939, 938, 17, 6.07%, 0, 0, 2, 9.89
1747822280, 0, 49, 941, 940, 17, 6.07%, 0, 0, 2, 9.54
1747822295, 0, 49, 943, 942, 17, 6.07%, 0, 0, 2, 9.82
1747822311, 0, 49, 944, 943, 17, 6.07%, 0, 0, 2, 9.92
1747822331, 0, 49, 945, 944, 17, 6.07%, 0, 0, 2, 9.88
1747822352, 0, 49, 946, 945, 17, 6.07%, 0, 0, 2, 9.82
1747822388, 0, 49, 947, 946, 17, 6.07%, 0, 0, 2, 9.89
1747822506, 0, 49, 948, 947, 17, 6.07%, 0, 0, 2, 10.05
1747822557, 0, 49, 949, 948, 17, 6.07%, 0, 0, 2, 9.96
1747822629, 0, 49, 950, 949, 17, 6.07%, 0, 0, 2, 9.88
1747822650, 0, 49, 951, 950, 17, 6.07%, 0, 0, 2, 9.99
1747822655, 0, 51, 951, 950, 17, 6.07%, 0, 0, 2, 11.83
1747822665, 0, 52, 951, 950, 17, 6.07%, 0, 0, 2, 18.16
1747822670, 0, 54, 953, 952, 17, 6.07%, 0, 0, 2, 13.95
1747822675, 0, 54, 955, 954, 17, 6.07%, 0, 0, 2, 10.00
1747822680, 0, 54, 957, 956, 17, 6.07%, 0, 0, 2, 8.99
1747822685, 0, 54, 958, 957, 17, 6.07%, 0, 0, 2, 8.75
1747822690, 0, 54, 959, 958, 17, 6.07%, 0, 0, 2, 8.77
1747822695, 0, 54, 960, 959, 17, 6.07%, 0, 0, 2, 8.72
1747822701, 0, 54, 962, 961, 17, 6.07%, 0, 0, 2, 8.61
1747822711, 0, 54, 963, 962, 17, 6.07%, 0, 0, 2, 8.67
1747822716, 0, 54, 964, 963, 17, 6.07%, 0, 0, 2, 8.61
1747822721, 0, 54, 965, 964, 17, 6.07%, 0, 0, 2, 8.68
1747822731, 0, 54, 967, 966, 17, 6.07%, 0, 0, 2, 8.52
1747822751, 0, 54, 968, 967, 17, 6.07%, 0, 0, 2, 8.64
1747822761, 0, 54, 969, 968, 17, 6.07%, 0, 0, 2, 8.69
1747822787, 0, 54, 970, 969, 17, 6.07%, 0, 0, 2, 8.88
1747822843, 0, 54, 971, 970, 17, 6.07%, 0, 0, 2, 8.61
1747822863, 0, 54, 972, 971, 17, 6.07%, 0, 0, 2, 8.66
1747822868, 0, 54, 973, 972, 17, 6.07%, 0, 0, 2, 8.72
1747822934, 0, 54, 974, 973, 17, 6.07%, 0, 0, 2, 8.68
1747822949, 0, 54, 977, 976, 17, 6.07%, 0, 0, 2, 8.47
1747822954, 0, 54, 978, 977, 17, 6.07%, 0, 0, 2, 8.70
1747822959, 0, 54, 979, 978, 17, 6.07%, 0, 0, 2, 8.72
1747822964, 0, 54, 980, 979, 17, 6.07%, 0, 0, 2, 8.71
1747823004, 0, 54, 981, 980, 17, 6.07%, 0, 0, 2, 8.74
1747823106, 0, 54, 982, 981, 17, 6.07%, 0, 0, 2, 8.80
1747823167, 0, 55, 983, 982, 17, 6.07%, 0, 0, 2, 8.50
1747823172, 0, 55, 986, 985, 17, 6.07%, 0, 0, 2, 7.97
1747823177, 0, 55, 987, 986, 17, 6.07%, 0, 0, 2, 7.96
1747823182, 0, 55, 989, 988, 17, 6.07%, 0, 0, 2, 7.88
1747823192, 0, 55, 990, 989, 17, 6.07%, 0, 0, 2, 7.90
1747823197, 0, 55, 991, 990, 17, 6.07%, 0, 0, 2, 7.85
1747823203, 0, 55, 992, 991, 17, 6.07%, 0, 0, 2, 7.89
1747823213, 0, 55, 993, 992, 17, 6.07%, 0, 0, 2, 7.85
1747823218, 0, 55, 995, 994, 17, 6.07%, 0, 0, 2, 7.79
1747823223, 0, 55, 996, 995, 17, 6.07%, 0, 0, 2, 7.87
1747823228, 0, 55, 997, 996, 17, 6.07%, 0, 0, 2, 7.82
1747823238, 0, 55, 998, 997, 17, 6.07%, 0, 0, 2, 7.94
1747823243, 0, 55, 999, 998, 17, 6.07%, 0, 0, 2, 7.90
1747823330, 0, 55, 1000, 999, 17, 6.07%, 0, 0, 2, 7.92
1747823370, 0, 55, 1001, 1000, 17, 6.07%, 0, 0, 2, 7.93
1747823376, 0, 55, 1002, 1001, 17, 6.07%, 0, 0, 2, 7.96
1747823386, 0, 55, 1003, 1002, 17, 6.20%, 0, 0, 2, 8.04
1747823391, 0, 55, 1004, 1003, 17, 6.20%, 0, 0, 2, 7.95
1747823396, 0, 55, 1005, 1004, 17, 6.20%, 0, 0, 2, 7.83
1747823474, 0, 55, 1006, 1005, 17, 6.20%, 0, 0, 2, 7.96
1747823707, 0, 57, 1007, 1006, 15, 6.20%, 0, 0, 2, 21.68
1747823717, 0, 58, 1007, 1006, 15, 6.20%, 0, 0, 2, 19.97
1747823723, 0, 59, 1007, 1006, 15, 6.20%, 0, 0, 2, 12.99
1747823728, 0, 59, 1008, 1007, 15, 6.20%, 0, 0, 2, 9.00
1747823733, 0, 59, 1009, 1008, 15, 6.20%, 0, 0, 2, 7.87
1747823738, 0, 59, 1010, 1009, 15, 6.20%, 0, 0, 2, 7.56
1747823774, 0, 59, 1011, 1010, 15, 6.20%, 0, 0, 2, 7.45
1747823825, 0, 59, 1012, 1011, 15, 6.20%, 0, 0, 2, 7.42
1747824213, 0, 59, 1013, 1012, 15, 6.20%, 0, 0, 2, 7.52
1747824279, 0, 60, 1013, 1012, 15, 6.20%, 0, 0, 2, 14.28
1747824284, 0, 61, 1013, 1012, 15, 6.20%, 0, 0, 2, 17.91
1747824295, 0, 62, 1013, 1012, 15, 6.20%, 0, 0, 2, 10.98
1747824300, 0, 62, 1015, 1014, 15, 6.20%, 0, 0, 2, 8.20
1747824325, 0, 62, 1016, 1015, 15, 6.20%, 0, 0, 2, 7.18
1747824335, 0, 62, 1017, 1016, 15, 6.20%, 0, 0, 2, 7.13
1747824460, 0, 62, 1018, 1017, 15, 6.20%, 0, 0, 2, 7.16
1747824563, 0, 62, 1019, 1018, 15, 6.20%, 0, 0, 2, 7.18
1747824724, 0, 62, 1020, 1019, 15, 6.20%, 0, 0, 2, 7.21
1747824870, 0, 63, 1020, 1019, 15, 6.20%, 0, 0, 2, 15.52
1747824875, 0, 64, 1020, 1019, 15, 6.20%, 0, 0, 2, 22.07
1747824880, 0, 65, 1020, 1019, 15, 6.20%, 0, 0, 2, 20.79
1747824886, 0, 66, 1020, 1019, 15, 6.20%, 0, 0, 2, 19.00
1747824896, 0, 67, 1020, 1019, 15, 6.20%, 0, 0, 2, 18.02
1747824901, 0, 69, 1020, 1019, 15, 6.20%, 0, 0, 2, 21.82
1747824906, 0, 70, 1022, 1021, 15, 6.20%, 0, 0, 2, 16.74
1747824911, 0, 70, 1023, 1022, 15, 6.20%, 0, 0, 2, 9.91
1747824916, 0, 70, 1026, 1025, 15, 6.20%, 0, 0, 2, 7.66
1747824922, 0, 70, 1027, 1026, 15, 6.20%, 0, 0, 2, 6.89
1747824927, 0, 70, 1028, 1027, 15, 6.20%, 0, 0, 2, 6.62
1747824932, 0, 70, 1029, 1028, 15, 6.20%, 0, 0, 2, 6.58
1747824942, 0, 70, 1030, 1029, 15, 6.20%, 0, 0, 2, 6.46
1747824947, 0, 70, 1031, 1030, 15, 6.21%, 0, 0, 2, 6.43
1747824963, 0, 70, 1032, 1031, 15, 6.21%, 0, 0, 2, 6.53
1747824968, 0, 70, 1033, 1032, 15, 6.21%, 0, 0, 2, 6.55
1747824973, 0, 70, 1034, 1033, 15, 6.21%, 0, 0, 2, 6.67
1747825107, 0, 70, 1035, 1034, 15, 6.21%, 0, 0, 2, 6.59
1747825200, 0, 70, 1036, 1035, 15, 6.21%, 0, 0, 2, 6.58
1747825544, 0, 71, 1036, 1035, 15, 6.21%, 0, 0, 2, 7.85
1747825549, 0, 71, 1038, 1037, 15, 6.21%, 0, 0, 2, 14.97
1747825575, 0, 73, 1039, 1038, 15, 6.21%, 0, 0, 2, 15.96
1747825580, 0, 73, 1041, 1040, 15, 6.21%, 0, 0, 2, 9.61
1747825585, 0, 73, 1042, 1041, 15, 6.21%, 0, 0, 2, 7.42
1747825591, 0, 73, 1043, 1042, 15, 6.21%, 0, 0, 2, 6.58
1747825601, 0, 73, 1045, 1044, 15, 6.21%, 0, 0, 2, 6.12
1747825632, 0, 73, 1046, 1045, 15, 6.21%, 0, 0, 2, 6.25
1747825637, 0, 73, 1047, 1046, 15, 6.26%, 0, 0, 2, 6.17
1747825648, 0, 73, 1049, 1048, 15, 6.26%, 0, 0, 2, 6.00
1747825653, 0, 73, 1050, 1049, 15, 6.26%, 0, 0, 2, 6.03
1747825674, 0, 73, 1051, 1050, 15, 6.26%, 0, 0, 2, 6.17
1747825710, 0, 73, 1052, 1051, 15, 6.26%, 0, 0, 2, 6.03
1747825757, 0, 73, 1053, 1052, 15, 6.26%, 0, 0, 2, 6.14
1747825762, 0, 73, 1054, 1053, 15, 6.26%, 0, 0, 2, 6.13
1747825768, 0, 73, 1055, 1054, 15, 6.26%, 0, 0, 2, 6.05
1747825850, 0, 73, 1056, 1055, 15, 6.26%, 0, 0, 2, 6.19
1747825918, 0, 73, 1057, 1056, 15, 6.26%, 0, 0, 2, 6.10
1747825975, 0, 73, 1058, 1057, 15, 6.26%, 0, 0, 2, 6.12
1747826198, 0, 73, 1059, 1058, 15, 6.26%, 0, 0, 2, 6.13
1747826270, 0, 74, 1062, 1061, 15, 6.26%, 0, 0, 2, 6.00
1747826275, 0, 74, 1064, 1063, 15, 6.26%, 0, 0, 2, 5.71
1747826280, 0, 74, 1066, 1065, 15, 6.26%, 0, 0, 2, 5.68
1747826296, 0, 74, 1067, 1066, 15, 6.26%, 0, 0, 2, 5.73
1747826301, 0, 74, 1068, 1067, 15, 6.26%, 0, 0, 2, 5.69
1747826327, 0, 74, 1069, 1068, 15, 6.26%, 0, 0, 2, 5.71
1747826348, 0, 74, 1070, 1069, 15, 6.26%, 0, 0, 2, 5.65
1747826354, 0, 74, 1071, 1070, 15, 6.26%, 0, 0, 2, 5.75
1747826448, 0, 74, 1072, 1071, 15, 6.26%, 0, 0, 2, 5.68
1747826899, 0, 74, 1073, 1072, 15, 6.26%, 0, 0, 2, 5.73
1747826998, 0, 75, 1073, 1072, 16, 6.26%, 0, 0, 2, 5.69
1747827008, 0, 75, 1074, 1073, 16, 6.26%, 0, 0, 2, 5.52
1747827013, 0, 75, 1075, 1074, 16, 6.26%, 0, 0, 2, 5.45
1747827018, 0, 75, 1076, 1075, 16, 6.26%, 0, 0, 2, 5.39
1747827024, 0, 75, 1078, 1077, 16, 6.27%, 0, 0, 2, 5.33
1747827065, 0, 75, 1079, 1078, 16, 6.27%, 0, 0, 2, 5.42
1747827384, 0, 75, 1080, 1079, 16, 6.27%, 0, 0, 2, 5.36
1747827761, 0, 76, 1080, 1079, 16, 6.27%, 0, 0, 2, 6.08
1747827771, 0, 77, 1081, 1080, 16, 6.27%, 0, 0, 2, 16.37
1747827781, 0, 77, 1082, 1081, 16, 6.35%, 0, 0, 2, 17.16
1747827792, 0, 77, 1083, 1082, 16, 6.35%, 0, 0, 2, 17.22
1747827797, 0, 77, 1085, 1084, 16, 6.39%, 0, 0, 2, 17.15
1747827802, 0, 77, 1086, 1085, 16, 6.39%, 0, 0, 2, 17.12
1747827807, 0, 77, 1087, 1086, 16, 6.39%, 0, 0, 2, 17.09
1747827833, 0, 77, 1088, 1087, 16, 6.40%, 0, 0, 2, 17.32
1747827848, 0, 77, 1089, 1088, 16, 6.40%, 0, 0, 2, 17.24
1747827878, 0, 77, 1090, 1089, 16, 6.40%, 0, 0, 2, 17.31
1747827899, 0, 77, 1091, 1090, 16, 6.40%, 0, 0, 2, 17.10
1747827970, 0, 77, 1092, 1091, 16, 6.42%, 0, 0, 2, 17.24
1747828017, 0, 79, 1092, 1091, 13, 6.42%, 0, 0, 2, 16.41
1747828022, 0, 80, 1092, 1091, 13, 6.42%, 0, 0, 2, 12.69
1747828037, 0, 81, 1092, 1091, 13, 6.42%, 0, 0, 2, 7.43
1747828043, 0, 81, 1094, 1093, 13, 6.42%, 0, 0, 2, 5.55
1747828048, 0, 81, 1096, 1095, 13, 6.42%, 0, 0, 2, 5.10
1747828063, 0, 81, 1097, 1096, 13, 6.42%, 0, 0, 2, 5.05
1747828068, 0, 81, 1099, 1098, 13, 6.42%, 0, 0, 2, 4.98
1747828078, 0, 81, 1100, 1099, 13, 6.42%, 0, 0, 2, 4.99
1747828084, 0, 81, 1101, 1100, 13, 6.42%, 0, 0, 2, 4.99
1747828140, 0, 81, 1102, 1101, 13, 6.42%, 0, 0, 2, 4.99
1747828150, 0, 81, 1103, 1102, 13, 6.42%, 0, 0, 2, 5.06
1747828265, 0, 81, 1104, 1103, 13, 6.42%, 0, 0, 2, 4.96
1747828296, 0, 81, 1105, 1104, 13, 6.42%, 0, 0, 2, 4.98
1747828373, 0, 81, 1106, 1105, 13, 6.42%, 0, 0, 2, 5.06
1747828590, 0, 81, 1107, 1106, 13, 6.42%, 0, 0, 2, 5.17
1747828626, 0, 81, 1108, 1107, 13, 6.42%, 0, 0, 2, 5.01
1747828631, 0, 81, 1109, 1108, 13, 6.43%, 0, 0, 2, 4.90
1747828845, 0, 81, 1110, 1109, 13, 6.43%, 0, 0, 2, 5.08
1747828876, 0, 83, 1110, 1109, 13, 6.43%, 0, 0, 2, 12.72
1747828881, 0, 84, 1111, 1110, 13, 6.43%, 0, 0, 2, 15.41
1747828897, 0, 84, 1112, 1111, 13, 6.43%, 0, 0, 2, 16.83
1747828912, 0, 85, 1112, 1111, 13, 6.43%, 0, 0, 2, 12.56
1747828918, 0, 85, 1114, 1113, 13, 6.44%, 0, 0, 2, 6.30
1747828923, 0, 85, 1115, 1114, 13, 6.44%, 0, 0, 2, 5.16
1747828928, 0, 85, 1116, 1115, 13, 6.44%, 0, 0, 2, 4.80
1747828933, 0, 85, 1117, 1116, 13, 6.44%, 0, 0, 2, 4.64
1747828959, 0, 85, 1118, 1117, 13, 6.44%, 0, 0, 2, 4.64
1747829004, 0, 85, 1119, 1118, 13, 6.44%, 0, 0, 2, 4.66
1747829071, 0, 85, 1120, 1119, 13, 6.44%, 0, 0, 2, 4.64
1747829102, 0, 85, 1121, 1120, 13, 6.44%, 0, 0, 2, 4.70
1747829107, 0, 85, 1122, 1121, 13, 6.44%, 0, 0, 2, 4.79
1747829122, 0, 85, 1123, 1122, 13, 6.44%, 0, 0, 2, 4.75
1747829437, 0, 85, 1124, 1123, 13, 6.44%, 0, 0, 2, 4.75
1747829795, 0, 86, 1125, 1124, 14, 6.44%, 0, 0, 2, 7.57
1747829805, 0, 87, 1126, 1125, 14, 6.63%, 0, 0, 2, 8.57
1747829815, 0, 87, 1127, 1126, 14, 6.63%, 0, 0, 2, 4.69
1747829826, 0, 87, 1128, 1127, 14, 6.63%, 0, 0, 2, 4.50
1747829841, 0, 87, 1129, 1128, 14, 6.63%, 0, 0, 2, 4.40
1747829846, 0, 87, 1130, 1129, 14, 6.63%, 0, 0, 2, 4.46
1747829856, 0, 87, 1131, 1130, 14, 6.64%, 0, 0, 2, 4.51
1747829887, 0, 87, 1132, 1131, 14, 6.64%, 0, 0, 2, 4.47
1747829892, 0, 87, 1133, 1132, 14, 6.64%, 0, 0, 2, 4.40
1747829918, 0, 87, 1134, 1133, 14, 6.64%, 0, 0, 2, 4.44
1747829938, 0, 87, 1135, 1134, 14, 6.64%, 0, 0, 2, 4.46
1747829954, 0, 87, 1136, 1135, 14, 6.64%, 0, 0, 2, 4.45
1747829959, 0, 87, 1137, 1136, 14, 6.64%, 0, 0, 2, 4.44
1747829995, 0, 87, 1138, 1137, 14, 6.64%, 0, 0, 2, 4.47
1747830015, 0, 87, 1139, 1138, 14, 6.64%, 0, 0, 2, 4.48
1747830066, 0, 87, 1140, 1139, 14, 6.64%, 0, 0, 2, 4.50
1747830447, 0, 87, 1141, 1140, 14, 6.64%, 0, 0, 2, 4.50
1747830742, 0, 88, 1141, 1140, 13, 6.64%, 0, 0, 2, 13.99
1747830747, 0, 89, 1141, 1140, 13, 6.64%, 0, 0, 2, 11.52
1747830763, 0, 91, 1141, 1140, 13, 6.64%, 0, 0, 2, 6.88
1747830768, 0, 91, 1142, 1141, 13, 6.65%, 0, 0, 2, 4.93
1747830773, 0, 91, 1143, 1142, 13, 6.65%, 0, 0, 2, 4.47
1747830783, 0, 91, 1144, 1143, 13, 6.65%, 0, 0, 2, 4.32
1747830788, 0, 91, 1145, 1144, 13, 6.65%, 0, 0, 2, 4.27
1747830793, 0, 91, 1146, 1145, 13, 6.65%, 0, 0, 2, 4.32
1747830798, 0, 91, 1147, 1146, 13, 6.65%, 0, 0, 2, 4.31
1747830809, 0, 91, 1148, 1147, 13, 6.65%, 0, 0, 2, 4.31
1747830814, 0, 91, 1149, 1148, 13, 6.65%, 0, 0, 2, 4.30
1747830819, 0, 91, 1150, 1149, 13, 6.65%, 0, 0, 2, 4.25
1747830875, 0, 91, 1151, 1150, 13, 6.65%, 0, 0, 2, 4.29
1747830976, 0, 91, 1152, 1151, 13, 6.65%, 0, 0, 2, 4.30
1747831473, 0, 91, 1153, 1152, 13, 6.65%, 0, 0, 2, 4.36
1747831726, 0, 92, 1154, 1153, 15, 6.65%, 0, 0, 2, 4.28
1747831731, 0, 92, 1155, 1154, 15, 6.65%, 0, 0, 2, 4.20
1747831737, 0, 92, 1157, 1156, 15, 6.65%, 0, 0, 2, 4.12
1747831742, 0, 92, 1159, 1158, 15, 6.65%, 0, 0, 2, 4.12
1747831752, 0, 92, 1160, 1159, 15, 6.65%, 0, 0, 2, 4.18
1747831757, 0, 92, 1161, 1160, 15, 6.67%, 0, 0, 2, 4.17
1747831813, 0, 92, 1162, 1161, 15, 6.68%, 0, 0, 2, 4.14
1747831981, 0, 92, 1163, 1162, 15, 6.68%, 0, 0, 2, 4.15
1747832012, 0, 92, 1164, 1163, 15, 6.68%, 0, 0, 2, 4.16
1747832145, 0, 92, 1165, 1164, 15, 6.68%, 0, 0, 2, 4.14
1747832160, 0, 92, 1166, 1165, 15, 6.68%, 0, 0, 2, 4.15
1747832458, 0, 92, 1167, 1166, 15, 6.68%, 0, 0, 2, 4.17
1747832608, 0, 92, 1168, 1167, 15, 6.68%, 0, 0, 2, 4.18
1747832731, 0, 94, 1169, 1168, 15, 6.68%, 0, 0, 2, 6.89
1747832741, 0, 94, 1170, 1169, 15, 6.69%, 0, 0, 2, 15.69
1747832766, 0, 95, 1170, 1169, 16, 6.69%, 0, 0, 2, 7.71
1747832771, 0, 95, 1171, 1170, 16, 6.69%, 0, 0, 2, 5.17
1747832802, 0, 95, 1172, 1171, 16, 6.69%, 0, 0, 2, 4.38
1747832884, 0, 96, 1173, 1172, 16, 6.69%, 0, 0, 2, 4.18
1747832889, 0, 96, 1174, 1173, 16, 6.69%, 0, 0, 2, 3.99
1747832894, 0, 96, 1175, 1174, 16, 6.69%, 0, 0, 2, 4.01
1747832910, 0, 96, 1176, 1175, 16, 6.69%, 0, 0, 2, 3.96
1747832936, 0, 96, 1177, 1176, 16, 6.69%, 0, 0, 2, 4.00
1747832962, 0, 96, 1178, 1177, 16, 6.69%, 0, 0, 2, 4.05
1747832967, 0, 96, 1179, 1178, 16, 6.69%, 0, 0, 2, 3.99
1747832972, 0, 96, 1180, 1179, 16, 6.69%, 0, 0, 2, 4.01
1747832987, 0, 96, 1181, 1180, 16, 6.69%, 0, 0, 2, 3.96
1747833003, 0, 96, 1182, 1181, 16, 6.69%, 0, 0, 2, 3.96
1747833033, 0, 96, 1183, 1182, 16, 6.69%, 0, 0, 2, 4.01
1747833049, 0, 96, 1184, 1183, 16, 6.69%, 0, 0, 2, 4.04
1747833054, 0, 96, 1185, 1184, 16, 6.69%, 0, 0, 2, 4.00
1747833064, 0, 96, 1187, 1186, 16, 6.69%, 0, 0, 2, 3.96
1747833085, 0, 96, 1188, 1187, 16, 6.69%, 0, 0, 2, 4.09
1747833100, 0, 96, 1189, 1188, 16, 6.69%, 0, 0, 2, 4.03
1747833218, 0, 96, 1190, 1189, 16, 6.69%, 0, 0, 2, 3.98
1747833426, 0, 96, 1191, 1190, 16, 6.69%, 0, 0, 2, 4.06
1747833457, 0, 96, 1192, 1191, 16, 6.69%, 0, 0, 2, 3.96
1747833564, 0, 96, 1193, 1192, 16, 6.69%, 0, 0, 2, 4.10
1747833944, 0, 97, 1194, 1193, 17, 6.69%, 0, 0, 2, 3.95
1747833949, 0, 97, 1196, 1195, 17, 6.69%, 0, 0, 2, 3.90
1747833954, 0, 97, 1198, 1197, 17, 6.69%, 0, 0, 2, 3.75
1747833960, 0, 97, 1199, 1198, 17, 6.69%, 0, 0, 2, 3.67
1747833965, 0, 97, 1200, 1199, 17, 6.69%, 0, 0, 2, 3.72
1747833975, 0, 97, 1201, 1200, 17, 6.69%, 0, 0, 2, 3.81
1747833985, 0, 97, 1202, 1201, 17, 6.69%, 0, 0, 2, 3.79
1747834027, 0, 97, 1203, 1202, 17, 6.69%, 0, 0, 2, 3.94
1747834115, 0, 97, 1204, 1203, 17, 6.69%, 0, 0, 2, 3.82
1747834218, 0, 97, 1205, 1204, 17, 6.69%, 0, 0, 2, 3.73
1747834295, 0, 97, 1206, 1205, 17, 6.69%, 0, 0, 2, 3.79
1747834306, 0, 97, 1207, 1206, 17, 6.69%, 0, 0, 2, 3.80
1747834363, 0, 97, 1208, 1207, 17, 6.69%, 0, 0, 2, 3.82
1747834699, 0, 97, 1209, 1208, 17, 6.69%, 0, 0, 2, 3.75
1747834750, 0, 97, 1210, 1209, 17, 6.69%, 0, 0, 2, 3.89
1747835025, 0, 97, 1211, 1210, 17, 6.69%, 0, 0, 2, 3.82
1747835051, 0, 98, 1212, 1211, 17, 6.69%, 0, 0, 2, 3.68
1747835056, 0, 98, 1214, 1213, 17, 6.70%, 0, 0, 2, 3.61
1747835061, 0, 98, 1215, 1214, 17, 6.70%, 0, 0, 2, 3.72
1747835067, 0, 98, 1216, 1215, 17, 6.70%, 0, 0, 2, 3.62
1747835072, 0, 98, 1217, 1216, 17, 6.70%, 0, 0, 2, 3.59
1747835077, 0, 98, 1218, 1217, 17, 6.70%, 0, 0, 2, 3.59
1747835082, 0, 98, 1219, 1218, 17, 6.70%, 0, 0, 2, 3.55
1747835087, 0, 98, 1220, 1219, 17, 6.70%, 0, 0, 2, 3.61
1747835097, 0, 98, 1221, 1220, 17, 6.70%, 0, 0, 2, 3.59
1747835113, 0, 98, 1222, 1221, 17, 6.70%, 0, 0, 2, 3.67
1747835123, 0, 98, 1223, 1222, 17, 6.70%, 0, 0, 2, 3.65
1747835134, 0, 98, 1224, 1223, 17, 6.70%, 0, 0, 2, 3.65
1747835144, 0, 98, 1225, 1224, 17, 6.70%, 0, 0, 2, 3.62
1747835200, 0, 98, 1226, 1225, 17, 6.70%, 0, 0, 2, 3.61
1747835242, 0, 98, 1227, 1226, 17, 6.70%, 0, 0, 2, 3.56
1747835258, 0, 98, 1228, 1227, 17, 6.70%, 0, 0, 2, 3.64
1747835465, 0, 98, 1229, 1228, 17, 6.70%, 0, 0, 2, 3.62
1747835615, 0, 98, 1230, 1229, 17, 6.70%, 0, 0, 2, 3.64
1747836201, 0, 99, 1230, 1229, 19, 6.70%, 0, 0, 2, 6.36
1747836221, 0, 100, 1230, 1229, 19, 6.70%, 0, 0, 2, 6.55
1747836226, 0, 100, 1231, 1230, 19, 6.70%, 0, 0, 2, 6.23
1747836237, 0, 100, 1232, 1231, 19, 6.70%, 0, 0, 2, 5.97
1747836252, 0, 100, 1233, 1232, 19, 6.70%, 0, 0, 2, 5.91
1747836262, 0, 100, 1234, 1233, 19, 6.70%, 0, 0, 2, 6.03
1747836338, 0, 100, 1235, 1234, 19, 6.71%, 0, 0, 2, 3.51
1747836475, 0, 100, 1236, 1235, 19, 6.71%, 0, 0, 2, 3.52
1747836485, 0, 100, 1237, 1236, 19, 6.71%, 0, 0, 2, 3.50
1747836684, 0, 100, 1238, 1237, 19, 6.71%, 0, 0, 2, 3.56
1747837231, 0, 100, 1239, 1238, 19, 6.71%, 0, 0, 2, 3.55
1747837333, 0, 101, 1239, 1238, 18, 6.71%, 0, 0, 2, 3.66
1747837364, 0, 102, 1239, 1238, 18, 6.71%, 0, 0, 2, 4.47
1747837374, 0, 103, 1239, 1238, 18, 6.71%, 0, 0, 2, 14.31
1747837384, 0, 104, 1239, 1238, 18, 6.71%, 0, 0, 2, 15.84
1747837389, 0, 104, 1240, 1239, 18, 6.71%, 0, 0, 2, 16.47
1747837394, 0, 104, 1242, 1241, 18, 6.71%, 0, 0, 2, 16.55
1747837404, 0, 104, 1243, 1242, 18, 6.71%, 0, 0, 2, 16.67
1747837430, 0, 104, 1244, 1243, 18, 6.71%, 0, 0, 2, 16.58
1747837455, 0, 104, 1246, 1245, 18, 6.71%, 0, 0, 2, 16.74
1747837465, 0, 104, 1247, 1246, 18, 6.71%, 0, 0, 2, 16.73
1747837520, 0, 104, 1248, 1247, 18, 6.71%, 0, 0, 2, 16.60
1747837535, 0, 104, 1249, 1248, 18, 6.71%, 0, 0, 2, 16.63
1747837576, 0, 104, 1250, 1249, 18, 6.71%, 0, 0, 2, 16.62
1747837636, 0, 105, 1250, 1249, 18, 6.71%, 0, 0, 2, 15.01
1747837641, 0, 106, 1250, 1249, 18, 6.71%, 0, 0, 2, 14.57
1747837652, 0, 107, 1251, 1250, 18, 6.71%, 0, 0, 2, 15.31
1747837667, 0, 108, 1251, 1250, 18, 6.71%, 0, 0, 2, 11.68
1747837698, 0, 109, 1251, 1250, 18, 6.71%, 0, 0, 2, 9.63
1747837708, 0, 110, 1252, 1251, 18, 6.71%, 0, 0, 2, 7.76
1747837713, 0, 110, 1253, 1252, 18, 6.72%, 0, 0, 2, 4.84
1747837718, 0, 110, 1254, 1253, 18, 6.72%, 0, 0, 2, 3.91
1747837723, 0, 110, 1255, 1254, 18, 6.72%, 0, 0, 2, 3.57
1747837728, 0, 110, 1256, 1255, 18, 6.72%, 0, 0, 2, 3.54
1747837744, 0, 110, 1257, 1256, 18, 6.72%, 0, 0, 2, 3.46
1747837790, 0, 110, 1258, 1257, 18, 6.72%, 0, 0, 2, 3.45
1747837909, 0, 110, 1259, 1258, 18, 6.72%, 0, 0, 2, 3.53
1747838032, 0, 110, 1260, 1259, 18, 6.72%, 0, 0, 2, 3.43
1747838590, 0, 110, 1261, 1260, 18, 6.72%, 0, 0, 2, 3.36
1747838734, 0, 110, 1262, 1261, 18, 6.72%, 0, 0, 2, 3.56
1747838898, 0, 111, 1262, 1261, 20, 6.72%, 0, 0, 2, 3.81
1747838929, 0, 112, 1263, 1262, 20, 6.73%, 0, 0, 2, 8.91
1747838934, 0, 112, 1266, 1265, 20, 6.73%, 0, 0, 2, 12.25
1747838939, 0, 112, 1268, 1267, 20, 6.73%, 0, 0, 2, 13.17
1747838944, 0, 112, 1269, 1268, 20, 6.73%, 0, 0, 2, 13.48
1747838949, 0, 112, 1272, 1271, 20, 6.73%, 0, 0, 2, 13.37
1747838975, 0, 112, 1273, 1272, 20, 6.73%, 0, 0, 2, 13.46
1747838990, 0, 112, 1274, 1273, 20, 6.73%, 0, 0, 2, 13.48
1747839021, 0, 112, 1275, 1274, 20, 6.73%, 0, 0, 2, 13.57
1747839041, 0, 112, 1276, 1275, 20, 6.73%, 0, 0, 2, 13.42
1747839153, 0, 112, 1277, 1276, 20, 6.73%, 0, 0, 2, 13.40
1747839194, 0, 112, 1278, 1277, 20, 6.73%, 0, 0, 2, 13.42
1747839240, 0, 113, 1279, 1278, 23, 6.73%, 0, 0, 2, 12.41
1747839245, 0, 113, 1280, 1279, 23, 6.73%, 0, 0, 2, 6.41
1747839302, 0, 113, 1281, 1280, 23, 6.73%, 0, 0, 2, 3.40
1747839396, 0, 114, 1281, 1280, 23, 6.73%, 0, 0, 2, 3.50
1747839432, 0, 115, 1283, 1282, 23, 6.73%, 0, 0, 2, 8.73
1747839437, 0, 115, 1285, 1284, 23, 6.73%, 0, 0, 2, 11.71
1747839473, 0, 115, 1286, 1285, 23, 6.73%, 0, 0, 2, 12.82
1747839585, 0, 115, 1287, 1286, 23, 6.73%, 0, 0, 2, 12.89
1747839754, 0, 116, 1287, 1286, 23, 6.73%, 0, 0, 2, 7.35
1747839790, 0, 117, 1288, 1287, 23, 6.73%, 0, 0, 2, 9.60
1747839811, 0, 119, 1288, 1287, 23, 6.73%, 0, 0, 2, 12.88
1747839821, 0, 120, 1288, 1287, 23, 6.73%, 0, 0, 2, 13.01
1747839831, 0, 121, 1288, 1287, 23, 6.73%, 0, 0, 2, 6.56
1747839867, 0, 122, 1288, 1287, 23, 6.73%, 0, 0, 2, 9.76
1747839877, 0, 123, 1288, 1287, 23, 6.73%, 0, 0, 2, 12.75
1747839888, 0, 124, 1288, 1287, 23, 6.73%, 0, 0, 2, 12.94
1747839898, 0, 125, 1288, 1287, 23, 6.73%, 0, 0, 2, 6.53
1747839934, 0, 126, 1289, 1288, 23, 6.73%, 0, 0, 2, 9.63
1747839939, 0, 126, 1290, 1289, 23, 6.73%, 0, 0, 2, 11.80
1747839975, 0, 127, 1290, 1289, 23, 6.73%, 0, 0, 2, 7.88
1747840005, 0, 129, 1290, 1289, 23, 6.73%, 0, 0, 2, 10.05
1747840016, 0, 130, 1290, 1289, 23, 6.73%, 0, 0, 2, 12.36
1747840026, 0, 131, 1290, 1289, 23, 6.73%, 0, 0, 2, 12.26
1747840036, 0, 133, 1290, 1289, 23, 6.73%, 0, 0, 2, 7.01
1747840072, 0, 134, 1290, 1289, 23, 6.73%, 0, 0, 2, 8.44
1747840083, 0, 135, 1290, 1289, 23, 6.73%, 0, 0, 2, 7.86
1747840119, 0, 136, 1291, 1290, 23, 6.73%, 0, 0, 2, 3.47
1747840197, 0, 136, 1292, 1291, 23, 6.73%, 0, 0, 2, 3.40
1747840212, 0, 136, 1293, 1292, 23, 6.73%, 0, 0, 2, 3.60
1747840426, 0, 138, 1293, 1292, 23, 6.73%, 0, 0, 2, 9.13
1747840436, 0, 139, 1293, 1292, 23, 6.73%, 0, 0, 2, 6.81
1747840472, 0, 140, 1293, 1292, 23, 6.73%, 0, 0, 2, 6.96
1747840477, 0, 140, 1294, 1293, 23, 6.73%, 0, 0, 2, 10.38
1747840493, 0, 141, 1294, 1293, 23, 6.73%, 0, 0, 2, 11.01
1747840534, 0, 142, 1294, 1293, 23, 6.73%, 0, 0, 2, 3.51
1747840570, 0, 144, 1294, 1293, 23, 6.73%, 0, 0, 2, 3.52
1747840606, 0, 145, 1294, 1293, 23, 6.73%, 0, 0, 2, 3.48
1747840643, 0, 146, 1294, 1293, 23, 6.73%, 0, 0, 2, 3.49
1747840679, 0, 147, 1294, 1293, 23, 6.73%, 0, 0, 2, 6.11
1747840684, 0, 147, 1295, 1294, 23, 6.73%, 0, 0, 2, 9.99
1747840694, 0, 147, 1296, 1295, 23, 6.73%, 0, 0, 2, 11.27
1747840699, 0, 147, 1297, 1296, 23, 6.73%, 0, 0, 2, 11.30
1747840772, 0, 148, 1297, 1296, 23, 6.73%, 0, 0, 2, 11.46
1747840782, 0, 148, 1298, 1297, 23, 6.73%, 0, 0, 2, 11.33
1747840792, 0, 149, 1298, 1297, 21, 6.73%, 0, 0, 2, 11.31
1747840808, 0, 150, 1298, 1297, 21, 6.73%, 0, 0, 2, 8.52
1747840823, 0, 151, 1298, 1297, 21, 6.73%, 0, 0, 2, 5.86
1747840859, 0, 153, 1298, 1297, 21, 6.73%, 0, 0, 2, 3.40
1747840900, 0, 154, 1298, 1297, 21, 6.73%, 0, 0, 2, 8.62
1747840911, 0, 156, 1298, 1297, 21, 6.73%, 0, 0, 2, 6.96
1747840947, 0, 157, 1298, 1297, 21, 6.73%, 0, 0, 2, 7.41
1747840957, 0, 159, 1298, 1297, 21, 6.73%, 0, 0, 2, 11.34
1747840967, 0, 160, 1298, 1297, 21, 6.73%, 0, 0, 2, 9.59
1747840988, 0, 160, 1299, 1298, 21, 6.73%, 0, 0, 2, 3.47
1747840998, 0, 160, 1300, 1299, 21, 6.73%, 0, 0, 2, 3.35
1747841013, 0, 160, 1301, 1300, 21, 6.73%, 0, 0, 2, 3.30
1747841132, 0, 160, 1302, 1301, 21, 6.73%, 0, 0, 2, 3.38
1747841153, 0, 160, 1303, 1302, 21, 6.73%, 0, 0, 2, 3.41
1747841231, 0, 160, 1304, 1303, 21, 6.73%, 0, 0, 2, 3.43
1747841277, 0, 160, 1305, 1304, 21, 6.73%, 0, 0, 2, 3.40
1747841597, 0, 160, 1306, 1305, 21, 6.74%, 0, 0, 2, 3.39
1747841617, 0, 160, 1307, 1306, 21, 6.74%, 0, 0, 2, 3.39
1747842124, 0, 160, 1308, 1307, 21, 6.74%, 0, 0, 2, 3.40
1747842192, 0, 161, 1308, 1307, 22, 6.74%, 0, 0, 2, 7.78
1747842197, 0, 161, 1309, 1308, 22, 6.74%, 0, 0, 2, 10.17
1747842202, 0, 161, 1310, 1309, 22, 6.74%, 0, 0, 2, 10.87
1747842212, 0, 161, 1311, 1310, 22, 6.74%, 0, 0, 2, 11.18
1747842283, 0, 162, 1311, 1310, 22, 6.74%, 0, 0, 2, 9.16
1747842293, 0, 162, 1312, 1311, 22, 6.74%, 0, 0, 2, 3.99
1747842355, 0, 162, 1313, 1312, 22, 6.74%, 0, 0, 2, 3.36
1747842442, 0, 163, 1313, 1312, 22, 6.74%, 0, 0, 2, 3.40
1747842478, 0, 164, 1313, 1312, 22, 6.74%, 0, 0, 2, 3.37
1747842514, 0, 165, 1313, 1312, 22, 6.74%, 0, 0, 2, 5.12
1747842529, 0, 167, 1313, 1312, 22, 6.74%, 0, 0, 2, 10.47
1747842539, 0, 168, 1313, 1312, 22, 6.74%, 0, 0, 2, 9.12
1747842560, 0, 169, 1313, 1312, 22, 6.74%, 0, 0, 2, 4.79
1747842595, 0, 170, 1313, 1312, 22, 6.74%, 0, 0, 2, 3.37
1747842631, 0, 173, 1313, 1312, 22, 6.74%, 0, 0, 2, 4.25
1747842647, 0, 174, 1313, 1312, 22, 6.74%, 0, 0, 2, 10.22
1747842657, 0, 175, 1313, 1312, 22, 6.74%, 0, 0, 2, 8.22
1747842693, 0, 176, 1313, 1312, 22, 6.74%, 0, 0, 2, 3.43
1747842734, 0, 177, 1313, 1312, 22, 6.74%, 0, 0, 2, 7.51
1747842744, 0, 180, 1313, 1312, 22, 6.74%, 0, 0, 2, 7.90
1747842781, 0, 181, 1313, 1312, 22, 6.74%, 0, 0, 2, 5.01
1747842796, 0, 182, 1313, 1312, 22, 6.74%, 0, 0, 2, 6.30
1747842831, 0, 183, 1313, 1312, 22, 6.74%, 0, 0, 2, 3.46
1747842872, 0, 184, 1313, 1312, 22, 6.74%, 0, 0, 2, 8.06
1747842882, 0, 185, 1313, 1312, 22, 6.74%, 0, 0, 2, 9.55
1747842898, 0, 188, 1313, 1312, 22, 6.74%, 0, 0, 2, 9.85
1747842908, 0, 193, 1313, 1312, 22, 6.74%, 0, 0, 2, 8.64
1747842949, 0, 194, 1313, 1312, 22, 6.74%, 0, 0, 2, 3.39
1747842985, 0, 195, 1313, 1312, 22, 6.74%, 0, 0, 2, 5.21
1747843001, 0, 196, 1313, 1312, 22, 6.74%, 0, 0, 2, 6.67
1747843042, 0, 198, 1313, 1312, 22, 6.74%, 0, 0, 2, 9.40
1747843052, 0, 200, 1313, 1312, 22, 6.74%, 0, 0, 2, 12.16
1747843062, 0, 201, 1313, 1312, 22, 6.74%, 0, 0, 2, 10.74
1747843072, 0, 202, 1313, 1312, 22, 6.74%, 0, 0, 2, 9.85
1747843088, 0, 203, 1313, 1312, 22, 6.74%, 0, 0, 2, 6.42
1747843124, 0, 204, 1313, 1312, 22, 6.74%, 0, 0, 2, 6.86
1747843129, 0, 204, 1314, 1313, 22, 6.74%, 0, 0, 2, 10.51
1747843139, 0, 204, 1315, 1314, 22, 6.74%, 0, 0, 2, 11.80
1747843149, 0, 204, 1316, 1315, 22, 6.74%, 0, 0, 2, 11.96
1747843195, 0, 204, 1317, 1316, 22, 6.74%, 0, 0, 2, 11.83
1747843298, 0, 205, 1317, 1316, 22, 6.74%, 0, 0, 2, 9.03
1747843334, 0, 207, 1317, 1316, 22, 6.74%, 0, 0, 2, 5.47
1747843349, 0, 208, 1317, 1316, 22, 6.74%, 0, 0, 2, 6.24
1747843385, 0, 209, 1317, 1316, 22, 6.74%, 0, 0, 2, 3.38
1747843426, 0, 210, 1317, 1316, 22, 6.74%, 0, 0, 2, 9.28
1747843436, 0, 212, 1317, 1316, 22, 6.74%, 0, 0, 2, 6.73
1747843472, 0, 213, 1317, 1316, 22, 6.74%, 0, 0, 2, 6.80
1747843488, 0, 214, 1317, 1316, 22, 6.74%, 0, 0, 2, 9.49
1747843498, 0, 215, 1317, 1316, 22, 6.74%, 0, 0, 2, 9.58
1747843514, 0, 216, 1317, 1316, 22, 6.74%, 0, 0, 2, 6.37
1747843549, 0, 217, 1317, 1316, 22, 6.74%, 0, 0, 2, 5.35
1747843565, 0, 218, 1317, 1316, 22, 6.74%, 0, 0, 2, 10.66
1747843575, 0, 219, 1317, 1316, 22, 6.74%, 0, 0, 2, 8.46
1747843611, 0, 220, 1317, 1316, 22, 6.74%, 0, 0, 2, 5.85
1747843627, 0, 221, 1317, 1316, 22, 6.74%, 0, 0, 2, 7.98
1747843642, 0, 222, 1317, 1316, 22, 6.74%, 0, 0, 2, 6.78
1747843683, 0, 224, 1317, 1316, 22, 6.74%, 0, 0, 2, 7.39
1747843694, 0, 225, 1317, 1316, 22, 6.74%, 0, 0, 2, 8.88
1747843735, 0, 226, 1317, 1316, 22, 6.74%, 0, 0, 2, 8.34
1747843745, 0, 227, 1317, 1316, 22, 6.74%, 0, 0, 2, 10.14
1747843755, 0, 227, 1318, 1317, 22, 6.74%, 0, 0, 2, 9.22
1747843775, 0, 228, 1318, 1317, 22, 6.74%, 0, 0, 2, 11.12
1747843786, 0, 229, 1318, 1317, 22, 6.74%, 0, 0, 2, 6.57
1747843822, 0, 230, 1318, 1317, 22, 6.74%, 0, 0, 2, 3.40
1747843858, 0, 232, 1318, 1317, 22, 6.74%, 0, 0, 2, 3.39
1747843899, 0, 233, 1318, 1317, 22, 6.74%, 0, 0, 2, 5.70
1747843915, 0, 234, 1318, 1317, 22, 6.74%, 0, 0, 2, 5.68
1747843955, 0, 235, 1318, 1317, 22, 6.74%, 0, 0, 2, 7.76
1747843966, 0, 236, 1318, 1317, 22, 6.74%, 0, 0, 2, 9.26
1747843981, 0, 237, 1318, 1317, 22, 6.74%, 0, 0, 2, 10.66
1747843991, 0, 238, 1318, 1317, 22, 6.74%, 0, 0, 2, 10.59
1747844007, 0, 241, 1318, 1317, 22, 6.74%, 0, 0, 2, 6.03
1747844043, 0, 242, 1318, 1317, 22, 6.74%, 0, 0, 2, 3.41
1747844079, 0, 243, 1318, 1317, 22, 6.74%, 0, 0, 2, 3.43
1747844120, 0, 244, 1318, 1317, 22, 6.74%, 0, 0, 2, 3.48
1747844156, 0, 245, 1318, 1317, 22, 6.74%, 0, 0, 2, 7.02
1747844172, 0, 246, 1318, 1317, 22, 6.74%, 0, 0, 2, 7.54
1747844187, 0, 248, 1318, 1317, 22, 6.74%, 0, 0, 2, 7.31
1747844202, 0, 249, 1318, 1317, 22, 6.74%, 0, 0, 2, 10.36
1747844212, 0, 250, 1318, 1317, 22, 6.74%, 0, 0, 2, 10.73
1747844228, 0, 251, 1318, 1317, 22, 6.74%, 0, 0, 2, 9.25
1747844243, 0, 253, 1318, 1317, 22, 6.74%, 0, 0, 2, 5.59
1747844279, 0, 254, 1318, 1317, 22, 6.74%, 0, 0, 2, 3.47
1747844316, 0, 255, 1318, 1317, 22, 6.74%, 0, 0, 2, 3.39
1747844352, 0, 256, 1318, 1317, 22, 6.74%, 0, 0, 2, 3.39
1747844393, 0, 257, 1318, 1317, 22, 6.74%, 0, 0, 2, 7.70
1747844403, 0, 258, 1318, 1317, 22, 6.74%, 0, 0, 2, 9.70
1747844413, 0, 259, 1318, 1317, 22, 6.74%, 0, 0, 2, 11.47
1747844434, 0, 260, 1318, 1317, 22, 6.74%, 0, 0, 2, 5.92
1747844475, 0, 261, 1318, 1317, 22, 6.74%, 0, 0, 2, 7.87
1747844485, 0, 262, 1318, 1317, 22, 6.74%, 0, 0, 2, 8.42
1747844506, 0, 264, 1318, 1317, 22, 6.74%, 0, 0, 2, 7.88
1747844517, 0, 264, 1319, 1318, 22, 6.74%, 0, 0, 2, 9.16
1747844537, 0, 266, 1319, 1318, 22, 6.74%, 0, 0, 2, 9.24
1747844542, 0, 266, 1320, 1319, 22, 6.74%, 0, 0, 2, 9.27
1747844563, 0, 269, 1320, 1319, 22, 6.74%, 0, 0, 2, 7.10
1747844599, 0, 270, 1320, 1319, 22, 6.74%, 0, 0, 2, 4.09
1747844609, 0, 270, 1321, 1320, 22, 6.74%, 0, 0, 2, 8.78
1747844629, 0, 271, 1321, 1320, 22, 6.74%, 0, 0, 2, 9.20
1747844645, 0, 272, 1321, 1320, 22, 6.74%, 0, 0, 2, 6.25
1747844680, 0, 273, 1321, 1320, 22, 6.74%, 0, 0, 2, 3.38
1747844717, 0, 274, 1321, 1320, 22, 6.74%, 0, 0, 2, 3.76
1747844732, 0, 275, 1321, 1320, 22, 6.74%, 0, 0, 2, 7.56
1747844768, 0, 276, 1321, 1320, 22, 6.74%, 0, 0, 2, 3.81
1747844784, 0, 277, 1321, 1320, 22, 6.74%, 0, 0, 2, 8.92
1747844799, 0, 278, 1321, 1320, 22, 6.74%, 0, 0, 2, 6.70
1747844830, 0, 278, 1322, 1321, 22, 6.74%, 0, 0, 2, 3.39
1747844845, 0, 278, 1323, 1322, 22, 6.74%, 0, 0, 2, 3.49
1747844953, 0, 279, 1323, 1322, 22, 6.74%, 0, 0, 2, 3.41
1747844994, 0, 280, 1323, 1322, 22, 6.74%, 0, 0, 2, 3.40
1747845030, 0, 281, 1323, 1322, 22, 6.74%, 0, 0, 2, 5.71
1747845045, 0, 282, 1323, 1322, 22, 6.74%, 0, 0, 2, 9.02
1747845060, 0, 283, 1323, 1322, 22, 6.74%, 0, 0, 2, 7.53
1747845076, 0, 285, 1323, 1322, 22, 6.74%, 0, 0, 2, 6.27
1747845117, 0, 285, 1324, 1323, 22, 6.74%, 0, 0, 2, 3.38
1747845154, 0, 286, 1324, 1323, 22, 6.74%, 0, 0, 2, 3.40
1747845195, 0, 287, 1324, 1323, 22, 6.74%, 0, 0, 2, 7.39
1747845210, 0, 288, 1324, 1323, 22, 6.74%, 0, 0, 2, 5.19
1747845241, 0, 288, 1325, 1324, 22, 6.74%, 0, 0, 2, 3.37
1747845287, 0, 289, 1325, 1324, 22, 6.74%, 0, 0, 2, 7.29
1747845303, 0, 290, 1325, 1324, 22, 6.74%, 0, 0, 2, 5.14
1747845323, 0, 290, 1326, 1325, 22, 6.74%, 0, 0, 2, 3.50
1747845375, 0, 291, 1326, 1325, 22, 6.74%, 0, 0, 2, 3.81
1747845396, 0, 292, 1326, 1325, 22, 6.74%, 0, 0, 2, 5.81
1747845437, 0, 293, 1326, 1325, 22, 6.74%, 0, 0, 2, 7.25
1747845452, 0, 294, 1326, 1325, 22, 6.74%, 0, 0, 2, 5.35
1747845488, 0, 295, 1326, 1325, 22, 6.74%, 0, 0, 2, 3.45
1747845524, 0, 296, 1326, 1325, 22, 6.74%, 0, 0, 2, 3.40
1747845565, 0, 297, 1326, 1325, 22, 6.74%, 0, 0, 2, 7.78
1747845575, 0, 299, 1326, 1325, 22, 6.74%, 0, 0, 2, 9.01
1747845590, 0, 300, 1326, 1325, 22, 6.74%, 0, 0, 2, 7.08
1747845626, 0, 301, 1326, 1325, 22, 6.74%, 0, 0, 2, 4.36
1747845641, 0, 302, 1326, 1325, 22, 6.74%, 0, 0, 2, 9.14
1747845657, 0, 303, 1326, 1325, 22, 6.74%, 0, 0, 2, 9.05
1747845672, 0, 304, 1326, 1325, 22, 6.74%, 0, 0, 2, 8.92
1747845682, 0, 305, 1326, 1325, 22, 6.74%, 0, 0, 2, 8.87
1747845698, 0, 306, 1326, 1325, 22, 6.74%, 0, 0, 2, 7.48
1747845739, 0, 309, 1326, 1325, 22, 6.74%, 0, 0, 2, 7.29
1747845749, 0, 310, 1326, 1325, 22, 6.74%, 0, 0, 2, 8.86
1747845764, 0, 312, 1326, 1325, 22, 6.74%, 0, 0, 2, 8.40
1747845785, 0, 313, 1326, 1325, 22, 6.74%, 0, 0, 2, 5.54
1747845826, 0, 314, 1326, 1325, 22, 6.74%, 0, 0, 2, 7.25
1747845841, 0, 315, 1326, 1325, 22, 6.74%, 0, 0, 2, 8.92
1747845851, 0, 316, 1326, 1325, 22, 6.74%, 0, 0, 2, 8.83
1747845866, 0, 317, 1326, 1325, 22, 6.74%, 0, 0, 2, 8.67
1747845882, 0, 318, 1326, 1325, 22, 6.74%, 0, 0, 2, 6.62
1747845918, 0, 319, 1326, 1325, 22, 6.74%, 0, 0, 2, 3.44
1747845959, 0, 320, 1326, 1325, 22, 6.74%, 0, 0, 2, 3.36
1747845995, 0, 321, 1326, 1325, 22, 6.74%, 0, 0, 2, 5.59
1747846011, 0, 322, 1326, 1325, 22, 6.74%, 0, 0, 2, 8.36
1747846026, 0, 323, 1326, 1325, 22, 6.74%, 0, 0, 2, 8.10
1747846041, 0, 324, 1326, 1325, 22, 6.74%, 0, 0, 2, 8.29
1747846057, 0, 325, 1326, 1325, 22, 6.74%, 0, 0, 2, 8.88
1747846072, 0, 326, 1326, 1325, 22, 6.74%, 0, 0, 2, 5.89
1747846108, 0, 327, 1326, 1325, 22, 6.74%, 0, 0, 2, 3.41
1747846144, 0, 329, 1326, 1325, 22, 6.74%, 0, 0, 2, 3.45
1747846174, 0, 329, 1327, 1326, 22, 6.74%, 0, 0, 2, 3.37
1747846226, 0, 330, 1327, 1326, 22, 6.74%, 0, 0, 2, 3.41
1747846262, 0, 331, 1327, 1326, 22, 6.74%, 0, 0, 2, 3.40
1747846298, 0, 332, 1327, 1326, 22, 6.74%, 0, 0, 2, 3.39
1747846339, 0, 333, 1327, 1326, 22, 6.74%, 0, 0, 2, 7.20
1747846354, 0, 334, 1327, 1326, 22, 6.74%, 0, 0, 2, 5.04
1747846391, 0, 335, 1327, 1326, 22, 6.74%, 0, 0, 2, 6.62
1747846406, 0, 336, 1327, 1326, 22, 6.74%, 0, 0, 2, 5.38
1747846442, 0, 337, 1327, 1326, 22, 6.74%, 0, 0, 2, 3.34
1747846483, 0, 338, 1327, 1326, 22, 6.74%, 0, 0, 2, 3.40
1747846519, 0, 339, 1327, 1326, 22, 6.74%, 0, 0, 2, 6.13
1747846535, 0, 340, 1327, 1326, 22, 6.74%, 0, 0, 2, 8.18
1747846550, 0, 342, 1327, 1326, 22, 6.74%, 0, 0, 2, 5.90
1747846587, 0, 345, 1327, 1326, 22, 6.74%, 0, 0, 2, 5.28
1747846602, 0, 346, 1327, 1326, 22, 6.74%, 0, 0, 2, 6.56
1747846643, 0, 347, 1327, 1326, 22, 6.74%, 0, 0, 2, 6.31
1747846659, 0, 348, 1327, 1326, 22, 6.74%, 0, 0, 2, 8.03
1747846674, 0, 349, 1327, 1326, 22, 6.74%, 0, 0, 2, 5.92
1747846710, 0, 350, 1327, 1326, 22, 6.74%, 0, 0, 2, 5.75
1747846726, 0, 351, 1327, 1326, 22, 6.74%, 0, 0, 2, 8.09
1747846736, 0, 353, 1327, 1326, 22, 6.74%, 0, 0, 2, 12.41
1747846746, 0, 354, 1327, 1326, 22, 6.74%, 0, 0, 2, 12.03
1747846767, 0, 355, 1327, 1326, 22, 6.74%, 0, 0, 2, 5.98
1747846777, 0, 358, 1327, 1326, 22, 6.74%, 0, 0, 2, 12.77
1747846788, 0, 359, 1327, 1326, 22, 6.74%, 0, 0, 2, 13.04
1747846798, 0, 361, 1327, 1326, 22, 6.74%, 0, 0, 2, 11.23
1747846808, 0, 361, 1328, 1327, 22, 6.74%, 0, 0, 2, 6.38
1747846845, 0, 362, 1328, 1327, 22, 6.74%, 0, 0, 2, 5.64
1747846871, 0, 363, 1328, 1327, 22, 6.74%, 0, 0, 2, 11.95
1747846876, 0, 364, 1328, 1327, 22, 6.74%, 0, 0, 2, 13.23
1747846886, 0, 365, 1328, 1327, 22, 6.74%, 0, 0, 2, 12.63
1747846896, 0, 367, 1328, 1327, 22, 6.74%, 0, 0, 2, 11.91
1747846922, 0, 368, 1328, 1327, 22, 6.74%, 0, 0, 2, 10.98
1747846932, 0, 372, 1328, 1327, 22, 6.74%, 0, 0, 2, 13.16
1747846937, 0, 373, 1328, 1327, 22, 6.74%, 0, 0, 2, 13.31
1747846947, 0, 375, 1328, 1327, 22, 6.74%, 0, 0, 2, 11.66
1747846973, 0, 376, 1328, 1327, 22, 6.74%, 0, 0, 2, 11.35
1747846984, 0, 378, 1328, 1327, 22, 6.74%, 0, 0, 2, 12.54
1747846994, 0, 380, 1328, 1327, 22, 6.74%, 0, 0, 2, 7.92
1747847014, 0, 382, 1328, 1327, 22, 6.74%, 0, 0, 2, 7.55
1747847030, 0, 383, 1328, 1327, 22, 6.74%, 0, 0, 2, 7.82
1747847045, 0, 384, 1328, 1327, 22, 6.74%, 0, 0, 2, 7.81
1747847061, 0, 385, 1328, 1327, 22, 6.74%, 0, 0, 2, 6.45
1747847097, 0, 386, 1328, 1327, 22, 6.74%, 0, 0, 2, 4.26
1747847118, 0, 387, 1329, 1328, 22, 6.74%, 0, 0, 2, 5.04
1747847195, 0, 388, 1329, 1328, 21, 6.74%, 0, 0, 2, 6.36
1747847210, 0, 390, 1329, 1328, 21, 6.74%, 0, 0, 2, 5.50
1747847247, 0, 391, 1329, 1328, 21, 6.74%, 0, 0, 2, 5.30
1747847262, 0, 392, 1329, 1328, 21, 6.74%, 0, 0, 2, 6.77
1747847303, 0, 394, 1329, 1328, 21, 6.74%, 0, 0, 2, 3.41
1747847308, 0, 394, 1330, 1329, 21, 6.74%, 0, 0, 2, 3.39
1747847381, 0, 396, 1330, 1329, 21, 6.74%, 0, 0, 2, 5.97
1747847396, 0, 398, 1330, 1329, 21, 6.74%, 0, 0, 2, 5.59
1747847432, 0, 399, 1330, 1329, 21, 6.74%, 0, 0, 2, 3.40
1747847473, 0, 400, 1330, 1329, 21, 6.74%, 0, 0, 2, 3.39
1747847509, 0, 401, 1330, 1329, 21, 6.74%, 0, 0, 2, 3.40
1747847545, 0, 404, 1330, 1329, 21, 6.74%, 0, 0, 2, 3.43
1747847581, 0, 405, 1330, 1329, 21, 6.74%, 0, 0, 2, 3.40
1747847623, 0, 409, 1330, 1329, 21, 6.74%, 0, 0, 2, 6.24
1747847638, 0, 410, 1330, 1329, 21, 6.74%, 0, 0, 2, 5.68
1747847674, 0, 411, 1330, 1329, 21, 6.74%, 0, 0, 2, 3.43
1747847690, 0, 411, 1331, 1330, 21, 6.74%, 0, 0, 2, 3.31
1747847757, 0, 412, 1331, 1330, 21, 6.74%, 0, 0, 2, 3.39
1747847793, 0, 413, 1331, 1330, 21, 6.74%, 0, 0, 2, 6.39
1747847808, 0, 414, 1331, 1330, 21, 6.74%, 0, 0, 2, 5.51
1747847844, 0, 414, 1332, 1331, 21, 6.74%, 0, 0, 2, 3.32
1747847860, 0, 414, 1333, 1332, 21, 6.74%, 0, 0, 2, 3.29
1747847967, 0, 415, 1333, 1332, 21, 6.74%, 0, 0, 2, 3.32
1747848003, 0, 416, 1333, 1332, 21, 6.74%, 0, 0, 2, 4.64
1747848019, 0, 417, 1333, 1332, 21, 6.74%, 0, 0, 2, 9.04
1747848838, 0, 419, 1333, 1331, 20, 6.74%, 0, 0, 2, 13.56
1747848853, 0, 420, 1333, 1331, 20, 6.74%, 0, 0, 2, 7.49
1747848869, 0, 421, 1333, 1331, 20, 6.74%, 0, 0, 2, 6.93
1747848889, 0, 422, 1333, 1331, 20, 6.74%, 0, 0, 2, 5.23
1747848925, 0, 423, 1333, 1331, 20, 6.74%, 0, 0, 2, 4.54
1747848946, 0, 424, 1333, 1331, 20, 6.74%, 0, 0, 2, 7.30
1747848961, 0, 426, 1333, 1331, 20, 6.74%, 0, 0, 2, 7.27
1747848977, 0, 427, 1333, 1331, 20, 6.74%, 0, 0, 2, 7.32
1747848998, 0, 429, 1333, 1331, 20, 6.74%, 0, 0, 2, 7.39
1747849013, 0, 430, 1333, 1331, 20, 6.74%, 0, 0, 2, 5.66
1747849039, 0, 431, 1333, 1331, 20, 6.74%, 0, 0, 2, 5.60
1747849065, 0, 433, 1333, 1331, 20, 6.74%, 0, 0, 2, 5.56
1747849070, 0, 433, 1334, 1332, 20, 6.74%, 0, 0, 3, 5.48
1747849112, 0, 434, 1334, 1332, 20, 6.74%, 0, 0, 3, 5.64
1747849133, 0, 435, 1334, 1332, 20, 6.74%, 0, 0, 3, 8.64
1747849143, 0, 437, 1334, 1332, 20, 6.74%, 0, 0, 3, 11.72
1747849153, 0, 438, 1334, 1332, 20, 6.74%, 0, 0, 3, 10.49
1747849179, 0, 440, 1334, 1332, 20, 6.74%, 0, 0, 3, 5.66
1747849184, 0, 440, 1335, 1333, 20, 6.74%, 0, 0, 3, 5.56
1747849205, 0, 440, 1336, 1334, 20, 6.74%, 0, 0, 3, 5.61
1747849210, 0, 440, 1337, 1335, 20, 6.74%, 0, 0, 3, 5.58
1747849257, 0, 440, 1338, 1336, 20, 6.74%, 0, 0, 3, 5.63
1747849329, 0, 440, 1339, 1337, 20, 6.74%, 0, 0, 3, 5.51
1747849370, 0, 440, 1340, 1338, 20, 6.74%, 0, 0, 3, 5.56
1747849701, 0, 440, 1341, 1339, 20, 6.74%, 0, 0, 3, 5.56
1747849978, 0, 441, 1341, 1339, 20, 6.74%, 0, 0, 3, 5.70
1747849994, 0, 442, 1341, 1339, 20, 6.74%, 0, 0, 3, 6.94
1747850014, 0, 443, 1341, 1339, 20, 6.74%, 0, 0, 3, 6.95
1747850030, 0, 444, 1341, 1339, 20, 6.74%, 0, 0, 3, 6.93
1747850051, 0, 445, 1341, 1339, 20, 6.74%, 0, 0, 3, 6.69
1747850072, 0, 448, 1341, 1339, 20, 6.74%, 0, 0, 3, 6.67
1747850087, 0, 450, 1341, 1339, 20, 6.74%, 0, 0, 3, 6.26
1747850128, 0, 451, 1342, 1340, 20, 6.74%, 0, 0, 3, 3.25
1747850144, 0, 451, 1343, 1341, 20, 6.74%, 0, 0, 3, 3.14
1747850154, 0, 451, 1344, 1342, 20, 6.74%, 0, 0, 3, 3.17
1747850257, 0, 451, 1345, 1343, 20, 6.74%, 0, 0, 3, 3.23
1747850262, 0, 451, 1346, 1344, 20, 6.74%, 0, 0, 3, 3.19
1747850324, 0, 451, 1347, 1345, 20, 6.74%, 0, 0, 3, 3.13
1747850385, 0, 451, 1348, 1346, 20, 6.74%, 0, 0, 3, 3.19
1747850426, 0, 451, 1349, 1347, 20, 6.74%, 0, 0, 3, 3.17
1747850529, 0, 451, 1350, 1348, 20, 6.74%, 0, 0, 3, 3.13
1747850581, 0, 451, 1351, 1349, 20, 6.74%, 0, 0, 3, 3.24
1747851432, 0, 452, 1351, 1349, 20, 6.74%, 0, 0, 3, 5.44
1747851447, 0, 453, 1351, 1349, 20, 6.74%, 0, 0, 3, 6.70
1747851468, 0, 454, 1351, 1349, 20, 6.74%, 0, 0, 3, 7.10
1747851483, 0, 455, 1351, 1349, 20, 6.74%, 0, 0, 3, 7.54
1747851504, 0, 456, 1351, 1349, 20, 6.74%, 0, 0, 3, 5.21
1747851540, 0, 457, 1351, 1349, 20, 6.74%, 0, 0, 3, 3.36
1747851581, 0, 458, 1351, 1349, 20, 6.74%, 0, 0, 3, 4.12
1747851591, 0, 458, 1352, 1350, 20, 6.74%, 0, 0, 3, 6.06
1747851622, 0, 459, 1352, 1350, 20, 6.74%, 0, 0, 3, 6.38
1747851643, 0, 460, 1352, 1350, 20, 6.74%, 0, 0, 3, 6.37
1747851663, 0, 461, 1352, 1350, 20, 6.74%, 0, 0, 3, 7.02
1747851679, 0, 462, 1352, 1350, 20, 6.74%, 0, 0, 3, 7.26
1747851700, 0, 464, 1352, 1350, 20, 6.74%, 0, 0, 3, 6.75
1747851715, 0, 465, 1352, 1350, 20, 6.74%, 0, 0, 3, 7.58
1747851736, 0, 467, 1352, 1350, 20, 6.74%, 0, 0, 3, 5.81
1747851777, 0, 468, 1352, 1350, 20, 6.74%, 0, 0, 3, 3.30
1747851814, 0, 469, 1352, 1350, 20, 6.74%, 0, 0, 3, 3.20
1747851855, 0, 470, 1352, 1350, 20, 6.74%, 0, 0, 3, 4.25
1747851876, 0, 471, 1352, 1350, 20, 6.74%, 0, 0, 3, 6.49
1747851896, 0, 472, 1352, 1350, 20, 6.74%, 0, 0, 3, 4.61
1747851912, 0, 472, 1353, 1351, 20, 6.74%, 0, 0, 3, 3.27
1747851980, 0, 473, 1353, 1351, 20, 6.74%, 0, 0, 3, 5.03
1747852001, 0, 474, 1354, 1352, 20, 6.74%, 0, 0, 3, 6.10
1747852042, 0, 475, 1354, 1352, 20, 6.74%, 0, 0, 3, 6.84
1747852057, 0, 476, 1354, 1352, 20, 6.74%, 0, 0, 3, 7.16
1747852077, 0, 477, 1354, 1352, 20, 6.74%, 0, 0, 3, 4.99
1747852113, 0, 479, 1354, 1352, 20, 6.74%, 0, 0, 3, 4.64
1747852134, 0, 480, 1354, 1352, 20, 6.74%, 0, 0, 3, 6.74
1747852149, 0, 483, 1354, 1352, 20, 6.74%, 0, 0, 3, 6.64
1747852191, 0, 484, 1354, 1352, 20, 6.74%, 0, 0, 3, 3.26
1747852201, 0, 484, 1355, 1353, 20, 6.74%, 0, 0, 3, 3.20
1747852269, 0, 485, 1355, 1353, 20, 6.74%, 0, 0, 3, 3.50
1747852289, 0, 487, 1356, 1354, 20, 6.74%, 0, 0, 3, 6.62
1747852330, 0, 488, 1356, 1354, 20, 6.74%, 0, 0, 3, 5.57
1747852371, 0, 489, 1356, 1354, 20, 6.74%, 0, 0, 3, 3.20
1747852413, 0, 490, 1356, 1354, 20, 6.74%, 0, 0, 3, 3.36
1747852449, 0, 491, 1356, 1354, 20, 6.74%, 0, 0, 3, 4.63
1747852470, 0, 492, 1356, 1354, 20, 6.74%, 0, 0, 3, 6.13
1747852490, 0, 493, 1356, 1354, 20, 6.74%, 0, 0, 3, 4.84
1747852527, 0, 494, 1356, 1354, 20, 6.74%, 0, 0, 3, 4.65
1747852548, 0, 495, 1356, 1354, 20, 6.74%, 0, 0, 3, 4.75
1747852584, 0, 497, 1356, 1354, 20, 6.74%, 0, 0, 3, 5.17
1747852600, 0, 498, 1356, 1354, 20, 6.74%, 0, 0, 3, 6.56
1747852641, 0, 500, 1356, 1354, 20, 6.74%, 0, 0, 3, 3.96
1747852661, 0, 501, 1356, 1354, 20, 6.74%, 0, 0, 3, 6.42
1747852682, 0, 502, 1356, 1354, 20, 6.74%, 0, 0, 3, 5.32
1747852718, 0, 503, 1356, 1354, 20, 6.74%, 0, 0, 3, 3.42
1747852744, 0, 503, 1357, 1355, 20, 6.74%, 0, 0, 3, 3.40
1747852801, 0, 504, 1357, 1355, 20, 6.74%, 0, 0, 3, 3.45
1747852836, 0, 506, 1357, 1355, 20, 6.74%, 0, 0, 3, 3.30
1747852878, 0, 507, 1357, 1355, 20, 6.74%, 0, 0, 3, 5.56
1747852893, 0, 508, 1357, 1355, 20, 6.74%, 0, 0, 3, 5.76
1747852935, 0, 510, 1357, 1355, 20, 6.74%, 0, 0, 3, 3.28
1747852971, 0, 511, 1357, 1355, 20, 6.74%, 0, 0, 3, 4.51
1747852992, 0, 512, 1357, 1355, 20, 6.74%, 0, 0, 3, 5.00
1747853028, 0, 513, 1357, 1355, 20, 6.74%, 0, 0, 3, 3.70
1747853048, 0, 516, 1357, 1355, 20, 6.74%, 0, 0, 3, 6.26
1747853068, 0, 517, 1357, 1355, 20, 6.74%, 0, 0, 3, 5.83
1747853109, 0, 518, 1357, 1355, 20, 6.74%, 0, 0, 3, 4.54
1747853130, 0, 520, 1357, 1355, 20, 6.74%, 0, 0, 3, 6.35
1747853151, 0, 522, 1357, 1355, 20, 6.74%, 0, 0, 3, 6.48
1747853167, 0, 523, 1357, 1355, 20, 6.74%, 0, 0, 3, 6.37
1747853192, 0, 523, 1358, 1356, 20, 6.74%, 0, 0, 3, 5.56
1747853218, 0, 524, 1358, 1356, 20, 6.74%, 0, 0, 3, 5.98
1747853239, 0, 525, 1358, 1356, 20, 6.74%, 0, 0, 3, 6.47
1747853255, 0, 526, 1358, 1356, 20, 6.74%, 0, 0, 3, 6.46
1747853275, 0, 527, 1358, 1356, 20, 6.74%, 0, 0, 3, 6.53
1747853296, 0, 528, 1358, 1356, 20, 6.74%, 0, 0, 3, 6.15
1747853322, 0, 529, 1358, 1356, 20, 6.74%, 0, 0, 3, 6.17
1747853337, 0, 530, 1358, 1356, 20, 6.74%, 0, 0, 3, 6.28
1747853363, 0, 531, 1358, 1356, 20, 6.74%, 0, 0, 3, 5.90
1747853384, 0, 532, 1358, 1356, 20, 6.74%, 0, 0, 3, 5.87
1747853404, 0, 533, 1358, 1356, 20, 6.74%, 0, 0, 3, 5.02
1747853441, 0, 533, 1359, 1357, 20, 6.74%, 0, 0, 3, 3.20
1747853487, 0, 534, 1359, 1357, 20, 6.74%, 0, 0, 3, 3.24
1747853529, 0, 535, 1359, 1357, 20, 6.74%, 0, 0, 3, 3.21
1747853565, 0, 536, 1359, 1357, 20, 6.74%, 0, 0, 3, 3.90
1747853586, 0, 539, 1359, 1357, 20, 6.74%, 0, 0, 3, 6.48
1747853607, 0, 540, 1359, 1357, 20, 6.74%, 0, 0, 3, 4.93
1747853643, 0, 542, 1359, 1357, 20, 6.74%, 0, 0, 3, 3.32
1747853684, 0, 543, 1359, 1357, 20, 6.74%, 0, 0, 3, 4.83
1747853705, 0, 544, 1359, 1357, 20, 6.74%, 0, 0, 3, 19.19
1747854815, 0, 546, 1359, 1356, 19, 6.74%, 0, 0, 3, 3.30
1747854851, 0, 547, 1359, 1356, 19, 6.74%, 0, 0, 3, 3.33
1747854893, 0, 548, 1359, 1356, 19, 6.74%, 0, 0, 3, 3.28
1747854929, 0, 549, 1359, 1356, 19, 6.74%, 0, 0, 3, 4.20
1747854955, 0, 551, 1359, 1356, 19, 6.74%, 0, 0, 3, 5.19
1747854981, 0, 552, 1359, 1356, 19, 6.74%, 0, 0, 3, 4.06
1747855016, 0, 553, 1359, 1356, 19, 6.74%, 0, 0, 3, 4.00
1747855042, 0, 555, 1359, 1356, 19, 6.74%, 0, 0, 3, 5.13
1747855068, 0, 556, 1359, 1356, 19, 6.74%, 0, 0, 3, 5.34
1747855089, 0, 557, 1359, 1356, 19, 6.74%, 0, 0, 3, 5.66
1747855110, 0, 558, 1359, 1356, 19, 6.74%, 0, 0, 3, 6.44
1747855130, 0, 559, 1359, 1356, 19, 6.74%, 0, 0, 3, 6.42
1747855151, 0, 561, 1359, 1356, 19, 6.74%, 0, 0, 3, 6.55
1747855167, 0, 563, 1359, 1356, 19, 6.74%, 0, 0, 3, 6.17
1747855193, 0, 564, 1359, 1356, 19, 6.74%, 0, 0, 3, 5.48
1747855214, 0, 565, 1359, 1356, 19, 6.74%, 0, 0, 3, 5.84
1747855240, 0, 566, 1359, 1356, 19, 6.74%, 0, 0, 3, 4.06
1747855276, 0, 570, 1359, 1356, 19, 6.74%, 0, 0, 3, 4.12
1747855301, 0, 571, 1359, 1356, 19, 6.74%, 0, 0, 3, 5.76
1747855321, 0, 572, 1359, 1356, 19, 6.74%, 0, 0, 3, 4.69
1747855357, 0, 573, 1359, 1356, 19, 6.74%, 0, 0, 3, 4.01
1747855383, 0, 575, 1359, 1356, 19, 6.74%, 0, 0, 3, 5.94
1747855404, 0, 576, 1359, 1356, 19, 6.74%, 0, 0, 3, 5.76
1747855425, 0, 577, 1359, 1356, 19, 6.74%, 0, 0, 3, 5.34
1747855451, 0, 579, 1359, 1356, 19, 6.74%, 0, 0, 3, 5.33
1747855477, 0, 580, 1359, 1356, 19, 6.74%, 0, 0, 3, 6.03
1747855492, 0, 581, 1359, 1356, 19, 6.74%, 0, 0, 3, 6.17
1747855518, 0, 582, 1359, 1356, 19, 6.74%, 0, 0, 3, 5.62
1747855539, 0, 583, 1359, 1356, 19, 6.74%, 0, 0, 3, 5.86
1747855564, 0, 584, 1359, 1356, 19, 6.74%, 0, 0, 3, 5.89
1747855585, 0, 585, 1359, 1356, 19, 6.74%, 0, 0, 3, 6.42
1747855606, 0, 586, 1359, 1356, 19, 6.74%, 0, 0, 3, 5.38
1747855627, 0, 587, 1359, 1356, 19, 6.74%, 0, 0, 3, 4.67
1747855668, 0, 588, 1359, 1356, 19, 6.74%, 0, 0, 3, 4.11
1747855694, 0, 589, 1359, 1356, 19, 6.74%, 0, 0, 3, 5.87
1747855715, 0, 590, 1359, 1356, 19, 6.74%, 0, 0, 3, 5.50
1747855735, 0, 591, 1359, 1356, 19, 6.74%, 0, 0, 3, 4.90
1747855777, 0, 592, 1359, 1356, 19, 6.74%, 0, 0, 3, 3.26
1747855818, 0, 593, 1359, 1356, 19, 6.74%, 0, 0, 3, 5.12
1747855839, 0, 594, 1359, 1356, 19, 6.74%, 0, 0, 3, 5.41
1747855860, 0, 595, 1359, 1356, 19, 6.74%, 0, 0, 3, 5.31
1747855880, 0, 596, 1359, 1356, 19, 6.74%, 0, 0, 3, 6.42
1747855901, 0, 597, 1359, 1356, 19, 6.74%, 0, 0, 3, 5.17
1747855943, 0, 598, 1359, 1356, 19, 6.74%, 0, 0, 3, 5.08
1747855963, 0, 599, 1359, 1356, 19, 6.74%, 0, 0, 3, 5.52
1747855984, 0, 600, 1359, 1356, 19, 6.74%, 0, 0, 3, 4.89
1747856025, 0, 601, 1359, 1356, 19, 6.74%, 0, 0, 3, 3.99
1747856051, 0, 602, 1359, 1356, 19, 6.74%, 0, 0, 3, 5.13
1747856077, 0, 603, 1359, 1356, 19, 6.74%, 0, 0, 3, 5.07
1747856098, 0, 606, 1359, 1356, 19, 6.74%, 0, 0, 3, 5.07
1747856124, 0, 607, 1359, 1356, 19, 6.74%, 0, 0, 3, 5.19
1747856150, 0, 608, 1359, 1356, 19, 6.74%, 0, 0, 3, 5.74
1747856170, 0, 609, 1359, 1356, 19, 6.74%, 0, 0, 3, 6.40
1747856191, 0, 610, 1359, 1356, 19, 6.74%, 0, 0, 3, 5.53
1747856216, 0, 611, 1359, 1356, 19, 6.74%, 0, 0, 3, 3.90
1747856253, 0, 615, 1359, 1356, 19, 6.74%, 0, 0, 3, 3.70
1747856263, 0, 615, 1360, 1357, 19, 6.74%, 0, 0, 3, 4.92
1747856304, 0, 616, 1360, 1357, 18, 6.74%, 0, 0, 3, 5.05
1747856330, 0, 618, 1360, 1357, 18, 6.74%, 0, 0, 3, 5.10
1747856356, 0, 619, 1360, 1357, 18, 6.74%, 0, 0, 3, 5.05
1747856381, 0, 620, 1360, 1357, 18, 6.74%, 0, 0, 3, 5.08
1747856407, 0, 622, 1360, 1357, 18, 6.74%, 0, 0, 3, 5.07
1747856433, 0, 623, 1360, 1357, 18, 6.74%, 0, 0, 3, 5.92
1747856449, 0, 624, 1360, 1357, 18, 6.74%, 0, 0, 3, 6.43
1747856459, 0, 624, 1361, 1358, 18, 6.74%, 0, 0, 3, 6.49
1747856490, 0, 625, 1361, 1358, 18, 6.74%, 0, 0, 3, 6.45
1747856511, 0, 626, 1361, 1358, 18, 6.74%, 0, 0, 3, 5.73
1747856521, 0, 626, 1362, 1359, 18, 6.74%, 0, 0, 3, 5.07
1747856562, 0, 627, 1362, 1359, 18, 6.74%, 0, 0, 3, 5.63
1747856583, 0, 628, 1362, 1359, 18, 6.74%, 0, 0, 3, 5.61
1747856604, 0, 628, 1363, 1360, 18, 6.74%, 0, 0, 3, 4.96
1747856619, 0, 628, 1364, 1361, 18, 6.74%, 0, 0, 3, 4.97
1747856686, 0, 629, 1364, 1361, 21, 6.74%, 0, 0, 3, 5.11
1747856712, 0, 632, 1364, 1361, 21, 6.74%, 0, 0, 3, 4.08
1747856749, 0, 633, 1364, 1361, 21, 6.74%, 0, 0, 3, 3.21
1747856790, 0, 634, 1364, 1361, 21, 6.74%, 0, 0, 3, 3.94
1747856816, 0, 635, 1364, 1361, 21, 6.74%, 0, 0, 3, 4.99
1747856842, 0, 636, 1364, 1361, 21, 6.74%, 0, 0, 3, 5.83
1747856862, 0, 637, 1364, 1361, 21, 6.74%, 0, 0, 3, 6.49
1747856878, 0, 638, 1364, 1361, 21, 6.74%, 0, 0, 3, 10.43
1747856888, 0, 639, 1364, 1361, 21, 6.74%, 0, 0, 3, 8.41
1747856909, 0, 640, 1364, 1361, 21, 6.74%, 0, 0, 3, 5.63
1747856925, 0, 642, 1364, 1361, 21, 6.74%, 0, 0, 3, 10.92
1747856935, 0, 643, 1364, 1361, 21, 6.74%, 0, 0, 3, 9.84
1747856950, 0, 644, 1364, 1361, 21, 6.74%, 0, 0, 3, 8.65
1747856965, 0, 645, 1364, 1361, 21, 6.74%, 0, 0, 3, 8.62
1747856980, 0, 648, 1364, 1361, 21, 6.74%, 0, 0, 3, 5.78
1747857006, 0, 649, 1364, 1361, 21, 6.74%, 0, 0, 3, 5.18
1747857032, 0, 650, 1364, 1361, 21, 6.74%, 0, 0, 3, 5.18
1747857052, 0, 653, 1364, 1361, 21, 6.74%, 0, 0, 3, 5.15
1747857078, 0, 654, 1364, 1361, 21, 6.74%, 0, 0, 3, 5.35
1747857099, 0, 656, 1364, 1361, 21, 6.74%, 0, 0, 3, 6.41
1747857120, 0, 657, 1364, 1361, 21, 6.74%, 0, 0, 3, 4.80
1747857125, 0, 657, 1365, 1362, 21, 6.74%, 0, 0, 3, 3.71
1747857203, 0, 658, 1365, 1362, 21, 6.74%, 0, 0, 3, 4.91
1747857223, 0, 659, 1365, 1362, 21, 6.74%, 0, 0, 3, 5.52
1747857244, 0, 661, 1365, 1362, 21, 6.74%, 0, 0, 3, 5.11
1747857255, 0, 661, 1366, 1363, 21, 6.74%, 0, 0, 3, 5.04
1747857296, 0, 662, 1366, 1363, 21, 6.74%, 0, 0, 3, 5.35
1747857317, 0, 663, 1366, 1363, 21, 6.74%, 0, 0, 3, 5.83
1747857343, 0, 665, 1366, 1363, 21, 6.74%, 0, 0, 3, 5.81
1747857364, 0, 667, 1366, 1363, 21, 6.74%, 0, 0, 3, 6.38
1747857384, 0, 669, 1366, 1363, 21, 6.74%, 0, 0, 3, 4.49
1747857421, 0, 670, 1366, 1363, 21, 6.74%, 0, 0, 3, 3.85
1747857446, 0, 672, 1366, 1363, 21, 6.74%, 0, 0, 3, 5.10
1747857472, 0, 673, 1366, 1363, 21, 6.74%, 0, 0, 3, 5.07
1747857498, 0, 674, 1366, 1363, 21, 6.74%, 0, 0, 3, 5.02
1747857524, 0, 675, 1366, 1363, 21, 6.74%, 0, 0, 3, 3.92
1747857559, 0, 676, 1366, 1363, 21, 6.74%, 0, 0, 3, 3.42
1747857585, 0, 678, 1366, 1363, 21, 6.74%, 0, 0, 3, 4.99
1747857605, 0, 678, 1367, 1364, 21, 6.74%, 0, 0, 3, 4.95
1747857637, 0, 679, 1367, 1364, 21, 6.74%, 0, 0, 3, 4.97
1747857642, 0, 679, 1368, 1365, 21, 6.74%, 0, 0, 3, 4.89
1747857689, 0, 680, 1368, 1365, 21, 6.74%, 0, 0, 3, 5.02
1747857714, 0, 682, 1369, 1366, 21, 6.74%, 0, 0, 3, 5.01
1747857766, 0, 684, 1369, 1366, 21, 6.74%, 0, 0, 3, 5.05
1747857792, 0, 685, 1369, 1366, 21, 6.74%, 0, 0, 3, 5.47
1747857813, 0, 687, 1369, 1366, 21, 6.74%, 0, 0, 3, 6.40
1747857834, 0, 689, 1369, 1366, 21, 6.74%, 0, 0, 3, 5.59
1747857860, 0, 690, 1369, 1366, 21, 6.74%, 0, 0, 3, 4.92
1747857885, 0, 691, 1369, 1366, 21, 6.74%, 0, 0, 3, 4.92
1747857906, 0, 692, 1369, 1366, 21, 6.74%, 0, 0, 3, 5.05
1747857926, 0, 694, 1369, 1366, 21, 6.74%, 0, 0, 3, 6.21
1747857952, 0, 695, 1369, 1366, 21, 6.74%, 0, 0, 3, 5.05
1747857977, 0, 696, 1369, 1366, 21, 6.74%, 0, 0, 3, 5.08
1747858003, 0, 697, 1369, 1366, 21, 6.74%, 0, 0, 3, 5.44
1747858024, 0, 698, 1369, 1366, 21, 6.74%, 0, 0, 3, 5.56
1747858049, 0, 699, 1369, 1366, 21, 6.74%, 0, 0, 3, 4.98
1747858075, 0, 700, 1369, 1366, 21, 6.74%, 0, 0, 3, 4.98
1747858101, 0, 701, 1369, 1366, 21, 6.74%, 0, 0, 3, 5.02
1747858106, 0, 701, 1370, 1367, 21, 6.74%, 0, 0, 3, 5.02
1747858153, 0, 702, 1370, 1367, 20, 6.74%, 0, 0, 3, 4.99
1747858174, 0, 703, 1370, 1367, 20, 6.74%, 0, 0, 3, 5.02
1747858200, 0, 704, 1370, 1367, 20, 6.74%, 0, 0, 3, 4.70
1747858241, 0, 706, 1370, 1367, 20, 6.74%, 0, 0, 3, 3.25
1747858282, 0, 708, 1370, 1367, 20, 6.74%, 0, 0, 3, 4.25
1747858308, 0, 710, 1370, 1367, 20, 6.74%, 0, 0, 3, 4.98
1747858334, 0, 712, 1370, 1367, 20, 6.74%, 0, 0, 3, 5.96
1747858349, 0, 714, 1370, 1367, 20, 6.74%, 0, 0, 3, 6.62
1747858370, 0, 715, 1370, 1367, 20, 6.74%, 0, 0, 3, 6.47
1747858390, 0, 718, 1370, 1367, 20, 6.74%, 0, 0, 3, 5.87
1747858416, 0, 719, 1370, 1367, 20, 6.74%, 0, 0, 3, 4.97
1747858442, 0, 720, 1370, 1367, 20, 6.74%, 0, 0, 3, 5.07
1747858467, 0, 722, 1370, 1367, 20, 6.74%, 0, 0, 3, 5.03
1747858493, 0, 723, 1370, 1367, 20, 6.74%, 0, 0, 3, 5.05
1747858519, 0, 724, 1370, 1367, 20, 6.74%, 0, 0, 3, 5.01
1747858544, 0, 726, 1370, 1367, 20, 6.74%, 0, 0, 3, 5.02
1747858570, 0, 727, 1370, 1367, 20, 6.74%, 0, 0, 3, 5.04
1747858591, 0, 728, 1370, 1367, 20, 6.74%, 0, 0, 3, 5.00
1747858616, 0, 729, 1370, 1367, 20, 6.74%, 0, 0, 3, 5.02
1747858642, 0, 730, 1370, 1367, 20, 6.74%, 0, 0, 3, 4.94
1747858667, 0, 731, 1370, 1367, 20, 6.74%, 0, 0, 3, 5.06
1747858693, 0, 732, 1370, 1367, 20, 6.74%, 0, 0, 3, 4.97
1747858719, 0, 733, 1370, 1367, 20, 6.74%, 0, 0, 3, 5.01
1747858745, 0, 734, 1370, 1367, 20, 6.74%, 0, 0, 3, 4.98
1747858771, 0, 735, 1370, 1367, 20, 6.74%, 0, 0, 3, 5.04
1747858797, 0, 736, 1370, 1367, 20, 6.74%, 0, 0, 3, 5.02
1747858823, 0, 737, 1370, 1367, 20, 6.74%, 0, 0, 3, 4.98
1747858843, 0, 739, 1370, 1367, 20, 6.74%, 0, 0, 3, 4.97
1747858869, 0, 740, 1370, 1367, 20, 6.74%, 0, 0, 3, 4.87
1747858895, 0, 741, 1370, 1367, 20, 6.74%, 0, 0, 3, 4.99
1747858921, 0, 742, 1370, 1367, 20, 6.74%, 0, 0, 3, 5.00
1747858936, 0, 742, 1371, 1368, 20, 6.74%, 0, 0, 3, 4.90
1747858973, 0, 744, 1371, 1368, 20, 6.74%, 0, 0, 3, 4.93
1747858998, 0, 745, 1371, 1368, 20, 6.74%, 0, 0, 3, 4.92
1747859023, 0, 747, 1371, 1368, 20, 6.74%, 0, 0, 3, 5.04
1747859049, 0, 748, 1371, 1368, 20, 6.74%, 0, 0, 3, 5.01
1747859075, 0, 749, 1371, 1368, 20, 6.74%, 0, 0, 3, 5.01
1747859101, 0, 750, 1371, 1368, 20, 6.74%, 0, 0, 3, 4.98
1747859127, 0, 752, 1371, 1368, 20, 6.74%, 0, 0, 3, 4.93
1747859153, 0, 753, 1371, 1368, 20, 6.74%, 0, 0, 3, 5.03
1747859178, 0, 755, 1371, 1368, 20, 6.74%, 0, 0, 3, 4.92
1747859204, 0, 756, 1371, 1368, 20, 6.74%, 0, 0, 3, 4.95
1747859230, 0, 757, 1371, 1368, 20, 6.74%, 0, 0, 3, 5.00
1747859251, 0, 758, 1371, 1368, 20, 6.74%, 0, 0, 3, 5.00
1747859277, 0, 761, 1371, 1368, 20, 6.74%, 0, 0, 3, 5.00
1747859303, 0, 766, 1371, 1368, 20, 6.74%, 0, 0, 3, 4.96
1747859328, 0, 767, 1371, 1368, 20, 6.74%, 0, 0, 3, 4.91
1747859354, 0, 768, 1371, 1368, 20, 6.74%, 0, 0, 3, 5.01
1747859359, 0, 768, 1372, 1369, 20, 6.74%, 0, 0, 3, 4.90
1747859406, 0, 770, 1372, 1369, 20, 6.74%, 0, 0, 3, 5.04
1747859431, 0, 771, 1372, 1369, 20, 6.74%, 0, 0, 3, 5.00
1747859457, 0, 772, 1372, 1369, 20, 6.74%, 0, 0, 3, 4.92
1747859483, 0, 773, 1372, 1369, 20, 6.74%, 0, 0, 3, 5.01
1747859509, 0, 774, 1372, 1369, 20, 6.74%, 0, 0, 3, 4.96
1747859534, 0, 776, 1372, 1369, 20, 6.74%, 0, 0, 3, 4.91
1747859560, 0, 777, 1372, 1369, 20, 6.74%, 0, 0, 3, 5.02
1747859586, 0, 778, 1372, 1369, 20, 6.74%, 0, 0, 3, 5.05
1747859611, 0, 779, 1372, 1369, 20, 6.74%, 0, 0, 3, 4.99
1747859637, 0, 780, 1372, 1369, 20, 6.74%, 0, 0, 3, 4.95
1747859663, 0, 781, 1372, 1369, 20, 6.74%, 0, 0, 3, 5.05
1747859688, 0, 785, 1372, 1369, 20, 6.74%, 0, 0, 3, 5.00
1747859693, 0, 785, 1373, 1370, 20, 6.74%, 0, 0, 3, 4.88
1747859740, 0, 787, 1373, 1370, 20, 6.74%, 0, 0, 3, 4.92
1747859765, 0, 788, 1373, 1370, 20, 6.74%, 0, 0, 3, 4.98
1747859786, 0, 789, 1373, 1370, 20, 6.74%, 0, 0, 3, 5.00
1747859817, 0, 790, 1373, 1370, 20, 6.74%, 0, 0, 3, 4.93
1747859822, 0, 790, 1374, 1371, 20, 6.74%, 0, 0, 3, 4.88
1747859832, 0, 790, 1375, 1372, 20, 6.74%, 0, 0, 3, 4.83
1747859921, 0, 791, 1375, 1372, 20, 6.74%, 0, 0, 3, 4.96
1747859947, 0, 792, 1375, 1372, 20, 6.74%, 0, 0, 3, 4.98
1747859973, 0, 793, 1375, 1372, 20, 6.74%, 0, 0, 3, 4.99
1747859999, 0, 794, 1375, 1372, 20, 6.74%, 0, 0, 3, 5.01
1747860020, 0, 795, 1375, 1372, 20, 6.74%, 0, 0, 3, 4.93
1747860046, 0, 796, 1375, 1372, 20, 6.74%, 0, 0, 3, 4.90
1747860071, 0, 797, 1375, 1372, 20, 6.74%, 0, 0, 3, 5.00
1747860097, 0, 798, 1375, 1372, 20, 6.74%, 0, 0, 3, 4.93
1747860122, 0, 799, 1375, 1372, 20, 6.74%, 0, 0, 3, 4.93
1747860148, 0, 800, 1375, 1372, 20, 6.74%, 0, 0, 3, 4.95
1747860174, 0, 801, 1375, 1372, 20, 6.74%, 0, 0, 3, 4.90
1747860199, 0, 803, 1375, 1372, 20, 6.74%, 0, 0, 3, 5.04
1747860214, 0, 803, 1376, 1373, 20, 6.74%, 0, 0, 3, 4.86
1747860235, 0, 803, 1377, 1374, 20, 6.74%, 0, 0, 3, 4.87
1747860307, 0, 804, 1377, 1374, 20, 6.74%, 0, 0, 3, 5.02
1747860333, 0, 805, 1377, 1374, 20, 6.74%, 0, 0, 3, 4.90
1747860343, 0, 805, 1378, 1375, 20, 6.74%, 0, 0, 3, 4.74
1747860384, 0, 808, 1378, 1375, 20, 6.74%, 0, 0, 3, 4.90
1747860410, 0, 809, 1378, 1375, 20, 6.74%, 0, 0, 3, 4.94
1747860435, 0, 810, 1378, 1375, 20, 6.74%, 0, 0, 3, 5.03
1747860461, 0, 814, 1378, 1375, 20, 6.74%, 0, 0, 3, 4.97
1747860487, 0, 816, 1378, 1375, 20, 6.74%, 0, 0, 3, 4.94
1747860513, 0, 817, 1378, 1375, 20, 6.74%, 0, 0, 3, 4.95
1747860538, 0, 818, 1378, 1375, 20, 6.74%, 0, 0, 3, 4.88
1747860564, 0, 819, 1378, 1375, 20, 6.74%, 0, 0, 3, 4.90
1747860569, 0, 819, 1379, 1376, 20, 6.74%, 0, 0, 3, 4.92
1747860616, 0, 820, 1379, 1376, 20, 6.74%, 0, 0, 3, 4.85
1747860631, 0, 820, 1380, 1377, 20, 6.74%, 0, 0, 3, 4.77
1747860657, 0, 820, 1381, 1378, 20, 6.74%, 0, 0, 3, 4.88
